367,101,41,16
366,103,45,16
364,107,45,15
362,109,46,16
362,111,46,18
362,113,46,18
364,116,46,17
366,118,45,17
362,119,48,17
359,119,45,17
358,119,46,17
360,121,46,17
360,124,46,17
359,124,47,17
360,126,46,17
356,127,46,18
354,127,46,17
352,127,46,17
352,126,44,17
349,126,46,17
347,126,46,17
346,125,46,17
345,124,47,17
345,124,46,17
344,124,47,17
343,125,48,17
344,126,47,17
342,126,48,17
338,126,48,19
337,127,49,19
339,128,48,18
341,128,46,18
341,127,47,18
340,128,48,18
340,126,47,19
344,127,47,19
346,128,48,19
349,131,46,18
349,134,48,18
350,137,48,17
350,137,48,17
350,138,47,17
351,140,46,17
350,140,46,17
351,141,48,17
358,145,48,17
362,146,49,17
365,148,49,18
367,151,49,16
367,154,49,16
367,155,47,16
368,156,48,17
367,157,48,17
365,160,48,17
363,160,48,17
363,160,48,17
363,161,48,17
363,162,48,17
362,163,48,17
361,162,48,17
360,161,48,17
360,161,49,17
361,161,50,17
361,162,50,17
354,162,50,17
352,162,50,17
356,162,50,17
356,162,50,17
353,163,50,16
351,162,50,16
351,161,50,16
349,158,50,17
349,160,50,17
349,160,50,17
347,162,49,17
346,163,49,16
345,163,49,16
343,163,49,16
341,164,49,16
342,165,50,18
340,168,52,16
337,167,52,16
336,167,51,16
340,168,50,16
340,168,50,16
336,170,50,16
336,170,50,16
338,171,50,16
338,172,50,16
337,173,51,16
335,171,51,16
335,169,51,16
334,168,51,16
335,166,51,16
333,163,51,18
330,165,51,18
329,166,51,19
327,166,53,18
328,166,53,18
326,167,53,18
326,170,53,17
326,170,53,17
326,169,53,17
325,169,53,17
326,169,53,17
324,169,53,17
324,169,53,17
328,169,53,17
330,170,53,17
326,171,53,17
324,170,53,17
327,169,51,17
329,169,53,17
330,171,53,17
329,171,53,17
330,169,52,17
329,169,54,16
330,169,54,18
330,170,54,18
331,169,54,18
331,168,54,18
329,168,54,18
327,166,54,18
323,165,54,18
327,165,51,18
327,164,54,18
324,162,54,18
321,161,54,18
320,161,54,18
321,161,54,18
321,160,55,18
323,161,55,18
321,162,55,18
321,162,55,18
321,164,55,18
323,165,55,18
321,166,55,18
318,165,55,18
318,165,55,18
323,162,55,18
324,162,55,18
327,165,53,18
324,167,53,18
322,169,53,18
323,171,53,18
323,172,53,18
321,172,53,18
317,171,56,19
314,171,56,19
313,173,56,19
313,173,56,19
313,173,56,19
313,173,56,19
309,171,56,19
307,171,56,19
307,170,56,19
307,168,56,19
307,168,56,19
306,168,56,19
306,168,56,19
306,167,56,19
305,166,56,19
305,164,56,19
305,164,56,19
305,163,56,19
305,162,56,19
305,162,57,19
306,162,57,19
305,160,57,19
305,160,57,19
306,160,57,19
305,160,57,19
305,160,57,19
305,159,57,19
304,160,57,19
304,160,58,19
304,160,58,19
303,160,58,19
301,159,58,19
299,159,58,19
301,160,58,19
303,160,58,19
302,160,58,19
296,160,58,19
299,160,57,19
301,161,58,19
304,162,58,19
302,162,58,19
299,163,58,19
303,164,58,19
303,164,58,19
303,163,58,19
302,161,58,19
302,161,58,19
302,160,58,19
302,160,58,19
302,161,58,19
302,161,58,19
307,162,58,19
309,164,58,19
312,166,58,19
311,167,58,19
310,168,58,19
309,170,58,19
308,170,58,19
307,170,58,19
306,172,58,19
306,174,58,19
305,175,59,19
307,177,59,19
307,178,59,19
307,178,59,19
307,178,59,19
307,178,60,19
307,178,60,19
306,177,60,19
306,176,60,19
306,175,60,18
309,176,60,18
311,174,60,20
308,174,61,20
305,174,61,20
302,174,61,20
302,174,61,20
302,175,61,20
303,175,60,20
304,174,60,20
301,171,60,20
300,169,60,20
299,168,60,20
298,166,60,20
294,163,60,20
292,161,61,20
291,158,61,20
290,151,61,20
291,148,61,20
290,144,62,20
287,142,62,20
287,141,62,20
290,139,62,20
290,136,63,20
289,137,63,20
290,139,63,20
293,138,63,20
289,137,63,20
286,134,63,20
286,134,63,20
287,135,63,20
286,136,63,20
286,138,63,20
286,139,63,21
284,140,63,21
285,141,63,21
285,141,63,21
289,142,64,21
289,143,64,21
287,143,64,20
289,142,64,20
292,142,64,20
290,144,64,20
290,145,64,19
291,145,64,21
291,145,64,21
288,143,64,21
288,143,64,21
288,145,64,21
287,145,64,21
288,145,64,21
287,145,64,21
286,145,64,21
285,145,64,21
283,145,64,21
284,144,64,21
284,144,64,21
285,145,64,21
285,144,64,21
283,144,64,21
283,145,65,21
283,145,65,21
282,145,65,21
282,146,65,21
282,146,65,21
285,147,65,21
285,147,65,21
285,147,65,21
281,147,65,21
281,146,66,21
284,144,66,24
283,144,66,24
281,144,66,24
281,143,66,24
280,143,66,24
283,145,66,24
283,145,66,24
283,145,66,24
283,146,66,24
283,147,66,23
288,147,66,23
290,147,67,23
288,147,67,23
287,148,67,22
287,148,68,22
285,149,68,23
284,150,69,23
284,149,69,23
284,146,69,23
287,147,69,23
291,150,69,23
288,153,69,23
283,153,69,23
284,155,69,22
286,155,69,24
285,157,69,23
285,157,69,23
285,159,69,23
284,157,70,23
284,157,71,23
287,159,69,23
290,161,70,23
290,161,70,24
291,159,70,24
294,162,71,24
291,164,71,24
289,164,71,23
292,164,71,23
298,166,71,25
298,169,71,25
298,170,71,25
296,170,71,25
296,170,71,25
299,169,71,25
301,169,72,24
304,168,72,25
304,167,72,25
306,165,72,25
303,162,72,25
301,161,72,25
301,159,72,25
300,157,72,25
299,153,72,25
301,153,72,25
302,153,72,25
302,153,72,25
302,153,72,25
302,154,72,25
301,155,72,25
297,156,73,25
303,158,73,25
311,160,73,25
313,158,73,25
313,160,72,24
312,160,73,25
312,160,74,25
312,160,73,25
309,158,74,25
310,156,74,25
318,157,74,26
328,159,74,25
329,161,74,25
325,163,74,25
322,165,74,24
322,166,74,25
319,167,74,24
315,164,74,25
318,165,74,24
317,166,74,24
312,166,74,24
306,165,75,24
304,164,75,24
304,165,76,23
305,165,76,23
302,165,76,22
302,165,76,22
303,165,76,22
306,166,76,23
308,166,76,23
306,165,76,21
304,161,76,21
305,161,76,21
305,158,76,21
305,158,76,21
303,158,77,21
299,158,77,21
296,159,77,22
298,159,77,22
298,157,77,22
297,157,77,21
299,158,77,21
298,159,77,21
293,159,77,22
290,159,77,22
290,160,78,22
292,160,78,23
292,161,78,23
290,163,78,23
287,162,78,23
288,160,78,23
289,158,78,23
286,156,78,23
285,154,78,23
284,151,78,23
285,149,78,25
287,146,78,25
287,146,78,25
288,146,78,25
288,145,78,25
288,147,79,25
290,147,79,25
290,147,79,25
291,147,79,25
289,147,80,25
289,147,79,25
289,150,79,25
289,150,79,25
289,150,79,25
287,152,79,25
286,156,79,25
286,159,79,25
286,159,79,25
283,159,81,25
283,158,81,25
282,156,81,25
283,156,81,25
286,154,81,25
284,153,81,25
281,153,81,25
280,152,82,25
282,151,83,25
284,150,83,25
282,149,83,25
281,149,83,25
281,149,83,25
282,148,83,25
282,148,83,25
283,146,83,25
282,144,83,25
280,144,83,25
278,142,83,25
281,140,83,25
282,138,83,25
282,136,83,27
281,135,84,27
279,134,85,27
279,133,83,27
278,134,85,27
279,135,85,27
281,135,85,27
283,136,87,27
283,136,86,27
283,136,86,27
282,136,86,27
282,136,87,27
284,137,86,27
283,139,86,27
280,140,86,27
280,140,86,27
280,139,86,27
281,138,86,27
281,135,87,27
281,132,87,27
278,132,87,27
276,132,91,27
274,131,93,27
274,131,92,27
274,133,95,27
275,131,99,29
278,128,94,29
279,128,94,29
277,128,94,29
276,126,94,29
275,125,94,29
274,125,94,30
272,129,94,29
266,129,94,29
265,129,94,29
268,130,98,30
271,132,98,30
268,132,92,30
268,132,92,31
267,134,92,29
267,135,92,30
270,135,92,30
272,136,92,27
269,137,92,29
269,145,92,29
271,147,92,30
271,148,92,30
272,151,92,30
272,151,92,30
275,151,92,29
288,154,92,29
285,155,92,29
276,159,94,28
276,159,94,28
273,159,94,30
269,160,94,29
268,161,94,29
271,161,94,29
272,162,95,29
272,164,95,29
272,167,95,28
271,167,95,28
271,166,95,28
270,166,95,28
270,168,95,28
270,168,95,28
271,168,95,29
272,169,95,29
271,169,96,29
272,167,96,29
272,166,96,29
271,166,96,29
271,163,96,29
271,161,96,29
272,159,96,29
276,157,96,29
273,153,98,30
269,149,98,29
268,145,98,31
266,143,98,31
268,143,98,30
268,146,99,29
268,148,99,29
268,148,99,29
265,150,99,29
264,151,99,30
264,151,101,29
264,151,101,29
261,150,101,29
258,149,101,30
257,148,101,30
253,147,101,30
256,147,101,29
258,144,101,30
255,144,101,30
254,144,101,30
254,146,101,30
254,146,101,31
253,146,101,31
254,146,101,31
256,146,101,31
254,145,101,30
255,144,101,30
255,143,103,30
255,143,103,30
256,142,103,31
254,141,103,31
255,142,103,31
260,144,103,31
257,144,104,32
255,145,103,30
255,144,103,31
255,144,103,31
255,144,103,31
256,144,103,31
254,145,103,32
252,147,103,32
253,147,103,32
252,146,103,33
252,148,104,31
251,151,104,30
248,153,105,31
246,153,105,31
245,151,106,32
246,152,107,30
246,153,107,30
245,152,107,30
244,151,107,30
243,151,107,30
244,152,107,30
246,152,107,30
248,152,107,32
248,151,107,33
247,151,107,33
247,151,107,32
249,151,107,32
250,152,107,32
248,152,107,32
247,152,107,32
248,152,107,32
249,152,108,32
248,152,108,33
246,151,108,32
246,151,108,32
243,149,108,32
242,151,108,32
244,152,108,32
244,151,108,33
244,152,109,32
240,152,111,31
241,151,109,31
241,149,111,33
242,146,111,34
240,146,113,33
235,144,114,35
237,144,112,33
240,142,113,34
240,140,114,33
240,140,113,34
239,140,113,34
238,141,113,33
240,141,113,34
243,142,113,34
242,143,113,34
240,144,113,34
241,144,113,34
242,144,113,35
241,144,115,34
242,142,114,34
240,141,115,35
239,142,115,35
240,142,114,35
242,142,114,34
242,142,114,34
240,140,116,34
239,140,116,34
237,139,117,34
236,139,118,35
236,139,117,35
233,139,119,34
232,138,119,35
232,138,120,35
230,138,120,36
229,138,119,36
230,138,121,36
233,138,119,35
231,139,119,35
230,140,119,35
231,141,119,35
234,141,119,35
237,141,119,36
236,144,119,34
235,144,119,34
233,142,121,34
235,139,120,35
233,137,120,35
233,136,120,34
233,135,120,33
231,135,120,35
231,136,120,35
232,135,120,35
232,133,120,35
227,133,120,35
227,133,120,35
224,134,122,35
226,134,122,36
226,134,121,35
226,134,121,35
225,135,121,35
225,135,121,35
225,134,121,35
225,134,122,35
225,134,123,34
225,133,123,34
224,131,123,34
224,131,125,34
225,130,123,34
226,129,125,35
227,129,125,35
224,128,125,34
221,127,125,34
222,125,125,34
223,124,127,35
223,124,126,34
224,124,126,34
222,122,126,35
219,121,126,34
220,119,126,34
220,117,126,34
219,115,126,35
219,113,126,36
218,113,129,36
218,113,129,35
217,113,130,35
218,113,129,37
220,113,129,35
216,110,129,34
213,107,129,35
213,107,129,34
213,105,129,34
213,102,129,34
213,100,129,35
212,100,129,34
211,99,129,36
210,100,129,36
209,103,130,35
209,104,130,36
209,105,130,36
208,106,131,36
206,107,132,35
208,106,131,35
205,104,131,35
205,102,131,36
206,100,131,36
204,100,131,36
200,99,134,38
204,99,132,38
204,99,131,38
203,99,133,39
199,103,133,36
196,102,135,37
198,103,135,37
199,103,134,38
199,103,134,38
199,103,134,38
197,102,134,38
196,101,134,38
198,101,134,38
198,99,134,38
197,97,134,38
197,97,135,37
196,95,134,38
196,95,137,38
199,94,138,38
200,95,137,38
198,96,138,38
197,97,138,38
196,98,138,37
195,98,139,38
199,100,138,38
201,102,138,38
197,103,139,38
193,103,141,38
193,103,140,37
192,103,140,38
190,104,139,39
190,106,140,39
188,107,142,40
187,110,141,39
189,111,140,39
191,112,141,39
189,112,142,39
189,113,142,39
189,113,142,39
188,114,142,40
188,116,143,40
188,118,144,39
187,118,144,40
184,118,143,40
179,120,145,40
180,121,145,40
185,122,144,40
187,124,145,40
190,125,145,40
192,127,145,40
192,127,146,41
196,130,145,41
197,133,146,40
204,135,146,40
204,137,143,40
200,140,148,40
201,141,146,41
200,142,146,41
200,142,147,41
200,141,147,41
199,138,148,42
197,136,149,41
199,132,148,42
197,129,150,43
195,128,149,42
194,125,149,43
191,123,149,42
188,122,150,42
188,121,150,42
188,121,150,42
186,120,152,42
183,116,152,42
183,113,152,43
182,112,153,43
180,110,154,44
184,110,153,43
187,111,155,42
187,111,154,43
184,113,154,42
184,113,154,43
189,114,154,43
186,113,155,44
182,115,155,43
177,115,156,42
177,116,155,42
181,116,156,42
182,114,157,42
179,115,158,41
175,113,159,42
172,109,159,42
171,102,159,42
170,97,158,44
168,95,159,44
171,94,158,44
172,94,158,44
168,94,158,44
169,96,159,44
172,98,159,44
171,97,160,44
171,98,160,44
169,97,161,44
172,98,160,44
170,99,161,44
167,99,161,44
167,100,161,44
166,103,163,44
165,103,162,46
163,100,164,46
164,98,163,47
165,98,163,47
161,98,165,46
158,98,165,46
158,98,163,46
156,96,163,46
152,92,164,45
149,89,165,46
152,88,165,46
154,88,165,46
156,88,165,48
163,89,165,48
169,89,166,48
172,91,166,48
175,95,168,49
180,99,167,48
184,100,167,48
186,101,167,47
188,101,167,47
188,100,169,48
188,100,169,48
189,98,170,47
189,95,171,47
188,95,167,47
191,96,170,48
196,97,169,49
198,100,169,49
198,105,170,48
197,105,169,47
195,104,171,47
196,105,171,48
197,108,172,48
199,109,173,48
200,110,173,47
201,109,173,49
201,108,174,49
198,107,174,50
193,106,175,50
190,105,175,50
191,104,175,50
192,103,176,51
194,103,177,50
192,97,175,54
188,97,176,55
188,95,176,54
186,93,175,55
187,93,177,54
187,93,179,52
189,93,179,52
187,93,180,53
188,93,179,53
184,93,180,54
187,93,179,52
189,91,180,52
187,90,178,52
184,89,179,52
186,88,181,52
186,86,181,52
182,86,181,52
184,87,181,52
179,87,182,52
175,87,184,52
176,86,183,52
174,85,184,52
176,84,182,53
174,83,185,53
172,83,184,53
173,83,185,53
175,83,184,54
174,84,186,54
171,84,184,53
171,84,186,53
172,84,186,53
172,84,187,54
172,85,188,54
172,85,189,55
173,86,187,54
170,86,189,54
169,86,188,53
169,86,187,54
169,86,188,54
169,86,187,54
167,88,191,53
166,88,191,53
162,90,192,53
161,94,192,52
160,92,190,56
159,93,191,56
158,95,192,57
152,95,193,56
151,95,193,58
152,96,194,57
153,96,193,58
149,95,193,59
148,96,194,57
151,95,194,57
151,95,194,57
148,97,197,55
150,97,196,54
151,95,197,55
148,93,197,55
148,91,198,55
154,89,199,56
158,88,199,56
160,86,199,58
162,86,200,57
164,87,199,57
162,87,200,56
163,84,202,57
164,80,202,58
165,80,200,58
164,80,201,58
162,80,202,58
163,79,202,59
165,79,203,58
162,79,202,58
159,78,202,57
156,77,204,57
154,77,204,57
152,74,204,59
153,73,205,58
152,72,204,57
150,71,205,58
151,72,207,58
153,73,205,57
151,72,203,58
148,73,207,57
149,73,207,59
150,72,208,61
148,72,208,62
147,72,208,61
148,72,208,61
147,76,209,58
146,76,210,59
144,76,211,59
142,75,211,60
143,74,210,60
139,73,212,61
138,73,212,61
140,73,212,61
139,73,213,61
140,72,213,61
139,72,213,61
136,73,214,61
137,74,215,62
139,76,214,61
136,76,215,62
137,78,216,61
142,79,215,60
146,80,216,61
151,82,214,60
154,82,213,61
152,85,215,59
154,86,215,60
155,87,216,60
154,88,216,60
158,89,215,61
158,91,216,60
157,92,216,60
157,93,217,59
156,92,218,59
152,92,219,60
151,93,218,60
151,93,220,60
147,88,220,65
141,89,220,66
138,90,222,65
140,87,223,67
138,86,222,67
133,87,221,68
132,87,221,67
129,89,224,67
131,89,223,68
133,89,224,67
127,88,223,67
124,91,225,63
128,92,224,63
130,92,224,63
126,93,225,63
126,94,224,62
128,94,225,61
125,94,225,61
121,94,226,62
120,94,227,61
122,93,228,61
124,94,226,61
123,94,228,62
119,94,227,62
117,94,227,62
117,94,229,63
119,94,229,63
118,95,230,63
115,97,225,61
111,96,230,63
110,96,231,64
112,96,230,64
111,96,231,65
108,96,230,65
104,94,230,66
102,94,232,66
102,94,233,66
106,93,233,66
106,91,233,67
96,93,235,66
98,93,236,67
99,94,236,66
99,90,236,70
98,90,235,70
97,90,232,71
94,91,236,70
94,91,236,70
93,91,237,70
92,91,237,71
92,92,236,71
90,92,237,71
89,97,238,66
90,96,236,66
89,99,237,64
86,97,239,68
86,96,239,68
85,96,239,67
82,96,240,67
83,97,240,67
86,96,240,68
83,96,241,68
81,97,242,68
84,97,242,68
82,97,243,68
82,96,243,68
84,95,243,68
84,96,243,68
84,94,243,68
84,92,245,69
84,92,244,68
80,92,244,68
78,91,245,69
80,93,245,69
81,94,246,68
81,95,246,68
80,94,246,68
76,93,247,68
75,92,247,68
75,94,247,67
73,95,247,67
74,95,248,67
76,96,248,67
73,97,248,67
70,97,249,69
71,96,250,70
72,95,250,70
68,95,250,70
68,97,250,70
68,99,250,70
68,100,250,70
69,100,250,70
67,99,252,71
68,101,252,71
68,101,253,71
68,100,253,71
66,99,253,71
66,99,253,71
65,99,254,72
69,102,254,69
68,98,254,72
66,98,254,72
65,97,256,74
65,97,256,74
62,98,256,74
60,103,255,69
61,103,256,69
59,104,257,69
58,105,257,73
56,107,256,71
55,108,258,70
56,109,258,70
56,109,259,70
53,107,260,72
50,107,260,73
52,109,259,72
52,109,257,73
53,108,259,74
53,108,259,74
51,108,261,75
51,111,260,73
52,113,261,72
51,113,261,72
50,112,262,73
51,112,262,73
49,112,263,74
49,113,262,73
49,114,263,72
48,112,264,72
47,111,263,71
45,111,264,73
46,111,265,73
44,110,264,73
41,108,264,73
43,107,265,73
45,106,265,73
44,105,265,73
42,104,265,74
41,102,266,74
42,101,266,74
42,100,267,74
40,100,268,74
39,99,268,74
38,98,267,74
39,97,269,76
42,98,268,76
41,99,268,77
39,99,271,77
39,102,269,76
37,103,270,76
39,102,271,75
39,101,271,74
37,101,271,76
36,101,270,75
35,99,274,76
38,98,272,76
38,98,273,77
38,98,272,77
34,97,273,78
36,97,273,78
38,97,273,78
36,96,274,78
34,97,273,78
33,97,274,79
34,95,274,79
33,94,276,79
33,94,275,80
32,95,275,79
31,96,276,79
28,96,275,80
25,95,277,80
26,94,277,80
27,95,276,80
27,95,277,82
23,96,276,81
21,96,277,81
21,95,278,81
20,94,279,82
22,95,278,81
27,98,278,80
32,100,278,80
32,102,279,80
30,105,279,81
30,106,279,81
30,106,279,81
29,107,279,80
26,106,280,80
25,106,281,80
26,106,281,79
29,105,280,79
29,106,280,80
26,107,280,79
25,106,281,79
28,105,281,79
27,105,280,80
25,107,283,80
25,108,282,80
26,108,281,81
27,109,283,80
27,111,284,79
25,112,284,77
25,112,285,77
28,112,285,78
27,112,284,79
25,112,285,79
25,112,286,80
27,112,286,80
26,113,286,79
25,112,285,79
25,110,286,79
23,103,285,84
24,103,285,84
27,103,286,86
25,105,287,85
22,106,286,83
24,107,286,83
25,109,286,83
26,110,285,83
25,112,286,83
24,114,286,83
20,114,285,82
22,113,287,82
25,112,286,82
24,112,287,81
23,113,289,79
24,112,289,80
24,111,288,80
22,110,288,81
19,109,289,81
20,107,290,82
18,106,289,82
19,106,287,82
19,105,290,83
17,103,289,82
17,104,289,82
16,105,289,82
14,108,291,81
16,109,290,79
16,110,290,77
11,110,291,78
10,111,291,79
13,111,291,79
13,111,291,79
9,111,293,80
8,111,293,80
7,111,293,80
9,109,293,80
9,108,293,80
10,106,293,80
8,106,293,80
8,107,293,80
9,107,293,80
8,106,293,80
8,103,293,80
10,104,293,80
13,105,293,80
12,106,293,80
11,105,293,80
12,104,293,80
12,103,293,80
11,106,293,80
12,107,293,80
10,106,293,80
6,105,295,81
7,106,295,81
8,105,295,81
10,105,295,81
9,106,295,81
5,106,295,81
3,106,295,81
7,106,295,81
6,106,295,81
4,106,295,81
5,106,294,81
5,107,294,81
5,108,294,81
5,109,294,81
5,109,294,81
4,109,294,81
4,111,294,81
4,114,294,81
5,114,294,81
4,116,294,81
3,117,294,81
2,118,295,82
1,120,296,82
1,121,295,82
1,121,296,83
1,122,296,83
1,123,296,83
1,125,296,83
1,125,295,83
1,125,295,83
1,125,295,83
1,125,294,83
1,125,294,83
1,128,294,83
1,129,296,83
1,128,301,84
7,127,301,84
7,126,304,86
9,128,304,86
10,128,305,87
10,129,305,87
11,129,305,87
10,129,305,87
12,129,305,87
11,129,305,87
16,132,305,87
20,134,305,87
21,133,305,87
20,133,305,87
22,134,307,88
24,136,307,88
24,137,307,88
24,137,307,88
22,138,307,88
23,139,307,88
23,140,307,87
23,139,307,87
21,136,307,87
18,135,307,87
21,135,307,87
19,132,307,87
14,131,307,87
16,128,307,87
13,127,309,87
11,128,310,87
11,128,310,87
10,128,310,87
13,129,310,87
17,130,310,87
16,130,310,87
16,131,310,87
16,131,310,87
17,129,310,87
20,129,310,87
20,129,310,87
22,130,310,87
22,131,310,87
21,129,310,87
21,129,310,87
23,130,310,87
25,130,310,87
22,130,310,87
21,129,310,87
21,128,310,87
20,127,310,87
21,127,310,87
23,127,310,87
20,127,310,87
20,127,310,87
22,128,310,87
20,130,310,87
16,131,310,87
15,131,310,87
16,131,310,87
18,133,310,87
17,134,310,87
15,135,310,87
16,137,310,87
13,138,310,87
12,138,310,87
15,138,310,87
14,139,310,87
12,141,310,87
12,141,310,87
12,141,310,87
15,141,310,87
17,141,310,87
17,142,310,87
17,142,310,87
17,142,310,87
22,139,310,87
26,139,310,87
28,138,310,87
29,135,310,87
30,132,310,87
35,130,310,87
36,131,310,87
42,130,310,87
44,130,310,87
49,131,310,87
52,131,310,87
49,131,310,87
49,132,310,87
48,131,310,87
44,130,315,88
43,129,315,88
40,128,315,88
41,127,315,89
41,127,315,89
37,129,318,90
35,129,318,90
32,129,318,90
31,128,318,90
32,127,318,90
32,127,318,90
32,127,318,90
29,129,320,89
31,128,318,90
30,126,318,90
31,126,318,90
36,126,318,90
35,129,318,90
33,132,317,89
30,129,318,89
31,128,318,89
33,126,317,92
32,126,320,92
33,130,319,91
30,128,319,91
29,126,320,93
30,125,320,93
28,126,320,93
26,128,320,93
26,128,320,92
26,126,321,93
29,125,320,92
25,126,320,92
23,126,320,92
23,127,322,89
27,127,321,91
26,128,321,91
23,129,321,90
23,130,321,90
24,130,321,90
24,130,321,90
26,128,322,93
27,129,322,93
24,128,322,93
24,127,322,93
25,127,322,93
25,127,322,93
23,124,323,94
23,123,323,94
23,123,324,95
23,123,324,95
24,124,324,95
26,122,324,95
24,122,324,95
21,123,324,95
24,121,323,95
26,120,323,95
25,120,325,95
25,120,325,95
25,119,325,95
23,119,325,95
23,120,325,95
23,121,325,95
22,121,326,95
19,121,326,95
20,121,326,95
21,120,327,95
19,120,327,95
18,117,327,96
18,117,327,96
18,117,327,96
16,115,328,97
13,117,328,97
14,120,328,97
12,120,328,97
11,120,329,97
11,120,329,97
11,120,329,97
12,120,329,97
14,120,329,97
14,120,329,97
14,119,330,98
15,119,330,98
15,119,330,98
17,118,330,98
20,118,330,98
19,118,330,98
20,117,331,99
22,118,331,99
22,119,331,99
24,120,331,99
22,120,331,99
18,119,333,99
14,116,333,99
14,116,333,99
17,115,334,99
19,114,334,99
15,113,333,100
11,114,333,100
14,113,334,100
13,113,334,100
14,112,334,99
13,112,335,99
13,112,334,99
13,111,335,99
15,111,337,99
19,113,336,100
21,113,335,101
25,113,335,101
33,111,336,101
33,110,338,100
36,107,338,100
40,104,339,100
49,102,338,99
53,100,339,100
53,99,339,100
51,95,338,99
47,91,338,98
49,88,338,100
50,88,340,100
48,86,340,101
49,86,341,101
50,86,341,101
49,88,341,101
51,90,341,101
48,88,338,100
45,87,340,100
47,87,342,100
50,87,341,100
49,87,342,100
49,87,343,100
46,87,342,100
47,88,343,100
50,88,343,100
52,90,342,99
52,89,342,99
51,88,343,99
53,88,342,100
51,87,342,100
48,86,345,99
49,86,345,98
50,85,346,101
47,85,346,101
42,82,347,100
42,78,346,100
40,76,346,99
39,74,348,99
37,70,348,100
34,70,348,100
33,70,348,100
36,71,348,100
36,72,348,100
34,73,349,101
32,74,349,101
28,71,349,101
28,70,349,101
27,69,349,101
29,68,349,101
27,67,350,102
27,65,350,102
26,65,352,102
28,64,352,102
28,65,352,103
26,68,352,104
24,70,352,104
25,72,352,104
25,75,355,103
23,78,355,101
25,78,355,101
24,78,354,100
24,76,354,100
23,74,354,100
22,72,354,100
24,73,355,100
24,74,355,100
23,74,355,100
23,74,357,100
23,74,357,100
22,74,358,101
22,74,358,101
20,74,358,101
19,74,358,101
23,75,358,101
22,74,359,101
19,74,361,102
21,76,361,101
20,77,361,101
18,79,363,100
18,79,363,100
18,78,363,100
19,78,363,100
19,79,363,100
17,79,363,100
17,78,363,100
14,77,363,100
12,76,364,101
12,72,364,104
11,72,365,105
10,72,365,107
9,72,365,107
9,71,366,107
11,72,366,107
11,73,366,108
9,74,368,108
9,75,368,108
15,79,368,108
18,82,368,108
16,84,368,107
13,83,366,108
11,85,371,107
16,89,370,107
17,90,371,108
17,91,370,107
15,91,371,107
12,91,371,107
12,92,370,106
12,91,372,108
10,92,373,107
12,93,374,108
15,95,372,107
15,94,372,107
13,97,371,106
13,98,373,106
15,98,372,107
10,100,373,108
12,102,375,107
12,103,374,107
9,104,375,107
8,105,377,106
12,104,376,106
11,103,377,107
11,103,376,107
10,103,376,108
11,103,376,109
13,103,377,109
11,102,378,108
10,102,378,108
10,100,379,109
11,98,379,110
11,97,380,110
8,96,380,111
10,97,379,111
13,96,379,112
9,97,379,111
9,99,379,110
9,98,381,111
8,96,381,111
6,97,383,111
7,99,381,110
5,101,381,110
5,101,381,110
3,103,384,109
5,102,384,110
2,105,383,111
1,105,383,110
1,105,383,111
2,106,384,112
1,106,385,112
1,108,384,111
1,111,384,111
1,111,380,111
1,111,380,111
1,109,384,111
1,107,381,112
1,106,381,111
1,106,382,111
1,107,383,112
1,108,385,113
1,108,385,114
1,107,389,114
1,105,390,112
1,100,389,111
1,96,388,111
1,94,386,111
1,91,387,112
1,89,387,112
1,88,393,112
7,88,392,112
7,88,391,113
7,88,390,113
6,88,392,114
1,87,392,116
1,89,386,115
1,91,386,115
1,94,386,115
1,95,387,115
1,95,390,115
1,97,392,115
1,101,391,114
1,101,387,114
1,99,386,114
1,95,383,114
1,95,379,111
1,95,380,111
2,91,382,113
1,89,384,112
1,90,383,114
1,89,381,113
1,88,376,113
1,90,376,113
1,91,381,113
1,89,380,114
1,86,378,115
1,85,377,114
1,84,384,114
1,83,390,114
1,82,391,114
1,82,391,114
1,82,389,114
1,87,389,112
1,86,389,113
1,90,393,111
1,89,395,115
1,90,397,115
1,90,395,116
1,94,392,112
1,90,396,115
1,93,400,111
1,99,404,109
1,102,404,113
1,99,404,118
1,103,401,118
1,107,402,119
1,107,407,120
1,106,403,119
1,104,401,118
1,103,399,118
1,104,405,120
1,105,405,121
1,105,400,120
1,107,397,117
1,107,395,117
1,107,405,117
1,108,412,116
1,106,412,115
1,103,410,115
1,99,407,115
1,96,410,116
1,96,413,115
1,93,413,116
2,93,412,116
3,92,413,116
5,92,414,117
5,92,413,117
6,91,413,117
6,91,413,118
1,91,415,118
1,91,414,119
1,89,411,120
1,88,409,120
1,86,409,120
1,83,411,120
1,80,415,120
6,78,419,120
11,75,419,122
10,74,420,121
6,69,418,121
1,67,416,121
1,66,409,123
1,66,403,122
1,63,403,123
1,62,406,122
1,57,407,125
1,57,403,126
1,58,399,125
1,57,396,124
1,51,394,125
1,50,393,124
1,49,392,124
1,47,393,125
1,47,394,125
1,47,396,125
1,47,398,124
1,48,398,124
1,48,397,124
1,52,397,125
1,56,397,125
1,58,397,124
1,60,400,124
1,62,404,123
1,62,406,124
1,63,408,123
1,63,406,125
1,66,407,123
1,66,410,124
1,65,411,124
1,64,410,124
1,62,407,124
1,60,406,126
1,61,409,125
1,60,410,126
1,59,408,125
1,59,406,126
1,59,408,126
1,59,408,126
1,60,409,127
1,60,407,126
1,60,410,127
1,61,410,127
1,61,409,128
1,61,409,128
1,62,409,129
1,64,412,129
1,66,413,130
1,65,411,133
1,67,411,134
1,69,413,134
1,69,417,134
1,69,415,133
1,69,411,133
1,68,412,134
1,68,415,134
1,67,417,134
1,67,413,134
1,68,412,135
1,70,414,135
1,69,412,135
1,69,411,134
1,71,413,134
1,72,412,135
1,72,410,137
1,74,411,136
1,74,413,135
1,73,416,136
1,74,412,136
1,74,414,136
1,73,413,136
1,72,414,137
1,71,415,137
1,71,412,138
1,71,411,138
1,72,410,138
1,73,413,137
1,72,416,138
1,73,417,138
1,73,416,139
1,74,415,140
1,77,415,140
1,80,417,137
1,79,417,138
1,78,416,139
1,79,411,139
1,80,411,139
1,81,413,140
1,82,413,140
1,81,414,141
1,80,413,141
1,79,412,143
1,79,413,143
1,79,415,143
1,80,415,144
1,80,413,144
1,79,411,143
1,78,415,144
1,79,414,143
1,79,408,144
1,80,401,142
1,81,402,143
1,81,403,143
1,81,400,143
1,81,400,142
1,81,396,143
1,82,394,144
1,82,391,144
1,83,393,143
1,84,392,142
1,84,385,142
1,83,380,142
1,82,378,141
1,84,378,142
1,87,374,141
1,89,369,141
1,88,368,142
1,89,368,142
1,93,365,141
1,95,363,141
1,94,364,141
1,94,365,140
1,93,365,141
1,91,364,142
1,90,364,143
1,90,365,144
1,91,365,143
1,93,367,142
1,94,369,143
1,94,369,142
1,93,369,142
1,91,373,144
1,90,376,146
1,91,373,147
1,90,373,147
1,93,372,147
1,97,374,146
1,100,378,146
1,101,380,146
1,102,377,146
1,104,377,146
1,106,379,146
1,108,379,145
1,109,378,144
1,109,376,143
1,109,377,143
1,107,375,145
1,107,376,145
1,104,376,146
1,103,374,146
1,101,372,144
1,99,371,145
1,100,372,143
1,94,371,146
1,93,369,147
1,92,369,148
1,91,369,148
1,91,370,145
1,89,368,145
1,88,368,147
1,89,371,145
1,88,368,144
1,87,364,145
1,87,365,146
1,87,365,147
1,87,366,146
1,84,361,145
1,81,358,144
1,79,357,146
1,79,351,146
1,78,349,147
1,77,348,144
1,76,348,145
1,77,350,146
1,77,350,145
1,77,350,146
1,79,351,147
1,82,352,145
1,83,353,144
1,84,353,146
1,85,353,146
1,85,354,146
1,87,355,146
1,87,358,147
1,89,360,148
1,92,362,148
1,95,362,147
1,97,360,147
1,99,361,146
1,99,361,146
1,97,360,146
1,95,359,146
1,95,358,146
1,96,359,144
1,96,360,144
1,94,360,145
1,91,359,145
1,89,358,145
1,89,358,146
1,89,360,146
1,89,361,145
1,89,361,144
1,88,360,144
1,88,362,145
1,88,362,145
1,87,362,146
1,88,364,147
1,89,365,147
1,88,366,147
8,86,363,146
9,87,361,146
9,86,361,147
13,85,361,147
14,85,362,147
11,85,363,147
11,84,363,146
12,82,365,147
13,79,365,150
15,82,365,149
14,83,365,147
16,83,365,148
18,83,365,148
17,83,366,149
18,85,367,148
18,85,367,149
30,85,360,148
29,85,360,148
29,85,356,149
28,88,358,148
32,89,356,147
33,87,357,147
32,86,356,147
30,85,355,147
30,84,356,148
32,84,358,147
33,83,358,147
32,84,359,147
32,85,358,148
31,85,359,147
34,81,361,147
35,81,360,147
33,79,359,148
33,77,360,149
37,78,359,149
40,81,360,148
42,80,359,149
39,78,362,151
41,81,361,149
44,82,362,149
49,81,359,150
48,82,363,147
46,79,365,149
47,79,360,150
42,79,367,152
48,80,360,151
45,81,364,150
51,80,358,151
50,80,359,152
54,81,357,153
52,85,361,149
50,83,361,149
53,82,358,151
58,84,356,150
60,83,357,150
60,81,356,152
58,81,355,151
60,80,356,152
62,79,357,152
64,79,357,151
61,80,360,151
61,79,361,153
63,82,361,150
67,82,360,151
67,83,360,150
66,81,361,151
66,79,361,153
67,80,363,152
70,80,364,151
71,79,363,151
70,79,363,151
71,78,362,152
70,79,363,150
72,76,364,152
72,75,365,151
71,76,366,150
73,73,364,152
73,74,365,151
72,74,367,152
75,77,366,149
76,75,366,150
76,74,367,151
75,76,369,150
78,76,368,150
81,77,366,149
82,76,367,150
81,74,370,151
81,74,370,152
84,77,370,151
89,79,371,149
88,78,372,149
88,78,372,150
90,79,374,149
90,80,374,149
89,81,374,150
92,81,375,150
94,80,378,150
95,80,379,150
96,79,376,151
96,79,375,152
100,81,377,150
102,81,377,150
99,79,376,152
99,82,379,150
104,82,375,150
100,81,379,152
103,82,378,151
103,84,376,150
101,84,376,150
103,86,375,148
103,84,375,150
103,86,375,149
99,87,379,149
100,86,380,150
99,87,382,150
99,89,383,147
105,90,382,149
106,90,382,149
106,91,383,149
106,91,385,148
107,88,383,149
107,87,384,150
111,86,383,151
113,86,381,153
110,88,384,152
110,88,384,151
110,87,383,151
113,88,383,152
114,88,382,152
112,88,386,152
112,86,386,153
110,85,388,153
113,86,386,151
114,85,385,153
118,84,382,154
118,85,382,153
119,85,383,153
114,85,389,153
115,86,390,152
117,86,391,150
119,84,387,153
118,84,389,153
120,85,388,153
120,85,389,152
123,84,392,154
125,84,389,153
125,84,388,153
126,83,388,154
127,84,389,153
129,83,389,153
129,82,391,152
131,80,390,154
131,80,393,153
134,79,391,155
135,79,392,156
136,80,390,154
139,80,390,155
139,83,391,154
139,84,391,155
141,86,393,153
145,86,393,152
146,86,393,153
146,85,394,154
146,85,393,154
150,86,393,154
149,87,394,153
151,87,393,153
153,86,392,154
155,87,393,152
158,84,393,154
159,84,392,153
157,83,393,152
157,82,394,153
158,80,396,151
159,77,394,152
161,77,394,152
163,77,397,152
165,76,396,151
165,71,395,155
164,74,395,153
162,75,397,153
162,75,400,154
168,77,396,152
168,76,396,153
168,76,396,153
167,74,397,154
169,72,397,154
170,72,398,155
170,76,400,153
171,76,398,154
170,75,397,155
169,77,399,153
172,76,399,154
176,75,397,156
177,78,398,154
177,77,397,155
173,79,399,154
173,79,399,155
176,79,400,155
180,79,398,155
178,79,398,156
178,81,399,154
177,81,402,153
184,79,399,152
184,78,400,155
182,79,399,156
180,79,401,156
185,79,400,155
187,79,400,154
187,79,402,154
190,79,398,154
189,79,401,155
191,78,398,155
191,79,400,156
194,81,399,154
193,80,401,155
195,79,399,156
195,82,398,154
196,80,399,156
199,81,398,154
198,79,400,156
198,79,401,156
199,79,399,156
197,79,401,158
198,84,402,154
196,85,404,153
202,85,403,154
204,83,402,154
206,81,400,155
204,85,403,152
208,86,402,154
207,86,402,151
208,87,402,150
211,86,400,152
208,87,400,151
210,89,401,149
212,89,403,150
213,86,401,151
211,86,401,152
212,88,399,151
213,87,400,152
214,87,401,152
216,88,400,151
218,86,397,151
219,86,399,152
219,87,399,153
219,86,398,154
221,88,399,153
224,87,396,153
225,88,396,153
222,91,399,151
222,91,402,151
229,89,398,150
230,90,397,149
228,89,399,149
230,88,397,151
228,88,397,151
230,89,397,150
234,90,395,149
232,87,397,148
234,86,395,146
233,84,397,147
235,81,398,149
240,82,394,148
239,83,395,147
240,82,393,148
238,81,393,149
239,83,394,149
240,86,394,148
240,86,394,148
240,86,393,149
237,87,396,150
238,90,394,149
236,92,396,148
238,93,395,147
241,91,393,148
244,91,391,149
244,92,391,149
246,94,390,147
248,94,391,147
249,93,390,147
247,92,390,148
247,93,389,146
248,94,389,145
252,93,388,145
251,93,389,145
254,92,386,145
253,91,387,148
257,95,383,146
259,98,381,144
260,97,380,146
263,97,377,147
265,97,375,145
267,95,373,147
265,97,375,147
265,99,375,146
268,101,372,145
271,101,369,146
273,103,367,144
270,102,370,146
270,103,370,144
274,101,366,144
275,101,365,145
274,103,366,145
273,103,367,143
274,103,366,143
275,104,365,144
276,107,364,142
274,109,366,142
274,110,366,142
275,109,365,144
275,114,365,141
277,116,363,144
277,119,363,142
275,120,365,142
274,118,366,143
274,122,366,142
274,122,366,141
275,121,365,141
276,118,364,143
277,119,363,141
276,118,364,142
278,116,362,144
281,116,359,140
280,113,360,143
278,114,362,141
279,112,361,141
281,113,359,143
283,117,357,142
283,119,357,141
284,121,356,140
284,124,356,142
286,128,354,141
286,130,354,140
285,132,355,140
286,133,354,142
285,134,355,141
286,134,354,140
288,134,352,140
289,134,351,138
289,136,351,139
290,136,350,141
292,136,348,141
294,136,346,142
292,141,348,140
291,140,349,140
292,139,348,140
294,139,346,141
294,141,346,141
292,142,348,141
295,142,345,140
303,142,337,140
302,143,338,140
303,146,337,140
307,147,333,139
308,148,332,139
308,150,332,139
310,152,330,138
311,153,329,137
311,153,329,138
311,153,329,138
312,153,328,138
313,154,327,139
313,155,327,139
313,154,327,139
312,153,328,139
310,151,330,141
311,152,329,139
311,150,329,141
312,149,328,140
312,148,328,140
313,149,327,137
316,145,324,137
314,141,326,140
313,141,327,138
314,140,326,140
315,141,325,140
315,143,325,139
315,144,325,138
316,146,324,137
315,146,325,138
314,147,326,137
318,147,322,137
319,148,321,137
317,148,323,138
320,152,320,137
322,154,318,137
320,154,320,136
321,153,319,136
324,155,316,137
325,157,315,136
320,157,320,136
322,155,318,136
328,154,312,136
330,153,310,137
330,152,310,136
327,151,313,135
322,147,318,135
323,143,317,135
321,140,319,135
319,138,321,136
318,137,322,137
322,140,318,134
319,140,321,134
320,143,320,134
321,142,319,135
324,145,316,136
320,150,320,134
320,150,320,134
320,151,320,135
320,152,320,136
319,156,321,134
317,157,323,135
316,158,324,137
314,160,326,135
317,160,323,133
320,160,320,133
320,160,320,133
316,159,324,133
311,158,329,135
308,159,332,134
308,158,332,135
311,157,329,133
313,154,327,133
311,151,329,134
311,151,329,134
310,152,330,135
306,154,334,138
301,160,339,137
299,166,341,138
309,175,331,136
307,178,333,135
304,179,336,135
295,178,345,134
287,178,353,131
287,178,353,131
280,176,360,131
279,172,359,131
279,172,359,131
275,170,359,132
270,169,360,132
272,169,357,131
274,168,356,132
269,168,359,132
264,167,357,131
272,165,351,131
270,164,352,131
267,161,350,130
266,158,349,129
268,156,346,128
272,152,345,129
272,150,344,129
270,150,344,130
271,151,343,129
274,151,343,130
275,150,341,130
275,149,342,129
277,148,340,129
276,147,339,130
275,145,340,131
279,145,338,131
278,144,337,130
275,144,336,130
271,144,340,131
276,146,338,129
275,146,339,129
275,148,338,128
270,148,338,128
267,147,339,128
270,147,337,128
275,146,335,128
271,145,338,128
271,144,339,128
273,144,337,128
274,144,337,128
276,144,339,128
278,145,338,128
278,147,339,126
277,146,339,127
276,146,340,126
276,145,340,126
279,145,339,126
280,146,341,126
280,146,341,127
280,145,340,127
277,144,341,126
275,144,342,124
276,138,340,126
275,139,340,127
276,139,340,127
275,139,343,126
273,139,342,125
275,138,340,125
275,140,343,123
273,139,343,124
273,140,343,122
271,138,342,120
272,135,343,121
273,131,342,121
270,130,343,122
267,132,344,123
267,134,344,122
269,135,344,121
266,136,345,123
263,139,345,123
264,139,345,122
268,139,345,122
270,141,346,122
269,144,345,121
266,143,345,122
265,143,346,124
267,145,346,122
271,146,343,122
270,147,344,121
270,145,344,122
272,140,345,122
269,141,347,121
269,141,347,122
271,141,346,122
273,139,347,121
274,137,346,121
274,137,348,120
274,133,349,123
276,134,348,121
276,133,348,123
276,135,348,121
276,135,349,120
275,135,349,119
274,132,351,122
275,133,347,122
273,133,347,122
272,134,347,120
270,131,347,120
268,128,351,121
267,127,353,121
269,127,349,121
269,127,351,121
268,128,354,119
268,127,353,119
268,128,353,120
268,129,353,120
268,130,352,120
269,130,353,120
269,130,354,119
271,129,354,119
274,130,353,119
277,131,352,119
278,130,351,119
275,131,353,120
275,132,354,120
275,132,354,120
274,131,355,121
273,132,354,120
272,133,354,120
269,133,354,120
268,133,355,120
267,132,355,121
271,131,354,119
269,130,355,119
266,130,356,119
266,128,355,119
266,127,355,119
265,126,354,119
268,126,354,120
269,126,354,121
268,128,352,121
268,129,355,122
271,130,352,121
272,131,352,121
269,131,353,121
266,134,354,119
269,136,355,119
273,137,353,119
271,140,353,120
268,140,355,119
268,141,354,117
267,142,354,118
268,143,355,119
268,144,355,117
266,143,355,117
266,143,355,119
267,145,353,118
266,146,355,117
266,144,354,117
264,144,355,117
264,144,354,117
264,144,354,117
263,144,355,117
262,145,356,118
264,149,355,114
266,144,357,119
265,145,355,117
263,145,355,120
262,147,356,120
266,146,355,121
266,144,357,122
265,143,357,121
263,144,356,122
264,145,356,121
270,142,356,123
273,143,353,122
262,143,355,122
266,146,357,121
266,146,356,122
264,148,356,122
265,149,356,122
266,149,355,121
264,149,356,122
261,150,355,122
261,149,355,122
258,147,356,121
257,147,356,123
254,146,356,121
254,143,356,123
259,142,357,122
259,143,357,120
263,143,356,122
260,143,355,122
255,144,358,124
257,147,357,124
260,152,357,124
264,153,357,123
267,153,357,122
266,153,357,121
264,152,356,123
265,153,357,123
269,152,357,124
269,151,357,123
270,149,357,124
269,152,356,123
267,158,357,119
271,156,356,120
271,155,354,120
267,156,354,120
267,154,356,122
270,153,352,121
269,150,356,121
266,152,356,123
267,157,357,119
265,157,357,120
264,158,356,118
268,157,357,118
267,156,356,119
266,156,355,119
267,156,355,120
267,155,356,120
268,154,355,121
269,158,355,116
270,156,354,116
271,155,354,117
269,151,354,120
268,152,355,119
270,152,354,117
273,151,355,119
272,150,355,120
270,152,355,118
272,149,352,120
273,150,355,116
271,150,356,117
273,150,355,117
273,150,355,118
271,150,353,118
268,150,355,117
272,149,355,118
272,147,355,117
269,147,356,115
270,146,356,115
273,147,354,115
273,147,353,116
270,146,356,114
272,144,354,116
272,143,355,117
272,142,355,115
273,141,355,115
272,139,355,115
271,136,356,119
272,137,357,116
271,135,356,118
268,134,355,118
269,134,356,118
272,134,355,118
270,135,356,118
270,137,355,115
269,138,356,114
269,139,356,118
267,140,357,116
268,140,356,116
266,142,355,117
267,142,355,117
269,142,354,117
268,142,354,118
265,144,355,117
265,145,354,118
265,145,355,117
266,144,354,117
268,141,355,117
267,137,355,117
265,136,355,116
265,132,357,116
269,130,355,120
273,134,355,118
263,131,354,117
253,124,355,116
253,121,354,116
255,120,355,117
256,120,354,117
251,120,355,117
248,124,354,119
247,126,354,118
239,124,355,118
233,123,354,118
231,125,354,119
231,127,354,120
230,128,354,120
226,129,354,119
225,129,355,118
229,131,356,119
230,128,355,118
233,124,355,119
232,123,356,120
234,129,356,116
239,129,352,116
244,129,355,115
250,128,356,114
252,126,355,116
251,126,356,117
253,128,356,116
255,129,355,118
255,131,353,117
257,131,355,117
259,131,356,117
256,133,356,115
255,134,357,115
258,135,358,116
263,136,358,117
263,137,358,116
264,136,358,116
261,136,357,115
261,135,357,115
262,136,355,116
262,135,354,116
260,134,355,114
261,134,354,112
261,130,355,116
265,129,355,114
267,126,356,116
266,129,355,115
262,130,355,116
263,127,355,119
262,127,355,119
261,129,355,119
260,129,355,118
260,129,355,118
263,130,356,119
265,134,355,117
262,135,355,118
263,135,354,118
262,135,355,118
260,135,356,120
261,135,356,122
263,137,356,119
264,138,355,117
265,140,355,116
265,141,355,117
265,141,354,116
265,141,353,116
262,142,357,115
260,141,356,115
263,142,356,115
263,141,356,114
261,140,356,115
261,141,355,115
263,143,356,114
261,143,356,115
259,142,356,115
260,144,356,116
259,146,357,117
260,150,357,114
257,148,353,113
249,148,355,114
245,149,357,115
251,150,358,114
252,151,351,114
248,149,357,114
253,148,357,112
259,145,357,113
258,144,358,114
257,140,358,114
257,137,358,115
255,138,356,113
252,139,356,114
248,136,357,114
248,134,355,113
248,135,357,114
243,137,357,114
243,137,357,114
238,135,357,114
236,133,357,116
237,134,357,117
233,137,359,117
229,140,357,116
225,140,357,115
223,145,357,115
226,148,357,114
226,149,358,112
224,149,356,112
226,149,356,113
228,150,356,113
227,152,356,111
229,151,357,111
231,149,357,110
232,150,358,110
232,152,358,110
232,152,357,111
227,151,357,110
217,148,355,111
199,150,357,112
186,150,358,111
183,152,356,112
173,154,358,110
163,154,356,113
163,155,355,112
164,156,358,113
171,158,357,112
178,159,357,110
178,159,357,110
176,158,357,110
175,159,356,112
175,160,356,111
175,159,355,111
176,159,356,112
176,161,356,112
174,162,356,112
176,161,357,113
180,161,358,113
180,160,358,114
177,161,356,115
175,162,357,114
178,162,358,114
182,161,356,114
182,159,355,115
182,159,357,116
182,160,358,115
188,161,358,114
193,159,358,115
196,163,357,112
198,166,356,110
194,167,356,109
188,169,357,109
188,170,359,109
190,168,359,109
188,164,359,110
187,162,359,110
190,163,360,110
190,162,360,110
191,162,359,110
188,161,359,110
186,163,359,109
182,165,358,110
176,167,358,110
172,166,358,111
169,167,358,110
170,165,359,110
173,161,360,109
175,158,359,110
174,154,358,110
182,154,359,111
194,152,360,110
192,151,358,110
185,150,357,110
