165,295,30,14
164,292,30,14
164,291,32,14
163,289,33,16
162,287,35,18
162,286,34,17
165,288,33,16
164,287,33,16
165,287,34,19
165,287,33,17
167,287,32,19
166,288,33,19
165,286,34,21
166,286,33,21
166,288,33,20
168,290,31,19
167,291,33,19
168,292,33,21
167,292,34,22
169,294,33,21
170,296,33,21
170,297,33,21
169,299,33,21
170,301,33,21
170,303,33,21
171,304,33,21
172,305,33,23
172,307,31,22
172,308,32,23
172,307,31,22
173,307,30,24
172,308,31,23
172,306,30,22
170,303,31,27
169,303,32,26
169,300,32,27
168,299,31,26
166,297,32,27
164,296,34,27
163,294,35,27
162,292,31,28
161,293,34,27
159,290,32,30
159,289,31,29
159,289,30,28
156,289,31,30
156,288,30,28
154,288,31,29
154,288,31,29
152,288,33,29
152,288,30,28
151,289,32,29
151,289,31,28
150,290,33,29
149,290,34,29
151,291,30,29
151,293,31,28
152,292,31,29
153,292,29,30
155,294,29,30
155,295,29,30
155,296,31,29
156,296,31,30
157,296,30,30
158,299,28,28
159,298,30,30
158,299,30,30
157,300,30,30
160,300,30,30
160,302,31,30
161,302,31,29
161,302,29,28
162,303,28,27
161,301,31,29
161,302,30,28
162,301,29,29
163,300,29,31
162,299,29,30
162,300,28,29
162,301,29,28
162,299,28,30
163,299,29,28
162,299,29,30
162,298,29,31
162,297,29,30
163,297,28,29
163,298,29,28
164,296,27,30
165,296,28,29
166,295,27,29
168,296,27,28
169,295,27,30
169,295,28,28
171,295,27,28
173,295,26,28
174,293,26,30
174,293,28,29
175,293,27,29
176,293,25,29
177,293,26,29
176,293,27,28
176,292,27,29
176,292,26,28
176,292,26,30
175,292,27,30
175,291,27,29
175,291,25,29
175,291,26,30
174,291,27,30
173,291,26,29
173,292,27,30
172,292,27,30
172,292,26,30
173,294,25,29
172,295,26,29
172,295,25,28
173,296,25,29
172,296,25,29
172,296,25,29
172,297,25,29
173,298,25,29
172,298,25,29
172,299,25,28
172,299,25,28
172,299,26,29
173,299,24,29
173,299,24,29
174,299,24,29
173,299,26,29
174,298,26,30
174,298,25,29
174,297,26,29
175,297,25,29
175,297,24,29
174,296,26,30
175,295,26,30
175,295,25,29
176,295,24,28
176,295,24,29
176,294,23,28
176,294,25,28
176,293,25,28
176,293,24,28
176,293,24,28
177,292,24,29
177,293,24,28
178,293,24,27
177,293,25,28
177,294,24,29
178,294,23,28
179,295,22,27
178,296,23,26
178,297,23,27
178,298,24,26
178,298,23,27
177,300,24,27
177,300,24,28
176,302,25,28
176,304,24,26
176,305,23,27
176,305,23,28
175,308,24,28
175,310,23,26
175,311,22,26
174,312,22,26
174,313,23,27
173,313,22,27
172,316,23,26
172,317,22,25
171,316,22,28
171,318,23,26
172,319,21,26
171,319,22,27
171,320,23,26
171,322,23,25
172,321,22,27
171,321,22,27
172,321,22,26
172,322,22,26
173,321,22,27
173,321,22,26
174,322,21,25
175,322,20,25
176,321,21,25
176,320,21,25
176,319,22,26
177,318,23,26
177,319,22,25
177,318,21,24
177,316,22,26
178,315,22,26
178,314,23,26
178,314,23,25
178,314,23,24
179,313,20,24
179,312,21,25
178,311,22,24
177,310,23,26
177,309,22,27
177,310,22,25
176,311,23,24
176,311,21,24
175,311,21,23
175,311,21,24
174,311,20,23
173,311,21,24
172,311,20,24
171,311,20,24
169,311,21,23
168,311,22,24
167,311,21,25
166,311,21,25
164,311,21,25
163,311,20,24
160,311,23,24
160,312,22,23
159,311,21,24
157,311,22,23
156,311,21,22
155,310,20,23
153,309,22,23
152,308,22,23
152,306,22,24
150,304,22,24
150,303,20,24
150,302,20,23
149,300,21,25
150,299,19,24
148,298,21,24
149,296,20,23
149,295,20,23
148,293,21,23
150,292,20,24
151,291,20,24
152,290,20,24
153,289,20,24
154,288,20,23
154,287,22,25
156,286,22,25
158,286,21,24
160,287,21,22
162,287,21,22
164,286,21,22
166,286,21,22
169,285,21,22
172,284,19,23
172,283,22,24
175,283,20,22
176,283,21,23
177,282,22,24
179,282,21,23
180,283,21,23
182,282,21,23
183,282,21,23
185,282,20,22
186,281,19,23
186,280,20,22
187,279,19,23
186,278,21,22
187,278,19,22
187,277,19,22
186,276,21,23
186,275,19,22
184,274,21,22
184,273,20,22
183,272,22,22
183,270,20,23
183,269,19,23
181,268,20,23
180,267,20,22
180,266,20,23
179,265,21,22
177,264,22,23
177,263,21,23
176,262,22,23
176,262,21,22
176,261,20,23
176,260,19,23
176,259,19,23
175,258,20,24
175,257,20,24
175,257,20,24
175,257,19,23
175,256,19,23
175,256,19,23
174,255,19,23
174,254,20,24
174,255,19,22
173,255,19,22
172,255,20,22
171,254,21,23
171,254,20,22
170,254,20,22
170,253,19,23
168,253,21,22
168,253,20,22
167,253,20,22
167,253,19,22
166,252,20,23
165,251,20,23
165,252,19,22
164,251,20,23
164,251,19,22
163,250,20,23
163,250,19,23
162,249,21,23
163,248,19,23
163,247,20,23
163,246,19,22
163,247,21,22
163,246,20,22
163,245,20,21
164,244,19,22
164,243,20,22
164,241,19,22
164,240,19,22
165,239,18,22
165,238,17,21
165,237,18,21
165,235,19,21
164,234,20,21
164,232,19,22
164,231,18,22
164,229,18,22
163,228,19,22
162,227,20,21
162,226,19,21
161,225,20,20
160,224,20,21
160,223,19,20
159,222,18,20
159,221,17,20
158,220,18,21
157,219,18,20
155,219,18,20
154,218,20,20
154,217,19,20
153,218,20,20
153,218,19,19
153,218,19,19
152,217,19,19
152,218,19,19
152,218,18,18
151,217,19,19
152,216,19,20
152,216,18,20
152,215,17,19
152,214,18,21
153,213,18,21
153,215,18,19
153,214,18,19
152,214,18,19
153,213,18,19
153,212,18,19
153,211,18,19
153,210,18,19
153,209,18,19
152,208,18,18
152,206,18,18
153,205,18,18
152,202,18,19
152,202,18,19
152,200,18,19
151,199,18,19
151,198,17,18
150,197,18,18
150,196,18,19
149,196,18,19
148,195,18,19
147,194,19,20
146,194,19,20
146,193,19,21
145,192,19,22
144,191,19,22
144,191,18,22
143,192,17,22
142,192,19,22
142,191,17,23
140,192,17,21
139,192,18,22
138,192,18,22
137,193,18,22
136,193,18,22
136,192,18,22
135,192,17,21
134,192,17,21
134,190,18,23
133,188,18,24
133,187,17,23
133,186,17,23
133,185,17,23
132,183,17,24
131,181,18,24
131,180,18,24
131,178,18,23
130,177,18,23
130,175,18,24
130,174,17,23
130,172,18,24
130,170,17,24
129,169,18,24
129,168,18,24
129,168,18,24
129,167,18,24
129,167,18,24
129,168,18,24
129,168,18,24
130,169,17,23
130,171,17,23
130,172,18,24
130,175,18,24
130,177,18,23
131,180,18,23
131,183,17,22
131,185,18,24
132,189,17,23
131,192,18,23
131,196,18,23
131,199,19,23
133,203,17,23
133,206,17,23
133,210,18,23
134,214,17,22
135,218,17,22
135,223,19,21
135,227,19,21
136,230,19,22
137,234,18,21
139,239,17,20
139,243,19,20
141,247,18,20
143,249,17,22
144,253,17,20
145,256,18,20
147,260,18,19
148,263,18,20
150,265,18,20
152,268,18,20
153,271,18,20
155,274,18,18
156,276,18,19
157,278,18,19
158,280,18,19
159,283,17,19
159,285,17,19
159,287,17,18
159,290,17,18
158,293,16,17
156,294,18,18
155,296,17,18
153,299,18,17
151,302,17,16
149,303,18,17
147,305,16,16
144,306,17,16
141,309,18,15
138,311,18,14
135,311,17,15
134,314,15,14
130,317,16,11
127,318,17,11
125,319,17,12
122,319,19,14
120,319,18,13
119,319,18,13
118,318,17,14
117,318,18,13
116,318,18,14
116,317,16,13
117,317,16,12
116,314,19,14
118,312,17,14
119,311,17,13
120,308,18,15
122,306,19,15
126,304,17,15
128,302,17,15
131,301,17,13
135,299,16,14
137,297,18,14
140,295,17,11
144,293,16,11
148,292,14,11
150,290,16,10
152,289,17,11
156,287,15,11
158,287,17,10
160,284,17,10
164,284,16,9
163,283,18,9
163,282,18,9
163,281,18,9
169,280,18,9
169,280,18,9
170,280,18,9
172,280,17,8
171,279,17,8
172,278,17,8
171,278,17,8
175,281,17,8
177,281,16,7
178,280,16,8
179,280,15,7
178,279,15,8
178,280,15,8
179,280,14,7
180,281,13,7
179,280,13,8
178,280,13,8
178,280,12,7
178,280,12,8
176,281,11,7
175,280,11,8
175,280,10,7
175,279,10,8
174,279,9,7
174,279,10,6
174,279,10,5
173,278,10,8
170,277,16,8
170,277,16,8
170,276,16,8
170,275,16,8
171,274,16,8
172,274,15,7
173,277,15,8
174,279,14,7
175,278,13,7
177,280,12,7
178,279,12,8
180,281,11,7
182,282,11,8
184,283,10,7
187,286,10,8
188,288,9,7
188,291,14,7
189,292,13,7
193,294,12,7
193,296,16,12
195,298,16,12
197,301,17,12
200,305,17,14
202,308,18,15
205,311,18,14
207,316,19,13
210,320,19,13
214,323,18,12
217,326,17,11
219,330,17,11
224,335,16,11
228,338,15,12
230,341,16,12
233,343,16,13
236,346,16,13
239,348,16,13
242,350,16,13
244,351,17,13
247,353,16,13
248,354,18,13
251,353,15,13
255,355,15,13
256,355,17,12
259,357,17,12
262,357,16,11
263,357,16,12
264,356,17,14
267,355,17,14
270,354,15,15
271,353,17,16
273,352,18,15
277,354,15,14
278,354,15,13
279,354,16,13
282,355,15,13
284,355,14,13
286,354,15,14
286,355,16,14
288,356,16,14
288,358,15,13
290,359,17,14
291,360,15,14
291,361,17,14
293,363,15,14
295,364,14,14
295,365,15,14
295,366,17,15
294,366,19,16
294,368,19,16
294,370,19,16
295,371,18,16
294,372,18,16
294,374,18,17
294,375,17,18
294,375,18,18
293,374,18,18
293,376,17,17
292,375,17,18
291,376,17,18
289,375,18,19
289,375,17,18
287,374,17,18
287,373,17,18
286,372,17,18
285,372,17,18
284,371,18,19
283,371,18,19
282,369,17,18
280,368,17,18
279,367,18,19
277,366,18,19
277,365,18,19
277,364,18,19
276,364,19,20
275,364,19,20
274,362,19,20
274,361,19,20
274,360,19,20
272,359,18,19
270,359,17,18
269,358,17,18
269,357,17,18
267,356,16,17
266,357,19,17
265,356,19,18
265,355,18,16
263,354,18,16
263,351,15,16
261,349,15,16
260,349,15,16
258,349,15,16
256,347,17,16
255,346,17,16
254,344,17,16
250,342,19,18
248,341,19,18
247,339,19,18
246,336,19,18
244,335,19,18
241,334,19,18
240,333,18,17
238,330,17,17
236,328,17,17
233,326,19,16
231,325,19,16
228,323,18,15
227,320,19,18
225,318,18,17
222,316,19,21
220,314,20,21
217,311,20,20
215,309,21,20
212,306,21,22
210,303,20,22
208,300,19,21
206,300,18,20
204,298,19,20
202,295,18,19
200,294,18,19
198,293,17,17
196,290,18,18
194,286,21,21
192,286,21,20
190,284,21,19
190,283,20,19
190,281,20,19
187,279,20,18
186,278,20,21
184,276,22,22
183,275,22,21
182,273,22,23
181,273,21,23
180,273,20,23
179,272,20,22
180,272,20,21
179,272,19,23
178,272,21,24
177,272,21,24
176,271,21,23
177,272,21,22
176,273,21,23
175,273,22,23
174,273,23,23
174,273,22,24
176,273,22,23
175,273,21,25
174,273,23,25
174,273,22,26
174,274,23,27
174,275,22,26
174,276,22,27
174,277,21,26
174,278,20,25
175,279,19,25
175,280,19,25
175,281,20,25
175,282,21,25
175,283,19,25
176,284,18,24
176,285,19,24
176,285,18,25
176,285,19,27
177,286,16,27
177,288,17,27
178,287,17,28
177,289,17,28
177,290,17,28
178,290,16,27
179,291,16,27
180,293,13,26
181,294,14,25
181,294,13,25
182,294,12,26
183,293,12,25
182,295,13,25
183,293,14,27
184,294,11,27
184,294,14,24
184,294,13,23
184,293,13,22
185,294,12,26
183,293,14,27
183,295,14,27
183,295,16,23
184,295,15,25
185,295,14,24
185,295,14,25
185,295,14,24
185,296,15,21
186,296,14,22
185,295,16,23
185,295,17,24
185,295,16,24
183,295,20,24
184,297,18,22
183,300,20,21
183,300,20,19
184,300,19,19
184,301,22,18
184,301,23,20
186,301,23,19
185,301,24,20
187,302,23,19
188,302,22,18
189,303,22,19
188,303,24,19
190,303,22,19
191,303,21,19
192,303,21,21
193,302,22,22
193,303,23,21
193,302,22,20
195,303,21,20
195,303,21,20
196,302,20,25
197,301,19,24
196,302,20,23
197,302,19,22
197,303,19,23
197,301,17,25
197,301,18,25
198,301,17,25
198,301,16,25
197,301,17,26
197,301,17,25
197,301,17,25
196,300,16,25
196,301,16,27
196,302,15,26
195,303,14,25
195,303,14,24
194,303,15,27
193,303,15,27
193,304,14,27
192,304,13,27
192,305,12,27
191,305,12,27
191,307,12,26
190,308,11,27
190,309,11,27
189,309,11,27
187,310,12,28
187,310,11,28
187,311,11,27
186,312,11,27
186,313,12,27
186,313,11,28
186,312,10,29
186,313,10,29
186,314,10,29
186,314,10,28
186,316,10,27
186,317,10,26
185,317,11,26
186,318,11,26
186,318,11,25
186,318,11,25
186,319,12,26
186,319,13,27
187,320,12,26
187,320,12,24
187,320,12,23
187,322,14,26
187,323,15,26
187,323,14,24
188,325,14,26
189,326,14,27
188,326,15,27
188,327,15,28
189,329,15,28
188,330,16,28
187,332,17,27
187,333,17,27
187,334,17,27
186,335,18,27
185,336,19,27
184,336,19,27
183,336,20,28
183,336,19,27
182,335,20,27
181,334,19,26
180,333,19,26
179,332,19,27
178,331,20,27
176,328,21,27
176,326,20,25
174,323,19,24
173,319,20,27
171,316,22,27
168,312,24,26
167,309,23,27
166,306,22,26
165,303,22,26
163,299,23,26
160,296,25,27
160,294,24,27
159,292,24,27
157,289,25,26
156,287,24,25
154,285,27,26
152,282,27,27
152,280,26,26
151,279,25,25
150,279,27,26
149,278,28,26
148,277,28,26
148,277,28,26
148,276,27,25
149,276,30,28
147,277,31,27
147,277,33,26
147,278,33,25
149,279,32,24
149,279,34,26
150,279,35,25
151,279,33,26
151,280,36,25
153,281,35,25
155,280,34,25
156,280,33,24
159,280,35,25
161,280,37,24
163,280,36,24
165,278,36,25
166,278,37,24
169,276,37,25
169,275,39,24
171,273,39,25
172,271,38,24
173,269,39,24
173,267,40,24
174,264,39,24
174,262,39,24
173,259,39,24
171,256,39,24
170,254,39,24
169,251,41,24
167,248,39,23
165,245,38,22
163,241,39,21
160,238,40,22
157,234,39,21
153,231,41,20
149,226,42,22
146,223,41,20
142,218,41,21
136,216,42,21
131,212,41,20
126,209,43,19
120,206,43,20
115,204,43,18
109,202,44,19
103,201,44,19
97,200,46,18
93,199,45,18
90,199,44,18
85,198,44,18
80,199,44,18
77,199,43,18
75,200,42,18
72,200,44,20
70,201,44,20
67,203,45,19
65,205,45,18
64,207,44,17
63,208,43,19
61,210,44,19
59,211,45,19
60,212,43,19
59,214,46,19
58,215,45,19
58,217,45,18
58,218,44,17
59,220,45,16
59,221,46,17
59,221,45,16
62,221,45,17
63,221,46,18
65,221,46,17
67,221,46,17
69,220,46,17
72,220,46,17
74,220,46,17
77,218,44,17
80,218,45,17
83,218,45,17
85,218,45,17
89,218,46,17
92,217,46,16
95,217,46,16
98,218,46,16
102,219,46,16
105,218,46,16
110,218,46,16
114,218,44,16
118,218,44,16
122,219,43,15
126,219,44,16
129,220,46,15
134,220,44,16
137,220,46,17
141,220,45,16
145,222,44,15
148,222,44,15
152,223,46,15
156,223,44,15
159,223,44,15
163,224,45,16
166,224,45,16
168,225,46,16
170,225,46,16
174,225,46,17
176,225,46,17
180,226,46,18
182,226,44,18
185,227,44,18
188,228,44,18
190,229,44,18
193,230,44,18
198,231,44,18
201,232,45,18
203,233,45,18
207,234,42,17
209,234,42,17
215,234,38,18
217,235,38,16
219,236,37,16
221,237,36,15
222,237,37,15
223,238,37,15
224,238,36,15
224,239,35,15
225,239,37,15
225,239,35,16
225,240,38,16
225,240,36,16
224,240,35,17
223,241,36,16
223,242,37,16
223,242,35,17
222,243,35,17
222,244,34,17
221,244,35,18
220,244,35,19
219,245,35,18
219,246,34,18
219,247,33,17
218,248,32,18
218,249,34,18
216,250,34,18
216,250,33,19
215,251,34,18
215,251,33,20
215,252,33,20
214,252,32,19
213,252,33,20
212,253,33,19
211,252,33,20
211,251,31,20
210,251,32,20
208,250,31,19
207,248,33,22
206,247,32,22
204,245,32,22
203,243,31,23
201,241,32,23
200,239,31,24
198,237,33,23
197,235,32,23
196,232,31,24
194,231,30,22
193,227,30,24
191,224,31,27
189,223,29,25
188,220,30,25
186,217,31,26
185,215,30,25
183,213,29,25
182,210,28,25
180,207,29,26
180,206,28,24
178,202,29,27
177,201,28,27
175,199,28,26
175,197,27,27
174,195,27,27
173,193,27,27
173,191,26,28
172,190,27,28
172,189,26,27
172,185,28,30
172,184,27,29
173,183,26,28
173,181,26,29
173,180,25,28
171,176,28,30
172,174,28,31
173,173,28,29
174,172,28,28
175,170,28,30
176,169,28,28
176,166,28,28
177,163,28,30
180,161,25,29
181,158,25,29
182,156,25,29
183,154,23,27
182,151,24,28
182,148,23,27
180,145,26,28
179,143,24,27
178,140,25,27
177,135,25,29
177,131,23,28
174,126,24,29
174,123,24,28
171,118,25,28
168,113,26,29
166,109,26,29
165,106,25,28
162,102,25,27
161,97,24,27
159,93,24,28
158,89,24,28
157,85,23,28
156,81,21,28
154,78,23,28
153,73,23,29
152,70,23,29
152,65,23,28
151,62,24,27
151,58,24,29
151,55,24,27
152,53,23,26
152,49,23,26
154,46,23,28
155,43,23,28
157,40,22,30
159,36,22,33
161,37,22,28
163,36,21,27
166,34,22,28
168,33,21,27
171,33,21,25
172,34,22,25
175,33,21,26
177,34,20,27
178,35,22,26
181,37,21,25
183,39,21,25
184,40,21,25
187,46,19,23
189,49,20,24
191,53,19,23
191,56,20,26
192,60,20,24
193,64,20,26
193,69,20,25
194,74,19,24
194,80,20,23
195,86,19,24
196,91,18,23
