703,508,95,91
704,507,93,93
705,507,92,94
705,507,92,94
704,507,93,95
703,507,91,95
704,507,91,97
703,507,91,97
702,506,92,98
703,506,91,98
702,507,91,97
703,506,91,98
703,507,90,97
706,508,89,96
704,507,90,96
705,509,90,96
706,510,89,95
708,510,89,95
708,509,90,95
708,508,90,95
709,507,91,96
710,507,92,96
712,507,92,96
713,507,92,96
714,507,92,96
717,506,92,98
719,507,92,98
721,508,92,98
723,508,91,97
726,509,90,96
727,510,91,96
728,510,93,96
729,509,93,96
730,509,93,96
731,509,93,96
732,508,94,97
733,509,94,97
733,508,95,98
735,507,96,99
734,505,96,99
735,505,96,99
735,505,97,99
737,505,95,97
736,503,98,98
737,503,97,97
738,503,96,97
737,502,95,96
738,502,94,95
738,501,93,94
739,500,91,92
739,497,91,93
740,493,92,95
739,490,93,96
738,490,93,95
737,489,93,94
738,488,94,94
739,486,94,94
739,484,94,95
739,482,93,95
739,481,95,95
741,480,95,96
742,480,95,94
742,478,95,94
744,479,94,93
744,477,95,93
744,477,96,94
744,476,95,94
744,476,95,94
745,476,95,97
746,478,95,97
746,480,95,98
749,480,95,98
751,481,94,97
752,483,94,95
754,483,95,95
756,482,95,97
758,481,95,96
759,480,96,96
760,479,97,97
761,479,97,96
762,478,97,96
763,478,96,97
763,479,97,98
764,480,96,97
766,481,95,96
767,482,96,97
768,481,95,97
770,482,96,98
771,482,96,97
772,482,97,97
773,482,97,97
775,483,97,97
776,484,98,97
778,485,99,97
780,487,96,96
781,488,96,96
784,489,95,96
785,489,96,98
787,490,96,98
788,491,95,97
789,492,97,97
790,493,98,96
792,497,97,96
794,498,97,95
797,499,95,95
798,500,95,96
799,501,95,96
800,503,96,95
801,504,97,95
802,504,97,95
802,505,97,95
803,506,97,95
804,506,98,96
805,506,97,97
805,506,97,98
805,506,98,98
806,507,97,98
806,507,97,97
807,508,95,97
805,509,98,97
804,510,98,96
802,510,99,97
799,511,100,97
797,512,98,98
795,513,97,97
791,513,97,98
785,513,97,98
779,513,97,98
774,514,96,97
767,515,96,97
759,516,95,98
750,518,95,99
740,519,95,100
730,521,95,99
720,522,94,97
710,523,93,96
698,525,92,97
686,528,93,97
674,529,93,98
662,531,92,98
649,533,93,99
637,537,94,99
625,540,94,100
613,540,93,101
601,542,93,100
588,543,95,100
577,544,95,101
566,545,96,103
556,549,94,99
546,550,92,100
537,552,94,100
529,553,95,101
522,554,95,101
516,554,94,100
510,554,96,101
506,555,96,101
503,554,96,101
500,553,96,101
498,552,96,101
500,555,93,97
500,553,92,96
501,552,94,97
502,550,94,97
503,549,94,97
505,548,94,97
507,547,93,97
510,546,94,98
513,545,94,99
518,544,94,99
522,543,95,100
526,542,95,100
533,544,93,97
539,544,93,96
545,543,93,96
553,543,93,96
561,546,92,95
568,546,92,95
576,547,91,95
586,549,92,96
594,551,93,96
604,551,91,96
612,552,92,97
621,553,94,97
633,556,91,96
641,557,92,96
650,558,92,96
660,560,88,96
673,561,54,94
682,571,92,74
728,575,58,84
713,565,80,97
718,563,84,97
725,562,86,98
728,563,96,96
738,563,93,98
745,563,95,98
754,562,94,97
761,562,94,97
770,561,94,96
777,559,91,97
783,561,90,93
788,563,86,88
795,577,75,70
804,553,78,94
827,545,71,99
816,542,89,100
813,539,94,101
816,536,95,100
818,533,97,101
822,530,96,99
825,528,95,96
828,526,96,98
831,524,95,98
833,521,94,98
835,519,94,98
836,517,93,97
838,514,94,98
838,512,97,100
839,511,97,99
840,509,97,99
840,508,97,99
840,506,98,100
840,505,98,100
846,507,94,97
847,506,93,96
847,506,93,96
848,506,92,95
849,507,91,94
849,507,90,93
850,508,89,92
850,507,93,97
850,508,94,97
850,508,94,97
850,510,95,98
849,510,96,99
849,511,96,99
849,511,96,99
848,512,96,99
848,515,95,97
848,515,94,97
848,515,94,97
849,517,94,97
849,517,94,97
849,518,95,97
850,517,94,99
850,518,93,97
850,518,93,97
850,518,93,97
849,518,93,98
850,519,92,96
849,519,94,96
848,519,94,96
847,519,93,96
847,520,93,94
847,520,94,96
847,519,93,95
844,519,94,97
843,519,95,98
842,518,93,97
841,519,95,97
840,520,94,96
838,521,94,96
836,522,95,98
834,524,95,99
833,525,94,99
831,527,96,99
829,529,96,98
827,529,96,99
826,531,96,100
825,535,94,97
824,536,94,100
823,538,95,98
821,540,94,98
819,542,95,98
818,545,96,99
816,547,95,100
814,548,96,101
812,549,97,102
812,553,95,99
812,554,96,100
812,557,96,97
812,559,96,98
810,561,97,97
809,561,97,99
809,562,96,99
808,563,96,99
807,565,96,98
806,566,95,96
807,567,96,95
808,568,96,96
808,569,95,95
808,570,95,95
809,571,94,94
809,572,93,95
809,573,92,94
809,574,92,94
809,575,92,94
808,574,92,96
808,575,92,96
808,576,92,96
808,576,92,96
808,577,92,96
808,577,92,96
807,577,92,96
807,577,92,96
808,578,92,96
807,577,92,97
807,577,94,97
806,577,94,97
807,578,94,97
807,577,94,97
807,577,93,97
808,576,95,99
808,575,95,100
809,576,95,98
809,575,96,99
810,576,95,99
811,576,95,99
812,577,96,100
812,577,94,100
812,575,94,101
812,575,94,101
812,576,93,100
812,575,92,99
813,577,94,99
814,576,94,99
814,576,94,99
814,576,94,99
814,575,94,99
815,576,94,99
816,576,93,98
817,576,93,98
817,576,94,97
817,575,94,98
818,575,94,98
819,575,94,98
818,573,94,98
819,576,93,97
818,574,94,99
818,573,94,98
817,572,96,99
817,572,96,99
818,572,95,100
817,571,96,101
816,570,97,102
815,570,97,102
817,571,96,100
816,570,97,101
816,570,96,101
816,570,97,102
816,570,97,102
816,572,96,99
816,572,97,98
816,572,97,98
815,572,97,98
814,571,97,98
814,571,97,98
813,571,96,97
814,570,95,99
814,570,95,99
814,570,95,99
813,570,96,101
812,569,96,101
812,570,97,100
812,570,97,100
812,570,96,100
812,570,96,100
815,573,95,99
821,578,96,100
824,575,97,99
822,575,95,98
815,573,95,98
809,572,95,97
795,570,96,96
779,563,94,96
762,558,89,94
746,552,85,91
739,532,82,86
734,482,85,87
733,440,87,88
731,400,87,87
729,363,87,86
729,332,86,84
727,300,87,85
725,275,88,86
725,255,88,85
724,235,87,86
722,219,88,87
720,209,89,87
722,203,88,85
722,199,88,85
722,198,88,86
722,202,87,87
720,211,89,87
720,218,87,86
718,213,87,84
716,207,88,84
715,198,89,87
716,189,89,88
716,182,89,87
715,175,90,88
716,169,90,87
715,164,90,88
714,158,90,89
713,153,91,89
713,149,91,90
711,145,92,89
709,141,92,89
709,137,92,88
708,135,92,89
707,133,92,88
705,131,92,89
706,130,91,89
706,130,90,89
705,129,90,88
704,128,90,89
704,127,91,90
703,127,92,91
701,127,91,92
700,128,91,90
699,128,92,91
698,129,91,90
697,129,92,90
697,131,93,88
698,132,94,89
699,133,92,89
700,132,94,91
701,133,95,90
703,133,96,91
706,134,94,89
709,135,94,89
713,136,93,89
717,135,92,90
721,136,91,90
725,136,91,90
727,136,91,89
731,136,91,90
734,136,91,91
737,137,91,91
740,138,90,89
741,139,92,89
743,140,92,88
745,141,91,88
746,142,92,88
748,142,91,88
748,142,93,89
749,142,92,88
749,142,92,88
749,143,92,88
747,142,93,89
747,142,93,89
746,144,92,87
746,147,92,86
745,152,92,90
744,160,92,92
743,176,91,91
745,192,89,91
748,215,88,90
760,242,86,89
779,266,81,90
793,276,89,88
814,271,84,84
832,254,85,83
848,219,84,82
850,171,87,81
844,115,86,82
815,64,84,85
768,27,86,85
716,13,84,86
656,19,89,90
603,50,92,93
573,103,91,94
567,168,89,94
581,226,90,93
610,271,91,92
646,292,91,88
682,291,90,87
714,273,87,84
733,247,88,85
744,212,90,88
752,182,90,88
761,154,90,89
771,133,88,87
782,112,85,87
787,95,90,89
795,84,90,90
803,77,91,90
811,73,90,89
819,72,89,89
828,74,91,91
837,81,91,91
846,92,91,90
853,107,92,90
863,125,92,90
871,148,92,91
879,160,92,90
884,164,93,88
886,163,93,87
887,161,93,86
888,157,92,87
889,153,91,88
889,150,90,88
887,147,89,88
883,144,91,89
879,144,91,88
873,143,92,87
868,144,90,87
860,144,90,87
851,143,91,85
846,138,93,86
843,131,92,87
839,119,93,88
834,106,94,88
829,89,93,92
818,78,93,92
807,69,92,89
795,59,93,93
785,57,93,93
778,52,91,93
766,46,92,92
760,45,92,89
750,47,94,93
741,49,93,95
735,52,92,96
732,53,93,97
729,53,93,95
722,51,93,95
711,44,95,94
702,41,96,96
694,43,95,96
686,44,95,97
675,48,94,97
667,52,96,98
665,53,98,97
664,52,97,96
663,51,97,97
660,49,99,97
657,45,100,99
656,42,100,100
655,41,101,101
655,40,100,102
654,42,100,101
654,48,101,102
655,56,101,103
654,66,100,102
653,74,102,103
651,80,102,102
654,84,101,102
655,83,104,104
655,83,105,105
657,82,104,106
657,81,104,107
657,81,103,109
656,81,103,109
655,81,104,110
654,81,103,111
653,84,101,106
651,85,101,105
648,88,100,104
644,91,100,103
639,95,97,100
635,100,96,99
630,104,96,99
627,112,94,97
627,124,92,94
634,140,90,93
647,151,88,93
648,169,90,93
653,192,91,90
659,218,93,91
661,241,92,92
660,264,92,90
655,277,92,91
647,286,92,91
635,289,92,91
618,283,92,91
601,266,94,93
585,244,96,94
579,214,91,94
576,180,94,96
586,151,95,93
598,125,94,96
609,105,94,95
621,88,96,94
631,74,96,95
644,64,95,96
655,61,95,95
666,60,97,96
680,62,95,98
688,69,97,99
700,82,97,98
711,97,96,98
724,119,96,97
738,143,93,96
748,171,94,97
759,203,97,98
769,235,96,96
779,247,96,96
784,250,96,95
788,249,96,95
790,245,95,95
791,242,95,94
792,238,96,94
792,233,97,95
792,228,96,96
791,224,97,95
794,222,95,93
796,221,95,93
798,219,96,94
801,219,96,94
804,219,96,93
809,221,94,90
814,220,94,90
816,218,94,91
818,217,93,90
820,220,93,88
821,222,91,87
822,225,89,86
823,228,86,85
823,233,84,83
822,238,83,83
816,243,85,84
816,245,86,84
814,243,88,85
813,239,88,86
811,234,90,86
807,229,90,84
803,221,90,83
797,213,90,85
790,204,91,86
780,194,92,88
769,182,92,91
756,172,89,90
741,164,90,91
726,159,88,90
711,158,89,83
704,153,88,85
696,148,91,87
694,139,90,88
692,128,91,90
692,122,92,90
693,116,93,90
696,116,92,91
698,119,89,92
699,127,89,90
701,139,87,89
701,153,89,90
702,172,89,90
703,196,89,88
700,208,88,87
694,214,90,88
692,220,89,87
690,221,89,87
688,220,90,88
687,219,89,87
687,219,88,86
687,221,88,86
687,222,88,86
688,225,89,86
689,228,89,86
690,230,88,85
689,228,88,87
688,221,89,88
687,204,90,89
684,172,91,86
685,124,90,85
687,68,88,86
687,15,88,91
687,1,90,57
702,1,58,14
701,1,58,14
701,1,58,14
701,1,58,14
701,1,58,14
701,1,58,14
701,1,58,14
701,1,58,14
701,1,58,14
701,1,58,14
701,1,58,14
701,1,58,14
701,1,58,14
701,1,58,14
701,1,58,14
701,1,58,14
700,1,57,13
700,1,57,13
700,1,57,13
700,1,57,13
700,1,57,13
700,1,57,13
718,1,72,22
712,1,91,68
713,25,90,96
714,81,89,93
715,139,89,93
716,203,91,92
719,269,89,91
720,337,88,91
723,406,90,95
722,449,90,92
719,476,90,89
717,493,89,89
715,504,90,90
714,510,91,90
714,512,91,89
715,512,89,87
716,510,90,88
717,507,89,88
720,503,88,87
722,495,88,87
723,485,88,87
724,470,91,88
728,446,91,89
729,412,92,89
729,379,92,89
730,349,89,87
730,323,90,87
730,300,90,87
729,282,90,86
729,269,91,85
730,257,91,84
730,249,91,87
729,247,92,90
730,248,92,90
730,252,92,91
731,260,91,90
733,264,91,91
733,270,90,89
733,278,90,90
734,292,88,90
732,310,87,89
736,320,87,88
739,317,89,90
740,307,90,89
740,294,90,89
740,286,90,89
740,283,91,90
741,283,90,90
742,286,90,89
743,276,89,89
745,267,89,89
748,254,90,88
750,244,92,89
752,237,94,90
755,232,93,90
759,234,92,90
765,238,91,90
768,246,91,90
772,257,91,91
777,274,89,90
781,294,88,88
783,310,91,91
783,327,93,94
782,344,93,93
780,356,93,92
778,365,91,91
775,369,90,90
770,370,90,89
762,368,91,89
751,360,89,90
729,352,89,91
708,345,86,89
679,336,85,87
644,332,86,86
615,333,83,84
597,340,79,81
588,348,77,78
602,357,74,75
633,358,52,71
627,357,51,70
627,357,51,70
757,354,46,65
752,341,74,69
767,330,74,75
772,329,73,74
777,329,78,77
774,335,79,79
767,345,85,83
762,364,83,81
748,386,86,78
734,404,88,82
714,421,89,85
695,428,92,88
680,423,91,87
669,407,91,89
668,383,89,91
668,357,91,93
673,329,92,93
680,306,93,89
689,286,93,89
697,268,93,89
706,255,93,89
716,248,92,90
725,244,91,91
733,243,90,90
741,247,90,89
750,254,90,89
758,263,90,91
767,279,90,89
775,297,90,89
785,319,88,88
793,345,87,89
799,373,87,86
797,383,86,86
791,386,88,86
784,384,90,88
773,374,89,91
757,357,88,90
735,340,87,88
710,325,86,86
680,312,82,84
652,305,81,83
633,304,79,83
629,306,74,79
632,311,73,77
663,328,51,66
670,329,49,63
670,329,49,63
769,347,48,69
774,340,69,70
781,320,77,77
784,300,80,81
774,276,81,82
764,262,83,84
755,253,85,83
749,248,84,81
742,240,83,84
733,234,84,86
724,224,81,85
707,219,84,85
700,222,84,80
702,219,87,85
708,222,88,84
715,224,87,86
716,235,85,88
715,255,84,90
708,285,86,88
700,326,87,85
689,371,90,88
680,416,89,88
671,454,89,90
666,480,90,91
668,491,88,89
676,489,88,89
688,474,87,89
701,449,88,89
719,415,86,89
731,377,91,86
743,333,90,86
752,286,91,87
755,240,91,86
758,199,90,87
758,164,86,87
756,130,90,88
758,103,91,89
759,78,93,89
760,54,90,88
761,35,88,93
760,25,89,90
760,13,90,92
761,9,91,89
761,6,90,91
760,7,92,93
762,13,91,93
760,22,90,93
759,35,91,93
763,55,88,90
762,77,90,89
764,100,88,91
762,128,90,92
763,162,89,90
764,199,88,90
764,238,91,91
765,285,89,91
766,334,88,90
763,386,90,90
763,442,90,90
762,484,91,92
753,512,92,91
745,532,91,91
733,553,93,90
726,563,91,89
720,568,90,87
718,568,91,88
718,566,91,88
721,563,90,87
724,560,89,86
726,556,89,86
728,553,88,85
730,550,87,84
731,548,87,84
732,546,87,84
733,545,87,84
733,545,89,85
733,545,89,85
733,545,89,85
733,545,89,85
733,545,89,85
733,544,88,84
732,544,88,86
732,544,88,86
732,544,88,86
732,544,88,86
733,544,88,86
734,544,88,86
733,544,88,87
733,545,88,87
733,546,87,86
732,547,87,86
731,548,87,86
731,546,88,87
731,546,88,87
731,546,88,87
731,546,88,87
729,547,88,87
728,548,88,87
727,549,88,87
726,550,88,87
725,551,88,87
725,552,88,87
724,551,90,87
725,550,90,87
726,550,90,87
727,549,90,87
728,548,90,87
728,547,90,87
729,546,90,87
730,545,90,87
730,544,90,87
730,544,90,87
731,544,90,87
731,545,91,87
731,545,91,87
730,544,91,87
729,543,91,87
729,542,91,87
728,541,91,87
727,540,91,87
727,540,91,87
726,539,91,87
725,538,91,87
727,542,91,87
727,542,91,89
726,541,89,89
726,541,89,89
725,540,89,89
725,542,89,89
723,542,89,89
722,541,89,89
720,542,89,89
719,542,89,89
720,543,89,89
720,544,89,89
720,544,89,89
719,543,89,89
719,542,90,89
719,542,90,89
719,542,90,89
719,542,90,89
717,542,90,89
716,542,90,89
716,542,90,89
716,542,90,89
715,542,90,89
714,542,90,89
714,542,90,89
717,538,90,89
718,538,90,89
719,537,90,89
717,534,90,89
717,533,90,89
717,533,90,89
717,533,90,89
719,531,90,89
721,531,90,89
722,530,90,89
723,530,89,91
723,529,89,91
722,529,89,91
722,529,89,91
720,529,89,91
718,528,89,91
717,527,89,91
717,527,89,91
717,526,89,91
717,525,89,91
717,523,89,91
716,517,89,91
716,511,89,91
715,501,89,91
715,490,89,91
717,478,89,91
719,462,89,91
724,443,89,89
731,422,89,88
739,397,89,86
744,369,89,86
750,341,88,87
754,311,88,84
753,280,89,85
748,255,91,85
744,231,87,84
742,213,86,84
736,197,85,86
731,187,84,85
727,176,83,84
723,168,86,85
721,162,86,83
718,156,85,82
715,150,84,81
711,148,84,84
709,148,82,85
702,147,83,85
697,145,84,84
693,145,84,84
689,146,84,84
687,148,84,85
683,151,83,85
680,153,81,84
676,159,79,83
671,170,77,82
660,179,83,84
655,196,85,83
653,209,81,81
648,217,83,81
646,224,83,82
643,227,84,83
641,229,84,83
642,233,82,80
642,236,80,79
641,240,79,78
640,243,78,77
633,247,80,78
631,251,81,79
629,253,82,80
627,254,81,80
625,256,81,81
625,258,81,80
624,259,81,80
623,260,80,80
622,261,80,81
623,262,80,81
624,263,80,81
624,262,80,81
626,263,80,81
628,263,80,81
629,263,78,80
632,265,77,79
633,265,76,78
635,266,77,78
635,267,77,78
635,268,76,77
635,267,78,76
638,267,78,77
639,266,79,78
639,267,80,79
639,267,79,79
639,267,79,79
639,268,78,78
640,267,78,78
639,266,78,78
639,266,78,78
637,265,78,78
636,265,78,78
636,266,78,78
635,266,78,78
630,266,78,78
630,268,78,78
625,267,79,78
622,267,80,79
620,267,80,79
616,266,79,80
612,259,80,81
609,252,80,79
607,241,82,77
615,231,81,77
631,226,80,80
646,230,78,82
663,251,80,83
677,290,81,85
683,351,82,87
686,418,86,87
691,488,86,90
698,564,84,92
700,563,84,88
702,509,83,88
702,460,84,87
703,415,85,85
704,374,86,84
707,337,85,83
709,305,83,81
715,291,83,80
706,295,84,81
674,316,86,83
632,340,78,80
583,341,77,79
549,325,74,74
531,303,73,72
521,287,74,69
514,278,71,70
509,278,72,71
505,294,73,72
502,310,77,77
524,326,73,79
555,336,73,80
585,341,81,83
623,351,82,81
658,358,83,82
686,384,83,82
706,432,86,91
722,499,87,91
736,573,91,95
738,562,88,91
734,510,89,91
728,463,90,89
722,421,90,87
718,383,89,86
714,348,87,83
710,315,87,85
704,288,86,83
702,264,83,82
698,245,81,82
696,242,80,84
712,257,80,85
727,301,78,86
712,351,75,82
665,376,73,83
609,370,76,81
563,345,80,78
534,311,81,76
520,272,79,72
514,232,82,76
528,196,76,75
542,162,75,73
564,127,71,74
600,100,65,75
624,80,77,72
666,73,78,74
712,81,59,74
751,115,71,78
777,162,74,79
782,217,78,79
766,269,78,82
736,319,77,81
690,346,77,80
638,346,78,79
594,329,81,82
562,301,82,84
552,272,83,84
554,251,83,81
560,229,81,83
564,213,84,84
570,201,83,84
576,191,83,84
581,185,84,85
586,185,85,86
593,188,84,84
597,193,83,84
604,203,83,83
610,215,84,85
615,231,84,85
621,253,84,86
626,277,84,85
630,304,85,86
634,328,84,84
635,334,84,84
635,339,83,85
631,340,82,84
622,335,83,81
613,329,83,81
604,320,84,79
595,314,85,80
586,309,83,79
577,305,84,80
569,305,85,81
563,305,85,80
559,309,84,81
556,314,81,78
551,321,80,79
547,332,81,81
543,349,80,82
538,369,79,82
534,394,79,82
530,422,74,39
524,469,80,69
520,490,79,84
513,530,80,85
508,574,82,82
506,550,81,81
503,521,79,80
501,496,79,80
498,472,78,79
493,454,79,79
489,440,79,76
486,426,79,77
484,418,79,77
482,420,80,78
484,429,79,78
494,443,78,78
508,461,76,77
529,479,73,76
561,498,71,76
609,512,54,77
685,517,43,73
695,499,69,77
712,465,73,79
715,426,74,83
696,389,78,83
664,353,79,83
622,321,77,83
574,290,80,84
530,258,83,86
494,232,86,83
481,208,78,66
482,186,76,74
490,165,80,79
519,148,75,79
554,139,73,74
596,134,37,66
687,138,23,57
686,142,60,78
706,160,76,81
729,189,80,84
741,231,85,84
732,280,84,86
697,332,86,89
650,367,87,91
588,375,89,93
529,354,91,92
483,316,94,94
452,280,92,88
439,236,90,90
438,198,89,89
451,164,84,87
468,132,81,87
496,102,78,85
535,74,65,82
547,52,85,86
587,40,84,84
626,36,55,85
666,47,70,85
699,69,79,85
727,102,78,82
742,143,78,79
756,184,73,75
761,226,72,70
758,262,72,71
750,293,71,75
733,320,72,69
692,332,80,84
642,335,81,85
587,327,83,86
551,316,81,84
542,306,78,80
566,299,68,74
617,334,29,26
617,332,29,26
617,332,29,26
694,262,50,49
690,268,53,49
681,280,59,40
672,292,55,27
662,307,46,21
659,311,44,20
659,311,44,20
720,403,26,39
711,399,47,59
710,397,60,67
715,383,63,74
715,364,71,80
709,344,81,81
700,322,81,81
684,300,81,82
650,283,82,81
608,272,84,81
556,270,87,83
504,276,88,85
470,291,80,86
446,309,84,83
446,322,82,81
465,335,78,77
493,339,60,78
530,341,37,63
530,341,37,63
652,342,20,62
650,338,46,66
651,330,64,76
651,330,67,78
653,333,77,78
656,332,79,81
654,331,77,80
648,329,76,82
638,334,79,80
629,341,80,78
623,351,79,79
616,365,79,78
609,381,78,80
602,403,77,77
597,419,76,78
594,423,75,80
591,422,74,80
593,416,73,80
595,400,74,75
595,373,73,73
591,341,72,73
582,303,73,75
563,268,75,74
535,237,74,71
501,205,75,75
459,186,81,78
419,179,80,74
376,176,79,75
336,182,80,81
301,200,83,81
272,223,83,82
250,244,84,83
237,259,85,83
232,266,85,84
229,268,85,84
228,266,84,84
227,261,84,84
227,253,84,84
227,244,84,84
228,235,84,84
229,226,84,84
233,218,85,84
237,210,85,84
242,203,88,82
249,195,89,82
256,192,89,82
264,191,89,82
272,190,89,82
282,189,89,82
292,193,90,84
302,193,90,85
312,192,89,85
321,192,90,86
329,191,91,87
336,190,91,87
342,189,91,87
350,188,89,86
357,189,88,85
365,190,87,84
371,191,86,83
378,192,85,84
384,194,87,87
388,196,88,87
393,198,91,89
400,203,91,90
405,206,91,90
411,209,92,91
418,215,92,92
424,219,92,92
433,224,91,92
443,228,91,92
454,233,90,91
464,236,90,90
475,237,92,89
489,235,91,89
504,230,92,90
524,216,91,89
546,196,91,88
569,177,87,88
587,162,85,89
605,150,87,88
625,142,86,87
641,137,87,86
655,132,85,87
660,129,88,89
664,127,89,90
665,127,89,91
661,129,89,92
653,134,89,91
638,140,90,91
615,148,90,91
588,156,89,85
563,167,89,80
541,177,90,85
527,185,89,87
521,190,89,88
522,193,88,91
529,192,89,93
545,192,88,93
565,188,87,89
597,180,85,86
635,162,92,84
680,134,91,93
705,102,91,93
706,66,91,93
706,35,92,91
704,10,91,89
704,1,90,77
703,1,90,58
703,1,89,41
708,1,82,29
707,1,73,22
715,1,63,19
717,1,58,17
712,1,63,23
699,1,80,31
697,1,83,40
691,1,92,57
690,1,93,75
685,7,93,92
683,34,94,93
687,65,90,92
682,101,89,90
684,133,89,89
683,156,90,90
680,172,90,90
679,185,90,90
681,191,91,89
683,195,89,88
686,197,89,89
688,197,91,89
690,196,92,90
697,197,91,89
698,196,92,90
702,197,89,87
703,197,88,86
705,196,88,88
706,196,89,89
706,194,90,90
707,195,89,90
706,195,90,91
703,195,88,92
702,197,86,89
698,198,88,88
696,197,89,89
694,197,90,89
692,198,89,90
691,197,90,91
689,196,89,92
688,198,87,89
687,198,87,89
685,198,88,90
682,196,89,91
680,195,90,92
678,195,91,93
676,195,91,94
674,196,91,92
672,196,91,92
671,196,91,92
669,195,92,93
668,194,92,93
667,194,92,93
664,193,92,93
662,192,92,93
665,192,92,90
666,192,92,90
664,191,92,90
662,188,92,90
661,187,92,90
660,187,92,90
661,186,92,90
659,183,92,90
659,182,92,90
658,182,92,90
657,181,92,90
658,183,92,90
656,184,92,90
656,184,92,90
655,184,92,90
657,183,92,90
656,184,92,90
656,185,92,90
656,183,92,90
655,182,92,90
656,183,92,90
658,182,92,90
657,181,92,90
659,180,92,90
660,180,92,90
660,179,92,90
660,176,92,90
660,175,92,90
661,176,92,90
663,175,92,92
665,176,91,92
666,177,91,92
667,177,91,90
671,175,91,90
673,173,90,91
674,172,91,89
677,172,91,90
680,171,90,90
682,167,89,89
684,163,89,89
687,159,89,89
691,157,89,89
693,152,89,89
696,149,88,88
698,148,89,88
699,147,90,89
705,146,91,89
710,144,90,89
715,144,90,89
720,145,89,87
719,143,90,87
723,137,89,82
723,132,87,83
722,127,88,86
721,124,89,87
724,123,88,86
725,124,85,86
724,124,86,87
724,123,87,88
724,123,87,88
725,124,87,88
724,123,87,88
723,120,87,86
722,120,86,86
722,120,87,87
723,122,89,89
727,124,88,89
730,128,86,88
731,130,85,88
732,131,84,84
732,130,85,85
734,132,87,85
734,132,88,86
735,131,89,87
738,134,89,86
738,135,89,86
738,133,89,86
741,131,86,86
742,132,86,84
742,131,86,85
744,130,86,86
746,131,84,87
746,132,84,87
745,130,84,87
746,132,84,87
745,132,84,87
744,130,84,87
743,130,84,87
743,132,84,87
743,132,84,87
743,132,84,87
745,135,84,87
746,135,84,87
747,133,84,87
744,131,84,87
743,131,84,87
743,130,84,87
744,131,84,87
744,132,83,86
744,132,83,86
744,131,83,86
746,133,83,86
746,131,83,86
741,130,83,86
740,130,83,86
741,129,83,86
740,128,83,86
740,128,86,87
740,128,86,87
738,124,86,87
736,123,86,87
735,121,86,87
733,118,86,87
729,116,86,87
726,115,86,87
723,112,86,87
718,110,86,87
715,111,86,87
712,109,86,87
711,110,86,87
711,111,86,86
710,111,86,86
705,110,85,86
702,112,84,84
702,113,84,84
700,112,84,84
697,114,86,87
696,115,85,87
695,114,86,88
694,119,86,87
694,122,86,87
694,127,86,87
688,136,86,87
685,142,86,87
681,149,86,87
675,157,86,87
670,167,85,86
661,178,85,86
651,188,87,86
643,200,86,85
631,211,87,86
621,225,86,88
608,239,87,87
595,250,88,88
585,262,88,88
577,272,86,87
573,283,83,86
571,291,83,82
577,295,82,81
588,298,65,79
600,304,46,72
614,327,28,50
611,324,28,50
611,324,28,50
611,324,28,50
611,324,28,50
611,324,28,50
765,293,25,42
764,296,35,48
763,285,55,73
758,275,75,81
763,274,75,82
775,276,76,82
779,277,83,82
786,279,83,82
792,285,82,82
794,287,81,81
796,293,81,82
798,298,84,82
797,304,85,82
794,308,87,84
790,317,85,84
782,325,87,88
773,333,89,87
763,341,89,88
749,350,90,88
741,360,90,89
729,370,91,90
719,379,88,90
712,386,88,92
706,394,90,88
706,398,89,89
708,403,89,84
710,403,89,83
716,406,88,82
722,408,88,75
731,409,87,66
736,409,84,58
743,407,79,54
747,402,74,49
758,397,67,46
763,355,81,83
777,348,82,83
793,339,76,82
797,330,73,80
812,318,77,84
815,309,85,86
819,300,87,85
826,290,88,86
831,280,89,88
835,273,90,86
837,264,91,87
838,256,91,84
837,251,94,86
832,245,95,83
827,238,96,85
819,231,97,88
810,227,98,93
801,223,99,96
787,223,101,97
769,224,102,97
750,226,103,99
730,227,103,99
707,232,100,98
684,236,102,103
657,243,102,102
630,251,104,101
604,259,100,101
575,266,102,100
550,276,100,100
524,285,102,99
500,294,101,98
480,304,99,96
463,309,98,96
446,317,98,94
433,327,97,94
424,337,96,93
419,344,89,93
410,348,92,95
408,352,92,95
407,356,93,93
406,359,93,92
408,362,90,90
411,366,89,87
413,369,89,86
417,370,87,85
421,372,86,84
425,374,86,84
427,376,85,83
434,383,83,83
436,386,82,84
441,391,80,83
447,395,81,81
453,399,80,80
457,402,79,80
465,406,78,80
472,409,77,78
478,411,76,76
483,413,76,76
489,416,76,76
494,420,76,75
497,422,76,74
500,424,77,75
505,429,76,73
510,431,76,73
516,433,75,73
521,434,74,74
526,436,74,75
533,439,75,76
544,440,72,75
549,441,73,76
557,442,72,75
563,443,72,75
571,445,72,75
577,446,72,74
586,447,70,70
592,448,70,70
600,449,67,68
607,448,69,67
615,447,69,66
623,446,69,56
633,446,68,52
643,447,69,45
655,446,67,35
665,446,67,33
675,448,73,39
689,447,71,51
701,450,69,57
712,453,69,63
724,459,68,66
733,459,71,69
742,461,74,73
752,467,74,73
763,469,74,74
774,474,76,75
784,477,77,76
793,480,78,77
802,482,78,77
811,483,78,77
820,487,78,77
830,488,77,76
838,493,77,76
843,494,81,76
848,494,84,77
852,494,84,78
856,492,85,79
860,492,86,81
862,489,87,82
863,488,88,83
866,485,86,84
867,483,85,85
867,481,86,86
866,477,87,87
866,476,88,88
864,472,89,90
862,470,89,90
862,465,88,88
860,463,89,89
857,462,89,86
855,460,89,86
851,456,89,86
849,454,89,86
842,453,89,86
839,451,89,86
836,449,89,88
834,445,90,89
832,443,91,90
830,439,91,90
827,435,91,90
826,429,90,89
821,421,90,89
820,415,91,89
819,406,91,89
815,395,91,89
815,381,89,88
813,368,91,88
813,354,90,89
813,342,87,88
811,329,88,85
807,316,90,86
805,304,91,86
804,292,90,87
805,279,88,88
803,268,88,88
802,259,88,89
800,245,89,89
799,237,89,87
799,227,90,88
797,218,91,88
797,207,91,86
797,199,90,86
797,186,90,87
797,178,91,88
797,170,92,89
797,160,87,85
798,150,85,87
799,143,88,86
800,134,88,88
800,127,90,90
799,120,92,90
803,112,89,86
804,105,89,87
805,101,89,88
806,96,89,89
807,93,89,88
808,89,89,87
808,84,90,89
809,82,90,90
810,80,90,90
811,80,90,90
812,81,91,88
812,79,90,89
812,79,91,90
812,78,92,91
813,78,90,89
814,80,89,88
814,80,90,89
815,81,88,89
815,83,87,90
814,83,88,90
813,85,89,91
813,88,88,88
813,89,87,89
813,91,87,88
813,92,87,89
812,93,87,89
812,96,87,89
813,97,88,90
813,97,86,90
815,102,84,89
814,103,85,88
815,106,86,88
816,109,89,86
816,111,88,85
820,115,86,83
821,116,85,83
822,117,86,84
823,120,87,85
824,121,87,85
825,122,88,86
826,125,88,86
828,125,89,87
829,127,90,88
829,128,91,89
831,132,85,83
832,133,84,82
833,135,84,82
834,134,83,81
833,135,82,80
834,136,84,81
835,136,83,82
835,137,84,83
835,136,83,82
834,135,83,83
833,137,84,84
833,138,84,83
833,137,85,84
832,137,86,85
833,136,87,86
832,134,88,87
831,134,89,88
830,134,90,89
829,133,90,89
829,134,85,85
829,134,84,84
827,135,85,84
826,136,87,85
825,135,87,85
822,133,87,85
816,134,85,83
816,139,84,82
814,149,80,80
810,157,81,86
806,175,82,78
804,192,82,85
798,211,80,83
789,222,76,81
770,232,73,79
761,238,55,78
762,242,37,78
764,256,17,67
764,255,16,66
764,255,16,66
661,259,23,54
661,259,23,54
661,258,23,54
661,257,23,54
661,256,23,54
661,255,23,54
662,254,27,54
670,260,19,46
675,266,15,39
675,265,15,39
675,265,15,39
675,265,15,39
675,265,15,39
675,265,15,39
778,265,8,45
776,254,16,59
776,254,22,61
777,253,27,64
772,248,36,71
772,248,40,75
773,247,44,80
774,246,50,83
775,247,52,78
776,246,59,81
774,248,65,78
774,248,68,77
773,247,73,80
777,247,76,81
777,247,76,82
780,247,76,81
780,247,76,82
779,247,78,83
781,248,79,84
780,248,80,84
781,248,79,85
781,248,80,86
780,248,81,87
779,248,82,88
778,248,83,89
780,250,83,86
782,251,83,85
782,251,84,86
783,251,83,85
785,252,82,84
787,252,81,83
790,253,84,85
795,255,84,85
795,255,84,85
797,256,83,84
798,258,82,83
799,261,85,83
800,264,87,84
800,264,87,86
801,267,87,86
803,270,86,86
805,273,86,86
808,276,86,86
812,278,89,86
819,278,90,85
827,273,90,89
833,268,90,90
838,259,94,95
844,252,94,95
849,245,95,96
855,238,96,97
857,232,102,98
864,227,105,101
870,225,106,103
878,224,107,104
887,224,108,106
899,225,108,113
905,229,115,116
917,232,115,119
933,234,118,122
948,234,121,125
961,236,125,127
968,240,128,129
976,241,136,133
987,242,137,137
995,243,138,138
1002,243,142,142
1009,244,146,146
1017,248,147,147
1028,254,150,150
1039,257,156,156
1051,264,159,158
1064,271,165,164
1079,280,169,168
1097,291,170,173
1112,301,168,175
1120,307,160,185
1131,312,149,187
1140,316,140,189
1147,317,133,197
1154,321,126,197
1160,319,120,206
1170,317,110,211
1176,319,104,212
1183,320,97,213
1188,321,92,214
1191,322,89,212
1194,325,86,212
1195,327,85,212
1196,325,84,213
1197,324,83,217
1199,325,81,217
1197,325,83,218
1194,325,86,217
1193,325,87,218
1191,325,89,219
1190,325,90,220
1189,325,91,217
1188,324,92,218
1183,323,97,217
1181,322,99,216
1181,320,99,215
1182,316,98,215
1181,305,99,224
1183,296,97,226
1186,285,94,228
1188,278,92,227
1189,269,91,228
1189,260,91,229
1189,251,91,230
1188,246,92,229
1188,242,92,227
1188,237,92,226
1186,229,94,227
1181,229,99,223
1178,224,102,224
1176,219,104,224
1175,214,105,225
1173,210,107,225
1172,206,108,225
1171,208,109,220
1173,204,107,219
1175,202,105,217
1177,200,103,215
1179,197,101,214
1183,194,97,212
1190,193,90,210
1194,193,86,208
1201,191,79,210
1205,195,74,207
1212,196,68,206
1219,198,61,206
1228,204,52,202
1235,213,45,199
1240,240,40,178
1242,267,38,163
1244,316,36,130
1247,335,33,122
1250,384,30,86
1253,405,27,75
1256,414,24,71
1261,435,19,54
1268,458,12,30
1268,458,12,31
1268,458,12,31
1268,458,12,31
1268,458,12,31
1268,458,12,31
1268,458,12,31
1268,458,12,31
1268,458,12,31
1262,477,18,23
1247,471,33,30
1235,471,11,133
1221,459,59,42
1210,447,70,53
1196,436,84,65
1267,448,12,31
1165,415,115,87
1145,418,115,86
1129,430,108,76
1105,436,104,73
1103,456,81,54
1091,465,70,46
1065,467,69,45
1049,479,55,36
1026,481,55,34
1002,483,55,33
978,483,55,33
954,477,59,38
930,478,58,39
896,476,75,50
873,478,72,50
850,483,72,49
832,487,68,46
812,490,67,44
791,494,68,43
769,496,72,45
751,498,72,45
734,499,72,45
718,501,72,45
701,503,73,45
686,504,74,46
672,505,74,46
659,505,75,47
642,508,76,47
627,509,77,47
614,509,78,48
604,510,77,49
593,511,78,50
583,511,79,50
573,512,78,50
564,512,78,50
554,513,78,50
547,514,78,50
540,515,78,50
534,515,77,49
529,515,77,49
525,515,81,48
522,509,85,54
519,503,87,58
512,493,98,67
509,485,103,73
509,476,104,79
509,464,108,90
511,458,111,95
515,451,113,101
520,437,106,113
525,432,104,115
530,431,102,115
535,426,101,118
544,432,94,109
553,440,85,99
562,457,79,78
574,466,64,64
591,466,47,58
606,475,29,25
617,475,17,21
1065,467,69,45
1065,467,69,45
1065,467,69,45
1065,467,69,45
1065,467,69,45
1065,467,69,45
1065,467,69,45
1065,467,69,45
1065,467,69,45
1065,467,69,45
1065,467,69,45
1065,467,69,45
1065,467,69,45
521,354,18,34
523,346,34,71
532,342,34,80
539,341,42,82
548,343,43,87
554,342,44,91
561,341,44,103
565,340,42,99
568,338,45,98
574,335,44,99
578,333,44,98
577,329,47,102
579,329,48,104
579,331,46,103
579,332,45,104
577,331,48,105
573,329,48,105
570,327,49,105
566,326,50,105
562,325,50,105
558,325,51,107
553,322,56,112
549,322,55,114
544,321,55,115
535,320,58,123
529,318,59,121
522,318,60,123
508,316,69,126
497,316,72,131
486,317,74,134
478,321,73,138
467,328,72,139
458,338,67,139
447,350,64,139
435,364,61,139
424,376,56,131
416,385,44,107
408,384,34,82
398,386,25,67
393,389,15,26
387,380,15,26
1064,467,69,45
1064,467,69,45
1064,467,69,45
1064,467,69,45
1064,467,69,45
1064,467,69,45
1064,467,69,45
1064,467,69,45
1064,467,69,45
1064,467,69,45
470,371,16,44
466,366,16,44
467,361,18,47
467,350,18,63
468,348,18,65
471,344,23,71
475,350,23,81
481,357,29,80
487,361,32,83
496,354,32,91
504,347,37,96
514,341,38,97
524,333,38,96
536,324,40,99
551,315,40,97
566,308,41,96
576,302,46,96
591,298,47,92
606,297,48,90
618,295,51,91
630,290,57,93
642,285,62,94
655,278,66,93
670,271,67,93
684,263,66,93
694,264,51,83
711,250,48,78
711,248,47,76
1064,467,69,45
1064,467,69,45
803,258,36,83
795,258,55,88
791,263,70,83
796,265,77,83
803,267,80,81
811,268,81,82
819,262,83,83
828,258,83,82
836,254,83,82
843,251,84,83
847,247,85,84
849,245,86,84
850,249,85,82
849,253,81,81
847,258,79,79
844,263,77,77
846,265,78,76
844,262,76,76
843,260,74,77
843,258,72,77
845,258,72,77
846,259,67,76
847,262,65,74
848,268,65,74
849,275,76,74
850,282,77,75
850,285,78,76
853,292,77,75
856,298,76,73
858,302,75,73
859,305,75,71
861,306,74,71
863,306,74,72
864,306,74,70
865,306,72,68
864,307,71,67
861,307,70,68
856,307,70,69
850,308,71,70
844,309,71,70
836,309,71,70
829,311,71,69
825,312,71,69
822,313,68,68
817,312,67,67
814,311,66,67
812,310,67,68
811,309,67,67
811,306,67,65
809,303,68,65
806,301,68,65
804,300,68,65
802,299,68,65
801,298,68,65
798,297,70,66
798,298,70,66
795,299,70,66
792,299,70,66
788,300,70,66
785,301,70,66
782,302,70,66
780,303,69,65
782,305,68,64
781,306,68,64
780,307,68,64
776,306,69,64
774,309,69,64
771,309,66,64
767,310,65,63
763,311,66,64
759,312,67,65
755,317,66,64
751,321,65,63
743,326,65,63
736,331,64,62
728,336,64,62
721,345,64,62
713,355,65,63
706,364,64,63
701,375,64,63
696,387,63,62
692,399,62,64
690,415,61,62
688,422,60,62
687,429,59,61
686,432,57,60
687,439,56,57
688,441,55,57
687,450,55,53
688,454,54,53
688,459,55,53
689,470,54,52
691,466,51,49
692,467,49,50
695,471,49,51
694,471,49,52
693,473,49,52
691,474,50,53
690,474,51,54
690,474,52,55
688,475,52,56
688,477,51,53
689,480,51,53
689,481,49,51
690,483,47,49
689,485,46,51
686,485,47,52
685,488,46,51
686,490,45,49
683,492,49,49
681,493,50,50
680,494,51,50
678,494,50,50
678,495,50,51
677,495,51,52
676,499,50,52
674,499,50,51
673,500,50,51
673,501,50,50
672,502,51,51
671,502,51,50
670,504,51,50
669,506,51,49
669,507,50,49
671,510,47,46
670,509,48,50
670,509,48,50
671,510,49,50
672,512,49,49
673,513,48,48
674,513,48,49
674,514,50,49
674,515,50,48
674,515,49,48
675,515,49,49
676,516,50,50
677,516,50,51
678,517,49,50
683,517,48,49
686,518,47,48
688,519,46,47
690,519,45,46
691,519,44,45
693,520,43,44
695,519,46,48
696,518,45,47
699,519,46,48
701,518,46,48
703,519,46,48
703,519,46,47
704,519,45,45
705,519,45,46
707,519,44,46
708,519,41,46
709,519,40,45
709,518,41,46
709,516,41,47
712,516,38,48
712,517,38,47
713,518,35,46
715,519,34,44
716,517,33,44
716,517,33,45
716,516,33,46
717,515,33,44
720,514,29,41
721,513,27,40
721,511,27,45
722,512,26,44
722,511,25,43
722,511,24,42
722,511,23,41
722,511,22,40
722,511,21,39
722,511,20,38
722,511,19,37
719,510,26,43
718,509,27,44
718,509,27,44
717,508,28,46
716,507,28,46
715,506,28,46
714,506,28,46
713,505,28,46
713,505,31,47
713,505,30,46
713,505,29,45
713,505,28,44
712,505,27,43
711,504,30,44
710,503,31,45
711,503,29,45
711,502,29,45
711,502,29,45
711,502,28,44
710,501,28,44
709,500,29,44
709,501,30,45
709,501,30,45
708,500,29,46
708,499,28,46
708,500,30,46
709,500,29,47
709,501,29,45
709,500,28,45
708,500,30,44
709,500,28,43
710,501,27,43
708,500,29,44
708,500,29,44
708,500,29,44
708,500,29,45
708,501,29,43
709,501,27,42
709,501,27,42
709,500,26,42
710,499,27,43
710,499,26,43
711,499,26,43
711,499,25,42
710,498,26,42
710,498,27,43
710,498,27,43
710,498,27,43
710,498,27,43
710,497,28,44
710,496,28,44
710,495,28,44
710,495,29,45
710,494,30,46
711,494,29,45
712,495,28,42
713,495,28,42
714,495,28,42
715,496,28,43
714,494,28,45
714,494,28,44
714,494,28,44
714,493,28,44
714,493,27,45
714,493,27,45
714,493,29,45
714,493,28,44
714,493,27,43
715,494,29,43
715,494,29,43
716,493,28,43
716,492,28,45
717,493,28,45
717,493,27,44
717,492,26,43
717,492,27,44
717,492,27,44
717,492,27,44
716,492,28,45
715,492,29,44
714,492,30,44
715,491,30,44
716,492,27,43
715,491,28,43
715,490,27,43
714,490,27,43
714,489,27,43
714,490,28,42
713,490,25,41
713,490,23,43
712,490,23,43
712,489,24,44
712,488,26,46
712,487,27,44
711,489,26,41
710,488,21,41
710,488,21,43
712,488,20,42
712,488,43,44
711,488,43,44
710,488,43,44
709,487,44,45
708,486,45,46
707,485,46,47
706,484,47,48
705,483,47,49
704,484,48,46
707,484,35,44
707,483,33,44
708,483,31,44
708,483,27,44
709,482,26,44
710,482,26,45
708,482,28,46
707,481,29,46
706,481,30,44
707,481,30,43
706,482,30,42
706,481,31,43
707,481,30,44
707,481,30,44
706,480,30,44
707,480,30,44
707,481,31,45
707,481,31,44
706,481,31,44
706,481,31,44
707,481,31,44
706,481,30,45
706,482,31,46
705,482,32,46
705,482,33,44
704,481,34,44
703,482,35,43
702,483,36,42
703,483,34,43
704,483,33,43
703,484,33,42
702,483,33,44
702,484,33,43
704,484,31,43
704,484,31,43
703,484,32,44
703,483,33,45
703,483,33,45
703,482,33,45
703,483,33,43
702,483,34,43
702,483,35,43
702,482,36,44
702,481,37,45
702,482,37,44
702,482,37,43
702,482,36,44
701,482,36,44
704,483,31,44
704,482,30,42
704,481,30,42
706,481,32,44
706,481,40,45
706,480,43,45
706,480,43,46
705,480,43,45
706,480,43,46
706,479,44,45
706,478,44,45
705,478,44,45
706,478,44,45
706,477,44,45
707,477,44,45
707,476,44,45
707,476,44,45
706,476,44,45
705,474,44,45
706,474,43,45
706,473,44,45
705,472,44,45
706,473,45,45
706,472,45,45
705,473,45,45
705,473,45,45
704,471,45,45
704,471,46,45
704,471,46,46
706,472,45,44
705,471,45,44
705,472,45,44
704,471,45,44
703,471,46,45
703,471,46,46
704,471,46,45
705,472,45,46
704,471,45,45
705,472,43,43
704,472,44,44
703,472,45,45
702,472,46,46
702,472,46,45
702,472,46,45
702,472,46,45
702,472,46,44
701,472,46,44
701,472,47,44
701,471,47,44
701,471,48,45
700,471,48,46
699,470,48,45
699,470,48,45
700,470,48,45
701,470,46,45
701,470,46,45
700,469,48,44
699,468,48,45
700,468,47,44
702,467,45,44
702,466,45,46
702,466,26,42
701,466,45,45
703,466,43,44
704,467,42,44
704,467,41,43
704,467,40,42
703,467,41,42
703,468,40,41
702,466,41,43
702,467,42,43
700,467,43,44
699,468,45,45
698,468,46,45
697,468,44,45
696,470,43,44
695,472,43,43
694,474,42,42
691,475,44,43
689,477,44,44
686,479,45,43
685,481,43,43
682,482,43,43
680,484,44,44
677,486,45,45
675,489,44,44
673,492,43,44
671,494,43,44
667,496,44,45
664,498,44,45
661,500,45,46
658,502,45,46
657,504,44,45
655,507,43,44
653,509,44,46
649,510,45,45
646,512,46,46
645,513,46,45
644,515,44,45
642,516,44,45
641,517,44,46
638,518,45,46
637,519,46,47
635,520,45,46
634,521,44,45
634,521,44,45
633,521,44,46
632,521,44,46
631,522,44,45
630,523,44,45
630,523,45,46
629,522,46,47
629,523,46,45
628,522,46,46
629,522,46,46
629,523,45,45
628,523,46,44
628,523,45,43
627,522,46,46
629,523,45,45
628,522,45,45
627,521,46,46
628,522,45,46
628,522,45,46
628,522,45,46
627,521,46,46
627,520,46,47
627,520,46,48
627,520,46,48
627,521,45,46
628,521,43,47
628,521,44,44
628,521,44,46
627,521,44,45
626,521,46,46
625,520,46,46
626,520,46,46
626,520,46,46
626,520,45,45
626,520,46,46
626,520,46,46
627,520,45,45
627,520,45,45
627,520,44,44
628,520,44,44
627,520,44,44
627,520,44,44
628,520,44,44
628,520,44,44
627,520,44,44
628,519,44,45
628,519,44,45
628,519,44,45
627,520,44,45
626,517,44,45
628,518,44,45
628,518,43,44
629,518,43,44
628,517,44,44
629,517,45,45
628,516,45,45
628,516,45,45
628,516,45,45
628,516,45,45
629,516,45,45
629,517,45,45
629,516,43,45
629,516,43,45
631,517,43,45
628,516,44,45
628,515,44,45
628,514,44,45
628,514,44,45
629,514,44,45
629,515,44,45
630,515,44,45
629,514,44,45
629,515,44,45
628,516,44,45
629,515,44,47
629,515,44,48
629,515,44,48
628,514,44,47
629,515,44,46
628,516,44,44
627,516,46,45
626,516,47,45
627,517,46,45
628,516,45,45
629,516,44,45
629,516,45,46
628,516,45,46
628,516,45,46
628,516,45,46
628,516,45,46
628,517,45,46
627,517,46,46
627,517,46,45
626,517,47,46
628,518,46,44
628,518,46,45
628,518,45,45
628,518,46,45
628,518,45,45
628,519,46,44
628,518,46,46
628,518,46,46
628,518,46,47
627,517,46,46
630,518,44,46
629,517,44,46
630,518,44,46
629,518,45,45
628,518,46,45
629,518,45,46
628,518,46,46
628,519,46,47
627,519,46,45
627,519,47,45
628,519,46,45
629,520,45,45
629,519,45,45
629,519,45,46
628,519,46,45
629,519,45,45
628,519,45,45
627,519,46,46
628,518,46,46
627,519,46,46
627,519,47,47
626,518,46,47
627,519,46,46
627,519,46,46
627,519,46,46
627,519,46,46
627,519,46,44
627,519,46,45
627,519,45,46
627,519,44,45
628,519,44,45
627,519,44,45
627,519,44,45
627,518,45,45
625,518,46,47
625,519,46,44
626,520,45,44
627,519,44,45
626,518,45,46
625,518,46,47
625,517,46,47
625,517,46,48
625,517,46,46
624,517,46,45
625,518,46,45
625,518,47,46
626,519,46,44
626,519,46,45
625,517,47,46
625,517,46,46
626,518,46,45
626,518,46,46
626,517,46,46
626,517,46,46
627,517,45,45
627,517,44,45
628,518,44,45
627,517,46,46
627,517,45,46
627,517,46,46
626,517,47,46
626,517,47,46
625,516,47,46
625,516,48,47
625,516,48,46
627,517,48,46
628,519,46,43
628,518,45,43
628,517,45,44
628,517,46,45
628,516,46,46
628,517,45,45
629,518,44,44
629,517,43,43
628,516,46,45
628,516,46,45
628,516,45,45
628,515,45,47
629,516,44,46
630,517,44,46
630,517,45,46
630,517,44,45
630,517,45,46
630,517,46,47
630,517,45,46
630,516,46,47
629,515,45,47
630,516,45,47
629,515,46,48
629,516,46,45
629,516,46,46
628,515,46,46
630,516,46,46
630,516,45,45
631,517,45,45
632,517,45,45
632,517,44,44
631,517,44,44
631,517,43,43
632,517,43,43
632,517,42,42
631,516,44,44
631,516,45,46
633,517,44,45
633,516,44,46
632,515,45,46
632,514,45,46
632,515,45,46
631,515,45,46
631,515,45,46
632,514,45,46
631,514,45,46
632,515,45,46
634,515,45,46
633,514,45,46
632,513,45,46
631,515,45,46
633,516,44,45
632,514,44,45
632,513,45,46
632,514,46,45
632,515,45,44
631,514,45,45
632,514,46,46
632,513,46,47
631,512,47,47
630,511,46,47
632,513,45,46
632,513,46,47
633,513,44,47
633,513,44,46
633,513,44,46
632,513,44,46
632,513,45,45
632,513,45,45
633,513,44,44
633,513,44,44
633,513,44,46
632,512,45,45
633,512,44,45
632,512,44,46
631,511,46,46
631,511,46,45
631,511,46,45
632,511,45,45
633,511,44,44
633,511,44,45
632,510,45,46
633,510,45,46
632,509,45,46
632,509,45,46
633,509,44,45
633,508,44,45
634,508,44,45
633,509,43,45
632,508,45,46
632,507,45,46
634,508,44,46
634,508,44,46
633,508,44,46
633,507,44,46
632,507,44,46
632,506,44,46
631,505,46,46
632,506,46,46
633,506,46,46
633,506,45,46
632,506,45,46
632,506,45,46
632,507,45,46
631,508,45,46
632,507,46,46
631,506,46,46
632,506,45,45
632,506,45,45
632,506,45,45
632,506,45,45
632,506,45,45
632,506,45,45
632,506,45,45
633,506,45,45
633,506,45,45
633,506,44,45
634,506,44,45
632,505,44,45
631,505,44,45
632,506,44,45
631,506,44,45
631,505,45,45
631,506,45,46
630,505,45,44
629,504,45,44
629,504,47,45
629,504,47,45
629,504,47,45
628,504,47,45
628,504,47,45
629,504,46,44
629,503,46,44
629,503,46,44
629,504,45,43
629,504,46,44
629,504,45,45
628,503,46,46
629,503,45,47
629,503,45,46
628,502,45,46
628,502,45,46
628,502,45,46
628,502,45,46
628,503,45,46
627,503,45,46
627,503,45,46
627,503,45,46
627,502,45,46
627,502,45,46
627,502,45,46
627,502,45,46
627,502,45,46
627,502,45,46
626,503,45,46
625,503,45,46
625,503,45,46
627,502,45,46
626,502,45,46
625,502,45,46
625,503,45,44
624,502,47,45
623,501,48,46
624,502,46,45
624,502,46,45
625,501,45,45
625,501,45,46
625,500,45,45
626,501,45,45
626,501,45,45
626,500,45,46
626,500,45,45
626,500,45,46
626,500,46,45
626,500,45,45
627,500,45,45
627,500,44,44
628,500,44,45
628,499,45,46
628,499,45,45
629,499,44,44
629,499,45,46
629,498,45,46
630,498,45,46
630,498,45,45
630,498,44,45
630,498,45,46
631,498,45,46
632,498,44,45
632,498,43,44
632,498,43,44
632,497,44,44
632,497,45,45
632,496,46,46
632,496,46,45
632,496,46,45
632,496,46,47
632,496,46,45
632,495,46,45
633,496,37,43
633,496,26,37
635,497,15,27
659,505,20,34
649,498,29,41
642,497,37,44
640,495,39,45
637,495,40,44
637,502,28,37
654,494,26,35
635,497,44,43
634,496,45,44
633,496,46,45
632,495,47,46
634,496,44,45
634,496,45,46
634,495,45,45
634,496,44,44
636,496,43,43
636,497,42,43
636,496,42,43
635,495,44,45
634,494,44,46
634,495,44,46
636,494,44,46
636,494,44,45
637,494,42,45
639,496,40,43
643,496,37,43
645,495,34,45
649,494,30,45
653,494,26,44
656,495,24,43
659,497,20,44
662,496,17,43
665,497,14,43
666,499,13,38
668,501,11,35
669,501,9,35
669,501,8,34
634,500,43,33
635,498,44,38
635,498,45,38
635,497,16,41
635,494,18,44
634,493,20,45
634,493,22,45
634,493,24,45
635,494,24,44
639,495,21,41
647,493,14,37
652,495,13,20
655,495,12,19
1064,467,69,45
1064,467,69,45
1064,467,69,45
1064,467,69,45
1064,467,69,45
1064,467,69,45
1064,467,69,45
1064,467,69,45
1064,467,69,45
1064,467,69,45
1064,467,69,45
1064,467,69,45
1064,467,69,45
1064,467,69,45
1064,467,69,45
1064,467,69,45
1064,467,69,45
1064,467,69,45
1064,467,69,45
1064,467,69,45
1063,466,68,44
1064,467,69,45
1064,467,69,45
1064,467,69,45
1064,467,69,45
1064,467,69,45
1064,467,69,45
1064,467,69,45
1064,467,69,45
1064,467,69,45
1064,467,69,45
1064,467,69,45
1064,467,69,45
1064,467,69,45
1064,467,69,45
1064,467,69,45
1064,467,69,45
656,496,8,21
652,497,13,26
649,497,14,27
641,496,17,44
636,497,23,44
637,497,19,44
637,496,17,43
637,496,16,42
637,497,16,41
637,497,15,41
637,497,13,42
637,498,11,40
636,502,45,41
666,500,14,35
655,498,25,38
646,496,34,42
639,496,41,45
636,498,45,43
636,497,44,45
635,497,44,44
636,496,44,46
636,496,44,45
636,497,44,44
636,497,43,44
637,498,43,43
637,498,42,43
636,499,43,44
636,498,44,44
636,497,44,44
636,497,44,44
636,497,44,45
635,497,43,44
636,497,44,44
636,497,44,43
636,497,43,45
636,497,43,44
635,496,44,44
635,496,44,44
635,496,44,44
635,496,44,44
635,496,44,44
634,496,44,44
635,497,44,44
635,497,44,44
634,496,45,45
634,496,45,45
633,496,45,45
632,496,45,45
632,496,46,45
633,495,45,45
633,495,45,46
634,496,44,45
635,495,43,45
636,496,42,44
634,495,44,45
633,494,45,46
633,496,44,45
634,496,44,45
634,496,44,45
635,497,43,45
634,497,43,44
634,496,44,45
634,496,44,45
634,496,44,45
634,496,44,45
635,496,43,44
635,497,44,45
635,497,44,44
635,496,44,44
635,497,43,43
636,498,44,43
635,497,44,44
635,497,45,45
635,497,44,44
635,497,44,44
636,497,44,44
636,497,44,44
636,497,44,45
635,496,45,46
635,496,45,46
636,497,44,45
636,498,43,44
637,498,42,44
636,497,44,45
636,497,43,44
636,497,44,45
637,497,43,45
636,497,44,46
636,496,44,46
636,497,44,45
637,498,43,45
637,497,44,46
637,497,43,46
636,497,44,46
636,497,44,47
636,497,45,45
636,497,45,45
635,498,46,45
636,498,45,44
637,498,44,45
638,498,43,44
637,498,44,44
636,497,45,44
636,497,45,44
636,498,45,44
636,497,45,45
637,497,44,45
637,497,44,46
636,495,45,47
636,496,45,46
637,496,44,45
636,497,44,44
637,497,44,45
636,498,45,44
635,498,45,44
635,497,46,45
635,497,46,45
635,497,46,45
635,497,46,46
635,498,47,44
635,497,46,44
634,496,47,45
634,497,47,45
635,498,45,44
635,498,46,45
636,498,44,44
636,497,45,45
636,497,45,45
636,497,46,46
636,498,46,46
636,498,45,43
636,497,45,44
637,498,44,45
636,498,45,44
636,498,45,44
636,498,46,46
636,497,46,46
637,498,45,46
637,497,45,46
637,498,45,45
638,498,44,45
637,498,46,45
637,498,45,46
638,499,44,45
638,498,44,46
639,497,44,46
640,498,43,45
641,498,41,45
643,498,40,46
645,498,38,46
646,499,37,45
645,499,38,45
645,499,38,45
645,499,39,44
645,499,38,44
644,498,37,44
644,495,38,45
650,487,34,44
651,476,33,46
655,460,24,47
650,443,24,47
641,426,26,47
637,417,23,44
629,408,23,44
624,403,20,41
615,395,27,50
607,386,39,45
606,361,52,51
605,338,49,49
603,311,46,52
599,281,40,54
582,254,43,53
577,233,34,51
575,232,33,50
526,187,48,57
511,171,51,57
497,156,50,57
483,144,53,57
470,136,56,58
459,127,55,57
447,122,58,59
439,119,58,59
431,116,58,58
423,115,59,57
415,114,56,56
408,116,57,53
400,117,59,52
394,117,57,53
389,117,56,54
383,117,55,53
378,114,55,54
373,112,58,56
367,108,59,57
364,107,59,56
360,104,60,57
356,102,60,58
352,101,61,57
348,101,62,58
344,100,61,56
342,96,60,58
337,95,63,59
333,94,64,59
329,94,65,60
328,95,62,62
322,95,64,65
318,98,63,67
311,103,66,65
305,108,68,67
299,113,67,69
295,121,67,66
291,127,70,67
291,136,70,70
289,146,71,72
291,159,73,72
297,172,74,71
305,183,74,71
311,191,75,70
317,198,77,71
324,203,78,72
331,206,78,72
338,208,79,73
345,209,79,71
352,209,80,72
360,209,80,73
368,208,80,73
374,207,80,73
381,206,79,72
389,205,79,72
396,204,79,72
401,202,79,72
405,200,78,71
409,199,78,71
412,197,78,71
417,195,78,75
420,194,78,75
422,193,79,76
423,192,78,76
424,192,77,76
428,193,77,77
430,193,77,77
430,194,77,77
432,198,78,78
434,200,78,78
436,203,78,78
438,206,78,78
440,208,78,78
440,208,77,75
442,207,77,74
442,207,77,74
443,206,78,75
443,206,78,75
445,205,77,74
445,204,76,73
446,202,79,75
445,199,79,75
449,195,79,75
450,190,80,74
451,182,79,73
450,174,80,74
450,162,78,73
448,150,77,75
444,137,77,76
440,125,78,76
435,111,77,74
428,101,77,71
423,93,76,70
416,87,76,70
411,82,76,72
406,80,76,73
402,80,75,76
400,84,74,75
397,89,74,75
396,97,74,76
396,106,72,72
396,95,75,74
405,66,77,72
405,35,80,74
407,5,79,76
410,1,79,54
410,1,79,54
1064,467,69,45
1064,467,69,45
1064,467,69,45
1064,467,69,45
1064,467,69,45
1064,467,69,45
1064,467,69,45
1064,467,69,45
1064,467,69,45
1064,467,69,45
1064,467,69,45
1064,467,69,45
1064,467,69,45
419,1,76,37
417,1,77,60
413,9,80,82
415,42,78,81
412,77,78,81
410,107,78,81
414,131,78,81
412,149,77,80
413,158,80,80
416,162,79,81
416,165,79,81
418,165,79,79
420,161,80,79
423,158,80,76
424,153,80,76
426,148,80,77
429,141,79,78
430,133,78,77
431,125,77,77
434,120,77,78
436,113,76,76
437,105,75,76
441,98,75,76
443,92,75,75
444,86,75,75
447,82,75,75
450,78,75,75
452,73,75,75
454,71,75,75
458,69,75,75
459,68,75,75
460,67,75,75
464,67,75,75
465,63,75,75
467,63,75,75
470,62,74,74
473,61,74,74
474,61,74,74
476,60,74,74
479,61,74,74
479,61,74,74
479,62,74,74
483,62,73,73
483,62,73,73
483,63,73,73
487,63,73,73
489,62,73,73
490,63,73,73
491,63,73,73
492,63,73,73
491,63,73,73
492,63,73,73
495,63,72,72
494,64,72,72
494,65,72,72
496,65,72,72
497,66,72,72
497,67,72,72
497,68,72,72
498,69,72,72
497,69,72,72
497,69,72,72
498,69,72,72
499,68,72,72
498,69,72,72
498,70,72,72
500,71,72,72
500,72,72,72
499,72,72,72
501,73,72,72
501,74,72,72
500,74,72,72
500,74,72,72
502,74,72,72
502,73,72,72
503,75,72,72
504,76,72,72
504,76,72,72
503,76,72,72
503,76,72,72
506,77,72,72
507,76,72,72
507,76,72,72
507,77,72,72
509,77,72,72
508,77,72,72
508,76,72,72
508,76,72,72
510,76,72,72
510,75,72,72
510,77,72,72
511,76,72,72
512,76,72,72
511,76,72,72
511,77,72,72
513,77,70,72
515,77,70,72
515,77,70,72
515,77,70,72
515,78,70,72
515,79,70,72
515,80,70,72
515,80,70,72
515,80,70,72
516,79,69,71
516,79,69,71
517,79,69,71
518,79,69,71
518,80,69,71
518,80,69,71
518,79,69,71
523,80,69,71
524,80,69,71
522,80,69,71
522,80,69,71
523,79,69,71
523,79,68,70
523,80,68,70
525,80,68,70
526,79,68,70
527,78,68,70
527,78,68,70
528,79,68,70
529,79,68,70
528,80,68,70
530,81,67,69
532,82,68,69
532,81,68,69
531,81,68,71
531,82,69,71
531,81,68,70
531,81,69,71
531,80,69,71
531,79,69,71
531,80,69,71
534,80,69,71
534,80,69,71
534,80,69,71
536,80,69,71
536,80,69,71
535,80,69,71
535,80,70,72
534,80,71,73
534,79,70,72
536,80,70,72
537,81,70,72
537,80,70,72
538,79,70,72
538,79,70,72
538,79,70,72
537,80,70,72
538,80,69,71
537,80,69,71
537,79,68,70
538,79,68,70
538,79,68,70
539,80,68,70
538,79,68,70
540,81,68,70
539,80,68,70
538,80,68,70
540,80,68,70
540,81,68,70
540,80,68,70
540,80,68,70
540,80,68,70
540,79,68,70
541,79,68,70
540,80,68,70
541,79,68,70
541,78,68,70
544,79,67,70
543,78,67,70
544,78,66,69
543,78,66,71
543,78,67,72
543,78,67,72
542,77,69,73
541,76,70,74
542,77,69,72
542,77,68,71
542,77,68,71
542,78,68,71
542,78,68,71
541,79,67,70
542,79,67,70
542,78,69,70
542,77,68,69
544,78,68,69
544,78,68,69
545,78,68,69
545,77,68,69
545,76,68,69
544,76,67,68
548,76,67,68
547,76,69,70
548,76,68,70
548,77,68,70
547,77,68,70
548,77,68,70
548,77,68,70
549,78,68,70
549,79,68,70
549,79,68,70
550,80,67,69
548,79,67,69
548,78,67,69
547,79,66,68
548,78,68,69
546,77,69,70
544,77,70,71
543,77,71,72
546,77,70,71
545,78,70,71
545,76,70,70
545,75,70,70
545,76,70,70
544,75,70,70
546,74,70,70
548,74,70,70
547,75,70,70
547,76,70,70
548,75,70,70
547,76,70,70
549,77,70,70
550,77,67,70
550,77,68,70
550,76,69,71
549,76,70,72
549,77,70,72
550,77,70,70
548,76,71,71
550,77,69,70
550,77,69,70
550,77,69,70
552,77,69,70
551,77,69,70
552,78,69,70
551,77,69,70
550,78,69,70
551,78,69,70
552,80,69,70
550,81,70,70
550,82,69,73
550,83,71,75
550,85,72,76
552,86,70,70
552,87,69,69
553,88,69,69
554,91,70,70
554,93,71,71
555,95,70,70
558,98,68,70
558,101,69,71
558,104,68,70
559,106,67,69
561,108,67,69
562,110,68,71
563,113,69,72
567,117,67,68
567,120,67,68
568,125,68,70
569,128,68,69
572,132,66,70
574,137,62,71
575,145,63,68
576,148,65,69
578,154,65,69
579,161,65,67
584,165,65,66
586,169,64,65
587,173,65,66
588,175,66,67
590,178,66,67
592,182,66,66
594,184,66,65
596,189,66,63
597,193,65,64
599,201,65,63
598,207,65,63
598,212,64,63
596,217,64,64
595,221,63,63
593,225,62,62
591,232,61,61
590,240,63,61
591,246,61,60
593,252,60,56
594,255,61,58
597,258,60,58
597,259,62,65
597,260,60,63
595,260,61,61
593,260,61,59
591,260,61,59
589,259,60,58
588,260,61,59
586,261,61,59
584,263,61,59
581,265,63,60
578,267,64,61
577,270,65,61
574,272,66,62
570,273,67,63
566,274,67,64
562,274,67,65
558,274,65,62
554,274,64,61
549,274,64,61
545,271,64,63
539,270,66,65
534,269,67,66
528,268,68,66
522,267,68,66
516,266,69,67
510,266,69,67
505,266,70,68
504,265,69,69
502,265,69,70
502,266,68,70
502,265,67,67
503,265,67,68
503,266,66,68
503,267,66,68
503,269,67,69
504,272,66,68
506,274,65,67
507,276,65,67
508,277,65,67
509,278,64,66
510,279,64,66
510,280,63,65
510,279,64,66
509,278,64,65
509,278,64,66
508,277,62,65
506,275,61,68
504,274,65,68
501,273,66,69
498,272,67,68
495,271,68,66
492,270,68,66
489,268,68,66
488,268,67,65
488,265,68,67
489,263,67,67
489,261,67,67
489,258,67,67
489,255,68,68
489,253,68,68
489,251,68,68
490,248,67,67
492,246,67,68
492,244,68,69
493,242,68,69
495,240,69,68
495,238,69,67
497,235,68,69
499,233,67,68
501,231,67,68
503,229,67,70
504,227,68,71
505,227,67,72
506,227,65,68
506,226,64,67
506,226,62,65
504,226,66,69
502,225,67,70
500,224,67,70
498,223,69,71
498,222,70,68
496,221,69,68
495,221,70,69
496,222,70,67
495,223,70,67
495,224,70,67
497,226,70,67
497,227,70,69
499,228,70,71
501,229,69,70
503,230,69,71
505,230,69,72
507,231,69,72
508,230,70,69
510,231,69,70
512,231,67,69
514,232,66,67
513,232,66,67
513,233,67,68
512,233,68,69
510,233,67,68
510,233,67,68
508,233,67,69
506,235,68,70
504,236,67,70
503,238,65,70
498,241,68,70
493,240,71,71
491,240,70,70
486,241,68,70
476,241,69,73
466,244,69,56
455,246,70,59
444,249,72,63
434,253,72,64
423,258,73,65
413,262,72,65
402,265,72,65
391,267,72,69
377,267,73,70
365,267,73,71
351,265,74,71
336,262,77,73
324,260,76,72
315,256,75,72
308,253,76,73
302,252,73,72
298,253,72,74
290,257,76,75
289,265,78,73
292,280,79,75
299,297,77,75
306,320,79,74
318,342,78,76
333,370,77,76
350,405,77,75
367,441,76,76
384,479,76,76
400,522,74,74
416,502,77,74
422,514,74,75
423,526,75,70
426,528,75,69
428,527,73,70
427,527,74,68
428,526,72,70
430,525,72,71
431,525,73,72
432,524,74,73
432,523,74,73
432,526,74,69
433,526,73,69
434,527,73,69
434,527,73,69
434,527,73,68
434,527,73,69
434,527,75,69
433,527,75,69
433,528,75,68
432,529,75,67
431,529,75,67
430,529,75,67
431,529,73,67
432,529,72,67
432,528,72,67
432,527,73,68
432,526,73,70
433,525,73,71
432,526,74,70
432,526,73,70
431,526,73,70
431,527,73,70
430,527,73,69
429,527,73,69
429,528,73,69
431,528,73,68
431,528,73,67
430,528,72,67
431,528,72,67
431,527,72,67
430,527,72,68
429,527,72,67
429,527,72,67
429,526,72,68
429,525,72,68
429,526,73,68
429,525,75,69
429,526,75,69
429,526,75,69
429,526,75,68
430,526,73,68
430,527,73,67
430,526,73,67
430,525,74,68
430,525,74,68
431,525,73,69
432,526,74,68
432,526,73,68
432,525,73,68
431,525,74,68
431,526,75,69
432,524,73,70
432,523,74,71
432,524,73,69
432,525,74,69
432,525,74,68
433,526,74,69
433,526,73,69
433,526,72,68
433,525,73,69
433,525,73,69
433,526,75,68
434,525,74,69
434,525,74,69
434,525,74,69
434,524,74,69
433,523,74,69
434,523,74,70
435,523,73,70
435,522,73,70
434,523,73,70
434,523,75,69
434,523,74,71
434,524,74,69
434,524,74,69
435,524,73,69
436,524,73,69
437,524,70,69
435,524,74,69
435,525,74,69
435,524,74,69
436,524,73,68
437,525,73,69
437,524,72,70
437,524,73,69
437,524,72,69
439,524,72,69
439,524,73,70
439,524,72,70
439,523,72,71
439,523,73,71
439,524,73,72
438,524,73,70
439,525,72,69
439,526,72,68
438,525,72,68
438,525,72,68
439,525,71,68
438,525,72,69
437,525,73,69
437,525,73,69
436,525,74,69
436,524,74,69
436,524,74,69
436,524,74,70
435,525,74,68
436,525,73,68
436,525,73,68
436,523,73,69
435,523,73,69
435,524,73,69
435,525,74,70
437,524,73,69
439,525,73,70
441,524,75,72
445,523,74,72
447,523,75,74
449,523,77,76
453,524,77,77
455,525,79,77
458,525,78,78
460,525,80,80
463,526,80,81
474,529,80,80
483,535,80,78
484,535,80,79
481,534,81,79
475,530,82,81
465,527,80,82
450,526,80,80
431,524,78,77
410,521,75,76
387,518,77,73
378,494,76,73
370,454,77,74
364,419,76,72
356,387,75,71
348,358,75,72
341,332,75,71
337,311,71,71
337,306,71,71
332,305,73,71
332,308,75,69
337,310,75,71
343,307,74,70
346,294,77,71
351,272,76,70
350,248,77,78
345,233,83,78
345,220,84,82
342,213,87,84
338,209,90,86
335,206,93,90
333,211,93,91
328,217,97,94
323,229,100,96
319,246,102,99
312,268,107,104
305,297,111,109
300,333,113,114
289,379,119,117
280,428,123,124
270,489,128,130
260,565,130,133
243,584,135,133
233,533,134,130
221,488,136,127
208,448,136,126
197,412,135,127
185,386,133,125
173,363,133,124
160,343,133,127
148,335,134,125
146,326,134,125
160,310,135,125
190,289,134,126
217,266,134,126
244,242,135,127
274,214,134,128
304,191,132,129
326,168,132,130
346,149,131,129
363,137,130,128
377,128,129,128
390,124,127,129
399,125,126,129
404,130,126,129
406,141,127,129
406,157,126,129
405,178,126,129
402,202,125,130
400,227,123,127
406,243,125,123
412,252,126,124
412,263,130,128
414,274,132,130
415,283,135,133
419,298,133,131
420,312,131,131
422,327,132,131
423,344,132,133
425,361,134,135
426,376,136,139
425,394,138,139
425,415,137,140
426,434,136,143
426,448,136,144
427,458,137,145
427,469,138,146
427,480,137,145
427,495,138,145
428,514,139,146
430,537,138,147
434,563,138,147
440,590,137,130
448,620,134,99
456,645,133,75
469,662,128,58
496,671,108,49
505,678,113,42
521,678,113,42
511,653,132,67
517,605,138,115
523,541,138,132
531,471,139,136
542,400,137,143
556,346,133,137
562,280,138,136
570,220,137,140
573,173,139,143
574,135,139,145
575,107,140,146
577,97,141,150
574,105,141,152
573,130,139,150
577,167,137,148
574,210,139,147
574,258,139,147
572,307,140,148
570,357,140,148
568,403,139,147
566,443,138,146
565,470,142,147
565,486,143,148
566,496,144,147
572,504,142,147
575,514,141,146
576,527,142,145
578,542,141,144
580,556,140,143
583,564,140,143
588,568,139,143
591,569,139,143
593,568,139,143
595,567,139,143
598,567,136,143
600,568,136,143
602,570,136,143
604,571,136,143
608,572,136,143
610,576,133,142
613,580,132,139
614,583,131,137
617,586,129,134
622,588,128,132
628,588,127,132
634,586,126,132
639,581,127,133
645,578,127,133
652,575,127,138
666,574,123,138
676,572,123,137
684,569,124,136
692,565,124,136
698,560,124,136
705,556,123,136
707,552,123,136
708,550,122,133
709,548,121,132
709,546,120,131
708,545,120,131
704,543,120,131
702,541,115,131
698,540,114,130
694,540,112,129
688,540,111,128
683,540,109,129
677,542,108,129
667,548,113,128
661,554,117,126
658,561,116,122
657,567,116,120
653,572,117,117
652,571,114,117
646,568,112,115
638,558,111,114
629,548,113,114
622,536,113,112
615,522,114,112
614,504,112,112
614,487,111,110
613,471,111,110
615,455,109,109
615,443,109,106
614,430,109,105
614,423,109,105
613,418,106,103
608,413,108,104
606,413,104,104
602,417,104,104
596,423,106,105
590,436,108,107
585,451,108,101
581,468,108,98
581,486,105,98
577,504,103,100
578,517,107,102
580,527,107,101
588,536,105,103
595,541,104,106
604,545,104,108
614,546,102,104
623,540,102,105
632,531,102,106
641,514,101,102
652,488,99,99
661,452,100,100
672,412,98,93
681,368,98,90
695,327,99,95
708,292,98,92
720,260,97,92
733,233,97,92
744,210,97,92
756,192,96,92
769,178,94,92
781,168,92,91
794,161,90,90
806,160,91,91
817,160,91,90
830,167,91,88
842,176,91,89
855,188,90,88
868,205,89,87
879,225,90,86
891,247,91,87
904,272,90,89
917,304,91,88
931,338,91,89
945,377,91,91
958,419,93,88
968,461,91,88
975,508,91,89
982,564,90,87
982,617,92,87
981,657,90,63
984,681,88,39
989,692,87,28
993,693,84,27
997,685,87,35
1000,666,82,54
998,640,89,80
998,608,91,83
997,572,92,80
997,533,90,77
992,490,91,75
987,449,90,74
984,413,89,77
980,383,89,79
977,354,89,80
972,330,88,80
970,308,88,81
967,294,89,80
964,280,87,80
962,271,87,80
961,264,87,80
959,263,86,81
957,263,87,82
955,268,86,83
953,278,85,82
951,288,85,84
949,303,87,85
947,323,86,84
948,347,87,84
947,371,86,87
943,392,89,87
939,404,89,84
935,410,89,85
933,414,88,84
931,417,86,84
923,416,89,85
919,413,88,85
913,409,88,85
908,406,88,84
903,401,88,84
896,397,88,84
889,393,88,84
883,390,87,84
876,387,87,84
870,384,87,84
863,381,87,84
856,378,87,84
852,379,86,84
847,378,86,84
842,377,86,84
838,376,86,84
835,376,84,84
831,374,84,84
827,374,83,84
824,374,83,84
823,373,83,84
818,372,83,84
814,372,83,84
811,371,82,83
807,374,85,81
804,375,85,81
801,375,86,82
798,375,85,82
795,376,85,82
792,376,85,82
789,376,85,82
785,376,86,82
783,375,85,82
781,375,85,82
779,375,83,82
776,375,83,82
773,376,83,82
770,376,82,81
767,376,82,81
764,376,82,79
764,376,82,78
762,377,81,78
760,378,81,78
758,377,82,79
756,376,81,79
754,376,81,79
752,374,82,80
752,374,80,79
750,372,80,80
748,370,80,78
747,369,79,77
745,368,79,77
743,366,80,78
741,364,80,78
739,362,80,79
739,360,79,77
737,358,79,77
736,356,79,77
735,355,79,77
733,353,79,76
732,353,78,75
731,351,77,74
730,352,76,73
729,351,76,73
729,347,78,76
729,344,78,76
730,338,78,76
734,323,78,76
740,302,77,75
745,283,76,74
752,270,74,72
756,259,73,72
760,246,73,77
766,242,73,74
771,240,73,75
775,240,74,76
780,246,71,74
783,252,75,75
787,263,75,75
791,275,74,74
795,290,75,72
799,298,75,72
803,305,73,71
805,309,73,71
807,311,73,71
809,311,73,71
808,310,74,70
810,309,74,71
811,306,73,71
811,304,73,71
811,303,72,70
808,300,72,71
800,300,72,68
796,302,72,70
790,307,71,67
785,314,69,69
781,320,68,68
779,324,63,68
780,329,54,67
784,332,40,68
786,334,27,65
791,346,15,47
791,346,15,47
1064,467,69,45
1064,467,69,45
1064,467,69,45
1064,467,69,45
692,372,15,28
693,372,18,26
695,368,16,29
687,370,25,28
688,366,24,30
688,366,23,29
692,368,19,28
695,369,16,25
697,370,13,24
697,370,12,23
1064,467,69,45
1064,467,69,45
1064,467,69,45
1064,467,69,45
1064,467,69,45
1064,467,69,45
790,340,10,39
789,340,18,43
789,336,23,50
788,335,31,57
788,332,37,63
784,332,48,65
786,331,53,66
788,330,55,68
790,329,60,67
793,328,62,68
794,328,66,68
797,327,68,68
801,327,69,69
801,326,70,70
808,324,71,71
809,323,71,71
809,322,71,71
811,321,71,71
812,322,70,70
812,322,70,70
812,323,72,71
812,322,73,72
812,322,73,71
808,321,75,71
807,320,76,72
804,319,76,72
801,318,77,73
800,318,75,71
797,317,76,70
795,316,75,71
792,315,76,71
791,315,76,72
788,315,77,73
787,315,77,72
786,314,77,73
784,313,77,72
783,313,78,73
781,313,80,72
780,313,79,72
781,312,78,72
781,311,78,74
780,310,79,74
779,309,79,73
778,308,80,74
779,306,79,74
780,305,77,74
778,304,80,74
778,303,80,74
779,303,81,75
780,303,81,75
782,303,81,75
784,303,81,75
787,305,79,76
789,305,79,76
792,306,78,76
795,306,77,75
798,306,77,75
800,308,78,75
803,309,78,75
806,309,77,75
808,309,77,75
810,309,76,74
812,310,78,74
815,311,76,74
816,311,77,73
817,310,76,73
819,310,77,74
820,311,78,74
820,311,77,73
821,313,77,73
820,313,77,72
820,313,76,73
821,312,76,73
821,312,76,73
821,313,77,74
822,312,77,74
823,312,76,75
825,311,75,75
826,310,75,74
827,309,76,75
828,309,76,73
827,306,77,74
828,304,77,75
828,302,78,75
829,301,77,74
830,299,76,74
830,297,78,74
830,296,78,73
831,294,78,74
832,292,78,74
833,291,77,73
834,289,78,74
835,288,78,75
835,287,78,75
836,286,78,75
837,285,78,76
837,284,79,75
838,285,79,74
838,285,79,74
839,286,78,74
840,287,78,74
840,288,78,75
840,287,78,76
841,289,78,73
842,290,78,72
843,291,78,72
843,290,79,72
845,288,79,73
847,285,79,74
850,279,79,72
854,267,77,73
857,254,78,75
859,242,78,73
860,229,77,75
861,220,77,73
859,213,78,76
859,209,75,77
862,207,73,77
858,207,76,78
863,202,76,78
871,190,77,74
879,169,76,71
879,149,75,73
880,132,74,74
879,117,74,74
879,107,73,73
878,98,76,75
878,95,75,73
877,92,75,74
878,92,75,75
878,96,74,75
875,104,73,74
875,116,76,73
878,129,73,74
875,146,76,76
874,167,77,75
873,190,78,74
872,215,79,74
874,227,81,75
873,239,79,76
872,247,78,75
872,252,76,74
872,255,77,75
871,256,79,76
875,256,78,73
877,254,79,74
882,251,78,75
886,248,77,75
889,245,79,76
892,240,79,76
895,237,80,77
