665,26,111,171
666,30,111,171
668,37,108,171
668,55,107,176
670,62,103,175
672,65,100,174
672,69,99,172
672,72,98,179
672,74,97,180
671,75,97,180
670,75,96,179
669,74,96,179
669,74,96,179
669,74,95,178
669,73,102,178
670,73,102,177
673,78,102,180
676,89,101,179
681,100,101,176
684,116,101,176
690,126,102,175
692,130,102,173
693,134,103,172
698,103,102,175
703,75,102,177
709,68,102,182
720,60,101,184
727,52,105,185
729,52,106,186
730,44,110,186
732,41,110,186
732,38,110,186
733,37,109,185
734,37,108,184
731,37,108,184
730,24,107,182
727,20,109,183
724,15,112,182
724,11,111,183
710,9,111,184
686,10,111,184
674,6,111,184
669,3,109,184
670,2,109,184
668,2,109,184
664,6,109,190
662,7,109,190
661,5,109,190
660,2,109,190
661,1,109,190
662,1,109,190
663,1,108,187
665,1,107,186
667,1,106,185
670,2,110,184
676,4,112,184
686,23,111,183
695,26,109,180
706,28,112,188
711,31,113,189
712,31,112,191
715,31,111,190
722,31,111,191
728,30,111,191
732,28,111,191
735,27,111,196
737,28,110,195
741,27,109,194
742,26,113,194
745,45,114,193
747,49,115,190
749,56,117,190
750,62,116,191
751,62,115,190
751,61,115,190
751,60,115,190
751,59,115,190
739,58,115,190
721,59,115,189
712,59,116,188
707,60,115,192
696,48,117,191
690,20,117,191
685,11,117,191
681,20,116,190
683,14,115,189
682,12,115,195
680,12,115,196
678,12,116,195
669,12,116,195
662,10,119,194
659,8,119,194
658,6,119,194
657,3,122,194
657,2,122,194
657,1,121,193
657,1,121,189
656,1,120,179
655,1,119,169
653,1,119,116
650,3,118,88
658,1,114,85
662,1,112,88
666,1,112,88
669,1,105,88
670,1,102,88
670,1,102,86
666,1,99,86
665,1,99,83
665,1,99,79
663,1,99,79
654,1,99,73
647,2,99,73
639,1,98,71
636,1,97,60
635,1,97,49
632,1,97,42
629,1,97,32
621,2,102,29
609,2,105,39
603,2,106,42
596,2,106,57
591,2,105,97
588,2,115,124
564,3,140,141
573,2,143,163
583,2,143,192
584,2,147,201
592,6,147,212
599,17,146,211
601,22,146,211
605,24,146,211
606,28,149,211
612,71,149,211
624,99,152,214
634,128,151,215
641,153,150,212
648,170,149,202
648,187,149,202
649,198,148,198
653,205,148,196
658,211,146,194
661,212,145,193
663,212,141,200
666,162,137,199
668,88,134,198
669,23,134,198
672,10,131,198
672,29,130,201
676,56,130,204
681,96,128,204
687,128,127,202
689,142,126,201
689,135,125,200
689,133,124,199
699,130,124,199
709,129,123,198
711,131,123,198
720,136,122,197
725,140,121,196
731,112,121,196
733,80,121,196
737,56,116,195
741,22,112,208
743,28,110,213
746,25,107,212
758,24,104,211
761,23,106,210
764,24,109,210
765,28,110,209
765,29,111,208
766,27,113,207
765,24,115,206
766,21,114,205
766,21,113,204
770,18,115,203
776,18,114,202
778,18,116,201
779,14,117,200
779,1,116,199
781,1,118,183
781,2,118,168
787,1,117,167
795,2,116,173
801,2,116,180
804,2,115,188
805,2,115,202
803,12,115,204
796,20,120,203
799,23,122,203
807,26,124,202
815,27,124,201
819,29,123,200
820,22,122,187
822,1,121,186
821,1,120,179
809,2,120,164
794,1,119,175
790,1,119,176
792,1,116,175
782,2,116,180
775,2,115,188
766,3,115,198
754,10,115,203
744,17,115,205
739,22,114,206
733,23,113,207
728,10,116,206
720,1,116,206
707,5,115,204
692,1,114,203
677,1,113,202
656,24,113,202
640,75,113,202
624,113,118,200
613,131,117,199
605,151,123,198
604,161,122,197
603,164,121,198
604,167,120,197
603,170,120,197
602,155,119,200
604,142,118,199
602,115,117,199
601,105,119,200
601,110,120,204
583,128,120,207
569,133,122,206
570,137,121,200
570,153,119,200
569,164,118,199
569,174,118,199
568,177,117,198
570,178,116,197
568,179,116,197
565,185,115,190
556,187,114,189
547,190,114,187
540,179,113,185
536,146,113,185
530,134,113,185
526,147,112,196
525,143,112,196
524,148,112,196
523,156,111,195
525,160,111,195
527,165,110,194
524,165,110,194
538,164,114,194
555,164,116,194
574,179,116,194
598,201,115,193
610,196,114,192
612,202,114,192
613,202,113,191
613,175,112,190
614,152,112,190
618,170,112,190
623,167,112,190
632,163,112,190
639,161,112,190
645,161,112,190
650,161,111,189
653,162,114,188
653,163,115,187
653,164,116,187
653,164,116,187
653,158,116,192
653,156,116,192
654,116,115,193
650,94,118,193
648,68,118,193
647,36,118,193
646,33,118,208
646,33,118,210
649,35,118,205
654,48,117,204
656,57,117,205
656,63,116,204
656,64,120,204
655,63,119,203
658,62,118,202
668,65,118,202
672,83,118,202
677,89,120,201
678,93,120,201
679,97,120,201
682,97,120,201
683,98,120,201
685,89,119,200
689,87,120,199
691,81,120,200
692,84,119,202
693,83,118,201
697,83,120,201
699,85,120,201
700,88,120,201
702,88,120,201
703,87,119,200
704,86,118,199
704,84,117,198
707,83,120,198
707,84,120,198
687,85,120,198
679,85,125,198
678,84,125,198
666,64,124,199
647,53,123,203
638,60,125,202
631,54,125,201
623,56,124,206
616,57,123,205
616,57,126,204
616,57,125,203
615,61,124,202
613,63,124,202
614,65,124,203
619,68,128,204
624,71,128,204
633,75,130,204
641,81,131,203
648,83,131,202
654,84,128,203
655,80,128,203
656,78,128,203
670,71,131,204
677,66,130,203
687,59,132,203
694,58,131,202
697,58,132,202
697,61,131,212
699,54,131,212
700,53,131,212
700,51,129,212
702,50,129,212
705,49,131,212
707,48,134,212
707,45,133,211
709,33,132,210
702,19,134,210
700,10,138,209
699,1,135,208
694,1,135,203
694,1,136,195
690,1,136,191
685,1,136,195
675,7,136,195
660,29,136,200
649,46,139,202
638,44,141,227
631,61,145,226
629,76,145,225
626,86,145,225
631,103,140,227
629,125,139,226
627,139,138,227
626,153,137,226
625,159,136,222
624,160,135,221
620,160,136,220
617,156,141,220
614,123,144,220
613,105,144,217
612,100,144,217
600,100,158,219
601,88,156,219
599,80,159,218
595,75,159,223
590,69,159,230
588,64,159,232
584,58,161,232
582,44,164,233
579,42,164,228
576,34,164,227
572,28,164,227
568,10,164,223
565,1,164,216
562,1,168,188
558,1,170,153
555,1,170,141
552,1,170,134
551,8,170,130
565,2,151,171
565,2,151,202
564,2,150,220
547,10,167,225
551,36,167,225
563,64,166,224
571,81,166,224
580,87,165,223
585,89,165,223
588,87,167,222
590,75,166,218
591,70,166,218
593,69,165,220
594,68,161,219
601,69,155,220
600,72,155,220
601,93,151,220
605,104,147,220
608,112,144,220
610,118,143,224
611,119,139,224
597,120,134,228
581,120,132,228
588,120,131,231
588,121,131,234
586,106,130,217
585,90,130,223
568,99,130,228
567,98,129,228
567,94,129,228
562,92,129,228
560,91,133,227
552,96,139,227
549,107,139,227
551,117,135,226
556,124,131,226
565,129,130,225
570,129,126,225
573,118,122,213
577,81,122,213
580,33,122,214
589,1,122,214
608,1,122,198
615,4,126,182
614,3,130,192
622,3,130,220
627,30,130,234
630,55,134,238
632,62,136,240
635,61,136,240
636,47,136,236
638,30,139,236
638,24,139,234
638,8,139,232
639,1,139,229
640,1,143,210
628,1,143,197
610,4,142,189
610,7,145,189
615,2,150,217
611,13,150,220
611,23,150,223
611,31,149,225
610,35,155,224
608,45,158,228
607,62,160,231
608,75,161,232
609,86,158,232
609,91,157,231
609,88,156,230
610,73,155,229
612,29,154,228
613,1,154,228
616,5,153,211
612,1,151,211
608,1,148,209
600,9,148,208
594,23,148,227
591,40,147,230
589,43,147,228
587,47,150,228
585,50,150,234
584,54,150,236
581,71,152,236
580,82,151,235
579,83,152,234
580,84,149,231
575,71,149,230
573,62,147,230
573,57,146,230
573,58,146,230
574,94,146,229
575,118,147,228
576,126,161,227
575,135,165,234
575,142,167,236
575,144,170,238
579,145,170,239
591,150,172,241
589,153,172,241
591,138,171,240
589,107,173,239
586,70,172,236
618,59,169,229
632,63,168,229
637,66,164,229
636,66,164,228
636,69,163,228
633,87,162,228
638,106,157,228
639,115,151,228
636,126,151,228
637,131,148,227
638,131,148,227
641,143,148,227
644,138,147,226
655,97,146,225
661,59,146,235
655,52,144,235
648,60,143,235
640,55,143,235
634,49,143,235
622,49,143,235
563,72,141,235
529,82,141,235
522,77,141,235
511,82,140,235
503,81,139,234
497,78,138,233
487,79,155,232
477,78,156,232
471,72,155,231
467,41,155,232
462,61,155,232
426,66,154,241
427,85,154,242
403,121,165,242
402,167,165,242
403,219,165,242
402,264,162,241
397,272,161,240
388,275,160,235
384,277,160,234
384,280,162,234
383,270,162,233
407,242,162,233
434,217,162,233
428,211,163,233
442,222,163,233
463,218,163,237
457,236,163,234
460,238,162,234
463,243,162,234
461,248,178,233
466,249,178,233
469,247,178,233
470,247,178,233
466,248,196,233
502,248,196,233
542,248,202,233
558,239,201,232
553,229,201,232
565,208,201,232
574,172,201,227
580,150,201,227
580,157,209,233
578,150,209,233
574,151,209,233
567,152,209,243
572,162,209,232
562,162,206,232
524,161,216,232
508,160,216,232
505,160,215,231
494,159,214,230
484,154,213,229
477,149,213,229
477,147,212,228
506,99,211,227
507,67,218,227
511,71,218,227
515,70,217,221
514,71,217,221
512,72,216,220
532,75,196,242
534,130,195,241
533,149,190,240
544,155,172,240
546,177,171,240
562,195,159,238
567,172,158,237
578,139,157,236
585,104,157,236
600,79,157,236
603,79,157,236
605,112,157,236
603,147,157,244
601,170,147,243
603,190,147,243
602,221,148,242
601,246,147,229
600,246,147,229
600,255,147,229
589,256,147,229
590,255,146,228
587,233,145,227
587,213,149,227
587,186,153,227
587,179,153,228
599,176,143,228
601,176,143,239
601,176,143,239
600,174,143,239
600,172,145,239
602,171,145,239
601,178,145,239
602,194,145,227
609,195,145,227
611,193,145,227
622,191,142,226
622,190,142,226
616,185,144,225
614,157,144,225
592,182,144,218
563,180,143,217
548,189,139,216
554,189,138,215
547,187,137,214
528,185,136,223
504,185,135,222
490,184,133,222
478,185,132,221
468,187,128,220
463,174,127,219
463,125,127,219
467,82,127,219
473,74,127,219
479,70,126,218
480,64,126,219
480,61,125,218
484,62,124,217
488,62,135,217
493,73,135,217
496,92,137,217
499,103,140,217
512,110,139,216
548,126,140,216
580,134,130,216
583,137,128,216
599,136,125,215
614,125,124,214
625,122,124,218
631,117,124,218
625,118,144,220
626,146,141,220
631,183,140,219
649,197,140,219
648,217,139,218
657,227,138,216
658,237,138,216
658,239,137,215
659,235,137,215
680,219,128,215
686,209,128,215
688,191,128,223
690,180,128,224
693,181,128,224
700,193,128,225
701,231,127,224
705,236,126,227
728,240,127,227
729,242,127,227
733,244,127,227
735,249,130,226
735,253,130,226
736,252,135,226
736,250,135,226
735,249,139,225
735,222,138,224
742,182,138,224
745,182,139,220
746,185,148,225
738,185,153,226
733,185,153,226
736,184,146,225
735,183,145,224
734,202,145,234
732,208,146,233
729,207,145,232
730,216,142,232
714,233,141,231
715,249,141,237
713,256,140,236
713,257,139,235
718,243,145,234
733,226,135,234
743,228,135,234
750,227,134,222
753,219,134,223
758,218,133,222
763,218,132,221
765,218,132,221
774,218,132,221
779,222,131,220
781,224,131,221
779,224,130,220
776,178,129,219
774,120,129,219
762,88,129,220
689,100,129,220
648,120,128,219
648,119,129,218
652,117,128,217
644,122,128,224
626,137,128,225
588,148,127,226
552,146,126,225
526,143,125,224
545,141,129,224
560,142,131,223
541,105,130,221
535,92,130,222
551,67,129,221
563,57,130,221
561,50,129,220
561,49,129,232
558,80,128,231
553,86,127,230
551,93,128,230
566,97,127,229
576,113,127,230
586,130,126,229
591,127,125,228
590,110,127,226
591,65,127,227
598,60,127,219
606,105,127,219
608,162,127,219
607,200,126,218
607,230,125,217
609,256,125,217
608,267,124,216
607,271,124,222
606,272,123,225
605,267,123,225
597,271,122,224
579,273,122,223
587,250,121,222
584,194,120,221
567,140,120,221
523,110,120,221
499,88,131,221
490,78,131,221
492,91,131,221
484,107,130,220
482,108,138,219
484,110,130,218
478,118,130,218
472,122,129,217
470,125,140,217
469,128,140,217
476,129,135,216
476,128,134,215
476,103,133,214
479,63,133,215
492,65,122,216
495,58,121,215
495,53,121,223
495,52,129,222
499,66,129,222
507,110,131,222
517,117,125,221
520,110,125,221
520,117,125,221
519,120,127,221
504,120,127,221
508,119,127,221
506,131,127,213
508,135,127,213
512,136,127,215
523,131,123,215
524,131,123,215
538,132,122,214
549,131,128,214
550,143,125,215
553,168,124,217
553,158,123,216
551,161,124,216
559,161,123,215
560,159,123,215
560,159,122,214
567,120,121,213
569,65,121,213
573,44,121,214
577,40,120,212
571,33,122,212
570,44,122,212
569,47,127,211
573,47,127,211
579,75,127,212
583,122,127,212
584,157,127,212
584,181,126,226
585,175,125,226
631,153,126,226
664,117,126,214
664,93,129,215
686,114,129,216
720,145,129,216
744,184,129,216
755,206,128,215
758,222,128,215
740,234,127,214
721,235,126,213
719,229,125,212
719,224,125,212
719,232,126,212
719,234,125,211
719,235,124,210
718,231,130,209
719,154,129,208
726,89,129,208
735,71,131,209
740,78,131,209
733,121,133,209
727,150,132,208
723,190,132,212
722,242,133,213
721,275,132,212
714,284,131,211
704,281,130,210
686,281,148,209
667,279,147,208
668,278,146,207
708,221,147,207
739,143,147,207
737,122,161,207
733,126,160,206
780,113,160,206
835,109,163,206
847,152,163,206
828,229,163,205
822,275,162,204
853,279,162,203
896,265,162,203
912,281,163,203
917,301,166,201
911,265,165,200
889,220,164,199
873,177,164,185
861,152,164,186
825,172,164,186
787,184,163,185
723,231,163,185
707,277,162,194
708,278,161,193
693,277,145,192
647,297,145,192
606,303,145,192
569,306,144,191
533,302,143,190
514,286,143,190
527,261,143,190
543,233,143,192
540,184,144,193
525,148,144,194
520,140,144,194
516,151,143,205
511,170,143,205
521,172,130,204
521,170,129,203
521,169,129,203
522,166,129,202
521,165,128,201
520,165,127,200
520,163,127,200
520,159,126,199
521,129,125,198
521,86,125,198
524,39,125,198
543,11,121,198
548,1,121,198
526,1,120,197
511,5,119,184
521,12,119,184
516,14,118,183
512,12,122,183
479,22,121,191
459,22,120,190
448,11,120,190
427,10,120,190
421,15,118,190
429,30,117,189
438,21,105,188
437,4,105,188
455,1,114,188
470,13,114,188
475,61,114,188
479,98,114,188
493,125,113,187
507,149,113,187
508,183,112,186
518,200,111,185
533,207,110,184
556,208,109,183
592,209,108,189
596,211,111,188
604,172,110,187
619,115,114,187
628,70,114,187
633,46,114,188
635,54,125,188
637,85,125,198
638,126,124,197
637,142,123,196
636,152,122,195
644,161,111,195
644,176,110,194
638,188,109,192
636,180,108,191
633,157,108,191
633,152,107,190
640,124,115,189
655,98,115,190
659,68,117,189
670,49,117,189
684,44,118,189
700,67,118,195
707,94,117,194
709,98,116,193
720,97,116,193
741,99,120,192
735,103,119,191
738,105,117,188
738,105,117,202
739,104,116,201
739,92,115,203
739,40,114,197
740,1,114,197
755,1,114,182
734,29,113,174
716,22,113,194
733,27,113,194
731,27,113,194
728,33,113,197
730,42,112,200
681,64,112,200
661,74,112,200
672,72,111,188
688,67,111,188
702,84,110,187
674,66,110,187
640,54,110,188
657,39,108,187
670,41,108,187
647,52,115,186
622,54,113,185
618,72,108,184
606,89,107,183
589,109,114,182
578,119,114,182
569,127,113,181
564,136,112,179
560,139,111,177
553,141,110,176
545,117,109,175
539,68,109,175
538,54,117,175
520,52,117,175
496,63,117,175
497,78,116,189
490,90,116,188
489,122,116,188
484,129,115,187
459,150,115,187
462,160,114,185
460,160,119,185
457,155,118,184
455,157,117,183
454,142,116,182
482,131,116,182
494,123,116,182
513,127,116,182
537,128,115,181
556,126,115,181
564,124,115,181
574,146,115,181
582,196,115,181
594,205,114,180
601,205,114,180
635,208,114,180
651,209,114,180
649,210,114,180
653,190,113,178
665,158,113,178
692,117,113,178
705,84,113,179
711,75,113,179
708,87,113,179
706,87,112,178
702,77,112,190
701,73,112,190
686,73,112,190
639,93,112,190
606,97,112,190
597,101,112,190
602,102,112,190
622,104,110,187
624,116,108,184
616,82,108,184
612,58,108,184
612,62,107,183
612,56,106,182
605,58,105,181
598,72,105,181
592,88,104,180
588,108,105,190
582,120,104,190
573,115,113,187
572,113,113,187
572,113,113,187
572,115,112,186
572,115,112,186
575,79,110,184
599,47,110,185
608,72,110,185
616,85,110,185
617,113,109,184
616,129,108,183
638,147,108,183
639,181,108,183
644,210,106,181
624,224,105,180
606,236,105,180
595,242,105,180
571,248,105,180
582,239,104,179
599,178,102,176
570,146,102,177
525,132,102,177
518,149,102,177
535,165,101,176
540,164,101,176
554,162,101,176
551,160,101,176
533,160,100,175
532,155,99,174
552,137,98,173
560,133,97,172
559,133,97,177
557,122,97,177
556,61,96,176
565,1,96,176
578,1,96,171
585,1,96,138
569,2,95,136
566,2,95,136
564,3,97,135
572,2,96,134
579,7,96,157
559,4,103,178
544,29,102,177
544,47,101,176
577,45,101,176
650,30,100,175
667,1,100,158
647,1,100,146
659,10,100,118
684,2,99,128
696,5,99,140
722,2,98,139
729,5,98,139
723,15,98,183
719,37,97,181
717,48,96,180
717,67,95,179
720,98,94,178
721,111,93,177
722,105,92,175
726,72,91,174
743,15,97,174
754,1,104,175
767,12,105,173
775,47,105,173
776,95,104,172
772,120,103,187
769,136,102,186
762,142,115,186
761,149,115,186
758,162,115,186
741,158,114,185
735,144,113,184
734,130,115,183
731,106,115,183
730,63,115,183
731,27,117,184
732,19,115,184
736,22,114,180
740,28,114,180
747,53,111,179
745,68,111,179
748,83,110,178
746,95,110,178
743,104,110,178
744,112,110,178
743,113,110,178
742,124,109,177
740,126,108,176
739,123,108,176
762,90,107,175
767,68,107,175
768,76,109,175
771,79,107,177
770,78,107,177
774,79,107,180
773,79,107,180
773,81,107,180
772,94,109,180
759,96,108,179
736,102,108,179
705,107,108,179
692,115,107,177
692,122,104,177
690,125,103,176
691,125,102,175
682,122,102,186
682,120,102,186
683,117,102,186
683,114,102,186
687,112,104,186
691,111,104,186
692,113,103,185
690,122,102,184
688,126,106,183
694,131,106,183
708,135,107,182
710,138,106,180
713,139,105,179
714,140,106,178
717,127,105,176
730,123,100,176
732,131,98,178
732,129,98,178
731,130,98,180
730,130,98,180
730,129,106,181
730,138,115,181
729,149,114,179
731,148,111,179
729,156,111,179
725,163,110,181
722,168,110,181
726,171,109,185
742,136,108,184
742,99,108,184
748,97,108,184
749,112,107,183
749,108,106,182
772,106,106,182
780,107,105,181
780,111,105,180
779,114,105,179
773,116,104,177
771,118,104,180
770,118,104,180
770,120,103,179
764,123,102,177
776,125,101,176
779,95,100,175
777,65,101,175
763,42,101,175
756,50,101,175
750,46,101,175
746,47,101,178
741,56,100,177
729,64,100,177
693,70,100,177
664,84,100,177
634,97,100,177
597,106,99,176
576,110,98,174
574,128,98,187
569,148,98,187
563,157,96,185
561,157,96,185
564,153,95,183
565,153,95,183
566,163,97,184
563,171,97,184
562,180,96,183
562,200,95,182
562,212,94,180
559,223,94,180
552,226,93,179
541,229,107,179
539,229,107,179
536,230,107,179
533,180,107,183
532,113,107,183
534,94,107,183
507,109,107,183
477,114,107,183
480,110,106,182
475,112,105,181
473,113,104,180
473,108,102,177
447,100,104,177
430,95,103,176
431,94,106,176
435,91,106,176
439,51,105,175
418,37,105,175
448,39,104,177
482,33,103,176
498,31,106,176
500,26,104,174
487,24,104,174
469,42,104,181
466,51,103,180
475,61,102,179
489,66,101,179
462,66,101,179
441,69,101,179
435,51,103,178
453,1,102,177
458,1,101,150
458,8,101,103
414,2,100,90
408,2,108,93
399,5,107,97
399,2,108,147
399,46,108,147
396,52,116,176
392,79,115,175
388,118,115,175
385,154,116,175
383,169,115,174
379,160,115,175
375,135,115,175
388,80,115,175
368,64,134,176
374,80,133,175
405,89,132,174
420,110,132,174
421,164,131,173
437,206,132,172
462,223,132,176
457,236,162,176
473,252,162,176
497,276,160,174
515,280,159,173
526,261,163,173
555,219,151,173
564,192,151,173
570,182,151,173
565,172,158,173
573,173,158,173
577,199,159,172
576,228,158,171
576,233,157,170
578,223,158,170
580,220,158,170
581,218,161,170
579,214,162,170
549,210,161,169
537,205,161,169
548,204,161,169
552,205,161,169
598,177,175,168
603,148,175,168
605,135,177,168
620,134,177,168
642,125,177,168
645,121,196,168
638,121,196,168
613,150,196,168
590,170,202,177
606,172,201,176
629,166,201,176
633,169,211,175
621,170,211,175
616,170,211,175
628,168,211,175
635,160,210,174
635,128,210,174
618,107,210,174
583,105,210,174
574,98,211,173
569,91,211,173
558,88,210,172
542,87,212,172
523,88,212,172
504,101,212,172
500,109,223,172
491,111,222,171
490,117,216,171
481,119,215,170
474,124,215,170
472,122,214,169
475,68,214,169
481,50,216,169
488,49,215,168
486,39,214,167
492,27,213,166
496,23,213,166
503,31,213,177
502,55,212,176
503,64,211,175
503,78,212,175
501,91,211,174
500,98,211,174
498,104,210,173
497,78,207,167
495,44,207,167
495,36,207,167
495,34,207,167
496,31,207,167
498,31,207,166
500,47,207,166
485,65,206,165
485,57,205,164
479,57,208,164
479,63,208,163
488,60,208,162
479,64,208,162
470,73,207,160
464,78,207,158
458,81,206,157
456,83,205,156
456,84,204,155
456,85,203,154
444,92,212,151
445,91,212,151
450,91,211,150
455,104,215,151
455,137,215,151
458,158,216,154
458,164,215,153
462,168,215,153
466,176,214,152
473,180,214,152
478,183,213,151
482,188,213,151
490,188,197,150
494,173,196,149
498,165,193,149
511,164,178,148
512,159,178,148
511,158,178,148
511,157,178,148
510,157,177,147
526,160,164,143
531,162,155,143
509,165,155,143
453,167,157,142
430,169,156,141
437,168,155,140
433,170,155,140
434,174,145,140
438,167,144,139
452,158,140,138
453,156,139,137
451,159,138,136
450,159,137,135
452,152,136,135
460,148,128,135
457,149,118,135
453,151,117,135
453,149,116,134
452,143,117,135
448,145,115,134
444,149,112,134
442,151,111,133
448,139,111,133
457,143,109,132
454,141,109,132
453,140,108,131
453,138,107,130
459,137,106,137
463,136,106,137
467,138,106,140
469,138,105,139
472,139,104,138
466,138,102,136
461,138,101,135
458,138,101,135
458,136,101,135
463,94,100,133
463,94,99,132
467,57,99,132
473,55,99,132
487,54,98,131
491,44,98,131
500,37,97,130
509,33,95,132
514,49,95,132
514,49,94,131
515,54,94,134
514,55,94,134
514,55,93,133
513,59,93,137
510,60,93,137
507,61,93,137
504,62,93,137
502,43,92,136
502,35,92,136
499,35,92,136
493,28,91,135
487,26,90,134
482,25,89,133
476,24,88,131
467,36,88,131
450,44,88,131
424,49,88,131
401,57,87,130
392,58,87,130
384,54,86,130
381,11,86,130
377,1,86,130
377,5,93,99
369,2,100,100
383,5,90,88
383,1,97,94
386,2,96,93
394,5,83,108
380,5,93,125
375,10,93,127
374,11,93,128
372,12,93,129
370,19,93,129
368,2,92,135
367,1,91,134
377,2,82,32
731,17,154,60
382,2,99,36
371,2,103,54
371,2,97,74
369,1,87,94
370,4,89,122
369,35,89,129
367,63,89,129
363,73,88,137
367,89,88,137
366,106,86,138
366,114,85,137
373,112,84,136
429,56,83,135
427,21,83,135
410,42,83,136
418,60,83,136
439,49,82,135
461,34,82,135
466,51,82,135
476,86,82,135
479,104,81,133
482,111,80,132
512,112,80,132
552,115,80,132
560,130,79,130
560,138,79,130
571,146,78,129
584,145,78,140
592,145,78,141
597,147,77,140
599,151,77,140
599,176,77,140
609,186,76,139
631,198,76,139
622,229,75,138
625,256,75,140
622,265,78,140
620,275,78,144
622,279,78,146
622,280,78,146
621,282,78,146
641,286,77,145
663,273,75,144
661,263,74,143
658,264,73,142
651,257,72,141
651,250,79,140
655,240,79,140
657,239,79,140
656,237,79,140
656,236,79,140
644,235,79,135
639,223,79,135
640,217,79,135
640,200,79,135
638,166,79,135
636,113,79,135
636,107,79,135
627,105,79,135
595,96,79,135
594,97,79,135
604,106,79,135
603,114,79,135
596,130,79,135
563,147,82,135
548,147,84,135
539,153,86,135
539,153,86,135
539,153,86,135
537,153,86,135
532,154,86,135
529,145,95,142
530,146,99,142
538,146,101,142
538,146,101,142
538,142,107,142
528,168,110,142
528,194,110,142
526,201,110,142
526,203,110,142
526,209,110,142
526,211,110,142
526,212,110,142
540,224,114,142
541,218,118,142
539,176,118,142
548,151,116,142
548,143,116,142
548,147,116,142
559,147,105,142
559,138,104,142
564,139,104,142
564,140,104,142
571,152,93,139
571,152,93,139
570,153,90,138
551,153,90,138
544,153,85,138
544,153,84,138
541,153,83,138
541,136,82,138
550,149,82,138
549,139,82,138
549,147,82,138
549,145,82,138
549,137,82,138
549,137,85,138
549,165,85,138
548,163,85,138
552,176,85,138
552,183,85,138
552,185,85,138
553,193,85,129
563,178,85,129
588,171,85,129
602,141,85,129
601,129,80,120
601,122,80,120
598,107,77,131
597,104,76,131
596,97,75,131
595,90,75,131
595,89,75,131
540,89,80,131
529,89,81,131
540,88,81,131
538,88,82,131
569,77,82,131
567,77,83,131
587,69,83,131
663,43,83,131
698,33,83,131
677,33,83,131
656,33,83,131
656,33,83,131
690,33,90,131
733,33,90,131
758,45,90,131
775,45,90,131
772,49,90,131
760,49,89,129
766,50,88,128
771,45,87,130
766,17,86,130
744,25,87,131
728,21,86,130
726,21,86,130
727,21,85,129
726,27,84,128
726,36,83,130
706,46,83,130
654,53,83,130
619,54,83,130
614,53,82,134
607,62,81,134
591,69,81,135
573,71,81,137
566,69,80,138
569,65,79,138
572,89,78,138
571,117,78,140
565,130,77,139
576,154,76,141
555,171,76,141
540,187,76,144
557,203,77,148
581,220,80,148
579,231,80,148
578,242,80,149
577,242,79,148
576,238,78,147
569,247,78,147
564,249,77,145
563,249,77,145
563,247,76,144
553,247,85,143
542,256,85,144
539,264,85,144
531,264,85,144
510,262,84,143
504,264,84,143
505,268,83,142
506,219,82,141
510,191,81,140
512,193,80,138
516,185,79,137
533,163,79,138
531,152,78,137
542,147,77,136
543,155,76,135
542,155,75,134
541,134,74,133
534,128,88,142
536,134,87,141
536,117,86,140
535,85,86,140
534,52,86,140
535,22,86,140
539,21,85,144
507,26,85,144
481,28,85,146
483,28,84,146
479,30,83,146
478,44,82,146
482,55,80,148
475,71,79,147
469,85,78,146
470,95,78,146
476,97,78,147
492,101,78,147
480,102,78,147
510,103,77,146
573,85,76,145
574,77,77,145
555,79,77,145
544,75,77,145
556,78,77,145
575,81,76,144
578,81,76,144
548,85,76,144
506,91,75,143
474,96,76,142
483,90,75,141
502,26,80,140
455,13,94,140
440,19,83,140
418,15,82,139
412,1,80,137
409,1,80,132
390,24,80,127
352,41,81,131
320,64,81,143
308,81,81,143
337,79,80,142
398,53,79,140
426,16,79,140
404,1,79,140
431,3,78,129
469,1,79,128
479,2,81,111
450,9,97,126
447,63,98,128
468,80,98,128
482,90,98,128
511,113,98,128
538,139,98,128
541,133,97,127
544,119,96,126
565,119,96,126
575,124,95,125
576,123,94,144
577,123,109,144
567,127,109,144
563,137,109,153
560,150,109,153
