178,501,252,217
209,496,243,224
236,501,238,219
267,497,228,223
300,502,218,218
299,503,218,217
331,503,207,215
366,502,195,218
396,504,185,216
426,505,175,215
428,505,174,215
456,506,165,214
487,506,153,214
518,506,141,214
547,507,129,213
546,507,130,213
573,507,121,213
599,501,111,219
622,509,104,211
647,510,94,210
645,509,95,211
658,509,99,211
673,511,97,209
706,509,100,211
721,508,102,212
718,508,106,212
736,507,99,213
744,507,101,213
749,506,109,214
759,505,107,215
760,505,106,215
765,505,108,215
770,513,108,207
775,509,106,211
777,502,105,218
778,501,104,218
779,509,103,210
782,510,101,207
784,509,100,209
784,509,100,211
784,509,102,209
783,507,102,213
781,506,103,207
783,503,100,208
781,502,103,205
781,503,104,204
780,500,104,205
779,499,104,204
777,496,106,207
776,494,104,207
776,495,104,204
776,495,102,203
774,490,101,206
773,490,97,203
770,486,94,201
770,486,96,201
768,483,91,204
766,483,87,201
763,482,92,203
760,484,89,198
760,484,83,199
757,484,82,198
755,482,80,199
754,480,79,198
748,479,85,196
749,478,83,194
746,478,86,196
745,477,85,197
743,476,86,198
739,475,87,197
740,476,87,196
737,474,85,196
735,472,83,194
733,472,80,192
732,472,81,193
729,472,80,193
727,470,76,193
725,471,82,190
724,470,80,193
722,470,81,192
721,468,77,194
718,468,81,191
716,466,81,192
717,468,74,190
717,468,69,190
716,466,71,190
713,468,73,189
714,468,72,192
712,467,75,192
712,468,74,191
711,467,76,192
709,466,74,192
705,466,77,192
702,463,77,194
702,464,77,193
701,464,80,193
702,464,75,190
701,466,75,188
705,466,72,188
705,462,72,194
706,465,71,190
707,466,72,189
709,466,71,189
712,466,69,189
713,467,68,187
713,466,70,189
715,468,69,187
716,468,73,190
717,469,75,189
718,469,75,190
720,468,74,190
720,468,76,191
722,469,76,189
724,470,76,189
725,470,76,189
726,470,78,190
732,471,73,190
736,472,73,191
739,473,73,190
740,474,71,189
742,473,73,192
744,475,74,191
747,477,74,189
749,477,76,190
749,477,76,191
752,478,77,192
754,478,77,191
756,478,77,189
758,479,79,189
758,479,79,189
760,479,78,190
762,478,78,189
764,477,76,190
766,476,76,189
766,476,74,190
767,475,75,191
770,475,76,190
774,475,73,190
775,476,76,187
776,477,75,187
777,475,77,189
780,476,79,187
783,478,81,185
785,478,82,183
785,478,82,184
786,477,85,184
787,477,84,184
789,478,85,179
790,476,83,179
790,475,83,180
790,475,82,180
792,475,79,180
793,475,78,180
794,476,78,179
794,476,78,179
795,475,78,179
797,479,78,174
799,481,80,174
800,483,83,170
799,483,84,171
800,483,87,171
800,485,91,169
799,486,95,171
799,486,96,169
799,486,96,170
795,486,97,170
793,489,96,166
789,487,95,168
785,487,96,165
785,489,98,163
781,488,99,160
775,487,102,159
767,485,105,159
761,483,105,158
762,484,104,158
755,483,105,156
749,480,104,156
741,479,103,156
735,480,100,151
735,480,100,151
728,478,99,150
722,476,97,151
715,476,95,149
708,474,93,150
708,473,93,151
702,473,89,151
696,471,86,151
690,469,83,149
685,467,79,148
684,467,80,149
678,466,77,147
671,463,72,146
667,463,69,145
664,463,67,145
663,463,67,145
660,462,64,145
659,460,61,145
657,459,59,144
655,458,57,143
656,458,56,143
656,456,56,143
655,455,56,143
654,456,56,141
653,456,55,140
652,457,54,139
651,457,54,139
649,458,56,137
647,458,59,135
645,457,60,136
645,457,60,135
643,456,60,136
642,455,60,136
644,454,58,134
646,456,57,131
647,455,55,131
648,454,55,132
649,453,54,132
649,453,53,132
651,453,52,130
652,453,51,129
652,452,51,130
654,452,50,129
654,452,52,127
655,452,52,126
655,452,52,126
658,452,51,125
659,452,51,123
659,453,53,120
660,453,54,120
659,453,55,120
661,452,54,119
664,451,52,119
668,445,49,123
669,444,50,123
670,444,49,123
672,443,47,122
674,444,47,122
676,444,47,119
679,443,45,118
679,443,46,119
681,442,46,119
682,442,46,117
683,442,47,115
686,441,46,116
686,441,46,116
689,441,45,115
688,439,51,116
689,438,51,115
691,437,51,114
691,438,51,114
693,438,52,113
697,436,50,114
701,436,48,114
705,436,45,111
705,436,45,112
706,436,45,112
707,436,45,112
708,433,45,114
710,431,43,113
711,432,43,112
712,432,49,114
717,433,48,113
721,434,41,107
723,433,42,109
721,433,43,109
724,434,44,110
729,434,50,108
732,433,51,108
736,433,50,109
736,434,50,109
742,433,48,109
746,434,47,109
749,434,45,109
756,434,43,107
755,434,45,107
759,433,42,106
763,433,42,107
766,434,44,105
769,434,44,105
770,433,42,106
774,435,41,106
779,435,39,105
783,436,40,103
788,437,41,103
787,436,42,103
792,436,44,104
795,437,45,105
802,438,44,104
806,438,44,104
808,438,42,105
813,439,43,103
818,440,42,101
824,438,43,107
828,438,43,106
828,438,44,104
832,438,45,105
836,437,46,105
841,437,52,106
844,436,54,108
843,436,55,108
848,438,55,107
852,438,57,107
855,439,59,107
859,441,60,105
859,442,60,105
862,443,60,102
868,443,57,100
881,443,47,103
888,445,45,101
887,444,45,101
901,447,36,99
911,447,38,105
911,447,38,105
911,447,38,105
911,447,38,105
911,447,38,105
911,447,38,105
911,447,38,105
911,447,38,105
911,447,38,105
911,447,38,105
911,447,38,105
911,447,38,105
911,447,38,105
911,447,38,105
911,447,38,105
911,447,38,105
911,447,38,105
911,447,38,105
911,447,38,105
911,447,38,105
911,447,38,105
805,433,70,79
805,434,69,71
800,432,70,74
795,438,70,77
790,437,76,87
782,439,77,91
782,438,77,92
778,438,74,91
773,436,72,92
769,435,70,91
767,434,70,91
767,436,70,89
764,435,64,88
763,434,63,88
762,433,61,88
763,432,56,88
763,432,58,89
762,432,55,88
761,431,54,88
762,430,51,88
763,429,49,87
764,431,49,85
766,428,46,89
768,430,44,86
769,429,41,88
771,427,38,89
772,428,38,89
772,426,37,89
769,426,41,88
766,425,42,89
765,426,44,88
764,425,44,87
762,425,44,87
760,425,45,86
757,424,46,86
753,423,46,85
753,423,46,84
749,422,45,84
742,420,47,85
741,419,42,84
735,417,43,84
734,418,43,84
730,416,42,82
713,415,52,82
705,414,53,81
700,414,51,82
700,413,49,83
694,415,48,79
689,415,47,78
683,414,45,79
677,414,44,81
676,414,46,81
674,413,44,80
668,413,45,78
655,414,51,76
650,414,49,73
658,415,46,72
655,416,44,75
646,416,47,75
642,417,48,74
638,416,52,74
637,415,53,74
634,416,56,73
631,415,59,72
635,415,55,75
634,414,55,74
634,415,56,72
637,412,55,72
640,412,55,71
643,410,56,72
646,409,56,72
647,409,55,73
651,408,56,75
655,407,56,74
660,406,55,74
666,404,53,76
665,405,53,74
672,405,49,74
677,405,48,74
682,406,46,72
687,405,43,75
687,407,44,71
692,406,42,74
693,406,45,73
696,405,46,76
697,406,48,73
698,407,48,72
700,406,48,71
703,407,47,71
704,405,48,72
705,405,48,72
707,405,46,72
705,404,48,74
705,404,46,73
704,403,45,73
702,401,46,74
702,401,46,74
700,401,44,73
697,400,43,72
695,398,41,73
693,398,39,73
693,398,39,72
693,397,35,71
695,397,31,71
693,396,29,72
689,395,29,71
690,396,28,68
687,394,28,70
684,393,30,73
678,393,31,70
668,391,37,73
668,390,36,71
664,390,37,72
662,389,35,69
659,388,35,72
657,388,34,70
657,387,34,72
654,387,34,71
651,386,34,71
647,384,37,71
650,385,32,70
650,386,32,68
648,385,31,69
648,385,29,69
647,384,31,69
647,384,32,66
647,384,32,65
646,382,32,69
645,382,35,69
647,383,34,68
647,380,34,70
647,381,34,69
647,380,35,70
648,379,33,71
649,379,33,70
650,378,33,69
651,379,32,68
651,378,32,67
651,377,33,71
651,377,34,73
653,378,35,72
653,378,33,70
654,378,33,70
655,376,33,71
656,378,33,70
657,377,33,71
658,377,33,70
659,378,33,71
661,378,33,68
662,376,33,72
666,376,32,70
667,376,31,71
667,376,31,70
667,377,33,71
668,376,34,72
671,375,33,70
671,376,33,70
672,375,34,71
672,376,35,72
673,375,36,71
674,375,33,70
674,375,34,70
676,377,32,69
677,374,33,73
678,375,34,71
680,375,34,71
679,375,33,71
680,375,34,70
682,375,34,71
683,376,34,70
683,376,34,72
684,376,35,71
683,376,36,71
685,376,34,69
684,376,37,70
684,376,36,70
686,376,35,71
686,376,35,71
683,376,37,73
682,375,38,74
684,374,36,73
685,375,35,72
684,376,35,72
683,377,38,72
683,377,37,73
682,377,37,73
682,377,38,73
682,379,39,71
681,376,40,75
679,377,40,73
680,378,39,72
679,377,39,72
677,378,41,72
674,378,40,73
672,379,40,71
670,378,40,72
671,378,39,73
670,378,38,72
670,379,37,72
668,379,37,71
668,379,35,71
668,380,36,71
667,379,37,72
665,379,37,73
664,380,37,73
664,379,38,73
665,380,38,72
664,380,37,73
663,380,37,73
662,380,36,73
661,380,36,76
661,380,38,74
660,381,37,74
659,381,38,74
658,381,38,75
657,383,33,74
658,385,34,72
655,385,38,72
654,382,38,74
654,385,38,74
653,384,38,76
653,385,41,72
655,386,43,74
655,386,43,72
655,387,44,74
659,387,40,75
659,385,38,77
662,387,39,75
664,387,39,73
667,387,39,75
670,387,40,77
670,389,38,73
674,389,45,74
678,390,46,74
687,388,48,77
693,390,48,76
694,390,46,76
699,389,46,77
705,389,45,78
710,390,45,78
716,391,45,81
717,391,44,79
723,390,42,81
728,391,41,79
734,393,40,79
730,393,43,79
737,392,40,82
740,392,41,81
744,393,39,82
746,394,42,81
744,394,42,79
746,395,44,80
751,394,42,80
754,396,41,81
753,395,42,80
753,396,43,78
755,395,43,80
755,395,44,80
755,396,44,81
756,395,42,81
755,395,42,81
755,396,43,79
754,395,43,81
754,394,47,80
753,395,46,82
752,395,47,82
750,395,50,82
748,396,51,82
747,395,49,82
745,395,49,83
744,396,49,82
743,396,49,80
741,395,50,82
738,395,46,82
733,395,47,81
732,395,47,81
727,393,46,84
724,393,43,82
720,393,43,83
719,393,41,83
717,393,42,83
715,392,40,84
710,392,45,83
706,393,44,83
702,393,45,84
701,392,46,86
697,392,47,85
695,394,44,83
691,393,45,84
687,392,45,82
687,393,45,84
683,393,44,82
680,394,44,82
678,394,41,81
674,394,40,83
674,393,41,84
671,395,39,81
668,395,38,82
665,394,37,81
662,394,38,82
662,393,37,84
657,393,39,85
655,394,37,81
652,393,38,84
649,394,40,84
648,394,40,84
645,394,42,84
644,393,42,85
641,392,43,85
639,394,42,82
638,393,42,85
635,394,43,82
630,396,45,84
628,397,48,84
627,396,49,82
627,398,50,80
626,397,51,82
625,398,52,82
627,400,50,79
629,400,51,82
629,399,50,84
632,399,51,83
633,402,53,80
635,401,54,80
638,401,57,82
640,401,56,81
644,399,56,82
649,402,56,81
654,402,59,81
660,402,58,82
660,401,58,82
667,403,57,81
673,402,59,83
680,403,59,82
688,402,61,82
687,402,60,82
695,402,58,83
702,403,60,85
711,404,55,85
721,404,52,86
721,404,53,88
730,405,53,87
739,406,50,88
747,408,50,87
756,408,48,88
756,408,47,87
763,409,48,88
771,410,46,89
778,411,45,89
786,411,43,89
786,411,44,90
793,412,42,90
797,412,44,91
801,414,47,91
809,415,45,89
809,413,46,92
813,415,46,90
818,415,46,92
824,417,45,92
834,417,43,91
834,419,45,91
837,419,44,92
841,419,45,93
845,421,43,92
847,421,43,92
847,421,45,91
849,422,46,92
851,422,45,92
853,421,47,94
855,422,48,95
854,423,49,93
854,425,50,91
856,424,51,92
856,425,51,91
855,426,51,91
856,426,52,89
855,425,54,91
853,426,57,92
852,424,58,94
850,425,59,93
850,426,59,90
845,426,61,92
842,425,62,92
839,424,61,93
836,423,59,93
835,425,60,91
832,423,58,92
828,421,58,95
824,422,56,92
820,422,55,93
819,421,56,93
814,422,56,91
810,421,55,94
803,421,57,91
798,423,56,91
799,421,55,92
792,421,56,91
786,421,57,92
780,420,57,92
774,420,57,92
774,420,57,92
768,420,57,92
756,421,58,91
749,419,57,91
742,420,57,93
743,419,56,92
737,418,55,93
730,419,54,92
724,420,52,89
719,420,50,90
719,420,49,90
713,420,49,91
709,419,46,93
704,418,45,94
699,418,45,95
700,419,44,93
695,418,44,94
690,419,45,93
685,418,46,95
680,419,47,95
682,418,43,96
678,418,44,95
673,419,45,96
669,419,45,97
665,420,44,96
665,419,44,97
661,419,44,99
658,419,43,99
654,419,43,100
649,420,44,100
650,419,44,101
647,422,42,96
643,422,41,96
640,421,41,99
632,422,44,97
632,422,45,99
628,421,44,99
622,420,46,101
617,420,47,101
612,421,47,100
612,423,47,99
607,421,47,102
600,423,46,101
587,423,46,103
579,425,47,102
580,425,47,103
573,424,47,105
566,424,47,105
559,425,47,104
553,424,47,105
552,424,47,105
548,424,45,106
542,426,44,106
537,425,44,107
531,428,45,102
531,427,44,105
527,427,41,106
521,427,41,107
515,425,42,108
510,425,49,109
511,425,48,110
508,427,48,107
500,425,52,109
496,427,52,109
493,429,57,112
493,428,57,109
490,431,58,108
488,433,59,110
486,433,59,111
485,435,59,110
486,436,57,110
486,436,58,111
488,440,55,110
490,442,54,112
490,444,54,112
491,444,58,111
492,445,58,112
494,444,59,115
495,444,63,118
497,447,63,118
497,446,63,119
499,446,64,120
502,446,67,119
504,447,69,120
511,451,74,120
510,450,74,123
518,453,75,121
523,457,74,122
529,457,74,125
536,459,74,124
536,458,72,125
541,457,75,130
547,457,76,129
553,459,75,130
554,459,73,129
561,464,74,126
567,466,75,129
575,470,74,129
581,473,74,130
582,473,74,130
589,475,74,131
599,476,72,133
608,477,70,134
616,478,69,137
616,478,69,137
626,479,68,139
631,481,69,141
640,481,69,141
645,482,69,141
648,482,69,141
655,484,70,141
661,486,68,141
667,488,68,141
678,492,64,142
678,491,65,143
684,493,66,144
692,495,67,145
699,497,68,146
705,498,66,147
704,498,67,148
710,498,68,149
717,498,67,149
724,498,64,150
728,497,65,153
729,498,65,153
733,497,64,157
735,496,65,161
735,498,69,163
738,500,67,162
739,500,66,161
740,502,66,161
739,502,71,160
737,503,74,160
737,504,75,161
737,504,75,161
736,503,75,163
733,502,74,163
731,504,74,163
728,503,74,165
728,503,73,164
719,502,79,165
714,502,82,161
709,499,81,164
706,497,79,164
708,496,76,164
703,497,75,166
700,498,71,164
695,498,70,164
690,496,70,166
691,496,69,165
687,496,68,164
682,495,68,164
679,495,67,165
676,494,64,168
676,494,65,169
672,493,64,169
670,494,63,170
667,494,62,168
665,494,64,168
663,494,63,167
661,493,63,167
659,492,63,167
658,494,63,167
657,496,62,166
657,495,61,165
656,495,60,164
654,494,60,165
652,492,60,166
647,489,64,167
647,488,65,167
645,488,65,167
643,488,62,168
639,489,64,168
637,489,64,168
637,489,65,167
635,489,63,168
632,489,63,168
626,489,64,168
623,488,63,167
623,488,62,166
619,489,63,166
614,488,64,169
610,486,64,171
607,487,64,170
606,485,63,169
599,486,68,168
593,486,72,164
586,485,74,168
582,484,74,168
582,483,74,167
576,485,76,166
569,484,75,164
563,482,75,165
556,481,76,166
557,481,75,165
550,480,74,163
542,478,74,161
535,475,74,163
527,474,72,165
528,474,71,165
521,474,69,165
514,474,67,165
506,473,67,168
496,473,69,169
495,473,69,169
487,474,70,166
477,474,73,167
469,474,77,166
461,473,79,168
460,472,81,170
454,472,81,169
442,471,86,168
439,469,84,168
436,467,83,168
438,468,81,168
434,469,81,163
431,467,80,165
428,465,82,167
426,462,82,167
428,463,79,168
424,461,79,165
419,462,83,163
417,460,82,164
412,458,86,164
411,459,88,164
409,458,89,163
405,458,94,164
404,459,96,163
402,459,98,163
401,460,100,163
400,461,103,163
400,460,105,164
401,459,106,165
400,459,110,167
400,459,111,168
402,459,113,163
405,457,115,164
409,458,116,165
414,458,117,167
415,456,117,168
421,458,118,168
431,458,117,166
440,459,115,165
451,458,112,167
452,457,110,168
462,456,110,168
472,456,106,168
480,458,103,167
494,457,94,167
495,456,94,168
503,457,93,167
510,458,91,169
525,456,89,170
532,457,88,173
532,456,88,173
539,457,87,173
541,458,93,172
547,460,94,171
551,460,98,172
551,459,98,172
559,461,98,171
566,462,101,171
572,463,102,170
582,462,101,170
582,462,101,170
591,462,100,171
598,462,101,174
609,461,99,176
618,464,96,174
618,463,96,174
626,463,97,174
634,464,94,171
643,464,91,174
651,464,88,177
653,464,87,176
660,466,86,174
668,466,84,171
674,468,83,174
679,470,85,174
679,470,85,174
684,471,86,171
689,471,88,168
688,472,97,170
693,473,98,169
694,472,99,171
697,475,104,170
702,477,107,167
708,480,112,163
716,482,116,161
716,482,114,162
724,482,118,159
736,482,120,159
745,482,119,159
765,482,122,160
765,482,121,160
775,486,122,159
787,489,121,157
798,494,120,156
810,488,115,163
811,487,115,164
822,489,110,164
834,493,105,165
844,494,92,164
854,495,87,165
855,494,86,166
864,493,88,168
873,495,84,168
884,496,83,164
887,495,79,163
888,495,79,163
894,497,76,163
900,498,73,162
903,498,73,161
907,496,71,161
907,496,70,160
908,497,72,160
908,494,71,162
911,494,71,160
914,493,70,160
915,491,69,159
919,489,69,159
922,490,69,158
920,490,76,155
922,489,77,154
924,488,78,154
923,489,80,152
923,489,81,151
922,489,82,147
924,489,82,143
923,489,83,144
924,487,82,143
924,482,82,143
923,479,82,143
921,476,82,141
920,477,82,140
918,476,79,140
911,474,77,136
906,474,76,137
901,472,76,133
900,471,78,133
894,470,78,133
887,469,79,130
878,467,79,128
877,468,81,129
868,469,81,123
858,464,80,125
840,463,82,122
822,462,81,119
822,462,81,118
802,460,82,117
786,457,81,116
770,455,81,115
749,452,80,114
749,453,80,111
727,450,80,111
706,447,76,109
686,444,77,108
666,448,75,103
665,447,74,103
645,447,73,103
623,443,70,103
602,440,66,104
580,439,62,104
580,439,61,104
557,438,58,103
536,439,56,101
516,439,52,100
496,440,48,99
496,441,49,99
478,442,46,98
462,440,50,100
445,441,50,99
430,442,49,97
429,441,51,100
416,441,48,101
403,441,49,102
389,440,47,100
366,440,47,99
361,439,54,100
350,438,54,99
340,436,54,101
329,434,56,102
318,432,59,102
318,435,60,102
310,434,60,98
302,433,61,97
295,431,63,97
287,426,65,96
287,426,66,98
281,421,64,96
276,418,65,97
271,412,65,95
267,410,64,92
267,410,64,94
265,410,63,92
263,410,64,91
260,410,65,89
257,408,67,90
257,407,69,92
256,407,66,89
255,406,66,89
253,404,68,89
253,402,69,90
254,399,68,92
254,397,68,91
255,395,70,91
255,394,71,90
258,392,72,89
258,392,72,89
262,391,72,88
267,390,73,88
272,390,72,87
278,389,72,85
278,389,72,85
284,387,70,85
290,384,72,87
296,382,72,87
303,382,70,87
304,382,68,86
311,381,67,86
324,381,65,84
330,381,64,86
337,380,64,84
337,380,62,83
344,379,63,85
350,377,60,85
355,376,59,85
362,376,58,84
362,377,57,84
367,376,57,85
374,375,56,83
378,374,57,83
383,373,58,83
384,374,57,81
390,373,56,82
394,373,58,82
400,373,56,82
406,373,55,81
406,374,55,80
410,374,55,80
418,374,54,79
422,372,55,80
430,372,51,81
431,372,50,81
436,372,52,80
441,372,50,80
445,372,51,79
451,372,50,80
452,372,48,80
457,371,49,80
463,371,47,80
468,371,46,79
472,371,47,78
471,372,49,78
477,370,48,79
481,370,48,80
486,369,49,80
491,369,47,79
492,368,49,80
497,369,48,80
501,369,46,79
512,368,46,79
516,368,46,79
518,368,42,79
521,368,41,78
526,368,39,78
530,367,40,78
535,369,37,77
535,371,39,76
537,370,39,76
540,370,39,75
542,368,40,77
544,369,40,74
543,369,40,75
546,369,40,74
548,369,40,74
550,369,44,74
554,369,44,74
554,369,44,74
556,368,45,75
560,367,44,75
563,369,44,73
567,368,44,73
567,368,44,73
570,368,43,72
573,368,44,72
575,369,46,71
577,369,48,70
577,369,47,70
580,369,49,70
583,369,50,70
586,370,52,69
589,369,48,69
590,369,47,70
592,369,42,69
597,382,33,58
592,384,37,57
605,367,66,72
605,364,65,74
621,367,51,64
618,368,51,71
625,367,50,71
635,371,64,66
635,372,62,69
656,368,45,67
653,368,45,71
661,366,31,73
669,367,55,72
669,367,55,72
646,385,65,59
646,385,65,59
646,385,65,59
724,375,22,18
724,375,22,18
722,371,30,38
713,370,43,67
715,370,46,66
718,370,47,74
718,370,47,75
722,371,47,73
729,371,44,74
733,373,44,71
735,373,46,72
735,373,45,71
740,374,44,71
742,375,46,72
744,375,47,73
745,374,46,74
745,374,46,75
746,374,46,74
746,374,46,74
745,374,45,74
745,375,45,73
747,374,42,74
748,374,41,74
747,371,39,75
745,371,42,74
745,370,40,74
745,369,41,75
745,368,39,75
745,369,38,74
743,369,39,74
743,372,40,71
743,370,39,73
743,368,39,74
742,372,40,71
742,371,40,71
740,371,41,70
741,368,40,74
739,368,40,74
739,368,39,74
738,368,39,72
737,368,40,73
737,369,40,71
736,368,39,72
735,367,37,72
734,367,37,72
733,366,35,72
733,366,37,73
732,366,35,71
731,367,36,70
731,368,35,70
730,366,35,71
729,367,35,70
729,366,34,72
729,365,33,72
728,365,34,72
726,366,36,71
727,365,35,72
725,366,37,72
725,365,37,71
724,365,37,71
723,364,37,72
723,364,37,71
722,366,37,71
722,366,36,71
722,366,35,71
721,365,35,72
720,364,36,71
720,364,34,72
720,363,34,72
719,364,35,73
719,363,34,74
719,364,34,72
718,363,36,73
719,363,35,71
721,363,33,71
720,361,34,73
722,362,32,73
721,363,32,71
725,361,29,74
727,362,26,57
727,362,26,57
727,362,26,57
727,362,26,57
727,362,26,57
727,362,26,57
727,362,26,57
727,362,26,57
727,362,26,57
727,362,26,57
727,362,26,57
727,362,26,57
727,362,26,57
727,362,26,57
727,362,26,57
727,362,26,57
727,362,26,57
727,362,26,57
727,362,26,57
727,362,26,57
727,362,26,57
727,362,26,57
727,362,26,57
727,362,26,57
727,362,26,57
718,370,13,14
718,370,12,17
719,365,30,47
719,365,37,61
719,365,39,70
717,366,39,69
717,368,39,68
717,368,40,68
717,365,39,71
716,364,40,72
717,364,39,72
716,364,40,71
714,365,41,71
711,364,43,71
711,363,40,70
710,364,41,69
710,364,40,69
708,364,42,71
707,362,40,72
705,362,40,71
704,362,40,71
704,361,39,72
702,361,39,71
700,361,40,71
698,361,40,70
697,360,40,72
698,360,39,71
694,359,41,72
692,359,41,73
690,360,41,71
687,358,43,73
688,359,41,72
685,358,42,73
683,358,42,73
680,358,42,73
677,359,43,70
677,359,43,71
675,358,42,71
672,358,42,71
669,358,43,70
668,357,41,71
667,357,41,71
664,357,42,71
662,358,42,71
659,357,42,71
657,357,42,72
657,357,40,73
654,358,42,71
652,357,41,73
649,358,42,73
646,357,43,73
646,357,43,73
644,358,43,72
641,358,44,72
636,358,43,72
634,359,42,72
634,359,43,73
631,358,42,74
627,358,43,75
625,358,43,73
623,358,43,75
623,358,42,75
621,357,43,77
618,358,44,75
615,358,44,75
613,357,44,77
612,358,45,76
610,357,44,76
608,357,43,77
604,357,45,78
601,357,45,76
600,357,47,77
598,358,46,76
595,357,46,78
591,357,47,77
589,357,47,76
589,357,46,76
587,357,46,78
585,357,45,78
582,358,46,78
579,358,46,78
579,356,47,80
577,355,47,81
574,358,47,78
572,358,46,78
569,359,46,79
570,358,45,79
566,359,46,79
564,358,46,81
559,359,48,81
557,358,48,81
557,356,48,83
554,358,47,81
551,357,48,82
548,358,49,82
542,362,49,81
542,361,49,82
540,359,48,85
538,360,48,86
534,360,49,85
533,361,47,85
533,360,47,86
532,361,47,86
531,360,46,87
529,363,47,84
529,363,46,85
529,363,46,86
528,363,46,87
526,363,47,89
526,364,47,87
524,364,49,89
524,365,49,88
523,365,50,89
521,367,51,89
520,368,51,90
518,367,51,91
518,367,52,90
517,368,52,92
516,368,50,91
515,369,50,92
514,370,49,93
514,370,49,93
512,371,49,93
511,372,49,94
509,373,49,94
507,373,51,96
507,373,50,96
507,374,49,96
504,376,51,96
503,376,51,97
501,377,53,97
502,378,53,97
499,379,55,95
498,378,55,99
496,378,56,100
495,378,56,100
494,379,57,101
494,379,57,100
493,381,56,101
492,381,53,102
492,382,54,103
492,382,54,103
491,382,52,104
491,383,51,104
491,383,54,105
491,384,54,105
489,383,54,106
490,384,54,106
490,384,54,109
489,386,55,108
489,387,55,108
489,387,54,109
489,387,58,109
490,389,58,109
490,390,58,109
491,390,57,110
491,390,58,111
492,390,56,111
493,392,55,111
492,391,57,112
493,392,58,113
492,392,57,114
492,392,54,114
491,393,54,114
491,394,54,114
489,394,56,115
490,394,55,116
488,395,55,115
487,394,57,117
485,394,58,116
485,394,56,116
484,396,58,114
484,395,59,118
482,396,60,118
482,395,61,119
480,395,61,121
480,396,61,120
479,395,59,121
476,395,61,123
475,395,56,123
473,395,56,122
473,395,57,125
471,397,57,125
471,397,54,127
470,397,55,128
466,398,58,129
468,398,56,128
465,398,58,126
465,399,57,128
464,401,57,127
462,401,59,129
462,401,61,130
462,403,61,128
460,405,61,130
459,405,62,131
460,406,59,132
460,406,59,131
459,407,59,131
459,407,58,133
456,408,61,133
456,410,59,133
456,409,60,134
456,411,60,134
456,410,61,137
456,412,59,137
457,411,60,137
456,412,59,138
456,412,60,139
456,414,61,137
457,414,56,141
458,413,60,142
456,415,62,142
458,414,61,142
457,417,61,141
458,418,62,141
457,418,63,143
457,418,63,142
455,418,65,144
456,420,65,143
454,419,69,146
455,422,69,143
455,423,69,143
457,423,70,148
458,424,71,149
462,425,69,148
465,426,67,151
465,426,68,149
468,427,66,150
471,429,66,152
475,431,65,150
474,429,65,153
477,432,64,151
482,432,63,152
482,433,64,152
482,435,66,152
480,432,68,156
483,434,68,153
481,435,73,156
483,437,74,155
488,439,72,153
489,437,72,157
490,438,74,157
494,439,73,158
498,440,72,157
504,440,72,159
504,441,71,159
509,440,72,157
514,442,70,157
521,444,68,158
527,445,67,157
526,442,68,160
533,445,66,159
536,444,65,161
541,445,64,163
543,446,67,161
542,446,67,161
545,448,70,161
547,449,73,161
550,449,74,163
555,451,72,161
554,451,74,162
561,450,73,162
564,450,72,164
575,452,71,163
583,454,70,162
583,454,71,162
591,455,66,162
599,454,67,161
605,455,66,165
612,456,63,165
613,456,62,164
617,457,63,165
620,459,66,164
626,458,64,166
631,458,68,164
630,457,67,169
635,458,67,166
639,459,67,167
644,459,68,165
647,457,68,167
647,458,68,168
650,460,67,166
654,460,68,166
659,459,66,169
664,460,65,171
663,463,65,167
668,464,66,167
671,464,69,170
675,462,68,171
677,463,72,169
677,462,72,171
679,463,73,174
681,463,74,171
683,464,75,173
684,464,76,174
683,465,78,175
684,466,77,176
685,465,78,175
686,466,77,176
685,469,76,173
685,467,77,176
685,465,75,176
684,466,74,175
684,467,73,176
684,468,71,178
683,470,74,179
683,470,74,181
682,470,75,182
681,471,79,181
681,471,77,179
681,471,79,182
680,473,80,179
679,474,82,180
676,475,87,179
674,474,89,182
675,476,88,181
673,475,86,184
671,474,85,183
668,475,86,185
668,478,83,179
666,476,83,182
663,476,81,183
661,475,80,185
659,475,80,187
656,477,80,185
657,477,78,185
654,476,79,185
652,476,80,188
651,474,81,188
648,476,83,188
648,475,83,190
646,477,85,187
646,477,85,189
643,478,88,188
642,480,89,192
641,480,91,195
639,481,91,188
637,480,91,189
635,481,91,187
632,481,89,189
633,480,88,189
630,479,87,192
626,480,86,194
624,480,85,198
621,483,84,195
621,484,83,193
619,485,84,193
614,484,84,194
613,486,84,194
609,486,88,195
609,485,87,196
607,487,91,191
605,487,91,194
603,485,93,194
598,485,98,195
599,488,96,194
596,483,98,196
592,486,98,192
588,487,98,194
584,486,95,195
585,487,94,194
580,486,92,197
576,487,90,197
573,487,88,196
568,486,87,198
568,488,87,198
564,486,88,199
561,488,87,196
558,489,86,194
554,489,88,194
555,488,87,196
550,487,91,197
548,487,91,196
544,486,95,200
541,487,97,199
540,488,98,198
538,486,97,198
534,487,100,197
531,486,100,199
527,484,98,204
528,484,96,202
524,485,98,200
522,483,94,200
520,482,91,201
518,484,88,198
518,482,88,200
516,483,87,200
514,481,87,202
511,482,87,203
508,481,87,203
508,480,88,204
506,482,90,198
503,481,93,204
500,480,95,203
499,480,96,198
498,479,98,199
497,477,96,200
494,476,97,197
493,476,97,198
492,474,95,200
492,472,96,203
492,475,93,200
494,471,91,201
494,472,89,201
496,469,86,201
495,468,88,200
499,466,85,200
501,466,84,200
502,468,83,197
504,468,86,195
503,467,85,197
505,467,87,198
505,467,88,195
504,465,92,199
504,465,93,196
503,464,94,196
504,461,94,196
503,457,97,198
504,456,96,197
504,456,95,196
504,455,95,194
502,453,95,196
503,454,93,196
502,452,92,197
502,448,90,200
503,453,88,195
503,450,85,194
501,448,85,195
500,446,84,194
499,440,83,194
500,440,82,194
500,439,83,191
499,437,85,194
500,436,85,192
499,434,88,194
500,435,85,190
500,432,89,194
500,432,88,193
500,430,89,193
502,430,84,192
503,430,84,193
503,428,86,193
502,425,86,195
503,425,84,189
502,423,83,195
503,423,83,192
504,419,84,194
505,420,83,193
505,418,74,189
506,414,79,193
507,417,76,191
507,415,76,186
507,415,76,187
508,415,75,185
507,415,75,185
508,415,80,186
506,413,79,185
505,414,81,183
505,415,81,184
505,416,81,180
504,415,81,179
504,414,80,179
504,413,78,181
504,413,78,180
503,414,77,180
503,413,77,180
502,415,77,180
502,418,77,180
503,421,76,178
504,422,73,177
505,422,73,177
505,424,72,178
507,424,70,179
507,423,72,182
510,426,71,183
512,426,71,182
513,430,69,181
509,429,76,178
508,429,77,178
508,429,77,179
505,430,79,178
504,428,80,177
502,426,83,178
501,429,84,177
500,427,87,177
499,431,86,175
498,433,85,173
493,434,87,172
491,433,89,173
492,432,90,174
491,433,91,176
488,433,93,179
490,432,94,177
493,430,91,175
495,430,89,174
498,428,89,177
500,426,89,177
503,424,87,177
506,429,85,172
509,429,82,172
513,428,81,173
518,421,80,171
524,420,83,169
531,419,84,171
530,419,85,169
536,417,88,168
543,417,90,164
552,414,90,165
562,414,87,160
562,414,86,160
570,413,88,160
579,410,88,163
588,410,87,163
606,410,84,157
608,407,82,160
617,406,78,161
624,407,76,159
634,405,72,160
640,405,69,160
641,404,70,159
646,404,70,160
651,404,70,160
655,404,68,161
657,403,68,163
657,403,68,163
659,403,68,159
661,405,68,159
661,407,69,157
661,407,69,157
663,407,68,157
662,409,69,156
663,410,69,156
662,413,68,151
663,414,67,151
663,413,66,150
663,416,66,150
663,418,65,154
664,420,64,153
663,422,65,152
663,419,65,152
662,421,67,155
661,421,67,156
660,422,68,157
659,424,68,157
661,425,67,157
659,427,67,158
657,430,68,155
655,433,70,152
654,435,68,149
655,435,67,148
653,438,68,148
651,442,67,146
650,444,68,147
648,444,69,148
649,444,69,148
645,442,70,152
642,445,67,152
640,447,66,151
637,448,67,152
639,448,66,151
638,446,64,152
636,447,64,152
638,448,59,149
638,451,56,145
637,451,57,146
637,452,56,146
635,451,57,147
632,451,58,144
630,451,59,145
632,451,59,146
629,450,61,144
629,451,60,144
627,452,60,144
626,452,60,144
626,452,61,142
625,453,60,142
623,453,61,143
622,453,61,143
621,452,60,142
621,450,60,142
619,449,60,142
619,448,58,142
618,449,58,140
618,451,58,140
618,451,57,138
618,449,57,139
623,449,56,138
620,449,56,140
619,449,60,139
619,450,60,139
618,451,62,135
619,450,63,137
614,451,69,130
610,454,75,127
609,453,75,127
608,454,76,129
604,455,76,129
594,454,79,130
590,456,81,124
590,457,81,123
583,454,85,122
576,452,86,122
568,448,89,122
558,448,93,122
558,447,93,122
548,447,96,123
539,448,96,123
529,448,97,123
517,447,99,122
517,448,99,121
505,448,100,118
493,451,101,114
482,449,101,115
466,447,105,119
466,447,105,118
452,447,106,118
439,446,107,117
425,442,108,120
410,440,108,121
409,440,109,122
395,440,109,121
378,437,112,122
362,436,112,123
347,436,112,123
346,436,112,123
330,436,110,122
313,435,110,122
296,434,109,121
282,431,104,126
283,430,104,127
274,430,94,128
258,429,93,130
232,430,100,130
213,429,100,131
213,429,101,132
198,428,96,131
183,426,95,132
170,422,91,135
154,408,83,139
154,409,83,139
150,402,80,141
143,396,83,142
136,392,81,143
130,388,79,142
131,387,78,144
127,385,79,142
122,382,78,141
119,381,76,140
114,377,77,140
114,376,77,140
111,370,78,144
108,366,78,145
107,363,80,145
104,361,83,147
104,360,83,146
103,360,84,145
102,360,85,146
103,359,86,146
102,358,86,145
101,357,87,145
103,357,89,146
107,356,86,146
107,356,86,146
113,355,83,146
114,355,81,146
118,354,81,145
120,354,84,145
128,354,81,146
136,355,80,147
136,355,81,148
143,355,82,147
151,354,81,145
159,354,83,144
167,355,86,144
166,354,89,145
175,355,90,145
186,355,90,144
195,353,92,145
201,352,92,146
203,351,92,147
212,353,93,147
231,354,91,151
242,356,89,147
252,357,85,144
252,356,84,143
261,354,84,144
270,356,85,150
281,356,81,152
290,358,80,150
292,361,78,148
301,358,80,152
311,359,79,153
318,360,78,154
325,363,78,149
325,366,75,147
329,366,74,148
336,368,71,148
342,368,72,150
349,370,75,149
350,371,74,148
356,372,75,147
363,375,80,146
373,377,81,144
383,379,79,146
384,378,77,149
396,380,79,150
406,382,77,149
419,384,73,147
432,387,70,147
431,385,71,151
440,386,71,152
449,386,71,156
462,388,66,155
471,390,66,155
471,390,65,154
479,391,64,153
488,392,64,153
495,394,64,153
504,396,65,153
504,396,64,153
510,397,65,154
515,399,66,155
528,403,65,159
534,406,65,160
534,404,64,161
539,405,65,162
543,406,63,161
546,408,64,161
548,408,63,160
551,409,64,162
554,409,65,164
558,409,66,166
561,408,67,169
561,408,66,168
562,411,67,171
565,412,68,166
568,414,68,167
569,415,72,169
569,415,72,169
570,416,76,171
570,416,78,172
571,418,82,168
571,416,84,170
570,417,85,171
568,418,86,171
569,418,83,171
566,420,85,170
565,420,83,171
564,419,83,172
563,420,83,172
561,421,83,172
559,421,81,171
557,422,80,172
556,421,81,173
553,421,82,173
549,420,83,175
545,421,84,176
541,422,84,175
540,422,85,176
537,423,84,176
532,424,88,176
527,426,90,177
522,428,90,176
521,428,90,177
517,430,91,176
508,433,93,177
503,434,92,177
498,432,92,180
498,432,93,182
493,434,90,182
488,435,88,182
484,436,88,182
483,435,85,186
483,434,83,187
480,434,84,186
478,433,82,187
475,431,82,188
473,431,82,189
473,431,82,189
471,433,82,189
469,434,78,189
467,433,78,191
466,435,76,190
466,436,76,190
464,436,75,190
462,436,75,190
460,436,78,191
458,436,79,189
457,435,80,190
455,436,81,188
455,436,81,186
454,437,81,186
452,437,81,187
451,436,82,188
449,434,82,189
447,434,81,188
445,436,82,189
444,436,78,188
443,435,78,189
443,435,77,191
442,436,77,191
442,435,74,190
442,435,73,189
442,435,73,190
441,434,74,191
440,433,75,190
441,433,73,188
441,434,73,188
442,434,73,188
441,434,73,190
441,434,74,191
440,434,74,192
439,433,73,186
441,433,72,186
440,433,73,187
440,434,74,185
439,435,77,183
439,435,78,184
438,434,79,185
439,433,80,186
439,433,81,187
439,433,82,185
440,432,84,182
441,431,85,183
442,431,85,183
446,430,82,182
448,429,82,181
452,428,81,182
452,428,82,183
457,427,77,181
460,427,76,181
462,428,77,179
463,428,78,181
466,428,73,178
468,429,72,177
469,428,73,179
470,427,75,176
471,427,76,175
473,429,75,173
473,428,77,173
478,428,75,172
478,428,76,171
481,427,76,169
482,428,75,168
483,428,78,168
487,429,76,165
490,428,75,167
496,427,76,168
497,426,75,167
499,424,77,170
501,423,78,169
510,423,73,168
514,422,70,169
515,424,71,167
517,425,68,167
519,426,68,168
519,425,68,170
526,424,66,161
527,425,65,160
531,424,63,158
533,424,63,158
534,423,63,158
533,421,65,160
534,421,65,160
535,420,66,159
536,419,68,159
538,419,68,158
541,420,68,158
542,420,67,157
544,422,67,156
546,423,67,156
548,422,67,156
552,421,67,156
553,421,66,155
556,421,66,155
559,420,66,155
560,420,66,156
564,420,66,156
565,420,65,155
567,422,65,155
568,423,65,155
570,424,65,155
570,423,66,157
574,423,61,156
575,423,61,156
577,423,61,156
579,423,61,156
580,423,61,156
579,423,61,156
581,423,61,156
584,424,61,156
585,424,61,156
584,424,61,156
583,423,63,155
583,422,63,156
585,423,64,155
585,423,66,156
586,424,65,155
587,424,65,155
587,424,66,156
587,424,68,155
588,424,68,156
590,424,68,155
590,424,68,155
590,426,74,155
592,426,77,153
596,427,78,153
600,426,89,154
599,425,91,155
603,429,96,151
608,434,102,147
620,436,102,142
631,438,105,140
631,440,106,137
642,442,113,136
657,442,105,133
672,444,108,131
688,443,107,135
689,443,106,135
705,442,106,137
724,444,111,136
742,444,110,138
764,447,107,137
765,447,107,137
785,443,106,146
807,448,103,144
831,449,97,147
855,448,92,149
854,448,92,149
878,447,89,138
902,448,77,132
934,452,80,146
954,453,81,154
954,452,81,154
962,456,85,165
978,455,86,173
993,457,82,168
1005,458,81,167
1005,457,81,167
1018,459,85,166
1018,458,99,168
1025,458,108,170
1032,459,112,165
1032,460,112,163
1037,460,117,165
1039,460,123,165
1037,461,133,162
1039,462,141,163
1038,462,141,163
1041,464,142,160
1045,463,142,159
1049,458,139,164
1053,457,137,162
1051,455,137,164
1054,453,136,162
1065,453,126,164
1092,457,100,158
1102,457,83,157
1100,458,83,157
1119,467,83,158
1119,467,83,158
1119,467,83,158
1119,467,83,158
1119,467,83,158
1119,467,83,158
1119,467,83,158
1119,467,83,158
1119,467,83,158
1119,467,83,158
1119,467,83,158
1119,467,83,158
1119,467,83,158
1119,467,83,158
1119,467,83,158
1119,467,83,158
1119,467,83,158
1119,467,83,158
1119,467,83,158
1119,467,83,158
1160,575,1,1
1003,448,103,24
1001,448,104,31
993,448,109,34
996,447,109,46
997,446,109,65
995,446,118,85
991,446,123,107
990,446,123,109
990,443,124,134
989,444,125,149
988,445,123,151
984,445,123,152
984,445,123,151
981,443,124,152
979,442,122,152
975,440,121,152
971,439,121,153
971,438,121,153
968,437,120,153
961,438,124,150
956,437,122,151
948,436,124,148
948,436,123,148
943,434,122,147
937,434,122,146
929,432,121,147
921,432,119,144
919,432,119,144
911,430,117,144
901,430,117,143
892,428,114,142
882,427,111,141
881,427,111,141
871,425,108,140
859,423,100,139
845,422,74,135
833,419,69,136
832,419,68,135
821,408,64,146
807,407,62,146
792,403,63,146
778,403,60,146
778,402,62,141
767,403,63,116
756,402,63,110
746,405,60,97
737,403,53,48
738,406,53,48
725,404,59,92
715,404,59,86
704,407,62,79
694,407,60,81
692,405,63,75
682,409,65,82
671,413,67,84
660,414,64,89
652,411,62,99
652,409,64,103
643,411,63,113
634,409,63,122
621,409,69,124
614,410,69,122
615,408,66,122
608,410,66,119
600,410,67,118
592,409,68,119
581,408,69,119
581,408,69,119
572,410,69,119
565,410,69,120
557,411,68,119
549,415,67,119
549,415,66,117
542,419,67,115
535,421,67,116
528,423,64,114
511,414,61,124
512,414,60,122
506,415,60,121
497,416,57,122
490,417,57,123
486,418,58,121
485,418,59,121
480,418,58,121
475,419,58,122
471,417,57,121
467,417,57,122
466,416,57,126
465,416,57,126
463,417,57,126
460,417,56,126
459,417,56,126
461,418,56,126
461,418,56,126
460,418,56,126
461,418,56,125
462,419,57,126
462,418,57,126
465,418,58,126
468,419,57,125
471,418,57,125
476,416,58,127
476,415,57,126
480,414,57,126
483,413,58,126
488,413,58,124
492,413,58,124
493,413,56,124
499,413,56,123
503,410,55,124
506,409,56,125
510,409,56,125
511,409,55,125
514,408,55,125
518,408,52,125
520,408,53,125
522,408,54,126
521,408,55,127
522,408,56,128
525,407,56,128
524,406,57,129
524,408,58,124
524,408,58,124
524,408,60,126
524,408,60,126
524,407,60,126
524,407,58,126
524,407,57,124
524,407,58,124
524,407,56,124
524,407,57,125
524,407,58,124
523,406,59,125
523,408,58,124
523,408,56,122
523,409,55,122
523,410,55,121
524,410,54,120
523,410,55,121
522,411,56,122
524,410,56,124
524,408,58,126
524,407,59,127
525,408,59,127
527,408,58,126
527,408,59,127
528,408,59,127
529,408,59,128
529,408,60,130
529,408,60,132
521,409,69,132
516,410,73,134
515,409,73,135
514,410,74,132
512,411,74,132
507,412,75,132
503,414,73,129
502,413,75,130
498,414,76,132
481,412,87,130
453,413,101,129
443,415,103,128
442,415,103,128
431,416,106,129
423,418,103,130
413,419,102,131
402,420,101,133
398,419,107,135
388,421,107,137
381,422,103,138
374,419,98,143
369,419,91,143
368,418,91,146
358,417,87,147
349,423,86,145
336,424,82,148
325,425,80,151
324,425,79,150
313,426,79,154
301,429,77,157
292,431,78,150
282,431,81,152
281,428,82,154
273,429,82,156
269,431,84,126
253,435,86,140
239,439,89,151
238,438,90,153
217,444,117,160
204,444,127,164
200,447,129,165
195,450,130,165
194,449,131,166
188,452,133,168
185,456,133,167
182,455,143,172
177,453,142,182
178,451,142,182
174,449,138,189
171,452,136,190
167,456,128,191
164,459,126,193
163,458,127,194
156,465,124,201
156,469,116,202
162,473,108,202
167,477,83,201
167,476,83,201
170,543,50,140
169,550,35,113
155,559,35,113
155,559,35,113
155,559,35,113
155,559,35,113
155,559,35,113
155,559,35,113
155,559,35,113
155,559,35,113
155,559,35,113
155,559,35,113
155,559,35,113
155,559,35,113
155,559,35,113
155,559,35,113
155,559,35,113
155,559,35,113
155,559,35,113
155,559,35,113
155,559,35,113
155,559,35,113
155,559,35,113
155,559,35,113
155,559,35,113
155,559,35,113
155,559,35,113
155,559,35,113
155,559,35,113
155,559,35,113
155,559,35,113
155,559,35,113
155,559,35,113
155,559,35,113
155,559,35,113
155,559,35,113
155,559,35,113
155,559,35,113
155,559,35,113
155,559,35,113
155,559,35,113
155,559,35,113
155,559,35,113
155,559,35,113
155,559,35,113
155,559,35,113
155,559,35,113
155,559,35,113
155,559,35,113
155,559,35,113
155,559,35,113
155,559,35,113
155,559,35,113
155,559,35,113
155,559,35,113
155,559,35,113
155,559,35,113
155,559,35,113
155,559,35,113
155,559,35,113
155,559,35,113
155,559,35,113
155,559,35,113
155,559,35,113
155,559,35,113
155,559,35,113
274,543,65,50
285,533,65,65
284,532,65,65
236,520,169,103
185,510,238,137
201,510,239,161
183,510,274,170
182,509,274,170
171,511,303,171
173,513,316,169
190,512,315,169
234,510,297,200
234,508,297,201
253,506,288,214
282,505,266,214
307,500,248,219
328,498,236,217
330,495,234,218
352,492,217,217
375,488,201,216
399,483,184,214
421,478,166,212
420,477,167,213
445,472,147,211
462,463,133,212
476,457,122,212
494,452,110,208
498,453,107,208
514,447,92,205
529,441,76,206
530,432,77,205
530,424,79,212
531,422,79,213
530,407,80,217
532,402,82,217
532,403,81,216
533,406,82,210
532,405,82,207
533,410,83,211
537,410,82,205
539,412,79,200
542,411,79,197
545,411,78,195
548,411,77,195
551,411,77,195
554,411,77,195
557,410,78,196
557,410,80,195
559,408,80,190
561,407,84,191
562,403,86,190
565,401,86,187
566,399,83,187
568,396,84,185
572,391,86,189
576,386,85,185
577,383,87,188
578,383,88,189
578,381,89,190
578,379,82,194
580,379,81,194
580,379,81,195
579,378,81,185
580,378,80,186
582,378,78,186
581,377,78,177
579,376,80,177
579,375,81,174
577,372,78,173
574,370,78,174
570,369,78,175
567,369,78,173
566,368,79,174
564,368,75,172
560,367,74,171
556,367,73,170
552,367,72,171
554,367,70,172
550,368,70,172
549,369,68,172
547,369,69,173
545,371,72,175
544,370,72,175
542,371,73,176
542,371,72,175
541,372,73,176
540,371,73,174
540,371,73,174
541,371,73,172
541,370,73,173
540,369,74,174
540,369,75,175
540,369,74,174
539,369,75,175
538,365,75,167
537,365,76,167
537,365,74,168
537,365,74,168
536,366,74,169
534,364,76,168
535,360,75,169
534,361,71,170
535,360,70,170
535,359,67,172
535,359,67,169
534,358,66,169
527,358,73,165
527,358,73,165
525,357,74,165
523,357,75,166
521,354,74,165
519,353,75,164
519,352,76,164
518,354,76,164
517,355,77,165
516,355,78,166
515,356,79,167
518,355,76,165
518,355,77,167
518,355,77,164
520,355,75,162
522,353,75,161
522,353,73,162
523,351,73,164
523,350,74,165
526,350,72,165
526,349,73,166
528,350,73,166
528,349,73,166
528,349,74,167
528,349,74,164
527,349,72,165
524,349,72,165
523,347,73,167
522,348,73,167
521,349,73,167
520,350,72,162
520,349,72,161
518,351,72,161
517,350,71,161
516,349,72,162
515,349,73,163
514,346,75,164
515,346,76,164
517,347,76,164
517,348,77,165
518,348,80,165
517,347,82,167
522,348,79,165
525,347,79,165
527,349,78,165
528,350,78,164
530,349,77,165
533,351,78,165
537,352,75,167
537,353,77,170
539,355,75,163
542,355,75,163
544,356,73,164
545,359,74,166
548,358,72,162
548,358,74,165
548,357,74,165
552,357,72,168
555,356,70,167
555,356,72,171
558,357,69,166
558,357,69,166
559,357,70,168
560,358,70,168
561,358,69,169
561,357,70,171
562,357,68,173
564,358,66,172
564,359,67,173
562,361,67,172
561,363,66,172
561,362,66,172
560,363,67,170
556,366,70,170
555,367,70,170
549,368,73,173
548,367,75,175
546,369,75,172
543,371,75,172
540,374,74,172
534,376,76,171
534,375,76,172
520,376,87,173
511,380,89,171
505,382,90,171
496,383,90,169
496,382,90,170
490,385,89,169
483,385,87,169
473,384,88,174
466,385,86,175
465,384,86,175
458,387,86,175
452,388,82,175
444,390,80,175
433,392,82,179
432,390,84,181
423,391,85,182
415,392,86,179
407,394,93,177
397,393,99,180
396,392,100,183
389,397,104,179
385,398,105,179
381,401,107,176
379,402,109,177
378,401,110,179
376,401,111,178
372,401,111,179
367,401,120,175
365,401,122,177
363,402,124,176
362,404,126,176
359,405,130,173
359,406,135,172
360,404,137,175
360,404,138,176
360,405,142,173
362,405,144,173
366,405,146,175
365,406,147,172
369,407,149,171
375,409,150,170
380,410,150,169
386,410,152,169
385,410,154,170
391,411,155,167
398,409,154,172
406,409,153,171
413,410,153,169
413,409,154,170
420,410,154,170
428,407,154,174
435,409,154,174
443,408,154,176
443,406,155,177
451,407,150,179
460,409,150,178
478,412,148,179
488,412,146,181
488,411,146,182
497,412,142,183
507,413,139,183
518,414,135,183
527,414,134,186
528,415,132,184
536,416,134,184
545,419,132,183
554,420,130,184
563,422,128,185
563,421,128,185
569,423,128,185
579,422,129,186
590,423,125,189
597,422,126,190
598,422,126,190
606,423,126,191
622,425,124,194
633,426,120,193
643,425,117,195
644,425,116,196
650,425,117,199
659,428,115,197
666,429,110,198
673,428,110,200
674,428,107,200
679,428,106,201
689,428,99,203
695,427,96,205
700,429,95,204
700,429,96,205
703,429,93,205
709,429,89,206
712,431,88,206
710,433,89,206
710,434,90,207
710,434,91,208
706,434,96,211
705,437,96,210
702,437,99,209
701,436,100,210
700,437,102,210
698,437,103,211
696,437,104,212
694,437,105,213
697,438,104,214
696,438,105,215
696,439,103,215
697,439,102,216
698,441,99,216
698,441,99,216
699,441,97,218
700,438,96,224
700,438,94,226
700,438,92,227
701,438,91,226
701,439,89,226
700,439,88,227
699,440,88,227
698,439,85,231
698,438,84,233
696,437,86,236
692,442,87,237
689,442,91,235
686,442,93,236
685,445,93,235
683,445,94,236
681,445,95,237
679,446,96,238
677,446,99,239
676,445,100,240
675,445,102,241
674,446,103,242
674,446,104,244
675,448,104,244
674,449,102,245
677,451,99,245
679,453,98,243
680,453,98,244
681,454,95,246
682,453,95,246
682,457,94,245
683,458,92,244
683,460,92,244
682,460,92,243
682,459,93,244
681,461,94,245
680,460,94,245
680,460,95,246
678,459,96,252
677,458,98,253
676,460,99,256
675,460,100,259
674,461,102,259
671,462,106,253
671,462,107,254
671,464,108,252
670,466,110,251
670,467,111,252
672,468,110,252
671,467,112,253
674,468,112,252
675,469,109,251
676,469,107,251
680,470,102,250
681,471,102,249
682,473,102,247
682,475,101,245
684,477,100,243
685,478,100,242
685,477,100,242
685,478,99,242
686,478,99,242
686,478,99,242
685,478,100,242
684,477,101,243
683,477,102,243
683,478,103,242
683,479,104,241
683,481,104,239
682,480,104,240
681,481,105,239
681,482,106,238
680,484,107,236
680,486,106,234
679,485,107,235
679,486,106,234
679,487,108,233
679,488,109,232
679,488,109,232
679,487,111,233
683,488,107,232
681,489,110,231
685,491,107,229
685,493,107,227
684,493,108,227
684,494,107,226
684,496,108,224
684,497,109,223
684,498,108,222
683,497,110,223
684,498,110,222
683,500,111,220
683,500,111,220
685,500,112,220
685,500,113,220
685,500,113,220
685,500,115,220
686,501,115,219
687,502,119,218
687,502,118,218
688,503,118,217
694,504,116,216
