24,128,52,23
24,125,53,24
24,125,53,23
25,123,53,23
26,121,55,24
28,119,54,25
30,117,54,25
30,117,54,24
30,117,54,24
28,117,54,24
27,119,52,23
24,120,52,23
22,120,51,23
22,120,51,23
21,122,50,22
19,122,52,23
22,123,50,23
22,121,49,23
22,121,50,23
23,120,50,24
23,120,50,23
23,120,49,22
21,120,50,22
19,120,50,22
18,121,51,22
18,121,51,22
18,122,51,22
18,122,51,22
18,123,51,22
18,124,51,22
18,124,51,22
19,124,51,22
20,124,51,22
23,124,51,22
24,123,51,22
25,123,51,22
26,123,51,22
27,123,51,23
27,122,52,24
27,122,52,24
29,122,52,24
30,122,52,24
29,122,53,24
30,122,53,24
30,122,53,24
31,122,53,24
31,122,53,24
32,122,53,24
32,121,53,24
32,121,53,24
32,121,53,24
32,122,53,24
35,121,49,24
35,121,50,24
34,121,51,24
35,121,49,24
35,121,50,23
33,122,52,23
31,123,52,23
30,124,53,23
31,127,50,21
31,128,50,21
28,130,50,21
26,132,53,21
26,133,51,21
24,134,51,21
23,136,52,20
24,137,52,20
23,137,51,21
23,139,51,21
22,140,51,21
22,141,51,21
23,141,50,21
23,141,50,21
23,141,50,21
23,141,50,21
25,141,49,21
25,140,49,21
27,139,49,21
30,138,48,21
33,136,48,21
34,133,50,23
32,134,51,22
31,135,50,22
32,136,48,21
33,135,47,21
33,135,47,21
32,135,47,21
31,135,47,21
31,135,47,21
31,134,48,21
31,133,48,22
31,133,49,22
31,133,49,22
30,133,49,22
30,132,49,22
31,130,49,22
33,130,49,22
25,126,53,22
14,122,56,25
10,122,59,23
7,119,66,30
3,113,63,32
1,102,58,33
1,89,59,39
1,83,51,40
1,76,48,39
1,65,46,40
1,54,45,43
1,44,38,43
1,32,41,47
1,16,36,50
1,1,35,55
1,1,41,55
1,1,36,40
1,1,40,32
1,1,42,26
1,1,58,30
1,1,62,30
1,1,67,50
1,14,83,71
1,45,93,71
1,73,100,79
1,104,101,81
1,133,104,86
1,153,97,78
1,158,98,80
1,152,93,82
1,152,93,82
1,152,87,82
1,144,61,87
1,144,57,87
1,136,50,92
1,130,47,96
1,141,43,72
2,142,42,71
1,139,45,73
5,140,44,72
1,143,62,73
1,156,89,63
1,154,107,70
1,154,123,75
1,156,142,80
1,160,154,81
1,163,167,81
8,163,172,82
16,162,173,83
15,161,174,81
11,154,172,81
10,151,173,84
1,138,163,83
1,133,156,85
1,122,142,84
1,117,137,85
1,115,132,87
1,114,130,85
1,113,127,88
1,111,125,85
1,110,125,85
1,106,126,87
1,102,127,87
1,96,128,91
1,92,131,90
1,86,133,92
1,87,140,90
1,83,142,88
1,79,142,87
1,75,141,85
1,71,137,85
1,70,133,85
1,71,129,84
1,71,126,87
1,76,122,85
1,80,118,85
1,82,118,85
1,84,116,84
1,90,114,82
2,96,110,77
1,98,112,78
1,102,111,75
1,104,114,76
1,103,118,78
1,105,125,76
1,103,134,77
1,100,142,78
1,98,148,79
1,98,153,77
1,94,154,81
1,92,156,80
1,90,155,80
1,85,155,80
1,82,155,80
1,80,152,80
1,80,151,80
1,76,150,83
1,74,146,82
1,71,143,83
1,70,141,85
1,71,141,85
1,72,141,85
1,71,138,87
1,78,136,84
1,82,133,83
1,87,125,86
1,100,109,80
1,103,98,76
1,104,89,77
1,106,81,78
1,108,77,78
1,107,70,79
1,111,67,77
1,111,66,79
1,108,66,79
1,108,66,79
1,111,66,78
1,111,61,80
1,111,56,78
1,110,48,80
1,111,45,80
1,113,44,78
1,108,46,79
1,100,61,81
1,87,71,83
1,71,83,81
3,62,81,79
1,56,89,82
1,45,99,83
1,33,110,85
1,25,120,89
1,12,121,91
1,3,120,91
1,3,123,85
1,1,114,82
1,1,101,77
1,1,96,76
1,1,91,76
1,1,91,78
1,1,93,80
1,1,102,77
1,1,113,78
1,1,124,79
1,1,143,78
1,1,158,80
2,1,166,83
11,4,171,81
20,8,174,81
25,25,171,78
22,50,170,80
6,64,167,77
1,79,162,77
1,94,152,79
1,103,137,78
1,103,138,79
1,103,142,75
1,99,142,75
1,92,141,78
1,90,144,77
1,86,145,78
1,81,145,79
1,80,145,79
1,79,144,79
1,80,141,79
1,81,137,80
1,81,138,80
1,79,138,78
1,72,131,80
1,63,129,79
1,55,123,81
1,46,113,81
1,42,97,81
1,40,90,82
1,39,81,83
1,35,62,85
1,37,54,84
1,38,48,83
1,35,42,81
1,31,39,79
1,26,46,80
1,23,47,76
1,16,47,76
1,14,46,74
1,9,46,74
1,4,46,76
1,1,46,76
1,1,48,73
1,1,49,66
7,1,50,57
1,1,61,51
1,1,64,43
1,1,70,33
1,1,76,29
1,1,82,25
1,1,90,22
1,1,98,27
1,1,107,39
1,1,105,57
1,1,96,75
1,39,90,75
1,70,80,74
1,93,73,75
1,113,66,75
1,123,64,76
1,127,60,76
1,131,56,76
1,135,53,76
1,139,52,75
1,141,50,73
1,139,49,75
1,137,49,79
1,137,50,78
1,136,53,77
1,133,59,79
1,135,66,80
1,135,76,80
1,135,84,80
1,134,90,80
1,134,96,81
1,134,102,81
1,136,102,81
1,139,103,82
1,143,103,83
1,147,102,82
1,151,102,81
1,153,101,79
1,153,98,80
1,154,98,80
1,155,94,79
1,155,91,79
1,154,87,78
1,154,85,76
1,153,83,76
1,153,78,76
1,151,73,78
1,153,70,75
1,152,68,77
1,152,68,77
1,154,69,80
1,153,70,83
1,153,70,83
1,153,70,82
1,154,72,83
1,156,76,82
1,157,79,82
1,164,78,77
1,160,79,83
1,159,79,83
1,160,77,82
1,160,76,82
1,161,73,82
1,161,69,82
1,165,63,76
1,165,58,74
1,165,54,73
1,166,53,73
1,164,53,75
1,163,57,76
1,166,71,77
1,165,82,79
1,164,86,81
1,164,97,83
1,167,106,82
1,171,113,82
1,170,121,82
1,170,126,83
1,170,130,82
1,169,128,82
1,169,128,81
1,168,127,80
1,165,124,80
1,161,118,80
1,162,118,79
1,165,121,79
1,168,129,79
1,168,129,79
1,167,129,77
1,169,129,77
1,170,131,78
1,171,134,77
1,173,137,77
1,175,138,77
1,175,139,77
1,175,139,77
1,175,139,77
1,175,139,77
1,173,137,77
1,172,135,78
1,173,131,80
1,175,126,80
1,177,121,80
1,183,119,78
1,184,115,79
1,184,111,80
1,187,107,80
1,191,104,80
1,195,101,80
1,200,99,80
1,202,100,81
1,203,106,81
1,199,114,81
1,195,129,81
1,191,134,81
1,187,147,82
8,181,156,83
17,176,155,86
23,172,156,86
32,169,155,85
39,163,157,85
44,156,155,83
48,150,154,82
48,142,154,83
47,134,155,84
47,129,155,81
46,123,156,80
45,111,157,82
45,101,154,78
44,90,155,79
40,82,155,80
37,75,155,80
31,68,156,79
24,58,155,80
22,48,153,79
21,37,154,79
18,23,155,79
15,11,156,80
15,1,153,79
15,1,154,73
14,1,154,69
12,1,155,67
13,1,153,65
18,1,155,65
20,1,155,70
17,7,154,73
16,23,154,78
14,41,152,74
8,52,150,76
2,63,151,75
1,72,150,74
1,78,147,75
1,80,145,77
1,83,143,76
1,87,143,76
1,88,141,77
1,90,141,77
1,94,138,75
1,99,138,75
1,103,138,75
1,106,138,78
1,112,139,77
1,119,140,75
1,122,141,76
1,126,142,73
1,130,148,73
1,132,148,73
5,132,152,73
10,131,152,73
11,130,152,74
11,125,152,76
10,124,152,76
9,122,151,77
7,119,151,77
6,117,151,78
6,113,151,81
7,111,151,79
9,107,153,79
12,102,152,78
17,97,150,76
19,89,150,76
25,83,149,76
25,76,151,77
28,72,150,78
27,69,152,78
23,64,151,80
17,63,152,79
12,62,151,79
6,63,150,80
1,62,150,79
1,63,145,79
1,64,143,80
1,65,137,82
1,66,135,82
1,67,133,81
1,71,134,79
1,72,133,80
1,78,140,75
1,79,142,77
1,82,143,78
1,87,141,80
1,99,137,81
1,111,131,80
1,122,128,80
1,130,125,79
1,133,124,79
1,136,125,78
1,136,125,78
1,136,124,78
1,137,125,77
1,137,124,78
1,136,125,80
1,135,126,82
1,135,128,83
1,135,131,83
1,135,134,83
1,134,134,83
1,132,135,82
1,130,135,82
1,127,136,83
1,124,136,84
1,120,136,83
1,115,139,84
1,109,140,84
1,102,143,85
1,95,146,85
1,90,148,84
6,85,147,83
8,79,149,83
11,72,147,83
12,67,147,83
12,63,147,83
12,60,147,83
11,59,147,82
11,57,147,82
11,56,147,82
11,55,147,82
10,56,147,82
9,57,147,82
8,57,147,82
8,59,147,82
9,63,147,82
10,65,147,82
12,69,147,82
11,71,147,82
7,74,147,82
6,77,147,82
5,80,147,82
3,82,147,82
1,83,146,82
1,87,142,81
1,90,138,82
1,96,132,81
1,101,127,82
1,107,123,81
1,114,121,80
1,120,116,81
1,125,113,80
1,129,107,81
1,135,106,81
1,139,101,81
1,144,101,80
1,149,98,78
1,152,93,79
1,155,90,79
1,159,83,79
1,162,82,79
1,163,78,79
1,167,74,80
1,167,71,80
1,170,68,78
1,170,66,78
1,171,65,77
1,170,64,78
1,169,69,81
1,168,73,82
1,168,80,84
1,167,85,87
1,167,93,89
1,167,106,89
1,167,113,89
1,166,120,89
1,166,125,87
1,162,128,87
1,159,129,87
1,156,130,88
1,154,130,87
1,152,137,86
1,150,140,85
1,146,145,86
1,144,145,85
5,143,143,84
8,143,143,80
11,137,144,79
18,131,145,80
26,120,145,84
32,115,146,83
38,110,144,83
41,106,145,84
44,102,146,86
45,101,146,86
47,102,146,84
49,103,144,82
47,102,146,82
47,102,146,81
48,103,145,80
48,103,148,81
51,107,146,80
53,109,145,79
53,111,148,81
55,112,147,81
56,113,146,82
56,115,146,80
57,116,145,80
60,116,142,79
63,115,139,79
63,110,139,79
63,107,139,77
59,105,143,77
49,104,148,78
33,103,149,78
13,107,148,77
1,107,143,77
1,106,139,80
1,107,134,78
1,107,131,78
1,107,128,77
1,108,123,75
1,108,120,71
1,107,114,72
1,105,110,74
1,104,109,73
1,100,108,73
1,96,107,73
1,94,104,72
1,91,104,72
1,86,103,71
1,80,103,72
1,74,102,74
1,68,106,74
1,63,106,76
1,63,108,73
1,59,114,73
1,55,114,71
1,50,117,72
1,46,120,72
1,44,118,71
1,43,115,70
1,42,111,69
1,39,105,69
1,38,99,70
1,38,94,70
1,38,90,70
1,38,87,70
1,39,85,70
1,40,84,72
1,44,82,71
1,48,81,72
1,54,80,71
1,62,78,71
1,70,78,71
1,79,77,70
1,85,76,71
1,89,74,71
1,92,73,74
1,97,70,73
1,102,69,72
1,103,68,73
1,105,67,73
1,105,66,73
1,104,66,72
1,103,65,72
1,102,65,72
1,101,65,73
1,100,64,71
1,99,65,71
1,98,65,70
1,98,67,71
1,98,70,71
1,95,75,72
1,95,80,72
1,93,85,72
1,92,92,73
1,87,101,75
1,84,105,76
1,81,109,78
1,80,111,77
1,78,111,78
1,77,112,78
1,74,113,80
1,70,115,80
1,65,119,81
1,63,123,81
1,60,126,82
1,57,128,83
1,59,128,82
1,63,127,80
1,64,123,81
1,67,121,82
1,71,114,82
1,76,111,81
1,81,106,82
1,86,102,80
1,91,97,79
1,95,94,80
1,103,86,80
1,107,82,80
1,112,75,80
1,115,72,80
1,117,69,80
1,114,62,79
1,112,51,76
1,111,47,75
1,111,46,75
1,108,41,74
1,103,37,75
1,103,38,71
1,98,37,70
1,96,35,69
1,95,36,68
1,90,35,70
1,85,35,72
1,80,36,72
1,74,36,71
1,65,34,73
1,61,32,72
1,55,30,69
1,44,28,68
1,29,25,67
1,15,28,65
1,1,34,64
1,1,42,52
1,1,48,41
1,1,62,33
1,1,81,26
1,1,86,21
1,1,123,22
1,1,116,28
1,1,137,30
1,1,143,33
1,1,150,38
1,1,153,42
6,1,152,55
8,1,149,69
7,1,151,83
5,16,150,82
4,30,150,81
4,42,149,78
1,52,147,75
1,61,140,77
1,67,137,78
1,74,132,80
1,80,128,81
1,86,128,77
1,88,128,80
1,95,130,79
1,97,136,79
1,99,140,79
1,102,144,80
1,104,148,81
1,105,148,79
1,106,150,76
5,106,149,76
11,106,151,76
18,107,150,73
20,107,150,73
20,107,151,74
18,109,153,73
16,111,152,72
13,113,151,71
11,115,150,69
7,118,150,72
3,119,152,72
1,121,152,74
1,124,146,76
1,130,137,75
1,134,130,75
1,137,125,74
1,142,119,74
1,146,110,73
1,149,108,72
1,149,107,72
1,150,106,72
1,150,106,71
1,147,108,70
1,143,111,73
1,140,115,73
1,137,116,74
1,133,116,76
1,134,116,73
1,133,116,73
1,130,117,76
1,128,114,75
1,128,114,74
1,128,112,75
1,127,110,76
1,127,108,76
1,127,106,77
1,129,108,77
1,127,107,75
1,124,108,75
1,121,109,76
1,118,109,77
1,117,109,77
1,116,108,78
1,116,108,77
1,117,108,75
1,117,108,75
1,119,106,75
1,122,105,73
1,122,104,75
1,122,104,76
1,125,100,75
1,128,100,75
1,133,102,75
1,138,102,73
1,143,102,70
1,147,102,70
1,149,102,69
1,151,102,70
1,151,101,70
1,152,103,72
1,154,102,71
1,157,102,71
1,159,92,70
1,159,91,75
1,161,90,75
1,162,90,74
1,161,88,74
1,162,82,74
1,163,82,76
1,162,81,74
1,162,81,75
1,162,81,75
1,160,82,74
1,161,85,74
1,162,89,71
1,165,91,70
1,166,94,69
1,166,99,67
1,163,109,71
1,163,112,71
1,163,115,72
1,163,118,73
1,165,119,73
1,165,117,74
1,171,106,71
1,175,105,73
1,176,103,74
1,177,102,73
1,176,102,73
1,174,102,74
1,173,102,74
1,173,105,73
1,173,110,75
1,177,125,77
1,182,141,77
12,181,155,86
45,183,149,83
55,182,147,85
57,180,145,81
61,180,141,78
60,177,142,77
49,167,153,76
46,163,156,78
31,155,159,80
29,151,157,77
26,144,157,81
21,140,159,81
17,135,158,80
8,132,161,81
3,131,158,80
1,130,155,80
1,130,153,78
1,128,147,78
1,128,147,78
1,128,148,78
1,129,148,77
1,130,149,76
1,130,151,76
1,130,151,76
1,130,151,76
1,130,151,76
1,130,151,76
1,133,153,75
1,133,153,75
1,134,153,75
1,135,153,75
1,137,154,76
3,137,153,77
5,139,154,76
6,139,154,76
8,139,154,76
10,139,154,76
13,138,155,74
18,139,156,72
18,139,157,71
18,139,157,71
17,137,155,71
15,136,155,72
13,134,155,71
11,132,154,72
10,130,154,72
7,129,154,72
5,128,154,72
3,128,153,72
1,129,152,73
1,133,150,72
1,138,139,72
1,139,133,72
1,144,129,71
1,147,125,71
1,151,120,72
1,155,116,73
1,159,113,73
1,162,108,73
1,166,102,72
1,169,99,73
1,171,97,73
1,173,90,73
1,174,83,73
1,174,80,73
1,171,80,75
1,171,85,77
1,168,88,77
1,164,94,78
1,162,102,75
1,163,107,75
1,162,112,76
1,162,114,76
1,159,118,76
1,158,127,77
1,153,135,81
1,147,142,84
1,143,150,80
1,136,157,79
2,130,161,79
2,124,163,79
8,121,160,77
11,117,160,77
14,111,157,77
14,108,157,77
13,106,158,77
13,104,157,78
12,104,157,78
11,106,154,76
10,108,153,74
6,110,150,79
1,114,151,78
1,118,146,78
1,122,143,78
1,127,142,77
1,129,141,78
1,128,141,79
1,130,138,78
1,133,134,75
1,136,130,76
1,138,128,77
1,139,124,77
1,145,120,77
1,150,113,72
1,152,106,72
1,154,105,72
1,155,104,73
1,156,106,73
1,154,108,74
1,149,120,73
1,142,141,73
1,141,143,72
3,140,150,74
11,139,150,73
14,139,155,73
34,140,153,70
43,141,149,69
47,141,150,67
54,138,148,68
56,135,146,68
58,131,144,68
58,129,144,66
49,122,151,67
47,120,151,67
48,115,150,67
51,109,150,69
53,104,149,69
57,99,145,69
59,95,143,70
60,94,142,71
63,92,139,74
63,91,139,74
65,92,137,74
66,93,136,76
66,94,136,77
66,97,136,77
58,100,144,79
49,106,148,82
42,115,150,80
36,122,150,80
29,132,150,78
23,135,150,84
21,138,150,79
19,142,150,79
18,149,150,75
18,150,148,81
18,152,148,83
18,156,149,82
19,160,150,82
17,161,149,82
15,162,147,83
10,163,149,84
2,163,148,83
1,164,145,82
1,163,140,82
1,161,133,81
1,161,128,82
1,160,124,83
1,159,122,85
1,158,119,86
1,157,116,85
1,152,116,85
1,147,121,83
1,144,126,83
1,142,130,81
1,139,136,79
1,137,141,77
1,135,144,76
1,135,145,75
1,134,146,74
1,133,145,72
1,131,142,73
1,129,137,73
1,128,133,74
1,128,127,74
1,129,121,74
1,129,118,75
1,131,116,74
1,130,117,75
1,127,121,77
1,123,125,79
1,122,125,77
1,121,127,79
1,121,127,81
1,122,129,80
1,122,129,80
1,122,129,80
1,124,129,80
1,127,128,79
1,129,125,78
1,132,124,78
1,136,122,78
1,142,121,75
1,143,118,77
1,147,115,71
1,151,109,71
1,152,104,71
1,153,100,73
1,155,98,71
1,156,98,71
1,157,99,72
1,159,101,71
1,161,103,71
1,161,109,70
1,162,116,68
1,159,122,70
1,159,131,70
1,159,137,70
1,159,141,70
1,157,146,70
1,155,147,70
1,152,147,70
1,151,144,70
1,151,143,70
1,150,141,69
1,150,138,69
1,149,136,69
1,147,133,71
1,147,130,71
1,148,126,70
1,151,123,68
1,153,120,67
1,152,117,68
1,153,114,68
1,154,111,68
1,156,109,69
1,154,108,68
1,154,107,69
1,154,109,70
1,153,110,71
1,151,114,70
1,145,121,70
1,143,138,69
1,143,146,69
8,146,147,67
11,148,147,65
12,148,147,65
12,147,147,65
14,146,146,64
13,144,146,64
12,141,146,66
10,139,147,67
5,136,147,69
2,136,146,69
1,135,142,69
1,135,140,69
1,134,138,70
1,133,136,69
1,133,135,70
1,133,131,69
2,134,128,71
6,137,122,66
1,139,125,71
1,143,123,69
1,148,121,68
1,150,118,69
1,152,118,71
1,155,115,72
1,156,115,74
1,159,116,73
1,161,117,73
1,163,121,75
1,166,125,76
1,169,127,74
1,173,134,73
1,176,137,72
1,179,137,68
1,182,140,69
1,185,142,70
1,187,143,70
1,189,144,69
1,190,144,74
3,191,145,74
5,190,143,74
11,188,144,73
13,185,144,73
15,182,144,73
17,179,144,72
19,177,146,74
20,175,146,73
21,173,145,71
21,173,146,69
21,172,146,69
20,171,146,69
19,170,146,69
19,169,146,69
17,169,146,69
15,167,145,69
10,167,145,69
5,168,145,69
1,167,145,70
1,168,140,69
1,167,134,71
1,166,129,72
1,167,125,73
1,170,120,73
1,174,113,71
1,175,111,70
1,176,111,72
1,176,112,72
1,178,114,72
1,176,116,74
1,179,119,71
1,180,121,72
1,182,133,75
1,183,135,75
1,183,134,70
1,182,134,73
1,181,134,72
1,177,132,71
1,173,129,71
1,170,123,71
1,168,118,71
1,167,113,71
1,165,110,73
1,164,111,74
1,160,112,73
1,157,113,74
1,155,113,74
1,153,114,74
1,153,115,74
1,154,117,74
1,155,123,75
1,155,137,75
1,156,144,71
15,158,145,70
23,159,148,71
29,159,148,71
30,160,147,69
27,165,144,67
22,166,144,67
17,167,145,66
17,167,145,65
16,167,145,65
15,167,143,64
14,166,143,66
13,167,143,66
12,167,144,66
12,166,144,66
13,167,144,64
13,164,145,66
14,164,145,65
10,163,149,65
11,161,149,66
13,158,150,66
15,154,150,65
22,146,148,65
25,143,149,64
30,140,144,65
30,139,144,65
29,139,146,65
27,138,146,65
26,138,146,68
25,138,146,68
22,138,146,68
20,138,146,69
17,139,146,69
15,143,147,68
13,145,146,68
8,151,145,68
4,159,145,66
1,168,143,66
1,175,137,67
1,183,130,69
1,190,121,69
1,196,113,69
1,203,105,70
1,210,95,69
1,214,85,70
1,215,77,71
1,216,73,70
1,218,71,67
1,217,68,68
1,216,66,67
1,216,66,67
1,215,68,68
1,213,74,69
1,210,92,70
1,211,113,69
1,214,135,76
12,218,143,81
25,227,143,80
26,227,142,79
20,225,146,77
24,224,145,80
23,223,145,78
19,219,143,78
14,215,146,78
12,210,143,78
6,199,143,77
1,183,144,74
7,173,143,76
8,165,143,76
8,159,143,75
8,154,143,76
10,151,143,75
13,143,142,78
14,135,142,76
16,126,144,74
33,119,143,73
49,113,144,73
59,111,143,70
66,107,136,69
68,107,134,68
65,109,137,66
61,112,141,66
52,120,142,65
37,128,143,66
19,141,144,64
11,145,144,65
7,148,142,64
1,148,144,66
1,149,142,68
1,148,138,68
1,146,138,68
1,144,138,68
1,136,145,67
8,133,143,68
25,126,143,68
40,121,144,71
54,111,142,72
59,112,143,69
65,111,137,69
70,111,132,69
75,112,127,68
78,111,124,69
82,111,120,69
82,111,120,72
80,111,122,71
80,110,122,72
84,111,118,70
85,109,117,73
82,107,120,74
81,105,121,75
80,103,122,75
78,98,124,78
74,97,128,76
71,94,131,77
66,94,136,77
64,93,138,76
63,93,139,74
61,90,140,74
60,86,140,74
60,81,140,74
62,81,140,69
63,79,139,67
63,75,139,68
62,73,140,67
62,71,140,68
63,66,139,71
64,64,138,70
67,58,135,74
67,57,135,74
67,58,135,72
68,57,134,74
67,56,135,75
66,54,136,76
65,53,137,77
62,51,140,77
59,49,141,79
55,50,140,76
52,50,138,75
48,48,139,75
45,47,139,77
38,43,139,80
36,44,140,78
31,39,141,78
30,35,141,80
29,33,141,80
27,31,138,80
25,31,138,79
21,33,138,79
13,31,140,79
8,29,140,79
1,28,139,82
1,28,131,82
1,31,120,83
1,31,113,84
1,33,108,84
1,35,99,81
1,39,95,80
1,43,90,78
1,46,88,75
1,48,86,75
1,48,87,77
1,47,90,75
1,47,90,75
1,44,93,76
