305,356,671,243
304,355,671,243
306,356,672,249
305,356,672,249
304,355,672,249
306,355,671,249
305,355,671,249
304,354,671,249
306,355,670,248
306,355,670,248
306,355,670,248
306,355,670,248
306,355,670,248
306,356,670,248
306,356,670,248
306,357,672,248
305,356,672,248
304,356,672,248
306,355,672,248
305,357,672,248
306,356,672,248
305,356,672,248
304,355,672,248
305,355,673,250
304,354,673,250
304,357,673,250
305,356,673,250
305,355,674,250
305,355,673,250
305,354,673,250
304,354,673,251
305,355,672,249
305,355,671,249
304,354,671,250
306,355,671,250
305,354,671,250
304,355,671,250
303,354,671,250
305,353,673,250
305,355,672,249
305,356,672,248
305,356,672,248
306,355,672,248
306,356,672,248
305,355,672,248
305,356,673,249
304,355,673,249
303,355,674,249
304,355,674,249
303,354,674,249
305,355,673,250
305,355,673,251
305,354,673,251
305,356,672,249
305,355,672,249
304,354,674,249
304,355,674,249
304,355,674,249
305,355,674,249
305,355,673,250
304,354,673,250
304,356,673,251
303,355,673,249
305,355,673,249
305,356,672,249
304,355,672,249
303,354,672,249
304,356,672,249
305,354,672,249
304,353,672,249
305,355,672,249
304,354,672,249
306,355,672,249
305,354,672,249
304,353,672,249
305,352,672,249
306,354,672,249
307,355,672,249
307,355,672,249
307,354,672,249
307,354,672,249
306,356,672,249
305,356,672,249
305,355,672,249
305,355,672,249
304,354,672,249
305,356,672,249
304,355,672,249
303,356,672,249
304,355,672,249
304,355,672,249
305,356,672,249
304,355,672,249
305,356,671,249
304,355,674,250
305,355,674,250
304,354,673,250
304,353,674,250
303,355,674,250
302,355,674,250
301,355,674,250
303,354,674,250
305,356,674,250
305,355,674,250
304,355,674,250
304,355,674,250
305,355,674,250
304,355,674,250
304,355,674,250
303,354,674,250
303,354,674,250
302,353,674,250
304,354,674,250
304,353,674,250
304,353,674,250
305,355,673,249
304,354,673,249
303,353,673,249
305,355,672,249
305,355,672,249
304,354,672,249
305,356,674,250
304,355,674,250
305,355,673,251
304,354,673,251
306,356,671,251
305,355,671,251
304,356,671,251
305,355,673,250
304,354,673,250
305,354,673,250
304,355,673,250
304,354,674,250
303,354,674,250
304,355,673,250
303,354,673,250
304,355,672,250
305,354,674,250
304,353,674,250
305,355,673,249
304,354,673,249
305,355,673,248
305,356,673,248
304,356,673,248
303,355,676,248
304,355,674,248
304,355,673,248
303,354,673,248
304,355,674,248
303,354,674,248
303,354,675,248
305,354,674,248
305,355,672,248
305,356,671,248
304,355,673,248
305,356,674,248
305,356,674,248
304,355,674,248
305,356,673,248
304,355,673,248
304,356,673,248
304,355,674,248
304,356,674,248
303,355,674,249
303,356,674,250
304,355,674,250
304,354,674,250
304,354,673,250
305,355,672,250
305,356,672,250
304,355,672,250
304,355,672,250
305,355,671,250
306,355,672,250
305,354,672,250
304,355,672,250
303,354,673,250
304,355,673,250
303,354,673,250
303,353,673,250
305,353,673,250
306,357,672,249
305,356,672,249
304,355,672,249
303,354,672,249
305,355,673,249
304,354,673,249
303,353,673,249
302,352,673,249
304,354,671,249
306,353,671,249
304,356,671,249
303,356,671,249
301,355,560,236
303,354,563,236
305,366,499,216
305,354,501,222
307,358,581,232
307,356,607,233
306,355,607,233
305,355,658,234
307,353,665,246
306,356,672,248
305,356,674,249
305,356,673,250
305,355,673,249
305,355,673,250
304,354,673,250
304,355,673,249
305,356,674,250
305,355,674,250
305,355,673,250
305,355,672,250
305,354,673,250
305,355,673,249
304,354,673,249
304,356,673,248
303,355,674,248
308,356,670,247
306,356,671,247
305,355,671,247
306,357,673,247
305,356,673,247
306,355,671,247
305,354,671,247
304,353,672,247
305,357,673,247
306,356,671,247
305,357,671,247
306,357,671,247
305,356,671,247
305,357,673,247
306,356,671,247
306,357,671,247
305,356,671,247
304,355,674,247
304,355,673,247
305,355,673,247
305,357,672,247
304,356,672,247
304,356,672,247
303,356,672,247
304,357,673,247
305,357,674,247
304,356,674,247
304,357,674,247
303,356,674,247
302,355,674,247
306,354,672,247
305,357,671,247
305,356,673,247
305,356,673,247
304,358,673,247
303,357,673,247
302,356,677,247
304,356,676,247
304,356,673,247
304,355,674,247
304,356,673,247
304,356,672,247
304,355,673,247
303,356,674,247
304,355,675,247
303,354,676,247
304,355,674,249
304,355,674,249
304,355,674,250
304,354,674,252
304,356,673,252
304,357,673,251
304,356,673,251
303,355,674,251
302,354,675,253
304,356,674,251
304,356,673,251
304,356,674,251
303,355,674,251
305,355,673,251
304,357,673,251
305,356,673,251
304,356,674,251
304,355,675,251
303,356,675,252
304,356,674,252
304,355,674,252
304,356,673,252
304,355,674,252
304,354,674,252
304,355,673,252
303,354,674,252
305,356,673,251
305,356,672,251
305,356,671,249
305,356,672,249
304,355,673,249
305,355,673,249
304,354,674,249
305,354,675,249
305,355,676,249
304,354,675,249
305,356,674,249
306,355,673,249
306,355,673,249
305,354,673,249
306,356,672,249
305,356,672,249
304,355,672,249
306,354,674,249
305,354,674,249
306,353,675,249
306,352,675,249
305,355,672,249
305,354,672,249
304,354,672,249
306,353,673,249
306,354,672,249
306,355,671,249
305,354,671,249
306,354,672,249
306,354,672,249
305,353,672,249
304,352,675,249
306,356,673,249
305,355,673,249
305,354,673,249
305,355,672,249
305,354,672,249
305,355,672,249
305,355,672,249
306,355,673,249
306,355,672,249
305,354,672,249
305,354,672,249
306,355,672,249
305,354,674,249
306,355,676,249
305,354,676,249
304,353,676,249
305,355,675,249
304,354,674,249
305,355,673,249
305,355,672,249
304,354,673,249
304,356,674,248
304,356,673,248
305,356,672,248
304,355,672,248
305,356,672,248
305,356,673,248
304,355,673,248
304,356,674,248
304,355,674,248
303,356,675,248
302,358,676,248
304,358,676,248
303,357,676,248
304,357,675,248
306,356,674,248
305,355,674,248
306,355,672,248
305,354,672,248
306,355,672,248
306,354,672,248
305,355,672,248
304,354,672,248
306,355,672,248
306,355,673,248
305,354,673,248
305,355,673,248
304,354,673,248
305,356,673,248
306,355,672,248
306,356,671,248
306,355,672,248
305,354,674,248
306,356,673,248
305,355,673,248
305,357,672,248
305,357,673,248
306,356,671,248
305,355,672,248
305,356,673,248
306,357,673,248
305,356,674,248
305,357,673,248
305,357,675,248
304,356,676,248
303,355,676,248
305,354,674,248
304,353,674,248
305,355,673,248
304,354,673,248
305,356,674,248
304,355,674,248
303,356,674,248
305,355,673,248
305,355,673,248
305,354,673,248
305,353,673,248
305,356,673,248
305,356,673,248
304,355,673,248
305,356,675,248
306,355,674,248
306,357,672,248
305,356,673,248
305,358,672,248
305,357,672,248
304,356,672,248
306,356,672,248
305,355,673,248
305,356,673,248
306,357,673,248
306,358,673,248
305,357,673,248
304,356,673,248
305,357,672,248
304,356,672,248
303,355,672,248
302,354,676,248
304,353,674,248
304,357,674,247
303,356,674,247
305,356,674,247
305,356,674,247
304,355,674,247
303,354,674,247
302,353,674,247
305,355,674,247
305,356,673,247
304,356,673,247
304,357,673,247
304,356,673,247
303,355,673,247
303,354,675,247
302,353,676,247
304,354,674,247
305,354,674,247
306,355,674,247
306,354,674,247
304,353,674,247
303,352,674,247
304,355,675,247
303,354,675,247
304,356,676,248
305,355,676,248
306,355,674,248
307,355,674,248
306,354,672,249
305,353,673,249
304,353,674,249
303,352,676,249
305,356,674,247
305,357,673,247
305,357,672,247
304,356,675,247
305,356,673,247
304,355,673,247
305,355,672,247
304,354,672,247
303,353,675,247
304,354,674,247
304,353,674,247
303,352,674,247
302,354,674,249
303,354,675,249
306,356,674,249
304,355,674,249
303,354,674,249
302,354,676,250
304,353,675,252
305,352,672,252
306,354,671,252
306,353,671,252
305,352,671,252
304,354,672,252
303,354,673,252
304,353,673,252
304,355,673,252
303,355,674,252
306,354,673,252
306,354,672,252
305,353,672,252
304,352,672,252
304,354,672,251
303,354,672,251
305,356,672,251
305,357,673,251
304,356,673,251
305,355,674,251
304,354,675,251
304,356,675,251
303,355,675,251
305,355,674,251
304,354,675,251
305,353,672,251
305,354,673,251
304,353,673,251
303,352,674,251
305,354,672,251
305,355,670,251
305,354,670,251
304,355,670,251
304,354,671,251
303,354,675,251
305,354,674,251
304,353,674,252
304,355,672,252
305,354,672,252
304,353,672,252
303,352,672,252
304,355,674,251
304,354,674,251
303,353,674,251
303,355,674,251
304,355,674,251
303,354,674,251
303,356,674,251
304,356,674,251
304,355,674,251
304,355,674,251
304,355,673,251
303,355,673,251
304,356,672,251
303,355,676,252
305,355,674,252
305,355,673,252
304,354,673,252
304,356,674,252
304,356,674,252
304,356,674,252
303,355,674,252
303,356,674,252
302,355,674,252
305,356,674,252
304,355,674,252
305,354,674,252
304,355,674,252
303,355,674,252
304,354,675,252
304,355,675,252
304,354,675,252
303,354,675,252
302,353,675,252
304,354,676,252
304,354,676,252
304,353,676,252
304,355,674,252
304,354,674,252
303,355,674,252
303,355,674,252
302,354,674,252
305,355,673,252
304,354,673,252
304,355,673,252
303,354,674,252
304,354,673,252
303,353,673,252
304,352,673,252
303,355,674,252
302,354,674,252
304,353,675,252
303,352,675,252
302,351,676,252
304,355,676,252
303,354,676,252
306,355,673,252
305,354,673,252
305,356,672,252
304,355,673,252
305,355,672,252
304,354,673,252
305,353,674,252
304,352,675,252
305,353,674,252
304,352,674,252
305,354,673,252
306,355,673,252
305,354,673,252
305,356,672,252
304,355,674,252
305,356,674,252
304,355,674,252
305,357,673,252
304,356,673,252
306,357,673,252
305,356,673,252
306,355,673,252
305,354,673,252
306,356,673,249
307,356,672,249
306,355,672,249
306,355,672,249
305,354,674,249
305,355,673,249
304,354,673,249
306,355,673,249
306,355,673,249
305,354,673,249
305,354,672,249
305,354,672,249
304,353,674,249
306,355,672,248
305,356,673,248
304,355,673,248
304,356,673,248
303,355,674,248
305,356,675,248
304,355,675,248
305,355,673,248
306,356,673,248
306,355,673,248
304,356,673,248
303,355,673,248
305,356,673,248
306,355,673,248
305,356,674,249
304,355,674,249
305,356,674,249
304,355,674,249
306,356,673,249
305,357,673,249
305,356,673,249
304,356,673,249
304,355,674,250
304,354,674,250
304,354,674,250
304,353,674,250
303,356,674,250
304,355,675,251
303,354,675,251
304,354,675,251
304,353,674,251
303,352,675,251
304,351,675,251
305,354,672,250
304,354,672,250
303,353,674,251
303,352,675,251
304,355,673,251
304,356,671,251
304,356,673,251
304,355,675,251
305,356,675,251
305,355,676,251
304,355,676,251
303,354,676,251
304,354,675,251
303,353,675,251
305,353,674,251
305,355,673,251
305,354,673,251
305,356,672,253
305,355,673,253
304,354,674,253
303,356,674,253
302,355,675,253
303,354,676,253
302,356,676,253
304,355,677,253
303,357,677,253
302,356,675,253
301,355,677,253
303,356,677,253
304,356,675,253
304,357,675,253
303,357,675,253
305,356,673,253
305,355,673,253
305,356,672,253
304,355,674,253
305,356,675,253
304,355,676,253
303,354,676,253
304,354,675,253
305,355,674,253
305,355,675,253
304,355,675,253
305,356,675,253
304,355,675,253
306,356,675,253
305,357,675,253
304,356,675,253
304,355,674,253
305,354,675,253
305,353,675,253
306,355,673,253
305,354,673,253
306,353,673,253
305,354,673,253
306,356,671,253
306,355,671,253
305,354,671,253
305,355,670,253
304,354,674,253
305,355,675,253
304,354,675,252
305,355,675,251
304,354,675,251
305,354,675,249
304,353,674,249
305,355,673,249
305,356,672,249
304,355,674,249
303,354,674,249
302,353,674,249
301,352,674,249
304,356,674,246
305,356,673,245
305,355,673,245
304,356,673,245
305,356,672,245
306,356,672,245
306,356,673,245
306,356,674,245
305,355,674,246
305,356,674,247
304,355,674,247
306,355,675,248
305,354,675,248
304,353,676,248
305,353,675,249
304,352,676,249
305,355,674,249
304,354,674,249
306,353,674,249
305,352,674,249
304,351,674,249
305,354,675,249
304,353,675,249
304,352,675,249
303,351,675,249
304,356,674,249
303,355,674,249
302,354,674,249
301,353,677,249
303,355,679,249
302,354,679,249
303,353,680,249
305,354,676,249
306,356,674,249
305,355,674,249
304,355,674,249
303,356,674,249
305,356,672,249
304,355,673,249
303,354,674,249
304,356,674,249
303,355,674,249
304,355,675,249
303,354,675,249
305,355,675,249
304,354,675,249
305,355,674,249
305,354,673,249
304,354,672,249
305,353,674,249
304,352,673,249
304,355,673,249
304,355,673,249
304,354,673,249
302,355,673,249
303,356,673,249
303,356,666,249
304,357,656,240
304,354,607,235
306,355,537,228
306,356,536,228
306,355,613,223
307,357,670,222
307,354,671,246
306,355,671,248
307,354,672,248
307,356,670,250
308,356,669,250
306,354,671,251
305,355,674,252
306,354,674,252
305,355,674,254
306,354,674,255
305,356,674,253
305,356,673,253
306,355,671,254
307,354,670,255
307,352,673,256
307,355,672,257
305,355,674,258
305,356,673,252
305,355,673,252
305,353,673,252
306,356,671,252
306,354,673,253
306,354,674,254
305,355,674,251
304,356,675,253
306,356,674,256
305,355,675,248
307,354,675,248
306,355,671,248
306,370,673,233
305,370,670,234
649,372,333,235
649,371,330,235
556,366,422,236
528,371,449,235
425,356,554,247
417,358,560,247
416,357,562,249
409,358,568,248
410,357,568,248
422,355,555,247
460,357,519,246
460,357,517,246
502,354,476,249
527,357,456,235
541,364,437,204
542,358,435,181
541,357,435,181
588,361,387,171
587,360,387,171
544,363,435,187
491,363,487,238
490,362,487,238
433,356,544,251
335,357,642,251
306,356,673,253
306,357,674,253
306,356,674,253
305,356,674,253
305,356,674,253
304,355,674,253
303,354,675,253
307,355,673,253
306,354,673,253
305,353,673,253
304,352,673,253
304,351,673,253
303,350,674,253
305,355,672,250
312,352,667,249
395,352,586,247
305,366,657,202
305,370,658,200
307,389,425,197
304,355,564,234
306,352,674,248
303,354,675,249
306,355,672,249
306,353,673,250
308,353,671,250
304,356,675,249
305,356,677,249
304,355,676,249
306,356,675,249
307,356,677,249
305,354,676,249
305,356,676,249
305,356,677,249
304,355,678,249
303,354,680,249
306,355,676,249
305,354,677,249
305,356,677,249
304,355,678,249
304,356,678,249
303,355,679,249
305,356,676,249
304,355,677,249
303,354,678,249
304,356,678,249
303,355,679,249
305,355,677,249
304,354,678,249
303,353,679,249
302,352,680,249
304,354,676,249
303,353,677,249
305,355,675,249
304,354,676,249
306,356,675,249
305,355,676,249
304,354,677,249
305,357,676,249
304,356,677,249
305,355,678,249
305,356,679,249
304,355,676,249
303,354,677,249
302,353,678,249
303,354,677,249
302,353,678,249
301,352,679,249
300,351,679,249
305,355,675,249
305,356,675,249
304,357,675,249
305,357,675,249
304,356,675,249
305,355,675,249
304,354,675,249
304,354,676,249
303,353,676,249
303,353,675,249
301,352,676,249
305,354,674,249
307,353,675,249
306,353,675,249
305,356,673,249
304,356,673,249
304,356,674,249
304,355,674,249
304,355,674,249
307,354,673,249
306,354,673,249
305,353,674,249
304,356,675,249
303,355,673,249
302,354,674,249
306,356,675,249
305,355,675,249
305,356,674,249
304,355,674,249
304,356,675,249
303,355,675,249
303,355,676,249
303,354,677,249
305,357,677,249
304,356,677,249
304,355,678,249
303,356,678,249
302,355,679,249
304,355,678,249
303,354,678,249
302,353,678,249
304,355,676,249
303,354,676,249
305,355,676,249
304,354,674,249
304,353,674,249
303,354,674,249
305,353,675,249
304,355,676,249
303,354,677,249
305,356,675,249
304,355,674,249
303,354,674,249
302,353,675,249
301,352,676,249
304,355,675,249
303,355,675,249
305,356,673,249
304,355,673,249
303,355,673,249
305,356,675,249
304,356,675,249
306,357,673,249
305,356,674,249
304,355,675,249
304,355,675,249
303,355,676,249
305,356,675,249
304,355,675,249
303,355,675,249
302,354,675,249
301,353,679,250
305,354,675,250
304,353,675,250
306,354,674,250
305,353,674,250
304,352,675,250
304,354,674,250
303,353,674,250
305,354,676,250
304,354,676,250
305,354,675,250
304,353,675,250
305,354,675,250
304,353,676,250
304,353,675,250
303,352,676,250
302,351,677,250
304,354,677,250
303,353,678,250
305,354,675,250
304,353,676,250
304,354,676,250
303,353,677,250
302,352,678,250
302,354,678,250
301,353,679,250
300,352,680,250
299,351,680,250
303,353,676,250
305,356,671,250
304,355,675,250
303,355,676,250
302,354,677,250
301,353,678,250
300,353,678,250
305,354,675,250
304,353,676,250
304,352,676,250
303,351,676,250
302,354,676,250
301,353,676,250
305,355,676,250
304,354,676,250
305,356,676,250
304,355,676,250
303,354,676,250
302,353,676,250
304,353,675,250
303,352,675,250
304,354,674,250
303,353,674,250
305,355,673,250
304,354,673,250
305,355,673,250
304,354,673,250
305,355,674,250
304,354,674,250
305,354,674,250
304,353,674,250
303,352,674,250
302,351,674,250
305,354,675,250
304,353,675,250
303,352,675,250
302,351,676,250
304,354,677,250
303,353,677,250
302,352,677,250
301,351,677,250
305,355,676,250
304,354,676,250
303,353,677,250
302,352,678,250
304,354,677,250
303,353,678,250
306,354,675,250
305,353,676,250
304,352,676,250
303,351,677,250
304,355,675,250
303,354,675,250
302,353,675,250
303,354,674,250
302,353,674,250
301,352,674,250
300,351,674,250
304,351,674,250
303,350,674,250
304,353,674,250
304,356,675,250
305,357,676,250
304,356,676,250
303,355,676,250
302,354,676,250
304,354,676,250
303,354,675,252
302,353,676,252
303,354,677,252
302,353,678,252
305,352,678,252
304,352,678,252
304,351,678,252
305,351,678,252
304,350,675,252
304,355,675,253
305,354,675,253
304,356,675,253
304,356,675,253
303,355,675,253
302,354,677,254
301,353,677,254
303,354,676,254
302,353,676,254
305,354,675,254
304,353,675,254
305,354,674,254
304,353,674,254
303,352,674,254
305,353,673,254
304,352,673,254
303,351,673,254
304,354,673,254
303,353,673,254
304,352,673,254
303,353,673,254
303,352,673,254
305,351,676,254
304,350,675,254
303,350,676,254
303,352,675,254
302,351,675,254
303,354,676,254
302,353,677,254
301,352,678,254
300,351,678,254
305,354,675,254
304,354,676,254
304,356,676,254
303,355,676,254
302,354,676,254
301,353,677,254
300,352,677,254
299,351,677,254
302,354,675,254
301,354,676,254
303,355,675,254
302,354,675,254
303,356,674,254
302,355,674,254
305,356,674,254
304,355,674,254
303,355,674,254
302,354,674,254
305,353,673,254
304,352,673,254
304,354,673,254
303,353,674,254
302,352,675,254
301,351,677,254
304,353,675,254
304,353,673,254
303,352,673,254
304,353,674,254
303,352,674,254
306,355,675,254
305,354,675,254
306,353,675,254
305,352,675,254
304,351,674,254
305,354,673,254
304,353,674,254
305,355,673,254
304,354,673,254
305,355,673,254
304,354,673,254
305,355,674,254
304,354,674,254
303,353,674,254
302,353,674,254
305,355,674,254
304,354,674,254
305,355,673,254
304,354,673,254
306,353,674,254
305,352,674,254
304,354,674,254
303,353,674,254
302,352,675,254
301,351,676,254
304,354,674,254
303,353,674,254
303,353,674,254
302,352,674,254
307,353,673,254
306,352,673,254
305,353,674,254
304,355,674,254
305,354,674,254
304,353,674,254
303,352,674,254
302,353,675,254
301,356,675,254
302,355,673,254
301,354,675,254
304,356,674,254
303,355,674,254
306,354,675,254
305,353,675,254
305,353,675,254
304,352,674,254
306,353,672,254
305,352,672,254
306,353,671,254
305,352,671,254
304,351,671,254
303,350,672,254
305,354,672,254
304,353,672,254
305,355,672,254
304,354,672,254
305,356,673,254
304,355,673,254
303,354,674,254
303,353,674,254
302,352,676,254
302,351,677,254
306,356,675,254
305,355,673,254
306,356,672,254
305,355,672,254
304,354,672,254
305,353,672,254
306,354,671,254
306,353,671,254
306,353,671,254
307,356,671,254
306,355,671,254
304,356,671,248
306,355,670,244
306,357,586,243
305,356,621,242
304,355,621,242
303,357,619,241
308,355,631,243
306,352,632,239
307,354,633,239
307,351,633,240
307,353,634,240
306,354,636,241
306,352,636,241
306,355,638,241
305,354,638,241
305,353,638,241
306,354,635,240
306,353,636,240
307,352,624,241
306,351,624,241
307,353,624,241
307,352,624,241
307,353,624,241
306,353,624,241
305,352,624,244
306,352,625,244
307,353,625,245
306,352,625,245
306,353,625,244
305,352,625,244
305,353,620,245
304,352,620,245
305,353,616,244
304,352,616,244
304,353,615,244
303,352,615,244
303,354,617,244
302,353,617,244
306,355,616,245
305,354,616,245
304,354,616,245
305,354,617,245
304,354,617,243
303,354,617,243
305,354,620,243
304,354,620,243
305,354,622,244
304,354,622,244
303,353,623,244
305,352,625,244
304,352,625,244
303,352,626,244
305,353,627,245
304,352,627,245
304,353,627,245
303,353,627,245
305,353,628,246
304,352,628,246
304,354,619,246
303,353,619,246
305,354,618,244
304,353,618,244
306,353,618,244
305,352,618,244
306,351,618,244
305,350,619,244
306,351,619,244
305,350,620,244
305,353,617,244
304,352,617,244
303,351,617,244
303,354,618,244
302,352,619,244
301,350,619,244
300,349,619,244
304,352,619,245
304,352,615,250
304,350,616,250
305,353,618,257
304,352,618,257
304,351,625,257
304,349,626,257
303,347,635,257
303,355,636,257
303,355,636,257
302,353,637,257
305,353,629,253
306,354,632,248
305,354,633,248
305,353,633,248
304,353,633,248
303,353,633,248
301,354,633,248
300,354,633,248
306,353,618,251
305,353,618,251
305,353,621,251
304,352,622,252
303,351,623,252
305,353,623,252
305,352,623,252
306,352,623,252
305,355,623,252
304,355,624,252
303,354,625,252
301,354,626,252
305,356,618,252
304,355,619,252
302,354,620,252
303,354,620,252
301,354,620,252
301,354,620,252
300,354,620,252
299,354,620,252
298,353,620,252
303,354,620,252
302,354,620,252
301,352,621,252
304,354,620,238
303,353,620,238
305,349,621,237
304,349,622,237
302,361,626,237
300,366,628,238
299,365,628,238
295,371,637,253
290,367,639,297
283,371,642,319
274,371,658,330
276,371,647,339
266,376,647,339
257,374,659,346
248,382,661,338
241,376,786,344
239,375,788,344
239,376,793,343
233,378,794,342
235,378,796,342
231,380,798,340
229,379,799,340
236,372,794,348
234,357,796,363
232,326,802,394
230,320,813,400
229,319,813,400
228,320,814,400
227,321,815,399
227,327,815,386
231,343,812,377
230,342,813,377
231,338,814,377
234,332,815,388
242,348,782,372
257,331,803,389
256,330,804,390
287,310,818,410
297,281,811,436
303,241,805,478
315,201,770,515
314,200,770,515
321,170,764,550
314,119,794,595
311,57,854,663
306,18,872,702
306,18,871,701
313,3,870,717
315,1,870,717
321,1,871,718
354,1,747,719
353,1,747,719
372,1,723,719
387,1,691,719
397,4,665,714
396,3,665,714
398,1,651,719
392,6,651,714
375,1,651,719
361,1,668,719
360,1,668,719
340,1,682,719
318,1,695,719
306,1,707,719
300,1,705,718
299,1,705,718
292,1,704,717
281,1,703,716
268,1,702,719
253,1,729,718
252,1,740,719
234,1,756,718
224,1,755,719
202,1,791,719
188,1,800,719
187,1,800,719
179,1,787,719
178,1,812,719
182,1,802,719
188,1,790,719
198,1,779,719
206,3,766,717
234,1,746,719
245,4,736,716
252,1,724,719
254,1,722,719
254,1,722,719
251,1,717,719
247,1,716,719
243,1,716,719
240,1,721,719
238,2,722,718
241,2,723,718
241,3,711,717
240,2,710,716
247,2,709,715
248,1,708,719
250,1,707,718
253,2,707,718
257,4,706,716
257,3,704,716
265,4,695,716
268,5,694,715
270,6,692,714
281,1,680,719
281,1,679,718
279,1,678,717
276,1,678,717
273,1,678,717
270,1,683,717
270,1,682,716
267,1,687,716
265,1,687,716
260,2,695,715
261,2,695,714
261,2,695,713
264,3,695,717
268,5,694,715
279,1,679,719
287,2,675,718
289,2,670,718
298,1,654,719
305,3,641,717
315,2,625,718
322,4,624,716
323,4,621,715
327,1,628,719
330,3,608,717
332,5,607,715
333,6,606,714
333,6,605,713
345,1,594,719
345,2,593,718
344,3,592,717
343,4,591,716
343,4,590,715
346,3,593,717
347,2,592,716
348,2,592,716
348,2,596,718
348,2,595,717
347,1,595,719
345,1,598,718
338,1,602,717
335,1,605,719
332,1,608,719
329,1,609,719
326,1,609,718
324,1,609,717
320,1,617,718
320,1,616,717
318,1,616,719
315,1,616,718
312,1,618,719
309,1,617,719
309,1,617,719
307,1,617,719
305,1,618,719
304,1,618,719
304,1,617,718
304,1,616,718
304,1,616,719
305,1,620,719
306,1,622,719
306,1,624,719
311,1,625,719
311,1,625,719
313,1,627,719
315,1,627,719
318,5,629,715
319,1,630,719
328,1,634,719
337,4,646,716
345,11,646,709
364,3,647,717
364,3,646,716
373,10,654,710
375,16,653,704
384,33,670,687
384,41,671,679
384,43,674,677
396,46,667,674
396,51,671,669
402,54,673,666
408,57,670,663
407,56,670,663
408,58,674,662
407,58,673,661
421,70,656,650
426,72,631,648
426,72,630,647
423,76,629,641
421,77,622,636
418,76,621,642
411,75,608,645
411,75,612,645
398,75,603,644
403,73,591,647
404,74,586,646
403,61,585,645
403,55,580,665
386,37,591,683
381,1,580,719
372,1,579,718
365,1,579,718
364,1,572,718
362,1,570,717
361,2,568,716
362,4,563,714
380,6,548,714
382,1,546,719
385,1,545,718
396,7,527,713
397,10,526,710
397,11,530,709
396,10,530,709
394,10,531,710
392,14,530,706
390,13,535,707
390,12,535,707
389,13,538,707
396,13,526,707
396,12,525,706
399,10,531,709
404,10,528,709
402,12,530,708
404,9,530,708
412,5,529,715
424,1,518,719
437,1,513,717
439,1,510,719
445,1,505,719
449,1,501,719
452,1,501,719
453,1,497,719
452,1,497,719
453,1,497,719
453,1,500,719
452,1,503,719
453,1,504,719
456,1,505,719
455,1,505,719
454,1,505,719
453,1,505,719
455,3,506,717
455,2,506,717
454,5,506,715
454,1,506,719
453,2,505,718
457,3,502,717
456,2,502,717
456,1,502,719
455,2,502,718
453,1,499,719
452,9,499,711
451,1,498,719
455,1,498,719
441,2,520,718
440,11,519,709
437,18,518,702
431,21,521,698
428,24,520,696
416,24,527,696
407,21,537,697
403,19,539,697
401,19,542,701
400,14,543,706
399,12,548,706
399,12,548,706
399,13,547,707
399,12,547,708
401,16,548,704
402,17,547,703
403,18,546,702
407,18,545,702
407,18,544,701
405,20,545,700
405,19,545,700
406,14,545,700
403,8,577,712
399,1,587,719
380,3,632,717
327,16,710,704
289,15,766,705
240,51,864,668
240,51,863,669
208,56,895,662
187,49,915,671
161,30,954,690
150,30,972,690
150,3,971,717
140,1,972,718
131,1,973,719
120,1,940,718
83,9,992,710
96,8,977,712
76,12,944,708
64,30,861,690
55,64,902,655
49,91,925,629
49,92,927,628
46,117,904,603
27,143,905,577
28,163,888,557
35,197,879,523
34,196,880,523
48,222,874,498
59,224,879,496
66,238,877,480
66,245,878,475
63,272,876,448
76,263,877,448
60,268,939,448
55,272,971,424
54,273,971,422
58,287,1004,351
77,293,1003,321
108,298,1002,288
138,299,988,246
140,300,988,249
174,301,963,224
205,294,936,220
233,294,905,219
257,296,885,207
256,295,881,210
270,304,866,199
283,309,853,199
289,315,848,195
290,315,846,193
289,314,847,193
287,311,848,193
287,308,845,193
284,305,847,193
286,312,842,171
287,313,840,171
287,313,841,172
285,311,849,172
286,312,848,171
285,310,851,171
285,310,850,170
283,306,864,174
282,283,886,183
286,218,899,225
317,56,896,373
316,55,895,373
333,1,902,448
345,1,919,448
401,1,876,448
495,1,785,464
495,1,784,463
544,1,736,470
554,1,709,487
551,1,687,512
531,1,683,550
531,1,682,549
488,1,693,591
443,3,709,648
397,1,727,698
342,4,758,713
342,4,758,715
306,1,773,718
296,4,775,716
282,1,777,719
279,1,778,719
288,1,773,719
295,1,762,719
290,1,763,719
287,1,762,719
284,1,763,719
283,1,763,719
282,2,764,718
278,1,765,719
271,1,767,719
264,1,772,719
263,1,773,719
242,1,776,719
235,1,760,719
227,1,749,719
250,1,710,719
254,1,712,719
278,1,691,719
307,4,659,716
347,1,606,719
381,1,577,719
380,1,577,719
392,1,551,719
391,2,552,718
392,1,551,719
388,1,552,719
391,1,553,719
388,1,554,719
385,1,555,719
383,1,555,719
381,1,556,719
382,1,550,719
381,1,551,719
380,1,552,719
383,1,558,719
382,1,558,719
381,1,559,719
380,1,561,719
376,1,565,719
375,1,566,719
375,1,567,719
374,1,568,719
375,1,569,719
376,2,569,718
391,3,567,717
390,8,568,711
397,10,563,710
397,10,563,710
392,10,563,710
391,10,564,710
370,9,576,711
369,8,577,712
369,5,578,715
368,4,579,716
357,3,595,717
347,1,608,719
346,1,609,719
343,1,611,719
343,1,612,719
329,1,646,719
326,1,648,719
325,1,648,719
306,1,689,719
295,1,705,719
259,1,738,719
236,1,758,718
235,1,758,718
221,1,758,718
199,1,768,719
183,1,767,718
183,1,765,717
182,1,765,717
190,1,716,719
214,1,702,719
244,1,685,717
301,1,650,715
301,1,649,714
364,1,606,606
410,1,557,605
407,1,542,603
410,1,509,601
410,1,508,600
421,1,641,629
535,1,691,629
525,2,755,536
501,1,779,561
500,1,779,561
463,1,817,638
481,1,799,714
484,1,796,714
485,1,795,660
485,1,795,660
433,1,844,712
429,1,848,715
370,1,841,719
415,1,757,716
414,1,757,716
430,4,689,716
419,1,676,719
403,1,671,719
408,1,652,719
411,1,640,719
413,1,627,719
416,1,600,719
411,1,590,719
408,1,578,719
407,1,578,719
400,1,578,719
411,1,546,719
391,1,567,719
377,1,571,719
377,1,570,718
373,1,572,718
385,1,572,719
399,1,561,719
415,1,546,719
414,1,545,719
421,1,546,719
