1014,331,19,59
1013,307,21,58
1009,292,28,37
1010,271,34,20
1012,238,28,42
1014,208,22,59
1016,184,17,62
1016,165,18,55
1009,151,28,38
1007,144,32,18
1004,114,34,42
1005,91,30,60
1008,79,22,66
1005,74,20,58
999,79,26,44
995,91,32,19
992,81,32,37
990,79,31,54
992,79,23,64
992,81,19,64
987,92,23,50
976,125,34,22
977,126,30,44
975,130,26,62
975,147,20,63
974,177,19,53
971,215,21,31
966,248,29,19
963,262,31,21
962,271,28,34
965,282,22,44
967,293,20,54
969,306,20,60
972,319,20,63
975,334,20,62
977,344,21,62
977,352,22,62
978,359,21,59
979,361,21,59
978,361,23,59
976,359,25,62
975,359,26,61
974,358,26,62
973,358,26,63
971,359,26,63
974,363,21,62
975,366,19,61
974,369,18,61
974,372,17,60
972,376,19,59
973,376,19,60
975,376,18,61
978,373,18,61
979,367,20,61
983,357,18,61
983,340,19,63
985,322,20,61
988,303,19,51
991,289,18,34
992,273,22,19
998,244,16,35
1000,219,16,53
1005,200,15,60
1007,183,16,63
1008,170,19,58
1008,161,22,48
1012,160,22,25
1015,159,25,20
1016,143,19,38
1017,127,22,56
1019,122,21,64
1023,124,19,64
1025,135,19,57
1028,152,19,42
1031,174,18,21
1034,182,23,22
1035,189,17,47
1036,206,17,54
1040,220,17,62
1040,238,19,65
1038,261,23,59
1039,289,22,46
1039,321,24,33
1039,343,23,36
1038,361,21,49
1035,379,19,56
1030,391,19,62
1021,398,26,65
1013,402,32,64
1006,403,44,60
1001,401,49,57
997,399,54,51
995,397,62,43
995,393,68,36
998,389,67,27
1000,388,66,20
1002,385,59,19
1005,386,50,16
1009,385,44,17
1015,386,33,18
1019,387,27,20
1020,389,22,24
1017,392,22,23
1013,395,22,23
1010,400,19,20
1001,401,33,25
997,392,42,39
994,386,44,48
993,383,45,51
994,382,43,52
997,381,39,52
998,380,38,52
999,380,38,51
1000,380,38,51
1000,382,40,50
1001,384,40,47
1002,384,42,48
1002,384,41,49
1001,386,43,46
1001,388,45,45
1001,388,46,47
1000,388,45,47
999,388,45,47
999,387,45,50
999,386,42,51
1001,385,42,54
1001,385,42,53
1002,385,40,53
1003,385,37,53
1005,382,39,54
1007,381,40,54
1010,380,40,55
1014,378,42,56
1019,378,41,56
1025,377,41,56
1033,373,40,58
1041,371,40,57
1049,368,39,59
1058,365,38,61
1065,364,39,59
1074,362,37,60
1080,361,40,60
1086,361,40,61
1091,360,43,59
1099,359,42,59
1100,360,45,59
1105,360,42,56
1108,359,42,57
1110,357,42,59
1113,358,40,57
1112,357,39,59
1110,357,39,58
1113,355,35,58
1111,352,35,62
1109,353,32,60
1105,352,31,60
1101,351,30,61
1099,351,25,61
1094,351,22,61
1089,353,20,61
1081,357,20,61
1075,362,21,60
1070,368,20,58
1065,370,25,64
1060,373,20,61
1054,376,20,57
1049,377,21,55
1043,378,21,54
1038,377,23,55
1034,376,24,54
1031,375,22,54
1027,372,23,56
1027,369,22,57
1026,366,21,58
1027,362,20,59
1028,359,21,59
1028,354,23,60
1032,350,21,61
1034,346,22,60
1036,341,22,61
1039,338,23,62
1043,335,23,61
1048,332,23,63
1054,330,24,61
1057,330,24,63
1064,329,23,64
1072,328,21,63
1077,325,23,63
1086,326,20,61
1094,327,21,60
1099,326,21,60
1107,326,21,60
1113,329,20,59
1117,331,21,60
1118,335,22,59
1119,339,25,60
1121,343,25,59
1121,347,28,59
1123,354,29,58
1122,360,31,56
1119,366,35,57
1120,373,36,53
1120,376,38,56
1118,393,34,42
1146,386,11,17
1130,389,28,35
1122,392,36,49
1119,393,40,53
1117,394,41,56
1118,399,39,51
1120,403,37,49
1118,403,35,53
1119,408,30,53
1121,407,22,56
1118,421,22,43
1114,411,22,56
1107,411,26,57
1102,412,27,57
1099,412,24,58
1091,414,25,57
1084,416,24,59
1077,418,25,59
1071,419,21,59
1064,421,20,59
1055,421,19,58
1046,421,18,57
1036,420,18,57
1025,418,18,58
1013,414,15,56
998,432,17,31
986,423,16,29
973,384,18,51
958,365,36,51
949,351,49,39
944,340,59,22
943,321,55,21
941,297,53,37
943,281,39,46
946,264,22,52
946,250,17,56
940,243,29,40
928,239,40,35
914,239,54,23
909,239,60,12
911,229,50,27
911,219,43,40
918,215,27,50
920,211,15,58
912,222,25,52
903,237,38,40
897,249,52,33
894,272,51,14
888,279,54,24
885,287,49,40
883,301,37,46
884,324,25,46
876,357,35,35
876,388,38,27
885,413,36,13
897,427,32,18
909,435,32,25
927,441,28,25
946,437,21,33
946,436,21,33
946,436,21,33
946,436,21,33
946,436,21,33
946,436,21,33
946,436,21,33
946,436,21,33
946,436,21,33
946,436,21,33
946,436,21,33
946,436,21,33
946,436,21,33
946,436,21,33
970,422,23,13
959,415,26,17
952,406,35,16
945,394,34,15
945,380,35,18
951,367,30,20
950,355,33,21
957,342,33,25
967,335,30,22
976,327,30,24
988,321,27,25
998,315,28,26
1017,315,22,25
1026,312,25,26
1039,313,22,26
1056,322,13,18
1066,335,9,9
1066,340,12,10
1066,340,12,10
1084,339,19,14
1084,339,19,14
1084,339,19,14
1065,367,10,11
1063,375,17,12
1058,380,23,16
1056,386,20,21
1050,392,18,25
1042,398,15,30
1028,404,17,35
1012,409,20,37
996,413,23,36
981,414,27,36
965,415,25,29
949,406,33,32
936,401,34,27
929,392,33,24
922,383,32,19
918,370,34,17
917,356,33,15
918,340,32,16
921,324,34,21
929,310,30,23
938,297,29,25
946,284,31,29
957,274,33,33
964,267,40,38
980,263,40,42
997,265,41,42
1013,266,42,47
1031,266,37,52
1045,269,33,55
1062,274,25,56
1073,279,20,56
1085,284,18,55
1095,289,19,56
1100,296,25,53
1104,306,34,49
1119,314,26,26
1127,323,28,23
1133,334,31,21
1136,345,33,18
1136,359,38,15
1121,367,57,21
1127,371,59,31
1133,375,55,41
1136,382,50,48
1138,389,44,53
1141,400,40,54
1152,435,22,26
1146,440,21,28
1144,446,16,29
1140,450,17,30
1136,430,17,53
1134,426,18,58
1133,427,20,57
1135,424,22,58
1140,418,20,59
1151,411,19,59
1155,399,29,56
1154,383,42,52
1149,368,55,38
1142,354,62,16
1159,320,34,29
1157,300,18,57
1136,288,55,39
1134,278,52,25
1135,247,27,50
1123,239,34,51
1102,252,57,21
1101,240,49,38
1113,228,18,57
1094,231,46,40
1086,241,54,17
1085,221,35,50
1081,222,26,53
1059,247,48,27
1057,255,48,16
1056,255,42,17
1049,257,44,18
1044,258,43,22
1038,260,43,25
1030,261,41,27
1019,262,43,27
1008,264,45,23
997,265,45,17
980,264,46,14
967,263,45,18
951,263,37,28
937,264,27,33
919,273,19,42
900,287,16,39
878,304,25,40
860,330,36,38
850,361,42,28
848,394,46,18
855,423,50,18
870,445,43,27
893,461,39,35
925,473,29,42
924,474,37,38
924,474,37,38
924,474,37,38
1050,447,30,33
1056,419,43,29
1055,393,51,16
1057,355,49,30
1063,321,37,48
1075,292,19,57
1073,271,28,51
1064,250,50,38
1059,240,58,15
1060,214,59,28
1060,191,44,41
1064,164,29,55
1068,152,18,54
1053,148,39,46
1041,152,52,27
1033,151,58,19
1033,139,57,36
1038,133,43,51
1047,130,22,56
1040,132,24,53
1027,139,44,40
1017,148,56,24
1011,156,56,22
1009,150,50,42
1008,153,32,51
1010,161,14,57
995,181,32,48
979,207,48,36
968,235,57,16
965,248,51,25
966,262,42,36
967,279,32,34
962,296,31,35
958,314,26,35
954,335,18,25
945,359,17,26
936,388,23,23
933,421,30,15
943,439,35,27
961,455,32,34
988,463,26,37
1016,463,19,40
1038,454,21,42
1053,444,30,38
1062,429,42,30
1069,410,47,24
1073,385,48,17
1069,355,50,21
1058,324,50,27
1048,296,49,31
1038,272,41,35
1018,253,39,39
1001,237,34,42
982,229,28,38
964,224,24,37
943,223,18,36
923,224,15,35
901,232,15,37
881,243,18,33
859,254,25,37
840,274,29,32
828,297,32,27
820,324,33,26
818,356,39,15
825,383,37,17
835,404,38,28
858,423,29,30
888,435,23,32
885,435,24,32
957,454,12,19
956,453,11,18
988,400,36,32
991,376,43,23
992,347,48,18
994,313,48,35
1001,282,39,49
1016,258,18,56
1017,237,22,54
1016,222,33,40
1018,206,50,31
1024,193,51,16
1031,172,52,28
1039,147,47,47
1052,127,32,56
1064,112,18,61
1066,107,28,54
1062,108,45,47
1061,111,60,34
1065,116,61,19
1074,106,62,32
1086,102,54,49
1102,104,39,57
1118,108,19,63
1118,116,29,60
1117,128,43,51
1120,145,53,35
1119,168,60,16
1121,179,60,28
1127,186,51,44
1135,200,36,58
1144,219,20,59
1142,245,30,58
1128,265,50,52
1119,283,52,47
1111,296,52,45
1100,304,54,46
1090,315,53,45
1080,326,53,43
1068,336,50,43
1059,344,51,42
1050,350,48,40
1044,353,46,41
1038,355,46,37
1040,362,37,27
1039,361,35,28
1040,362,33,28
1041,363,30,28
1043,364,24,30
1043,376,17,21
1040,380,16,21
1041,384,10,22
1040,384,9,21
1035,386,18,17
1035,386,18,17
1035,386,18,17
1035,386,18,17
1035,386,18,17
1035,386,18,17
1035,386,18,17
1035,386,18,17
1035,386,18,17
1035,386,18,17
1035,386,18,17
1035,386,18,17
1035,386,18,17
1035,386,18,17
1000,435,18,17
998,431,23,21
1003,434,19,15
979,438,41,19
974,441,44,21
970,445,39,19
966,447,42,21
964,454,47,20
962,461,45,19
962,466,44,21
962,469,44,24
962,472,41,22
962,476,41,18
962,478,40,15
963,478,42,14
967,483,39,14
971,482,41,14
979,483,42,12
990,483,41,11
997,483,42,12
1005,482,38,11
1013,484,37,11
1017,484,44,17
1023,485,39,14
1026,483,39,14
1031,483,40,15
1036,481,37,15
1041,480,23,15
1046,480,23,14
1051,480,18,13
1054,479,17,12
1056,474,22,17
1057,468,23,21
1056,465,22,21
1058,462,23,23
1060,461,22,22
1060,456,22,23
1061,453,23,27
1064,448,22,32
1066,442,21,36
1072,435,19,40
1074,424,20,42
1077,413,22,43
1075,400,30,37
1071,383,36,31
1068,363,38,21
1066,336,35,16
1058,303,34,29
1045,276,34,33
1030,255,34,41
1017,242,33,42
1001,232,28,46
989,226,26,43
977,223,21,44
963,224,16,40
948,230,15,42
929,234,19,38
912,247,23,33
899,265,28,29
891,292,30,26
889,317,32,16
892,345,33,14
905,366,27,20
920,384,26,25
942,399,20,29
879,435,14,25
935,398,14,25
935,398,14,25
1045,381,17,22
1045,343,35,29
1045,315,41,18
1047,278,39,26
1044,242,38,49
1050,210,20,58
1041,185,27,56
1036,165,41,45
1026,152,52,25
1024,132,52,21
1025,100,46,44
1025,79,29,51
1030,60,18,57
1020,52,33,49
1007,51,48,39
998,54,56,18
997,40,56,29
1000,27,47,48
1008,21,29,61
1011,20,17,62
1001,21,35,57
993,31,48,36
988,45,55,20
989,41,50,36
990,38,41,52
992,45,22,60
990,61,23,58
980,84,35,46
967,113,47,30
959,140,54,14
959,152,51,28
958,170,52,18
962,181,46,29
966,188,38,40
972,198,25,47
974,211,16,52
969,223,19,56
963,233,21,60
960,246,22,57
956,252,23,60
952,253,23,61
948,263,23,55
946,268,19,52
943,269,19,51
940,269,22,52
938,268,19,52
935,267,17,53
931,267,17,53
928,268,17,55
926,271,16,53
924,273,17,54
922,275,16,54
920,277,16,55
917,278,16,56
914,280,19,55
912,282,19,54
910,284,18,52
906,282,18,52
901,280,18,52
898,274,18,52
894,267,16,54
889,257,16,57
882,241,17,58
876,222,18,57
868,202,22,52
862,184,27,40
860,173,31,20
858,144,29,30
860,118,23,45
856,97,20,55
858,79,15,61
857,64,15,52
846,58,27,37
846,55,29,19
836,38,35,31
833,20,33,51
833,8,28,61
836,4,18,60
833,8,17,54
827,19,23,39
823,33,31,27
818,40,33,22
816,39,32,44
815,45,26,55
816,58,18,59
815,70,16,60
808,89,23,49
803,113,29,32
799,140,34,13
796,155,35,27
797,166,31,43
797,181,27,53
801,205,18,57
798,231,19,56
791,253,32,53
786,270,48,45
790,277,49,41
796,276,47,45
804,272,41,49
811,266,35,53
817,259,30,54
821,251,28,55
823,244,26,57
825,238,26,55
827,231,26,56
830,226,24,58
831,223,25,57
834,224,23,57
835,224,23,58
837,226,24,58
841,230,22,58
844,233,24,61
848,244,21,56
852,250,21,54
856,256,19,52
860,261,16,51
861,265,18,48
865,262,17,49
864,255,19,50
867,239,18,56
870,221,18,59
870,198,19,61
870,175,19,58
871,156,21,43
871,143,23,21
872,112,18,21
877,79,16,51
879,56,15,61
880,33,18,65
881,18,18,50
879,10,25,27
881,1,22,23
881,1,20,20
881,1,18,17
882,1,18,10
882,1,18,10
880,1,19,12
880,1,19,12
880,1,19,12
880,1,19,12
896,1,13,34
895,1,18,41
896,1,18,46
895,17,21,32
895,39,20,20
895,47,20,39
895,59,20,55
896,77,17,64
896,104,17,58
894,140,19,54
891,181,20,34
889,201,20,42
885,218,26,54
881,230,33,60
880,239,34,62
879,243,36,59
879,247,38,58
880,249,41,57
884,252,41,54
887,253,41,53
890,255,41,53
895,256,40,52
899,256,39,54
904,256,39,54
908,256,38,55
913,256,35,55
917,256,35,57
922,258,34,55
925,259,34,55
930,261,33,55
934,263,34,55
937,265,32,57
941,266,29,57
944,267,26,57
947,266,24,58
948,264,24,58
949,262,24,58
949,258,27,57
947,253,29,55
946,246,32,54
946,239,33,52
946,232,36,51
945,228,38,49
946,225,39,49
944,224,41,47
943,226,45,46
941,228,45,44
940,231,44,42
939,233,44,42
939,234,42,42
941,235,40,43
943,236,40,44
946,236,40,44
948,237,44,44
952,237,46,43
956,236,48,44
962,235,49,43
967,236,52,41
973,236,54,40
981,239,53,38
988,239,56,39
995,241,56,38
1003,241,58,38
1010,243,59,39
1018,243,58,39
1025,244,59,41
1031,245,60,40
1039,247,57,41
1044,248,59,43
1051,250,57,42
1056,252,57,42
1060,254,61,42
1064,256,59,41
1067,259,60,40
1068,264,62,37
1068,266,62,36
1066,270,63,35
1065,271,63,35
1063,276,60,35
1063,279,58,35
1059,281,58,36
1057,286,57,34
1053,287,57,34
1049,290,57,33
1045,293,57,32
1041,295,56,31
1038,298,60,28
1034,301,58,25
1029,303,60,23
1026,304,63,22
1023,306,61,20
1020,309,61,19
1016,311,59,17
1014,313,58,17
1012,314,56,17
1007,315,59,18
1006,317,54,15
1003,318,53,18
1000,320,52,14
996,320,54,16
993,320,55,17
990,321,53,16
987,320,52,18
985,322,55,17
984,322,54,17
983,322,54,17
981,323,53,17
978,323,56,18
977,324,54,17
975,325,51,18
973,326,52,19
970,327,48,19
968,329,48,20
966,329,45,20
964,329,45,22
962,329,44,22
960,331,45,21
959,332,44,21
959,335,43,21
956,336,45,22
954,337,45,22
954,336,45,21
953,336,48,21
950,334,49,20
950,331,48,20
950,329,47,19
947,324,48,19
945,320,50,20
946,316,49,19
947,314,49,19
950,312,47,18
952,312,48,17
954,308,50,18
960,304,49,18
964,303,49,17
969,301,48,17
973,298,47,18
976,295,47,17
979,292,47,19
984,288,45,20
989,288,43,20
1001,280,43,25
1018,274,42,28
1034,272,40,30
1045,269,40,31
1058,266,40,33
1071,264,42,35
1083,263,41,36
1096,264,41,35
1110,268,43,36
1123,272,43,38
1135,274,44,39
1146,277,43,40
1157,280,41,41
1164,285,42,41
1170,291,42,41
1172,297,41,41
1169,302,40,41
1164,307,40,44
1160,312,38,43
1157,316,39,45
1155,319,40,45
1154,321,41,46
1154,323,42,44
1154,326,44,42
1154,328,47,42
1155,330,48,42
1155,333,51,41
1159,333,52,40
1163,332,52,43
1166,332,54,41
1170,331,58,40
1174,330,62,40
1179,328,61,42
1184,328,63,42
1187,327,64,42
1192,326,63,42
1193,325,66,41
1195,323,67,41
1200,321,65,41
1199,320,67,42
1203,320,64,42
1204,320,63,43
1205,318,63,44
1208,315,60,46
1207,314,61,48
1209,313,54,50
1207,315,55,50
1207,317,50,51
1205,320,48,50
1200,322,47,50
1192,326,48,48
1187,327,41,48
1178,326,35,49
1165,325,34,50
1157,327,27,51
1147,327,24,51
1139,327,21,52
1130,326,20,54
1122,325,19,56
1114,321,21,58
1108,320,21,58
1105,317,20,59
1103,314,19,58
1099,310,20,59
1095,307,19,58
1089,304,19,57
1085,298,19,59
1080,291,19,62
1078,290,17,59
1075,292,20,60
1071,299,20,57
1068,304,21,58
1067,310,19,56
1063,314,19,56
1056,317,22,56
1051,320,25,58
1047,324,28,58
1042,327,31,59
1041,328,31,59
1037,330,33,59
1033,333,33,59
1029,337,34,57
1025,340,35,57
1020,343,36,56
1016,344,35,55
1010,341,32,55
1005,337,29,54
1001,334,24,55
993,328,23,55
986,324,19,55
976,319,19,55
967,311,16,56
956,305,17,57
945,301,17,57
935,297,17,57
923,293,17,57
911,290,16,56
898,285,17,57
889,282,17,57
879,279,17,57
871,276,16,56
861,272,16,56
853,272,15,55
842,272,16,55
833,271,16,55
824,286,16,42
815,287,16,44
801,290,16,44
789,294,16,43
776,294,18,43
763,297,18,44
755,299,16,43
746,303,16,42
740,308,14,41
734,310,13,42
728,313,12,41
723,316,12,38
718,322,12,27
708,325,12,20
704,324,10,23
699,322,7,18
694,322,8,18
699,315,10,24
699,315,10,24
699,315,10,24
699,315,10,24
662,323,11,15
654,315,11,18
643,318,18,17
636,316,21,24
629,317,24,28
618,312,32,37
610,310,32,43
600,307,31,44
590,299,28,46
584,291,26,50
576,282,19,47
564,266,18,49
549,247,33,47
542,231,43,34
544,214,58,16
547,180,50,46
554,155,20,63
528,145,60,44
520,142,65,19
536,113,35,56
530,100,37,63
519,115,59,31
522,106,58,35
543,87,17,67
524,86,54,59
518,99,65,19
538,76,46,57
558,68,28,70
559,90,66,45
570,108,72,23
589,104,44,50
607,111,49,61
630,125,52,53
654,127,55,67
680,140,54,68
709,149,44,73
748,156,32,79
782,171,23,56
802,192,33,54
820,220,45,54
832,254,52,46
829,294,64,35
824,337,62,24
812,367,59,34
789,393,51,47
750,412,42,54
700,422,30,53
656,415,23,55
610,405,32,52
575,386,35,50
543,366,44,41
519,336,52,35
500,309,62,26
480,278,74,24
470,244,68,39
458,215,50,42
459,189,54,68
466,168,45,76
470,154,30,79
471,139,22,78
462,128,30,76
444,122,44,68
429,119,55,58
414,120,60,41
401,127,65,26
391,131,64,28
388,126,61,45
389,123,53,56
392,125,43,68
394,133,33,76
396,148,23,74
399,168,20,74
407,186,27,72
429,200,29,70
469,209,28,72
510,221,33,68
543,233,35,66
561,239,39,66
573,243,38,64
586,245,40,65
605,249,34,64
623,248,29,66
640,247,24,68
647,247,23,68
647,245,21,71
642,247,21,72
641,245,21,74
651,243,21,73
666,239,22,72
677,234,23,74
679,231,23,75
674,231,22,76
663,230,21,75
653,229,21,76
654,227,21,78
656,226,23,79
656,223,25,80
653,221,26,80
641,217,29,79
626,212,32,80
608,207,35,83
591,200,39,82
574,192,44,77
552,180,59,71
530,171,75,63
512,171,83,39
500,158,85,28
496,137,77,58
497,122,58,79
505,114,30,89
497,110,35,88
487,109,60,79
477,118,81,60
470,134,91,33
463,141,91,33
459,132,81,64
463,135,59,83
475,147,30,92
473,161,40,82
452,153,73,72
440,164,90,28
452,128,77,67
480,108,26,90
462,101,68,76
452,113,91,28
449,88,75,66
461,68,27,89
443,80,68,78
445,117,88,30
462,110,77,62
495,114,28,86
482,128,41,56
463,142,48,49
454,159,68,67
450,182,73,56
448,205,74,47
448,229,70,44
451,257,65,38
454,288,64,29
463,322,63,24
474,352,64,31
495,380,56,43
528,407,49,56
532,408,48,55
619,473,21,42
622,471,22,44
711,466,19,40
715,416,49,66
719,385,65,54
716,346,69,38
704,295,76,38
713,237,65,76
730,187,40,100
737,148,29,107
727,111,51,102
718,82,73,81
710,63,88,52
710,41,91,39
718,1,82,66
732,1,47,53
746,1,30,40
749,1,34,26
763,1,22,12
763,1,22,12
763,1,22,12
763,1,22,12
737,2,34,19
754,1,41,52
768,1,28,77
755,1,39,95
738,7,67,103
726,46,86,76
720,90,96,37
721,122,92,48
726,138,77,80
737,165,53,102
747,203,31,111
742,241,46,112
735,279,57,105
723,309,66,98
712,336,74,84
701,363,83,62
698,386,81,28
698,384,79,27
696,377,80,28
696,372,77,26
696,365,76,28
693,355,77,31
691,346,75,35
692,338,69,38
689,330,65,44
687,326,62,47
688,322,54,51
689,321,43,48
684,320,36,52
678,318,30,52
667,317,29,53
655,318,31,50
646,323,34,43
637,326,37,40
632,329,40,40
627,333,50,36
621,335,56,34
619,337,79,36
614,339,89,32
612,342,98,29
612,344,103,31
614,339,104,40
619,327,100,53
633,317,85,60
645,309,69,67
645,304,62,99
647,300,54,106
650,301,41,107
653,301,35,107
655,300,35,108
656,300,37,108
657,299,41,108
656,299,47,108
657,298,51,108
657,298,52,109
658,299,50,109
659,299,50,107
658,299,52,107
659,300,51,107
659,299,54,109
659,299,53,108
659,299,53,108
661,297,52,109
660,297,55,109
660,299,54,108
660,299,56,108
660,300,56,108
661,299,57,110
661,299,56,108
660,301,56,108
661,301,55,109
661,302,53,110
661,304,51,110
659,308,53,109
657,311,56,108
655,315,57,108
655,321,55,108
655,326,54,109
656,331,50,109
655,335,49,109
656,338,45,108
654,338,46,109
652,337,42,110
649,334,39,108
646,328,34,111
643,319,30,111
639,306,29,112
632,292,34,113
626,280,40,113
626,269,41,113
628,263,42,113
634,259,42,114
643,259,38,115
650,259,36,117
658,262,32,118
663,265,33,117
665,272,40,115
670,279,47,114
677,285,56,112
684,294,66,107
692,303,78,100
701,311,93,91
716,321,100,80
736,327,103,74
757,331,103,70
784,337,98,63
805,342,95,57
828,349,94,37
848,341,90,38
865,326,80,72
888,320,59,97
911,320,37,114
928,328,38,115
923,343,67,107
921,364,87,88
926,392,98,63
934,428,93,34
946,445,92,45
967,456,76,74
986,472,57,96
1004,501,35,104
1008,536,31,106
1004,580,48,99
1011,610,66,67
1024,631,59,27
1032,623,67,29
1040,614,64,38
1049,608,65,45
1057,604,64,47
1062,608,65,39
1064,608,65,31
1065,605,64,28
1067,603,64,28
1065,604,65,26
1063,603,65,28
1061,602,67,32
1057,599,69,39
1056,596,67,42
1057,597,67,44
1053,598,69,40
1053,597,67,37
1050,595,68,37
1049,593,66,36
1048,591,68,38
1045,591,69,38
1044,591,67,38
1040,590,68,40
1035,589,68,40
1028,587,68,39
1022,584,67,38
1013,582,66,37
1004,580,66,37
995,578,65,36
982,574,64,35
973,573,65,38
963,572,64,37
959,568,61,36
949,564,57,34
945,563,52,37
938,563,52,36
928,560,53,36
919,558,53,38
910,556,53,38
903,555,52,34
900,553,47,34
895,551,46,33
892,549,44,33
890,548,40,27
887,547,37,25
884,544,35,24
880,544,33,20
877,542,32,19
873,541,31,19
869,539,32,19
866,537,32,20
866,535,30,20
863,534,30,20
862,533,31,19
862,532,31,19
861,531,33,18
862,530,32,20
862,529,31,19
863,527,32,19
865,525,32,19
870,523,28,21
869,521,32,21
874,517,33,23
874,514,38,23
876,513,40,24
878,509,44,22
879,507,50,23
878,503,51,23
879,497,52,24
881,489,55,24
884,478,59,24
896,465,57,26
896,446,59,29
895,422,62,36
894,397,66,42
893,373,63,51
888,347,63,58
880,325,65,63
870,305,61,66
859,287,58,69
850,272,55,71
846,263,51,69
841,256,42,68
831,254,35,64
822,250,30,65
815,247,34,63
808,244,35,64
799,243,33,63
791,244,35,62
781,246,38,64
775,251,40,63
768,255,41,63
760,260,43,63
756,266,48,62
753,273,49,62
750,278,50,60
747,287,54,60
749,293,54,59
749,299,56,57
750,303,58,59
751,306,54,58
752,310,51,58
753,311,53,61
753,311,54,60
754,310,52,62
764,306,40,63
763,329,35,38
770,297,44,66
774,294,46,65
780,292,45,67
784,288,45,67
788,286,46,65
792,284,43,66
795,281,41,66
795,281,41,67
796,281,39,69
791,283,37,68
785,286,38,69
784,294,38,69
789,302,34,68
789,309,32,67
783,318,31,67
778,322,29,67
768,327,30,66
758,330,32,65
745,330,33,66
730,330,35,66
711,329,38,65
696,329,40,66
681,329,42,68
669,329,41,67
655,328,42,71
645,328,36,69
639,327,32,70
627,328,33,70
623,331,28,68
615,331,31,70
612,336,29,69
611,338,28,68
610,340,28,68
612,344,29,66
616,345,28,67
616,347,29,68
621,348,29,67
624,345,29,66
627,344,30,65
631,336,31,66
639,329,29,66
643,322,29,65
648,312,30,66
656,304,29,65
663,295,29,64
672,288,29,64
680,281,29,64
687,277,30,63
694,273,29,64
700,272,30,63
708,273,29,60
710,274,30,57
710,280,34,56
707,287,35,53
704,295,35,46
700,305,38,41
696,314,37,41
694,327,33,32
702,339,18,19
699,339,17,18
656,326,46,67
656,326,46,67
656,326,46,67
670,358,18,11
669,368,17,14
667,380,18,16
666,394,20,17
664,406,19,21
663,415,27,29
662,425,25,35
659,437,23,42
657,446,22,50
655,453,22,52
651,460,22,58
649,468,22,59
648,472,24,59
649,478,24,59
651,481,26,63
655,485,26,64
659,487,27,69
665,488,25,67
673,485,24,64
674,481,25,55
671,475,32,42
653,458,30,40
653,458,30,40
653,458,30,40
630,431,14,8
622,409,15,15
608,384,28,24
596,345,42,48
583,320,35,55
572,296,35,61
572,296,36,62
564,283,32,63
554,279,30,62
546,281,28,62
536,287,26,59
528,302,27,57
521,318,33,53
518,341,38,45
520,368,41,34
526,399,45,27
538,431,45,22
557,460,19,26
556,468,18,25
556,468,18,25
556,468,18,25
556,468,18,25
693,516,20,47
712,485,25,58
731,466,28,46
738,448,23,26
733,447,23,26
753,403,14,15
744,365,35,71
751,354,31,88
757,356,28,90
756,371,36,87
750,391,49,75
767,422,37,34
756,456,46,27
753,479,34,34
756,478,33,33
756,478,33,33
756,478,33,33
756,478,33,33
756,478,33,33
622,470,43,87
603,470,61,85
590,474,70,76
580,479,78,67
575,482,86,60
573,488,92,49
576,493,94,41
578,497,97,37
583,501,99,39
589,504,100,42
600,509,98,50
612,516,97,57
623,519,97,63
634,525,94,70
648,529,91,79
664,533,87,89
676,537,85,97
689,538,83,104
698,536,81,109
710,528,75,116
715,516,71,118
716,496,72,109
719,468,75,86
723,433,75,43
733,344,67,74
749,266,44,121
757,201,42,139
745,151,68,130
741,113,86,96
743,94,91,37
753,19,81,96
775,1,52,96
784,1,35,69
775,1,41,41
767,1,28,13
771,1,28,13
771,1,28,13
809,1,17,24
791,1,18,40
767,1,32,46
751,1,45,42
740,1,89,28
737,1,87,62
742,1,70,108
755,20,45,127
749,52,37,128
732,103,55,114
720,168,69,74
709,234,76,34
702,269,61,45
688,310,74,33
666,332,84,52
656,346,90,72
648,359,92,84
649,367,89,92
653,372,79,99
658,379,72,102
663,387,66,103
672,392,59,104
680,398,54,101
687,403,51,101
694,407,49,100
700,410,47,99
707,413,47,99
716,415,46,100
724,416,45,100
733,417,45,102
742,419,43,102
752,422,38,103
761,425,33,104
768,429,31,104
774,433,28,103
775,435,31,104
775,438,34,103
769,435,39,103
762,429,40,105
756,414,38,105
748,391,29,107
731,357,33,107
712,316,58,103
702,283,85,79
696,263,90,39
694,210,95,51
697,158,80,85
704,116,52,109
713,84,28,109
696,60,58,98
677,47,82,67
666,43,96,26
665,5,91,64
689,1,61,67
694,1,44,64
695,1,28,57
677,1,45,50
665,1,73,49
658,9,95,33
654,5,94,62
655,8,79,88
658,21,49,104
668,42,27,104
655,69,44,89
625,105,77,67
611,145,91,33
607,176,88,42
607,189,79,73
617,212,58,93
626,249,28,97
612,295,41,92
601,328,35,94
605,356,29,96
607,376,37,97
611,393,44,91
616,401,44,89
622,407,44,88
625,408,44,87
629,408,44,87
631,405,44,87
630,400,45,89
631,396,45,89
632,392,43,90
632,389,41,93
631,389,39,93
633,386,36,96
634,390,33,94
634,393,30,95
639,400,26,94
639,407,26,92
639,414,27,90
639,420,28,88
644,424,25,87
642,423,26,86
639,416,29,88
635,404,28,92
630,384,27,96
621,354,30,99
610,319,49,95
606,290,68,76
605,273,76,32
608,224,72,50
618,175,54,84
630,137,32,104
629,107,40,104
615,84,64,92
603,72,83,58
600,64,88,33
608,31,78,61
618,1,63,90
636,1,35,82
633,1,34,77
622,1,52,69
613,6,75,60
609,24,80,33
608,17,76,66
613,19,57,95
622,34,33,110
618,56,40,106
599,80,66,98
583,119,85,68
576,163,90,32
576,189,82,51
579,202,72,84
593,231,46,101
601,272,32,106
585,312,41,105
574,350,46,101
579,378,42,104
594,399,29,99
604,416,26,95
614,425,29,93
622,432,28,91
631,439,29,89
637,440,34,88
643,441,38,87
648,440,44,87
656,441,43,87
662,441,43,87
669,441,41,88
678,440,37,89
683,440,36,90
690,442,33,89
696,443,33,89
701,445,34,90
705,448,34,89
709,451,36,89
712,453,38,88
715,453,38,87
719,453,35,87
725,452,33,86
728,449,31,86
731,447,30,86
733,446,29,85
738,443,29,87
740,441,29,87
743,440,28,87
747,440,27,87
752,441,26,87
756,443,25,86
761,445,27,86
767,447,28,84
773,450,30,83
779,452,33,83
784,455,39,83
787,453,44,83
789,453,50,83
793,456,54,83
794,457,59,82
796,457,60,80
796,454,60,79
798,450,57,79
800,444,52,82
803,440,43,83
802,436,37,84
802,432,32,85
800,428,28,86
797,425,28,86
793,421,26,86
