734,166,34,129
736,165,35,130
734,161,35,130
734,161,35,130
732,158,35,129
730,155,35,130
730,155,35,130
730,156,35,131
730,158,35,130
730,158,34,131
731,161,35,130
735,165,34,130
739,170,34,131
744,175,34,131
749,183,34,131
753,192,34,131
759,201,34,130
764,207,33,130
768,210,34,129
770,207,33,130
769,205,34,130
770,204,35,130
770,204,34,130
771,203,34,130
770,202,34,129
771,202,33,130
769,200,34,128
768,191,34,130
766,187,35,130
767,184,34,131
767,184,34,131
766,184,35,130
766,183,35,130
765,184,35,131
764,188,36,131
760,192,35,131
757,196,35,131
757,198,37,130
757,199,34,131
757,199,35,131
757,196,36,130
758,189,35,130
759,182,35,130
758,182,36,131
759,175,35,132
759,169,36,131
760,165,35,129
758,158,34,131
757,153,36,132
757,153,36,133
757,152,35,132
754,152,35,131
748,150,35,131
744,147,34,131
739,142,34,133
738,143,37,133
735,140,35,135
728,143,36,132
725,147,35,132
718,153,37,134
715,161,37,133
715,160,36,135
713,169,37,133
710,175,36,132
708,179,38,133
708,182,38,134
709,183,36,133
709,184,37,133
710,183,36,134
710,183,37,133
711,179,36,133
712,176,38,133
713,173,37,132
713,174,37,131
715,169,36,134
716,166,36,133
715,162,39,134
716,160,36,133
716,156,38,134
716,156,37,134
715,153,38,134
715,151,38,132
715,148,39,132
716,144,37,134
716,142,38,132
716,142,38,132
717,140,37,132
718,139,35,132
720,137,35,135
720,137,34,135
721,139,35,135
721,140,35,134
722,141,35,135
722,143,35,135
723,147,35,133
724,150,36,133
726,150,34,135
726,150,34,135
727,152,35,132
726,153,36,132
727,153,36,135
727,154,35,133
727,154,35,132
728,153,36,132
728,151,35,132
728,151,35,132
727,151,35,132
726,153,35,132
726,153,34,134
726,153,34,133
725,155,34,132
724,155,35,133
726,157,33,133
726,158,34,133
726,160,35,131
725,160,35,131
726,159,35,132
726,159,34,132
725,159,35,132
724,159,35,132
721,157,34,133
721,158,35,132
719,157,35,132
718,156,35,132
718,154,34,134
717,154,35,132
717,153,35,132
717,152,34,134
716,152,35,132
717,150,34,133
716,150,38,133
716,150,35,134
717,150,33,135
717,150,34,135
717,151,34,134
717,153,34,133
717,153,33,133
716,156,35,133
715,154,34,133
716,155,33,132
716,155,34,133
716,155,33,133
716,155,33,135
715,158,34,131
714,157,35,134
713,158,36,133
714,159,34,133
715,158,34,133
715,159,35,131
716,159,36,131
718,157,37,134
718,156,34,133
722,157,34,132
722,155,35,133
723,155,36,132
724,154,35,132
724,153,35,132
724,153,35,132
723,151,37,137
723,151,37,137
1,1,0,0
723,151,37,137
723,151,37,137
723,151,37,137
723,151,37,137
727,149,36,133
728,148,36,134
728,148,36,132
729,148,36,132
729,147,35,133
729,147,36,134
730,147,38,132
730,146,36,133
731,145,38,132
732,145,35,133
732,145,36,133
732,144,36,134
733,144,36,133
734,144,36,133
734,144,37,133
735,143,36,134
735,143,36,134
736,143,35,133
735,142,37,134
736,142,36,134
736,141,38,134
736,141,37,134
736,141,38,135
737,140,36,135
737,142,36,134
737,142,36,134
737,142,38,133
738,143,36,133
738,142,36,134
738,142,36,134
739,143,35,134
737,143,37,134
738,142,36,134
739,143,36,133
738,142,37,134
739,143,36,134
739,142,37,135
739,141,38,135
740,141,36,135
740,141,36,134
739,141,38,134
740,142,38,133
742,142,36,132
740,142,40,132
743,141,36,133
742,141,36,133
742,140,36,134
743,140,35,134
743,140,37,134
743,139,36,133
744,139,36,134
744,139,36,135
743,138,37,135
743,139,36,134
744,137,36,134
743,137,36,135
743,138,37,133
743,137,37,133
743,137,37,134
743,137,37,134
743,136,37,134
743,137,36,132
743,136,37,134
743,137,36,133
743,136,35,134
742,134,36,135
742,135,36,135
742,136,36,134
742,136,36,133
742,134,35,135
742,135,36,134
742,136,36,132
740,134,37,134
741,135,35,133
741,135,36,134
741,135,36,133
741,134,35,135
741,134,33,134
741,134,35,133
741,134,35,133
741,133,35,135
741,133,35,136
741,133,36,134
742,133,34,135
742,133,35,135
742,133,35,135
742,132,36,135
743,133,36,133
743,132,36,135
741,131,38,137
744,132,36,135
743,130,37,136
743,131,37,135
744,131,36,135
743,131,37,135
744,131,37,137
743,130,37,136
745,130,36,136
746,131,36,134
747,130,36,135
747,130,36,135
748,131,36,133
749,130,36,133
750,128,37,134
752,129,36,134
752,128,37,134
753,128,37,134
754,127,36,135
755,127,36,134
756,127,36,134
758,125,34,135
760,125,33,134
759,125,35,135
760,124,34,134
760,125,35,134
761,123,35,134
761,124,35,134
762,123,35,134
761,123,36,134
762,124,35,134
763,125,35,134
764,124,35,134
764,125,35,134
765,124,35,134
764,125,36,132
765,125,36,133
767,125,34,131
767,125,34,133
768,126,34,133
768,126,35,132
768,127,36,131
769,127,34,132
769,126,35,133
770,125,36,133
770,125,35,133
772,125,34,132
771,125,36,133
771,125,35,133
773,125,34,132
773,126,35,133
774,125,35,132
774,125,36,132
775,125,35,132
774,126,35,131
774,125,35,133
775,125,36,132
775,125,35,133
775,126,35,130
775,123,35,135
775,124,35,132
775,124,35,132
774,125,36,133
773,126,35,135
771,129,36,134
772,130,35,134
769,132,37,133
769,134,36,133
769,134,34,135
766,136,36,135
762,137,34,136
761,138,36,135
759,138,35,136
757,141,35,134
755,141,35,135
754,142,35,134
752,144,34,133
750,145,36,133
748,146,33,134
742,150,36,133
739,151,36,134
738,152,35,133
738,152,35,133
738,152,35,133
736,152,35,132
737,154,33,132
736,152,33,131
733,150,37,130
737,142,35,131
736,142,33,130
744,134,36,130
754,127,34,130
760,120,34,133
764,118,35,134
770,120,34,130
770,120,33,130
774,115,36,132
780,113,33,131
783,111,34,132
785,109,36,131
788,113,33,130
788,113,33,128
790,115,35,124
793,108,35,133
797,107,35,133
801,106,35,133
806,103,32,134
805,103,35,137
805,103,35,137
1,1,0,0
799,157,35,138
799,157,35,138
799,157,35,138
799,157,35,138
1,1,0,0
805,103,35,137
837,116,28,133
833,118,34,134
834,122,36,133
835,119,35,136
835,122,37,136
839,127,35,136
839,133,37,133
841,135,37,137
843,143,38,134
846,142,33,135
846,145,35,136
847,148,37,136
849,154,35,133
849,154,36,135
849,156,33,134
849,154,33,137
840,155,34,133
828,153,35,134
820,157,34,129
817,155,36,133
815,155,36,132
816,154,35,132
815,154,35,133
815,154,35,133
814,154,36,134
815,153,34,135
813,153,35,135
814,153,34,134
813,155,34,132
810,154,35,135
807,153,35,135
805,152,34,136
802,153,34,138
802,153,34,136
800,159,35,130
796,159,36,132
792,159,36,132
790,160,36,131
788,159,34,133
788,159,36,133
786,159,34,132
783,159,36,132
780,160,36,130
778,159,36,130
777,158,34,130
779,159,32,132
775,159,33,131
775,159,31,131
772,158,32,131
772,158,32,132
771,157,32,133
770,157,33,132
770,157,32,131
771,158,30,130
770,157,32,130
768,158,35,129
768,154,34,133
769,154,33,133
767,155,35,131
767,153,34,131
768,152,33,130
766,145,34,132
769,137,33,133
768,136,35,134
769,134,34,133
768,135,35,130
766,134,37,132
767,134,36,135
767,134,35,135
767,136,37,132
765,137,38,132
767,136,38,132
764,133,36,134
763,132,38,134
764,131,37,134
764,131,37,133
769,130,36,135
773,129,34,135
773,129,36,134
774,126,36,136
774,125,36,136
773,126,38,136
774,126,37,137
774,127,37,135
774,125,37,136
774,127,39,135
773,125,38,137
776,125,36,136
776,125,39,136
775,125,39,135
775,126,40,134
776,127,40,134
778,125,38,135
778,126,39,134
780,126,37,134
780,126,37,134
782,127,38,134
783,127,40,136
784,127,38,136
784,127,39,136
786,127,38,136
787,128,36,136
787,130,39,137
789,134,39,133
792,135,36,134
791,135,39,134
792,136,37,133
795,136,35,135
793,137,38,133
795,136,38,137
796,137,38,135
796,138,37,135
797,139,38,134
798,140,38,133
799,140,37,133
799,140,38,133
801,142,36,133
799,140,38,134
800,141,38,133
801,142,37,133
800,142,39,133
800,142,38,134
800,142,38,133
799,143,39,132
801,142,36,133
800,142,38,133
799,142,38,132
800,142,37,133
800,142,38,133
800,143,37,133
800,143,37,134
801,143,36,133
799,142,38,134
800,142,39,134
799,142,39,133
799,142,38,134
799,142,40,132
798,142,40,133
800,141,38,133
798,141,40,133
799,140,37,134
800,141,37,133
799,140,38,134
798,140,39,134
799,140,36,133
798,139,37,135
799,140,37,135
798,140,38,133
798,139,38,133
798,139,39,135
798,141,36,133
797,138,36,135
796,137,38,135
796,137,36,135
796,138,36,135
796,137,37,133
795,136,37,135
795,135,37,135
794,136,36,132
793,135,37,134
794,135,36,135
793,135,35,133
792,134,36,133
792,135,36,133
792,134,35,133
791,133,37,134
791,133,37,135
791,132,36,135
790,132,37,133
788,130,38,136
789,129,37,135
789,130,37,135
789,128,35,134
789,126,35,134
787,126,37,134
788,125,36,135
787,125,36,134
786,124,36,136
786,125,36,133
787,125,35,136
786,125,37,134
786,123,36,134
786,123,36,134
787,124,35,133
785,123,36,134
786,123,35,134
784,122,38,133
784,121,37,132
784,122,37,132
784,122,37,132
785,120,37,132
785,120,37,133
784,120,37,133
785,119,36,135
786,120,37,134
786,119,37,137
786,119,37,135
787,119,37,134
786,119,38,137
786,119,37,134
787,119,37,134
788,119,37,134
787,118,37,135
788,119,37,134
789,119,36,133
790,119,37,135
790,119,37,134
790,119,37,134
791,119,36,133
791,119,37,135
793,119,34,133
792,119,37,134
793,118,37,134
794,119,36,133
794,119,37,133
794,118,37,134
795,119,37,133
796,117,35,134
797,117,36,134
797,118,35,134
797,117,37,134
797,117,37,135
798,118,37,134
798,117,37,134
800,116,36,134
800,117,36,134
801,117,36,133
801,118,37,132
802,117,37,133
802,115,37,135
802,116,37,134
802,116,37,134
803,116,37,134
804,116,37,134
803,115,37,134
804,116,37,133
803,116,37,133
804,116,37,134
804,116,37,133
804,114,37,134
804,115,37,134
804,114,38,134
805,114,37,134
804,115,38,134
804,115,39,133
805,115,37,133
805,115,38,133
805,113,36,134
805,114,37,134
805,114,38,134
804,114,38,134
805,113,37,133
805,113,37,133
805,113,37,134
805,113,37,134
805,113,37,134
805,112,37,134
804,112,37,134
804,112,37,133
804,111,37,134
804,111,37,134
805,112,37,134
804,110,37,134
804,111,37,134
804,110,37,134
804,110,37,135
804,110,37,134
803,110,37,134
805,110,37,134
803,110,37,134
805,110,35,135
805,111,37,135
804,110,37,134
805,109,36,137
805,108,37,137
805,111,36,134
805,111,37,134
805,111,37,134
805,112,37,135
805,111,36,135
805,111,37,134
805,111,36,133
805,111,36,134
806,112,36,133
807,111,35,133
806,110,35,134
807,111,35,134
806,111,37,134
807,111,35,134
805,112,37,134
805,111,37,133
807,112,36,133
805,111,37,134
806,111,37,135
806,112,37,134
806,111,37,135
806,111,37,136
806,111,37,136
806,113,36,134
808,114,35,135
806,116,36,134
807,119,36,132
807,120,37,133
807,120,37,133
807,121,36,133
808,123,35,134
806,125,36,135
808,127,36,134
809,129,34,134
808,129,36,132
809,130,35,132
809,129,34,134
809,129,36,135
809,131,36,133
809,132,36,133
810,133,35,132
810,133,35,132
810,134,35,134
810,134,37,134
810,136,37,133
811,137,35,134
811,137,35,133
812,137,35,134
812,138,36,132
812,136,35,135
813,138,35,132
813,138,36,134
812,138,38,134
813,138,36,134
814,139,36,133
813,139,37,133
814,139,36,134
813,139,37,133
814,139,37,134
813,140,37,133
814,140,37,134
815,142,36,133
816,141,36,131
815,142,35,132
816,141,35,132
815,142,37,133
817,142,35,134
816,143,37,132
818,143,37,132
818,143,36,134
820,144,34,132
819,145,36,132
821,145,36,133
821,147,35,131
823,145,37,132
824,146,36,132
824,146,36,131
826,146,37,134
827,146,37,134
826,145,39,134
829,144,38,134
830,145,38,134
830,145,37,133
831,144,38,134
831,145,37,134
832,146,37,134
833,144,35,134
833,145,36,134
833,145,36,134
833,145,36,134
834,144,38,134
834,144,36,134
834,144,38,134
834,144,36,135
834,144,36,134
834,143,36,135
833,144,37,134
834,144,38,132
834,143,38,133
834,144,36,134
833,142,38,132
834,144,38,134
834,141,35,132
834,141,36,132
834,140,36,133
834,140,36,133
833,141,36,132
834,138,35,133
834,139,38,136
832,139,38,134
833,138,35,133
833,137,36,136
833,139,36,135
832,137,37,132
832,139,36,133
833,137,36,136
833,138,36,135
833,138,37,135
833,139,37,135
833,138,35,135
832,138,37,135
832,137,36,134
833,138,35,133
833,139,38,134
833,137,35,134
833,137,36,135
833,139,38,134
832,137,36,133
833,137,36,134
832,137,36,133
833,137,35,134
833,137,35,133
833,139,38,134
833,137,35,134
833,137,36,133
833,139,38,134
833,139,35,132
833,137,35,134
832,137,35,133
833,137,34,137
833,137,33,134
831,136,36,136
831,137,36,135
831,139,38,134
832,136,33,136
831,137,35,136
830,138,38,134
830,139,38,134
830,137,34,137
829,137,35,135
828,140,36,136
830,138,34,136
827,139,38,134
827,139,38,134
827,139,38,134
827,139,38,134
827,139,38,134
827,139,36,136
829,139,32,135
827,139,34,135
827,139,35,134
827,139,35,136
827,138,34,136
827,139,34,134
827,139,34,134
827,138,33,136
827,139,34,134
826,138,33,135
825,138,33,135
827,138,31,137
821,138,36,134
822,137,35,134
822,139,35,133
822,138,33,134
822,137,33,133
821,138,34,133
822,139,33,131
821,137,34,132
819,137,35,133
818,137,34,132
819,136,34,130
818,135,36,134
818,133,35,133
818,132,32,135
817,132,35,133
818,131,33,133
816,128,34,134
817,127,33,133
815,126,34,133
814,126,34,134
814,125,35,133
815,125,33,132
814,125,33,132
813,126,34,130
813,124,33,133
813,124,33,134
813,122,33,137
811,124,34,133
812,124,33,134
812,124,33,134
811,123,33,134
811,123,32,134
811,124,33,132
810,124,33,133
810,124,33,134
808,124,35,137
808,124,34,133
808,125,35,133
808,124,34,134
809,125,34,134
808,125,35,134
809,125,33,135
808,125,33,134
807,128,35,130
808,126,34,134
808,126,32,134
807,127,32,134
806,127,35,133
807,127,35,135
807,128,35,134
808,129,34,132
806,128,36,133
807,129,35,133
808,129,34,133
809,130,36,133
810,130,36,134
811,131,35,133
812,131,36,133
813,132,38,132
813,133,37,132
815,132,36,133
816,131,35,134
816,131,35,134
815,130,38,134
813,128,37,141
813,128,36,135
811,128,34,133
810,127,34,135
808,127,34,135
808,127,34,134
803,126,36,134
802,124,35,135
798,123,36,135
796,124,35,135
797,123,37,136
792,124,37,135
789,123,36,135
784,125,38,137
783,126,34,135
776,125,38,138
778,126,36,136
774,126,37,138
772,127,36,138
766,128,38,137
762,130,38,137
760,130,37,138
760,131,37,138
756,131,37,139
753,132,38,138
751,133,40,140
755,134,39,139
758,137,39,136
757,136,41,138
760,135,41,139
767,137,39,139
770,138,41,137
775,138,42,139
781,139,41,137
780,139,42,137
785,139,42,138
790,139,42,139
793,139,41,140
795,139,41,138
796,137,43,139
797,138,41,139
798,139,42,137
796,140,44,137
798,139,42,139
796,139,45,138
797,141,44,138
797,140,44,139
798,142,42,138
797,143,42,138
797,144,42,138
797,143,41,138
797,144,42,136
796,143,42,137
797,144,40,137
792,144,39,137
787,142,37,138
782,146,39,138
778,151,40,138
778,151,41,137
777,154,39,138
777,161,38,136
776,165,39,140
777,170,40,138
779,174,41,139
780,173,40,140
781,174,39,137
781,170,39,139
781,166,40,141
780,162,43,141
780,164,40,138
781,163,39,140
780,161,38,138
778,159,40,138
776,157,40,140
776,158,39,140
772,165,38,137
772,164,39,137
770,168,39,137
766,169,39,139
760,170,39,138
755,171,40,136
752,170,40,138
753,169,38,138
753,169,37,138
749,169,41,135
751,167,38,138
747,167,39,138
747,168,39,138
749,167,36,140
749,167,36,140
1,1,0,0
1,1,0,0
1,1,0,0
1,1,0,0
746,172,39,147
746,172,36,139
746,172,37,141
746,170,36,141
746,169,37,142
746,169,38,140
746,169,37,140
746,169,38,141
748,172,37,140
748,172,36,138
748,171,38,142
749,171,37,142
750,171,37,141
750,170,37,143
750,170,37,142
751,170,37,141
750,170,38,140
753,168,37,141
753,168,39,141
754,168,38,141
754,254,19,49
754,254,19,49
1,1,0,0
1,1,0,0
1,1,0,0
754,254,19,49
777,200,17,67
761,155,35,145
760,155,39,144
762,157,36,141
762,155,37,142
762,154,36,141
762,154,36,139
762,152,36,139
762,146,37,139
761,138,38,141
761,138,38,140
763,128,36,141
763,120,37,142
765,115,35,141
763,110,38,144
766,108,37,143
764,108,38,144
768,105,38,144
768,104,40,144
772,101,41,146
776,98,38,146
779,97,38,146
778,97,38,145
778,95,41,147
783,94,38,146
784,94,39,147
784,98,40,146
786,98,38,147
786,98,40,148
787,101,39,146
788,107,38,144
788,108,38,144
787,110,39,145
782,110,38,145
782,110,39,146
777,110,38,146
773,111,39,145
767,110,41,147
759,109,40,147
749,110,39,145
747,110,41,145
734,109,40,146
720,111,41,147
709,112,44,148
709,112,41,149
708,114,41,146
709,113,40,146
708,113,41,145
708,112,40,146
707,112,40,145
706,111,40,145
705,111,41,145
705,110,38,145
703,109,39,146
702,109,37,145
700,109,38,144
700,111,38,145
700,113,37,145
699,114,37,143
699,113,39,146
700,115,37,144
701,116,38,145
703,119,37,143
705,121,38,142
705,120,37,143
705,121,38,142
706,124,37,140
706,125,38,142
706,126,38,140
705,125,37,142
705,127,39,140
705,128,38,139
705,125,38,141
704,127,37,140
703,128,36,138
702,127,36,140
701,128,38,139
702,127,36,140
701,126,35,142
699,127,35,118
699,128,36,102
697,126,37,98
698,128,35,96
697,127,37,94
697,128,35,92
697,128,37,98
699,129,35,101
702,130,35,109
702,129,36,113
703,132,37,124
704,133,36,143
704,138,36,142
704,139,36,143
704,140,36,141
705,140,36,142
706,142,34,141
706,143,37,140
707,144,36,139
707,144,37,138
707,145,38,139
708,144,37,138
709,144,38,141
710,144,37,140
712,144,36,140
712,145,37,138
713,143,37,139
713,144,37,140
714,143,36,140
713,143,38,139
713,142,38,139
713,140,37,140
712,139,38,141
712,140,38,140
711,139,37,140
709,139,36,139
710,136,33,140
712,135,28,140
709,132,28,141
708,132,29,141
706,129,29,143
698,129,34,142
694,127,36,82
692,125,37,78
691,124,36,79
691,123,35,80
688,125,37,83
687,122,36,86
687,121,35,89
685,120,37,93
684,120,36,98
684,121,36,96
682,123,37,99
682,120,36,108
680,121,38,112
681,123,37,113
680,121,36,118
680,121,37,118
679,123,37,120
679,126,35,122
677,126,36,126
676,126,37,128
674,124,37,134
674,126,38,132
673,126,36,133
673,124,36,138
673,127,37,137
671,126,36,140
671,128,37,139
671,127,36,139
670,127,37,139
670,129,38,138
669,129,38,139
669,129,37,137
668,129,38,138
668,130,38,135
667,126,38,141
668,128,39,140
666,129,37,137
665,128,38,138
663,129,38,137
664,130,36,134
662,129,38,138
661,129,38,138
660,130,39,137
659,129,39,138
659,129,37,138
659,129,38,138
657,129,38,138
657,130,37,138
654,130,38,138
653,132,38,137
653,133,36,139
652,133,37,139
651,135,36,137
655,165,32,44
655,165,32,44
1,1,0,0
1,1,0,0
655,165,32,44
655,165,32,44
646,138,25,71
645,139,33,69
644,138,34,63
650,140,24,53
644,140,31,51
650,139,16,41
649,139,18,28
649,139,14,23
646,138,15,12
647,138,15,12
647,138,15,12
647,138,15,12
652,182,19,96
650,181,19,97
643,139,26,139
637,141,29,135
637,143,31,135
630,141,38,138
630,143,37,137
630,142,35,137
628,142,37,137
627,142,37,138
628,142,35,138
628,142,35,137
626,143,37,137
627,142,36,138
626,142,37,138
627,142,34,137
626,141,36,138
627,142,34,137
628,142,37,137
632,143,36,136
638,141,35,138
642,143,37,124
643,144,34,120
647,144,35,103
653,145,36,95
659,144,37,86
664,142,36,85
668,142,36,96
668,142,37,94
673,141,35,101
676,143,35,105
677,143,36,109
681,144,36,110
684,144,35,128
684,143,35,134
688,143,35,139
689,145,34,136
688,147,35,134
691,143,32,140
691,144,34,138
691,144,32,138
691,144,35,138
691,144,36,139
691,144,36,138
692,144,35,138
691,144,37,138
693,146,37,138
693,147,37,137
693,147,38,136
693,147,37,138
694,226,35,59
696,242,32,41
695,244,35,39
692,147,37,138
694,148,42,155
694,148,42,155
702,146,26,48
701,149,32,78
700,147,34,84
698,148,36,94
701,149,34,100
701,148,37,100
701,149,36,99
701,151,36,92
701,150,37,92
702,150,36,85
702,150,35,77
702,151,36,73
703,150,36,75
703,151,37,74
704,151,36,73
705,152,35,74
704,152,37,75
704,152,37,81
705,152,37,94
707,153,37,112
707,152,35,120
706,150,37,140
707,151,37,138
708,152,36,137
708,152,37,137
710,152,37,137
710,153,37,136
711,153,37,136
712,153,36,136
711,155,37,137
725,152,38,143
725,152,38,143
725,152,38,143
725,152,38,143
725,152,38,143
725,152,38,143
725,152,38,143
725,152,37,136
726,150,36,136
726,152,38,136
729,154,36,134
728,154,37,134
730,152,37,136
731,154,37,134
732,151,36,136
735,151,34,134
735,156,36,131
735,152,36,133
736,150,35,136
737,150,35,135
736,148,36,138
737,148,37,138
738,149,35,137
737,147,37,138
738,146,39,138
738,145,38,138
738,144,38,139
739,143,36,139
738,143,38,138
738,142,37,139
740,142,35,141
741,141,36,139
740,142,36,138
741,144,39,135
742,139,37,138
744,137,36,138
744,137,37,138
745,136,35,139
745,135,36,140
745,136,37,138
746,138,37,136
747,137,36,137
748,134,37,137
749,134,37,139
749,134,37,138
749,134,37,138
749,133,39,139
750,132,37,139
750,133,38,138
751,131,38,139
752,131,36,138
751,131,37,139
752,133,37,136
752,131,37,137
752,130,38,138
752,128,37,138
751,129,38,139
752,128,38,139
751,129,39,138
751,128,39,140
752,128,38,138
751,129,40,138
751,129,39,138
752,128,39,138
751,127,40,139
752,128,39,139
751,127,39,139
754,128,39,139
754,127,39,139
755,128,38,138
754,128,39,138
754,128,41,138
754,128,40,138
754,127,42,141
757,128,39,137
757,128,40,137
757,127,40,137
759,128,39,136
759,126,40,139
761,125,39,137
761,125,39,137
761,124,40,138
761,123,40,137
761,125,40,139
761,121,40,139
762,121,39,137
762,121,39,138
762,121,39,137
762,120,39,137
762,118,40,139
762,119,41,138
764,117,39,139
763,119,41,137
764,119,39,138
763,117,40,139
767,117,37,138
765,117,38,139
765,118,39,139
766,117,38,140
765,117,39,139
765,117,39,139
765,117,39,139
765,117,39,139
765,125,38,132
765,126,38,130
765,126,38,130
762,109,44,154
762,109,44,154
762,109,44,154
765,121,36,134
766,121,36,135
766,119,36,138
765,119,38,139
765,119,37,139
766,122,36,136
766,122,35,135
765,121,36,137
766,123,35,135
765,123,36,136
763,124,37,135
765,125,36,134
764,125,36,135
764,125,36,136
764,125,36,136
764,125,36,136
763,125,37,137
764,125,36,137
764,125,36,138
764,125,36,138
763,126,37,138
763,125,38,139
765,126,36,137
765,126,37,139
765,127,37,138
765,126,37,139
765,126,37,139
765,126,37,138
765,127,37,138
765,126,37,140
766,125,37,140
765,126,38,139
766,126,36,139
765,126,37,139
766,126,37,139
767,125,38,139
768,126,37,137
768,126,37,138
769,126,38,140
773,124,37,140
775,125,38,139
776,125,37,137
778,123,37,139
777,123,38,137
778,122,39,138
778,122,38,139
778,121,38,139
776,123,38,139
778,121,36,141
776,121,38,141
774,124,37,139
774,124,37,139
775,124,38,139
778,123,37,138
787,114,36,137
786,113,37,140
789,108,38,141
790,107,38,141
791,105,37,143
792,105,36,140
792,105,37,141
791,105,38,143
792,105,39,139
791,105,40,141
791,104,41,144
792,103,40,141
792,103,37,142
791,102,39,142
784,110,38,140
775,117,36,142
772,122,37,142
771,127,37,140
769,130,37,142
769,130,36,140
768,132,37,140
767,134,40,141
766,136,40,141
767,136,37,141
766,137,37,138
766,137,38,140
763,138,37,138
759,138,37,138
754,136,39,139
753,136,39,139
752,131,37,138
750,132,41,138
751,124,38,139
751,120,38,138
751,116,38,139
747,117,38,137
743,116,38,139
743,117,38,139
740,116,37,138
739,118,38,139
738,122,37,139
735,129,36,137
735,129,36,137
1,1,0,0
1,1,0,0
729,162,36,147
729,162,36,147
729,162,36,147
729,162,36,147
729,162,36,147
729,162,36,147
727,166,36,111
729,162,36,147
756,127,38,141
1,1,0,0
1,1,0,0
1,1,0,0
756,127,38,141
1,1,0,0
756,127,38,141
756,127,38,141
756,127,38,141
756,127,38,141
711,146,38,138
711,146,38,138
711,146,39,138
711,146,39,138
711,146,39,138
712,146,39,137
714,146,39,138
716,146,39,138
718,146,39,138
721,152,41,139
722,153,39,138
726,156,39,138
731,157,40,141
736,155,40,143
739,158,40,139
742,152,38,142
741,154,39,140
743,151,39,140
745,149,40,142
749,151,40,138
754,148,37,142
753,150,39,138
754,150,39,139
754,148,39,140
753,149,40,137
755,147,38,137
755,144,38,138
755,142,39,144
755,140,39,142
755,140,39,143
756,140,38,138
756,136,38,141
756,133,38,139
756,129,38,140
756,129,38,141
757,125,37,141
756,121,39,141
756,119,39,141
756,116,39,141
757,113,39,140
757,114,38,142
757,110,38,141
755,110,42,142
757,110,39,139
756,108,38,138
755,108,40,140
756,107,38,139
756,106,40,140
756,105,39,140
756,104,41,141
756,103,42,140
756,103,37,139
756,103,38,140
756,103,40,141
756,103,40,138
756,100,37,142
755,101,40,140
756,99,38,141
756,99,39,141
756,99,40,141
756,99,37,144
756,97,37,144
756,98,35,141
756,97,35,142
756,98,35,142
756,97,35,141
753,97,36,142
753,99,36,138
753,97,37,141
753,97,35,139
753,97,35,140
753,96,34,140
747,95,38,141
748,94,38,142
748,97,38,139
748,97,36,139
748,96,35,140
748,96,35,140
748,99,34,138
744,102,37,141
744,104,38,141
742,104,38,141
742,105,40,140
742,105,40,140
742,105,38,138
742,104,37,141
742,105,36,138
742,102,36,140
742,103,38,140
742,102,33,140
740,101,35,139
742,100,35,138
742,99,34,138
745,98,34,140
744,97,37,141
748,98,35,140
750,97,34,140
752,97,37,140
755,96,35,141
759,95,35,140
756,96,38,141
761,96,37,141
766,96,35,142
768,142,18,47
763,90,38,147
763,90,38,147
763,90,38,147
763,90,38,147
763,90,38,147
763,90,38,147
784,96,34,139
781,93,37,145
782,95,38,143
782,94,38,145
785,96,37,143
785,93,37,145
786,95,38,143
786,95,37,143
787,96,36,143
789,96,37,143
790,97,36,143
791,99,35,141
790,99,36,141
790,99,37,142
790,100,38,141
792,101,36,140
791,99,38,142
792,102,36,140
791,99,39,142
791,102,37,140
791,102,38,139
791,102,37,139
790,103,38,139
788,102,39,139
788,102,37,139
787,101,36,140
786,102,37,139
784,101,39,139
783,101,36,139
780,101,37,139
779,101,37,139
778,100,38,139
778,100,37,139
779,100,37,139
775,97,39,142
775,99,37,138
775,98,38,139
773,98,38,139
774,98,37,139
773,98,37,138
772,96,38,139
771,96,39,139
771,96,38,137
771,94,37,139
771,94,37,139
771,94,37,139
771,94,37,138
771,93,37,140
770,94,37,138
769,98,38,139
770,97,37,141
768,104,40,143
768,111,38,144
769,119,36,141
769,123,38,143
769,124,36,141
769,124,38,141
768,124,39,141
768,124,39,140
769,121,38,139
768,119,40,142
769,115,38,142
769,116,38,141
769,114,37,142
770,113,38,141
772,111,35,142
771,108,37,144
773,109,38,142
773,109,38,141
773,109,38,142
774,111,38,142
778,117,37,140
780,121,38,140
781,123,39,143
782,123,38,142
783,127,37,142
786,129,38,143
787,132,39,143
789,134,38,143
790,134,40,142
791,134,38,143
790,133,40,143
793,135,40,142
794,138,38,138
795,131,40,144
797,132,39,144
797,132,39,143
797,131,39,144
800,131,37,143
799,131,41,144
800,131,40,144
803,131,41,141
803,131,40,142
803,129,41,143
803,129,42,144
807,129,39,142
806,129,42,143
807,128,40,143
806,129,42,143
809,128,39,144
810,128,39,143
811,128,39,143
812,128,38,143
812,128,39,142
812,128,39,144
812,128,39,143
813,128,39,143
814,127,39,143
814,126,39,144
815,126,39,144
815,126,39,144
815,126,39,144
815,126,39,143
817,124,40,144
817,124,40,144
819,122,39,144
819,124,39,144
819,121,39,145
821,124,39,141
822,122,39,143
822,124,39,141
823,120,39,144
822,121,39,145
825,124,40,141
826,121,40,143
827,121,39,143
830,121,39,144
829,124,39,141
829,121,39,142
830,118,38,145
831,119,38,144
830,120,38,144
830,119,39,143
830,117,39,144
830,119,38,143
828,119,38,143
828,119,37,144
827,119,38,144
824,118,38,144
822,120,38,142
822,120,39,144
822,119,37,144
819,117,38,146
818,119,40,144
817,119,38,145
815,119,38,143
814,119,40,144
814,119,38,144
811,119,39,143
811,119,38,144
809,119,39,143
808,119,40,143
808,119,40,143
808,118,39,144
808,119,39,141
806,118,39,142
806,117,40,145
805,117,39,143
808,116,37,144
805,118,38,142
806,118,38,141
806,117,37,141
805,118,39,141
803,117,38,141
804,118,39,141
802,117,39,141
804,119,36,139
804,118,37,141
804,121,38,138
803,116,38,142
802,119,39,140
803,118,39,142
802,118,39,139
802,115,39,143
803,115,39,144
802,114,39,142
804,114,39,143
802,114,39,140
802,112,39,143
803,112,38,144
802,112,39,142
803,112,39,144
803,112,39,143
803,112,38,144
802,111,39,143
801,109,39,145
800,110,39,143
801,109,39,143
800,109,39,143
800,109,39,140
801,109,39,142
801,107,39,143
800,106,39,144
798,106,39,141
798,106,41,145
799,106,39,144
797,106,41,143
797,107,40,142
797,107,39,141
796,106,38,143
795,107,39,141
794,105,39,144
794,108,37,142
792,106,39,142
790,107,39,142
792,107,39,141
790,106,39,144
790,108,39,142
791,109,36,142
788,108,39,143
789,109,39,140
789,109,39,141
790,108,37,144
787,109,39,141
788,112,38,139
788,112,38,140
787,112,38,140
786,110,38,142
786,111,38,141
785,110,40,144
786,110,39,143
785,113,39,141
784,113,39,140
785,112,37,143
784,112,38,142
783,112,39,143
785,114,35,141
783,111,39,145
785,112,37,143
784,115,37,143
782,116,39,139
780,115,41,140
782,116,39,140
783,116,37,141
782,115,39,141
779,116,39,139
782,116,37,142
780,116,39,141
780,116,38,139
778,115,38,139
778,116,38,140
780,114,35,140
777,114,39,141
776,114,38,140
778,114,37,140
776,113,36,143
775,112,37,144
774,111,40,141
774,112,40,141
774,112,39,139
773,111,38,141
773,111,40,139
772,110,40,141
773,109,40,140
773,109,40,142
773,109,40,140
773,107,40,141
773,107,40,141
773,107,40,140
772,105,40,141
773,106,40,142
772,106,40,140
772,103,39,143
771,105,40,140
771,103,40,142
770,103,40,141
770,103,40,140
770,102,39,141
769,104,40,138
771,102,40,140
769,102,40,140
769,100,40,142
770,101,40,140
769,101,40,140
769,100,41,141
769,98,39,146
769,100,40,142
766,98,40,142
767,101,39,140
767,101,39,139
766,99,39,141
767,100,38,140
764,100,40,141
762,99,40,141
763,100,41,139
761,100,41,140
760,100,40,139
760,100,41,140
759,100,38,139
754,99,39,141
756,99,39,141
753,99,43,141
753,96,39,145
748,98,41,142
746,99,41,142
745,99,39,139
744,99,42,140
740,98,43,140
738,99,41,140
736,97,42,142
733,96,40,142
732,97,38,140
731,98,39,139
728,97,40,140
726,98,40,139
725,97,40,140
725,96,38,142
723,95,40,143
721,95,39,142
720,95,39,143
719,95,39,142
719,96,37,140
719,95,37,142
716,97,40,140
717,97,38,139
715,96,39,141
715,100,39,137
714,99,39,139
716,100,37,137
716,99,39,140
715,98,39,139
715,99,39,139
716,100,39,139
716,98,39,140
718,99,38,138
716,96,39,142
718,98,39,140
719,96,39,144
719,98,39,140
719,98,40,142
719,98,39,140
720,98,40,141
721,95,40,142
721,96,40,144
723,98,39,140
722,96,40,143
723,96,40,142
723,97,41,141
725,96,38,142
725,97,39,141
727,97,39,142
726,97,39,141
727,97,39,142
727,98,39,142
727,98,40,141
727,98,39,143
727,98,40,142
727,98,39,143
728,98,39,141
729,100,40,140
731,97,40,144
731,96,43,146
731,97,42,143
733,97,42,142
735,97,42,143
740,97,40,142
738,97,40,143
740,97,40,143
741,97,40,143
744,95,40,146
745,95,40,144
747,97,40,144
747,97,40,144
748,98,39,142
747,97,39,143
750,98,39,143
753,101,38,142
754,105,39,143
754,106,38,143
755,108,39,143
758,111,40,141
757,111,42,143
761,111,40,143
762,111,41,145
763,113,40,143
763,113,40,144
764,112,40,143
766,115,37,142
765,116,40,142
765,116,41,143
765,115,41,144
766,116,39,140
766,117,41,142
765,116,42,144
766,114,40,146
766,118,40,143
766,118,41,142
767,118,39,143
767,118,40,144
767,118,40,144
767,119,40,144
767,121,40,142
768,120,38,141
767,121,40,143
765,120,42,146
769,120,40,144
769,121,40,143
769,121,40,143
770,122,39,142
770,122,39,144
770,121,39,144
770,122,40,144
769,122,41,145
770,120,42,146
768,120,42,146
770,123,39,144
769,122,39,143
769,122,42,144
769,123,40,143
769,121,42,144
767,123,42,144
768,122,42,145
769,123,40,142
769,123,40,142
768,122,40,142
769,122,40,142
768,121,42,143
768,122,38,143
767,120,37,144
765,120,38,144
764,120,39,143
762,120,40,143
762,121,39,144
763,120,39,145
762,120,39,143
762,118,40,145
763,120,39,143
763,118,38,144
763,119,39,144
763,118,40,144
764,118,40,144
764,118,40,144
764,117,39,144
764,117,41,144
765,117,40,144
765,117,41,144
765,116,40,144
765,117,40,144
766,116,39,144
765,116,40,144
767,116,40,144
766,115,39,145
766,115,39,144
767,115,40,143
767,114,40,144
768,114,39,144
768,113,40,145
770,112,39,146
769,114,41,143
771,113,40,143
771,112,40,145
774,112,40,145
773,112,40,145
774,112,40,145
774,111,41,146
775,111,41,147
775,111,41,146
776,111,40,146
775,111,40,145
775,110,41,147
774,111,41,145
775,110,40,146
774,109,41,146
775,110,39,144
776,112,39,142
774,112,41,141
775,109,39,145
774,112,41,141
774,112,41,142
775,111,40,141
775,110,43,142
775,110,41,142
774,110,43,142
775,110,42,141
776,108,42,142
776,108,42,141
778,110,41,140
778,110,41,140
779,109,41,141
780,108,41,141
780,110,40,138
779,110,41,138
780,107,41,141
780,108,41,138
780,108,40,139
780,110,41,135
778,105,40,140
779,106,38,137
778,101,39,142
779,100,37,142
779,99,38,143
779,99,36,144
780,100,38,143
780,99,37,144
779,98,38,144
780,102,36,141
780,99,37,144
780,99,37,144
780,99,38,144
779,102,36,142
780,98,36,145
778,102,38,142
778,100,37,134
780,101,38,143
776,101,38,147
776,151,36,99
777,149,36,103
777,208,12,25
777,208,12,25
1,1,0,0
777,208,12,25
775,112,33,69
775,111,32,69
776,112,28,50
775,114,30,59
774,114,34,144
771,116,38,143
772,131,30,123
771,134,39,124
771,134,39,124
1,1,0,0
1,1,0,0
771,134,39,124
782,119,26,63
782,118,25,65
776,120,34,94
775,120,37,145
774,120,37,148
774,120,37,145
775,123,38,144
775,122,39,144
776,123,38,144
774,127,39,140
777,126,35,143
776,131,39,138
777,130,38,141
778,130,36,141
777,132,38,138
778,130,37,141
778,132,37,141
778,132,37,142
776,134,39,141
777,134,38,141
777,136,38,141
777,136,38,141
775,136,40,142
774,138,41,141
774,140,40,141
774,138,40,142
773,140,39,141
774,140,39,142
774,140,39,143
773,141,39,141
772,142,40,142
773,142,40,142
773,142,39,142
774,142,40,143
772,143,40,142
771,144,40,141
771,144,40,141
772,144,40,141
772,144,40,142
770,144,40,142
769,144,40,140
769,144,40,141
770,142,38,144
769,142,40,143
769,142,38,144
769,143,38,143
769,143,38,142
768,143,38,141
767,143,38,142
769,144,38,142
768,143,38,142
767,144,38,141
766,143,38,142
765,145,40,140
765,144,38,141
766,145,38,141
766,144,38,141
766,146,38,139
766,145,36,139
766,145,38,140
765,147,38,138
764,147,38,139
765,147,38,138
765,147,38,138
763,147,38,139
763,146,38,138
763,146,37,139
763,146,38,139
762,146,38,138
762,145,38,138
761,146,38,137
761,145,37,139
759,143,39,139
760,145,38,138
760,142,38,141
760,145,38,138
758,141,40,141
759,141,38,141
758,140,38,142
757,140,39,141
756,139,39,141
755,137,40,144
754,136,41,142
754,135,40,144
753,134,41,142
753,134,40,143
753,133,40,142
752,133,40,141
751,133,39,140
751,132,40,143
750,131,40,143
750,132,40,142
750,130,39,143
750,129,40,144
748,128,41,145
748,127,39,143
750,126,40,147
749,126,40,143
748,125,39,141
748,122,40,144
748,121,41,144
748,119,42,145
748,119,40,142
750,122,38,139
750,119,40,143
750,122,40,141
750,118,40,144
751,117,41,144
750,118,41,142
750,118,41,143
753,116,42,145
755,116,41,145
758,118,39,144
759,118,39,141
761,118,37,141
760,117,38,146
761,120,37,141
762,118,38,142
763,119,40,141
762,119,39,142
762,119,40,141
763,120,39,143
763,122,41,141
764,121,38,141
763,122,42,146
763,125,40,144
763,127,40,143
764,127,40,143
762,130,39,139
760,130,42,145
758,132,42,144
758,129,41,145
757,132,40,143
756,132,40,143
756,132,39,143
754,133,41,142
753,134,41,144
751,136,43,143
752,137,38,140
751,135,41,142
751,137,41,140
751,137,39,141
749,137,38,142
751,159,36,123
751,180,26,56
749,179,28,58
749,179,28,58
1,1,0,0
1,1,0,0
743,134,35,102
738,134,39,141
740,134,37,138
737,131,38,140
736,127,39,140
735,126,37,139
734,124,36,139
733,121,38,140
734,121,38,141
734,120,36,140
733,118,37,139
734,118,36,139
733,116,36,140
733,115,36,140
733,115,36,141
732,115,37,140
732,114,37,141
731,113,38,141
731,112,37,142
731,111,38,143
731,111,37,141
731,112,37,140
730,112,37,140
731,110,37,140
732,108,37,141
732,107,37,142
732,110,37,143
732,110,37,139
733,108,36,141
732,108,37,140
732,106,37,142
733,107,37,139
732,105,37,143
734,105,37,142
732,103,38,143
732,104,39,143
733,103,37,144
733,105,40,144
732,102,37,145
733,102,36,144
732,102,39,145
734,102,40,146
733,103,40,144
733,105,40,143
734,103,40,144
735,103,39,144
734,103,44,144
735,103,40,145
735,106,41,143
735,107,42,143
735,107,42,144
735,109,42,143
736,112,41,144
736,114,40,143
737,115,40,143
735,117,40,142
737,115,40,147
737,115,38,144
737,117,39,143
735,118,39,141
737,118,37,142
734,119,39,143
735,119,38,141
736,121,39,141
736,120,38,142
734,120,36,142
734,120,39,143
734,121,39,142
734,120,39,142
732,121,39,141
733,121,39,141
732,121,39,142
732,121,39,142
731,121,39,142
731,121,38,142
731,122,39,141
731,122,37,142
730,122,39,142
729,122,39,142
728,122,39,142
727,122,39,144
727,123,39,143
728,123,39,142
727,123,37,142
728,124,37,140
727,125,38,141
727,125,38,140
728,125,37,140
729,125,37,140
730,126,36,140
731,124,37,142
734,125,36,141
733,125,36,141
735,126,36,141
737,125,37,142
739,124,37,141
740,125,38,141
739,125,39,141
742,125,38,141
743,123,39,142
744,125,39,140
744,123,38,141
746,125,39,139
747,122,39,141
746,122,39,142
749,125,39,138
749,122,39,140
751,122,37,141
750,122,41,141
752,121,38,141
753,121,37,141
752,121,38,142
752,121,40,141
755,125,37,138
756,122,37,141
