401,259,133,418
401,259,133,418
406,256,131,420
407,256,134,419
412,256,134,419
414,256,134,419
409,258,139,417
407,260,139,417
405,260,141,417
405,260,141,415
404,253,139,417
404,251,139,417
404,253,139,417
410,253,139,417
410,253,139,415
414,253,139,415
410,249,142,416
403,246,142,416
390,240,142,416
384,237,142,414
382,234,142,414
380,232,144,412
381,232,144,410
381,233,144,410
383,233,141,410
383,231,141,410
383,222,141,410
389,213,139,410
389,211,139,410
389,208,139,410
389,211,139,410
383,218,145,410
383,217,145,412
378,217,145,412
376,217,145,412
376,217,145,412
380,217,139,412
380,215,139,414
383,215,139,414
383,213,139,416
383,210,139,416
384,210,131,414
384,210,128,414
384,210,128,412
384,210,125,410
384,205,125,408
384,202,125,406
386,202,124,404
386,206,124,392
381,212,130,376
381,224,130,332
379,246,130,282
379,266,130,232
379,282,130,202
379,297,130,172
379,305,130,154
379,307,130,136
379,308,130,136
377,308,144,136
375,314,158,134
375,306,162,138
375,302,162,141
375,298,162,143
381,300,159,143
381,302,159,143
381,303,159,143
381,300,159,143
381,303,159,143
381,274,159,191
374,251,161,242
377,222,157,301
377,205,156,333
377,191,150,359
377,180,150,374
377,177,148,379
377,175,148,381
377,172,148,383
377,172,143,383
377,172,142,383
380,172,142,383
381,172,142,383
381,179,144,372
382,184,145,365
381,187,148,363
381,189,149,363
381,189,149,359
383,186,146,363
385,189,143,363
385,185,142,368
385,185,144,368
385,185,144,368
385,178,145,383
385,178,147,383
385,169,147,400
390,168,140,404
390,163,140,406
390,161,140,415
392,158,137,416
394,157,133,420
394,154,131,424
391,152,131,425
369,152,150,414
360,152,157,405
353,160,165,381
348,183,176,342
348,221,175,265
348,270,175,202
343,319,179,179
343,323,182,219
343,303,184,282
353,281,173,332
353,263,173,366
377,243,153,395
386,233,143,400
387,228,141,405
391,227,135,408
391,228,135,407
384,231,142,405
378,236,148,401
383,238,144,398
383,235,148,402
383,233,148,404
383,235,148,404
383,237,148,404
383,233,148,402
391,231,143,406
394,227,138,410
397,224,136,410
399,222,133,415
405,223,127,410
405,219,127,410
405,217,127,410
405,214,127,410
405,215,127,410
407,215,125,410
407,215,125,410
407,215,125,410
407,215,125,410
407,215,125,410
407,215,125,410
407,216,125,410
407,216,125,413
405,217,128,413
405,219,128,413
404,221,128,413
401,222,132,411
400,222,132,411
400,222,132,411
399,222,132,411
399,224,132,409
397,224,136,408
397,225,136,408
397,226,136,408
399,227,136,408
400,227,137,408
400,227,137,408
400,225,137,410
403,225,133,410
406,225,131,410
406,222,131,412
390,224,147,406
382,227,154,403
382,235,154,400
385,243,151,394
385,248,148,386
380,253,151,371
378,261,153,371
369,262,158,359
369,263,158,361
369,263,157,361
368,263,156,361
364,263,158,361
361,263,158,354
356,263,157,352
358,253,152,366
354,245,151,382
353,243,151,388
348,239,151,393
350,234,143,407
347,221,143,419
347,215,140,422
349,210,136,432
349,207,134,432
345,205,134,430
345,208,134,422
345,208,134,416
347,208,134,398
347,212,134,385
347,212,134,382
348,212,134,379
348,213,134,377
348,212,134,389
348,209,134,405
349,211,134,410
349,210,134,426
349,210,134,431
352,210,131,437
354,218,130,431
353,227,130,418
353,236,130,413
347,243,138,400
347,249,138,390
347,254,138,388
345,254,141,386
346,249,141,394
346,246,141,399
346,235,141,414
352,229,135,420
352,224,135,423
352,217,135,428
358,214,130,428
358,209,130,431
358,206,132,427
358,210,132,417
358,213,132,405
359,214,130,401
359,211,130,404
362,211,130,404
360,211,132,404
360,211,132,409
360,210,132,412
360,210,132,417
358,210,132,419
360,207,128,420
360,208,128,420
360,209,128,422
360,210,128,425
360,208,128,425
360,209,128,425
359,209,130,425
358,207,130,424
358,208,130,424
358,208,132,424
360,208,132,424
362,208,132,424
364,215,130,422
367,218,130,420
368,222,130,421
369,220,130,427
372,222,130,427
375,225,130,428
375,226,130,429
377,227,130,429
380,228,130,429
383,236,130,429
385,241,130,425
387,243,130,425
389,247,130,425
389,248,130,425
389,249,130,425
391,249,130,419
393,246,132,424
394,246,132,424
396,243,132,424
395,243,132,424
395,243,132,424
395,243,132,424
395,244,132,424
395,242,132,427
395,242,132,427
395,242,132,427
396,242,132,427
396,242,132,424
398,240,132,424
398,238,132,424
410,241,128,421
410,239,128,421
412,239,128,421
415,239,128,421
415,239,128,421
415,237,128,424
415,237,128,427
413,237,129,427
413,239,129,427
413,241,129,425
413,243,129,425
413,245,129,425
413,243,129,423
413,246,129,423
413,246,131,423
413,246,131,423
416,246,131,423
420,250,129,420
423,250,129,419
426,248,132,419
426,246,132,419
429,246,132,419
429,246,132,421
429,243,132,424
431,240,130,424
431,240,130,424
431,239,130,426
431,237,130,426
431,235,130,426
431,233,130,426
431,231,130,427
430,231,130,426
430,232,130,428
430,232,132,428
430,234,132,426
430,235,132,430
431,235,132,431
434,241,127,422
434,241,127,422
434,241,127,425
434,241,127,425
434,241,127,425
434,244,127,421
436,244,127,421
435,244,129,419
435,239,131,422
435,239,133,422
440,239,130,420
442,237,130,422
445,237,131,424
448,234,128,426
453,232,133,428
464,233,131,427
472,231,130,430
472,228,130,430
474,226,130,430
474,232,130,430
473,232,130,427
470,231,134,427
468,229,134,427
466,227,134,427
466,227,135,427
465,225,135,427
466,228,133,427
468,226,133,427
468,226,131,427
467,226,134,425
467,226,134,423
467,226,132,421
465,226,132,421
465,226,134,419
465,229,134,415
468,229,132,415
471,228,130,417
469,228,133,418
469,230,132,422
470,229,131,427
470,229,130,429
469,232,132,429
469,232,132,427
469,228,130,431
465,226,131,428
460,230,131,428
458,232,134,428
458,232,134,428
460,232,131,428
461,232,131,428
461,232,131,428
461,232,131,428
461,237,131,425
461,237,133,425
461,237,133,425
461,240,133,421
461,240,135,421
463,240,133,423
463,240,133,421
463,237,133,426
461,237,133,426
461,237,133,428
461,237,133,426
460,237,134,425
460,237,134,425
460,237,134,425
461,237,133,426
461,237,133,426
461,235,133,426
461,235,133,427
465,238,135,425
465,238,135,428
469,238,134,426
471,238,133,428
471,238,133,426
475,238,132,426
475,241,132,426
477,241,130,429
480,238,130,429
484,237,130,429
484,237,130,427
484,235,130,425
484,235,130,423
485,235,132,420
489,235,132,420
503,235,132,420
504,235,132,420
504,235,132,423
504,234,132,424
507,234,130,424
507,234,130,424
504,234,134,425
503,234,134,425
501,234,134,424
500,234,134,424
500,233,134,426
502,233,134,426
502,233,138,424
502,234,138,424
502,235,138,424
502,235,138,427
501,235,134,427
503,235,134,427
503,235,134,427
504,235,134,427
503,235,136,427
503,239,136,425
503,240,136,422
503,241,138,421
503,242,137,421
503,242,137,419
503,238,137,422
503,229,136,427
505,227,133,429
505,227,133,431
506,231,132,430
514,232,131,429
519,232,128,428
520,232,127,427
520,228,134,429
529,225,129,429
534,225,129,429
546,225,131,429
560,224,130,428
571,220,130,427
585,215,132,429
596,210,132,428
606,206,136,427
616,201,134,433
625,198,133,435
632,205,132,429
640,199,134,434
640,199,146,434
641,199,152,434
641,194,152,445
656,193,144,445
661,193,142,445
668,186,141,449
671,178,142,452
669,171,142,454
672,164,142,457
677,158,142,457
675,149,142,459
669,143,145,463
659,138,146,465
642,134,151,467
621,122,151,469
592,112,151,471
575,105,151,475
566,91,157,477
569,75,158,480
574,64,163,483
585,49,163,487
594,33,166,489
601,16,168,490
615,10,168,492
629,8,168,493
640,7,168,497
641,1,167,496
640,1,166,491
636,1,166,489
636,1,164,489
634,1,166,494
639,1,163,497
642,1,161,500
639,1,161,497
638,1,163,495
635,1,163,495
630,1,163,495
630,1,161,498
632,5,156,502
634,14,153,500
632,24,156,500
631,35,158,500
627,42,161,500
626,42,161,500
623,44,161,500
617,44,161,500
615,47,163,498
611,46,163,498
611,48,163,498
609,48,163,498
606,48,158,498
605,57,158,495
605,65,160,495
605,70,160,495
605,74,157,495
603,75,162,493
603,78,162,493
609,78,160,492
612,85,158,489
611,85,158,490
611,92,159,490
612,98,159,486
612,104,159,486
614,107,158,486
616,107,158,486
616,111,158,486
616,113,158,486
616,110,158,488
616,110,158,488
616,108,158,486
616,106,158,486
618,106,158,488
618,109,158,489
618,109,158,487
616,109,158,487
616,105,158,487
616,102,158,490
615,98,160,492
615,101,160,492
614,101,162,492
614,101,162,491
615,101,162,491
617,101,159,491
615,107,158,491
613,107,163,491
613,106,163,491
613,106,161,491
612,106,163,491
612,108,163,492
612,110,163,492
612,110,165,492
612,110,165,490
612,107,165,490
612,104,165,492
616,104,160,492
618,104,156,492
617,104,159,492
617,102,159,494
617,102,159,492
616,102,158,492
614,102,161,492
614,103,161,492
614,103,161,492
614,101,161,492
612,101,162,492
608,97,161,496
606,97,159,496
606,94,157,496
595,96,157,495
594,98,157,495
591,98,157,495
590,100,159,495
588,105,159,493
589,107,160,493
588,109,160,493
585,111,161,495
585,113,161,495
584,119,159,495
584,119,158,495
582,119,163,495
582,119,162,495
582,119,162,493
582,123,162,489
582,123,161,487
584,127,157,484
584,129,157,483
584,129,157,480
584,125,157,479
575,119,167,481
575,116,167,479
570,116,173,478
568,113,173,478
562,113,173,478
558,113,173,478
556,113,173,478
558,113,174,478
562,106,171,481
557,99,171,485
557,94,175,488
557,89,173,493
557,86,171,493
552,83,168,493
546,77,168,491
539,74,171,490
539,70,171,488
539,70,170,480
541,68,167,469
541,65,167,458
541,65,164,458
540,65,162,437
540,64,162,436
540,64,162,436
543,64,161,436
543,67,161,446
548,60,159,470
553,56,153,485
555,54,151,505
552,59,157,504
552,63,157,500
552,71,157,500
552,84,157,487
552,107,164,460
555,119,166,439
555,129,172,422
553,141,175,406
553,142,175,394
553,141,175,398
553,141,175,398
557,124,170,426
554,109,170,445
552,94,167,461
552,78,162,480
550,66,160,492
551,54,155,499
551,50,153,498
552,43,154,499
552,40,154,495
552,38,154,483
552,36,154,479
552,36,154,479
552,36,154,476
552,36,154,476
549,35,156,484
549,36,156,490
549,36,156,499
551,36,154,508
551,46,154,500
549,56,155,494
549,66,155,489
549,78,155,481
551,89,161,469
550,100,163,449
550,108,163,441
548,111,167,436
545,112,167,434
545,111,167,437
542,111,167,437
542,95,167,460
538,87,162,466
538,79,159,480
533,72,159,482
528,63,159,491
527,59,157,496
527,55,157,497
521,47,156,497
521,47,156,497
520,47,156,497
518,47,156,494
516,48,156,493
514,54,156,493
514,59,156,493
506,64,156,493
501,62,158,498
495,64,158,501
485,59,158,503
475,52,163,498
467,44,163,496
458,41,161,492
452,45,160,485
452,47,162,479
449,46,166,470
450,37,163,466
441,35,165,463
432,25,168,461
432,21,166,466
430,19,164,477
425,21,164,481
413,21,164,491
390,21,164,493
369,18,167,503
352,18,165,505
335,24,164,506
327,24,160,513
327,22,153,521
313,25,162,515
313,23,162,513
307,24,163,499
300,1,163,499
296,1,159,486
283,1,166,477
268,1,181,468
273,1,186,449
291,1,181,422
309,1,176,383
324,1,171,347
328,1,168,315
335,1,165,291
332,1,165,276
332,1,165,253
342,1,163,230
351,1,162,210
357,1,166,188
372,1,164,175
384,1,161,155
377,1,161,141
362,1,163,127
357,1,171,109
378,1,165,117
378,1,156,133
378,1,156,147
382,1,154,165
355,1,160,212
346,1,160,225
346,1,160,223
344,1,160,223
344,1,160,223
344,1,160,223
344,1,157,223
340,1,157,223
338,1,155,223
338,1,155,223
336,1,158,223
336,1,159,223
340,1,159,223
347,1,157,222
359,1,156,219
365,1,156,217
369,1,156,216
364,1,159,218
349,1,159,243
337,1,159,262
312,1,159,280
311,1,156,311
314,1,159,348
319,1,157,391
332,1,154,453
350,52,159,486
379,140,157,483
408,223,153,470
428,283,150,436
449,323,147,396
451,310,145,409
447,259,144,445
439,193,144,445
436,135,145,444
436,97,145,443
436,65,145,443
436,40,145,443
430,36,145,441
424,43,149,440
420,55,149,440
414,59,147,439
404,59,146,439
400,57,145,440
404,47,145,440
408,31,145,440
417,23,145,440
425,18,145,440
434,15,146,440
436,16,146,440
442,16,146,440
439,16,146,440
441,8,146,440
441,1,146,434
445,1,145,422
445,1,145,415
441,1,145,415
432,1,151,420
433,1,151,427
433,1,151,439
439,1,149,445
442,1,148,447
442,1,146,447
438,1,146,447
432,5,146,437
428,5,149,436
428,1,149,442
428,1,150,439
429,1,150,439
429,1,148,439
431,1,146,437
428,1,147,434
424,1,147,428
420,1,151,427
417,1,153,426
418,1,150,433
418,1,150,441
417,1,148,449
417,11,151,442
417,15,150,442
418,15,147,441
419,15,149,441
428,15,147,439
425,5,147,441
425,5,150,441
432,4,149,434
440,3,143,434
443,2,150,435
447,2,150,435
449,1,150,435
449,1,150,435
443,1,145,434
439,1,144,431
436,1,146,429
436,1,145,429
435,1,145,429
432,1,145,429
432,1,147,427
430,1,147,427
426,1,147,422
424,1,149,422
425,1,148,420
428,1,151,419
427,1,154,417
427,1,154,416
421,1,160,416
421,1,160,416
421,1,160,418
421,1,158,420
422,1,155,417
418,1,158,416
418,1,158,416
418,1,156,416
413,1,156,416
406,1,156,416
404,1,156,416
397,1,158,416
397,1,158,416
397,1,157,414
397,1,157,409
397,1,160,394
397,1,160,360
382,1,165,329
389,1,159,280
386,23,163,216
386,41,163,201
386,9,161,227
386,1,161,280
386,1,161,309
393,1,156,325
393,1,156,330
393,1,156,332
393,1,153,332
393,1,150,332
391,1,153,335
391,1,153,337
391,1,153,339
391,1,153,341
391,1,151,341
391,1,151,344
391,1,151,346
391,1,151,341
391,1,154,338
391,1,154,336
389,1,157,328
388,1,163,319
388,1,163,319
385,1,165,316
385,1,165,314
385,1,166,314
385,1,162,295
385,1,162,277
390,1,168,272
388,1,178,268
390,1,183,253
388,1,191,247
388,1,190,239
388,1,188,236
388,1,185,233
391,1,183,231
391,1,182,231
391,12,182,219
391,21,187,204
391,33,185,191
391,39,183,186
393,53,189,184
395,69,186,184
390,72,186,198
390,73,184,213
390,66,182,240
390,62,179,267
387,46,178,308
387,27,174,352
387,9,166,383
387,1,166,402
386,1,164,408
386,1,156,412
386,1,148,413
386,1,146,410
386,1,146,408
386,1,144,407
386,1,147,407
391,1,145,406
391,1,145,406
393,1,145,406
394,1,145,406
394,1,145,406
394,1,145,406
394,1,145,406
394,1,145,406
394,1,145,406
394,1,145,406
394,1,145,408
394,1,145,408
394,1,152,402
396,1,153,395
398,5,166,379
407,5,164,369
409,1,161,397
412,1,153,410
418,1,147,406
423,1,145,396
422,1,148,374
425,1,148,357
424,1,153,364
424,1,150,382
424,1,150,398
424,1,150,404
418,1,150,402
410,1,152,401
401,1,156,401
391,1,154,402
380,1,154,402
372,1,154,402
363,1,152,402
356,1,152,402
347,1,152,406
331,1,154,419
324,1,154,432
319,1,154,449
316,1,149,464
316,1,149,476
324,1,140,481
331,21,140,470
337,26,140,470
340,34,140,468
343,34,141,466
343,40,145,461
343,48,144,455
343,54,146,455
344,60,146,455
349,67,146,452
351,75,146,442
351,82,146,437
351,84,146,437
347,84,146,437
344,82,146,437
342,79,149,433
338,77,149,431
340,73,147,431
340,69,147,431
337,65,147,431
337,63,147,433
337,59,147,434
334,56,152,434
334,52,152,434
328,48,148,436
328,38,148,445
330,30,145,453
333,20,145,461
334,14,142,463
334,2,142,464
334,1,142,449
334,1,146,415
332,15,148,362
332,57,150,202
332,96,150,161
332,45,153,236
332,14,153,315
332,1,153,345
339,1,153,349
345,1,153,351
350,1,153,347
354,1,153,337
369,25,153,293
386,61,153,218
397,101,153,162
397,97,153,162
397,94,153,162
397,99,153,154
404,79,151,178
407,49,149,247
407,13,149,301
418,1,149,331
418,1,149,327
426,3,149,327
436,11,153,310
448,33,152,262
441,42,165,249
437,43,167,244
445,42,162,250
445,39,160,258
447,34,154,262
444,31,158,264
441,25,159,272
439,19,157,274
439,21,157,274
442,21,153,275
439,21,153,275
439,21,155,275
439,18,155,275
439,18,155,280
436,18,158,279
436,20,158,279
436,21,158,279
436,22,158,279
436,23,158,279
436,21,158,281
436,21,158,279
436,21,158,279
436,21,157,279
436,21,156,279
436,21,154,279
436,21,152,277
436,21,136,276
431,21,140,276
429,20,142,275
428,21,145,275
428,18,144,284
428,18,144,289
428,5,144,308
427,5,149,309
427,7,149,294
427,10,149,278
427,13,149,285
425,15,152,280
424,21,152,271
425,23,152,266
425,25,152,266
425,25,154,261
425,28,156,254
425,30,156,256
428,32,152,255
428,35,152,253
428,38,150,251
428,37,150,253
428,37,150,251
434,37,147,249
432,34,149,251
432,34,149,251
432,34,149,251
432,34,149,251
432,34,149,251
432,34,149,251
432,34,149,251
432,34,149,251
432,34,149,251
432,34,149,251
436,34,147,251
436,34,147,249
436,35,147,247
436,35,147,247
436,38,147,245
435,38,149,243
435,40,149,240
435,46,149,228
435,46,149,228
435,49,149,218
435,50,149,218
439,50,147,212
439,52,147,212
439,52,147,212
439,52,147,205
437,52,153,204
437,31,153,225
437,21,155,225
434,15,161,230
428,8,172,236
425,1,175,230
418,1,188,228
418,1,194,208
414,1,203,205
411,1,208,205
411,1,210,205
409,1,210,205
409,1,210,196
402,1,221,188
408,1,221,183
413,1,224,159
408,1,224,133
398,1,220,120
398,1,220,126
395,1,220,126
395,1,225,126
395,1,225,124
402,1,217,117
402,1,217,117
400,1,217,117
399,1,217,117
398,1,217,117
398,1,217,115
398,1,217,114
400,1,219,114
400,1,219,114
400,1,219,112
400,1,222,112
400,1,224,115
410,1,216,113
410,1,216,115
414,1,216,115
416,1,216,115
419,1,216,115
419,1,216,107
425,1,212,106
425,1,212,108
423,1,212,108
425,1,212,108
427,1,212,108
432,1,212,108
436,1,212,108
441,1,212,108
441,1,212,108
441,1,212,108
446,1,212,108
457,1,212,108
464,1,212,106
466,1,214,105
466,1,214,105
468,1,214,105
474,1,211,106
477,1,211,103
477,1,211,103
477,1,211,103
477,1,211,103
477,1,211,106
477,1,211,108
477,1,211,111
477,1,211,112
478,1,214,119
475,1,214,119
477,1,214,119
489,1,214,109
489,1,214,112
495,1,214,112
492,1,219,106
492,1,219,101
492,1,219,101
489,1,219,101
489,1,215,101
489,1,215,101
489,1,213,101
496,1,203,101
496,1,203,101
496,1,203,101
496,1,203,99
494,1,203,99
492,1,203,99
491,1,203,99
495,1,201,99
495,1,201,100
495,1,201,100
502,1,192,98
502,1,192,101
502,1,192,101
502,1,192,101
499,1,192,101
495,1,192,101
491,1,199,102
491,1,199,102
488,1,206,102
488,1,206,102
488,1,206,102
488,1,206,102
488,1,206,102
479,1,220,102
479,1,220,106
479,1,222,106
