481,266,160,162
485,265,160,162
484,262,162,163
482,258,162,165
481,258,162,165
479,258,162,162
478,257,161,163
478,257,159,165
477,257,161,165
475,256,162,165
474,257,161,164
473,258,161,164
473,259,160,167
472,261,158,166
469,264,161,164
468,269,158,162
466,271,159,164
464,274,162,165
464,280,162,165
462,286,157,167
459,290,162,165
459,304,162,163
457,310,162,164
457,316,160,177
463,328,148,172
460,338,157,158
460,347,156,157
459,351,153,165
464,358,147,159
462,364,152,154
461,367,154,153
461,370,152,152
462,371,150,154
461,370,149,155
461,371,151,152
461,371,149,150
465,371,147,145
466,367,142,146
465,364,143,145
464,361,142,147
465,355,139,145
464,350,139,147
462,341,141,150
462,330,140,155
460,321,143,145
461,316,139,146
458,309,137,146
459,303,135,149
459,299,132,153
457,298,136,144
457,298,137,143
458,299,132,147
458,302,135,146
459,306,140,145
460,313,141,145
463,320,142,144
466,329,143,145
469,339,145,146
471,348,145,160
474,359,139,183
478,374,140,173
480,394,149,169
487,408,149,157
491,420,149,160
497,429,144,167
498,432,156,163
503,435,164,161
511,437,159,163
517,436,160,166
523,429,153,176
530,421,163,179
534,408,162,181
541,399,169,173
548,394,170,174
553,386,179,180
558,382,181,180
565,376,183,185
570,371,184,189
573,367,190,194
580,364,190,201
581,363,202,201
584,365,202,202
590,366,202,207
591,365,206,211
592,367,214,213
592,365,220,219
593,363,221,227
591,364,227,230
588,363,231,232
585,359,231,245
578,358,239,250
571,354,249,250
570,350,241,279
562,349,250,279
545,351,271,266
539,344,255,272
527,340,252,264
515,339,254,259
502,331,258,269
484,322,265,270
471,316,264,271
454,308,263,277
438,295,264,289
415,287,276,277
400,276,274,279
384,267,272,287
364,257,272,296
338,252,286,282
323,245,280,285
299,238,289,291
275,230,292,296
255,230,292,296
233,230,298,289
212,228,292,291
191,225,292,298
164,227,304,297
135,226,320,303
104,226,337,304
82,218,326,354
77,220,308,327
73,230,301,312
71,233,314,309
86,237,312,315
108,238,312,320
126,241,316,317
150,245,311,320
166,246,318,327
186,253,307,319
195,261,314,317
206,264,312,321
209,268,314,321
215,275,311,324
216,284,308,318
210,290,311,319
194,288,315,344
191,298,314,329
185,315,309,316
177,321,306,324
172,329,301,328
164,333,312,332
159,350,315,323
153,357,314,323
149,366,315,324
139,372,318,321
138,373,311,336
136,380,311,329
129,381,317,339
121,388,320,332
122,398,311,322
115,398,317,322
111,402,317,318
108,402,317,318
103,403,318,317
101,402,319,318
99,402,319,318
101,401,315,319
97,397,318,322
99,391,315,326
99,388,318,326
95,383,317,324
92,380,323,324
97,371,316,324
99,363,313,327
98,358,315,324
100,352,314,327
100,345,318,327
103,342,315,323
105,343,313,320
105,348,321,326
116,357,311,334
121,370,316,333
131,383,315,335
132,402,322,318
148,420,309,300
151,433,317,287
167,440,310,280
168,429,322,291
190,414,302,306
209,385,312,330
220,372,315,310
231,355,315,319
249,347,308,306
279,331,301,328
294,319,304,321
306,315,300,315
319,314,301,303
327,309,303,303
332,311,307,298
344,305,302,308
345,306,307,301
353,306,305,301
361,307,298,300
364,307,299,304
364,308,304,305
365,306,308,312
363,313,311,300
365,317,302,300
365,321,300,299
359,327,306,300
363,333,299,299
360,336,300,306
358,340,304,309
360,350,299,301
361,359,299,301
361,367,294,302
357,377,298,302
356,383,299,305
357,398,295,301
356,408,297,312
352,420,302,300
354,437,296,283
356,447,292,273
355,461,292,259
357,468,286,252
356,474,289,246
357,488,284,232
354,494,287,226
353,505,287,215
353,513,284,207
355,521,282,199
354,524,282,196
351,529,286,191
351,533,286,187
348,540,288,180
351,540,287,179
346,544,295,176
346,546,293,174
347,553,286,167
351,553,282,167
346,553,284,167
343,553,285,167
344,553,286,167
340,552,290,168
341,552,291,168
341,550,289,170
340,551,291,169
339,550,292,170
334,546,295,174
336,544,293,176
343,539,288,181
339,533,291,187
340,527,292,193
338,524,292,196
337,520,296,200
340,515,289,205
337,508,295,212
340,502,289,218
339,496,291,224
339,487,291,233
338,479,291,241
336,470,295,250
337,463,291,257
335,452,294,268
336,442,292,278
334,434,296,286
334,422,295,289
334,410,293,293
334,401,294,289
333,390,296,288
332,378,294,288
328,363,298,290
332,350,294,293
327,337,297,289
330,322,296,292
331,309,292,311
327,294,295,298
327,278,297,294
329,265,291,299
329,248,293,302
329,238,292,292
327,226,294,285
328,219,291,287
329,213,291,289
327,213,294,293
325,216,294,289
322,219,293,289
321,221,293,289
319,224,299,289
316,228,297,288
314,232,299,288
312,236,301,288
321,248,292,288
318,253,293,282
319,260,293,283
319,266,292,282
315,272,296,284
315,278,295,283
317,287,292,280
314,290,298,288
312,299,293,285
314,308,293,283
311,317,293,282
313,321,291,291
313,326,291,309
313,333,292,296
311,351,291,281
314,357,287,288
311,363,291,286
310,368,290,286
309,372,291,286
309,375,289,283
305,375,293,285
307,375,291,285
306,379,292,288
303,378,294,289
303,378,293,288
301,374,296,291
304,374,291,285
303,370,292,285
303,366,293,284
307,359,290,285
309,355,291,289
312,345,293,292
316,339,289,285
315,330,292,293
322,321,286,284
323,310,289,286
326,303,286,279
331,294,286,278
335,281,284,296
344,275,279,285
344,266,282,285
347,260,286,280
354,251,281,281
360,250,279,275
365,247,282,284
368,246,279,283
371,247,278,278
374,252,276,275
378,257,275,282
379,266,274,290
378,277,279,287
379,288,273,276
382,300,264,277
379,307,270,273
380,315,276,272
380,322,272,269
381,326,269,271
380,332,269,274
379,338,267,266
377,341,269,267
375,343,269,268
374,344,269,267
371,347,269,268
373,349,267,265
372,353,263,264
371,355,265,262
369,358,258,262
372,357,254,269
370,360,258,265
366,365,258,261
366,365,257,262
367,369,255,259
366,371,259,264
364,372,262,262
366,368,256,282
362,371,262,273
364,380,255,258
365,381,247,260
361,381,252,259
365,381,245,269
361,380,254,265
363,384,246,260
359,383,252,271
362,384,246,270
361,382,248,258
361,384,247,253
362,382,247,253
361,378,250,258
358,379,254,254
360,377,249,254
360,378,249,254
360,376,248,253
361,374,247,257
358,374,247,254
361,371,244,258
359,370,246,258
359,370,246,256
357,369,248,257
361,365,241,272
361,366,250,270
362,371,245,253
362,371,247,254
360,368,248,255
360,370,247,251
365,372,244,254
365,370,243,253
366,368,240,256
367,368,239,256
367,370,244,258
364,369,246,259
368,368,239,260
370,368,241,259
368,370,240,250
369,371,241,255
370,371,239,250
373,371,239,253
372,372,237,248
373,372,240,248
377,374,234,257
377,371,234,259
377,375,234,250
378,379,239,247
380,381,234,244
381,381,234,250
382,382,235,245
381,384,235,244
383,385,232,244
382,388,234,241
381,387,236,243
381,389,236,243
383,391,234,241
384,392,234,245
385,394,235,248
386,393,233,252
387,396,233,244
387,396,236,246
388,396,235,250
388,398,235,249
388,400,234,250
388,402,234,247
389,405,233,243
387,405,237,244
388,409,235,241
386,410,238,244
388,410,234,245
387,410,237,247
387,413,236,247
388,412,237,250
386,416,237,243
389,415,234,246
388,414,236,245
389,407,238,249
388,407,235,246
386,402,243,247
386,395,241,245
391,387,236,258
389,380,236,246
388,371,239,253
387,362,244,254
392,349,235,246
393,339,232,246
393,331,234,246
391,325,236,246
389,316,240,247
391,311,236,244
390,307,238,247
391,303,237,245
393,300,235,247
391,296,239,249
392,295,237,248
392,298,237,245
393,298,237,246
393,297,238,250
394,301,237,248
394,306,231,250
394,307,243,256
395,317,236,246
393,321,242,253
394,328,242,247
397,335,235,246
396,341,237,245
394,345,243,248
397,351,236,252
394,357,243,255
397,363,240,247
397,369,241,252
397,375,242,249
397,381,242,260
398,385,241,258
398,396,236,244
400,403,232,244
400,408,233,242
401,410,234,245
401,417,231,246
402,419,230,251
404,423,229,246
403,430,230,240
403,432,230,244
403,437,230,239
402,438,232,241
400,441,234,240
402,445,230,238
402,442,233,252
399,443,239,247
399,447,234,241
401,449,229,241
401,451,230,239
402,452,231,237
401,450,229,240
401,452,229,239
401,451,231,239
402,451,230,242
403,450,228,244
403,451,227,240
404,451,225,238
402,452,227,239
400,452,228,237
401,452,227,238
403,454,225,238
401,453,225,236
399,454,230,236
399,454,229,236
398,456,231,236
397,455,228,242
398,457,229,240
398,459,223,234
396,459,225,235
393,462,228,240
393,462,227,230
393,462,226,236
386,460,233,239
391,460,222,244
389,459,227,246
389,466,220,231
387,469,223,232
387,469,222,232
386,471,220,229
385,471,219,229
383,473,221,227
383,474,220,228
381,474,222,230
381,475,218,229
381,477,217,230
378,478,219,227
378,480,221,233
375,481,226,228
375,483,218,227
376,484,218,226
373,484,222,227
371,483,222,229
371,486,220,228
372,489,218,227
372,488,217,226
371,488,221,228
375,492,218,226
378,490,217,230
379,491,224,229
386,494,220,226
390,497,219,223
394,499,220,221
401,501,220,219
410,502,217,218
414,502,227,218
422,501,228,219
435,497,220,223
443,495,220,224
453,488,221,231
457,482,222,233
465,470,219,236
469,465,223,231
477,454,216,234
477,447,223,231
482,438,223,231
475,428,236,228
474,422,236,227
480,415,229,227
482,410,228,224
493,407,225,223
483,400,229,228
497,399,213,243
494,396,217,236
481,402,225,222
479,402,223,222
475,405,227,222
473,408,225,222
485,409,215,231
482,414,216,222
479,417,216,221
480,419,213,224
479,420,212,221
477,425,211,218
478,427,209,220
475,429,212,218
460,431,226,218
461,434,222,219
461,439,220,222
470,439,217,227
460,442,221,217
469,449,213,216
457,450,222,217
465,452,216,217
467,455,208,216
467,455,208,227
466,460,207,221
465,464,210,215
463,467,207,215
461,471,208,214
460,472,209,220
458,477,214,219
455,480,216,216
455,482,208,224
456,486,207,225
452,489,212,219
450,494,212,216
449,496,212,220
448,498,213,222
448,501,212,219
446,504,213,216
446,513,212,207
441,515,221,205
440,513,222,207
442,514,216,206
439,513,223,207
440,511,221,209
442,511,214,209
441,506,216,214
441,499,219,221
436,494,225,226
441,487,217,229
440,481,220,225
436,476,226,231
438,468,224,233
439,464,221,227
440,459,218,224
439,449,224,235
439,444,222,230
438,433,224,251
436,426,228,251
442,428,220,230
440,422,224,235
434,413,235,233
436,410,225,233
432,396,232,250
427,391,232,235
427,381,226,234
423,377,223,228
415,364,229,240
411,353,225,235
405,341,226,240
399,332,224,231
392,323,225,237
378,311,229,238
370,300,221,237
363,292,220,234
352,285,226,228
339,278,227,229
321,276,239,221
316,278,219,219
296,279,232,223
281,284,234,231
267,292,233,224
249,303,227,218
231,314,224,225
213,328,224,236
178,346,250,229
181,366,221,214
147,381,240,216
147,394,215,215
132,402,223,222
126,411,214,219
100,419,238,217
107,426,216,214
96,431,227,214
98,435,217,223
92,439,224,223
95,436,218,217
92,435,228,227
99,434,223,220
102,432,222,219
103,428,239,218
116,422,230,223
127,415,230,220
125,407,264,229
160,399,222,221
172,392,244,221
190,384,223,217
192,376,256,226
228,369,218,228
237,359,244,229
269,358,222,220
277,352,249,217
313,347,218,219
332,340,236,218
353,328,249,225
377,322,244,232
416,314,234,217
443,310,235,214
451,295,251,235
479,299,240,223
504,289,220,243
521,287,223,233
533,291,227,224
540,286,231,227
564,281,214,231
575,281,213,224
572,281,244,215
576,280,252,216
599,278,212,217
592,279,247,210
601,271,231,230
605,269,221,230
596,269,241,220
600,269,242,213
607,271,214,211
607,269,216,211
602,266,227,223
605,269,218,211
600,266,227,219
593,270,225,211
593,267,223,226
591,271,223,215
588,271,213,216
572,273,227,221
576,276,211,213
569,279,211,210
561,285,210,210
552,287,210,210
540,294,219,206
536,299,204,215
513,307,236,220
511,316,212,217
497,299,244,247
492,320,232,215
475,324,239,225
467,335,224,217
455,341,228,214
454,347,207,209
439,352,216,214
435,353,203,213
412,355,231,216
406,359,226,205
389,358,241,212
391,359,204,217
371,356,226,231
367,361,219,207
356,361,204,200
343,356,207,203
335,352,202,201
324,346,202,205
312,341,212,204
304,334,203,201
291,330,215,197
288,325,201,198
272,318,212,203
262,318,201,203
245,316,223,213
242,320,209,199
232,324,194,199
222,330,195,197
206,335,213,196
199,341,199,198
187,347,203,198
178,354,198,204
163,360,210,205
149,369,211,196
144,373,198,201
131,376,223,203
129,382,209,201
128,386,204,200
124,388,203,199
122,388,200,202
116,390,210,201
118,389,205,201
114,387,214,201
125,385,200,200
126,382,206,199
132,379,202,199
139,371,204,203
147,367,206,203
159,361,200,202
171,354,197,208
182,349,195,200
194,344,199,200
208,339,203,201
223,334,203,200
232,327,220,200
255,321,215,202
277,316,213,210
299,311,209,200
313,299,231,213
340,300,225,202
364,299,225,200
394,299,207,198
412,298,209,204
430,299,208,202
448,303,205,197
466,309,202,199
473,313,206,205
484,321,203,209
483,331,211,210
497,343,205,198
504,352,202,200
507,362,197,202
508,366,201,199
506,371,198,200
503,376,199,200
501,380,196,202
498,383,198,202
498,387,196,200
493,390,199,202
491,389,202,201
489,389,201,201
489,389,201,202
489,388,189,199
486,385,193,202
484,383,194,204
482,381,193,206
480,378,194,207
480,378,198,209
480,378,194,203
468,377,211,201
466,375,212,204
465,374,211,203
463,373,213,203
475,369,205,210
462,369,213,203
459,369,216,201
459,366,213,205
458,366,212,203
456,364,212,204
457,362,211,213
453,363,217,204
455,363,209,202
455,367,212,204
449,362,218,199
451,360,215,202
453,360,213,200
450,359,216,200
450,359,213,199
450,358,214,198
453,357,206,197
449,356,213,199
456,354,203,203
449,355,220,203
456,355,206,192
454,353,209,199
450,351,212,195
456,348,204,194
456,344,204,195
448,341,219,197
452,336,207,194
456,329,204,198
456,324,202,195
455,319,202,195
454,315,203,196
461,305,202,202
464,298,198,196
467,292,194,199
462,284,197,200
470,272,188,195
471,266,188,194
471,263,191,197
469,262,194,190
471,263,195,202
472,263,196,200
473,269,189,194
471,275,196,202
472,284,201,204
477,296,192,197
477,308,190,194
475,317,194,195
478,324,189,192
479,333,187,191
477,340,193,195
480,346,187,190
476,353,188,190
474,358,191,190
475,362,187,189
474,366,186,192
473,369,193,192
472,374,192,189
469,376,195,191
466,379,196,191
465,382,193,189
463,384,196,190
462,385,195,199
459,387,192,200
457,389,193,194
455,391,194,192
451,394,195,193
449,395,194,190
447,398,191,189
442,400,193,191
437,401,194,190
433,405,194,188
428,406,194,190
423,407,195,191
419,409,193,191
414,412,194,190
409,415,193,190
403,417,193,190
392,420,192,191
390,424,194,188
385,428,192,188
378,432,192,187
371,437,193,187
363,441,194,185
356,446,193,187
349,452,192,185
340,455,194,190
335,461,192,195
322,458,192,210
313,473,188,185
308,478,193,187
304,473,188,201
296,479,190,195
292,479,191,188
287,476,191,187
285,474,190,189
283,469,192,188
286,454,173,212
286,452,181,188
289,445,181,185
292,439,188,185
297,432,187,187
302,422,185,187
307,415,187,188
313,408,187,186
321,400,183,191
330,390,183,188
344,382,178,184
351,374,181,184
360,367,179,186
368,362,181,183
376,356,177,185
382,352,179,185
387,351,180,184
393,349,174,193
400,350,178,193
402,352,184,186
407,355,177,189
411,359,178,187
412,365,183,188
413,372,186,187
416,382,179,184
418,391,178,183
420,402,179,186
424,414,175,196
427,424,172,208
429,444,177,200
418,458,192,185
420,466,192,188
433,473,183,203
435,477,189,198
437,477,193,189
447,475,180,197
431,471,205,194
437,465,197,197
436,458,204,194
439,452,203,197
436,447,215,196
438,440,215,200
446,432,208,204
456,428,205,209
459,419,201,212
460,410,200,209
460,403,201,208
453,396,208,210
451,388,209,216
450,380,205,215
448,371,206,217
443,364,213,231
429,360,234,223
424,354,238,217
430,346,209,221
425,337,210,221
417,327,208,226
412,315,217,235
398,298,235,228
402,281,217,225
397,270,219,225
394,250,216,242
386,235,226,230
387,222,214,221
381,212,219,231
373,202,227,226
370,198,223,233
367,195,227,226
363,199,231,224
356,201,229,221
359,207,216,233
347,215,234,235
349,230,239,226
341,237,235,227
326,246,261,238
336,257,247,232
329,270,251,231
330,285,241,220
339,289,225,233
332,300,233,228
340,311,213,230
331,321,230,226
336,330,216,223
331,339,230,221
333,349,219,219
327,356,234,219
338,364,216,225
330,375,239,219
333,381,237,220
330,392,233,217
346,399,212,224
344,407,216,221
344,414,217,224
350,424,211,232
346,429,220,233
348,440,219,221
347,450,222,218
352,454,215,227
352,459,221,227
354,470,210,222
355,474,216,224
355,477,217,217
357,481,213,215
359,482,217,215
358,482,217,217
359,482,221,219
359,481,221,217
360,480,221,219
360,479,221,218
361,476,220,220
364,472,219,220
368,466,212,230
369,463,218,217
369,458,217,215
369,451,220,214
369,443,219,218
371,436,219,217
373,428,217,223
375,419,214,221
375,409,220,210
375,396,217,213
379,385,212,217
381,374,212,207
379,359,218,210
382,349,214,208
385,338,211,216
387,331,210,214
388,323,209,212
389,317,210,209
388,316,208,207
389,316,206,204
390,317,205,206
392,316,207,208
393,320,208,207
393,325,208,208
398,331,202,221
396,338,206,217
397,348,205,209
399,354,205,208
401,361,204,205
400,365,206,206
403,368,205,207
404,371,205,206
405,373,205,207
405,373,207,207
407,374,200,205
407,373,202,207
411,374,199,206
411,374,200,206
413,374,200,210
413,373,202,209
414,374,209,214
417,376,205,212
417,379,202,207
420,380,204,214
420,386,204,210
423,390,202,210
424,396,205,209
425,400,204,220
428,408,206,233
431,415,207,232
431,430,203,208
432,436,203,208
434,444,201,207
437,451,199,207
435,456,209,209
438,462,205,206
441,466,201,209
444,470,198,207
443,475,206,207
447,479,199,206
447,482,201,207
449,484,201,207
449,486,205,210
451,488,203,207
453,490,202,207
453,491,204,207
455,491,201,212
456,493,202,210
456,494,204,209
459,496,201,206
461,495,202,208
463,494,200,210
462,494,203,210
467,490,198,229
466,489,206,222
467,494,201,209
467,491,204,214
468,491,205,209
470,489,202,208
471,486,204,212
472,482,204,211
475,477,204,216
479,477,198,206
462,474,220,208
462,468,221,212
482,465,201,215
467,460,217,208
468,458,218,212
462,450,230,210
473,443,215,210
476,440,212,213
476,435,212,205
475,433,214,204
476,430,214,205
478,427,213,208
475,426,220,210
475,425,218,209
476,424,219,208
479,424,215,208
480,425,215,205
477,425,221,208
479,428,220,210
477,429,222,208
479,428,221,219
480,429,218,221
481,435,216,209
481,436,218,208
481,440,218,206
481,439,216,209
480,441,219,209
479,442,219,210
479,443,220,211
479,444,219,211
478,445,219,211
477,446,224,216
476,450,228,212
471,449,234,215
472,451,226,210
480,454,219,215
483,456,209,218
484,457,205,218
471,460,218,208
470,461,219,208
468,462,219,208
468,464,218,208
466,465,218,208
465,467,219,209
464,470,220,207
462,470,220,210
461,474,222,207
461,475,218,211
457,476,225,211
458,477,219,211
457,480,219,216
454,483,225,216
456,486,218,205
456,487,217,213
454,484,218,218
453,490,219,214
451,492,219,214
451,495,217,211
451,499,216,210
448,504,221,213
450,508,216,205
448,512,219,205
448,513,216,207
448,517,214,203
447,521,215,199
447,526,215,194
446,529,216,191
445,533,216,187
445,537,216,183
443,540,217,180
443,543,216,177
442,544,222,176
446,550,214,170
440,556,225,164
441,561,224,159
440,561,228,159
437,564,229,156
438,565,229,155
441,564,226,155
449,569,213,151
443,569,221,151
448,570,214,150
446,571,220,149
444,573,220,147
447,566,218,154
447,560,218,160
448,558,213,162
441,553,226,167
446,546,216,174
446,542,216,178
444,536,221,184
439,531,226,189
445,525,216,195
448,519,210,201
447,515,210,205
441,512,217,208
441,508,217,202
441,502,212,207
439,497,214,204
437,491,215,206
435,486,216,206
435,481,216,212
436,477,215,213
435,471,213,211
434,465,212,206
433,460,212,210
431,452,215,209
430,446,214,210
428,442,216,208
429,437,213,207
428,433,212,206
427,429,212,206
427,424,216,209
426,421,212,204
426,417,209,203
425,414,207,202
425,411,204,201
425,405,204,210
424,403,204,206
423,401,203,202
421,397,204,210
424,396,202,205
423,398,201,194
422,394,200,198
421,395,201,199
420,394,204,196
419,394,204,195
417,392,203,194
416,391,202,193
416,392,201,193
414,391,201,195
412,389,202,197
411,390,202,194
410,388,204,199
408,387,205,204
406,388,205,197
403,388,206,197
402,389,205,199
401,389,204,199
401,389,203,201
399,390,203,202
396,391,203,198
394,391,205,198
392,392,205,198
390,393,205,198
387,393,205,198
385,393,205,199
384,393,205,201
381,395,206,201
379,395,207,201
377,395,207,201
376,395,206,208
374,396,206,204
372,398,206,202
370,399,207,202
370,399,207,207
368,401,208,206
366,402,209,206
364,403,210,205
362,404,211,205
360,405,212,205
358,407,212,206
357,408,212,207
356,408,216,214
355,410,215,207
354,411,214,207
352,413,214,206
351,413,214,211
349,415,214,207
351,417,211,206
359,418,203,215
356,416,209,222
359,420,201,209
356,422,205,212
355,426,204,209
356,425,203,210
354,427,204,209
355,429,205,208
356,430,206,210
353,431,209,208
354,432,210,210
352,433,216,217
355,433,209,212
354,434,214,212
355,435,208,211
357,437,208,212
356,438,210,212
360,439,208,212
356,440,213,214
362,443,205,210
360,444,209,209
363,446,207,208
362,448,209,207
365,449,208,207
365,449,210,208
362,449,219,216
369,450,211,215
371,451,208,209
373,453,209,209
374,454,210,209
376,453,213,212
378,454,211,207
380,456,208,205
381,458,207,203
384,459,206,202
385,459,206,202
385,459,209,201
386,458,209,201
388,458,210,207
389,457,212,208
390,456,213,207
392,456,210,209
396,457,209,209
396,457,208,204
396,457,213,206
401,457,208,205
401,457,207,203
402,457,207,202
402,458,209,201
402,458,209,203
404,458,209,206
404,461,209,205
404,462,210,204
404,464,211,204
404,467,213,204
403,469,214,204
404,471,214,204
404,474,214,206
405,477,215,206
406,480,215,206
408,481,215,221
409,481,219,225
407,491,220,214
408,498,214,210
408,499,214,214
408,504,213,206
407,506,217,206
406,507,216,205
406,508,216,204
407,508,216,209
407,505,216,212
407,502,224,213
406,500,218,210
406,497,218,210
405,494,220,210
405,493,228,209
404,491,224,208
406,481,223,223
410,485,215,209
409,483,215,208
408,481,215,207
408,480,215,206
407,477,215,207
407,474,217,209
407,471,217,208
406,468,217,207
406,466,223,209
406,465,220,208
406,459,219,223
405,458,224,216
403,455,223,214
402,450,233,225
399,450,227,211
399,447,226,206
398,444,232,206
399,441,219,205
398,438,217,204
398,435,213,205
396,433,213,206
393,430,212,207
388,425,224,212
383,423,221,209
382,422,214,208
378,419,214,207
373,417,214,207
369,414,213,207
364,412,213,208
360,410,214,208
355,405,216,216
350,402,216,215
344,401,216,212
339,401,224,210
334,400,218,209
330,399,214,209
325,397,221,213
321,395,224,213
314,394,216,211
309,394,214,212
308,393,210,217
303,392,209,216
297,391,210,210
293,390,210,210
288,390,211,209
285,390,211,210
281,389,211,210
277,389,214,209
274,388,212,210
271,389,211,213
268,390,211,213
265,389,213,212
262,390,215,211
260,389,215,221
257,387,216,223
254,388,215,215
251,388,216,214
248,390,213,213
246,392,212,211
244,393,211,215
242,394,217,214
241,396,210,212
238,396,211,211
237,394,211,228
236,392,213,232
233,399,212,213
231,400,213,212
230,400,214,211
229,399,213,210
227,397,213,209
226,393,214,215
225,388,213,212
224,380,213,213
223,373,214,213
223,364,214,220
222,355,212,219
221,345,216,214
220,337,216,213
220,330,217,216
221,324,215,215
220,319,216,215
220,316,217,218
219,315,217,216
219,314,218,215
219,311,220,222
219,313,220,220
219,317,221,218
220,320,220,218
221,324,220,220
222,328,222,221
222,333,221,220
222,339,221,220
222,345,223,219
222,350,224,220
222,355,226,222
223,359,226,223
225,365,225,222
226,370,226,224
227,375,225,223
229,380,225,223
230,385,224,224
230,389,226,229
230,394,226,226
230,399,228,226
232,400,227,245
232,404,226,241
234,407,227,238
235,412,229,231
235,415,229,231
235,418,229,230
235,420,230,230
236,422,230,241
236,424,229,240
236,426,232,235
236,428,234,235
236,428,235,235
236,428,236,234
238,429,237,232
238,429,237,231
239,429,235,235
240,428,235,237
241,426,236,240
242,424,235,244
242,422,236,244
244,419,231,246
245,416,232,240
245,413,235,239
245,409,243,239
245,404,234,246
252,399,230,239
253,392,227,238
254,385,229,237
250,377,244,242
253,372,235,238
255,366,234,237
255,361,229,232
257,356,230,235
259,353,229,232
258,350,233,231
262,347,226,230
263,345,228,238
262,343,228,234
262,342,230,235
265,342,228,236
267,342,226,245
264,343,234,244
266,348,226,232
268,352,231,234
269,354,228,233
270,356,231,232
273,357,224,231
272,360,228,232
273,361,229,239
273,363,229,232
276,366,226,233
274,369,232,233
277,370,229,232
277,371,230,232
276,372,228,231
278,374,227,232
278,375,230,235
278,377,229,234
282,378,228,236
283,379,230,237
281,380,230,237
282,382,231,235
282,383,229,234
279,384,231,234
281,386,233,232
281,387,231,233
280,389,234,234
281,389,231,235
281,389,232,241
281,390,235,236
283,391,230,235
286,392,228,238
287,393,225,236
282,392,234,233
285,393,229,232
286,393,228,232
283,394,234,234
285,393,230,233
283,392,231,237
284,392,233,237
285,392,231,235
287,391,230,235
287,391,228,236
287,390,228,236
289,390,225,233
287,389,227,232
284,387,237,239
288,388,226,233
287,388,228,231
286,387,229,231
288,386,229,231
286,385,231,231
288,384,229,235
287,383,232,232
287,383,231,231
289,382,226,237
288,382,228,231
289,382,226,230
289,381,231,229
289,380,227,228
288,379,228,229
288,378,230,232
288,377,229,231
289,377,227,229
287,377,232,228
287,376,230,229
288,374,233,238
287,374,235,234
290,373,233,229
288,372,235,228
288,372,234,227
288,370,234,232
290,367,231,242
287,365,236,238
288,368,234,231
291,367,232,239
290,367,233,231
290,366,234,231
290,366,233,230
289,365,234,232
291,365,234,231
290,365,235,230
288,365,237,229
287,364,237,229
287,364,239,228
287,365,238,234
290,360,239,246
290,362,238,234
290,364,236,230
290,364,238,239
292,365,236,238
294,366,232,233
293,366,236,235
292,366,239,232
294,366,235,232
296,366,235,231
294,365,238,231
295,365,236,231
293,365,242,236
297,366,235,232
300,367,233,231
300,368,233,230
300,369,233,230
299,369,237,236
301,370,235,238
303,369,234,236
303,369,233,235
302,370,237,235
301,371,236,234
302,371,239,240
302,372,239,236
304,372,239,239
303,372,243,239
305,372,239,233
306,372,238,233
305,373,241,233
307,373,241,233
307,373,241,237
306,373,242,238
308,373,242,245
311,373,239,239
310,374,237,249
313,374,237,245
311,375,242,239
307,376,244,248
312,376,243,242
314,376,243,243
313,377,241,242
313,378,245,242
316,379,243,247
320,379,240,246
318,381,242,244
319,382,241,247
317,383,246,246
320,384,242,245
323,386,240,245
319,386,246,247
322,388,246,251
322,388,248,253
325,389,244,252
324,390,244,251
326,391,245,251
327,391,245,251
327,392,246,251
327,393,247,251
327,394,248,250
331,394,247,256
330,395,251,256
332,397,247,254
333,398,249,255
335,398,248,257
335,400,248,258
336,403,251,260
334,406,252,259
336,409,255,266
334,414,258,266
336,418,253,260
335,423,254,260
335,428,260,262
334,436,259,265
335,442,253,278
335,436,258,284
330,454,257,266
325,464,256,256
323,465,253,255
313,466,255,254
304,472,266,248
296,466,269,254
288,500,265,220
278,524,257,196
260,542,269,178
249,548,266,172
243,552,262,168
235,544,259,176
229,529,259,191
225,512,260,208
219,503,266,217
220,490,260,230
214,481,266,239
214,472,266,248
216,467,268,253
217,465,270,255
221,465,268,255
225,465,268,255
227,469,269,251
229,477,270,243
233,487,271,233
238,497,269,223
252,510,262,210
258,521,262,199
264,530,262,190
266,541,258,179
259,547,265,173
