351,170,69,44
351,168,65,45
348,166,65,46
346,165,66,48
344,165,67,46
341,165,66,48
339,165,69,49
338,165,70,49
338,165,68,52
336,165,71,51
335,167,72,53
335,166,72,53
334,165,75,53
333,168,74,52
332,167,74,56
331,168,73,51
329,165,76,55
328,164,75,57
327,164,75,58
328,163,75,57
327,162,74,58
324,162,80,58
322,160,82,60
322,160,83,61
322,160,82,61
321,165,83,58
322,165,81,59
322,164,82,59
320,165,86,60
319,164,86,65
320,166,84,62
320,165,85,62
318,164,86,63
318,162,85,64
319,164,86,62
319,164,87,64
318,164,87,63
318,165,86,61
317,165,86,64
314,163,91,67
317,165,85,67
315,166,86,67
315,165,88,68
312,165,93,69
313,165,89,68
311,164,93,69
311,165,95,70
310,163,96,72
311,164,96,69
312,163,96,68
312,158,100,75
313,157,101,74
314,157,100,74
315,160,100,71
317,159,97,72
318,159,99,72
320,158,101,75
322,161,101,72
325,162,99,71
327,163,99,72
330,164,103,71
333,167,102,70
337,167,101,70
339,168,100,71
341,169,100,69
343,169,102,68
344,170,101,68
347,171,100,68
347,171,100,68
348,173,100,66
349,171,97,69
350,172,95,68
350,171,96,68
349,170,96,67
349,169,96,67
348,167,96,69
346,169,94,70
347,166,93,71
347,166,93,67
345,164,93,69
345,162,94,69
344,162,92,69
343,162,93,69
340,162,93,70
339,165,94,68
337,166,94,70
335,168,93,67
337,171,90,63
333,171,91,62
332,170,92,64
332,170,92,65
330,172,92,65
328,171,93,66
328,173,91,64
325,174,94,64
325,173,93,67
322,174,94,68
323,174,92,69
320,174,92,65
320,174,91,67
319,175,93,66
317,173,95,65
315,170,92,67
309,170,97,69
309,170,94,69
307,166,95,69
302,166,94,68
300,169,94,68
303,168,93,69
301,167,92,70
297,165,96,72
297,164,95,75
293,164,97,73
291,163,98,73
291,164,97,72
291,164,96,72
288,164,99,70
288,168,96,70
286,169,98,71
286,171,99,72
286,173,98,71
286,173,98,70
285,174,99,71
287,171,100,75
285,172,101,72
286,171,99,72
283,169,101,75
286,169,96,74
284,170,100,73
286,170,98,74
283,169,100,75
286,167,98,75
282,168,101,73
282,165,100,74
282,164,101,73
284,162,100,74
285,160,101,74
285,162,101,75
287,164,100,76
286,165,101,76
284,163,104,78
284,165,104,78
285,166,104,77
290,167,100,74
287,168,103,72
289,163,103,75
292,161,100,77
293,164,101,75
294,164,99,73
296,165,99,74
295,161,102,80
296,162,102,76
296,162,104,77
298,162,102,74
298,162,103,74
299,164,103,73
300,165,102,72
302,165,101,74
302,163,104,75
303,162,101,76
304,162,104,77
305,163,102,75
305,164,104,74
306,162,103,75
307,161,103,77
307,161,103,76
309,162,99,73
308,159,101,74
309,160,100,72
310,159,99,72
312,158,95,70
311,159,97,68
313,159,95,68
312,160,95,67
315,161,89,67
314,162,90,66
315,163,89,65
317,164,85,66
317,164,87,65
316,166,85,62
317,166,84,61
318,165,83,63
316,167,85,62
318,168,82,61
316,168,82,61
316,169,81,61
317,170,79,58
317,172,80,57
319,173,77,57
317,174,77,57
317,174,78,56
317,174,75,57
316,174,75,56
318,173,74,56
317,173,74,56
316,174,74,53
317,172,72,55
315,173,74,54
317,174,72,54
314,175,72,53
314,176,72,55
314,177,71,53
313,178,70,51
315,178,68,52
315,176,68,54
314,177,67,52
316,174,65,54
315,174,65,51
314,173,66,49
311,170,67,51
313,172,68,47
314,168,65,48
314,166,64,47
313,165,65,48
316,166,64,47
316,164,64,49
315,162,63,51
315,167,64,47
317,166,63,49
319,164,61,51
320,166,61,51
318,170,64,51
320,173,62,51
321,181,62,49
321,184,62,48
323,189,61,47
321,193,62,44
322,189,60,46
322,189,59,43
323,189,59,39
323,183,57,41
324,179,56,42
321,175,58,41
321,170,57,41
321,163,58,43
322,163,58,45
325,164,58,42
326,164,57,43
327,164,58,43
329,164,57,43
329,163,56,42
329,161,56,44
328,158,58,45
328,159,58,42
328,157,58,44
330,158,57,43
330,161,56,42
329,166,58,41
330,168,59,43
330,171,59,43
330,175,59,42
330,174,59,44
331,172,59,45
331,173,58,44
331,175,58,40
332,175,58,42
332,176,58,41
332,174,58,42
333,174,58,42
332,175,59,41
333,174,59,42
334,172,59,44
334,171,58,42
335,170,57,44
335,170,58,42
336,171,56,41
336,172,57,39
336,172,56,42
334,176,60,39
338,183,53,33
339,185,54,34
338,186,55,34
339,187,54,34
339,179,56,37
340,177,54,40
341,176,55,38
341,175,57,39
340,174,56,39
340,173,57,39
340,171,59,40
338,171,61,42
341,171,58,41
339,172,58,39
341,173,55,42
341,169,56,45
340,172,56,44
341,175,54,42
339,174,56,43
340,175,55,42
338,176,58,42
339,175,55,43
338,175,55,41
339,175,55,40
338,167,57,46
337,167,57,47
337,166,56,46
336,162,58,50
335,163,58,50
336,163,57,51
334,163,60,51
335,163,58,51
334,166,61,48
333,162,59,53
331,160,64,55
330,162,62,52
333,159,59,54
335,159,56,53
330,167,62,43
331,166,61,44
332,165,59,47
332,164,59,46
331,166,60,45
330,164,61,46
330,163,60,49
329,163,62,47
329,161,62,49
329,163,62,48
330,164,60,46
329,163,61,48
329,167,61,44
330,164,59,49
330,166,61,47
328,166,62,48
328,166,64,50
326,170,66,47
328,170,63,47
326,167,65,49
326,169,63,47
326,169,65,45
326,169,65,46
327,168,64,48
325,162,67,53
324,163,66,52
324,164,69,50
324,163,68,51
324,161,68,51
323,160,68,52
322,163,70,51
322,159,69,54
322,159,70,57
322,159,71,57
317,151,79,68
317,150,78,68
317,150,79,69
317,150,79,70
317,149,80,72
317,152,79,69
317,155,79,66
316,158,79,62
316,157,79,62
315,157,82,64
314,156,83,64
314,157,84,63
314,156,84,63
314,156,84,63
315,154,84,65
313,155,86,65
315,153,84,66
315,154,85,66
315,155,85,66
315,156,85,68
314,156,86,68
314,157,87,68
314,157,88,68
310,158,91,66
313,157,90,68
314,157,89,68
314,157,90,68
315,157,89,69
314,155,91,71
314,155,92,69
314,154,91,69
315,155,89,69
314,155,91,68
313,155,90,69
314,155,92,68
314,157,91,68
314,155,93,70
311,154,95,72
313,156,94,71
312,153,97,74
310,151,97,76
311,149,97,80
311,150,98,80
312,150,96,81
309,151,99,79
308,151,101,80
310,151,99,81
307,150,103,81
307,148,103,83
306,150,104,82
306,149,107,83
306,144,106,86
304,149,107,82
305,147,105,84
302,147,108,84
303,146,112,82
301,143,110,87
304,144,108,86
303,144,110,87
302,145,111,86
304,149,111,84
303,150,110,86
305,151,109,87
307,153,108,86
308,154,110,85
304,154,121,88
305,160,119,82
307,159,126,87
308,160,127,87
309,160,132,87
310,155,141,91
312,154,147,91
316,155,146,93
321,155,154,94
324,154,159,94
331,154,164,94
335,154,169,95
341,152,171,99
349,151,174,103
356,151,180,103
366,151,180,111
374,152,183,111
383,151,184,112
391,148,190,112
398,150,196,110
407,148,200,113
419,145,189,113
427,138,181,118
440,137,169,118
446,134,163,118
454,132,156,118
463,130,145,118
469,130,139,115
471,129,138,115
479,128,130,116
484,128,124,116
486,128,123,116
487,128,122,118
493,128,116,116
495,135,113,112
497,142,110,105
495,145,111,107
497,153,110,106
501,157,108,106
505,163,105,104
508,166,102,103
511,166,100,103
514,163,95,106
518,165,91,105
520,168,88,106
524,168,84,106
529,168,80,106
531,165,79,108
534,166,75,105
537,166,72,100
538,162,70,99
539,163,70,100
539,161,70,103
540,163,69,103
540,166,69,103
540,164,69,104
540,165,69,104
532,164,77,105
531,165,78,106
527,164,83,106
520,166,87,106
520,167,87,106
512,168,96,103
508,169,100,101
501,172,107,97
500,169,108,99
490,170,118,100
483,169,124,98
480,172,127,97
474,172,134,95
467,172,140,97
458,172,150,95
449,172,143,93
439,172,138,94
428,172,137,96
418,172,138,93
404,173,140,90
394,173,135,95
381,175,136,91
371,173,134,97
358,174,135,98
354,172,137,94
336,172,138,94
321,171,149,92
308,171,150,95
302,172,143,95
289,170,142,94
277,169,144,94
269,169,148,92
259,170,148,93
249,168,148,92
238,169,150,90
227,170,152,92
220,168,147,95
205,168,151,94
192,170,156,94
186,171,149,90
171,173,157,89
165,173,155,90
153,168,156,91
143,168,158,90
133,169,160,91
124,173,159,87
113,168,160,93
99,166,166,93
91,166,168,94
83,163,170,94
76,157,163,105
66,156,167,104
61,153,182,107
53,148,187,119
47,151,189,117
46,149,192,119
45,155,190,113
39,156,195,115
36,157,197,113
39,160,193,111
36,161,196,110
37,162,195,107
36,162,192,107
40,163,191,106
37,162,193,109
40,165,192,104
39,163,194,101
41,164,193,103
47,164,188,100
48,165,187,99
52,165,183,99
54,167,182,94
60,167,176,92
64,167,174,95
68,166,172,94
68,165,172,93
73,165,168,94
76,167,167,89
78,167,164,88
83,167,162,88
85,169,160,86
89,170,157,85
93,170,154,84
93,172,155,82
95,170,152,83
98,171,150,82
100,172,148,81
103,173,144,80
103,171,144,81
106,171,143,82
106,173,143,80
107,172,142,81
109,175,136,80
106,177,136,79
106,176,134,79
105,178,135,78
102,179,136,77
102,179,134,78
98,181,135,76
94,182,135,75
91,182,133,75
90,184,134,72
84,183,133,71
80,180,133,75
77,179,133,76
72,178,134,77
69,174,130,77
64,168,135,81
61,171,137,78
59,168,137,78
56,168,137,77
53,164,139,82
53,166,140,82
56,169,134,81
56,163,134,91
57,167,131,90
62,167,118,89
63,169,116,87
64,169,118,85
66,171,118,84
68,171,118,86
68,167,119,88
71,168,116,85
73,166,116,86
73,172,117,80
75,171,120,82
77,166,122,82
80,163,123,84
83,163,119,84
85,161,123,84
87,159,121,88
93,157,118,91
94,158,118,91
99,159,116,87
103,154,114,91
104,154,112,87
101,155,115,87
101,155,118,85
102,154,115,87
103,151,116,88
103,150,120,89
103,149,120,91
105,147,121,92
103,142,125,95
103,146,128,92
107,143,124,93
104,142,133,93
105,143,133,92
108,142,138,93
108,142,138,96
109,142,142,95
110,146,144,93
113,147,142,94
119,150,142,91
118,154,144,93
126,155,141,93
123,159,150,96
127,167,149,88
129,172,149,87
128,174,154,86
130,177,154,87
134,177,150,87
134,187,152,77
132,188,154,75
132,185,157,76
131,187,159,76
131,185,160,77
130,185,160,77
132,184,158,79
130,182,162,79
130,177,160,81
136,179,156,83
137,180,156,82
138,179,153,78
139,180,154,81
140,180,153,81
143,181,151,81
148,184,146,77
151,185,146,75
152,187,146,74
155,183,141,76
159,187,140,76
155,183,147,79
159,183,140,80
162,179,139,85
162,176,139,88
166,175,137,86
175,173,130,90
177,172,129,92
177,170,132,93
179,169,131,89
179,169,137,87
188,172,133,83
187,173,139,83
197,174,128,81
200,171,131,84
203,172,132,84
204,171,131,83
209,171,129,82
211,171,129,80
215,169,125,79
216,164,127,81
222,162,124,81
223,154,124,84
225,151,123,87
228,151,122,88
230,148,122,89
229,155,124,85
231,158,122,86
233,154,121,91
231,157,126,90
234,163,121,88
231,167,124,89
232,167,126,91
231,170,127,90
230,172,126,92
231,174,129,87
231,173,129,86
230,176,132,88
229,176,132,87
229,175,131,88
227,172,134,89
228,173,134,90
226,169,135,95
228,174,135,92
227,170,134,93
227,170,132,98
225,171,138,92
225,173,136,90
225,175,137,93
224,174,138,88
224,173,140,92
224,174,139,92
226,173,135,93
224,172,137,92
222,174,138,92
221,173,142,94
223,173,141,91
221,172,142,93
219,171,144,93
219,169,146,94
218,167,145,94
219,166,147,95
213,165,148,97
213,167,153,96
214,165,151,100
212,167,155,100
213,167,155,102
213,169,156,97
214,170,157,95
216,171,155,96
214,171,160,96
215,171,160,96
215,171,162,95
218,169,163,96
215,169,166,96
217,165,165,102
219,161,163,106
220,159,163,106
222,157,164,108
221,159,165,106
222,157,164,109
225,158,163,106
224,161,166,104
226,163,165,104
225,159,165,106
227,161,165,103
228,164,161,101
228,164,162,102
230,166,161,101
228,164,164,101
228,164,165,103
226,164,167,101
226,159,171,106
225,158,169,107
222,157,172,107
221,155,176,110
216,157,179,109
216,158,178,108
214,156,183,108
215,158,182,106
214,159,188,107
211,163,188,102
208,167,193,98
205,164,196,100
201,165,203,100
199,154,201,111
192,144,212,119
188,140,215,126
186,137,216,128
179,134,221,132
178,138,222,129
173,135,226,131
167,139,232,126
166,139,230,126
161,140,235,123
161,142,238,123
158,142,238,124
156,141,238,124
149,142,242,125
149,144,240,124
149,144,243,121
144,141,245,123
139,140,250,126
138,139,249,128
135,140,252,124
131,138,252,128
131,138,250,127
125,137,255,131
121,139,258,124
120,137,257,131
113,141,259,132
107,141,261,121
100,144,259,119
93,144,268,120
87,143,268,117
79,142,271,123
65,143,273,119
56,145,279,117
47,143,273,122
33,145,279,119
32,143,273,120
32,144,257,118
30,144,248,118
32,145,241,115
31,147,233,118
31,147,215,117
31,147,220,119
32,148,203,115
33,146,177,121
32,151,172,108
32,153,155,115
32,147,136,121
33,146,126,116
31,143,133,122
31,147,131,113
31,142,130,117
30,142,135,113
33,146,136,112
32,146,156,118
34,144,173,119
33,144,149,116
31,147,160,118
32,146,175,115
34,146,186,121
36,145,190,117
33,144,211,121
33,150,221,118
34,149,226,114
33,153,235,107
34,153,244,107
36,153,251,107
44,154,250,109
47,156,255,108
59,151,245,112
68,150,242,113
75,148,237,118
81,150,240,115
92,150,240,114
116,149,229,116
131,148,226,116
140,147,225,117
156,151,220,110
166,148,222,113
171,146,227,123
193,145,217,121
203,146,214,123
213,142,211,125
232,141,205,125
238,143,207,121
249,141,202,127
269,147,191,118
275,145,187,122
288,153,183,120
297,156,180,113
298,155,177,111
312,160,170,108
318,158,170,113
328,163,167,106
339,172,156,100
351,173,145,99
352,173,147,98
362,178,142,95
366,182,139,89
376,186,130,84
374,188,135,82
384,190,127,82
385,191,130,82
398,191,115,79
400,189,119,84
403,193,114,78
413,191,108,78
413,192,112,73
417,191,108,75
420,194,105,70
427,190,100,76
425,191,104,71
430,190,98,69
434,190,96,67
435,190,93,64
438,186,89,62
437,187,88,59
439,185,87,58
442,185,82,57
437,183,86,59
439,184,82,52
439,179,83,56
445,175,76,57
442,171,80,55
442,166,80,55
443,163,78,53
444,156,71,55
443,150,74,56
442,143,74,60
443,142,74,54
443,137,74,56
440,136,75,57
440,135,74,55
440,135,73,54
442,136,69,53
442,141,70,52
441,146,67,48
440,152,66,46
436,159,68,43
434,165,68,46
432,172,66,48
429,180,65,44
427,186,66,42
429,188,62,45
427,191,59,45
422,194,61,43
419,190,63,45
415,188,63,45
415,186,60,46
413,181,58,46
411,179,57,45
409,174,55,48
405,175,55,46
405,175,53,43
399,172,54,44
396,172,53,40
393,169,53,42
392,167,51,40
387,165,49,39
387,165,46,37
383,163,51,38
380,162,50,36
378,160,51,38
375,161,53,37
374,161,52,37
373,161,53,39
373,161,52,39
369,160,52,40
367,159,52,41
366,161,52,40
366,165,51,38
366,169,50,38
364,176,51,34
363,183,53,35
363,192,49,35
364,200,45,34
363,208,46,34
360,212,47,35
361,214,46,36
359,215,46,34
359,215,43,33
354,213,50,36
355,208,47,36
353,204,48,35
351,196,48,35
350,190,50,37
350,183,49,37
349,176,46,34
348,167,46,35
346,162,49,36
346,157,45,34
344,153,47,33
342,148,51,37
343,146,48,37
344,152,47,35
340,160,48,34
342,168,48,34
339,172,50,34
340,179,48,29
343,180,42,31
343,183,44,30
344,184,43,30
344,184,43,29
343,181,45,30
343,179,43,27
343,177,43,27
342,175,44,27
341,172,45,28
340,171,45,28
341,170,44,30
339,167,48,35
339,171,47,30
338,173,47,32
338,172,46,32
339,174,47,33
340,173,44,33
340,173,44,34
340,173,44,35
340,176,43,34
341,175,42,34
341,173,41,35
342,173,40,34
341,172,41,35
340,170,42,35
341,168,42,37
341,167,41,35
340,169,41,33
340,169,40,32
342,168,38,34
343,169,38,33
343,169,38,33
342,171,38,32
342,168,38,36
341,173,37,30
341,172,37,31
342,171,37,32
341,171,38,31
340,172,38,29
340,172,38,30
341,173,37,29
341,174,39,28
340,175,39,27
340,175,40,28
342,176,37,28
340,175,40,29
340,175,39,29
340,176,40,28
340,174,39,30
340,176,39,28
341,177,38,27
341,177,38,27
341,177,38,26
340,176,38,27
342,175,37,28
342,173,36,29
341,174,38,28
341,176,37,26
339,173,39,29
339,174,40,27
339,174,38,27
339,172,40,30
338,172,42,30
338,174,41,28
337,171,43,30
337,171,44,29
337,173,42,28
337,170,42,31
335,171,43,31
337,171,41,33
337,172,41,30
338,172,40,31
338,171,40,33
338,171,41,33
338,171,42,33
338,171,42,33
338,172,42,32
339,172,41,30
336,172,44,31
336,172,43,33
335,172,44,33
337,173,41,31
336,174,41,33
336,174,43,32
334,171,44,33
335,171,44,32
333,172,44,34
332,171,45,33
329,170,47,33
327,170,49,32
327,170,48,32
325,169,50,36
324,166,49,42
321,165,53,42
319,167,51,41
315,170,52,41
313,169,50,40
309,169,52,41
307,166,52,42
306,164,51,41
299,164,55,41
296,161,53,41
292,159,54,41
284,157,58,45
281,156,57,45
279,155,57,42
274,155,57,43
266,155,61,46
263,158,63,43
260,159,62,45
257,161,62,46
251,161,66,46
250,163,63,47
248,165,64,48
246,165,67,50
244,165,83,49
242,164,71,53
243,166,72,50
247,165,71,51
249,164,69,51
251,162,73,52
254,159,72,54
255,158,74,56
260,157,73,57
261,157,78,55
269,155,74,58
270,157,79,58
275,159,79,57
278,160,81,60
285,163,83,61
289,163,85,63
294,165,91,67
295,168,94,66
300,169,92,70
300,168,97,66
301,167,97,73
297,164,105,77
295,165,107,77
293,159,108,85
291,159,110,81
288,159,112,78
283,163,114,76
280,164,113,76
274,163,115,79
268,161,118,79
261,162,119,82
253,163,124,84
250,163,124,84
232,160,140,93
224,160,143,93
221,156,145,98
213,155,150,102
211,155,148,101
202,150,157,107
196,146,159,109
190,145,161,112
180,145,168,112
171,141,172,119
163,145,175,117
155,148,175,117
145,154,177,107
136,163,183,105
127,168,185,92
116,174,186,89
103,175,187,88
96,176,181,87
87,178,184,82
81,173,183,87
65,174,189,85
56,175,189,87
45,172,193,89
33,168,196,91
33,164,187,95
32,164,180,97
31,158,172,105
31,163,165,100
34,163,156,96
33,163,152,96
31,166,154,90
31,160,149,94
34,157,147,102
33,160,146,98
34,160,147,99
42,159,151,101
41,161,157,100
39,166,165,96
39,167,167,95
40,173,172,87
38,180,177,81
37,182,179,79
42,184,182,79
44,182,187,79
59,173,180,87
63,175,180,85
81,168,169,92
86,167,169,96
94,168,170,92
103,165,168,96
109,164,172,95
118,168,175,93
132,170,170,93
140,169,171,93
151,171,169,94
159,168,171,92
172,171,169,91
180,170,171,91
190,170,166,92
201,168,167,95
213,167,168,96
219,163,170,99
232,163,163,98
238,165,166,98
245,166,162,98
251,168,162,97
256,170,163,92
260,168,161,94
264,169,159,94
268,169,160,96
269,170,161,98
273,170,162,94
274,169,162,101
276,170,162,94
276,171,164,95
278,172,165,96
279,169,165,98
281,167,167,103
285,166,163,105
285,163,167,102
288,161,165,105
288,158,166,104
291,155,168,112
296,151,168,119
300,145,167,122
304,145,167,125
307,143,168,125
310,142,166,126
313,142,164,124
316,143,164,124
319,145,164,126
322,149,165,120
327,147,170,124
334,151,169,122
339,153,166,121
344,154,168,116
349,154,171,115
354,154,173,114
357,155,176,114
361,154,177,116
366,152,180,119
372,152,178,113
376,153,179,111
382,153,180,111
387,153,179,111
391,153,179,110
395,153,177,108
399,152,177,106
403,151,176,106
406,148,171,107
406,148,172,107
407,148,172,109
410,147,169,107
410,147,169,107
405,147,173,110
404,148,174,109
405,149,173,108
405,149,171,107
403,152,171,106
402,154,170,104
399,155,170,106
396,157,169,104
392,158,169,100
389,159,167,100
387,164,167,98
385,166,168,97
385,166,167,99
381,164,169,101
380,165,168,104
379,164,168,98
379,163,168,97
378,163,168,98
375,164,170,97
370,160,176,101
371,157,174,104
369,157,175,102
367,158,177,105
368,157,176,107
366,157,176,105
365,158,177,107
362,160,179,107
361,162,180,106
361,162,179,105
355,161,184,109
356,163,180,106
356,163,181,107
357,165,178,109
357,163,178,107
359,164,174,107
359,164,175,109
361,163,172,106
361,164,169,108
361,163,165,108
360,168,160,107
358,165,160,106
357,166,157,108
356,166,154,106
351,166,152,105
348,167,154,103
342,167,154,106
338,167,156,102
334,168,152,104
325,164,154,104
320,164,157,102
313,163,153,105
306,163,154,105
298,163,156,103
286,164,159,101
278,162,158,104
267,163,158,102
258,163,163,101
246,161,163,103
238,162,155,104
226,161,163,105
216,160,160,105
210,157,155,104
200,162,156,101
192,161,155,103
181,163,153,100
175,164,152,99
164,166,159,100
158,162,164,103
151,164,163,99
145,164,164,101
138,167,162,97
131,169,170,94
126,170,169,92
119,172,169,92
112,170,178,93
105,170,184,95
98,168,184,95
94,168,184,94
90,169,187,95
87,170,184,93
82,168,189,95
76,170,190,92
73,167,194,96
71,171,195,92
69,171,193,92
64,171,200,95
58,170,202,97
51,170,206,94
47,171,209,94
43,172,208,94
38,173,213,92
34,175,216,91
34,175,216,88
34,172,214,91
33,171,214,91
40,171,211,92
37,168,212,96
37,169,213,96
37,166,213,99
37,166,214,97
37,164,216,99
37,164,218,99
37,164,219,99
35,164,226,100
34,164,229,100
39,165,226,101
36,167,231,102
36,168,232,101
34,169,235,96
34,170,237,95
36,169,241,96
35,169,243,96
34,168,245,97
36,168,248,97
35,167,251,98
36,166,248,98
33,167,254,98
33,166,255,101
47,162,243,102
45,159,246,104
48,160,248,105
50,161,246,105
49,161,250,107
55,157,245,107
63,160,241,105
65,160,240,103
68,163,244,100
74,162,241,100
77,164,238,100
79,164,239,100
81,163,238,101
92,159,230,104
94,160,229,103
98,161,226,103
102,159,226,106
109,159,220,106
114,161,221,104
121,160,212,104
120,160,218,104
123,161,216,102
130,163,212,99
132,165,212,98
139,163,204,102
141,162,204,102
147,165,200,100
155,164,196,100
159,166,191,99
158,164,194,100
162,163,189,99
165,162,187,99
173,163,177,101
173,162,175,102
175,162,176,102
177,161,173,103
180,162,173,102
186,163,167,103
184,165,167,100
188,166,165,97
190,167,163,97
193,165,162,99
192,164,161,100
193,166,156,97
192,166,158,96
193,166,155,96
190,165,157,97
190,167,155,95
186,167,156,96
184,169,154,94
180,165,154,98
177,167,155,97
174,167,153,97
169,168,153,96
167,166,151,97
166,166,152,98
162,167,153,97
156,165,155,99
153,163,154,101
153,160,155,101
148,159,158,103
147,153,158,107
145,152,161,105
143,150,161,107
141,147,163,109
134,146,172,112
135,147,172,111
134,145,173,116
130,148,175,115
124,150,180,113
121,152,182,113
119,157,183,107
119,154,180,112
117,155,177,111
112,154,180,114
112,159,175,106
111,158,175,108
107,156,178,108
103,156,180,108
102,158,180,108
105,158,163,105
108,159,156,103
109,160,154,104
114,162,150,101
117,166,147,98
116,165,148,97
116,168,148,95
119,170,147,93
121,172,145,90
123,170,146,92
126,174,145,88
128,174,144,89
132,172,144,91
131,170,148,93
134,170,150,93
134,170,150,93
141,172,149,92
147,168,145,96
147,172,144,92
149,169,144,96
147,171,146,93
155,170,141,94
153,169,145,92
152,169,144,92
149,169,146,93
146,171,148,91
144,167,149,95
141,168,151,95
139,164,152,99
133,161,157,102
132,161,157,102
131,163,155,100
124,163,160,101
125,163,157,99
120,165,162,97
118,164,160,99
109,159,167,103
104,158,168,106
99,156,170,108
92,151,171,112
91,151,166,112
84,146,169,116
78,147,170,117
70,146,172,117
69,147,172,118
55,148,184,118
54,150,184,114
54,153,183,111
58,160,177,103
61,165,173,99
69,168,167,94
79,173,158,91
79,179,159,84
83,183,157,81
85,185,156,78
87,189,155,74
88,184,155,81
89,183,156,81
92,180,155,84
93,178,155,85
88,177,159,85
93,172,157,91
101,168,152,94
104,167,149,97
109,167,147,92
116,163,146,94
125,165,143,95
134,166,140,94
148,163,135,95
148,167,143,92
156,163,140,98
167,161,137,100
172,162,140,100
174,165,144,97
188,168,139,93
193,173,138,89
201,170,135,93
207,171,134,88
212,170,130,89
216,171,130,86
221,171,128,86
222,171,129,84
226,169,126,84
231,167,126,85
232,165,128,89
236,165,125,86
237,166,124,83
238,167,125,84
242,167,121,83
245,169,121,81
246,170,123,81
251,168,119,81
252,169,120,79
255,172,119,79
260,170,114,80
259,171,117,79
262,169,115,83
264,169,115,80
267,168,113,80
269,168,112,81
271,168,112,81
273,169,112,80
276,171,110,73
278,170,111,80
277,171,114,78
280,170,113,82
282,172,108,77
286,171,108,79
284,173,111,79
286,172,109,74
288,172,109,75
290,170,107,76
291,170,108,76
293,170,104,75
294,171,105,74
295,171,104,76
296,171,106,74
299,171,103,73
302,169,101,77
302,172,104,71
304,170,105,74
306,170,102,74
306,171,103,72
310,173,99,70
308,170,102,69
310,169,101,69
311,168,101,69
312,167,100,70
314,168,100,69
315,168,100,68
319,171,100,63
320,169,99,67
322,170,99,67
323,168,99,70
324,169,99,70
328,169,99,69
326,172,99,66
328,172,99,66
331,170,99,68
331,171,99,66
332,170,99,68
331,168,100,69
332,170,100,68
335,170,97,69
332,169,99,70
336,171,95,70
334,172,97,70
332,173,99,70
334,174,96,68
331,173,96,69
333,170,96,71
329,172,100,70
331,172,96,68
328,170,98,68
329,168,97,70
326,165,99,70
328,162,98,70
328,161,96,70
330,161,94,69
329,158,96,72
329,158,95,72
328,159,97,72
329,164,96,70
325,163,95,72
326,166,94,71
327,167,94,71
325,168,96,68
323,170,95,67
327,169,93,69
323,169,94,69
327,168,91,69
326,167,93,69
324,167,93,68
327,166,90,67
325,166,91,68
324,166,92,66
324,166,90,67
324,164,90,67
326,162,88,71
324,163,90,68
324,162,86,66
322,162,88,66
321,161,88,66
322,161,87,67
322,161,88,65
320,161,87,66
323,161,85,67
322,163,86,63
323,164,85,63
320,167,85,61
322,166,82,65
323,166,82,61
321,167,81,62
320,166,82,62
320,166,80,63
318,166,81,62
320,167,79,61
316,167,82,60
318,167,80,59
318,168,79,58
317,168,80,56
316,169,78,57
318,168,76,56
317,168,77,55
317,168,76,55
318,167,76,56
317,169,74,54
316,169,73,54
317,171,73,53
316,171,71,54
315,170,72,55
317,170,71,55
316,169,73,56
317,170,70,55
316,169,71,54
314,171,72,51
314,172,72,49
314,171,70,51
315,171,70,50
314,170,70,49
317,169,70,49
316,168,71,50
317,168,70,48
321,168,69,48
324,168,68,49
325,168,68,49
327,168,68,48
328,167,67,47
333,167,65,48
332,167,67,46
336,167,62,46
337,168,63,46
338,167,63,45
337,167,64,45
340,168,62,47
341,167,62,48
341,170,60,45
340,170,61,43
342,171,58,43
340,171,59,43
341,171,58,45
339,171,59,44
339,172,58,43
338,173,57,42
339,175,58,41
336,175,60,42
337,174,59,43
336,175,58,42
336,174,56,42
334,173,57,41
334,171,55,42
332,172,55,40
333,170,53,40
331,168,54,40
331,167,54,40
331,167,52,38
330,165,53,39
329,167,50,37
330,168,50,37
327,166,53,38
327,165,51,39
328,164,49,39
329,165,48,38
329,164,46,39
328,163,49,39
328,163,46,39
328,163,48,37
328,164,46,36
328,164,46,37
330,165,44,38
329,166,47,37
330,167,46,37
331,168,46,37
331,169,46,36
331,169,49,36
333,170,48,36
334,170,47,39
334,171,46,38
334,171,48,40
334,174,47,40
336,175,46,38
338,176,42,36
341,176,40,37
341,177,40,38
340,177,42,37
341,177,42,35
343,176,43,35
344,176,41,33
346,176,41,33
347,177,41,34
351,178,38,33
351,178,39,33
353,178,38,30
354,176,36,32
357,175,36,32
357,173,36,32
359,170,36,31
355,170,42,32
357,169,42,33
357,169,44,31
360,166,41,32
362,166,39,30
360,166,42,30
362,166,42,32
363,168,40,33
363,171,41,30
364,174,40,31
367,176,39,29
365,179,41,28
365,178,40,26
366,178,40,29
365,175,39,29
364,172,39,30
363,169,40,32
364,169,39,29
363,165,39,31
363,166,38,29
362,165,37,31
361,166,39,29
358,167,39,29
359,169,38,29
359,171,38,29
360,174,36,29
358,175,38,28
358,175,36,29
358,178,36,27
360,176,33,28
359,177,36,27
360,174,34,29
360,175,36,28
359,172,37,29
358,173,38,29
357,173,37,28
357,174,39,27
356,172,39,27
357,171,38,27
358,169,38,29
358,168,40,28
359,168,37,30
356,169,39,28
357,172,36,27
356,172,38,28
355,171,40,29
355,172,39,31
355,170,39,30
355,172,39,29
355,170,41,30
355,170,41,28
356,171,38,28
356,168,38,30
356,172,40,28
356,172,40,28
356,170,39,29
357,171,37,27
356,169,38,29
357,171,40,27
357,172,40,29
356,171,40,30
359,172,35,29
358,173,38,29
360,176,34,23
361,176,34,25
361,174,34,26
362,174,32,26
361,172,35,29
361,172,34,28
360,172,37,26
360,171,36,29
359,172,38,27
356,170,40,29
357,170,38,28
356,168,40,30
355,167,40,30
358,167,37,29
356,164,37,32
356,166,37,30
355,165,38,30
353,164,40,29
352,164,42,32
352,162,39,33
354,167,34,28
352,167,36,28
352,167,37,30
352,165,37,32
354,166,35,30
355,165,35,29
353,165,39,30
352,167,40,28
353,166,39,30
351,163,41,31
352,164,40,31
352,163,39,31
353,165,39,29
351,164,41,31
351,163,41,31
351,164,41,31
352,166,40,30
352,168,43,29
353,169,40,29
353,167,41,31
353,167,41,32
355,166,39,33
354,166,41,32
354,166,42,32
355,166,41,31
354,166,42,30
355,166,42,29
354,164,43,31
355,165,43,32
357,164,40,32
356,167,40,31
355,167,43,31
357,168,41,30
355,167,42,32
356,167,40,32
356,168,41,31
354,169,45,32
356,170,38,29
354,169,42,31
356,166,42,34
355,165,42,34
353,165,46,34
354,164,45,36
355,165,44,35
354,166,45,35
353,167,46,35
353,167,47,35
354,167,45,35
354,166,44,36
353,166,47,35
353,163,48,37
353,163,46,35
355,164,45,35
354,165,42,34
355,166,45,34
353,166,47,34
353,168,48,35
353,168,49,35
353,168,49,35
353,168,50,35
353,169,48,34
353,169,48,35
352,167,51,37
352,171,48,34
352,170,49,35
352,169,49,35
351,170,49,35
352,171,47,34
352,168,49,37
351,165,51,38
350,165,52,38
351,165,52,38
350,165,51,38
350,165,50,39
