241,307,308,153
243,306,303,160
244,308,299,155
246,308,300,154
247,307,300,157
249,308,299,157
249,308,299,156
250,309,299,153
251,308,298,155
253,308,297,155
254,308,296,155
255,307,295,153
256,308,294,153
256,308,295,153
258,309,293,150
258,309,292,150
259,309,292,149
260,309,292,150
261,309,289,150
261,308,291,149
261,309,292,149
262,309,290,149
262,309,290,150
262,309,291,149
262,308,291,149
262,308,290,150
262,308,291,149
262,309,291,148
262,308,292,150
262,308,291,150
262,308,291,149
262,308,292,150
262,308,291,150
263,308,291,150
263,308,290,150
263,308,290,153
262,308,291,151
261,308,292,152
261,309,293,151
261,308,293,150
261,308,293,152
263,309,291,151
263,308,290,152
264,308,290,152
265,308,289,152
266,308,288,151
266,308,289,152
268,308,287,153
268,308,286,153
270,308,285,152
270,308,285,149
271,308,284,148
272,308,283,150
273,308,283,150
274,308,283,149
275,308,283,148
277,308,281,148
277,308,281,146
279,308,281,147
280,308,280,145
281,308,279,144
283,308,277,143
285,308,276,143
286,308,275,144
288,308,273,144
289,308,273,143
289,308,272,142
290,308,272,142
291,308,272,143
293,308,270,142
295,308,269,141
295,308,269,140
296,308,268,140
297,308,268,140
297,308,267,140
298,308,267,139
299,309,266,137
299,309,266,138
300,309,266,139
300,309,266,139
300,309,265,138
300,309,265,137
301,308,264,138
301,308,264,140
301,308,264,141
301,308,264,141
300,307,265,142
300,309,265,138
301,309,264,137
301,308,264,138
301,308,264,138
301,308,264,139
301,308,265,139
301,308,264,138
301,308,265,139
301,308,264,139
301,308,264,139
301,308,264,139
302,308,263,139
301,309,265,140
301,308,264,139
301,308,264,139
301,308,264,139
301,308,264,140
301,308,264,140
301,308,265,139
301,308,265,139
301,309,265,138
301,309,264,137
301,308,265,140
301,308,265,139
301,309,264,139
301,309,265,139
301,309,265,139
300,309,266,139
300,309,265,139
300,309,265,138
300,309,264,139
300,309,264,140
299,309,265,139
299,309,264,137
298,309,266,138
298,309,266,137
299,308,265,139
298,308,266,140
297,308,267,139
297,309,267,138
297,309,267,138
297,309,266,138
296,308,267,139
296,308,267,140
296,308,267,140
295,308,268,140
295,308,267,140
294,308,269,141
294,308,270,141
293,308,270,141
293,308,270,141
293,308,270,142
293,309,269,142
292,308,271,141
291,308,272,141
291,309,272,142
291,308,272,143
291,308,272,142
291,308,271,141
290,308,273,143
290,308,273,142
289,308,273,141
288,308,275,143
287,308,276,143
287,308,275,144
287,308,276,142
286,308,275,143
287,308,275,143
286,308,275,144
285,308,276,143
285,308,276,144
284,308,277,144
283,308,278,145
283,308,278,145
282,308,279,145
282,308,278,145
281,308,279,146
281,308,280,146
281,308,279,147
280,308,279,147
280,308,278,147
279,308,280,147
277,307,283,147
276,308,283,147
275,308,284,145
274,308,285,146
274,308,284,147
273,307,286,149
273,308,285,148
272,307,286,148
271,306,288,150
272,307,286,149
272,307,286,148
271,306,287,150
271,306,287,150
271,306,287,150
269,306,289,150
269,307,289,149
269,307,289,150
268,306,289,149
267,305,290,149
267,305,290,151
265,305,292,152
265,305,293,152
266,305,291,153
264,305,293,152
264,306,292,150
263,306,293,151
263,305,293,152
262,305,294,152
261,305,294,152
260,305,296,153
260,305,296,153
259,305,297,153
259,305,296,153
258,305,298,154
258,305,298,155
258,305,297,154
257,305,298,155
257,305,298,154
257,305,298,156
256,305,298,155
255,305,299,155
254,305,300,154
255,305,299,154
254,305,300,155
253,306,301,155
253,305,301,156
254,305,300,157
252,305,301,158
252,305,302,158
251,305,303,158
251,305,303,158
251,305,303,157
251,305,302,157
250,305,303,157
249,305,304,156
249,305,304,156
249,305,303,156
249,305,304,157
249,305,304,157
248,305,305,158
248,305,304,157
247,305,306,157
249,305,305,160
247,305,305,159
247,305,306,158
246,305,307,157
247,305,306,159
246,305,307,159
246,305,306,158
245,305,307,158
245,305,307,158
244,305,308,158
244,305,308,158
244,305,308,157
243,305,309,157
242,305,309,158
242,304,310,160
241,304,311,159
241,305,311,160
241,305,311,160
241,305,311,160
240,305,311,160
240,305,311,160
239,305,312,160
239,305,312,161
238,305,312,161
238,305,312,161
237,305,314,162
237,305,313,161
236,305,313,161
235,305,315,161
234,305,316,161
234,304,316,161
233,304,317,163
233,303,318,164
232,303,318,164
232,303,318,164
231,302,318,164
230,302,319,165
230,303,319,163
230,303,319,164
229,302,320,165
229,302,320,165
228,303,320,165
227,303,321,164
226,303,321,166
227,303,321,165
226,303,321,164
225,303,322,165
225,303,322,165
225,303,323,165
224,303,323,167
223,303,324,167
224,303,323,167
224,303,322,166
223,303,324,168
223,302,324,169
223,303,324,168
223,303,323,169
223,303,323,169
223,303,324,167
222,303,324,166
222,303,324,168
222,303,325,168
221,303,325,168
221,304,324,167
221,304,325,166
221,304,325,167
220,304,326,167
220,304,326,166
220,303,326,166
219,303,327,168
219,302,327,170
218,303,327,169
218,303,328,170
218,303,328,169
218,303,328,169
218,303,328,169
218,303,328,169
217,303,329,170
218,303,327,170
217,303,328,169
217,303,328,169
217,303,328,170
217,303,328,170
217,303,328,170
216,303,329,170
217,303,328,169
216,303,329,170
216,303,329,170
215,303,330,170
215,303,330,169
216,303,329,170
216,302,329,170
215,303,330,171
214,303,331,168
214,303,331,170
214,302,331,171
214,302,331,172
214,302,331,171
214,302,331,170
214,302,331,171
214,302,331,171
214,303,330,171
213,303,332,172
212,303,332,171
212,303,333,171
212,303,333,171
212,303,333,171
212,303,333,171
211,302,333,171
212,303,333,171
212,303,333,172
211,303,334,172
211,302,333,172
211,302,333,172
211,302,333,173
211,303,333,172
212,303,332,171
213,303,331,170
213,303,330,170
212,303,332,171
212,303,332,172
212,303,332,171
211,303,333,170
211,303,333,170
211,303,333,171
211,303,333,172
211,303,333,172
211,303,333,172
211,303,332,171
211,303,332,171
211,304,331,170
211,303,333,171
211,303,333,172
211,303,333,173
211,303,334,172
211,303,333,172
211,303,333,172
211,304,333,171
211,303,334,171
211,303,334,171
211,303,334,172
210,303,334,172
210,303,334,172
210,303,334,172
210,303,334,172
210,303,334,172
210,303,333,171
210,303,334,172
209,303,335,172
209,303,335,172
209,303,335,174
209,303,335,173
209,303,334,173
209,303,335,173
209,303,334,173
208,302,335,173
208,302,335,173
208,302,335,173
208,302,336,174
208,302,335,174
208,302,335,173
207,302,336,174
207,302,336,174
207,302,336,174
207,302,337,175
207,302,336,174
207,302,336,173
207,302,337,174
207,302,336,174
207,302,336,174
207,302,336,174
207,302,336,174
207,302,337,174
207,302,336,172
207,302,336,173
207,302,337,174
206,302,337,175
206,303,336,174
206,302,336,174
206,302,336,175
206,302,336,174
206,302,337,174
206,302,337,174
206,302,337,173
206,302,337,174
206,302,337,174
206,302,337,173
207,302,337,173
206,302,337,173
206,302,338,173
206,302,338,173
206,303,337,173
206,303,337,173
206,302,337,173
207,302,337,173
206,302,337,173
205,301,338,174
205,302,338,173
206,303,337,172
206,303,337,171
206,303,337,171
206,303,338,173
206,303,338,174
206,302,337,174
206,303,336,173
206,303,337,173
206,303,337,172
206,303,337,172
206,303,337,173
206,303,337,173
206,303,337,172
206,303,337,172
206,303,338,173
206,303,337,172
206,302,337,174
206,303,337,172
206,303,337,172
206,303,337,172
206,302,337,176
206,302,337,176
206,302,337,176
206,302,337,175
206,302,336,175
206,302,336,174
206,302,336,174
206,302,337,174
206,302,338,175
206,302,338,175
206,302,337,175
206,302,337,174
207,302,336,175
207,302,336,175
207,302,336,174
207,302,336,174
207,302,337,174
207,302,337,174
208,302,336,174
208,302,335,174
208,302,335,175
208,302,335,174
206,302,337,174
206,302,337,174
206,302,337,174
206,302,337,173
206,302,336,173
206,302,336,173
206,302,337,174
206,302,337,174
206,302,337,174
206,302,337,175
206,302,337,175
206,302,337,174
206,302,337,175
206,302,337,174
206,302,337,174
206,302,337,175
206,302,336,175
206,302,337,175
206,302,337,175
206,302,337,175
206,302,337,175
206,302,337,175
206,302,337,175
206,302,337,175
206,302,336,174
206,302,336,174
206,302,336,174
206,302,336,174
206,302,336,174
206,302,337,174
206,302,337,173
206,302,337,173
206,302,338,173
206,302,337,173
206,302,338,173
206,302,337,174
206,302,337,174
206,302,337,174
206,302,337,174
206,302,337,173
207,303,336,173
207,303,336,173
207,303,336,173
207,303,336,173
207,303,336,173
207,303,336,173
207,303,336,173
207,303,336,173
207,303,336,173
207,303,336,173
207,303,336,173
207,303,336,173
207,303,336,173
207,303,336,173
207,303,336,173
207,303,336,172
207,303,336,172
207,303,336,172
207,303,336,172
206,303,337,174
207,303,336,174
206,303,337,174
206,303,337,172
205,303,338,172
206,302,337,173
206,303,336,173
206,303,336,173
207,302,335,173
207,302,335,173
206,302,337,172
206,303,338,171
206,303,337,172
206,303,338,173
206,303,337,173
206,303,337,173
206,303,338,174
206,303,338,174
206,304,337,174
206,304,337,173
206,304,337,173
206,304,337,173
206,303,337,174
206,303,337,174
206,303,337,173
207,303,336,172
207,304,336,171
206,305,337,172
206,305,337,171
206,304,337,172
206,303,336,173
206,303,337,173
206,303,337,174
206,303,337,173
206,303,337,173
206,303,337,172
206,302,337,173
206,302,337,174
206,302,336,174
206,302,336,172
206,302,337,173
206,302,337,173
206,302,337,172
206,302,337,173
206,302,337,172
206,302,337,173
206,302,336,173
206,302,338,173
206,302,337,172
207,302,336,171
207,302,335,172
207,301,335,172
207,301,336,173
206,302,336,174
206,302,337,173
206,303,337,172
206,303,336,172
206,303,337,171
206,303,337,171
206,303,337,171
206,303,337,171
206,303,337,171
206,303,337,172
206,303,337,172
206,303,338,170
206,303,338,171
206,303,337,173
206,303,337,173
207,303,336,173
207,303,336,173
206,303,337,172
206,303,337,171
206,304,337,171
206,304,337,171
206,304,337,171
206,303,337,173
206,303,336,172
206,303,335,171
206,303,335,171
207,303,335,171
207,303,336,171
207,303,335,170
207,303,335,171
207,303,335,171
207,303,336,171
207,303,335,171
207,303,335,171
207,303,336,172
206,304,337,172
206,303,337,172
207,303,336,171
207,303,335,170
207,303,334,170
207,303,336,170
207,303,336,171
207,303,336,171
207,303,336,172
207,303,336,172
207,303,336,173
207,303,336,172
207,303,336,172
207,303,336,172
207,303,336,172
207,304,335,171
207,304,336,171
207,304,336,170
207,304,335,169
207,303,336,171
207,303,336,171
207,303,336,171
207,303,335,171
207,303,336,172
207,303,336,171
207,303,336,171
207,303,336,171
207,303,335,171
207,303,336,171
207,303,336,170
206,303,337,171
206,303,337,171
207,303,336,171
207,303,336,171
207,303,335,170
207,303,336,169
207,303,336,172
207,303,336,172
207,303,336,171
207,303,336,171
207,304,336,171
207,303,336,171
207,303,336,171
207,303,336,171
207,303,336,171
207,303,336,171
206,303,337,171
207,303,337,170
207,303,337,171
207,303,337,171
208,303,336,170
208,303,335,171
207,303,336,171
207,303,336,171
206,304,336,170
207,304,336,170
207,303,336,171
207,304,336,170
206,303,337,170
206,303,338,171
206,303,338,172
206,303,338,172
206,304,337,171
206,304,337,171
206,303,337,171
206,303,338,171
206,303,337,171
206,303,338,171
206,303,338,171
206,303,338,171
206,304,337,171
206,304,337,171
206,304,337,172
206,304,337,172
206,304,337,171
206,304,337,170
206,304,337,170
205,304,337,172
205,305,338,172
205,305,338,171
204,305,339,171
204,305,340,171
204,305,339,170
205,305,339,171
204,305,339,172
203,305,340,173
204,305,339,174
203,305,340,174
203,305,340,174
203,305,339,173
202,305,341,174
202,305,341,174
202,305,341,174
201,305,342,174
201,305,342,175
200,307,343,174
200,307,343,174
199,308,343,173
198,308,344,175
198,308,344,176
198,308,344,176
197,309,344,176
197,310,345,176
197,310,346,175
197,310,345,175
197,309,346,176
196,309,347,178
196,309,347,178
196,309,347,178
196,309,347,178
195,308,347,180
197,308,347,182
199,308,345,182
200,308,344,181
200,308,345,180
201,309,344,179
204,309,341,179
205,309,340,179
206,309,339,178
207,310,339,178
208,310,339,177
210,310,338,178
211,311,338,177
211,311,338,176
214,311,335,175
216,312,333,173
218,312,332,173
220,312,331,174
222,312,330,174
224,314,329,172
224,314,329,172
227,315,327,171
228,317,327,170
230,318,326,169
231,320,325,168
233,320,325,168
233,320,324,169
235,322,324,169
237,323,322,169
238,323,322,169
239,323,321,168
240,323,320,167
241,322,320,168
241,322,320,168
241,323,320,168
243,324,319,167
243,323,319,165
244,322,318,165
244,322,318,167
244,322,319,167
245,321,318,166
245,321,319,166
246,320,318,166
245,320,320,167
245,319,321,169
246,318,320,170
247,318,319,170
245,317,323,170
247,317,321,170
247,317,320,170
247,316,322,171
248,315,321,170
247,315,322,170
248,315,322,170
249,315,321,170
250,315,319,167
250,315,321,166
251,316,320,168
251,315,321,169
251,314,320,169
251,313,322,172
251,313,322,169
252,309,320,172
252,309,319,173
252,308,319,172
253,308,321,171
252,308,320,171
253,308,320,171
253,308,319,171
255,309,317,171
257,310,316,171
257,311,317,171
258,312,316,170
258,310,318,172
259,310,317,175
260,311,317,175
260,310,317,175
261,310,315,175
262,312,315,175
263,313,315,175
264,314,313,175
265,315,314,173
267,316,312,172
267,315,312,172
268,314,312,172
268,313,313,174
269,312,312,174
269,312,313,174
270,311,313,174
271,310,313,174
272,310,311,173
273,310,311,173
275,310,309,172
276,310,310,172
277,310,309,172
278,310,308,172
280,310,307,174
280,310,307,175
281,310,307,175
282,310,306,174
284,310,304,175
286,310,303,175
289,310,302,174
290,310,301,173
292,309,299,171
293,308,299,170
294,307,299,168
295,307,299,168
298,307,296,167
300,307,294,166
302,307,293,166
302,307,294,167
304,307,293,163
306,306,291,163
308,306,290,163
309,305,290,162
311,304,289,162
312,303,289,162
314,303,287,162
316,303,287,163
318,304,286,160
320,304,285,160
322,304,285,160
324,304,284,160
327,303,283,160
330,304,281,158
332,304,281,160
335,304,279,159
337,304,279,158
339,303,279,159
342,303,277,159
345,303,275,159
348,303,273,160
350,303,273,161
352,303,274,161
355,304,272,158
359,304,270,158
362,305,269,156
366,305,267,154
369,307,265,153
372,308,264,153
374,309,264,153
376,309,264,153
379,310,263,153
382,310,261,152
385,310,259,154
389,311,256,154
391,312,256,153
395,312,253,151
397,311,253,149
401,311,252,148
403,311,251,147
407,310,249,146
409,310,248,145
413,308,245,145
416,308,245,145
419,308,244,144
422,307,241,144
425,307,241,145
428,306,239,143
431,305,238,143
434,305,236,142
437,305,235,141
441,305,232,140
443,305,233,139
446,306,232,139
449,306,230,139
452,308,228,138
455,308,227,138
458,310,225,136
461,311,223,136
463,311,223,137
466,312,222,136
468,313,221,135
470,313,220,135
472,313,219,134
476,312,217,133
478,311,215,133
481,311,214,132
483,311,213,130
486,311,212,129
488,311,211,128
491,311,209,128
492,311,210,127
495,312,208,126
499,313,206,125
501,312,204,127
504,311,203,127
506,309,202,129
508,308,201,128
511,307,200,129
513,307,199,128
515,305,198,127
518,305,197,128
520,305,196,127
522,307,196,127
525,308,194,127
527,308,193,128
529,310,192,126
531,310,192,126
534,309,190,126
535,309,191,126
537,308,190,125
540,307,189,125
541,306,190,125
545,306,188,124
548,306,186,124
550,306,186,123
552,306,187,123
555,307,184,124
556,308,185,123
559,318,183,115
562,315,184,118
564,317,183,116
567,316,183,115
568,315,181,113
571,313,181,114
574,312,179,113
576,310,178,114
579,308,177,113
581,307,177,112
583,306,176,112
586,305,175,113
589,305,174,114
591,306,173,113
593,306,173,114
596,308,172,112
599,309,171,114
601,309,173,114
604,310,171,114
607,310,170,113
609,310,170,113
612,310,169,113
615,310,168,111
617,309,166,110
619,309,166,110
622,309,164,109
624,311,161,107
626,310,162,108
631,311,161,108
633,311,161,109
635,311,158,110
638,313,154,108
642,312,153,109
644,312,155,108
646,311,153,108
648,311,153,107
650,310,151,107
652,309,151,109
654,308,151,109
656,307,151,110
658,309,150,110
661,308,148,109
663,309,147,108
664,309,147,107
666,308,147,108
668,308,147,108
671,308,146,108
673,309,145,107
674,309,145,107
676,307,145,111
677,308,144,110
679,309,143,110
679,309,144,109
681,310,143,108
683,309,141,107
684,309,141,107
685,310,140,106
687,309,140,105
688,309,141,104
689,308,140,104
689,309,140,105
690,308,140,104
691,310,140,102
692,311,138,102
693,311,137,104
694,312,137,102
694,312,137,102
694,311,138,103
695,312,137,101
696,311,137,102
697,310,136,102
698,311,135,100
696,309,139,101
697,310,138,98
696,310,139,99
698,310,139,98
697,310,139,98
700,312,137,97
699,310,138,98
700,311,139,99
701,313,138,97
702,313,137,98
702,312,137,97
703,311,136,97
703,311,137,97
704,310,136,96
705,309,135,96
705,308,136,95
706,309,135,96
706,309,135,97
707,308,135,98
707,309,135,98
708,309,134,100
708,311,134,97
708,311,135,98
709,310,134,97
709,310,134,96
709,310,134,96
709,310,133,96
709,310,134,96
708,310,135,96
708,310,135,96
709,310,134,95
708,309,135,96
709,308,134,96
707,306,135,97
707,306,135,96
707,304,135,96
708,305,134,96
708,304,134,97
707,304,135,96
707,304,135,96
707,303,134,98
707,303,134,97
708,304,133,95
711,304,130,95
710,304,131,96
711,305,130,94
711,305,130,95
711,308,130,92
711,308,130,94
711,309,128,92
711,309,129,92
711,309,128,93
711,310,128,92
711,312,127,91
711,309,128,92
710,310,129,90
711,309,127,91
711,307,127,92
709,307,129,92
709,306,128,93
709,308,127,92
709,309,127,91
709,309,127,91
710,310,126,91
709,311,126,90
709,311,127,91
710,310,125,92
710,311,124,89
710,311,125,89
710,310,124,89
709,311,125,89
710,312,124,87
710,311,124,89
710,314,123,86
710,314,124,87
710,313,124,88
709,312,124,88
709,314,125,88
709,314,124,87
709,314,124,87
709,314,124,87
709,314,124,87
708,311,124,88
706,311,127,89
708,309,125,89
708,309,124,88
708,309,125,90
709,309,124,89
708,309,125,90
709,311,124,88
710,310,122,88
710,308,123,89
709,308,123,89
710,308,123,89
710,308,123,90
711,309,121,89
711,310,122,88
711,311,122,87
711,310,122,87
711,309,122,90
711,308,124,90
712,308,123,90
712,308,123,91
712,308,123,90
713,306,123,92
714,306,122,91
714,305,123,90
713,305,124,90
713,305,125,89
713,305,126,90
714,306,124,90
714,307,125,90
716,307,124,90
717,308,123,90
717,308,124,90
717,308,124,91
717,308,124,90
717,309,125,91
717,308,126,92
719,309,124,91
719,309,124,92
719,309,125,93
719,311,125,90
719,310,125,93
719,310,125,92
718,308,127,93
718,308,127,92
719,307,124,93
718,305,128,93
718,303,127,94
717,302,129,95
718,301,127,96
716,301,129,96
717,301,129,96
716,300,129,97
716,301,129,97
716,301,129,97
715,302,130,95
714,300,132,98
713,298,132,98
713,299,133,99
713,301,133,96
713,301,132,96
712,301,132,97
712,301,133,97
712,301,132,97
712,301,133,97
711,301,134,98
711,301,134,98
710,301,134,99
710,302,135,99
709,302,136,100
709,303,136,100
709,303,137,100
708,303,137,101
708,303,137,102
706,302,139,103
706,302,138,104
705,302,139,105
705,303,140,105
705,303,140,105
704,302,141,105
704,304,141,101
703,303,141,102
702,303,142,104
703,303,141,102
702,301,141,105
702,303,142,101
702,304,142,102
701,307,143,99
699,307,145,101
700,310,145,100
700,308,144,104
699,307,145,104
698,307,146,104
698,309,146,103
697,309,146,103
697,309,147,103
696,310,148,102
695,309,147,101
694,307,149,103
694,305,149,104
692,304,150,104
692,302,149,104
690,300,150,107
689,300,151,105
688,301,150,104
687,301,151,104
685,302,152,104
683,303,152,105
681,304,152,105
680,305,152,105
678,305,155,106
677,306,154,106
676,305,154,107
675,305,155,107
674,306,156,106
673,306,155,105
672,306,156,106
671,307,157,106
670,307,156,107
668,307,158,108
667,306,159,108
666,305,159,108
665,304,159,108
664,304,159,107
662,301,159,111
661,301,158,110
660,301,160,110
658,303,160,111
656,304,160,110
655,306,160,110
654,308,160,110
652,308,159,110
651,307,159,110
650,305,159,111
648,302,159,113
646,303,161,111
645,301,161,111
644,302,161,111
641,302,161,110
639,303,163,111
639,303,164,112
638,305,163,112
638,307,160,112
637,308,161,114
637,309,160,113
637,307,160,112
636,304,159,114
634,301,159,113
633,298,158,115
632,296,159,117
628,297,165,116
628,298,163,115
628,299,163,114
627,301,163,114
625,300,163,117
623,303,164,115
622,303,166,118
622,301,164,121
621,300,163,122
620,298,164,124
619,297,163,122
618,295,167,125
617,294,166,124
616,294,165,124
615,293,166,124
614,293,166,124
614,292,166,123
612,290,168,125
611,290,169,124
610,290,171,125
611,290,170,123
610,291,171,123
610,291,173,126
610,292,172,127
609,291,172,127
608,292,175,128
609,291,173,128
608,292,173,129
609,291,172,129
608,292,173,129
610,292,172,130
610,292,172,129
609,292,174,129
609,293,172,128
607,294,176,129
607,293,176,128
609,292,172,127
610,291,171,126
608,289,174,127
609,288,176,127
609,288,172,128
608,288,173,127
609,289,172,128
607,290,174,128
608,291,173,129
609,293,172,129
608,296,174,128
608,295,173,129
609,296,170,129
607,297,171,127
608,297,170,128
608,297,168,127
606,296,170,127
605,295,170,127
604,296,170,124
603,294,170,126
602,293,171,125
603,292,168,124
603,292,167,125
602,291,167,125
602,291,167,124
600,290,168,125
600,291,167,125
600,293,168,124
600,295,166,123
601,296,166,125
599,299,165,123
599,300,164,124
601,300,163,126
599,300,163,125
600,303,161,120
601,300,162,124
600,299,164,123
601,296,163,126
600,296,164,123
602,296,162,120
602,295,162,122
602,296,163,121
602,296,161,121
601,296,163,121
602,297,161,121
602,299,165,120
601,299,164,120
604,299,161,119
603,299,164,119
604,299,161,119
605,298,159,118
605,296,158,119
606,295,159,120
608,294,158,120
606,295,162,120
609,296,161,118
610,296,159,118
611,296,157,118
611,296,160,118
612,295,158,119
613,296,159,117
613,296,159,119
613,297,159,117
616,297,157,118
616,298,158,116
615,298,160,116
617,298,161,118
620,300,155,117
621,302,153,114
620,300,156,116
622,302,157,114
622,304,159,112
625,304,155,112
626,304,156,113
628,303,154,113
626,300,161,116
630,301,156,115
634,302,153,114
637,301,152,115
638,300,152,114
639,300,154,113
642,301,154,113
644,301,152,112
644,302,153,111
647,301,152,111
650,301,151,111
652,301,153,111
652,302,155,110
654,302,153,111
655,302,151,111
656,303,154,111
659,304,150,111
660,304,151,112
660,305,149,112
662,305,148,113
661,307,151,111
663,309,148,109
665,309,149,109
665,308,151,109
666,307,152,109
668,306,149,109
672,306,145,109
675,303,145,111
672,303,148,109
673,303,149,109
676,303,151,110
676,300,148,111
678,300,148,109
677,300,149,109
679,297,150,111
681,296,152,111
683,296,149,112
686,297,147,111
685,298,148,109
684,298,148,110
685,297,148,113
686,300,150,110
685,301,152,110
686,300,151,112
687,299,151,112
688,299,152,114
689,297,151,114
691,297,149,113
691,297,150,114
691,298,151,114
692,298,150,113
691,298,151,114
692,297,151,115
692,298,153,113
692,298,151,113
692,298,153,113
692,298,153,114
693,298,153,113
694,298,153,113
695,297,153,115
697,298,153,116
697,298,154,114
699,298,155,116
700,299,154,115
701,299,155,116
702,297,156,117
703,299,157,117
705,298,155,117
705,299,157,117
706,301,157,116
706,301,157,117
707,302,156,114
706,302,159,115
706,302,158,116
705,300,159,118
705,300,158,117
704,301,158,117
701,301,161,118
700,300,160,119
697,300,159,118
695,299,162,119
694,300,160,119
692,299,158,119
689,299,159,119
688,300,158,119
684,300,159,119
682,299,160,119
681,299,159,120
679,299,158,120
676,299,159,120
674,299,159,120
671,299,161,120
670,299,160,120
668,299,161,120
667,299,160,122
666,299,161,122
665,298,161,124
664,298,159,124
661,297,161,124
660,296,162,124
658,295,163,126
656,294,162,126
653,293,163,126
652,293,164,127
651,293,165,126
649,292,167,127
649,293,167,127
649,294,168,127
649,294,167,126
649,294,167,126
648,294,168,125
649,294,168,127
649,294,168,127
650,294,167,127
651,293,167,127
650,293,168,126
648,292,172,128
651,293,168,126
650,294,168,126
652,295,168,126
652,296,169,126
652,296,169,126
654,296,168,126
654,297,167,126
655,297,168,127
655,298,168,127
655,298,169,127
654,299,171,128
655,299,172,128
654,298,173,129
655,296,173,129
655,297,172,132
655,297,175,132
656,298,174,130
657,297,175,130
658,296,175,132
658,298,176,131
658,298,177,132
658,300,178,131
659,298,179,133
661,296,179,135
661,296,178,135
662,296,178,136
662,296,180,137
663,299,179,134
663,301,180,135
665,301,179,136
666,303,179,134
666,304,181,135
667,303,181,135
667,304,182,134
667,303,182,136
667,304,184,136
668,303,184,137
669,302,184,138
669,302,186,137
670,302,187,138
671,302,186,138
671,301,188,138
671,299,187,140
671,301,189,139
672,301,189,141
671,304,191,138
672,303,192,139
672,302,190,141
672,301,192,142
671,304,194,139
673,302,193,143
673,301,195,143
673,302,196,143
674,302,196,144
674,303,197,142
674,303,197,145
674,303,197,144
674,303,198,144
675,304,197,145
675,303,199,146
675,303,200,147
674,303,201,147
675,301,201,149
676,301,201,149
676,300,201,150
675,301,205,150
676,301,205,150
677,300,205,150
678,298,208,152
675,299,214,151
675,301,213,150
675,299,211,152
675,299,214,151
676,300,212,154
676,301,212,151
675,300,217,152
675,301,216,151
677,300,217,154
675,300,220,154
675,300,221,157
676,301,222,157
676,300,221,158
675,304,226,154
676,301,222,157
676,302,220,156
677,302,220,157
677,302,220,158
677,301,222,158
677,302,223,158
677,303,223,157
678,304,222,158
677,303,224,159
677,303,223,158
677,304,225,159
676,302,227,161
676,303,227,160
676,303,228,160
676,302,227,161
677,303,228,160
677,303,229,161
677,303,229,162
678,303,229,162
677,303,230,163
677,303,231,165
676,301,233,165
675,301,233,166
675,303,234,166
675,302,234,166
675,301,234,167
676,302,234,168
677,302,235,167
676,303,238,167
675,304,238,167
675,304,237,166
674,304,239,166
674,304,239,165
674,305,241,166
674,305,242,167
674,304,241,167
675,303,241,167
675,303,240,166
675,302,241,167
674,301,241,170
673,301,242,170
673,301,245,173
673,301,246,172
673,300,244,173
673,299,244,174
673,299,244,175
674,300,244,172
674,299,242,173
674,300,242,172
674,299,242,172
673,299,241,171
672,299,243,172
673,301,244,172
673,302,244,171
673,302,244,171
674,302,244,172
673,302,244,173
673,302,243,172
673,301,242,172
674,300,241,173
674,299,240,175
674,299,240,175
674,300,240,175
674,301,240,175
673,301,240,175
674,301,240,175
674,300,241,175
674,301,242,175
673,301,243,175
673,302,244,175
673,301,244,175
673,300,244,175
673,299,244,175
673,299,244,175
674,300,242,174
674,300,241,173
674,300,240,172
674,300,242,173
674,301,242,173
674,301,244,173
674,300,243,173
674,299,242,173
673,299,241,173
673,298,243,173
673,298,245,176
673,298,245,176
673,298,245,176
674,297,243,178
674,296,242,179
674,296,243,179
674,298,242,177
674,298,241,176
674,298,242,176
673,298,244,176
674,298,244,177
673,298,244,177
673,297,243,178
674,297,243,177
674,297,243,178
674,296,243,178
674,297,242,177
674,298,243,176
674,298,244,176
673,297,243,176
674,298,242,176
674,298,241,175
674,298,240,174
674,298,241,174
674,298,241,174
674,298,242,175
675,297,240,176
674,297,241,176
674,297,241,176
674,297,241,176
674,296,242,177
674,296,242,177
674,296,241,176
674,297,242,177
674,297,242,176
674,297,241,176
674,296,241,177
674,297,240,176
673,297,242,176
674,296,242,178
674,296,242,177
674,296,242,177
674,296,242,177
674,296,242,177
674,296,241,178
674,296,242,178
674,297,241,177
674,296,241,179
674,295,240,182
674,296,240,179
674,295,240,180
674,295,240,180
674,296,240,179
674,297,241,178
674,297,240,178
674,297,240,177
674,297,242,177
674,298,242,177
674,298,241,177
673,297,242,177
674,297,242,177
674,298,241,176
674,298,241,175
674,298,240,174
674,298,239,173
674,299,241,172
674,299,241,173
673,299,241,173
674,298,240,175
674,300,240,173
674,297,240,176
674,298,239,175
674,297,239,176
674,297,241,175
674,296,240,177
674,295,241,179
674,294,240,179
673,296,241,178
674,297,242,177
674,296,243,178
674,295,243,178
674,296,243,179
674,297,244,177
673,294,246,180
673,297,246,177
674,295,243,179
674,295,243,179
674,294,241,179
675,297,241,176
675,296,241,177
674,297,239,176
674,298,239,175
674,295,240,179
674,295,239,179
674,295,240,179
674,296,240,177
673,296,240,178
673,295,240,178
674,295,240,179
673,296,241,177
674,297,241,176
674,297,241,177
674,295,246,180
674,294,242,180
674,295,241,180
674,296,241,179
674,297,244,179
674,297,244,178
674,297,246,177
674,296,245,179
674,297,244,177
674,296,245,178
674,296,244,179
674,295,245,179
674,295,245,179
674,295,243,179
676,295,242,179
675,296,240,177
675,297,241,178
674,298,243,176
675,299,241,174
674,296,240,179
674,297,240,177
674,295,241,180
674,296,241,178
674,294,242,179
674,295,242,177
674,294,242,181
674,295,241,179
674,295,242,179
674,295,241,179
674,295,241,178
675,295,241,179
675,295,242,180
674,295,243,179
674,295,242,180
673,295,244,179
671,298,246,176
673,298,246,176
673,298,247,176
674,298,244,174
672,298,246,176
673,297,247,176
672,298,248,175
672,298,247,175
673,299,246,176
673,299,246,176
673,297,246,176
673,299,245,175
672,296,246,177
673,297,247,177
673,297,245,178
674,298,243,177
672,298,245,177
673,296,245,177
673,297,245,176
672,298,246,178
673,297,245,178
674,299,243,176
673,296,245,178
673,297,245,178
674,297,244,177
673,296,245,177
675,298,242,178
673,296,244,177
674,296,244,179
673,297,243,177
674,297,242,178
674,298,241,178
674,297,242,179
674,296,243,178
674,297,243,178
674,298,244,177
674,299,244,176
674,299,242,175
674,298,243,177
674,299,242,175
674,298,242,178
674,297,241,178
674,296,242,178
674,296,243,178
674,296,242,177
674,299,242,175
674,299,243,176
674,298,242,177
674,297,243,177
675,299,240,174
674,300,242,174
674,298,242,176
674,299,241,175
674,298,242,176
674,295,241,178
674,295,241,178
674,298,241,176
674,298,242,177
674,299,241,175
674,300,241,174
674,299,241,174
674,299,242,176
674,298,241,176
674,299,241,174
673,299,242,176
673,299,242,174
673,299,242,176
673,299,244,175
673,297,243,176
674,298,242,176
675,298,242,175
674,298,242,177
674,298,243,177
674,297,243,177
674,296,243,178
674,296,243,178
674,297,244,177
674,296,244,177
674,296,242,177
674,298,242,177
674,298,244,177
674,296,243,180
674,296,243,179
673,296,243,179
674,297,243,179
674,296,241,179
674,297,241,175
674,296,242,178
674,297,242,178
674,294,242,180
674,295,243,179
675,296,241,177
675,297,241,177
674,296,242,178
674,295,243,179
673,297,244,177
673,295,243,178
673,295,243,179
674,297,243,176
674,297,243,177
674,297,243,176
674,296,243,177
674,297,242,177
673,296,244,177
674,297,243,177
674,297,243,176
674,298,243,175
674,299,243,174
674,297,244,177
674,297,243,177
673,297,245,176
673,298,244,175
674,293,245,180
674,293,244,180
673,296,244,178
673,296,244,177
674,296,243,178
674,296,243,179
673,294,244,180
673,294,244,181
673,294,244,179
673,296,244,180
673,295,245,180
673,295,245,180
674,295,244,180
674,295,243,180
674,295,244,181
674,295,245,180
674,293,244,182
674,293,243,182
673,296,244,179
673,295,243,178
674,295,242,179
674,295,243,178
674,295,242,177
674,295,243,178
674,297,242,178
674,296,243,178
674,295,245,179
674,294,244,181
674,295,245,180
673,295,247,180
673,295,247,180
673,295,247,181
673,295,245,180
673,296,245,180
673,298,244,178
673,297,243,177
673,297,243,177
674,297,242,178
674,296,242,179
674,296,242,180
674,295,243,179
673,295,244,179
674,296,243,177
674,296,242,181
674,295,244,180
673,294,245,181
672,295,246,180
674,296,243,181
674,295,242,180
673,296,244,179
672,297,244,180
673,295,244,181
674,295,242,180
673,295,244,181
674,295,243,180
674,296,243,181
673,296,244,179
674,296,243,180
674,295,242,181
674,295,243,180
674,295,242,181
674,294,243,181
673,295,244,181
674,295,242,180
674,294,241,181
674,295,242,180
675,293,239,180
674,294,242,180
674,295,243,178
673,295,243,177
674,295,241,181
674,295,241,181
674,295,243,181
674,295,243,181
673,295,242,180
674,294,242,180
673,295,242,179
674,295,241,179
674,295,242,179
674,294,242,179
674,294,241,178
674,294,241,178
674,295,241,178
674,294,241,180
674,294,241,179
673,294,242,180
674,295,242,180
674,295,241,180
674,295,241,179
674,295,243,179
672,295,244,178
673,295,244,179
673,295,244,178
674,295,241,180
674,295,242,181
674,296,241,181
673,295,243,181
674,295,242,182
674,295,243,181
674,295,242,180
674,295,241,180
674,295,241,181
674,295,242,182
673,295,244,181
673,296,243,179
673,297,243,180
673,298,243,176
674,298,242,176
674,298,242,180
673,297,243,178
674,296,242,180
674,296,242,180
674,297,241,179
674,298,241,176
674,298,241,178
674,295,242,179
674,297,241,180
674,295,241,181
673,296,242,180
673,296,242,179
674,297,242,180
674,297,241,178
673,297,243,177
673,297,243,178
673,298,244,177
673,297,243,178
673,298,242,179
672,299,244,177
673,298,243,177
674,298,242,177
673,298,244,176
673,299,243,175
673,299,243,176
673,299,244,177
673,298,243,177
672,297,244,181
673,296,243,179
673,296,242,179
674,296,242,179
673,296,242,179
674,296,241,179
674,297,243,179
673,297,245,179
674,297,244,179
673,296,244,180
673,297,244,180
673,295,246,182
673,296,246,180
673,296,242,180
673,299,245,176
673,298,244,178
673,299,243,178
673,298,243,178
673,298,242,177
674,295,241,181
673,298,242,176
674,297,241,179
674,297,240,178
674,297,239,178
673,298,241,179
674,298,241,179
674,297,239,178
672,297,242,179
673,297,244,179
673,297,243,180
673,297,242,178
673,297,243,180
672,297,245,179
673,297,241,180
673,298,242,177
674,299,242,176
673,299,242,177
673,298,244,179
674,297,242,179
674,297,242,178
673,297,242,179
673,297,242,178
673,296,244,179
674,295,242,181
673,297,243,178
673,296,242,179
673,296,243,179
674,297,242,177
674,297,243,178
674,297,241,179
675,296,240,179
673,296,244,180
674,296,243,180
673,297,243,179
673,297,241,179
674,297,242,178
674,297,241,178
674,297,242,179
674,298,243,179
674,296,242,179
674,297,242,179
674,299,242,178
674,297,242,178
674,297,241,179
674,296,241,179
674,295,241,180
674,295,241,179
674,296,241,180
674,294,242,181
675,294,240,181
674,294,240,181
673,294,241,181
674,294,242,182
674,294,241,180
674,295,240,180
674,295,241,180
674,295,241,181
674,295,241,180
675,294,239,180
674,295,241,180
674,294,241,182
674,294,242,183
674,297,243,181
673,298,243,179
674,297,243,180
673,296,242,181
674,294,242,181
674,295,244,181
674,296,243,180
675,294,243,181
674,295,245,181
674,296,243,180
674,296,243,179
675,296,239,179
675,296,241,179
675,296,240,179
675,296,241,178
674,297,240,178
674,297,241,178
674,297,241,178
674,296,242,179
674,296,242,180
674,296,242,180
674,296,242,180
675,296,241,179
674,296,243,180
674,295,242,181
674,295,241,181
674,294,241,181
674,294,242,181
674,294,241,181
674,295,240,180
674,293,241,182
674,293,240,183
674,294,240,182
674,295,241,182
673,294,242,182
674,295,240,183
674,294,240,182
673,295,242,180
674,294,241,181
674,294,241,181
674,294,242,182
674,294,241,183
674,294,243,182
674,294,242,182
673,293,244,183
674,292,242,184
673,294,243,181
673,295,243,181
673,292,245,184
673,293,244,184
674,293,242,183
673,294,244,183
673,294,242,181
674,294,242,182
674,294,242,185
675,294,242,184
673,294,243,183
674,294,241,184
673,293,243,185
674,294,242,184
674,293,243,183
674,293,242,182
674,293,242,183
674,295,243,181
674,295,243,183
673,296,244,180
673,296,243,181
674,297,242,179
674,296,242,180
673,298,243,177
674,298,243,178
674,297,243,179
674,297,244,179
674,296,244,180
674,296,243,180
674,297,244,179
671,297,245,179
673,296,244,180
674,296,243,180
674,295,243,180
673,296,243,180
674,296,242,179
673,297,244,178
674,296,245,181
674,298,244,179
673,297,246,181
674,297,245,179
673,297,244,181
674,297,243,179
673,297,244,180
674,297,245,181
676,296,241,181
675,297,243,178
677,296,240,178
678,298,238,175
677,299,239,175
678,297,236,174
680,297,235,172
679,298,234,172
680,298,234,171
683,298,230,169
683,299,227,169
683,300,227,166
683,300,226,166
685,302,224,163
686,299,224,166
689,300,221,162
689,301,221,161
691,300,219,161
692,302,214,158
693,302,213,158
694,302,212,155
694,303,210,153
695,304,211,151
697,306,210,147
699,305,207,147
700,305,205,145
701,302,201,147
702,302,197,146
703,302,197,145
704,303,197,144
706,303,194,141
707,304,193,141
709,303,190,139
711,304,187,136
712,302,185,135
713,303,183,134
714,303,180,133
716,304,178,128
717,303,176,129
718,304,175,127
719,303,175,128
719,303,173,127
719,305,172,123
720,303,172,125
721,304,170,123
722,303,169,124
723,303,168,124
723,303,166,124
724,302,164,122
725,302,162,120
730,301,154,119
731,303,153,115
732,301,152,116
734,306,150,109
736,306,146,106
737,305,146,107
738,306,144,105
740,307,141,102
742,308,139,101
743,308,137,99
743,307,137,99
743,307,135,99
744,307,133,98
745,305,133,98
746,306,132,98
750,305,128,97
751,306,125,94
751,307,124,93
751,307,124,92
751,307,124,91
753,304,121,93
753,304,121,91
754,305,120,90
754,304,117,91
756,304,116,88
757,303,114,89
758,306,113,84
759,306,112,84
760,303,109,86
761,304,107,84
760,306,110,82
761,306,110,79
763,305,104,80
764,304,103,79
763,306,103,78
766,308,99,75
767,308,98,74
767,308,97,73
767,307,96,74
766,307,97,73
767,306,96,74
768,309,93,69
768,309,92,67
768,313,91,63
769,311,90,64
770,311,89,63
771,311,87,62
771,312,86,61
773,312,83,60
773,311,83,62
773,311,83,60
773,310,82,61
774,310,81,59
775,312,79,57
776,313,77,57
777,314,76,55
