113,151,160,140
117,149,156,145
116,148,158,145
115,148,157,145
116,147,157,145
116,148,157,144
118,147,157,145
121,146,156,145
123,145,157,144
121,145,158,144
121,145,158,143
120,145,159,143
120,144,159,144
118,144,160,144
119,144,160,144
119,144,161,143
118,144,162,143
117,144,163,143
118,144,162,143
119,143,160,143
119,143,161,144
118,143,162,144
119,143,161,143
119,143,160,143
120,142,161,143
119,142,162,142
119,142,161,142
120,142,162,141
123,141,161,141
124,140,160,142
123,140,161,142
124,139,161,142
127,139,159,144
131,138,157,144
132,137,157,145
132,138,157,143
133,137,157,145
135,138,156,144
139,137,154,143
144,136,151,144
144,136,151,144
144,136,151,144
148,135,145,145
148,136,146,145
148,135,147,145
147,136,147,145
145,136,148,145
145,136,148,145
146,135,148,145
146,135,149,145
143,135,149,146
142,135,149,146
145,134,148,145
145,134,148,145
144,134,149,146
145,135,148,145
148,133,149,146
144,134,150,146
143,135,150,145
144,135,149,145
145,136,149,145
147,136,150,145
146,136,151,147
146,137,150,146
147,137,150,146
147,137,150,146
145,138,150,146
144,139,150,145
144,139,151,146
144,139,151,146
144,139,152,145
144,139,152,145
142,138,153,146
143,137,152,145
143,136,152,146
141,136,153,146
141,135,155,148
142,136,154,147
143,135,154,147
142,135,155,147
143,135,154,147
143,135,155,147
145,135,155,147
145,135,155,147
145,136,155,146
145,135,154,146
144,135,155,146
144,134,155,147
145,134,156,146
145,134,156,147
143,133,157,147
144,132,158,148
144,131,159,149
143,132,159,148
144,132,159,147
144,132,159,147
145,132,159,148
143,132,160,149
142,132,161,148
144,130,160,148
144,131,161,147
144,130,161,148
143,131,160,147
146,129,160,148
145,129,160,148
144,128,160,148
146,129,161,148
146,129,161,149
145,129,161,148
144,129,162,148
145,129,161,149
144,131,162,148
145,130,161,148
144,130,162,149
146,130,162,148
145,130,161,149
145,130,161,148
146,130,161,149
145,130,162,149
145,130,162,149
145,130,162,149
145,130,162,150
145,130,163,149
144,131,164,149
142,131,164,150
141,131,165,150
143,131,164,149
143,131,165,150
143,131,163,150
144,132,162,150
145,132,163,149
146,132,163,149
145,132,163,149
143,131,163,150
143,130,162,150
144,129,163,151
145,130,162,149
145,130,162,150
144,130,163,150
143,130,163,150
144,130,163,148
148,130,161,148
147,130,161,148
147,130,161,148
149,129,160,148
151,129,159,147
152,128,159,147
151,128,159,147
153,129,157,147
153,129,156,146
155,129,156,146
158,131,153,143
157,131,154,143
158,132,153,142
160,131,152,141
160,131,152,141
160,130,152,140
159,130,151,139
159,130,151,138
161,129,150,138
162,130,149,139
162,130,149,139
161,130,148,139
163,129,148,139
164,129,148,138
163,131,147,136
167,130,146,135
168,130,145,135
169,129,145,135
166,129,145,135
167,129,143,134
168,129,143,133
168,128,143,134
169,128,142,133
168,127,143,134
169,127,142,133
169,126,143,133
169,126,142,133
169,127,142,133
169,127,142,133
170,127,141,132
172,127,141,132
170,126,142,132
168,127,142,132
167,127,142,131
167,127,142,131
166,125,141,132
164,126,142,131
166,124,141,130
167,124,142,130
168,124,142,130
168,124,142,130
170,125,141,130
170,126,141,130
170,126,141,130
170,126,140,129
171,125,140,127
171,125,141,129
170,125,140,129
171,125,140,127
172,124,142,127
169,124,141,127
171,124,140,127
171,124,140,126
172,124,140,126
171,125,140,126
171,125,140,126
170,126,140,125
171,126,140,126
171,126,140,126
171,126,140,127
171,126,140,126
171,126,141,126
171,127,140,127
172,127,139,127
172,128,139,127
173,128,139,128
175,129,140,127
174,129,139,128
173,130,139,127
173,129,140,127
173,129,140,127
174,129,139,127
173,128,140,128
173,128,140,128
175,127,139,128
174,127,139,128
174,127,139,128
174,127,138,128
176,126,138,129
176,127,139,128
175,127,140,128
174,127,139,128
174,127,139,128
171,128,139,127
170,127,140,128
173,126,139,129
170,127,139,129
169,129,140,128
169,129,140,128
172,127,140,128
171,127,139,129
171,128,139,129
172,126,139,129
173,126,139,129
173,126,139,129
173,126,138,128
174,127,139,128
174,126,138,128
175,126,139,128
175,126,138,128
176,126,137,129
175,126,137,129
176,126,138,129
174,127,138,129
172,127,138,129
173,127,138,129
173,127,138,129
173,128,138,129
174,127,138,130
174,127,139,129
173,127,138,129
173,127,139,128
173,127,139,128
174,126,139,128
174,126,139,128
174,126,139,129
175,126,139,128
175,127,138,128
176,127,137,128
176,126,137,128
176,126,138,128
175,126,138,128
175,126,138,128
176,126,139,128
176,126,139,128
175,126,140,128
174,126,140,128
175,126,140,128
174,126,139,128
175,126,139,128
176,126,137,128
175,126,138,128
176,126,137,128
174,127,136,127
175,127,137,127
176,127,138,128
176,127,138,128
176,129,136,125
177,129,137,124
179,129,136,122
177,129,136,122
177,128,135,121
177,128,136,121
177,126,137,123
177,126,136,123
177,126,137,124
179,126,136,123
179,126,136,123
179,127,135,122
178,127,136,122
179,126,136,123
179,126,135,123
179,125,136,124
181,125,134,124
181,125,134,124
181,125,136,124
179,125,136,124
180,126,134,123
183,126,134,122
181,126,135,123
181,126,136,123
178,125,136,124
180,124,135,124
181,125,135,123
180,125,135,123
182,124,135,124
182,123,135,125
182,124,135,125
180,124,135,125
182,124,133,124
184,125,134,123
183,126,133,122
182,126,135,122
183,125,134,122
183,125,135,122
181,126,135,123
182,126,134,123
185,126,134,122
186,126,133,122
185,126,133,122
185,126,134,123
188,125,133,123
188,125,133,123
187,126,133,123
187,126,133,123
186,126,134,123
185,126,135,124
188,126,134,124
189,126,134,123
189,127,133,123
190,128,132,122
189,128,131,122
191,127,132,122
191,127,132,122
189,127,132,122
191,127,132,123
191,127,132,123
191,127,132,122
189,128,132,122
190,128,132,122
193,127,133,123
194,128,132,122
194,128,132,122
194,128,132,122
194,127,132,123
194,128,131,122
194,127,131,120
196,126,131,121
197,126,130,121
197,126,130,120
197,126,131,121
198,126,130,120
197,126,130,121
196,127,130,121
196,127,131,121
195,127,132,120
194,126,132,120
195,126,131,120
196,125,130,121
197,125,129,120
197,124,129,122
197,124,129,122
197,124,130,121
198,124,130,121
198,124,130,122
198,125,130,121
198,124,129,122
199,125,129,120
198,125,129,121
198,125,130,121
199,125,129,121
199,126,130,121
198,126,130,121
198,126,130,122
198,126,130,122
198,126,130,123
199,126,130,121
201,125,130,122
201,126,129,121
202,126,128,121
202,125,128,122
202,125,129,122
204,126,128,121
202,126,129,121
203,126,128,121
202,126,129,121
202,126,129,121
201,127,129,121
202,128,129,120
203,127,129,121
202,127,130,121
202,128,128,120
203,128,128,119
200,129,130,120
201,129,130,120
202,128,131,120
203,128,129,120
202,127,130,121
201,127,129,121
202,127,129,121
203,126,129,122
202,127,130,122
202,127,130,122
202,128,129,122
205,128,129,122
205,129,129,122
203,130,129,122
202,129,130,121
202,130,130,121
203,129,130,121
204,129,130,122
205,129,130,122
205,129,130,122
204,128,131,121
204,128,131,121
198,128,136,123
198,128,137,123
198,128,138,123
197,128,139,123
199,128,139,122
198,128,140,123
198,128,140,123
198,128,140,123
199,128,140,122
204,128,135,122
207,127,131,121
208,127,130,121
208,127,131,120
208,127,130,121
208,127,130,120
194,125,145,123
193,126,145,122
193,126,145,122
194,126,144,122
193,126,146,122
195,126,144,122
195,126,144,123
192,126,146,123
192,126,147,123
194,127,146,123
193,127,148,124
195,126,147,125
194,127,149,124
194,127,149,124
194,127,149,124
194,127,149,124
194,127,150,124
194,127,150,123
195,127,150,124
196,127,149,123
197,128,148,124
197,127,148,120
215,126,131,121
215,126,132,120
213,127,132,120
213,127,133,119
214,126,132,120
214,126,132,119
216,126,130,119
218,127,130,119
218,127,131,119
219,127,131,119
219,127,130,119
219,127,131,119
220,127,131,120
221,127,131,120
222,128,130,119
223,128,130,119
223,128,130,119
222,128,130,119
220,128,131,120
221,128,131,120
220,128,132,119
220,128,133,119
220,128,133,119
220,128,134,118
218,127,134,120
218,128,135,119
219,127,135,120
218,128,135,119
219,128,134,119
220,129,134,119
219,130,135,118
218,129,135,119
217,128,135,119
218,127,135,120
219,127,134,119
219,126,135,119
218,126,136,119
217,127,137,119
216,127,138,119
219,127,135,119
219,127,136,120
222,126,135,119
220,127,136,119
219,128,136,118
220,127,137,120
221,128,138,120
221,128,138,120
222,129,136,119
222,129,137,121
222,129,138,121
221,130,138,121
223,130,138,121
223,130,137,121
225,130,137,120
224,131,138,119
222,131,139,120
224,130,139,120
223,130,140,120
223,129,140,121
223,129,140,121
221,129,142,121
220,129,142,120
220,130,141,120
221,131,141,120
221,131,141,119
221,132,141,119
222,131,141,121
222,131,142,121
221,132,142,120
221,133,142,119
222,133,141,119
223,132,143,120
222,134,143,119
222,134,144,119
224,134,143,119
225,134,143,119
225,134,144,120
223,135,145,120
222,135,145,119
223,135,144,119
223,135,146,119
222,135,146,119
222,134,146,120
223,134,146,120
224,134,146,120
223,133,147,121
223,133,147,121
221,133,148,121
222,133,147,119
222,134,148,120
223,134,148,120
223,134,147,120
222,134,147,120
224,133,146,120
224,133,147,121
225,134,147,120
225,134,147,120
227,133,146,120
227,132,145,120
227,131,147,121
227,131,147,120
228,131,148,121
226,133,147,119
228,133,147,120
229,132,148,120
226,132,149,121
225,132,149,121
227,131,148,120
227,130,149,121
226,131,150,121
225,131,150,121
228,130,149,121
228,130,149,121
227,129,151,121
224,129,152,121
224,127,152,121
223,127,153,121
220,126,153,122
220,125,153,123
220,126,153,124
220,126,154,124
222,127,152,123
222,127,154,123
224,126,154,124
224,126,154,123
224,126,154,123
222,126,155,124
221,125,156,125
219,125,156,124
219,126,157,124
220,126,156,124
222,126,154,123
221,126,156,124
221,127,155,123
220,127,156,123
219,127,156,123
219,127,156,123
218,127,157,123
218,127,157,123
218,127,156,123
219,126,157,124
219,126,156,123
218,126,158,124
219,126,158,124
219,126,159,124
216,126,159,124
216,126,158,124
216,127,159,124
217,127,158,124
217,127,158,124
220,127,157,123
220,127,157,123
218,127,158,124
218,126,157,125
217,126,158,124
216,126,159,125
217,126,158,124
217,126,158,124
217,126,158,124
216,125,159,123
216,125,158,123
216,125,158,124
216,125,159,124
216,124,159,125
214,123,157,125
213,122,161,127
213,123,160,125
215,124,159,124
215,124,159,124
215,123,160,125
216,122,159,126
215,122,160,125
216,122,158,125
217,121,159,125
218,121,159,126
218,122,159,126
223,122,157,125
224,122,156,123
224,122,156,123
225,122,155,123
228,121,152,123
231,120,151,123
233,119,148,123
237,117,145,125
237,116,146,127
236,115,147,125
236,114,147,125
236,113,147,125
236,111,148,125
237,111,148,124
237,111,148,124
239,111,147,124
242,111,145,123
243,111,144,123
244,110,143,123
245,110,142,122
246,110,141,121
250,110,138,120
252,110,136,119
252,110,136,117
251,112,136,116
252,112,136,116
252,112,135,115
255,112,136,116
254,113,136,116
254,113,135,116
256,112,134,116
256,111,134,118
256,111,135,119
256,112,134,118
259,112,133,116
258,112,133,117
254,112,137,117
254,111,137,118
254,111,137,117
254,111,137,117
254,111,137,118
254,110,136,118
257,110,133,117
256,110,133,117
256,109,134,118
257,109,133,118
257,109,134,118
257,109,133,117
256,109,133,117
256,110,132,117
256,109,132,117
255,109,133,117
255,109,134,117
252,109,136,118
249,109,139,118
250,109,138,118
250,109,137,117
250,110,138,118
250,110,138,118
249,110,138,117
249,111,137,116
249,110,137,117
249,110,137,117
251,109,137,118
251,108,138,119
251,108,137,119
252,108,137,118
253,108,137,117
253,108,137,117
254,108,136,118
254,109,136,118
254,109,136,118
254,110,137,117
251,111,137,117
251,111,136,118
252,111,137,118
253,110,137,119
251,109,138,120
249,110,137,119
249,110,137,118
249,110,138,119
250,110,138,118
247,110,139,118
248,110,138,119
247,110,140,118
247,110,139,118
248,110,138,118
249,110,138,118
249,110,137,119
246,111,138,118
248,110,139,119
247,111,140,119
246,112,141,118
246,112,140,118
248,111,140,118
250,110,140,117
248,111,139,117
248,111,140,116
248,111,139,117
249,111,139,117
248,112,140,117
246,112,140,117
246,112,140,117
246,112,140,117
246,112,140,118
247,113,140,118
246,117,140,116
245,116,140,117
245,117,140,117
245,116,141,117
245,116,141,117
244,116,141,119
242,119,140,117
242,118,141,118
243,118,141,117
240,118,140,117
240,118,141,117
240,117,141,117
238,118,142,118
239,119,140,117
240,119,142,117
239,118,141,118
240,118,141,118
240,118,142,119
240,118,141,119
239,118,141,118
241,117,141,119
240,118,142,118
241,118,141,118
241,118,142,118
238,119,144,117
239,118,144,118
241,117,144,118
239,118,144,118
239,118,144,118
239,118,144,118
239,118,144,118
240,119,143,117
240,119,143,118
241,119,143,118
241,118,143,119
242,118,143,119
240,119,144,119
240,119,144,118
241,119,144,118
241,119,144,119
242,119,143,119
242,120,143,118
242,119,143,120
243,120,142,119
243,120,143,118
243,120,143,119
242,120,144,118
240,121,145,118
240,121,145,117
240,121,146,118
243,122,145,117
241,122,145,117
240,122,146,118
240,121,146,118
240,121,145,118
239,121,146,118
240,121,146,118
242,121,146,118
242,121,145,119
242,122,144,117
241,120,146,118
241,119,146,119
239,119,146,119
240,118,145,119
240,118,145,119
240,119,145,119
239,120,145,119
240,119,146,120
242,120,147,119
240,121,146,118
239,121,147,118
239,120,147,119
240,120,147,119
240,120,145,119
241,120,145,118
242,120,145,117
241,119,146,118
241,119,146,118
241,119,146,119
241,120,146,119
242,120,145,119
242,120,146,119
242,120,146,119
241,120,146,119
241,120,146,119
243,120,145,117
243,119,146,118
242,119,147,118
242,119,146,118
241,119,147,118
242,118,147,119
242,119,145,119
243,120,147,119
244,120,148,119
244,120,147,119
244,120,147,119
243,120,148,120
243,120,146,120
245,120,146,120
247,120,144,119
248,120,144,119
247,120,145,119
246,121,145,119
246,121,145,119
247,121,145,119
246,121,146,118
246,121,146,118
245,120,146,118
246,121,146,118
244,121,146,118
245,120,146,119
248,120,145,118
248,120,145,118
248,121,145,117
248,121,144,117
250,121,143,117
252,120,142,118
251,121,142,118
251,121,142,118
251,122,141,118
256,122,138,119
258,121,138,119
257,122,138,118
257,122,137,117
257,122,137,117
257,121,137,118
258,121,136,118
258,121,136,118
256,120,138,119
256,120,138,119
257,120,137,119
257,121,137,119
257,122,137,118
257,122,137,118
258,122,137,118
257,121,138,119
257,120,137,120
259,120,136,119
259,120,136,120
258,121,137,118
258,120,138,119
260,119,137,119
261,120,136,118
261,119,136,119
260,120,135,119
261,120,136,119
262,119,137,119
261,120,137,118
261,120,137,118
260,120,138,118
260,122,138,118
260,121,138,118
261,121,139,119
261,122,138,119
260,123,139,118
260,123,139,118
261,123,141,119
259,123,141,119
260,125,140,117
261,125,142,118
262,125,141,117
263,125,140,118
262,125,140,117
262,125,140,117
262,124,140,118
263,123,140,119
263,124,140,117
263,124,139,118
262,123,140,118
262,123,141,119
262,123,141,119
262,123,141,120
262,123,140,119
262,124,141,119
262,123,143,119
262,123,143,119
261,122,142,119
262,122,143,119
262,123,143,118
262,123,142,118
263,124,143,118
262,124,144,118
261,124,144,117
261,124,143,118
261,124,143,118
262,124,143,118
264,125,143,117
262,125,143,117
261,125,144,118
261,125,144,117
261,125,144,117
262,126,144,117
263,126,147,117
264,126,145,117
262,126,144,117
261,126,145,117
261,126,145,117
262,125,146,118
264,125,146,117
264,125,145,117
262,125,144,117
261,124,143,118
261,124,144,118
261,123,145,118
261,124,145,117
259,124,145,118
262,124,145,119
263,125,145,118
263,125,145,118
262,125,145,118
262,126,145,117
262,127,145,116
261,127,145,117
262,126,146,117
262,126,146,117
261,127,146,116
261,127,146,116
261,125,146,117
259,125,147,117
260,124,147,118
260,124,147,118
260,124,147,119
260,126,146,118
260,126,145,118
260,126,146,118
260,126,145,118
260,126,145,118
259,125,145,118
260,125,145,118
259,125,146,118
258,125,146,118
261,123,146,118
262,123,145,118
261,124,146,118
260,124,146,118
260,124,146,118
259,124,146,118
260,124,146,117
260,124,146,117
260,124,145,118
261,125,145,117
261,124,146,117
260,124,145,118
259,124,145,118
259,124,145,118
258,124,145,118
259,124,145,118
261,123,145,118
260,124,146,118
260,124,145,117
260,124,146,118
262,123,145,118
261,123,146,119
261,123,145,119
261,122,146,119
260,123,146,120
259,123,147,119
258,122,147,120
257,122,147,120
258,123,146,119
260,123,146,120
261,123,145,120
261,123,145,120
260,124,145,119
259,124,146,119
260,124,146,119
260,124,147,119
259,124,146,119
259,124,146,120
257,124,146,121
259,125,146,120
262,126,146,120
260,127,147,119
258,127,147,119
258,128,147,119
258,127,147,119
257,127,147,119
258,126,147,119
258,127,149,119
258,128,148,118
258,128,148,118
258,128,148,118
259,128,148,119
259,128,147,118
259,127,147,118
258,127,147,118
257,126,148,119
257,126,148,119
259,126,148,119
259,126,149,118
259,127,148,118
260,126,148,119
260,127,148,117
261,126,148,118
260,126,148,118
262,127,146,116
263,128,147,115
263,128,145,116
264,128,144,116
266,128,143,116
269,129,142,113
270,129,142,112
268,130,142,113
265,131,142,111
266,131,141,112
272,130,138,110
274,129,139,112
274,130,138,112
275,129,136,111
278,128,135,112
278,129,134,111
278,130,133,109
276,130,133,108
278,129,133,108
281,129,133,107
280,129,133,107
281,129,132,108
283,128,131,107
286,127,130,107
284,128,129,106
283,129,128,105
285,128,129,106
285,128,129,105
286,128,128,105
286,128,128,105
287,128,127,104
288,128,127,104
288,129,126,103
287,129,127,103
287,128,128,103
289,127,128,104
288,129,128,103
288,127,129,103
290,126,128,103
290,126,128,103
288,126,130,103
286,126,129,104
288,125,128,104
290,125,128,104
289,126,127,104
288,126,128,104
288,127,128,104
290,127,127,103
291,128,127,102
290,129,127,102
292,130,126,101
292,130,126,102
293,129,128,103
292,130,128,103
291,129,126,103
292,130,128,101
292,130,127,102
292,130,128,102
293,130,127,101
295,129,127,102
290,129,129,102
289,130,129,102
292,128,131,103
292,128,131,103
294,129,133,103
290,130,133,102
290,130,132,102
290,130,132,103
289,130,133,103
289,131,133,102
291,131,132,102
291,130,132,104
292,131,132,103
291,130,132,102
289,128,133,102
290,128,131,102
286,128,132,102
286,127,132,103
288,127,131,103
288,127,131,104
288,128,131,104
288,127,131,105
289,128,131,105
290,127,131,105
289,128,132,103
288,128,132,104
288,128,132,103
288,128,132,103
290,127,132,103
284,128,136,104
283,127,136,103
283,126,139,104
282,127,139,103
282,127,139,104
281,126,140,103
297,126,126,101
296,126,126,102
296,123,128,102
295,124,127,101
295,124,128,102
297,121,129,103
296,120,129,104
296,120,129,104
295,117,130,105
294,119,129,104
295,119,129,103
298,119,128,104
300,119,128,104
302,119,129,104
303,121,129,102
304,120,129,104
305,120,129,104
305,119,129,104
304,119,129,104
305,119,127,104
304,119,128,103
305,119,128,103
305,119,127,103
306,120,128,103
305,121,128,104
304,121,127,104
305,121,127,105
304,122,130,105
305,123,129,104
298,124,132,103
296,125,134,103
295,124,136,103
294,124,135,103
295,125,134,102
295,125,134,102
297,123,135,103
295,123,135,103
295,124,135,102
294,123,135,102
301,123,127,102
301,122,128,103
306,122,124,104
296,125,137,102
295,125,137,102
294,125,136,102
295,124,137,103
295,124,137,103
294,124,137,103
294,125,137,102
294,124,138,103
293,124,138,103
295,124,137,104
295,123,137,105
297,124,137,103
295,123,138,103
293,122,138,104
295,123,135,105
301,125,127,104
301,125,127,104
292,124,138,103
295,121,138,104
295,120,139,103
291,120,138,101
293,118,138,102
292,119,138,102
292,118,144,106
291,118,147,109
294,123,148,111
289,126,149,110
289,125,150,109
288,124,152,109
290,123,151,110
291,122,149,110
291,122,150,110
293,122,150,110
293,122,148,110
294,122,148,110
291,120,148,111
294,121,147,111
297,122,147,110
300,122,147,111
298,123,148,110
297,123,149,110
299,123,153,115
298,121,155,113
303,114,149,114
302,113,153,116
297,117,161,120
297,117,161,120
292,117,166,122
293,114,165,123
296,113,166,123
296,114,166,125
294,115,166,124
294,115,167,124
294,114,166,124
296,114,165,123
293,116,167,123
294,115,165,123
295,114,169,126
295,114,169,127
294,113,169,127
293,110,169,127
294,111,169,128
294,113,171,130
293,114,170,130
293,114,170,129
295,114,170,129
295,114,169,128
295,113,170,129
294,114,169,129
291,118,169,129
290,118,170,129
290,119,170,128
291,119,169,127
288,120,170,127
288,121,170,127
283,124,171,127
282,124,173,127
276,127,173,127
273,125,172,127
271,124,171,127
270,126,170,127
266,128,169,126
266,128,169,127
268,129,162,126
255,129,170,126
255,130,170,127
253,131,170,127
249,133,170,126
248,132,170,127
244,134,170,126
242,136,170,125
242,135,169,124
247,134,163,125
250,135,162,126
249,135,162,126
255,136,156,126
254,136,156,125
254,136,157,126
253,136,156,112
260,137,150,112
260,137,151,112
262,136,151,112
261,136,150,122
260,135,150,123
260,134,150,123
259,134,151,125
259,135,151,124
257,136,152,126
256,136,151,127
255,133,152,127
254,132,151,127
252,134,152,126
252,134,151,126
247,135,158,130
246,134,159,130
242,133,167,135
239,130,166,135
243,129,164,136
243,129,164,136
245,131,164,135
243,130,164,136
239,130,164,136
238,131,164,135
237,133,165,136
236,133,165,136
234,135,165,136
233,135,164,137
229,137,164,136
221,137,170,140
214,136,171,142
213,135,171,143
209,134,175,146
210,131,175,147
211,129,175,147
210,130,176,147
210,130,175,146
210,131,176,145
211,129,175,146
214,135,176,146
213,136,176,145
210,135,182,150
209,130,181,151
209,131,182,150
212,129,182,150
214,128,189,155
216,126,190,154
214,126,190,154
213,126,190,153
213,125,190,154
216,124,190,154
217,125,189,153
218,125,189,153
217,126,188,153
218,126,188,154
217,127,188,153
215,128,188,152
213,128,189,153
209,128,189,152
204,129,190,152
203,129,191,153
203,129,191,153
200,131,191,152
198,132,191,153
196,133,193,154
199,134,191,153
200,133,192,152
200,133,192,152
199,132,192,152
195,133,192,152
197,132,192,153
200,131,191,152
199,131,192,151
199,131,192,151
195,130,193,152
195,130,193,151
197,131,193,150
198,133,193,148
197,134,194,144
197,133,194,145
195,132,193,144
193,131,193,143
196,129,192,143
197,127,192,142
194,127,193,141
194,126,193,141
193,125,192,140
195,124,192,139
197,122,192,139
196,122,191,138
194,122,192,137
194,122,192,137
192,122,192,137
193,121,192,139
194,121,192,140
195,125,191,138
194,126,191,139
194,125,191,139
195,125,191,139
195,125,191,139
197,125,190,138
197,125,189,138
197,126,189,138
197,126,189,138
195,126,190,138
196,126,190,139
197,126,189,138
197,126,189,138
197,127,189,138
197,127,189,138
197,127,188,137
197,127,189,137
196,127,190,138
194,127,190,139
192,128,190,138
192,128,189,138
194,127,188,139
195,126,188,140
195,129,188,140
193,128,190,138
193,127,190,138
194,127,189,138
194,127,189,138
194,127,189,138
194,126,189,138
192,126,190,138
192,126,190,138
192,126,190,138
194,126,190,139
197,128,189,138
195,128,189,138
194,127,188,140
196,127,188,140
197,128,188,137
199,128,187,139
200,129,187,139
199,128,187,140
199,128,188,140
199,129,188,140
199,129,188,139
200,128,188,141
201,129,187,140
201,129,187,140
201,130,188,140
200,131,188,139
200,131,188,140
199,130,187,140
195,131,187,139
194,133,189,137
193,132,189,138
196,131,189,137
196,131,188,137
197,130,190,139
195,131,191,139
194,131,191,138
194,131,191,139
195,131,191,138
195,131,191,139
194,132,192,139
192,132,193,139
193,132,191,139
194,132,190,139
196,130,191,139
196,130,191,139
200,129,191,139
200,130,191,139
199,132,192,139
198,132,192,138
200,132,191,138
201,132,190,138
202,133,190,138
198,132,191,139
196,131,190,139
195,130,190,138
197,130,190,137
197,130,191,138
198,130,189,137
200,131,188,137
200,130,188,138
202,133,188,138
202,135,188,137
202,135,188,137
202,133,188,137
194,130,198,140
189,129,201,140
182,125,208,144
176,116,215,151
175,115,216,153
178,118,216,153
177,122,217,153
177,123,216,152
180,124,215,151
183,123,214,152
183,123,214,152
183,123,213,152
187,124,208,151
189,124,207,152
190,124,207,151
189,123,207,151
188,122,207,152
187,122,206,152
185,123,208,153
182,124,210,153
181,125,213,152
182,128,213,151
182,128,212,151
181,129,212,151
181,130,212,151
181,129,212,150
181,128,211,150
179,127,211,150
180,127,211,151
180,126,210,150
183,125,210,150
183,123,210,151
184,123,210,150
185,123,209,150
185,123,209,150
188,121,210,150
193,120,209,149
192,117,209,150
190,116,209,151
188,117,209,151
188,117,209,151
188,118,209,151
188,118,208,150
187,117,208,149
188,116,209,150
189,116,210,150
190,116,209,150
188,116,209,150
187,117,208,150
188,117,208,149
186,117,209,150
185,118,209,150
185,118,210,150
183,118,210,150
186,120,210,150
187,121,209,150
189,122,209,149
188,121,209,149
188,121,210,149
187,122,210,150
187,121,210,150
188,120,211,151
189,121,210,150
188,120,209,150
188,120,209,151
190,120,210,151
189,119,210,150
188,119,209,151
188,118,209,151
189,119,208,151
188,120,209,150
190,119,210,151
190,120,209,151
189,121,210,151
192,122,209,150
192,121,209,150
193,121,208,150
193,119,208,150
195,118,209,150
193,118,209,151
191,119,209,151
191,121,210,151
191,120,210,152
195,120,210,152
197,120,208,152
192,121,210,151
192,120,210,151
193,120,210,152
194,120,209,151
192,120,209,151
191,120,209,150
191,120,210,150
190,119,211,150
189,118,210,150
189,118,210,150
190,118,209,150
191,119,209,150
191,120,208,149
191,119,210,150
192,120,210,150
192,120,210,150
192,120,209,150
192,119,209,150
192,119,209,150
191,119,209,150
188,120,209,150
187,119,210,151
186,120,210,150
186,120,210,151
187,119,211,150
187,119,211,151
185,118,210,151
184,118,210,151
187,117,211,151
186,117,210,152
183,118,210,152
183,119,210,151
185,120,211,151
185,121,210,149
186,122,210,149
183,121,210,150
183,121,211,150
186,120,211,150
186,121,211,150
187,121,210,150
184,122,210,150
186,122,211,150
188,122,211,150
187,121,211,150
184,120,212,151
184,120,212,151
181,120,212,151
183,122,213,152
182,123,212,149
181,122,212,151
180,121,212,150
180,122,213,149
180,122,213,150
179,121,212,150
179,120,212,150
178,121,212,150
176,122,213,151
176,122,213,150
178,120,211,150
182,120,211,151
182,121,211,151
181,120,211,152
180,120,211,152
180,121,212,152
182,122,212,152
185,123,212,151
185,124,210,151
186,125,210,151
186,127,210,150
185,127,210,150
184,127,211,151
184,127,212,152
184,128,212,152
183,129,211,151
179,129,211,151
180,129,211,151
179,129,211,152
178,128,211,152
175,128,211,151
173,128,212,150
172,128,212,151
171,128,212,151
169,129,213,151
171,128,212,151
174,126,212,151
176,126,212,151
176,126,212,151
177,126,211,151
174,126,211,151
171,127,211,151
173,127,212,151
173,127,212,151
173,127,212,150
173,126,212,151
173,126,213,152
173,125,213,153
177,125,212,152
180,125,212,151
181,125,212,151
182,125,211,151
181,126,211,151
180,128,212,151
181,128,212,151
181,129,211,151
180,129,212,151
180,129,212,151
180,130,213,150
181,130,214,150
181,130,214,151
181,130,213,151
183,129,213,151
183,129,214,151
185,129,213,151
185,128,213,152
183,128,213,152
185,128,213,151
186,128,213,152
185,128,213,152
187,128,213,152
188,127,214,152
188,128,213,152
188,128,214,152
187,128,214,152
187,127,215,153
186,127,213,153
188,127,212,153
187,129,212,152
182,130,213,152
182,130,213,152
181,129,214,153
184,129,212,153
185,129,213,152
184,129,212,152
183,129,212,153
183,129,212,153
183,129,212,153
185,129,212,153
186,129,212,153
187,129,212,153
187,129,211,152
186,128,213,153
186,128,213,154
189,127,213,154
189,128,213,153
187,128,213,153
185,128,213,153
186,127,214,152
186,127,215,152
189,126,213,153
186,126,213,154
183,127,213,152
183,126,213,152
184,125,213,152
184,126,213,150
183,126,214,151
183,127,214,150
185,126,213,150
183,126,213,150
183,126,214,150
183,126,214,150
185,125,214,151
185,125,213,152
186,125,211,152
184,125,211,151
184,125,209,152
182,125,211,152
182,125,211,152
181,125,213,152
180,127,213,151
178,128,214,150
177,127,214,150
177,127,215,151
182,129,213,149
184,128,211,150
185,128,209,151
186,128,208,150
188,128,208,151
188,128,208,150
191,127,206,152
184,128,209,151
185,128,209,150
185,128,209,152
185,128,210,152
186,129,209,151
191,129,205,151
190,129,204,151
189,129,206,151
190,128,206,152
192,128,205,152
191,128,206,152
192,127,207,152
190,127,207,153
190,128,206,152
189,127,208,152
190,126,208,153
190,126,208,153
190,126,208,153
187,126,209,153
186,125,210,153
187,126,211,153
189,126,210,152
189,126,210,153
187,125,210,153
190,125,208,153
188,125,209,153
187,124,209,154
187,124,208,154
187,124,208,154
187,124,208,154
186,123,208,155
185,123,208,156
185,123,209,156
186,123,209,156
186,123,209,156
187,121,209,157
187,122,208,156
186,122,208,156
185,122,209,155
185,122,209,155
185,122,209,155
184,122,209,155
183,121,209,156
185,121,208,157
185,122,209,157
183,122,209,156
183,122,209,156
183,122,210,157
183,122,209,157
182,122,209,156
181,122,209,156
181,122,209,156
180,121,209,157
181,121,209,157
180,121,209,157
180,121,209,157
180,121,209,157
181,122,208,157
180,122,208,157
179,122,209,157
179,122,210,157
179,122,210,157
180,122,209,157
180,122,209,158
179,122,209,158
180,122,210,158
183,122,208,157
185,123,208,156
186,124,208,156
187,123,208,156
187,123,208,156
191,122,208,157
191,122,208,157
190,121,208,157
193,119,208,158
196,119,208,158
196,119,208,158
195,119,208,158
193,120,207,157
193,120,206,157
194,121,206,157
195,121,207,157
194,121,208,157
195,121,207,157
196,121,206,157
195,121,207,158
195,121,207,158
196,122,207,158
197,122,207,158
197,123,207,156
195,122,208,157
195,123,209,156
195,123,209,157
195,123,209,157
195,123,210,157
194,123,209,157
193,122,210,157
194,122,210,157
191,123,212,157
190,122,213,156
190,122,213,157
190,123,213,156
190,123,213,156
189,122,213,156
190,121,212,157
200,121,205,157
202,122,203,156
199,122,205,156
198,122,204,155
203,121,201,156
208,120,199,157
206,121,200,157
206,121,200,157
205,122,200,155
205,122,199,155
205,122,200,155
205,122,201,154
205,121,203,154
205,121,204,155
205,122,205,155
203,123,205,156
201,122,204,156
202,122,204,156
205,121,204,156
205,121,205,156
203,120,206,157
202,121,205,157
201,121,205,156
202,120,206,156
203,119,207,157
204,119,206,157
202,118,205,158
202,119,205,157
202,119,206,157
202,119,206,157
202,119,206,157
202,119,206,157
203,119,205,157
202,119,205,157
201,119,205,158
201,119,206,158
199,119,207,158
200,119,206,157
199,119,206,157
198,119,206,158
199,118,206,158
200,117,207,159
199,117,207,159
199,118,207,158
196,119,208,158
194,118,210,158
195,116,211,160
193,116,213,160
192,115,213,162
192,115,213,162
192,114,213,162
192,114,213,161
192,113,214,161
190,113,214,161
187,113,215,161
186,113,216,161
186,113,215,160
189,113,214,161
190,114,213,160
191,113,212,159
193,112,212,160
193,112,212,160
195,112,212,161
194,113,212,161
192,115,213,160
190,115,213,160
190,116,215,160
190,116,215,160
189,115,214,160
188,114,214,160
187,114,216,160
182,112,217,161
178,112,216,161
179,113,215,160
178,113,216,160
179,113,216,160
178,113,216,160
177,113,217,160
177,113,218,159
176,114,218,158
179,113,218,158
182,113,217,157
184,111,216,158
184,111,216,159
183,111,214,160
181,111,215,159
181,113,215,158
183,113,215,158
184,113,215,158
183,112,216,159
185,112,215,158
185,112,215,158
184,112,216,160
185,112,215,160
185,113,215,159
186,112,215,160
184,112,216,160
184,112,215,160
199,112,203,159
199,112,204,160
193,113,207,160
189,114,211,159
187,114,214,159
187,114,214,159
184,114,217,158
186,115,216,158
185,115,216,158
186,115,216,157
186,115,216,157
188,116,214,156
188,117,213,155
191,116,209,156
192,116,208,156
200,116,201,156
199,116,200,156
199,116,200,156
199,115,201,157
199,114,201,157
197,114,202,157
197,113,202,156
197,113,204,158
197,113,204,158
194,113,207,159
191,115,210,160
183,117,213,159
182,116,213,159
184,117,214,158
185,117,214,158
186,117,214,157
183,117,214,157
182,117,215,157
180,117,215,158
180,116,215,158
181,115,214,159
181,114,215,159
181,114,215,158
179,114,215,159
178,115,215,159
179,114,214,159
180,114,213,159
182,114,212,158
183,112,213,158
181,112,214,159
181,112,214,160
182,113,214,160
182,113,214,159
183,114,213,158
183,114,213,158
183,114,214,157
183,113,213,158
185,112,213,158
185,112,212,158
185,111,213,159
185,111,213,160
187,111,212,160
188,112,212,159
188,112,212,159
188,112,212,159
187,111,213,160
187,111,213,160
185,110,213,160
185,111,213,160
185,111,213,158
186,112,212,158
187,110,213,159
185,109,213,160
184,110,213,159
186,110,213,159
188,109,213,159
189,109,213,159
188,108,212,160
187,107,213,160
187,107,214,160
187,106,214,161
188,107,213,160
188,107,213,159
189,107,212,160
189,106,212,160
188,107,212,160
186,108,214,160
187,108,214,161
188,108,213,160
187,107,214,161
186,106,213,161
187,106,213,161
188,105,214,162
188,105,213,161
188,105,213,161
187,105,214,162
184,106,213,160
184,105,214,161
185,104,214,161
187,104,215,161
187,104,214,161
187,104,214,161
187,105,214,161
188,104,215,162
189,105,214,160
188,105,214,160
189,105,214,160
188,106,214,160
190,106,214,159
190,105,214,161
188,106,216,160
187,106,215,159
187,107,215,159
188,107,214,158
187,108,216,157
187,107,216,157
187,108,216,157
187,108,216,157
188,108,215,156
187,108,215,157
188,107,215,157
190,107,215,157
190,106,216,158
191,106,215,159
190,107,216,158
192,107,217,158
193,107,217,157
192,107,218,157
194,107,217,158
196,106,217,159
197,106,216,159
195,108,216,158
192,110,217,157
193,109,217,157
196,108,217,158
199,108,216,158
198,107,216,159
196,108,216,158
196,108,216,158
197,108,215,160
196,111,215,158
194,111,215,158
194,111,215,159
196,112,214,158
192,110,216,158
191,109,216,159
195,110,214,159
193,110,216,159
194,111,215,158
193,110,215,159
192,110,219,159
194,110,215,158
190,109,217,158
191,108,217,158
191,108,217,158
190,109,217,158
186,107,217,158
185,106,217,158
184,106,218,159
185,106,218,158
185,106,218,158
185,106,217,158
186,107,216,158
187,108,217,158
186,108,216,157
187,108,216,158
187,107,216,158
190,107,216,158
189,106,215,158
188,106,216,158
189,106,216,159
188,106,215,158
187,107,216,157
187,107,214,157
187,108,215,156
188,107,215,157
189,107,214,157
190,107,215,158
191,107,213,158
193,107,212,159
193,109,211,161
198,109,205,162
206,106,202,164
214,100,201,170
214,100,200,170
224,96,199,174
210,89,225,184
222,85,229,179
254,79,209,178
271,72,195,182
271,72,197,182
302,67,171,189
308,63,167,193
317,57,164,200
326,49,161,206
336,51,159,207
336,51,159,207
329,53,161,199
328,60,159,189
337,62,153,189
345,58,140,192
319,62,161,189
319,60,161,191
308,62,162,192
284,65,166,192
269,67,166,189
262,63,166,191
260,66,166,191
260,65,167,192
257,66,167,193
248,68,168,193
229,72,169,192
216,78,169,192
209,82,169,192
208,82,170,192
192,95,174,192
179,101,173,192
171,112,174,196
169,124,175,192
166,126,176,191
167,126,175,191
168,129,175,192
167,133,175,191
165,131,177,190
163,131,178,191
162,128,177,192
162,128,177,192
165,128,177,192
166,127,177,191
168,123,177,189
168,117,177,189
163,112,177,187
163,112,177,187
168,101,175,191
174,99,175,191
185,99,174,192
192,98,174,192
195,99,174,192
194,99,175,193
197,101,176,190
197,100,177,190
197,99,178,190
201,95,176,190
202,93,176,190
202,93,176,190
202,91,176,190
201,89,176,189
200,89,176,190
196,88,178,190
192,87,178,190
192,87,178,190
190,86,178,190
191,86,178,190
188,87,179,190
186,86,179,190
183,87,179,189
182,87,181,190
181,88,180,190
180,89,179,189
181,89,180,189
186,90,180,190
186,93,180,188
186,93,180,187
189,93,181,187
188,93,181,188
184,93,181,188
187,95,181,188
186,96,182,187
186,96,183,188
183,97,184,187
180,97,184,187
180,97,185,187
181,96,185,187
182,96,185,187
182,97,185,186
183,98,185,185
181,98,185,185
180,98,186,186
177,97,187,187
179,97,188,188
180,97,186,188
178,99,187,187
175,98,187,187
176,97,188,188
177,96,188,188
175,96,189,189
174,96,190,189
172,98,190,188
170,100,191,188
170,100,195,188
171,101,194,187
170,103,193,188
170,103,194,189
166,106,193,188
164,107,192,187
164,108,194,188
166,110,193,187
166,113,193,189
166,113,193,189
163,112,193,189
164,112,193,190
164,111,192,189
163,111,192,190
161,110,193,190
161,110,192,189
160,109,192,190
161,111,192,189
160,111,192,189
157,112,193,189
155,114,193,190
156,114,193,190
154,116,193,191
156,120,191,190
154,125,192,189
153,125,192,189
154,124,192,188
154,125,192,188
150,125,194,189
146,125,194,188
141,125,194,188
138,125,194,188
135,124,195,189
135,124,195,190
132,124,196,190
129,125,195,190
129,126,195,190
128,126,195,190
123,128,197,190
124,127,197,191
125,129,194,189
128,128,194,190
124,128,194,190
119,129,195,190
118,129,193,191
118,130,194,190
121,131,194,189
122,130,192,189
121,129,194,190
120,128,194,189
123,127,195,189
125,127,195,190
122,126,195,190
120,126,195,189
120,126,194,190
120,125,194,189
121,124,193,189
121,124,192,189
120,123,193,189
119,123,195,189
121,121,194,190
122,122,195,189
124,120,195,190
124,120,195,190
128,120,195,189
129,121,194,188
127,120,195,189
123,121,196,189
121,121,196,189
121,120,197,188
121,121,196,188
119,121,196,188
118,120,195,189
118,120,195,188
120,120,195,188
120,120,195,189
121,120,195,189
120,119,196,190
118,119,196,190
114,121,196,189
111,121,198,189
111,121,198,189
113,120,196,188
114,120,196,189
111,120,198,189
109,120,200,189
112,120,197,189
112,121,196,188
115,121,195,188
116,121,197,188
113,121,197,188
112,121,195,188
113,119,196,189
113,119,197,189
117,119,196,189
117,120,197,188
114,121,196,187
113,121,196,187
115,122,196,188
115,123,195,187
115,123,196,188
115,123,196,188
118,123,194,187
116,125,195,186
116,125,194,186
116,125,194,186
117,126,194,186
118,125,197,186
116,125,196,186
112,125,194,187
112,125,196,186
111,124,197,187
113,125,198,188
113,125,197,188
120,125,189,187
119,124,195,186
119,123,196,187
120,123,196,186
118,124,196,185
118,124,195,186
116,124,197,186
116,124,196,186
115,125,196,186
114,124,197,186
112,125,197,186
106,125,198,187
105,125,198,187
109,125,197,185
107,125,198,185
106,125,198,186
105,126,200,186
105,126,198,186
111,125,196,186
114,125,196,186
112,124,196,186
112,124,196,187
111,123,196,187
110,123,196,187
107,123,196,187
106,124,197,187
106,124,197,187
108,123,196,188
112,123,195,188
117,124,195,188
120,122,194,188
121,122,194,188
120,124,195,187
120,124,195,186
127,125,189,186
138,125,178,186
150,125,168,187
161,125,158,187
163,126,154,188
165,126,152,187
169,126,149,187
172,126,148,188
170,126,147,187
170,126,147,187
168,126,149,188
167,127,148,187
167,127,149,186
166,126,150,187
164,128,150,188
161,130,150,188
162,130,150,190
161,130,150,181
160,132,151,181
158,133,150,182
156,134,151,182
158,135,151,181
160,135,152,183
160,136,152,182
158,137,151,182
154,135,151,183
149,135,152,184
151,135,151,184
153,134,150,187
153,135,150,187
153,134,151,187
153,133,149,185
153,132,150,186
150,131,151,186
153,131,149,185
153,130,148,186
153,128,149,187
153,127,149,187
152,127,150,187
150,127,150,178
151,128,149,186
151,128,149,186
150,129,149,187
150,128,149,187
149,130,149,186
154,129,148,176
159,125,150,185
158,125,149,185
168,122,148,186
170,120,147,186
168,119,148,186
168,121,146,185
174,120,146,184
174,120,147,184
181,119,145,186
182,121,146,186
176,121,147,186
176,122,146,185
182,123,145,186
181,124,146,185
184,126,146,184
182,125,146,184
181,124,146,183
182,121,146,184
179,118,146,184
180,118,145,184
184,118,144,183
183,116,145,184
184,116,145,184
183,116,144,184
182,117,143,183
182,117,146,184
182,118,147,184
183,117,147,184
181,118,147,184
176,119,147,184
170,119,148,184
171,119,148,184
172,120,146,183
174,117,145,183
178,114,146,183
174,111,147,184
172,110,145,185
172,111,145,185
170,112,145,183
166,111,146,184
167,110,146,184
167,110,145,182
170,109,146,182
171,109,145,182
171,108,146,183
169,109,145,182
165,108,147,183
161,106,148,183
162,108,147,183
162,108,147,183
162,110,147,183
156,113,148,184
154,116,148,184
156,120,147,182
155,119,147,183
155,119,148,183
154,121,150,184
151,123,149,182
151,123,149,183
148,125,151,183
146,126,149,182
145,126,150,182
143,127,150,182
144,129,149,181
145,130,151,181
143,130,150,181
141,131,150,180
141,130,151,181
141,129,150,182
143,129,150,182
143,129,150,182
142,129,150,181
142,129,151,181
142,129,150,182
144,129,150,181
145,130,150,181
146,129,150,181
148,127,150,181
148,126,151,181
149,127,150,180
153,124,150,179
153,121,150,181
150,119,150,182
150,118,150,181
149,114,148,183
149,115,148,182
151,113,148,182
151,113,149,183
150,110,149,183
155,110,148,184
154,111,150,182
154,111,149,182
151,112,150,182
151,113,149,182
152,112,148,182
155,110,149,182
157,108,150,181
158,108,148,180
158,107,149,181
158,108,148,181
157,107,148,181
155,108,150,181
154,108,149,181
153,108,150,181
151,107,150,181
151,109,149,180
150,109,149,180
149,110,149,180
150,110,149,179
151,110,148,179
152,108,147,179
154,106,149,181
154,107,149,181
153,107,149,181
150,107,149,181
150,107,149,181
150,106,148,182
151,107,149,181
152,109,148,179
153,111,149,180
152,112,148,180
152,112,148,180
152,114,147,179
153,114,148,180
154,115,148,180
153,115,148,180
151,114,148,180
151,114,149,180
151,114,149,180
150,113,149,180
151,113,149,180
153,113,149,179
155,112,148,180
154,112,149,180
153,112,148,180
150,113,148,180
149,113,149,180
150,112,149,181
151,112,148,179
152,112,148,179
151,113,149,179
152,113,148,180
152,113,147,181
152,113,148,182
155,114,147,181
155,114,147,181
153,114,147,181
152,114,147,181
150,114,148,182
150,115,148,181
150,116,148,181
149,115,149,183
150,118,148,182
149,119,149,169
156,126,148,182
160,133,148,181
157,132,148,181
158,133,147,179
152,131,149,179
150,129,151,185
145,124,155,185
137,119,157,192
134,118,158,190
134,117,159,189
132,119,158,181
128,117,164,193
121,111,168,202
123,114,169,203
125,116,168,203
125,116,168,202
125,117,167,201
124,117,168,205
125,119,168,205
127,121,168,207
129,123,168,207
129,123,168,207
124,127,169,205
124,132,169,207
121,132,168,209
118,131,168,210
113,130,169,210
113,132,169,208
110,127,170,209
108,126,170,208
104,122,172,208
100,121,171,206
96,119,170,208
95,119,171,208
90,117,171,207
86,116,172,208
69,119,176,216
68,119,177,216
70,119,175,216
70,119,174,216
69,119,176,217
70,119,175,216
70,119,175,217
56,117,186,232
62,123,188,233
61,123,190,234
63,130,192,229
64,134,190,225
67,137,191,222
69,137,192,222
66,137,192,222
66,137,191,222
65,141,191,218
65,141,190,218
66,142,190,217
65,141,189,218
64,140,191,219
64,140,191,219
61,139,191,220
61,139,192,220
63,139,191,220
66,138,191,221
68,138,190,221
67,138,190,221
69,139,189,220
68,138,189,221
68,138,189,221
68,137,189,222
69,136,189,223
69,136,189,223
70,136,189,223
70,135,188,224
71,134,189,225
72,133,188,226
73,132,189,227
73,133,188,226
71,133,189,226
68,133,190,226
65,133,190,226
65,133,190,226
65,132,189,227
65,131,190,228
65,132,188,227
62,133,189,226
63,132,188,227
69,131,187,228
67,131,189,228
67,131,189,228
67,131,188,227
67,130,189,228
70,130,189,228
69,130,189,228
67,131,189,228
67,132,189,227
66,131,189,227
67,131,189,227
71,130,188,227
75,129,187,228
77,129,188,227
77,129,188,228
78,128,188,228
79,128,188,227
78,127,189,228
80,127,188,227
83,127,188,228
83,127,188,227
81,127,189,229
77,127,188,229
79,127,186,228
82,127,187,229
77,128,189,229
77,129,190,227
74,128,189,227
75,128,188,227
76,128,187,227
78,127,187,227
78,127,188,228
78,127,188,228
82,126,190,229
82,126,190,229
80,126,190,230
79,126,190,230
78,126,190,231
78,126,191,230
78,127,191,229
78,127,189,228
78,126,189,228
81,125,188,229
77,125,190,230
77,125,189,230
79,123,190,230
78,121,190,231
77,120,191,231
76,120,191,230
79,120,191,230
80,120,191,229
78,119,191,229
79,117,191,232
79,116,191,233
77,117,190,234
76,118,190,234
77,118,189,234
77,119,190,234
75,120,192,234
73,122,193,233
73,123,192,234
77,124,191,234
77,125,191,232
74,124,193,231
72,122,193,232
70,122,192,231
71,117,192,229
69,114,192,231
69,114,193,232
68,116,193,232
70,117,193,233
70,118,193,234
71,120,192,234
62,121,198,237
61,120,200,238
55,124,200,235
45,116,203,243
51,115,204,244
48,120,208,239
45,126,213,234
44,127,215,232
31,126,220,233
38,125,221,234
43,125,220,234
45,122,221,237
41,119,221,240
41,120,222,239
43,116,220,243
46,114,220,245
48,113,220,246
47,113,221,246
46,112,222,247
46,113,222,246
46,111,221,248
50,109,222,250
54,107,222,252
48,108,222,251
47,107,221,252
47,107,221,252
51,107,220,252
57,107,220,252
56,108,220,251
56,108,221,251
51,110,223,249
52,110,223,249
51,110,223,249
56,110,219,248
54,110,219,249
49,110,219,249
47,111,219,248
48,110,220,248
49,112,220,246
52,113,219,241
54,112,217,242
53,113,217,243
51,113,219,242
50,113,220,242
47,113,221,244
48,114,221,244
48,113,222,244
46,114,222,245
49,117,221,242
51,117,219,242
47,118,221,241
50,119,219,241
51,123,219,236
48,126,221,233
46,124,221,235
47,124,220,235
40,121,221,238
37,114,222,245
40,111,219,242
46,113,219,243
49,114,220,241
48,115,220,239
43,110,221,241
41,111,221,242
41,112,222,241
42,110,219,241
50,110,219,242
51,110,218,241
49,108,219,241
51,111,218,242
51,112,221,240
47,111,222,241
47,107,221,241
47,107,220,240
47,106,220,239
52,106,218,240
54,108,218,240
55,107,218,241
54,111,218,241
54,111,218,241
53,111,218,239
63,113,214,240
63,113,214,241
62,113,213,240
69,114,207,234
69,113,205,234
81,116,198,226
80,117,199,235
86,128,194,225
83,128,192,226
86,135,191,224
85,135,192,223
83,134,193,224
86,136,193,223
86,135,193,223
86,133,194,222
87,126,193,221
88,126,192,221
91,120,193,224
96,119,193,224
92,117,194,224
89,115,193,222
92,115,192,211
91,115,193,211
90,115,194,212
91,120,193,225
94,120,191,227
97,122,191,226
94,120,192,226
95,120,192,226
98,121,192,226
99,121,193,226
100,121,192,224
102,121,190,224
104,120,190,225
104,120,190,226
103,119,190,227
98,120,193,226
98,120,191,224
101,119,190,225
101,119,190,224
101,119,192,224
100,119,191,227
98,123,192,225
97,121,190,224
91,120,194,225
86,118,193,225
86,117,193,226
89,116,191,225
90,117,193,225
90,117,193,225
94,117,192,224
95,116,191,224
95,116,190,224
96,116,191,224
100,119,189,223
98,117,190,222
95,117,191,206
94,117,193,207
94,118,192,206
93,118,190,224
94,118,189,225
94,118,191,226
91,119,192,224
91,118,191,225
92,119,190,224
91,119,191,223
90,118,193,223
92,116,190,224
94,116,191,226
91,118,192,226
91,118,191,224
88,119,191,205
88,116,191,203
90,114,190,204
94,115,190,216
93,116,190,216
93,115,190,217
95,116,189,216
99,115,189,216
98,114,189,218
98,115,190,219
96,116,191,217
96,117,191,216
98,117,190,214
99,116,189,213
102,117,190,210
101,113,189,206
99,115,189,206
99,115,189,206
95,114,189,225
91,112,190,225
93,114,190,225
92,115,191,225
92,115,190,225
92,115,189,225
96,115,190,225
96,115,190,225
93,115,191,221
94,115,191,221
93,115,191,221
94,115,190,222
95,116,190,221
94,114,190,222
95,115,190,222
95,115,189,222
91,115,189,222
91,115,190,222
89,114,191,220
89,115,191,207
90,115,190,206
90,115,190,208
90,117,191,226
90,117,190,226
89,116,190,226
89,116,190,226
91,116,189,226
93,116,188,226
92,116,188,227
92,116,188,227
90,116,189,222
90,117,189,221
89,117,191,222
87,116,190,223
86,116,190,223
86,115,189,224
87,115,189,224
88,115,189,224
87,115,188,224
86,115,189,224
89,116,190,222
90,116,189,222
86,115,190,220
89,116,189,217
93,117,188,205
90,116,189,206
89,117,189,206
90,117,189,205
92,117,188,206
94,117,188,206
91,116,189,223
90,116,188,224
93,117,187,223
93,118,188,222
91,117,188,221
93,117,187,223
94,117,187,222
92,115,187,223
93,115,186,224
92,115,186,223
92,114,188,216
91,114,188,216
93,113,186,216
92,112,186,217
94,112,187,215
94,112,186,215
95,112,186,215
96,113,186,217
97,114,185,216
100,113,184,215
101,114,183,213
101,114,182,212
100,114,182,204
99,114,184,205
98,114,184,204
98,113,183,206
100,114,182,205
100,115,183,204
98,114,184,205
97,114,183,205
97,114,183,204
98,113,183,204
100,114,181,203
99,114,181,204
102,115,179,203
99,114,178,205
103,114,176,204
102,113,177,203
100,114,178,204
100,114,178,204
100,114,178,204
100,114,178,209
98,113,178,214
94,114,179,224
95,113,180,223
95,113,180,223
97,114,180,224
98,113,179,224
101,114,181,224
101,117,180,223
101,115,179,224
101,115,179,224
101,116,179,222
102,115,178,222
102,114,180,223
100,113,181,223
100,113,182,224
99,113,182,224
101,114,182,223
98,114,183,223
99,113,183,223
99,113,184,223
99,111,183,223
99,112,185,223
102,111,184,223
99,111,185,223
99,111,185,224
99,112,185,224
98,111,185,224
99,111,184,224
99,111,185,225
97,111,186,225
96,111,188,225
93,111,188,225
93,111,188,226
93,111,188,219
96,111,187,218
94,112,189,217
94,113,188,216
94,112,188,216
96,113,188,216
96,113,187,216
95,112,187,217
95,112,187,217
95,112,187,218
94,112,187,217
93,110,185,217
94,111,184,216
99,111,182,217
105,112,181,217
110,113,182,219
110,114,181,217
112,114,180,217
113,114,179,217
113,112,180,216
113,111,179,204
113,111,179,203
115,111,178,203
121,114,177,202
121,114,178,201
120,115,178,200
115,115,177,200
118,116,175,199
119,115,177,200
118,114,177,200
118,114,177,200
118,113,176,199
118,112,175,199
115,111,177,199
106,112,178,201
107,113,175,200
107,113,175,200
108,114,174,200
107,114,175,201
106,117,175,201
108,119,174,201
108,122,173,200
108,122,174,200
107,125,175,200
103,126,174,198
100,125,175,198
102,126,172,199
103,124,171,198
103,124,171,198
101,121,172,198
100,119,172,199
105,118,171,199
107,118,169,201
108,119,168,201
108,119,168,200
106,117,169,202
110,116,167,201
112,115,169,202
109,115,168,203
105,114,168,203
105,113,167,204
105,113,167,203
108,114,167,203
109,114,167,202
111,113,166,202
113,115,167,204
113,115,167,203
105,113,166,202
100,113,166,202
99,113,167,203
98,113,167,203
91,112,170,202
92,112,169,204
88,110,167,205
88,112,166,204
85,111,165,204
85,113,165,204
82,109,165,204
82,109,165,204
82,108,165,206
88,110,164,206
93,110,163,206
92,111,164,206
97,111,159,199
97,111,158,198
95,109,157,197
105,110,151,192
105,112,153,191
108,115,149,186
108,120,147,185
107,120,146,184
106,126,148,185
106,126,149,184
106,126,149,185
106,126,148,186
110,128,148,185
110,128,148,185
112,128,148,185
110,127,148,185
116,127,147,185
114,125,150,186
114,124,148,186
113,124,148,185
113,125,147,183
113,124,147,184
112,124,146,183
113,122,147,184
115,122,147,185
115,122,146,187
118,122,146,188
116,122,146,188
117,122,146,187
118,118,146,186
118,117,146,188
119,116,145,188
131,125,140,182
130,126,140,179
136,127,135,176
133,127,135,175
139,128,129,169
139,128,129,168
148,130,125,162
148,131,125,162
140,131,127,162
135,128,127,163
134,130,127,162
135,130,126,162
136,129,125,162
138,130,126,163
135,127,126,163
133,126,126,163
135,128,126,161
135,128,126,161
132,127,126,161
133,126,125,162
132,123,125,163
136,128,126,163
133,128,128,164
134,128,127,163
128,125,127,165
130,125,125,164
135,122,125,163
136,121,127,163
135,119,127,163
135,119,127,163
134,120,126,162
133,119,126,161
135,119,126,161
136,118,125,163
136,117,125,163
136,118,125,162
140,120,123,162
142,121,123,161
137,119,124,160
136,120,123,162
136,124,123,160
136,124,122,163
136,123,123,162
136,121,123,162
137,120,123,162
141,121,123,161
148,117,122,159
148,117,121,160
156,119,122,160
152,119,123,162
146,119,123,166
143,123,122,165
144,122,122,164
144,122,121,164
145,121,121,164
142,121,122,164
138,121,123,164
137,120,123,164
139,118,122,165
139,118,123,164
142,120,122,164
144,121,122,164
142,120,122,163
139,119,123,162
142,120,123,162
143,120,122,161
145,121,123,160
145,120,123,160
143,120,123,159
141,119,122,159
142,119,124,160
142,119,124,159
141,120,124,158
139,120,123,159
142,121,124,161
143,121,124,161
143,122,124,162
143,121,124,163
143,122,123,162
142,122,123,162
141,123,123,161
140,124,123,160
137,124,122,158
137,124,122,159
139,124,121,159
142,124,122,159
142,122,121,160
143,121,121,161
146,121,121,161
146,121,121,162
148,120,121,161
151,120,117,155
149,121,117,156
148,124,118,156
145,125,119,157
145,124,118,156
146,128,118,156
151,129,117,155
152,130,117,154
146,129,118,154
144,130,117,154
145,129,116,153
145,130,116,155
143,130,116,155
140,129,116,155
140,128,117,155
140,127,117,155
141,128,116,154
140,127,116,154
142,125,115,154
140,125,117,156
136,125,117,156
134,125,117,156
134,125,117,156
137,124,115,154
138,123,116,154
136,125,117,154
129,125,117,154
128,125,117,155
128,125,117,155
128,126,119,156
129,126,118,155
131,125,118,156
132,125,119,156
134,126,118,156
133,126,119,156
131,128,118,155
133,128,117,154
133,128,117,153
135,129,117,152
136,130,117,152
136,129,117,154
137,130,117,155
139,130,117,156
139,131,117,157
145,133,115,157
149,134,115,157
149,134,116,157
147,134,117,156
144,134,117,155
142,132,117,155
144,133,117,154
145,133,118,154
147,132,116,156
149,132,117,156
153,132,117,157
155,132,117,156
155,132,116,156
156,132,116,155
155,132,117,155
159,132,115,155
160,133,116,154
160,132,115,155
160,132,115,155
163,131,116,156
164,131,115,156
165,131,116,157
161,130,115,156
160,130,115,157
161,130,115,157
162,130,114,158
161,130,115,158
159,130,116,157
158,130,115,157
161,130,114,156
163,130,113,155
161,130,114,156
161,130,114,156
160,129,114,156
159,126,115,156
163,127,115,155
161,127,116,155
160,127,115,155
160,127,115,154
158,127,116,155
163,129,113,154
164,130,114,152
160,129,116,154
159,129,115,154
159,129,115,153
157,127,115,156
158,127,116,158
159,129,115,157
156,129,116,158
157,129,117,158
159,129,115,158
160,130,116,157
161,130,116,157
165,130,115,157
167,131,115,158
166,131,115,158
166,131,115,159
166,131,115,158
166,131,115,159
166,130,115,159
169,129,113,158
171,130,113,157
170,130,114,158
168,128,114,159
165,128,115,160
164,128,114,160
165,128,113,158
167,129,113,158
167,129,113,158
168,129,114,158
168,129,115,157
167,130,115,156
165,130,115,157
164,129,115,156
164,129,115,154
166,127,114,156
166,128,115,157
172,129,109,154
172,130,111,152
173,129,110,152
173,129,110,152
175,130,107,150
173,132,107,151
171,134,107,150
170,137,108,149
170,137,109,147
171,136,108,148
171,137,107,147
172,137,107,147
171,137,108,147
170,137,108,146
170,136,107,145
170,136,107,144
171,136,107,145
170,136,107,146
170,137,106,146
171,138,106,146
170,137,107,146
170,137,106,147
172,137,105,147
174,137,105,146
172,137,106,146
174,137,107,147
177,137,107,148
178,137,106,148
177,138,107,147
175,139,107,147
176,139,106,147
177,138,105,146
179,138,105,145
179,138,105,145
176,137,105,145
175,137,106,147
175,137,107,144
174,135,106,146
174,135,105,146
174,135,105,146
174,135,105,147
173,135,104,146
172,134,105,146
174,134,106,147
174,135,106,148
174,135,106,147
171,136,106,146
170,136,105,146
173,136,105,145
174,136,105,145
173,136,105,145
173,136,105,146
173,136,105,146
173,135,106,147
176,134,105,147
180,135,101,142
182,138,100,142
182,138,100,142
181,138,101,141
186,140,98,137
188,141,96,133
191,142,94,131
194,145,92,126
195,144,91,127
194,144,91,128
191,145,91,127
192,145,92,126
193,145,93,126
193,145,94,126
193,146,94,125
190,145,94,126
193,145,92,125
195,145,91,124
193,144,92,125
193,143,92,126
193,144,93,125
193,145,93,124
193,145,93,125
194,145,92,126
197,146,91,124
197,145,90,125
196,145,92,125
197,146,91,125
195,147,92,124
200,148,91,124
202,148,89,122
201,147,91,124
201,147,91,124
200,146,92,125
201,145,91,127
200,144,92,126
203,144,92,125
205,144,92,124
206,145,92,126
209,145,91,124
210,144,92,124
214,144,91,123
217,144,92,124
219,144,91,124
218,145,92,123
217,144,92,125
218,144,91,123
221,144,90,124
222,144,91,125
217,142,91,122
218,142,90,124
217,142,90,125
218,141,90,126
215,141,90,125
215,141,90,125
215,141,91,125
216,141,90,125
214,141,91,125
214,140,90,125
213,141,91,124
212,140,92,126
210,141,91,125
210,141,91,125
208,142,91,124
207,141,91,124
207,140,92,124
208,141,91,124
206,140,91,124
206,141,91,124
205,143,91,125
203,142,91,124
202,142,91,124
204,141,91,123
205,142,92,123
206,142,91,123
204,143,91,122
203,142,92,122
204,143,91,121
208,143,90,123
207,142,91,122
207,142,91,123
206,142,92,124
206,142,92,123
206,142,92,124
206,143,92,125
205,142,92,125
205,142,91,124
205,142,91,124
205,142,90,124
206,142,90,124
206,143,90,123
204,142,91,124
206,142,90,125
205,142,91,125
206,143,91,124
206,143,91,125
205,143,91,126
204,141,91,127
204,142,91,125
206,142,90,125
206,142,91,125
204,142,91,125
204,143,90,124
205,143,90,124
204,143,91,124
206,143,91,124
205,142,90,124
204,142,90,123
204,142,91,124
205,143,91,124
205,142,91,125
204,144,91,125
204,143,91,125
201,144,91,125
200,144,90,124
199,143,90,125
199,143,90,126
201,142,89,126
202,143,90,125
200,143,90,125
197,142,90,126
198,143,89,125
197,142,90,126
199,142,90,127
198,142,89,127
197,141,88,128
199,141,87,129
200,141,88,129
200,142,88,127
200,142,89,127
199,142,89,126
196,142,89,126
198,143,87,124
202,143,86,125
201,143,88,126
202,143,88,127
201,142,89,127
200,143,89,127
199,145,90,123
198,144,91,124
199,143,91,126
198,144,92,125
197,143,90,125
193,142,91,125
195,142,89,125
195,143,90,125
195,143,90,125
193,144,90,125
192,143,90,125
192,143,90,126
193,144,90,125
195,144,91,125
195,144,90,125
192,144,92,125
191,143,92,127
191,143,90,127
189,143,90,127
188,142,90,127
188,142,90,127
189,143,90,127
191,145,91,125
192,145,90,126
191,145,90,126
190,144,91,125
190,144,91,125
190,143,92,125
193,142,91,124
197,142,90,123
194,142,90,126
191,143,90,125
190,143,91,125
192,143,90,125
193,142,89,124
193,141,90,125
194,141,89,125
194,140,90,125
195,140,89,125
193,140,89,125
190,138,90,125
184,136,92,124
178,134,93,124
181,132,91,125
181,132,90,126
187,135,90,126
188,137,92,125
187,137,92,125
186,137,92,125
190,136,91,125
190,136,91,126
189,136,92,126
185,135,92,126
184,134,91,127
184,136,91,127
184,136,91,128
184,137,92,127
184,136,92,127
185,136,91,126
187,137,91,126
188,136,90,126
188,137,91,127
189,137,90,127
191,137,90,127
191,137,91,128
190,138,92,127
192,138,91,126
191,137,92,126
191,137,93,126
191,137,92,125
188,137,92,127
187,137,91,127
188,137,91,127
191,137,90,126
191,136,90,126
191,136,90,125
191,137,91,124
191,136,91,123
191,136,91,123
193,136,91,124
193,136,91,124
192,136,92,123
192,137,91,123
193,137,91,123
195,139,90,123
193,140,90,122
193,139,90,122
189,139,90,123
186,137,90,123
190,138,91,124
195,141,91,124
193,141,92,123
193,142,92,122
191,142,92,121
193,141,92,121
195,141,91,121
195,141,91,120
195,140,91,121
195,140,92,122
198,140,89,121
198,139,90,122
200,141,90,121
197,140,90,121
196,140,91,121
196,140,91,121
198,141,90,120
198,141,90,120
199,143,89,119
200,143,88,120
200,142,88,122
200,142,89,121
201,142,88,121
201,142,89,122
199,143,89,122
198,143,88,122
201,145,88,122
200,145,89,122
202,146,89,121
199,146,89,121
196,144,89,121
198,143,87,120
201,143,87,120
201,143,87,120
200,143,89,122
198,143,89,122
199,143,88,122
201,144,88,121
201,145,89,120
202,145,87,120
201,146,87,121
200,145,88,121
199,145,89,121
198,145,89,121
198,146,89,121
198,146,89,121
200,146,88,120
201,146,88,120
203,147,87,119
202,147,88,120
203,148,87,118
203,148,89,120
202,147,89,120
202,147,86,119
202,146,87,118
206,146,86,119
205,146,87,120
205,146,88,121
207,147,87,121
208,149,88,120
207,149,89,121
204,148,88,120
204,148,88,120
204,148,88,120
204,148,88,119
203,147,88,119
202,147,89,119
202,148,89,119
201,147,89,119
200,147,90,120
202,147,88,120
203,148,89,119
202,148,89,118
203,148,89,119
203,149,88,118
203,149,88,118
202,148,88,118
203,150,88,117
202,150,88,118
204,151,88,118
203,151,87,118
204,151,87,118
204,151,86,117
205,151,89,118
205,150,89,118
206,150,88,118
207,150,89,119
208,150,87,120
207,150,88,120
207,149,88,120
210,150,87,118
208,150,88,118
205,150,89,119
206,150,88,119
203,150,89,119
204,150,88,118
205,150,88,119
202,150,89,119
203,151,88,118
202,150,89,119
199,149,91,119
200,148,91,119
205,151,90,116
206,149,89,116
207,149,89,117
206,148,89,117
207,150,90,117
208,151,89,116
209,150,89,116
206,150,90,118
204,150,91,119
204,150,90,120
202,150,92,120
203,151,91,119
205,150,89,120
205,151,89,119
204,149,88,119
204,149,89,121
208,151,87,119
207,151,89,120
207,150,88,121
207,150,87,122
208,150,87,121
208,150,87,121
209,150,88,120
204,150,89,120
202,150,91,120
202,150,91,119
203,150,91,119
203,150,91,119
202,151,91,120
200,150,91,120
202,150,90,118
206,150,90,119
207,150,89,120
207,150,89,120
207,150,89,120
206,150,89,120
208,149,88,120
213,150,87,122
216,154,88,119
217,154,87,118
217,153,87,119
218,155,87,118
216,152,87,119
222,151,86,121
228,154,87,121
228,154,87,121
227,154,87,121
222,154,89,120
219,153,88,120
221,153,87,119
221,153,87,119
220,153,89,119
217,152,89,119
219,152,87,119
221,153,87,118
217,151,88,118
213,151,89,119
214,151,88,120
212,152,89,120
209,150,88,120
209,151,87,119
209,151,88,119
212,152,90,120
212,152,90,120
212,151,90,120
213,152,89,119
210,151,91,120
206,151,91,120
208,151,90,119
208,151,90,119
209,151,90,119
206,151,90,119
202,150,90,119
201,150,90,119
202,150,89,118
202,149,89,119
202,149,89,119
201,149,89,120
202,149,89,120
202,150,89,119
200,149,90,119
200,150,90,119
201,150,90,118
200,150,89,119
199,150,90,119
197,150,90,119
197,149,91,119
197,149,91,120
197,149,91,120
196,149,91,120
197,149,90,120
201,150,88,121
201,150,88,120
200,150,90,119
201,150,89,119
199,150,89,119
199,151,89,119
197,151,91,119
197,150,91,119
197,149,90,119
198,151,90,119
194,151,91,119
196,152,90,121
194,155,90,121
188,156,90,120
189,156,90,120
188,153,88,120
190,153,88,119
191,152,89,119
184,150,91,119
179,151,89,117
179,151,89,119
177,153,88,120
179,154,88,119
184,153,87,120
187,153,89,120
188,153,89,119
188,153,88,119
190,152,87,120
191,151,87,119
189,151,87,120
188,150,88,121
190,149,85,121
190,148,85,122
201,150,81,122
213,153,83,123
214,154,85,122
205,152,86,121
200,150,84,121
200,150,85,120
200,151,85,121
204,150,84,118
204,146,84,119
197,146,88,122
176,149,87,122
176,149,89,121
175,141,88,120
187,139,86,120
181,145,86,121
182,146,85,120
188,143,86,120
188,143,85,120
190,144,86,120
194,147,86,122
190,148,86,122
195,146,86,124
197,147,85,123
197,147,85,123
197,147,85,123
192,145,85,122
186,143,86,121
190,144,84,120
195,145,85,122
193,145,87,121
194,142,87,121
195,141,88,123
195,145,87,121
192,145,88,121
194,145,87,121
193,145,88,121
195,146,87,122
194,147,89,122
194,148,88,122
192,147,87,122
194,149,87,121
194,149,87,120
201,151,88,122
206,150,88,122
212,151,87,123
211,151,88,123
210,150,88,123
210,149,88,124
209,150,88,124
209,150,87,124
217,151,86,123
218,150,86,123
220,149,86,124
220,148,86,126
225,150,85,126
226,152,85,126
220,152,86,125
219,150,86,124
218,150,86,124
219,150,85,124
217,149,85,124
220,151,84,124
224,151,83,124
224,151,85,124
220,149,86,125
220,149,86,124
220,148,86,123
219,146,86,124
218,147,86,123
220,147,86,123
220,149,86,123
221,148,86,124
223,149,85,124
224,150,85,124
224,149,85,124
225,148,86,124
225,147,85,125
225,147,85,124
224,149,86,125
221,148,86,125
222,149,85,125
222,149,85,125
222,146,85,124
221,146,86,124
221,143,86,124
222,145,86,124
221,145,86,123
221,145,87,123
221,146,86,125
221,146,85,125
223,145,86,124
228,144,86,123
229,143,85,123
230,143,86,124
234,145,86,124
234,145,86,124
235,149,87,124
231,148,86,124
230,149,86,124
230,148,84,124
230,147,84,124
230,146,84,124
234,146,83,124
237,146,85,123
235,145,85,123
232,146,86,123
233,146,85,122
233,146,85,123
233,147,85,123
239,149,85,123
244,151,85,123
246,150,85,123
246,150,86,124
246,150,86,124
242,148,87,123
239,148,87,123
243,151,85,123
246,153,86,122
243,155,86,123
243,155,86,123
241,154,86,122
238,152,86,122
236,153,86,123
232,151,86,124
233,152,86,123
233,152,86,123
230,150,86,123
228,149,86,123
225,150,86,125
221,151,87,124
216,150,87,123
217,150,87,123
218,151,86,122
217,150,87,123
217,150,87,123
220,151,86,124
221,152,86,124
222,151,85,125
221,150,85,125
219,148,85,125
217,149,85,125
214,150,85,125
214,149,85,125
214,149,85,125
214,150,84,124
211,149,85,125
209,148,85,125
209,149,85,124
208,148,86,124
208,148,87,125
209,149,86,125
209,152,87,124
210,154,87,123
209,155,88,123
207,155,89,123
207,155,89,122
210,154,88,123
212,154,88,124
211,154,89,123
211,152,89,124
213,153,87,123
213,153,87,124
214,154,87,123
213,155,88,123
215,156,88,123
217,155,87,122
219,155,87,122
219,155,88,123
217,155,89,123
216,155,88,124
219,157,87,121
219,157,88,123
221,156,87,123
221,156,87,124
225,157,87,122
228,158,86,120
228,157,86,122
228,157,87,122
229,157,86,122
229,157,86,122
227,156,87,122
227,158,87,122
228,160,86,121
232,163,87,120
235,165,87,117
236,164,86,119
238,166,86,118
239,165,87,118
241,162,87,117
237,159,87,118
230,158,89,119
230,158,89,119
224,157,89,120
222,158,87,120
223,157,87,120
224,158,86,121
225,160,86,121
225,160,86,121
228,160,86,120
233,161,87,118
238,162,86,120
238,160,86,120
241,161,84,120
240,162,87,119
240,161,86,120
240,160,87,120
241,160,86,121
243,162,87,120
246,165,87,119
245,165,87,119
243,163,87,120
240,161,87,120
239,162,86,120
241,163,85,119
241,163,87,119
241,162,87,120
241,164,87,120
244,164,86,119
247,162,86,118
246,163,86,120
247,164,87,119
246,164,87,119
246,163,87,120
241,164,88,119
242,164,86,119
243,164,87,120
244,166,87,118
244,166,87,118
241,165,87,120
238,167,87,120
238,168,86,119
240,169,85,117
238,168,87,119
238,168,88,119
237,167,88,119
237,167,88,119
238,167,88,118
238,167,87,118
237,167,87,117
237,167,87,116
234,166,89,119
234,165,88,119
238,165,87,120
238,167,88,120
236,167,88,120
237,168,86,119
235,168,88,120
233,167,88,119
236,165,87,119
237,166,89,120
235,167,89,120
235,167,89,120
236,167,90,120
237,168,89,120
238,169,89,119
238,169,90,120
238,169,88,119
237,169,89,119
238,169,89,119
240,170,89,118
238,170,90,118
240,171,87,119
241,170,87,120
240,170,87,120
243,168,87,124
244,172,87,125
244,170,86,124
247,172,86,123
245,171,86,124
245,172,86,123
248,172,86,123
245,171,87,124
247,172,87,124
247,172,86,125
244,172,86,125
244,172,86,125
246,174,85,125
245,174,85,125
245,174,85,125
246,176,86,125
247,175,86,125
247,175,86,125
250,176,85,125
254,178,85,124
258,179,84,124
255,180,85,124
250,179,86,123
251,180,86,123
252,180,85,122
252,180,86,122
254,181,89,123
254,180,87,122
255,179,86,121
255,178,85,122
257,178,86,122
255,177,87,122
251,176,87,121
255,178,84,121
254,176,87,122
254,176,87,122
251,176,87,121
248,175,87,120
247,175,87,119
249,175,86,120
246,174,87,121
246,174,88,121
244,173,87,121
246,173,87,121
246,174,87,121
243,176,87,121
237,174,86,119
237,174,87,119
239,174,86,120
243,174,85,121
242,173,86,122
242,173,85,120
240,173,87,120
240,173,87,119
239,172,88,120
241,171,86,120
242,172,86,120
240,172,88,120
240,172,86,121
241,172,86,122
239,171,87,123
238,171,87,123
237,171,85,123
237,171,85,122
236,170,87,122
236,170,87,122
233,169,88,122
233,170,88,122
236,172,87,121
234,173,87,120
234,172,87,121
234,172,87,121
236,173,87,120
234,174,87,120
232,173,88,120
233,173,88,120
235,174,88,119
234,174,88,120
235,174,86,120
236,174,86,119
234,173,87,120
232,173,87,120
231,172,88,120
231,173,88,120
229,173,87,120
226,174,87,120
226,175,87,120
225,174,88,121
228,176,87,121
229,175,87,121
233,177,86,120
