181,240,309,478
210,233,305,486
217,238,328,481
214,237,334,482
216,239,329,480
219,240,353,479
234,277,350,442
242,295,356,424
240,294,358,425
242,308,370,412
247,311,372,409
241,319,379,401
241,320,380,399
234,324,388,396
234,324,392,395
193,317,385,402
182,317,385,402
162,325,409,394
147,326,397,393
148,327,397,392
133,327,410,392
104,317,434,402
101,324,436,395
101,337,436,382
96,335,439,384
94,336,440,383
94,336,442,383
96,341,440,378
90,333,449,386
88,323,450,396
92,326,447,393
84,317,451,402
75,312,447,407
66,309,441,410
35,310,446,409
10,316,458,404
2,324,457,396
2,324,456,395
1,333,442,387
1,335,427,385
1,338,407,381
1,339,387,380
1,333,375,386
1,333,374,386
1,330,355,389
1,327,350,392
3,323,351,396
24,318,347,401
31,313,345,406
31,313,345,406
40,308,343,411
48,304,339,415
57,302,337,417
78,294,330,425
88,291,328,428
97,287,327,432
97,287,326,432
97,286,325,433
106,285,325,434
131,282,321,437
131,282,320,437
136,282,352,437
143,290,358,430
152,303,373,417
159,311,403,408
165,322,437,397
166,321,438,398
197,342,498,378
206,346,527,374
210,348,556,372
218,349,585,370
234,357,611,362
240,372,691,347
240,372,690,346
240,372,689,345
232,442,767,277
232,443,762,276
247,463,787,256
251,463,808,256
250,463,811,256
293,453,833,266
293,455,833,264
293,457,835,262
319,459,836,260
364,482,803,237
437,496,746,223
545,497,659,222
625,492,578,227
625,492,581,226
657,485,535,234
665,476,505,243
537,452,622,267
537,453,622,266
538,441,638,278
547,434,643,285
556,431,638,288
570,426,616,293
570,426,615,293
608,419,566,300
775,411,386,308
781,410,382,309
791,407,376,312
800,407,367,312
800,407,365,311
800,407,365,312
843,393,323,326
874,383,294,336
902,382,263,337
934,377,228,342
901,374,254,325
901,374,253,324
901,374,252,323
903,364,254,355
904,365,277,354
904,365,276,353
901,372,279,347
893,377,286,342
887,367,303,352
887,369,301,350
887,367,303,352
880,370,312,349
880,370,313,349
883,377,313,342
886,378,314,341
889,383,313,336
889,384,313,335
891,388,312,332
890,388,312,331
891,390,313,330
890,389,312,330
899,387,312,332
900,386,312,333
900,386,311,333
897,375,310,344
895,362,309,357
893,357,308,362
892,352,307,367
895,362,304,357
895,357,303,362
899,352,302,367
901,344,301,375
901,332,302,369
902,337,303,369
916,330,287,311
916,334,286,305
916,328,288,304
917,327,288,308
911,329,287,311
895,332,298,312
859,335,330,308
859,335,329,307
856,339,328,307
856,339,327,306
855,340,331,305
855,337,330,308
853,337,248,306
853,339,270,304
853,338,275,303
851,336,269,302
852,335,263,304
854,335,258,303
853,336,257,302
853,335,256,301
855,337,260,305
853,343,259,304
853,343,261,304
853,343,260,303
854,351,262,307
854,351,261,306
854,357,260,305
854,364,259,304
854,364,263,302
854,359,263,302
854,355,263,302
854,355,262,301
858,349,261,304
858,349,260,303
858,345,259,303
857,338,258,305
856,334,257,304
851,345,256,303
851,347,255,302
851,347,254,301
835,369,254,297
816,367,266,297
805,366,277,296
797,370,278,280
794,370,288,274
790,366,303,321
790,366,302,320
788,368,309,320
788,368,308,319
789,381,324,313
797,391,328,306
797,391,327,305
806,398,325,299
815,399,325,297
820,388,324,303
820,388,323,302
812,376,364,308
798,371,364,308
769,366,375,301
755,365,398,309
739,361,399,310
723,360,406,308
710,370,413,294
712,371,412,291
712,371,411,290
702,371,412,288
676,370,428,282
673,369,429,283
673,369,428,282
670,371,428,282
670,371,427,281
663,378,434,290
659,383,442,303
650,385,451,303
650,385,450,302
643,384,452,305
634,377,459,310
618,375,481,337
606,376,491,343
595,375,499,344
585,371,510,348
585,371,509,347
572,372,525,347
572,372,524,346
572,372,523,347
538,365,566,354
538,365,565,353
530,367,573,352
512,376,589,343
502,386,599,333
479,383,620,336
479,384,619,335
475,376,615,343
472,374,599,345
470,372,574,347
476,367,545,352
472,362,544,357
461,363,548,356
461,363,547,355
446,364,544,355
439,367,543,352
418,372,561,347
402,377,572,342
376,398,597,321
374,394,597,325
368,399,612,320
354,407,620,312
343,409,627,310
324,413,654,306
312,417,651,302
310,419,653,300
297,416,658,303
283,418,666,301
281,429,666,290
280,426,669,293
274,433,674,286
251,440,699,279
253,441,691,278
253,441,690,277
249,441,689,278
249,441,688,278
248,440,688,277
279,443,665,276
310,438,641,281
319,439,626,280
333,443,615,276
351,447,601,272
351,447,600,271
359,448,597,271
411,445,553,274
413,445,549,273
439,442,525,277
453,438,511,281
456,435,509,284
458,436,507,283
472,431,499,288
496,426,474,293
512,426,466,293
497,410,488,309
477,383,509,336
455,368,549,351
462,340,510,379
462,340,510,378
509,335,468,384
540,336,422,383
540,336,421,382
517,369,442,350
517,368,441,351
509,374,428,345
546,375,398,343
598,376,343,342
598,375,342,344
597,374,331,345
629,379,290,340
636,375,256,344
639,373,216,346
637,357,215,362
637,358,214,360
635,358,213,359
635,361,212,358
637,362,253,357
637,362,252,356
633,363,262,356
634,363,271,356
634,362,270,355
636,363,281,356
635,365,285,355
642,351,299,368
651,346,304,373
654,346,309,373
657,365,318,354
657,365,317,353
663,380,318,339
664,383,329,337
635,387,396,332
635,387,395,331
613,385,425,334
594,387,445,333
579,389,469,331
566,391,475,329
538,393,504,327
521,393,531,326
521,393,530,325
522,395,529,324
482,395,541,324
458,397,550,322
408,394,599,325
409,395,597,324
383,396,622,324
368,400,646,319
352,404,672,315
332,406,696,313
314,408,718,312
275,418,746,301
274,419,731,300
262,426,716,294
257,429,685,290
256,429,687,290
241,433,676,287
231,433,680,286
232,434,681,285
217,433,699,286
217,433,698,285
208,432,698,287
193,436,711,283
193,436,710,282
185,434,709,285
171,431,720,288
170,434,719,285
170,435,718,284
169,436,718,284
173,437,717,282
174,438,717,281
166,432,724,287
166,432,723,286
161,431,731,288
155,431,737,288
155,432,737,287
123,436,761,283
123,437,761,282
106,437,776,282
104,437,775,282
104,437,776,281
77,440,703,279
78,440,702,278
46,377,648,341
46,377,647,340
30,369,649,350
30,369,649,350
22,334,651,385
22,334,650,384
29,318,632,401
29,318,631,400
26,314,630,405
29,313,615,406
29,313,614,406
27,314,618,405
26,315,621,404
33,316,625,403
36,317,625,402
39,316,628,403
40,316,627,403
41,317,625,402
40,318,624,401
42,316,623,403
45,312,624,407
47,310,623,409
48,307,622,412
49,307,621,412
50,305,623,414
50,305,624,414
50,305,623,414
45,307,625,413
45,308,627,411
48,318,634,401
48,318,633,401
41,321,638,399
34,362,630,357
29,379,611,340
30,379,609,340
30,406,567,313
35,433,521,285
36,446,500,273
29,472,500,247
30,470,471,249
35,464,460,255
35,464,460,255
34,460,459,259
34,460,451,259
39,468,416,251
30,490,354,229
25,500,343,219
24,500,344,219
23,506,427,213
19,501,429,218
1,498,464,221
29,468,445,251
29,437,458,282
29,415,466,304
29,415,465,303
24,409,470,310
25,409,469,309
24,381,485,338
38,347,497,372
44,337,500,382
48,334,507,385
46,334,509,385
48,332,513,387
49,340,525,379
48,340,526,379
50,353,541,366
58,357,549,362
54,379,560,340
52,379,560,340
88,391,522,328
97,391,512,328
95,397,524,322
98,397,521,321
135,406,519,313
169,405,503,314
183,400,508,319
212,397,502,322
226,395,494,324
259,373,511,346
287,362,517,357
269,366,538,353
346,377,520,342
318,378,549,341
360,373,525,346
397,370,520,349
406,365,539,353
417,367,553,352
417,367,552,351
447,369,517,350
447,370,516,349
447,371,514,348
452,362,522,357
462,360,513,359
475,355,502,364
476,355,498,364
625,338,343,381
625,338,342,381
676,304,289,414
694,290,274,411
707,272,264,435
702,255,266,424
702,255,266,424
688,227,321,490
688,227,320,489
688,227,319,488
696,229,329,486
692,239,345,479
693,240,346,477
676,275,367,444
676,275,366,443
649,311,387,408
625,334,409,385
602,349,427,370
602,349,426,369
578,367,446,352
555,381,472,338
513,382,505,337
485,386,507,334
459,387,511,332
436,394,527,326
415,399,543,320
416,399,542,319
370,385,584,334
342,376,599,343
326,368,622,351
326,368,621,350
298,360,621,359
287,357,636,362
283,357,624,362
335,363,560,356
363,345,522,374
363,343,528,376
375,337,516,382
386,336,483,383
393,338,482,382
424,380,466,339
424,380,465,338
426,380,461,339
489,417,402,302
489,417,401,301
515,424,385,295
515,425,384,293
526,425,381,291
521,429,379,289
530,431,407,288
529,431,412,288
549,432,405,287
549,432,397,287
568,433,388,286
576,434,387,285
576,435,386,284
577,433,385,286
577,433,385,286
575,434,385,286
570,435,386,285
570,434,386,284
556,436,394,284
528,439,412,280
501,441,443,278
475,442,504,278
444,443,518,277
444,442,517,275
398,449,575,270
378,452,577,267
378,452,576,266
358,450,589,267
358,449,588,266
339,453,589,266
281,453,638,266
259,463,638,256
227,462,658,256
227,464,657,255
207,465,656,254
177,466,682,254
123,470,698,250
92,473,712,247
63,475,720,244
25,475,749,244
24,475,749,244
1,473,757,244
1,475,756,244
1,483,719,236
1,483,719,236
1,485,701,234
1,504,657,215
1,489,656,230
1,473,617,246
1,418,487,301
1,423,470,296
1,418,442,301
1,415,396,304
1,400,352,319
1,373,347,346
1,377,442,342
1,369,440,350
1,367,433,352
1,367,428,352
1,353,416,366
1,333,411,386
1,318,383,401
1,318,315,401
1,315,302,404
1,324,295,395
1,324,296,395
1,322,295,397
1,319,295,400
1,316,279,403
1,312,280,405
1,318,279,390
1,311,278,386
1,339,269,380
1,341,261,378
1,347,266,372
1,392,233,327
1,405,266,314
1,405,265,313
1,382,305,337
1,391,343,328
1,401,377,318
1,397,466,322
1,415,503,304
1,414,533,305
1,422,562,297
1,414,563,305
1,419,592,300
1,417,614,301
1,417,615,302
1,416,623,301
1,418,645,301
23,428,647,290
56,429,657,290
56,429,656,289
146,423,632,296
165,424,623,295
165,424,622,294
175,425,624,294
195,435,622,284
195,434,623,285
216,446,610,273
203,454,682,265
220,451,660,268
249,464,649,255
276,465,632,254
288,461,631,253
308,470,607,249
307,471,608,248
367,464,550,255
412,457,525,262
424,456,507,263
436,450,507,269
436,450,506,268
449,446,502,273
482,432,482,287
534,425,437,294
534,425,436,293
579,421,410,298
656,420,347,299
543,423,478,297
748,415,277,304
769,413,251,306
779,410,243,309
779,411,242,308
789,356,240,363
808,334,232,385
812,322,231,397
812,322,230,396
812,322,229,397
814,294,230,425
820,279,225,440
820,279,224,439
820,267,224,452
819,255,234,464
811,250,249,469
813,244,252,475
812,245,256,474
812,243,256,475
813,240,257,476
816,236,263,483
815,236,262,483
812,234,262,485
812,234,261,484
812,234,260,483
807,218,273,501
808,219,274,500
808,222,275,498
807,223,275,496
805,223,274,495
805,223,275,494
805,221,274,498
805,221,273,497
817,226,267,493
820,226,262,493
820,229,262,490
822,231,262,488
827,228,261,491
829,204,259,515
831,206,253,513
836,207,248,512
837,208,245,511
839,208,244,511
841,209,236,511
842,211,226,509
843,211,225,508
842,211,224,508
841,213,223,505
840,213,222,504
840,216,221,503
841,215,220,504
841,216,219,503
837,217,218,502
833,219,217,501
831,220,216,499
831,220,219,498
828,220,219,499
829,230,218,489
819,242,223,477
817,242,222,476
817,242,221,475
816,240,220,479
812,243,226,476
811,241,225,478
809,241,224,477
803,244,223,475
797,244,227,474
797,244,226,475
795,245,230,474
795,245,229,473
792,237,231,482
792,237,230,482
787,236,242,483
787,236,242,483
789,236,252,483
788,235,259,483
789,234,257,485
788,234,258,485
786,233,260,486
783,234,260,485
783,234,260,485
781,233,260,485
780,235,259,484
779,234,258,485
775,233,259,486
772,232,258,487
772,232,257,486
772,234,258,485
765,233,261,485
764,229,261,490
757,230,260,489
756,230,259,488
756,230,258,488
758,229,261,490
757,229,261,490
757,229,260,490
757,229,261,490
755,228,262,491
755,229,261,490
755,230,262,489
754,230,262,489
753,231,261,488
753,231,263,488
753,231,264,487
756,232,262,486
757,234,263,485
756,232,262,487
756,232,262,487
756,232,262,487
756,233,261,486
751,228,265,491
748,219,264,500
751,218,265,501
751,218,265,501
750,218,270,500
748,234,269,485
748,234,268,484
749,234,267,484
751,234,266,484
751,234,265,485
751,234,267,485
750,233,267,485
746,233,266,484
744,233,265,483
743,232,264,487
741,231,264,487
741,230,263,487
736,229,262,488
735,229,266,488
726,227,267,492
725,226,267,492
723,225,267,494
722,225,267,494
721,225,262,494
721,225,262,494
722,241,233,478
722,250,230,469
723,266,229,453
727,271,228,448
727,271,227,447
725,282,229,437
727,286,232,433
726,285,231,434
728,292,243,427
727,293,247,426
734,292,252,427
733,292,251,426
736,287,254,432
736,287,255,432
736,275,262,444
744,272,268,447
717,273,304,446
717,273,303,445
686,283,339,436
665,295,372,424
665,295,371,423
650,337,396,382
647,366,403,353
642,373,405,346
642,373,404,345
624,379,425,340
580,357,461,362
563,357,481,362
563,357,470,362
546,358,467,361
546,359,470,360
525,359,473,360
472,366,486,352
464,382,492,337
465,398,478,321
440,410,491,309
404,412,524,307
403,412,523,307
358,417,568,302
314,420,589,300
237,430,640,289
204,436,667,283
172,442,689,277
137,444,706,275
140,445,703,274
105,443,737,276
100,443,737,276
28,437,760,282
1,447,806,272
1,453,801,266
1,453,800,266
1,455,755,264
1,443,635,276
1,443,631,276
1,439,595,279
1,435,591,284
1,419,586,300
1,377,583,342
1,355,584,364
1,337,545,382
1,335,542,384
1,323,495,396
1,323,492,396
1,315,445,404
1,307,389,412
1,307,388,411
1,300,345,419
1,300,344,418
1,293,320,426
1,318,175,401
1,318,175,401
1,347,207,372
1,358,221,361
1,370,277,349
1,373,255,346
1,372,255,346
1,367,254,352
1,361,257,358
1,369,278,350
1,373,291,346
1,371,303,348
5,371,299,347
12,369,293,350
16,361,292,358
90,349,240,370
95,351,239,337
100,351,233,323
105,347,235,328
117,347,235,326
117,347,234,325
117,347,233,324
130,328,235,328
133,331,234,327
124,336,256,322
125,337,243,321
135,344,241,308
135,343,240,307
285,481,88,102
289,481,76,101
293,472,81,113
293,473,77,112
298,494,79,90
297,494,78,89
298,510,71,84
297,509,70,83
291,516,71,83
288,523,72,82
285,528,71,83
277,531,69,84
273,533,67,83
270,540,66,82
272,542,66,83
273,546,65,82
273,546,64,81
272,548,64,81
268,551,64,81
257,554,64,81
251,556,63,80
251,556,63,80
253,554,63,80
248,551,62,79
249,553,61,78
240,550,60,77
241,550,59,76
242,550,59,76
244,551,62,78
244,553,61,77
246,554,60,76
247,553,61,79
256,555,61,80
255,554,60,80
254,554,61,81
256,549,61,81
258,546,61,81
258,547,60,80
257,546,63,83
258,546,62,82
265,551,64,85
265,564,63,84
266,565,63,84
269,565,56,83
269,565,56,83
271,579,56,64
271,578,55,63
263,580,54,62
270,582,42,62
274,582,41,61
274,584,10,39
274,583,10,39
274,582,10,39
276,583,9,37
285,596,8,20
288,596,8,15
290,594,8,18
290,594,6,17
302,582,8,36
302,582,8,36
302,582,8,36
302,582,8,36
302,582,8,36
302,582,8,36
301,582,7,35
301,582,7,35
301,578,8,36
301,578,8,36
301,578,8,36
301,578,8,36
301,578,8,36
850,492,32,31
845,433,44,98
844,433,43,97
847,418,51,115
847,404,64,132
849,401,80,133
846,375,100,162
843,376,110,160
843,376,109,159
843,379,114,158
843,361,125,203
843,360,126,204
843,360,127,206
839,357,154,255
841,360,157,253
841,360,156,252
836,368,169,248
836,368,168,247
839,370,166,245
841,365,167,248
833,361,175,252
828,357,184,258
827,356,186,258
829,358,185,258
829,358,188,257
827,359,191,256
825,354,198,262
823,352,210,274
822,352,211,275
823,352,212,275
821,352,214,275
816,351,213,274
813,350,213,276
812,350,212,275
811,351,213,275
810,352,212,277
807,352,211,278
803,352,212,278
803,352,215,279
803,352,216,279
800,352,216,280
797,353,216,280
738,401,237,282
726,400,242,298
710,400,249,310
710,400,248,309
698,391,257,316
683,381,274,328
668,380,287,327
651,370,302,334
644,373,314,332
641,376,318,329
641,376,317,328
640,376,322,336
636,375,330,344
636,373,330,346
635,372,329,347
636,372,337,347
636,374,337,345
631,375,342,344
626,377,349,343
609,380,365,339
609,380,364,338
599,384,373,335
585,385,385,334
569,391,395,328
547,396,413,323
546,397,413,322
524,400,427,320
478,405,467,314
476,403,468,316
454,405,478,314
433,407,488,312
387,402,519,317
384,400,501,319
380,401,505,318
333,411,516,308
351,415,509,304
339,425,510,293
342,426,506,293
349,427,501,292
315,441,530,278
313,443,533,276
313,441,530,278
313,443,535,276
306,447,533,273
298,451,535,269
292,453,533,267
269,471,539,248
256,475,539,244
256,475,541,243
241,482,552,237
241,481,554,238
209,495,576,224
180,506,592,213
168,513,586,206
155,519,567,200
140,518,556,201
140,518,554,200
129,521,536,198
113,503,532,216
98,490,530,229
86,479,500,240
84,465,470,254
84,465,469,253
78,465,455,254
87,461,428,258
83,458,426,261
63,485,405,234
51,504,404,215
46,535,325,184
45,556,230,163
45,556,229,162
46,564,220,155
53,568,201,151
38,565,211,152
20,571,204,148
4,569,219,150
1,563,219,156
1,589,179,130
1,614,130,105
1,621,125,99
1,626,122,93
1,625,119,93
1,634,115,85
1,637,102,82
1,636,101,82
1,628,101,91
1,625,105,94
1,622,106,97
2,618,105,101
1,616,105,103
1,609,106,110
1,610,106,109
1,610,106,109
1,617,104,102
1,619,103,101
1,623,103,96
1,623,112,96
1,623,114,96
1,630,130,89
1,629,130,89
1,628,130,91
1,599,135,120
1,581,139,138
1,581,139,138
1,560,156,159
1,543,160,176
1,541,161,178
2,535,176,184
2,529,178,190
2,530,175,189
1,495,180,224
1,485,186,234
1,472,190,247
1,476,182,243
1,478,172,241
1,477,173,242
1,473,164,246
1,475,136,244
1,485,98,234
1,495,92,224
1,493,93,226
1,494,93,225
1,507,93,212
1,563,86,156
1,571,96,148
1,562,94,157
1,577,95,142
1,572,109,147
1,594,114,125
1,590,113,129
1,601,158,118
1,610,154,109
1,607,156,112
1,607,156,112
1,615,179,104
1,610,182,109
1,610,182,109
1,612,208,108
1,609,223,110
77,618,211,101
119,617,239,102
118,617,239,102
122,616,237,102
183,620,236,100
265,643,183,76
267,643,182,76
270,644,181,75
320,637,182,82
233,588,345,131
240,575,351,144
183,574,417,145
182,575,418,144
184,564,429,155
181,541,460,178
180,540,460,178
193,526,469,193
198,517,475,202
194,508,494,211
189,506,499,213
186,500,520,219
174,491,546,228
179,476,553,243
177,471,552,248
168,461,561,258
171,461,557,258
161,452,565,267
150,444,573,275
146,429,570,290
136,420,574,299
138,417,569,302
134,411,573,308
131,411,575,308
130,408,571,311
128,405,576,314
132,407,571,312
131,402,577,317
148,405,577,314
144,407,600,312
140,409,612,310
169,406,598,313
199,434,636,282
232,452,620,267
241,447,631,272
240,447,657,272
239,444,656,275
250,446,663,273
261,434,686,285
456,431,547,288
456,431,546,287
492,420,509,299
492,420,508,298
501,412,500,307
513,407,498,312
522,375,510,344
568,355,468,364
649,332,388,387
654,332,383,387
698,322,341,397
711,314,323,405
724,285,308,418
730,269,301,435
730,269,300,434
738,255,293,451
742,241,290,466
743,232,290,463
739,230,302,479
765,229,296,477
810,232,257,481
810,231,255,480
810,231,255,479
823,229,251,480
824,228,250,481
806,228,264,480
806,228,263,479
798,230,267,477
788,233,275,475
789,233,274,474
777,232,284,473
736,236,317,472
726,236,326,473
727,237,325,471
717,240,333,470
711,245,335,469
710,248,341,468
710,248,342,467
710,249,345,468
709,248,356,470
704,245,364,474
696,236,381,480
693,235,382,481
687,232,388,486
687,232,387,485
680,227,402,471
674,226,393,468
670,227,389,468
664,226,390,481
640,225,406,487
641,225,405,488
601,217,431,496
592,211,432,503
590,204,434,511
592,198,433,518
591,187,432,529
590,176,431,539
590,176,430,538
590,176,429,537
595,158,418,561
596,143,415,576
595,140,413,579
597,123,397,596
597,123,396,595
593,109,394,610
595,109,387,610
597,106,377,613
598,106,376,612
598,99,371,620
598,97,370,622
600,94,365,625
579,83,365,636
580,83,364,635
572,72,363,647
569,58,358,661
569,58,357,661
565,52,357,667
560,43,359,676
559,38,358,681
555,36,358,683
555,36,356,683
554,33,355,686
548,31,360,688
547,31,361,688
547,31,360,688
537,26,373,693
535,26,373,693
533,26,372,692
529,28,373,691
526,36,377,683
526,36,376,682
517,62,390,657
531,79,378,640
532,79,377,639
533,79,376,638
533,79,375,637
553,66,362,653
554,49,347,670
553,48,347,670
553,43,345,676
555,40,343,679
557,38,342,679
557,38,341,678
570,39,336,674
574,39,328,673
575,41,327,673
577,42,326,669
582,41,325,667
586,40,324,669
586,40,324,668
587,34,323,671
579,29,331,676
572,21,335,684
562,18,348,686
553,26,358,676
528,63,381,641
521,65,382,640
521,65,381,639
521,65,380,638
522,68,379,637
521,81,379,624
532,77,370,625
535,74,367,626
536,75,365,627
542,67,364,632
547,63,359,634
546,59,359,637
544,56,359,639
546,55,359,639
556,36,355,660
555,31,355,665
549,18,362,678
542,16,363,679
537,17,364,673
537,17,363,672
537,13,362,676
538,14,364,674
539,12,363,674
545,6,359,681
545,6,358,680
555,2,352,683
555,2,351,682
555,1,350,685
563,1,344,678
572,1,335,679
572,1,334,678
585,1,324,675
590,1,321,674
588,1,330,673
588,5,336,668
587,13,344,658
587,13,343,657
599,18,342,652
631,22,315,647
675,72,274,588
672,90,271,567
635,122,296,528
634,118,299,531
597,157,320,491
547,207,339,468
483,248,355,400
457,247,358,384
455,249,361,381
455,249,361,380
411,235,388,383
410,235,387,382
386,227,402,381
363,158,451,392
369,158,472,378
375,159,466,375
356,128,510,489
358,132,506,486
341,127,524,498
341,127,523,497
175,140,678,475
175,140,677,474
186,168,650,446
223,163,593,457
223,163,592,456
253,149,588,472
280,151,622,499
277,150,624,500
277,150,622,499
288,150,649,503
321,144,618,537
359,126,559,565
378,170,569,549
392,175,563,544
392,175,562,543
392,175,561,542
394,179,448,535
384,182,445,495
377,195,436,482
368,196,454,486
363,200,475,486
363,200,474,485
363,200,473,484
374,199,438,473
357,205,407,471
379,212,351,473
379,211,351,474
377,214,364,479
386,216,370,477
398,215,367,464
397,215,369,465
397,215,368,464
459,215,355,393
459,215,354,392
473,216,364,397
473,216,363,396
478,218,375,393
481,219,372,380
475,224,310,384
474,223,289,388
475,228,252,388
482,230,241,390
484,225,243,394
484,219,245,400
484,219,244,401
485,219,241,401
508,216,211,344
512,218,205,347
524,219,191,344
525,219,190,343
528,221,186,346
530,228,177,346
531,227,178,349
528,224,169,355
524,225,173,351
525,224,173,351
520,225,172,340
509,230,130,295
505,230,121,294
501,234,116,292
501,234,114,292
496,234,112,293
488,231,110,297
488,231,110,296
484,225,105,292
491,224,98,276
487,224,98,276
488,224,97,276
489,226,96,275
487,230,96,274
480,228,99,278
481,227,103,278
481,226,103,278
480,227,108,265
478,228,109,255
471,231,108,253
464,234,107,253
444,239,111,254
446,240,110,254
442,236,105,254
442,236,104,254
448,237,95,228
448,237,95,228
430,255,83,228
438,260,78,233
437,270,85,233
439,270,84,235
443,275,88,237
453,273,96,236
466,253,106,233
468,253,107,233
488,252,107,229
489,252,109,227
496,247,110,227
502,246,119,239
510,251,120,237
509,250,120,237
531,255,129,187
543,255,97,182
574,274,61,166
562,306,73,142
561,314,52,122
546,329,36,58
543,335,35,40
543,334,35,40
542,342,34,39
542,342,33,38
541,363,32,37
533,396,33,39
533,396,32,38
532,396,31,37
531,397,32,38
531,397,31,37
532,397,29,35
532,397,29,35
532,397,29,35
532,397,28,34
536,389,27,33
536,384,26,32
536,397,26,32
535,396,25,31
536,403,24,30
535,402,24,30
535,402,23,29
535,402,22,28
543,402,20,26
552,394,19,24
552,401,18,23
551,400,18,23
551,392,18,23
543,400,18,23
542,399,18,23
544,399,18,23
543,406,18,23
540,397,18,23
539,396,18,23
539,388,18,23
547,388,17,22
546,387,17,22
545,378,16,21
542,383,15,54
542,383,15,54
542,383,15,54
542,383,15,54
542,383,15,54
542,383,15,54
542,383,15,54
542,383,15,54
542,383,15,54
542,383,15,54
542,383,15,54
542,383,15,54
542,383,15,54
542,383,15,54
542,383,15,54
542,383,15,54
468,397,28,20
465,383,25,59
464,383,24,58
461,378,33,89
469,350,43,110
462,334,44,111
453,318,44,148
453,317,43,147
443,300,46,154
425,286,47,157
399,266,48,153
398,265,48,153
367,260,53,139
346,256,48,139
318,254,48,134
304,256,48,129
303,255,50,129
278,250,54,128
243,218,64,138
224,208,64,138
224,208,63,142
206,200,78,139
198,185,83,138
209,191,88,137
248,196,89,137
248,196,88,136
260,207,90,139
311,207,93,135
347,196,93,134
371,197,93,137
373,196,92,138
445,190,93,138
470,179,97,138
450,154,98,138
449,151,98,144
462,161,99,145
443,138,99,146
433,100,103,148
433,100,102,147
423,85,100,150
423,85,99,149
421,71,102,155
431,60,103,159
431,60,102,158
421,47,106,163
409,40,111,163
417,40,111,165
417,32,111,174
416,31,111,174
410,23,123,179
411,23,120,169
405,19,119,169
402,13,112,156
402,11,111,160
402,11,110,160
401,9,95,165
403,9,90,166
406,77,78,162
396,82,78,162
401,109,73,164
399,128,72,163
399,128,71,162
392,173,70,161
381,185,73,160
386,210,68,155
391,232,63,156
406,271,65,159
399,293,65,149
422,293,66,149
422,293,65,148
422,293,64,147
441,299,63,158
453,281,63,165
452,281,62,164
479,252,63,149
483,235,63,149
480,237,64,151
480,237,63,150
475,225,61,151
456,215,61,155
452,202,63,154
429,204,63,143
419,204,65,147
413,209,68,149
396,216,74,149
396,216,73,148
389,225,72,142
389,227,70,137
381,252,72,125
386,260,63,146
397,252,61,147
397,247,62,136
397,247,61,135
404,247,63,128
430,225,66,136
436,206,64,139
437,190,75,145
438,189,75,144
440,175,78,144
445,165,77,138
449,156,78,139
447,147,78,141
439,146,78,145
442,149,78,146
450,155,83,146
450,154,84,147
454,165,85,142
460,187,94,141
460,186,95,142
