181,189,72,53
183,192,74,49
185,194,72,48
185,196,71,48
185,196,72,49
187,196,71,50
188,196,70,52
189,195,70,55
191,194,67,54
193,195,67,53
194,195,65,54
194,195,66,54
193,195,65,53
191,194,69,56
191,197,71,54
190,197,71,57
189,197,70,56
191,197,72,59
191,197,71,59
192,199,69,59
192,198,72,59
192,198,73,58
192,198,71,57
192,197,72,60
190,197,74,58
191,196,73,58
191,196,74,58
193,196,73,61
195,201,74,57
196,203,76,59
197,205,76,57
196,206,78,58
200,207,72,58
201,207,71,61
201,207,68,60
203,210,61,58
201,210,64,59
200,209,60,61
197,209,58,61
193,208,59,60
192,206,58,59
191,204,57,60
189,202,58,60
189,201,58,60
189,200,57,58
193,199,51,59
191,198,51,59
189,197,51,59
188,196,51,62
187,196,51,62
184,197,55,62
182,200,55,60
181,200,54,59
181,200,54,60
182,201,53,59
183,200,52,59
183,200,54,59
184,199,55,60
184,199,55,59
183,198,56,59
182,197,57,59
181,199,58,61
185,199,55,63
188,199,54,63
188,201,56,60
189,204,60,58
192,206,57,56
196,207,55,58
199,209,56,56
202,210,56,55
202,210,54,53
202,209,56,56
201,208,56,53
203,205,56,55
205,203,58,55
208,202,59,55
211,201,57,55
215,201,55,54
218,200,56,55
220,201,60,55
221,203,59,55
221,203,61,55
222,203,61,54
222,202,61,54
222,203,61,55
224,202,61,56
225,201,64,57
225,199,64,57
229,200,64,55
229,202,64,53
228,204,65,51
224,204,65,53
220,204,70,54
218,206,65,55
216,207,67,52
214,209,69,51
214,210,68,56
213,211,70,53
212,212,71,55
211,213,71,52
207,212,71,55
205,213,72,53
200,212,75,53
197,213,75,51
195,212,76,52
193,212,77,53
192,214,78,52
189,215,80,51
187,216,79,51
184,215,79,54
183,218,79,51
181,218,79,51
177,218,78,50
174,217,80,53
173,216,81,54
171,215,81,54
171,215,82,53
171,215,81,53
171,216,82,52
170,216,84,52
170,215,84,52
170,214,84,52
172,215,83,50
172,214,85,52
174,214,85,51
174,215,86,51
174,216,85,52
173,217,84,51
172,217,87,52
173,217,87,52
174,218,85,53
174,218,85,53
174,217,85,53
174,218,86,51
173,218,88,50
172,218,89,50
174,218,90,49
174,217,91,49
173,217,91,49
175,217,91,50
173,217,94,49
172,217,93,49
172,217,92,49
173,219,92,47
173,219,92,47
173,218,91,49
173,217,91,49
176,218,90,48
175,217,91,48
174,216,93,49
176,216,93,49
177,216,96,50
180,220,95,46
182,221,95,48
183,220,96,49
184,222,97,48
183,223,97,49
183,223,97,49
182,224,99,48
180,223,98,47
179,224,97,46
178,223,96,48
176,223,96,47
176,222,93,46
175,222,90,47
175,223,89,47
174,223,89,47
177,224,86,45
180,224,85,46
181,224,84,45
182,223,85,47
184,223,86,45
185,221,86,47
184,220,87,47
183,219,84,45
184,218,84,45
185,216,84,46
188,215,84,46
191,214,83,46
191,213,89,46
192,214,86,44
190,213,89,47
190,212,89,49
192,214,90,48
191,214,90,48
191,216,93,45
191,216,93,46
190,216,96,48
191,218,95,47
195,217,97,47
197,218,99,45
198,218,98,45
201,217,99,45
203,216,99,45
205,216,99,44
207,215,98,43
207,215,104,46
209,214,106,47
209,213,105,49
208,216,107,45
211,217,105,45
213,217,105,45
212,217,105,46
214,217,104,47
219,217,104,48
222,220,103,47
225,222,105,46
225,222,106,46
224,222,106,46
223,222,106,47
222,222,105,48
221,222,104,50
220,222,103,49
219,223,102,49
218,222,102,49
217,221,97,49
218,222,94,48
218,222,93,48
217,221,94,48
220,222,92,47
221,222,91,46
222,222,89,47
223,222,91,47
222,222,92,47
223,222,90,49
223,224,90,47
222,224,90,48
224,224,89,48
224,224,90,49
226,226,90,48
228,226,90,48
228,225,90,48
228,223,92,49
228,220,93,49
229,214,97,48
230,210,99,49
234,209,98,50
241,210,94,50
244,212,92,50
247,214,91,50
247,214,92,51
247,215,90,49
246,214,90,49
246,214,91,48
246,213,91,48
248,211,90,48
248,211,91,49
248,210,91,51
247,210,91,51
245,209,92,52
243,209,89,52
242,209,89,52
241,211,87,50
243,211,85,50
244,212,84,50
243,212,84,52
243,213,84,52
244,214,83,52
245,217,82,50
247,218,82,50
246,219,84,50
245,220,85,49
243,219,82,50
243,218,82,51
244,217,83,51
243,219,83,49
243,219,83,49
241,219,83,49
241,221,81,48
241,220,84,51
241,219,80,53
242,220,81,51
242,219,81,52
240,219,82,54
237,218,84,55
236,218,84,54
235,218,84,54
236,218,82,53
233,218,84,53
230,218,83,52
229,218,86,53
232,220,84,52
232,220,86,53
231,221,86,53
229,221,85,53
230,221,84,54
230,221,85,52
229,220,85,55
231,221,83,53
231,221,83,53
231,220,83,53
232,222,81,51
232,222,81,51
232,222,80,50
232,222,79,49
232,222,83,51
233,225,82,49
236,226,81,48
235,227,81,47
233,227,81,47
232,226,81,47
231,226,83,47
233,227,82,48
235,227,81,48
236,227,84,47
236,227,84,47
238,227,84,48
238,227,85,47
237,228,86,44
237,228,88,46
237,228,91,46
238,228,91,46
237,228,91,46
237,228,92,45
236,227,92,45
237,225,88,47
237,225,85,49
237,224,85,49
237,224,82,48
240,222,78,50
241,220,75,51
240,219,75,52
239,219,76,53
239,219,75,54
239,222,77,52
242,223,76,51
244,223,77,52
245,222,76,51
245,223,78,51
244,222,80,52
246,222,81,52
247,222,82,52
249,222,81,51
249,222,82,51
248,222,82,51
248,222,85,51
248,222,85,51
247,222,87,52
249,223,85,52
249,222,86,53
250,221,85,52
250,223,87,52
249,223,89,52
247,223,94,55
246,222,95,55
244,221,95,56
247,222,93,55
245,223,94,55
244,224,94,56
243,224,94,56
241,224,94,56
238,226,92,55
236,228,92,54
235,228,92,54
236,230,90,52
238,231,88,51
239,232,87,50
239,234,87,50
237,234,87,52
236,234,88,52
236,234,84,50
236,233,85,50
236,230,84,50
236,226,83,49
236,224,81,49
235,222,79,52
235,219,80,52
237,219,81,52
237,217,81,53
236,217,79,52
235,216,79,52
231,217,81,51
228,217,80,50
226,217,82,50
228,217,81,51
229,218,83,49
230,218,83,49
231,218,85,50
231,217,87,50
230,216,87,50
229,215,89,51
228,215,88,51
230,214,88,51
230,213,87,50
233,212,87,49
244,203,84,51
256,193,81,51
267,183,80,52
274,174,80,52
280,171,77,54
288,170,78,55
293,170,77,54
295,172,79,54
294,171,79,54
288,174,79,54
282,181,81,54
279,182,82,56
278,184,84,54
279,184,85,53
279,189,86,52
275,195,84,54
271,198,83,52
270,200,82,54
269,202,82,54
268,204,83,55
264,204,82,54
262,204,81,54
260,203,81,54
259,206,84,52
256,207,84,52
255,207,84,54
254,207,84,54
255,209,84,54
257,210,85,56
259,209,84,55
261,208,85,55
261,207,85,55
259,207,86,55
264,207,81,55
265,207,81,55
265,207,80,54
266,208,79,54
268,209,77,54
267,210,76,53
267,211,75,53
269,211,70,54
268,211,68,54
269,212,67,52
270,212,66,52
273,211,64,52
274,209,62,53
274,207,62,53
274,206,62,53
275,208,60,51
275,208,61,52
275,210,60,51
275,211,59,50
277,212,57,52
279,215,52,52
281,217,45,52
283,218,41,52
283,216,37,52
283,217,37,51
284,217,41,51
286,216,41,52
288,217,42,49
288,215,43,52
284,214,42,53
280,215,41,52
279,215,41,52
279,216,41,52
279,218,41,52
279,221,41,53
279,221,40,52
280,221,40,52
281,223,41,50
281,223,41,49
279,221,41,51
278,221,41,51
276,222,40,50
276,222,40,50
276,223,40,50
274,223,46,51
276,223,45,52
276,225,46,51
276,226,46,51
274,227,47,52
274,227,44,53
272,227,43,53
269,226,43,53
270,227,40,54
270,227,41,51
272,226,41,51
276,226,38,51
279,226,39,49
281,225,38,50
280,224,40,52
280,225,36,51
281,225,36,50
281,225,37,50
281,223,37,51
282,221,35,51
282,221,35,50
277,221,39,50
275,220,41,50
272,219,43,52
271,221,45,49
269,220,47,49
268,218,48,49
267,217,48,50
265,217,48,49
265,218,48,50
265,218,49,49
266,217,48,49
266,218,50,48
265,218,50,49
261,219,52,49
261,221,52,49
262,221,52,49
262,222,53,48
264,223,50,50
262,223,50,51
260,223,49,52
255,228,49,50
249,230,49,50
242,234,49,49
237,237,49,50
235,241,50,47
234,241,50,48
232,241,49,47
225,240,49,49
220,236,49,50
215,230,49,49
205,226,50,47
195,224,49,49
185,221,49,50
181,216,48,50
180,212,47,48
184,207,45,49
186,205,43,50
185,205,42,49
185,205,42,48
189,204,38,48
194,201,35,47
200,202,36,48
216,204,34,48
228,206,32,47
231,210,35,47
233,213,33,47
236,213,34,47
234,216,33,46
231,221,32,46
228,223,33,47
225,219,34,47
219,217,33,46
208,215,33,46
195,216,33,45
192,213,32,44
200,212,31,46
208,210,29,45
208,206,30,44
198,202,30,44
185,197,34,46
183,193,33,46
197,189,34,47
205,188,34,46
208,185,35,46
218,185,35,45
214,188,37,45
205,191,37,46
199,193,37,45
200,197,39,47
199,204,39,46
192,205,39,45
182,204,40,46
182,199,39,47
184,197,39,47
176,197,43,47
169,195,40,47
177,192,40,46
188,193,41,48
197,191,39,47
198,183,40,46
195,174,41,46
205,163,42,46
228,155,43,46
241,153,44,46
239,154,44,46
228,155,46,47
221,159,42,49
212,167,42,49
195,168,43,50
185,164,44,48
189,159,44,46
200,154,41,47
206,153,43,48
208,153,44,48
208,154,43,48
204,153,44,48
198,153,45,48
193,151,45,47
191,150,46,46
195,149,43,47
201,151,45,47
208,157,46,48
216,162,43,48
219,165,43,49
216,168,41,48
208,169,43,52
203,174,40,49
204,176,38,51
207,178,40,51
210,177,40,51
213,177,39,51
213,176,37,52
212,174,36,51
211,174,39,50
215,174,36,50
219,174,35,49
220,173,39,50
223,173,38,50
222,173,38,50
219,172,38,50
212,171,41,50
211,171,41,50
217,173,37,49
217,171,40,51
217,173,38,50
217,174,37,49
216,174,37,49
220,173,33,53
220,174,33,52
219,173,34,52
218,173,35,51
218,172,35,51
218,171,35,51
219,171,38,55
218,173,41,52
216,172,44,54
213,174,46,52
212,174,46,53
210,174,46,53
212,175,46,54
213,176,45,53
213,177,47,55
212,178,48,56
211,177,48,56
209,179,49,54
209,180,50,54
207,180,50,54
206,181,51,55
206,183,52,55
205,185,53,52
205,184,54,53
205,184,54,53
205,184,54,54
205,185,56,54
204,185,56,54
206,187,57,52
207,190,59,52
209,190,59,52
211,193,59,53
213,194,60,52
214,194,59,52
213,193,60,52
211,192,60,52
211,192,59,53
211,192,59,53
213,193,60,51
215,193,59,50
217,194,61,50
219,193,61,50
220,193,61,52
219,193,60,51
219,195,61,52
219,194,61,54
220,194,61,54
220,194,61,54
221,197,61,52
222,197,60,53
221,197,60,55
220,198,60,55
220,198,61,54
222,197,61,54
226,197,61,56
228,197,62,55
227,196,62,55
225,196,64,56
223,195,63,55
224,195,62,55
225,195,62,55
226,196,64,56
227,196,64,56
228,197,63,55
227,199,64,55
227,199,64,55
228,199,62,55
228,198,62,56
228,198,60,55
228,198,60,55
228,198,62,54
229,197,61,55
228,198,60,54
225,199,60,54
223,199,60,54
222,200,62,54
221,200,62,53
221,200,62,53
225,200,59,52
230,200,56,51
230,199,57,51
231,199,57,53
230,199,57,53
231,198,55,53
233,199,54,52
234,198,54,53
234,197,54,54
234,196,56,54
234,196,54,55
233,196,54,55
233,198,57,54
235,198,57,54
239,200,55,52
240,201,56,51
239,201,56,51
238,203,58,52
237,203,58,54
235,204,55,54
232,204,54,53
229,207,55,53
229,207,53,54
230,206,53,53
232,205,54,53
233,206,52,53
234,205,52,53
237,204,51,53
241,204,51,53
247,203,51,53
256,202,51,53
268,202,51,53
279,202,50,53
285,203,49,52
285,202,49,52
283,203,48,52
282,203,48,53
282,203,47,52
285,205,47,54
290,208,46,53
299,213,45,53
307,215,45,54
313,215,45,54
317,216,48,53
324,216,46,52
331,213,46,52
341,214,46,52
350,215,45,51
360,215,48,53
367,214,48,53
374,212,47,53
379,209,46,52
385,206,48,53
390,202,47,52
396,200,49,53
400,198,49,53
406,197,49,54
411,196,49,56
416,196,48,56
424,197,47,55
428,197,48,55
433,198,47,53
439,200,41,54
445,201,35,53
450,201,30,52
454,202,26,51
459,204,21,54
463,206,17,54
468,209,12,47
471,213,9,45
473,216,7,41
476,219,4,35
477,221,3,21
473,220,8,22
475,210,6,56
476,211,5,55
476,211,5,55
476,211,5,55
476,211,5,55
476,211,5,55
476,211,5,55
476,211,5,55
476,211,5,55
476,211,5,55
476,211,5,55
476,211,5,55
476,211,5,55
476,211,5,55
476,211,5,55
476,211,5,55
476,211,5,55
476,211,5,55
476,211,5,55
476,211,5,55
476,211,5,55
476,211,5,55
476,211,5,55
476,211,5,55
476,211,5,55
476,211,5,55
476,211,5,55
474,217,7,43
447,194,33,55
417,195,45,52
397,190,40,53
373,185,40,53
354,191,38,52
336,202,41,52
322,210,38,53
316,219,39,49
315,229,37,46
310,232,36,48
300,233,40,48
296,237,36,48
290,237,37,47
286,234,35,46
282,232,34,46
274,229,35,46
271,226,30,49
265,223,30,50
260,221,28,49
254,218,30,50
250,217,31,50
248,216,33,52
248,216,33,52
247,216,35,51
245,216,36,51
243,214,36,51
241,211,41,51
242,208,42,51
242,204,44,50
241,201,45,51
241,201,45,51
241,202,48,52
240,202,48,52
238,203,49,53
236,204,50,53
234,201,51,52
229,197,51,53
221,194,50,52
215,192,51,54
212,192,52,52
209,190,53,52
207,189,51,53
204,189,52,52
199,189,52,52
195,188,52,52
196,188,54,52
201,189,55,52
206,190,55,53
208,191,55,52
209,190,56,52
207,189,56,52
204,187,57,54
202,186,56,53
198,186,58,54
194,185,58,53
193,186,59,52
198,185,59,54
203,184,59,54
206,180,59,55
206,179,59,54
204,178,59,57
202,180,60,56
202,181,58,55
201,181,60,54
203,180,59,55
203,179,61,57
203,178,60,57
201,178,61,55
198,178,60,56
197,178,60,56
200,178,57,56
203,178,57,56
204,177,58,55
204,177,59,55
205,174,59,56
204,174,60,55
204,175,58,56
204,176,59,57
205,179,59,55
207,180,59,56
207,180,58,55
207,177,59,57
210,175,60,56
212,173,60,55
214,172,60,56
214,171,60,56
212,170,62,56
211,170,60,57
210,169,59,57
208,169,60,56
208,170,60,55
209,171,62,56
213,173,60,56
213,174,59,56
210,175,59,56
207,176,59,56
205,177,59,56
205,177,57,56
205,178,59,55
208,178,57,56
208,180,58,55
207,181,59,55
207,179,56,55
207,177,56,55
206,176,56,56
207,178,55,55
209,180,55,55
212,181,55,55
215,179,55,56
216,178,55,55
216,177,55,56
214,177,55,56
212,178,54,55
210,178,54,56
208,180,55,54
205,180,56,55
205,181,53,54
203,181,53,53
199,183,52,53
200,184,50,54
201,183,52,54
201,175,49,54
198,173,50,52
197,172,50,53
202,166,50,54
202,166,48,54
196,166,48,54
195,164,50,54
196,163,48,54
193,158,48,54
199,154,48,55
208,158,48,57
214,162,49,55
208,167,48,54
202,167,48,54
202,172,50,54
222,172,47,55
231,175,48,55
226,176,49,55
222,180,50,55
235,180,46,55
245,178,48,54
243,175,49,53
240,170,50,54
245,169,48,54
251,169,49,54
244,169,48,53
237,169,51,53
235,172,50,52
232,175,50,54
227,177,52,51
224,177,49,52
223,177,51,52
222,178,52,53
221,177,53,55
222,178,52,53
224,181,51,53
225,182,51,54
227,184,50,54
230,185,52,54
233,183,53,55
237,183,52,54
241,184,54,54
248,185,51,53
250,188,52,52
250,186,51,51
247,184,50,52
244,183,50,52
242,183,51,52
241,184,52,51
239,185,52,50
235,186,53,51
232,190,52,51
227,195,53,52
222,196,53,52
219,192,53,51
221,186,52,53
224,183,52,53
223,182,52,53
222,181,50,53
222,181,51,53
223,187,50,53
217,191,51,54
216,193,51,54
220,198,52,53
222,198,50,54
222,198,51,55
223,191,52,54
225,190,52,53
226,185,50,53
227,178,49,54
230,180,48,54
231,184,49,53
226,187,50,53
220,192,51,53
217,197,49,52
215,197,51,53
216,196,50,54
217,196,52,53
217,195,51,53
215,195,50,54
216,198,50,54
219,199,50,56
219,201,50,55
216,200,49,55
214,202,50,54
210,203,49,53
205,206,51,54
200,209,51,55
198,210,51,55
202,209,49,57
207,209,49,56
210,211,50,57
212,212,52,57
216,211,50,57
218,212,51,58
220,212,53,58
222,214,55,60
222,216,55,60
219,217,57,63
219,220,57,64
217,222,57,64
215,223,58,65
217,222,57,67
220,222,59,67
221,220,60,69
224,217,62,70
224,218,62,70
220,218,63,70
213,220,65,70
209,223,65,71
204,227,65,71
203,231,67,71
199,234,67,76
192,233,68,75
190,233,70,75
199,239,70,77
204,238,70,77
207,237,72,78
211,234,71,78
216,231,71,78
215,230,71,78
202,229,73,81
186,229,74,80
184,237,74,81
179,233,75,83
174,227,75,84
174,221,75,84
177,220,75,84
179,219,74,84
179,216,75,83
180,215,74,83
182,214,74,83
182,212,76,83
182,210,77,83
185,206,75,81
186,204,75,84
185,206,80,83
185,205,78,85
185,205,78,84
186,206,77,85
185,208,77,85
189,208,76,85
194,205,78,85
204,199,77,86
209,196,77,86
204,198,79,87
196,196,78,87
192,197,79,88
190,198,79,88
186,199,80,89
180,197,80,89
178,194,85,89
176,194,85,91
172,192,86,96
168,193,86,96
162,193,88,97
159,193,87,96
159,194,91,98
161,195,90,98
166,195,90,100
166,194,90,101
166,192,89,104
165,192,93,105
164,193,93,106
164,193,95,106
161,194,97,105
162,193,97,106
163,192,96,105
164,190,98,107
164,191,99,108
162,189,99,108
163,186,100,109
162,183,100,110
154,180,101,110
151,180,100,110
151,183,101,109
149,186,102,108
150,187,100,107
147,186,100,110
129,184,100,110
124,187,101,110
132,190,99,112
132,186,100,113
130,178,100,113
132,175,100,110
139,176,101,110
148,179,100,109
149,177,100,110
151,175,101,110
156,172,103,110
158,174,102,110
152,173,101,109
148,173,100,107
149,174,99,106
154,174,101,106
155,172,101,107
154,172,102,109
152,173,101,109
148,173,101,110
145,172,101,110
144,170,102,110
143,169,102,110
143,170,101,111
139,170,100,110
135,171,101,109
135,174,101,110
136,176,101,110
135,176,102,110
134,180,103,111
134,179,101,111
133,180,102,109
134,180,100,108
135,179,100,108
138,178,100,107
140,178,101,105
143,182,102,106
147,184,100,107
149,189,100,108
150,189,100,108
154,190,100,108
159,189,100,108
159,189,98,106
162,192,101,105
164,196,102,103
163,195,102,103
164,194,101,105
167,194,101,104
169,194,100,106
171,196,99,107
172,196,99,107
166,198,100,106
160,198,100,107
156,197,100,108
159,197,99,109
161,194,99,109
163,193,101,107
162,194,102,106
160,193,101,106
156,191,101,106
155,190,100,106
151,190,100,106
150,190,101,106
149,191,102,106
148,189,102,106
147,188,103,107
148,187,101,107
148,186,100,107
144,187,102,108
140,185,102,108
140,186,101,108
140,186,101,108
140,186,101,107
141,185,101,108
142,183,100,108
141,182,100,108
140,181,101,108
139,183,101,108
137,183,101,108
135,185,102,108
136,184,100,108
135,185,99,108
134,183,100,108
135,180,99,108
134,176,98,107
134,174,100,107
132,173,101,107
128,174,101,106
124,178,101,106
121,178,101,106
118,178,102,106
117,177,103,106
119,177,101,106
120,178,101,107
120,179,101,107
122,178,102,107
132,178,100,108
137,177,99,108
138,176,98,107
136,176,99,108
134,178,100,108
134,178,100,108
134,177,100,108
138,177,100,107
141,174,100,107
141,171,100,107
141,168,99,108
139,165,100,110
135,164,101,110
131,165,102,110
123,165,103,110
115,169,103,110
111,168,104,108
109,166,104,108
109,167,104,107
108,167,104,107
107,167,104,107
107,166,104,107
110,166,103,106
112,168,103,104
112,170,102,103
111,172,102,104
111,171,105,104
116,171,104,104
122,170,104,104
130,170,103,104
138,170,103,103
141,171,102,102
141,173,102,100
142,176,102,100
143,176,103,102
145,173,103,102
149,172,103,103
148,171,103,103
146,169,97,103
141,169,97,103
137,172,96,102
133,174,96,101
130,174,95,101
133,171,95,101
137,172,90,101
140,174,89,101
143,179,89,101
143,182,88,100
141,183,88,100
139,185,87,99
138,186,87,96
137,180,87,96
135,172,88,97
134,168,90,97
134,166,90,97
134,167,89,96
132,167,89,96
131,169,88,96
130,170,87,96
129,171,87,96
126,170,87,96
125,167,88,96
129,164,88,96
133,164,88,97
136,163,88,97
139,160,88,98
142,158,88,98
145,160,87,97
145,163,87,97
146,166,87,97
150,163,89,97
154,159,89,97
159,159,92,97
162,158,92,97
165,158,93,97
166,158,93,97
168,161,91,96
165,165,90,96
163,167,90,95
165,168,90,95
168,167,90,95
172,166,92,96
171,165,92,96
170,161,89,97
166,156,89,97
165,155,89,97
166,154,91,98
167,154,91,98
169,154,91,98
170,158,90,98
170,163,91,99
170,163,90,98
176,164,88,97
179,164,88,97
182,168,89,97
186,166,90,97
187,161,90,97
188,156,89,97
189,154,91,96
188,153,92,96
186,151,93,96
184,154,97,98
182,156,99,98
181,157,101,98
179,158,103,98
178,159,105,96
178,157,105,96
177,153,110,98
173,151,114,99
174,145,115,102
174,139,113,100
171,139,119,102
165,138,122,102
162,139,123,100
161,138,123,100
162,138,124,101
164,137,125,102
168,133,125,102
172,130,126,104
173,127,128,105
175,128,129,105
178,133,127,103
180,137,126,103
181,139,127,103
184,140,127,103
186,143,129,103
187,143,127,101
186,143,126,96
186,141,124,96
184,139,124,96
184,137,122,99
185,136,120,99
184,135,119,98
184,133,120,99
182,129,118,99
180,126,116,100
179,125,114,97
179,125,111,98
183,126,107,102
195,131,95,100
205,134,87,99
213,136,80,100
216,133,76,102
215,131,73,103
215,130,72,103
216,131,71,102
218,131,71,102
220,133,71,99
222,133,70,100
223,135,70,100
225,138,70,101
228,139,69,101
230,139,69,101
230,139,70,102
229,138,71,103
228,138,70,103
226,140,72,103
224,144,73,103
224,148,72,104
225,150,72,105
224,150,72,105
225,154,74,106
227,155,73,105
231,156,74,106
234,155,76,105
237,154,77,107
239,154,79,108
238,156,80,109
236,159,81,108
235,161,81,108
235,159,81,108
238,151,82,111
241,147,80,113
241,147,80,113
242,149,79,113
242,148,78,112
240,154,80,106
237,157,80,103
236,158,79,102
234,163,78,101
230,167,85,101
231,171,84,100
235,174,85,100
241,175,85,100
242,174,85,100
241,173,83,101
240,175,82,100
241,174,82,100
242,174,82,100
242,174,82,100
243,175,82,100
242,176,83,101
244,177,83,101
247,176,85,102
251,175,84,101
253,173,84,101
253,173,85,102
257,176,82,102
263,177,78,101
277,177,66,101
283,177,66,102
287,175,64,103
285,174,66,104
285,175,64,104
285,178,65,101
286,181,63,98
287,180,62,97
288,181,70,96
287,183,73,92
287,185,76,89
282,187,79,88
278,187,81,86
269,187,86,86
270,188,92,85
271,189,94,88
275,191,95,89
276,191,94,88
265,190,106,89
265,190,105,89
268,190,104,89
271,188,104,89
272,187,101,87
271,186,100,86
271,185,103,87
270,185,103,87
265,185,107,87
261,185,109,89
257,187,111,90
258,188,108,88
258,187,108,88
256,188,109,88
255,188,106,88
253,190,107,88
253,191,105,86
252,190,104,85
255,192,105,86
257,192,105,86
259,192,106,85
259,190,114,88
256,190,117,88
252,191,121,88
248,190,124,88
248,190,126,93
250,189,125,94
255,190,123,96
259,189,121,96
264,188,117,95
274,185,107,95
277,184,105,94
281,184,103,94
277,184,106,94
284,184,99,94
290,183,95,94
294,183,91,93
295,186,88,94
295,186,86,94
294,186,85,96
295,186,83,101
292,185,85,103
291,183,84,99
292,182,81,98
292,181,86,99
292,181,83,101
292,182,90,100
292,181,90,100
290,181,94,101
288,179,94,101
285,179,96,102
282,186,100,102
282,187,101,104
282,186,101,104
283,186,103,104
286,186,103,106
284,182,99,107
281,181,90,109
280,181,89,109
281,182,90,107
282,183,89,106
285,184,89,106
288,186,89,106
292,191,86,104
292,195,85,103
294,198,82,102
294,200,82,102
294,201,82,102
292,201,79,102
288,200,79,102
287,197,79,102
286,195,87,104
280,193,88,104
276,192,88,104
274,191,89,105
275,191,85,106
274,191,81,106
272,192,75,102
270,194,71,101
266,197,71,99
267,196,58,99
270,193,59,95
271,188,59,95
271,185,64,95
261,182,75,94
253,182,83,92
240,182,92,90
236,183,93,91
240,184,88,91
239,184,89,93
242,180,90,94
246,172,90,94
242,169,99,94
239,168,100,94
235,168,100,94
235,169,97,94
234,171,97,95
231,172,95,94
228,170,95,94
228,167,96,92
230,164,96,91
231,163,95,90
233,164,97,91
234,164,99,91
235,165,96,91
234,167,97,94
232,168,96,93
235,167,95,95
239,166,93,96
241,166,93,95
241,167,94,94
241,170,92,94
240,172,94,93
242,173,96,93
245,172,93,93
248,172,92,93
248,172,90,93
244,172,90,93
242,170,90,93
233,171,98,92
230,169,100,92
228,169,101,92
227,168,101,92
226,168,102,91
223,167,102,91
216,169,104,90
207,169,109,90
203,168,112,90
203,164,114,95
207,162,114,100
207,161,115,102
206,162,113,101
204,163,113,101
204,162,107,101
206,160,101,100
203,164,96,98
195,165,103,100
185,163,107,100
178,167,108,99
181,168,107,99
195,167,86,99
196,162,84,99
199,151,82,109
201,150,81,111
201,151,79,111
201,149,77,113
201,138,82,126
200,130,84,134
199,134,85,134
200,142,87,129
207,143,84,127
209,133,83,134
204,132,83,135
198,133,76,133
196,136,71,135
192,148,69,125
192,158,66,118
193,160,64,112
194,159,64,114
190,159,65,113
183,160,73,110
176,162,77,109
176,165,81,107
177,165,86,108
179,168,79,107
182,171,73,106
185,173,73,104
185,174,70,102
185,175,65,102
184,179,62,101
189,180,62,101
193,176,64,101
193,177,66,100
191,177,68,101
190,176,70,101
187,176,70,101
180,178,68,101
176,181,66,100
176,185,65,101
180,189,61,102
184,188,62,102
191,184,61,102
196,180,61,101
198,179,62,101
199,180,62,101
201,180,62,101
201,176,62,101
196,175,64,101
192,184,65,100
184,189,72,100
183,190,75,103
187,187,76,104
193,184,79,106
196,184,79,106
196,183,78,106
196,181,76,106
195,180,75,109
198,183,76,108
202,187,76,108
202,186,74,107
202,183,75,107
203,181,77,108
203,179,79,107
205,175,79,107
207,175,81,104
208,175,82,103
209,179,82,103
211,179,84,104
216,179,83,104
216,180,84,105
217,181,84,105
221,180,84,105
224,182,85,105
226,180,85,103
226,176,85,103
227,172,86,103
229,167,87,103
225,167,87,103
221,170,85,103
219,172,84,102
219,171,83,101
215,173,85,101
211,172,84,101
207,173,84,102
209,171,84,102
214,168,85,102
219,163,84,101
220,163,86,101
218,167,87,102
212,169,87,102
208,170,88,102
209,174,87,101
213,175,88,101
218,176,89,100
223,176,90,100
226,174,90,100
227,171,94,100
225,170,97,101
219,170,99,102
212,170,100,103
206,170,99,101
203,170,104,100
202,169,107,101
203,165,106,100
206,163,108,100
209,161,108,100
212,162,113,98
216,166,112,96
213,167,114,96
208,167,117,94
201,168,122,99
200,170,125,99
194,170,129,100
192,169,132,100
193,169,132,100
194,169,136,100
192,168,139,100
189,167,140,97
187,165,140,97
185,164,143,96
181,162,145,96
182,160,146,96
184,162,143,96
186,161,137,97
191,159,131,94
193,156,131,97
192,154,129,96
191,152,128,95
189,151,130,96
186,147,132,97
184,147,133,98
182,148,133,98
183,151,135,99
185,151,135,100
187,150,135,101
192,151,135,100
194,152,136,100
194,150,136,100
195,147,137,101
193,147,137,100
194,147,138,101
195,146,138,102
196,143,137,103
197,142,135,103
198,142,141,102
198,142,140,102
199,143,140,102
201,143,140,104
205,142,137,103
206,140,136,103
205,138,136,103
203,137,136,105
202,140,136,104
201,140,136,105
197,141,139,105
200,141,140,103
203,143,140,102
204,147,135,100
202,150,132,98
204,149,133,100
211,147,134,102
222,143,129,103
228,141,122,104
229,137,117,106
232,136,116,107
235,135,116,108
236,135,115,108
239,137,113,107
242,139,111,106
242,137,111,106
243,138,109,104
244,139,108,104
246,140,105,103
247,143,103,100
245,145,102,98
243,148,100,96
242,150,98,94
242,152,98,92
242,149,98,94
242,148,98,94
241,149,97,94
235,147,97,95
231,145,97,96
231,144,94,96
237,144,91,97
247,147,87,97
262,148,74,98
274,148,70,98
283,147,69,100
287,148,69,99
287,148,71,99
290,146,70,99
288,148,78,98
288,149,79,97
288,153,80,98
287,155,85,96
288,152,86,94
291,150,87,93
291,153,88,92
288,155,90,91
287,155,91,90
285,152,96,90
286,151,96,93
286,151,100,93
282,151,103,94
282,153,105,94
281,152,107,95
280,151,109,95
283,150,109,98
286,151,112,98
288,154,116,95
296,156,117,92
305,156,112,93
303,155,115,91
302,156,117,91
303,160,117,90
302,161,114,89
297,162,117,88
295,161,115,88
290,160,116,90
284,160,117,90
282,159,114,91
277,156,113,90
278,155,110,91
279,155,110,94
281,159,110,92
281,160,109,94
283,162,107,92
288,165,107,95
295,165,104,96
300,165,100,97
302,163,84,100
305,161,82,101
307,161,82,99
308,161,85,99
306,162,85,99
302,163,89,100
302,161,92,100
303,163,93,100
303,163,93,100
302,165,96,100
290,167,107,100
282,167,117,100
281,166,120,101
273,165,123,101
272,164,123,100
270,163,123,100
263,163,128,100
258,162,127,106
254,160,124,105
250,155,121,105
250,155,118,104
249,154,115,106
249,154,114,108
247,156,117,107
241,154,123,108
241,153,124,109
240,155,122,108
237,156,122,106
231,156,121,105
224,156,121,105
221,159,118,103
220,162,117,102
221,166,113,99
223,167,115,99
226,166,114,100
228,162,113,102
228,161,113,102
230,162,110,102
228,162,110,102
219,165,114,100
208,164,124,102
210,167,121,99
213,169,120,98
214,169,120,98
217,167,115,98
218,165,117,97
221,166,119,96
221,168,118,96
218,167,113,98
216,167,111,98
217,168,112,97
220,168,113,97
218,165,113,97
214,160,112,97
213,157,113,99
215,158,112,98
215,160,112,98
213,161,112,98
211,159,113,100
211,159,113,102
211,158,113,102
214,156,112,102
215,153,112,102
219,152,110,101
221,152,109,100
218,150,109,100
211,150,111,103
209,153,110,102
212,158,112,102
216,163,113,102
216,166,115,102
216,166,115,102
217,166,120,97
220,165,122,98
229,163,117,98
237,158,114,99
241,156,115,97
237,155,116,97
229,155,116,96
226,156,115,97
224,157,117,98
222,157,118,99
222,158,117,98
222,160,117,99
224,160,118,95
223,157,109,99
220,157,107,100
218,155,107,100
218,153,109,101
216,150,110,102
213,148,110,103
211,149,111,104
208,152,111,104
206,156,111,104
202,158,111,104
199,162,108,103
197,165,109,103
198,165,110,102
202,163,110,102
207,162,107,102
211,162,103,101
214,164,97,101
214,168,98,101
212,169,97,103
209,169,96,102
209,170,102,101
210,171,101,100
209,169,102,100
208,166,102,100
208,168,103,98
206,171,101,96
206,177,99,98
208,179,96,98
209,179,99,98
210,180,100,99
207,178,100,99
204,176,100,95
205,171,102,94
206,167,101,94
205,166,101,94
207,167,97,94
207,168,95,95
209,169,94,96
214,172,91,96
217,177,91,97
218,177,91,92
221,171,91,92
228,166,92,93
233,162,91,94
234,160,90,93
237,157,89,92
237,156,89,93
232,154,86,93
225,156,85,93
221,156,85,93
219,156,84,93
218,157,84,93
219,157,83,92
222,156,83,95
222,159,80,95
220,158,80,95
219,158,79,95
222,155,77,97
221,152,77,97
221,150,74,98
219,150,74,99
216,150,74,99
216,151,74,102
215,151,76,102
219,151,76,102
228,151,76,102
232,154,75,103
235,158,76,104
235,159,77,104
236,158,76,104
238,157,77,105
241,159,79,104
243,156,79,104
242,152,81,105
240,150,82,106
237,151,82,106
232,151,82,107
227,150,83,107
223,148,83,107
221,147,77,108
221,150,76,108
223,151,76,108
226,152,71,107
229,150,67,107
231,149,65,107
232,151,65,107
231,152,62,106
230,153,63,106
234,153,63,106
238,154,63,107
238,155,64,107
239,155,64,107
241,154,66,106
242,154,67,107
244,152,66,106
247,149,68,108
244,147,69,109
245,146,68,109
243,143,67,109
241,142,66,108
240,141,69,107
242,142,69,107
244,143,69,106
242,143,69,106
239,143,69,106
237,143,68,106
235,143,67,107
235,143,68,106
234,142,70,105
234,141,70,107
234,141,70,109
235,141,69,109
234,141,68,108
237,141,70,108
241,140,72,108
243,141,71,110
241,141,71,110
242,142,70,111
243,143,70,111
246,145,70,111
252,146,71,109
254,145,70,108
255,145,69,108
255,145,69,108
256,145,69,108
256,147,69,108
257,146,70,108
259,144,71,108
259,143,70,108
258,143,69,108
253,143,69,108
249,144,69,108
248,144,69,108
248,142,71,108
248,140,71,109
247,140,70,109
243,140,70,109
242,143,68,109
242,145,68,109
240,147,70,108
241,147,68,108
243,146,68,108
247,147,68,107
249,147,68,106
254,147,67,107
255,148,68,109
254,147,69,111
256,147,68,110
259,147,67,111
260,148,66,111
260,149,66,111
266,151,64,111
269,149,64,111
269,148,65,112
267,147,64,111
266,146,64,111
268,145,62,111
267,144,62,111
265,143,61,111
266,142,60,110
264,139,60,110
260,140,61,110
255,140,60,110
251,139,60,110
250,135,61,111
250,134,60,110
249,136,61,110
249,136,61,109
248,135,61,109
245,134,61,109
245,135,60,109
245,135,59,108
245,134,60,110
244,133,61,110
243,134,61,111
245,132,61,111
246,131,62,111
244,135,63,111
244,136,62,111
245,136,62,111
249,136,62,112
249,135,62,112
248,134,61,112
245,136,60,112
246,136,60,113
247,137,59,113
247,136,58,112
244,135,61,112
245,136,59,114
247,137,59,116
249,136,60,116
252,138,59,116
253,138,59,116
252,138,61,115
251,142,59,111
249,144,59,108
247,144,60,108
247,146,61,107
247,146,61,107
245,149,60,106
242,147,60,106
242,145,60,106
245,148,60,104
245,149,60,104
241,153,64,102
238,153,64,102
239,153,64,104
242,153,64,104
246,153,65,103
247,152,65,103
246,155,66,100
246,155,68,100
246,155,67,101
244,154,67,101
240,153,68,102
237,154,70,105
238,159,71,104
242,160,71,106
242,161,73,107
242,160,72,106
241,159,74,105
238,161,77,106
235,160,77,102
237,160,78,99
242,159,80,99
244,158,80,99
243,158,84,99
243,159,84,97
242,160,87,97
242,160,91,97
241,161,90,96
241,163,89,95
237,162,93,94
235,162,95,94
235,163,95,94
236,162,95,94
237,160,92,94
237,159,93,94
238,159,93,94
237,159,93,94
238,162,90,96
239,163,88,98
240,162,88,98
244,160,87,98
246,159,87,98
248,161,84,97
247,162,84,97
247,162,84,97
250,165,83,97
254,166,82,96
257,167,81,96
258,167,81,95
259,164,83,95
259,161,83,96
256,160,84,97
253,161,83,95
249,164,85,95
245,165,85,95
242,168,84,97
241,169,81,97
238,163,79,98
229,153,78,97
224,143,80,97
222,138,76,95
219,139,76,96
221,144,73,95
223,148,71,95
226,149,70,95
229,147,67,95
233,145,64,91
237,146,61,89
242,149,60,88
243,147,60,88
246,143,65,94
251,141,69,93
257,141,71,94
249,141,82,95
249,143,82,95
254,153,85,97
251,149,90,94
252,144,91,93
254,142,93,94
253,139,95,94
250,138,96,95
245,135,96,95
240,137,96,97
230,143,99,93
223,145,102,93
220,144,102,96
215,143,107,92
210,139,107,94
206,137,108,96
203,136,108,98
202,134,110,98
202,134,112,95
200,136,114,94
198,136,116,96
191,137,120,96
192,136,120,96
194,134,122,98
195,134,124,98
197,132,125,99
195,131,125,99
188,132,133,98
184,130,133,98
182,125,131,98
180,123,136,99
177,122,137,99
174,122,138,99
172,122,143,98
171,121,143,98
170,123,143,96
165,124,143,96
160,124,144,99
158,126,147,98
159,128,149,99
166,131,145,101
167,134,144,100
168,137,145,99
169,137,145,99
172,140,145,99
171,140,145,99
171,140,148,99
173,140,149,100
180,137,148,100
187,136,148,99
187,136,148,101
183,135,148,101
176,135,147,100
169,136,149,102
167,137,147,101
161,137,148,102
161,139,145,101
161,137,145,101
162,135,147,102
166,137,145,102
165,138,143,101
158,141,147,100
156,143,146,99
156,143,145,100
153,140,145,100
150,136,146,99
146,134,146,99
141,133,148,97
139,136,150,96
134,137,152,98
130,140,152,97
130,142,151,96
133,143,153,98
139,141,153,99
139,137,153,100
137,136,153,100
135,136,152,99
136,138,148,99
138,141,143,99
140,144,139,98
140,147,147,100
142,148,147,102
143,147,148,103
148,146,147,103
150,145,147,103
150,143,147,103
149,140,147,103
147,138,147,103
145,137,152,102
143,138,148,101
146,143,142,100
149,141,139,99
146,139,139,105
141,145,139,100
140,154,136,99
142,157,132,97
148,162,132,98
153,170,131,98
156,181,132,98
154,191,131,97
152,193,130,96
158,194,129,97
165,196,128,95
171,195,127,95
173,190,127,99
176,191,125,97
180,194,123,95
181,194,123,96
184,192,119,96
186,189,119,96
188,187,120,97
189,185,122,98
188,182,126,99
187,180,127,99
186,182,126,94
180,182,133,93
174,184,133,95
170,186,133,96
170,188,136,96
170,187,138,97
169,188,140,96
168,185,140,96
170,184,143,93
173,182,143,93
174,182,145,93
173,185,145,91
170,186,148,91
170,184,148,91
168,182,148,91
164,180,147,92
162,179,146,91
167,181,142,90
174,180,138,90
177,178,136,90
181,180,132,89
186,181,132,90
192,182,128,91
193,183,128,89
192,181,127,89
189,180,126,88
197,179,120,88
202,174,118,89
203,170,117,88
205,167,113,88
208,164,108,87
214,166,106,86
226,168,102,86
231,168,98,86
226,169,96,86
215,165,95,85
214,162,96,85
215,157,95,85
218,151,94,90
219,151,92,91
220,146,92,91
222,144,92,91
218,142,92,99
216,140,92,99
215,142,98,97
216,142,97,97
219,144,97,95
222,141,96,94
221,138,95,94
222,136,94,91
223,135,94,91
227,135,93,89
224,135,93,87
226,132,90,92
230,128,91,92
232,128,91,92
226,127,91,92
218,125,91,92
216,123,91,92
221,121,95,91
228,118,95,90
234,119,94,87
236,117,95,84
237,119,97,84
240,123,95,84
239,122,95,84
239,119,96,83
241,117,96,83
244,115,96,83
254,115,90,83
254,113,88,83
253,111,85,82
252,111,83,82
247,110,83,82
246,108,81,82
248,110,80,82
250,111,80,81
250,110,81,81
253,106,83,83
252,104,83,83
249,105,82,82
243,112,83,81
226,113,92,82
220,111,92,82
218,112,95,80
222,108,95,80
227,107,95,80
226,110,98,78
220,110,98,78
216,112,98,78
216,117,99,78
220,116,99,78
225,112,100,77
235,107,101,78
237,105,101,78
234,105,101,79
233,107,98,79
232,110,98,79
234,112,96,79
231,112,95,78
228,111,96,80
229,111,95,81
231,109,95,81
237,107,94,80
240,105,94,80
243,101,93,82
242,97,93,83
239,93,96,84
238,95,95,84
233,97,94,85
228,97,93,84
227,97,96,84
231,101,94,83
229,102,93,82
227,104,94,81
227,106,95,83
230,104,97,83
234,104,100,85
237,106,100,85
235,107,101,84
231,111,101,84
207,112,124,85
208,115,122,85
208,114,124,94
212,117,126,92
214,118,128,92
216,121,125,91
209,121,127,89
203,123,129,87
201,126,128,86
202,127,130,86
202,128,128,85
200,128,129,85
197,127,128,85
193,125,129,85
193,122,129,85
195,119,133,84
192,117,140,85
191,115,139,85
186,117,142,85
182,119,142,86
193,120,128,85
197,120,124,86
196,118,126,87
195,114,126,87
196,110,125,86
199,108,126,87
206,110,121,86
198,109,122,95
193,105,121,94
192,99,122,93
191,96,122,94
186,96,122,94
180,96,122,94
179,95,121,93
185,95,120,96
189,94,122,95
192,92,120,95
191,94,118,96
189,97,115,95
189,95,110,93
193,95,102,92
196,99,95,93
197,101,89,92
201,100,85,91
202,97,84,93
202,96,82,96
200,98,81,96
199,100,81,95
202,100,79,95
209,100,78,95
214,100,78,95
219,99,78,95
225,96,75,95
226,92,72,94
220,91,71,93
217,95,71,95
218,101,71,95
227,105,65,94
234,106,63,94
233,105,63,94
229,107,62,94
225,106,62,94
221,105,62,94
217,102,62,87
217,102,60,83
213,101,60,83
206,100,60,86
200,101,62,86
197,101,63,87
197,100,63,87
201,99,68,93
202,97,69,93
198,97,80,94
197,97,82,95
196,96,82,95
196,98,83,95
197,105,83,94
200,111,87,94
200,115,89,95
197,115,89,95
194,117,93,93
192,115,94,92
192,113,93,91
193,111,96,94
189,112,97,95
188,114,97,95
192,117,100,95
192,115,100,95
193,114,102,95
195,114,103,95
193,117,103,95
