624,227,344,281
624,221,343,286
632,218,334,294
626,215,332,292
624,221,337,293
624,224,335,288
627,227,328,284
617,225,335,278
616,224,335,285
610,223,340,286
610,223,336,288
599,219,347,290
600,223,343,288
592,221,345,292
589,224,345,286
584,221,347,285
579,215,347,285
577,215,347,285
574,215,347,285
572,212,347,285
572,212,347,285
572,212,347,285
572,211,347,285
569,206,347,285
563,203,347,285
563,200,347,288
563,200,347,288
561,198,347,288
561,198,347,288
561,198,347,288
561,198,347,293
554,197,353,300
553,196,353,300
552,195,353,300
551,192,353,300
548,192,353,300
550,194,353,300
550,194,361,300
553,195,361,300
554,195,361,300
557,195,361,300
557,195,361,300
557,195,361,300
557,195,361,300
557,195,361,300
557,195,361,300
557,195,361,300
557,195,361,300
557,195,361,300
557,195,361,300
557,195,361,300
557,195,361,300
557,195,361,300
557,195,361,300
554,193,361,300
554,193,361,300
554,193,361,300
554,193,361,300
557,195,361,300
556,194,361,300
556,194,361,300
556,194,361,300
556,194,361,300
556,194,361,300
556,194,361,300
556,194,361,300
556,194,361,300
556,194,361,300
556,194,361,300
556,194,361,300
556,194,361,305
554,196,361,305
554,196,361,305
554,196,361,305
554,196,361,305
554,196,361,305
558,199,354,299
548,204,364,298
548,204,364,298
546,204,364,298
544,202,364,298
544,195,364,298
544,195,364,298
544,195,364,298
541,205,365,301
541,205,365,301
541,205,365,301
544,205,365,301
549,205,365,301
549,205,365,301
556,211,351,289
555,219,366,294
555,219,366,294
559,222,359,296
558,225,359,296
552,232,359,296
552,232,359,296
547,232,359,296
545,232,359,296
542,232,359,296
541,232,359,296
542,232,359,296
542,232,364,296
544,229,364,296
544,229,364,296
544,229,367,296
544,229,367,296
545,229,367,296
548,226,367,296
548,226,367,296
548,226,367,296
548,221,367,301
548,221,367,301
548,221,367,301
545,223,367,301
545,223,367,301
545,223,367,301
547,222,367,301
545,217,367,301
545,217,367,301
542,217,367,301
542,217,367,301
539,221,368,295
534,221,368,295
534,221,368,295
534,221,368,295
534,216,368,300
534,216,368,300
534,216,368,300
534,216,368,300
533,213,375,300
533,213,375,295
533,213,375,295
533,216,375,295
536,216,375,295
539,216,375,295
545,215,375,295
545,215,375,295
549,218,368,289
547,220,368,291
547,220,368,293
547,220,368,293
547,220,368,293
547,220,368,293
546,213,368,293
546,213,368,293
546,213,368,293
546,213,368,293
548,213,368,293
548,213,368,293
548,213,368,293
546,213,365,293
546,213,365,293
546,213,365,293
546,213,365,293
546,213,365,293
546,213,365,293
546,213,365,293
548,210,372,299
548,210,372,299
551,211,372,299
551,211,372,299
551,211,372,299
551,211,372,299
551,211,372,299
551,211,372,299
551,211,372,299
548,208,379,298
548,208,379,298
548,208,379,296
548,208,379,296
544,205,387,302
540,203,382,301
540,203,377,299
540,203,377,299
541,198,377,299
541,198,377,299
541,198,377,299
544,203,377,299
544,203,377,299
544,203,377,299
544,203,377,299
544,203,377,299
544,203,377,299
544,203,377,299
544,203,377,299
544,203,377,304
544,203,377,304
544,203,377,304
546,204,377,304
546,204,377,304
548,201,379,300
548,201,379,300
548,201,379,300
547,203,379,300
547,203,379,300
547,203,379,300
547,203,379,300
547,203,379,300
547,203,379,300
545,200,379,300
545,200,379,300
545,200,379,300
545,200,379,300
545,200,379,300
545,200,379,300
545,202,379,300
547,202,379,300
547,202,379,300
547,202,379,300
547,202,379,300
547,202,379,300
547,202,379,300
547,202,379,300
548,196,379,300
548,198,379,300
548,198,379,300
548,198,379,300
548,198,379,300
548,198,379,300
548,198,379,300
548,198,379,300
548,198,379,300
548,198,379,300
545,198,382,300
545,198,382,300
545,198,382,300
545,198,382,300
545,198,382,300
545,198,382,300
545,198,382,300
545,198,382,300
545,198,382,300
545,198,382,300
545,198,382,300
545,198,382,300
541,195,390,306
546,194,390,306
546,194,390,306
546,194,390,306
546,194,387,306
546,194,387,306
546,194,387,306
551,193,387,306
551,193,387,306
551,193,387,306
551,193,387,306
551,193,387,306
548,195,387,311
548,195,387,311
548,195,387,311
548,195,387,311
548,195,387,311
548,195,387,311
552,198,379,305
552,198,379,308
552,198,379,308
557,202,384,316
558,202,384,316
558,202,384,316
556,197,392,322
556,197,392,322
553,188,400,328
560,178,391,336
560,178,391,336
561,175,394,343
568,179,391,343
575,172,395,345
578,172,400,349
578,172,400,349
584,169,398,350
584,169,398,350
578,173,390,343
576,175,389,342
575,176,389,344
566,176,397,352
566,176,397,352
567,177,401,356
568,179,406,361
571,181,411,367
578,189,404,359
578,189,407,359
581,190,407,359
584,185,407,359
578,179,407,359
573,182,413,362
570,176,413,367
570,173,413,370
563,173,413,370
563,173,413,370
563,173,413,370
563,173,413,370
570,171,420,379
575,179,420,373
580,184,422,374
581,182,422,374
587,188,422,374
587,188,422,374
587,188,422,374
587,188,422,374
587,191,422,379
581,195,425,387
576,203,422,386
576,198,422,386
572,194,422,394
568,190,425,394
568,190,425,394
564,186,428,402
556,178,436,407
558,169,433,415
552,169,433,415
549,180,437,407
548,184,434,404
544,190,434,396
543,200,433,407
539,206,436,402
535,212,436,401
534,221,434,402
536,223,434,402
534,233,441,399
535,242,441,399
543,243,433,399
543,243,433,399
549,237,435,399
549,237,435,399
555,233,432,407
555,233,432,407
556,241,423,391
558,249,423,391
558,249,423,391
569,249,412,397
569,249,412,397
573,245,412,405
576,245,409,405
581,248,417,413
590,249,412,413
590,249,412,413
594,253,404,405
599,251,404,405
602,251,404,405
602,251,404,405
602,251,404,405
599,246,407,397
600,240,407,397
600,240,407,397
598,253,401,385
588,260,409,390
582,263,393,380
583,268,393,373
576,277,393,359
569,278,393,365
562,285,392,361
556,291,392,361
554,296,392,361
552,293,392,361
552,294,392,361
552,294,392,361
552,294,392,361
548,298,394,366
547,305,392,350
550,315,391,340
548,320,399,352
552,326,398,359
558,323,396,366
565,320,393,373
565,320,393,373
565,320,393,373
565,320,393,373
565,320,393,373
560,315,393,373
560,315,393,373
560,315,393,373
560,315,393,373
568,312,389,380
568,312,389,372
568,312,389,372
567,305,387,363
567,305,387,363
563,300,395,370
563,300,395,370
563,300,390,370
563,300,390,370
556,299,390,370
556,299,390,370
556,297,390,370
555,296,390,370
555,296,390,370
557,289,396,385
557,289,396,385
557,289,396,385
557,289,396,385
557,289,396,385
557,289,396,385
557,289,396,385
557,289,396,385
557,289,396,385
553,295,388,377
553,295,388,370
553,295,388,370
549,292,396,377
553,296,388,370
556,293,389,377
561,289,388,385
557,285,396,385
557,285,396,385
554,286,388,377
554,286,388,377
540,281,388,377
534,285,398,375
529,283,390,368
521,276,406,383
521,268,400,371
522,254,400,371
524,257,400,371
524,257,400,371
535,254,394,378
538,260,394,378
535,263,395,371
531,266,395,364
529,260,395,364
529,258,395,364
530,250,403,371
530,250,403,371
533,247,404,378
534,249,403,376
540,245,401,384
545,241,400,392
545,241,400,392
545,241,400,392
545,241,400,392
538,239,402,390
538,239,402,390
532,236,404,382
532,236,404,382
532,236,404,382
542,239,398,383
542,234,398,383
542,233,398,383
542,233,398,378
542,235,398,378
542,235,398,378
542,235,398,378
542,235,398,378
542,241,401,372
545,248,401,370
552,245,398,377
557,241,397,385
560,233,402,389
564,219,391,377
558,221,391,377
554,230,395,369
552,239,394,355
552,239,394,355
560,236,390,362
566,241,390,362
568,238,395,369
575,235,392,376
575,235,392,376
581,241,386,370
582,249,381,370
582,249,381,370
582,244,381,370
584,239,381,370
584,239,381,370
584,239,381,370
584,239,381,370
584,239,381,370
584,244,381,365
584,244,381,365
588,241,378,372
593,235,371,372
593,235,371,372
593,235,371,372
588,235,373,379
586,235,373,379
586,229,368,379
577,228,371,379
577,228,371,379
577,228,371,379
577,228,371,379
584,228,368,379
584,222,368,379
590,224,368,379
588,223,368,379
590,225,368,379
594,229,361,372
592,235,354,364
592,235,362,364
592,235,362,364
592,227,362,350
592,227,362,350
592,227,362,350
592,227,362,350
592,227,362,350
592,227,362,350
592,227,362,350
592,227,362,350
592,227,362,350
592,227,362,350
592,227,362,350
592,227,362,350
598,231,353,343
600,226,353,343
600,226,353,343
600,226,353,343
600,226,353,343
594,231,356,350
594,231,356,350
594,228,356,350
594,223,356,350
594,224,356,350
594,224,356,350
591,221,356,357
585,222,356,357
582,225,356,357
577,226,356,357
575,226,356,357
573,226,356,357
568,228,356,357
564,223,363,364
564,218,363,364
561,216,357,364
561,216,357,364
558,209,357,364
558,209,357,364
553,206,364,371
550,199,364,371
548,196,364,371
543,193,364,371
541,191,364,371
541,191,364,371
537,195,364,364
537,195,364,364
537,195,364,364
537,195,364,364
543,200,364,364
543,200,364,364
554,211,360,362
556,215,364,365
563,233,362,380
566,240,361,387
566,240,361,387
561,246,365,374
558,238,372,381
558,238,361,381
550,238,361,381
550,238,361,381
550,238,361,381
550,238,361,381
554,242,354,374
561,250,340,359
561,256,360,374
554,263,363,359
554,262,366,368
551,267,364,375
551,267,364,375
551,267,364,375
548,263,371,383
544,260,361,390
536,263,361,390
536,263,361,390
543,257,365,408
550,257,358,394
550,251,358,394
554,255,351,386
557,267,362,376
557,267,362,376
553,262,363,384
553,262,363,384
557,260,356,376
564,257,359,367
566,250,361,367
566,250,361,367
566,250,361,367
563,250,361,367
557,248,361,367
557,248,361,367
564,243,363,360
573,240,360,363
584,242,361,353
590,229,358,359
594,223,351,352
590,212,358,359
590,212,358,359
590,217,358,359
593,222,358,359
593,227,358,359
593,228,358,359
593,228,358,359
597,223,354,357
597,223,354,357
597,223,354,357
594,220,361,364
591,217,361,373
591,217,361,373
591,217,361,373
589,216,354,366
587,215,354,366
582,214,354,366
580,214,354,366
580,214,354,366
576,208,363,364
574,205,363,364
574,205,363,364
577,203,363,364
584,203,356,364
584,203,356,364
579,204,356,364
579,204,356,364
572,208,367,379
572,208,361,379
572,208,361,379
572,213,364,382
571,216,364,382
568,226,360,389
570,235,356,385
568,243,361,386
568,243,361,386
568,243,361,386
573,245,353,386
573,245,353,386
575,237,358,392
580,234,351,392
583,232,351,392
583,232,351,392
583,226,351,392
587,221,350,392
589,217,354,395
593,210,352,390
603,206,351,393
610,203,352,394
610,203,352,394
610,203,346,394
600,211,349,393
596,207,345,396
596,207,345,396
585,209,349,397
585,209,349,397
582,212,347,391
582,212,347,391
582,212,347,391
582,212,347,391
582,212,344,390
582,212,344,390
579,220,346,386
579,231,337,378
580,240,335,384
572,243,335,384
572,243,335,384
565,246,322,369
559,248,330,375
550,250,331,364
552,242,331,364
547,240,331,362
548,240,331,359
548,240,331,359
554,235,326,359
561,233,322,362
561,233,322,362
561,233,322,362
561,233,322,362
561,233,322,362
561,233,322,362
561,233,322,362
569,231,316,355
569,231,316,355
569,228,316,355
569,228,318,364
576,228,313,365
584,222,306,369
585,213,306,377
585,213,306,377
585,213,306,377
585,213,306,377
585,213,306,377
585,213,306,377
585,213,306,377
585,213,306,377
585,213,306,377
585,213,306,377
585,213,306,377
585,213,306,377
585,213,306,377
590,214,306,377
588,214,306,377
588,214,306,377
588,211,306,377
588,211,306,377
588,211,306,377
588,211,306,377
588,211,306,377
590,204,306,377
590,204,306,377
587,210,306,377
585,204,306,377
582,204,309,382
582,204,309,382
582,204,309,382
582,204,309,382
584,201,303,375
589,198,308,382
592,200,305,380
592,200,305,380
597,200,305,380
597,200,305,380
599,203,305,380
594,209,305,380
594,209,305,380
598,202,299,380
600,202,299,380
600,202,299,380
602,202,299,380
602,202,299,380
602,202,299,380
602,202,299,380
602,202,299,380
602,197,299,380
600,197,299,380
600,197,299,380
600,197,299,380
605,195,299,380
606,194,299,380
606,194,297,396
606,194,297,396
612,193,300,396
612,193,300,396
612,193,300,396
612,193,300,396
612,193,300,396
609,185,303,395
609,185,303,395
609,185,303,395
609,185,303,395
609,185,303,395
609,180,298,395
609,180,298,395
606,180,298,395
606,180,298,395
606,180,298,395
605,182,298,395
605,182,298,395
605,182,298,395
605,182,298,395
605,182,298,395
605,182,298,395
605,182,298,395
607,182,298,395
612,187,298,395
612,187,298,395
614,182,292,387
614,183,292,387
614,183,293,394
614,183,293,394
614,183,293,394
611,182,293,394
611,182,293,394
610,182,293,394
610,182,293,394
610,182,293,394
605,183,293,394
604,181,301,395
604,181,301,395
604,181,301,395
604,181,301,395
601,177,307,403
601,177,307,403
601,177,307,403
598,173,313,411
598,173,313,403
598,173,313,403
598,173,313,403
592,168,313,403
592,168,313,403
591,166,313,403
591,166,313,403
591,166,313,403
597,170,310,409
602,170,305,409
609,170,298,409
609,170,298,409
621,170,286,409
627,170,286,409
630,171,278,409
630,171,278,409
636,170,276,404
636,170,276,404
636,170,276,404
636,170,276,404
636,170,276,404
636,170,273,404
636,167,273,404
636,167,273,404
636,167,273,404
636,167,273,404
636,167,273,404
636,167,273,404
639,171,268,396
637,164,273,402
637,164,273,402
637,164,273,402
637,164,273,402
637,164,273,402
637,164,273,402
640,161,271,399
640,161,271,399
640,161,271,399
640,161,271,399
637,159,271,399
637,159,271,399
637,159,270,407
637,157,270,407
637,155,270,407
635,156,270,407
630,159,270,407
631,157,270,407
631,157,270,407
629,153,275,415
627,159,276,416
624,158,279,416
624,158,279,416
624,158,279,416
625,161,278,413
626,160,278,413
626,160,278,413
626,160,278,413
626,160,278,413
626,160,278,413
623,165,278,405
618,160,278,405
618,160,278,405
618,157,278,405
618,157,278,405
615,158,278,405
615,158,278,405
617,153,278,405
615,158,278,405
616,159,278,405
619,157,278,405
619,157,278,405
619,157,278,405
619,157,278,405
619,157,278,405
622,161,273,397
615,149,284,421
610,149,289,421
608,138,283,413
602,132,297,410
601,132,297,410
600,143,303,418
598,156,293,407
598,155,299,415
592,160,297,405
589,158,297,405
587,158,297,405
587,153,297,405
587,152,300,405
585,157,300,405
585,157,300,405
590,158,306,405
590,158,306,405
590,158,306,405
590,161,306,402
592,164,306,402
592,164,306,402
592,164,304,402
592,164,304,402
592,164,304,402
586,164,304,402
585,164,304,402
585,162,304,402
583,162,304,402
578,161,304,402
578,161,304,402
577,160,310,410
576,160,303,410
570,159,303,410
562,160,303,410
562,160,303,410
560,154,303,410
559,157,303,410
559,160,303,410
559,160,303,410
567,161,303,403
567,161,303,403
567,161,303,403
567,161,303,403
567,161,303,403
567,161,303,403
567,156,303,403
564,163,303,403
564,163,303,403
564,163,303,403
564,163,303,403
561,159,309,411
564,161,314,419
564,161,307,412
564,161,305,417
564,161,305,417
564,161,305,417
567,163,305,417
567,158,305,417
569,156,305,417
570,159,305,417
570,159,305,417
570,159,305,417
570,159,305,417
572,156,305,417
572,156,305,417
572,158,305,417
572,158,303,417
572,158,303,417
574,158,303,417
574,158,303,417
574,158,303,417
574,160,303,417
574,160,303,417
574,160,303,417
574,160,303,417
574,166,303,417
574,166,303,417
573,165,303,417
573,165,303,417
573,165,303,417
573,165,303,417
573,165,303,417
573,162,303,417
573,162,303,417
573,162,303,417
573,162,303,417
573,162,303,417
573,162,303,417
568,164,303,418
569,161,303,418
569,161,303,418
569,161,303,418
569,161,303,418
569,161,303,418
571,162,304,416
571,162,304,416
571,162,304,416
571,162,304,416
571,154,305,418
571,154,305,418
571,154,305,418
571,154,305,418
574,148,299,410
574,148,299,410
571,145,300,420
571,145,300,420
571,144,300,420
571,144,300,420
571,144,300,421
570,146,300,421
571,149,300,421
571,149,300,421
571,149,300,421
571,149,300,421
569,154,306,429
569,148,306,429
569,153,306,424
568,150,306,424
568,150,306,424
568,152,306,424
568,154,307,426
575,154,302,429
573,157,302,429
573,159,303,430
573,159,303,430
575,159,303,430
575,159,303,430
574,162,303,430
574,162,303,430
576,160,303,430
576,167,303,430
574,169,303,430
574,169,303,430
574,163,304,433
574,163,304,433
568,170,306,436
568,170,306,436
568,170,306,436
567,173,306,436
567,170,306,436
570,161,305,435
573,147,299,441
566,147,306,441
557,149,311,442
542,156,317,444
534,163,324,446
532,166,323,441
538,165,317,439
552,151,311,430
571,132,311,430
588,122,308,433
596,122,310,440
605,131,306,441
608,140,311,447
619,150,307,454
621,155,313,450
618,158,313,445
618,155,304,452
618,156,303,458
618,156,303,458
619,144,303,458
610,138,307,452
621,148,293,447
620,159,293,455
613,164,294,456
610,172,293,472
607,191,299,476
609,204,293,467
629,197,288,463
655,179,282,473
673,170,279,465
683,166,274,469
683,166,274,469
685,160,276,488
688,183,271,478
687,183,273,483
698,166,264,488
705,155,266,488
707,148,263,488
700,141,265,490
693,134,264,486
680,139,266,486
677,148,259,481
677,148,259,481
682,136,256,486
685,120,256,486
686,111,251,487
684,106,256,497
687,105,247,503
684,104,247,503
689,109,241,502
695,110,234,502
695,110,234,503
692,111,235,505
674,109,250,499
675,109,253,502
673,117,253,503
661,114,258,510
659,119,258,508
656,116,257,505
656,116,257,505
654,116,257,514
654,116,254,511
654,116,254,511
654,116,254,511
644,121,259,512
644,121,259,512
638,127,254,506
646,122,254,506
645,122,254,506
640,128,254,506
638,135,259,504
621,134,264,505
618,141,264,505
609,141,259,505
591,141,259,505
586,139,264,509
583,142,264,506
575,148,264,506
575,147,264,506
575,148,264,506
573,151,269,508
569,154,274,515
564,160,279,514
557,162,279,514
559,159,274,509
563,152,269,507
566,148,264,509
563,155,264,509
558,152,264,509
553,155,264,509
553,155,264,509
553,155,264,509
553,155,264,509
553,149,259,508
553,149,259,515
553,149,259,515
551,151,257,518
554,153,257,518
554,160,257,511
554,160,257,511
554,160,257,511
554,160,257,511
554,160,257,511
554,160,257,511
554,160,257,511
561,159,257,506
563,154,257,506
562,152,257,506
562,155,257,503
562,158,257,500
562,161,257,497
562,166,257,497
563,163,257,497
563,166,257,494
568,162,244,494
568,162,258,496
571,167,253,486
571,177,255,494
571,177,255,494
571,177,255,494
572,177,255,494
572,177,255,494
575,174,252,490
576,173,252,490
577,178,252,490
577,178,252,490
580,173,256,496
582,173,256,496
582,173,256,496
582,173,256,496
583,175,253,496
583,175,253,496
583,175,253,496
588,172,253,496
588,172,253,496
591,177,248,486
592,175,255,495
592,175,255,495
592,175,255,495
592,175,255,495
592,175,254,494
592,175,254,494
595,178,254,494
595,178,254,494
600,181,249,491
600,181,252,489
598,186,252,489
598,186,252,489
597,183,252,489
597,183,252,489
595,184,252,489
596,187,252,488
598,193,252,488
600,190,252,488
600,191,252,488
600,191,252,488
600,191,252,488
600,191,252,488
600,194,252,488
600,199,252,488
590,201,261,488
590,201,261,488
590,206,261,488
590,195,262,483
585,188,268,489
582,184,263,479
568,187,272,498
566,193,266,494
566,193,266,494
566,193,266,494
566,193,266,494
566,183,271,497
566,178,278,494
566,178,278,494
571,185,273,489
567,192,278,499
567,192,278,499
567,192,278,499
577,190,273,499
582,186,276,492
585,186,273,492
594,178,268,493
597,184,268,493
594,189,266,497
592,198,263,493
592,198,263,493
596,194,265,492
602,190,269,489
605,184,266,489
609,180,267,489
614,170,265,490
614,170,265,490
616,172,266,483
616,172,266,483
614,176,277,489
611,171,283,499
609,166,288,509
625,175,272,500
625,175,271,497
622,169,276,498
624,166,271,488
622,168,262,489
616,168,266,494
616,168,266,494
619,173,261,484
622,169,256,475
621,179,256,475
621,177,256,475
621,171,256,475
621,171,256,475
621,171,256,475
622,173,256,475
625,172,256,475
620,174,258,478
620,173,258,478
608,162,267,491
613,153,258,487
613,153,258,487
620,154,244,496
606,157,254,488
606,157,260,486
606,157,260,486
606,157,260,486
611,158,260,486
611,158,260,486
609,155,260,486
609,155,260,486
609,155,260,486
602,159,266,482
602,159,266,482
602,158,273,484
602,158,273,484
606,160,278,494
606,160,278,494
611,162,273,484
611,160,273,484
606,159,273,484
606,159,273,484
605,159,273,484
605,157,273,484
605,157,273,484
605,157,273,484
608,151,273,484
608,151,273,484
608,151,273,484
610,157,273,484
610,157,273,484
610,155,273,484
610,155,273,484
610,155,273,484
610,155,273,484
610,155,273,484
608,159,277,486
615,159,277,486
615,159,277,486
615,159,277,486
615,159,277,486
615,159,277,486
615,159,277,486
615,159,277,486
612,157,283,493
612,157,283,493
612,157,283,493
612,157,283,493
612,157,283,493
612,157,283,493
612,157,276,493
612,157,276,493
615,160,276,493
615,160,276,493
615,160,276,493
612,165,282,493
612,165,282,493
612,165,282,493
612,165,282,488
612,165,282,488
611,166,280,492
611,166,280,492
610,171,275,488
608,170,275,488
605,170,275,488
598,169,275,488
593,169,275,488
593,170,275,488
593,170,275,488
593,170,275,488
590,174,281,489
590,174,281,489
587,174,281,489
584,175,281,489
584,175,281,489
587,178,287,499
587,178,287,499
587,178,287,499
593,181,281,496
592,181,281,496
592,181,281,486
589,180,281,486
587,181,281,486
585,178,281,486
585,178,281,486
585,178,281,486
585,178,281,486
585,178,281,486
585,176,281,486
585,176,281,486
585,176,281,486
585,176,281,486
587,176,281,486
587,176,281,486
600,180,275,476
600,180,275,476
597,175,281,486
597,175,276,486
597,175,276,486
594,175,276,486
594,173,276,486
594,175,276,486
594,175,276,486
594,175,276,486
594,175,276,486
591,178,282,488
591,178,282,488
591,178,282,488
591,178,282,488
591,185,282,481
591,185,282,481
591,182,282,481
591,182,282,481
591,182,282,481
594,181,282,481
594,181,282,481
607,175,276,472
607,175,268,479
607,175,268,479
607,175,268,479
607,175,268,479
607,175,268,479
602,176,279,488
608,176,279,488
608,174,279,488
608,174,279,488
602,169,285,498
607,177,280,490
607,171,280,490
607,171,280,490
615,177,275,489
615,177,265,489
615,177,265,489
623,177,265,489
623,177,265,489
620,190,262,486
620,182,262,486
621,182,262,486
624,180,262,486
619,182,262,486
619,182,262,486
619,182,262,486
619,182,262,486
619,182,262,486
619,182,262,486
619,182,262,486
619,182,262,486
619,182,262,486
619,182,262,486
619,182,262,486
619,182,262,486
619,182,262,486
619,182,262,486
619,182,262,486
619,182,262,486
619,182,262,486
614,172,273,496
614,172,273,496
614,177,263,496
614,172,263,496
614,170,263,496
614,168,263,496
614,175,263,489
614,175,263,489
614,175,263,489
615,170,263,489
615,173,263,489
615,175,263,489
615,175,263,489
615,175,263,489
615,175,263,489
615,175,263,489
615,175,263,489
615,175,263,489
615,175,263,489
615,175,263,489
615,175,263,489
615,175,263,489
615,175,263,489
615,175,263,489
615,175,263,489
615,175,263,489
615,175,263,489
613,170,268,499
615,174,263,489
615,174,263,489
615,174,263,489
615,174,263,489
615,174,263,489
615,174,263,489
615,172,263,489
615,172,263,489
615,172,263,489
615,172,263,489
615,172,263,489
615,172,263,489
615,172,263,489
615,172,263,489
615,172,263,489
615,172,263,489
615,172,263,489
615,172,263,489
615,172,263,489
615,172,263,489
615,172,263,489
615,172,263,489
615,171,263,489
615,171,263,489
615,171,263,489
615,171,263,489
616,170,263,489
616,170,263,489
618,172,263,489
619,171,263,489
619,169,263,489
614,172,268,499
614,172,268,499
614,172,268,499
614,172,268,499
614,172,268,499
614,177,265,490
612,170,268,495
612,170,268,495
607,174,272,501
613,175,265,498
613,168,265,498
614,165,265,498
614,165,265,498
615,169,260,488
616,162,254,488
616,162,254,488
615,165,254,488
615,166,254,488
615,166,254,488
621,162,246,484
621,162,246,484
621,162,246,484
621,162,246,484
621,162,246,484
621,162,246,484
621,162,246,484
621,162,246,484
621,162,246,484
621,162,246,484
621,162,246,484
621,162,246,484
621,162,246,484
621,162,246,484
621,162,246,484
621,162,246,484
627,164,245,477
627,164,245,477
630,169,240,468
630,169,240,476
625,167,245,494
623,167,238,483
623,167,238,483
621,160,243,493
621,158,243,493
621,158,243,493
621,158,243,493
617,153,248,503
611,156,248,498
611,156,248,498
611,156,248,498
611,151,248,498
611,151,248,498
611,156,247,493
612,153,247,493
615,151,247,493
615,151,247,493
618,156,242,483
618,156,242,483
623,155,242,483
623,150,242,488
623,150,242,488
623,150,242,488
618,145,252,503
618,144,252,501
618,144,252,501
618,144,252,501
618,144,252,498
616,139,257,491
616,134,257,491
611,136,257,491
611,134,257,491
611,134,257,485
613,127,257,485
612,122,257,485
610,117,262,495
613,104,257,485
608,94,267,496
609,93,255,486
612,93,245,486
593,93,254,490
586,91,259,495
567,90,274,504
557,92,276,510
557,92,276,505
557,92,276,505
554,94,275,503
544,97,282,505
544,97,282,505
544,103,278,499
544,103,278,499
540,108,279,499
540,106,279,499
537,101,279,499
537,96,279,499
537,96,279,499
533,99,282,503
531,98,282,503
531,98,282,503
522,109,288,507
514,112,293,509
516,117,277,503
516,126,273,496
498,126,273,496
492,126,273,506
474,126,281,514
454,121,288,511
437,121,300,524
434,132,297,517
437,137,294,512
442,145,292,506
444,149,288,499
460,162,285,511
464,168,284,521
469,176,280,513
464,190,288,509
470,203,286,504
471,202,292,507
473,207,293,505
473,207,293,505
487,212,289,498
489,201,290,502
489,201,290,502
489,201,295,508
494,209,292,499
490,212,305,505
493,212,308,504
496,213,312,504
502,214,311,496
497,199,324,516
503,195,329,516
503,195,329,516
512,211,323,499
509,211,322,501
511,212,309,499
504,203,318,511
488,193,328,522
488,191,323,524
488,191,323,524
494,201,310,512
494,201,310,512
494,201,310,512
494,201,310,512
499,205,308,507
499,205,308,507
502,202,313,511
503,203,313,511
503,203,313,511
503,203,313,511
503,203,313,511
512,195,307,519
512,195,307,519
512,195,307,519
512,195,307,519
512,195,307,519
514,199,302,517
511,198,302,517
506,188,308,527
503,181,308,527
503,181,308,527
503,181,308,527
503,181,308,527
503,181,308,527
503,181,308,527
503,181,308,527
503,181,308,527
502,175,308,527
502,173,308,534
501,170,308,534
501,170,308,534
501,170,308,534
501,170,308,534
507,168,308,539
507,165,308,539
507,165,308,539
507,165,308,539
507,162,308,539
507,162,308,539
507,162,308,539
507,162,308,539
507,162,308,539
507,162,308,539
510,168,302,528
511,162,301,535
508,157,307,546
511,157,304,548
513,157,304,548
516,157,301,548
518,158,299,547
518,158,299,547
520,159,297,546
520,159,297,546
520,151,303,557
520,151,303,557
520,158,303,550
520,158,303,550
520,158,303,550
523,158,300,550
525,158,298,550
525,158,298,550
528,153,298,553
528,153,298,553
530,152,295,542
529,151,295,542
528,149,295,542
528,149,295,542
532,161,289,531
532,161,289,531
529,156,295,542
529,156,295,542
530,162,289,531
530,162,289,531
527,157,295,542
530,153,301,552
529,153,301,552
529,153,301,552
530,158,298,549
530,158,298,549
530,158,298,549
530,158,298,549
530,158,298,549
535,158,298,549
535,158,298,549
538,164,292,538
534,166,296,537
534,166,296,537
537,157,296,553
537,157,296,553
537,157,291,550
537,157,291,550
534,152,297,561
536,158,298,550
536,158,298,550
539,164,292,539
536,159,298,550
536,159,298,550
536,159,298,550
537,165,292,539
537,165,292,539
534,160,300,533
534,160,300,533
534,161,300,533
534,163,300,533
534,163,300,533
534,163,300,533
534,163,300,533
534,163,300,533
534,163,303,532
540,163,303,532
536,168,297,522
536,168,302,523
536,160,302,523
537,160,302,523
536,168,302,523
536,168,302,523
533,163,308,533
533,163,308,533
536,168,302,523
536,168,302,523
538,164,308,533
538,164,308,533
534,168,302,523
534,168,302,523
531,163,308,533
528,158,314,544
528,158,314,544
531,164,308,533
531,164,308,533
534,160,314,544
534,160,314,544
538,165,308,533
535,160,314,544
535,154,318,554
535,154,318,554
544,161,300,534
544,161,300,534
549,153,304,559
549,153,304,559
551,159,298,548
551,159,298,548
548,154,304,559
545,149,310,562
551,161,304,551
551,161,304,551
551,161,304,551
551,161,304,551
554,167,298,540
557,176,295,540
557,176,295,540
557,176,295,540
551,186,297,528
548,196,299,521
550,195,299,521
561,193,299,521
561,193,299,521
565,201,296,513
565,197,299,518
573,189,300,527
574,187,299,529
574,187,299,529
574,187,299,529
574,180,299,534
570,169,300,546
570,169,300,546
562,165,301,550
561,159,301,550
554,153,301,552
547,153,301,552
543,151,297,555
537,149,298,552
534,141,298,552
534,141,298,552
529,143,298,552
528,143,298,552
528,143,298,552
528,143,298,552
528,143,298,552
528,143,298,552
531,149,292,541
527,151,298,537
527,151,298,537
526,148,298,537
526,148,298,537
526,148,298,537
526,148,298,537
529,148,298,537
529,148,298,537
532,156,292,526
531,156,292,526
528,146,298,537
528,146,298,537
523,147,298,537
521,148,298,537
521,148,298,537
521,142,298,537
518,147,292,526
517,148,295,527
517,148,295,527
517,148,301,530
517,148,301,530
517,148,301,530
520,143,301,530
519,143,301,530
522,148,295,520
516,146,301,530
519,143,307,541
520,143,307,541
523,149,301,530
523,154,301,530
525,147,307,541
525,147,307,541
525,150,301,530
525,150,301,530
522,145,307,541
529,145,302,545
527,144,302,545
520,146,302,545
520,147,302,545
520,147,302,545
520,147,302,545
517,149,304,527
517,149,304,527
517,149,304,527
517,149,304,527
517,149,304,527
511,148,304,527
511,148,304,527
508,143,310,538
508,143,310,538
511,149,304,527
511,149,304,527
508,144,310,538
505,141,309,548
505,141,309,548
500,144,309,548
500,143,309,548
502,141,309,548
502,141,309,548
505,147,303,537
505,147,303,537
500,142,309,548
495,143,307,548
495,143,307,548
495,143,307,548
495,143,301,548
490,150,301,537
490,150,301,537
487,150,301,537
487,150,301,537
493,153,301,537
494,153,301,537
497,154,301,537
498,162,295,536
495,172,295,536
495,172,295,536
495,172,295,536
498,172,295,536
498,172,295,536
498,172,295,536
501,180,289,525
501,185,292,517
498,195,298,517
501,200,292,507
497,211,292,498
497,211,292,498
497,211,292,498
497,211,292,498
497,211,292,498
494,200,289,500
494,195,289,500
494,195,289,500
484,187,288,487
481,187,282,489
472,189,282,489
472,189,282,489
472,186,276,479
472,186,276,472
469,182,282,470
476,173,278,470
483,167,280,470
491,170,276,470
497,169,275,472
507,172,270,463
518,170,265,454
526,174,269,444
534,171,264,435
537,174,269,433
547,177,264,425
551,180,264,425
559,184,259,417
567,184,259,417
576,189,254,409
580,178,254,419
583,182,255,419
588,182,253,428
588,182,253,428
591,186,248,420
591,186,248,420
591,186,248,420
591,186,248,420
586,191,243,411
586,191,250,416
586,191,250,416
586,191,250,416
586,191,250,416
584,197,255,414
584,197,255,414
584,197,255,414
583,197,255,414
581,200,255,409
575,200,255,409
575,203,255,406
575,208,255,401
575,208,255,401
575,208,255,401
575,208,255,401
575,208,255,401
575,208,255,401
578,212,250,393
578,212,250,393
578,212,250,393
568,213,250,393
570,206,245,392
565,200,250,391
557,185,258,394
562,176,251,394
555,164,256,402
552,151,261,403
549,142,261,403
549,137,256,395
548,127,251,395
555,119,241,400
553,109,246,408
558,103,244,406
568,92,234,399
574,78,238,397
574,68,238,407
585,70,228,406
590,83,227,404
601,86,218,399
597,91,222,400
601,99,217,400
599,108,214,401
589,117,217,392
590,112,217,392
588,108,221,395
583,104,217,384
584,98,218,390
584,98,218,390
587,105,214,382
585,112,214,382
587,121,216,380
587,119,216,380
591,117,215,372
591,112,216,375
590,107,219,379
592,103,220,377
597,102,217,377
597,102,217,377
599,104,214,386
601,113,216,379
606,119,215,373
610,133,211,366
611,142,208,366
609,154,208,366
600,159,214,363
598,168,214,363
594,178,216,362
601,186,209,363
600,186,209,363
600,192,209,357
601,202,205,350
601,217,205,350
598,224,205,350
597,237,205,350
596,246,205,350
594,260,205,350
598,274,197,336
598,274,197,336
598,274,197,336
596,263,201,343
592,256,209,357
596,254,204,346
596,254,204,346
598,258,200,339
596,264,204,351
596,264,204,351
596,262,204,351
599,257,204,351
599,257,204,351
603,256,205,345
604,255,205,345
604,252,205,345
604,252,205,345
606,255,201,338
603,251,209,345
603,245,211,343
603,242,211,343
603,242,211,343
609,242,211,343
607,240,211,343
607,240,211,343
605,246,215,350
605,244,215,350
610,244,207,336
612,237,215,346
614,232,211,348
614,227,211,353
611,229,215,360
612,240,211,353
615,243,211,353
615,243,211,353
615,228,211,353
619,225,209,349
619,225,209,349
619,225,209,349
619,225,209,349
619,225,209,349
629,222,204,352
635,221,204,352
635,216,206,351
635,216,206,351
635,216,206,351
635,216,206,351
643,220,202,344
643,217,202,344
645,213,205,346
645,210,203,346
639,204,216,351
639,204,216,351
639,204,216,351
643,199,219,349
642,199,219,349
641,194,219,349
641,194,219,349
642,190,225,352
642,190,225,352
644,194,221,345
647,189,214,344
644,188,225,354
644,188,225,354
644,188,225,354
646,192,230,353
646,192,230,353
646,192,230,353
651,189,231,349
651,181,231,357
651,181,231,357
651,181,236,359
651,187,236,359
651,187,236,359
651,187,236,359
651,185,236,359
651,185,236,359
651,185,236,359
654,185,236,359
654,185,236,359
654,185,236,359
654,185,236,359
656,180,236,359
657,178,236,359
657,178,236,359
657,178,236,359
657,178,236,359
657,178,236,359
657,178,236,359
657,178,236,359
659,177,238,364
659,177,238,364
659,177,238,364
657,174,243,371
655,179,248,370
655,179,248,370
655,179,248,370
655,179,248,370
655,179,248,370
655,179,248,370
655,179,248,370
655,179,248,370
652,182,251,367
652,182,251,367
647,182,251,367
647,182,251,367
647,182,251,367
647,182,251,367
647,182,251,367
647,182,251,367
659,187,246,359
659,187,246,359
659,189,246,359
659,189,246,359
659,189,246,359
659,189,246,359
660,195,245,353
660,195,245,353
654,192,245,353
654,192,245,353
654,192,245,353
654,192,245,353
654,192,245,353
654,192,245,353
654,192,245,353
654,192,245,353
653,190,245,353
653,190,245,353
653,190,245,353
653,190,245,353
653,190,245,353
653,190,245,353
653,190,245,353
653,190,245,353
653,190,245,353
653,190,245,353
653,188,245,353
653,188,245,353
653,188,245,353
653,188,245,353
653,188,245,353
652,187,250,360
652,187,250,360
650,184,255,367
648,183,251,363
648,183,251,363
648,183,251,363
648,183,251,363
635,179,261,368
630,180,261,368
631,183,256,364
631,183,256,364
638,180,242,360
635,180,244,364
638,184,234,361
638,184,234,361
641,183,225,367
641,183,225,367
643,184,221,369
651,188,210,366
651,187,210,366
643,186,213,367
639,190,213,368
636,193,210,369
632,196,209,365
621,197,214,378
605,199,219,371
586,201,229,367
574,207,231,362
559,215,238,376
551,219,245,377
549,215,242,377
544,208,243,381
539,201,247,379
537,197,246,380
538,194,243,375
538,194,243,374
538,198,231,377
528,211,239,381
521,224,241,385
519,237,240,391
522,243,239,388
520,243,239,388
526,232,234,381
528,213,239,380
542,207,231,376
545,194,232,371
548,189,233,383
552,198,229,384
545,203,229,392
541,210,234,400
546,220,228,393
544,222,228,393
542,223,229,394
542,223,229,394
541,220,232,398
545,229,235,392
549,234,233,381
553,233,232,382
554,236,239,394
563,239,237,391
572,244,231,378
572,244,231,378
563,243,240,387
554,245,250,393
541,243,254,399
530,244,254,399
520,246,249,391
525,248,239,379
508,232,254,402
501,223,252,407
512,228,238,393
506,222,238,393
504,214,240,401
504,209,236,402
493,196,246,407
489,195,251,400
493,182,246,392
496,169,241,384
494,165,246,392
501,164,242,383
501,162,242,383
501,162,250,383
501,179,255,385
499,192,260,393
492,211,261,386
491,223,261,386
496,230,259,384
488,236,259,384
492,240,254,376
492,240,254,376
492,240,246,371
479,224,261,394
480,224,256,389
480,224,256,389
486,231,251,381
492,216,250,389
509,200,250,389
510,195,247,394
520,194,247,394
546,194,249,396
573,194,249,396
590,199,244,391
601,199,241,384
607,200,241,383
605,191,242,373
606,179,237,366
598,184,237,366
594,177,230,379
585,167,224,379
569,167,224,379
549,157,233,381
528,150,235,383
512,149,232,389
496,149,232,389
491,139,241,404
486,133,242,405
484,131,238,414
484,131,238,414
470,124,245,420
468,120,250,428
463,110,255,462
457,98,255,479
441,99,272,479
432,97,286,481
426,86,293,490
421,80,299,500
420,69,305,510
420,69,305,510
420,71,305,510
413,93,299,511
386,107,314,520
359,127,334,501
375,149,307,490
378,163,316,501
385,172,312,488
389,180,318,483
393,192,312,472
396,203,319,463
415,210,310,461
424,219,317,465
431,219,317,475
429,219,320,469
442,221,314,460
443,221,314,460
443,221,314,460
443,221,317,460
443,221,317,460
449,230,305,442
452,235,315,456
461,248,297,430
445,260,309,447
445,267,309,445
440,264,312,446
438,255,318,455
430,246,324,464
430,248,318,455
407,262,328,450
405,262,328,450
402,262,328,450
402,261,328,450
423,257,316,452
434,254,310,457
438,246,313,464
451,242,319,473
462,242,319,473
480,251,307,455
492,246,300,453
506,248,300,453
514,242,302,462
526,250,296,453
522,251,303,462
536,267,291,444
532,267,296,443
517,273,308,441
516,273,307,436
516,273,307,436
513,269,313,445
522,266,304,440
522,266,304,440
522,266,304,440
513,271,308,443
514,271,308,443
505,268,308,443
501,262,314,452
502,260,314,452
502,260,314,452
502,260,314,452
502,260,314,452
502,260,314,452
502,260,314,452
493,254,320,461
491,252,320,461
491,252,320,461
491,252,320,461
491,252,320,461
491,252,320,461
502,263,314,452
500,261,314,452
502,259,314,452
502,259,314,452
503,259,314,452
503,259,314,452
505,259,314,452
507,261,314,452
505,258,314,452
510,259,314,452
504,250,315,454
503,249,315,454
503,249,315,454
503,249,315,454
503,249,315,454
500,245,321,463
495,239,328,472
494,237,328,472
496,236,328,472
495,236,328,472
500,235,328,472
499,235,328,472
499,235,328,472
499,234,328,472
499,231,328,472
499,231,328,472
497,226,328,472
497,226,328,472
496,226,328,472
496,226,328,472
497,226,328,472
500,229,328,472
499,220,328,477
499,220,328,477
499,214,328,477
497,202,335,487
498,200,335,487
499,200,335,487
499,200,335,487
499,200,335,487
499,200,335,487
496,195,342,497
497,190,338,486
494,185,345,496
494,185,345,496
491,180,352,506
491,180,352,506
492,175,351,493
492,170,351,493
492,169,351,493
492,164,351,493
492,164,346,483
492,164,346,483
492,162,346,483
492,162,346,483
492,162,346,483
492,162,346,483
481,152,353,493
487,144,344,487
487,144,344,487
481,140,346,479
473,134,353,489
472,134,353,489
472,134,353,489
472,134,353,489
472,134,353,489
472,132,353,489
472,127,353,489
472,121,353,489
479,128,345,486
479,128,345,486
479,128,345,486
479,128,345,486
479,133,345,481
479,133,345,481
479,133,345,481
479,133,345,481
479,132,345,481
479,132,350,481
482,132,350,481
489,137,343,478
489,137,343,478
489,137,343,478
494,142,343,478
494,134,348,480
494,134,348,480
497,135,348,480
500,141,348,480
501,143,348,480
501,143,348,480
501,143,348,480
501,143,342,480
501,133,342,480
501,134,342,480
501,134,342,480
505,139,335,471
507,146,335,471
507,140,342,477
506,138,342,477
504,139,342,477
504,139,342,477
504,139,342,477
504,139,342,477
504,139,342,477
504,139,342,477
507,138,342,477
506,143,342,477
509,148,342,477
509,148,342,477
507,134,349,487
507,134,349,487
503,125,338,489
503,125,338,489
501,121,345,490
498,133,343,474
495,150,337,472
493,164,340,454
496,155,340,466
500,138,333,457
499,132,340,466
506,137,333,457
504,148,338,463
504,148,338,463
498,149,338,463
496,155,338,463
496,155,338,463
496,155,338,463
493,151,345,472
501,147,339,467
501,149,339,467
501,152,339,467
494,155,339,467
494,155,346,472
490,142,344,475
489,140,344,475
488,139,344,475
488,139,344,475
489,141,337,466
480,144,344,474
480,144,344,474
480,140,348,482
480,140,348,482
478,141,348,482
478,141,348,482
475,148,343,473
477,155,341,482
470,161,344,473
470,161,344,473
470,161,344,473
472,155,351,482
472,155,351,482
472,155,351,482
472,155,351,482
472,155,351,482
472,155,351,482
477,147,342,482
477,147,342,482
478,153,337,482
478,153,337,482
478,153,337,482
478,148,337,482
481,156,330,473
481,158,330,473
481,158,330,473
480,152,332,475
483,154,332,475
483,154,332,475
472,145,342,481
473,139,342,481
473,140,342,481
473,146,342,481
471,130,341,489
464,132,341,489
464,132,344,484
463,131,344,484
470,129,351,494
470,129,346,491
469,138,346,491
469,133,346,491
468,134,346,491
469,134,346,491
468,142,346,491
468,143,346,491
469,146,346,491
471,149,346,491
471,149,346,491
471,149,346,491
470,149,346,491
475,149,346,491
473,149,346,491
469,155,339,481
469,155,342,482
466,150,345,482
468,145,345,482
470,145,345,482
466,157,347,482
463,160,347,482
463,160,347,482
463,163,347,482
462,165,347,482
463,166,347,482
464,163,347,482
464,163,347,482
464,158,347,482
466,163,347,482
464,173,347,482
467,170,340,473
467,170,340,473
460,161,347,491
463,166,347,491
463,166,347,491
463,166,347,491
463,166,347,491
468,166,344,501
473,161,342,495
476,157,342,497
478,162,335,487
475,162,338,487
474,162,338,487
470,157,345,497
476,157,345,497
476,157,339,496
476,150,339,496
472,144,346,506
472,142,346,506
472,142,346,506
470,141,346,506
470,141,346,506
469,136,353,516
470,134,352,510
470,134,352,510
470,134,352,510
470,134,352,510
470,134,352,510
470,134,352,510
475,142,345,500
475,142,345,500
475,131,348,512
475,131,348,512
475,131,348,512
475,129,347,510
475,129,347,510
475,123,347,510
477,123,347,510
475,120,347,510
475,120,347,510
479,125,340,500
476,127,340,500
471,127,340,500
471,127,340,500
465,123,336,509
464,118,341,514
466,115,343,506
466,115,343,511
470,112,342,514
475,106,340,506
478,96,345,511
478,96,345,511
483,101,345,511
492,106,334,506
494,112,327,496
496,122,322,497
481,133,336,509
481,131,336,504
483,126,331,506
486,121,331,506
484,125,330,501
484,124,330,501
480,119,334,509
482,117,334,509
490,125,329,499
487,126,330,494
490,117,337,506
494,115,334,507
495,112,332,504
495,109,335,510
495,107,335,510
494,107,335,510
499,112,329,503
499,112,329,503
506,115,326,501
520,113,323,511
526,113,320,506
526,109,323,511
529,111,324,510
529,111,324,510
529,111,324,510
529,111,324,510
523,108,329,515
521,108,329,515
527,119,317,497
522,121,322,505
521,119,323,507
521,119,323,507
526,127,317,504
526,129,317,504
527,129,316,504
528,130,316,504
528,135,315,504
533,133,312,506
533,133,312,506
536,138,306,496
535,147,314,509
532,153,314,513
532,153,314,513
532,153,314,513
535,158,308,503
532,156,314,513
535,151,316,523
551,141,315,525
556,142,317,523
556,142,317,523
564,149,315,528
564,149,315,528
562,162,314,521
559,170,312,532
559,182,304,524
545,196,308,518
536,213,317,502
531,238,316,478
524,268,323,446
535,306,313,408
542,325,308,392
551,355,306,363
551,378,321,339
570,391,309,326
587,391,309,326
567,382,331,331
556,364,351,351
549,355,353,357
570,340,347,371
568,334,347,378
562,325,351,393
562,319,351,393
564,315,343,394
562,302,337,398
562,286,332,401
559,272,332,402
561,260,329,407
557,258,334,425
555,243,335,444
556,241,328,452
554,247,328,452
543,248,335,448
531,245,333,457
520,245,330,458
507,245,331,460
499,250,332,462
485,246,331,462
482,242,333,471
479,238,328,475
476,233,326,478
476,232,322,482
478,224,316,492
476,225,316,492
473,226,316,492
473,224,316,492
473,224,316,492
479,243,304,473
482,248,298,464
488,260,286,455
485,267,280,451
475,276,289,441
473,285,283,430
470,286,283,430
453,268,294,447
450,263,296,455
447,247,294,467
458,228,288,490
461,216,294,499
459,208,304,507
463,196,302,507
466,185,306,512
462,167,311,518
466,167,317,514
467,167,318,521
465,190,317,511
473,208,320,503
480,229,325,486
486,250,328,466
487,264,335,448
490,285,337,431
494,310,338,407
502,320,345,392
502,324,342,384
509,330,351,383
510,345,355,366
518,343,358,367
519,341,360,368
522,337,368,373
522,325,367,380
525,315,372,394
525,324,373,387
523,329,377,385
521,339,386,371
517,342,381,371
514,352,381,364
508,360,381,350
496,364,387,352
486,378,388,334
471,389,383,327
458,378,382,334
447,371,383,344
439,349,386,356
430,343,383,368
420,322,384,391
417,299,379,416
412,282,386,428
411,269,385,445
408,257,386,449
401,250,395,456
398,243,393,457
397,236,392,453
400,232,387,455
401,229,391,448
398,224,394,457
398,220,394,452
398,212,391,449
393,212,397,447
393,212,395,448
394,212,394,455
403,222,392,454
406,229,398,447
409,238,396,451
402,254,399,442
406,266,395,439
405,267,393,441
402,261,399,443
406,265,400,443
406,275,400,437
409,280,402,430
416,271,401,439
