25,407,183,99
26,409,178,93
26,409,178,93
26,409,178,93
26,412,178,91
26,412,178,97
26,412,178,97
26,412,178,97
26,412,178,95
26,412,178,94
26,412,178,94
26,412,178,94
26,412,178,94
24,412,180,94
24,412,180,94
24,412,180,94
24,412,180,94
24,412,180,94
24,412,180,94
24,412,180,94
24,412,180,94
24,412,180,94
24,412,180,94
24,412,180,94
24,412,180,94
24,412,180,94
24,412,180,94
24,412,180,94
24,412,180,94
24,412,180,94
24,412,180,94
24,412,180,94
24,412,180,94
24,412,180,94
24,412,180,94
24,412,180,94
24,412,180,94
24,412,180,94
24,412,180,94
24,412,180,94
24,412,180,94
26,412,178,94
26,412,178,94
26,412,178,94
26,412,178,94
26,412,178,94
26,412,178,94
26,412,178,94
26,412,178,94
26,412,178,94
26,412,178,94
26,412,178,94
26,412,178,94
26,412,178,94
26,412,178,94
26,412,178,94
26,412,178,94
26,412,178,94
26,412,178,94
26,412,178,94
29,412,175,94
29,412,175,94
29,412,175,94
29,412,175,94
29,412,175,94
29,412,175,94
29,412,175,94
29,412,175,94
32,409,172,97
32,409,172,97
34,407,172,97
34,407,172,97
34,407,172,97
34,407,172,97
34,410,172,94
34,412,172,92
37,412,169,92
37,412,169,92
37,412,169,87
37,410,169,89
37,410,169,89
37,407,169,92
37,407,169,92
37,407,169,92
37,407,169,92
37,407,169,92
37,407,169,92
37,407,169,92
37,407,169,92
37,407,169,92
37,407,169,92
37,407,169,92
37,407,169,92
40,407,166,92
40,407,166,92
43,407,163,92
43,407,163,92
43,406,163,93
48,406,158,93
47,403,159,96
45,403,161,96
42,410,163,88
42,410,163,88
42,412,163,86
42,412,163,86
42,412,163,86
42,412,163,86
42,406,163,92
42,406,163,92
43,406,162,92
46,403,159,95
46,403,159,95
46,403,159,95
46,403,159,95
46,403,159,95
46,403,159,95
46,403,159,95
46,403,159,95
46,403,159,95
46,403,159,95
44,402,161,96
44,402,161,96
44,402,161,96
44,402,161,96
46,402,159,96
46,402,159,96
46,402,159,96
46,402,159,96
46,402,159,96
46,402,159,96
43,403,162,95
43,403,162,95
43,403,162,95
43,403,162,95
43,403,162,95
43,403,162,95
43,403,162,95
43,403,162,95
43,403,162,95
43,403,162,95
43,403,162,95
43,403,162,95
45,403,160,95
45,403,160,95
45,403,160,95
45,403,160,95
45,403,160,95
45,403,160,95
45,403,160,95
45,403,160,95
46,403,159,95
46,403,159,95
46,403,159,95
46,403,159,95
46,403,159,95
46,403,159,95
46,403,159,95
47,403,158,95
48,402,157,96
48,402,157,96
48,402,157,96
48,402,157,96
48,402,157,96
48,402,157,96
48,402,157,96
47,402,158,96
47,402,158,96
47,402,158,96
47,402,158,96
48,402,157,96
48,402,157,96
50,402,155,96
50,402,155,96
52,401,153,97
52,401,153,97
52,401,153,97
52,401,153,97
52,401,153,97
52,401,153,97
52,401,153,97
52,401,153,97
52,401,153,97
52,401,153,97
52,401,153,97
52,401,153,97
52,401,153,97
52,401,153,97
55,401,150,97
55,401,150,97
55,401,150,97
55,401,150,97
55,401,150,97
55,401,150,97
55,401,152,97
55,401,154,97
55,401,154,97
53,401,156,97
50,401,159,97
49,403,160,95
50,403,159,95
53,403,156,95
53,403,156,95
54,404,155,94
54,404,155,94
55,404,154,94
55,404,154,94
55,404,154,94
55,404,154,94
55,404,151,94
53,404,153,94
53,404,153,94
58,402,148,96
62,401,144,98
62,401,144,103
65,399,141,105
67,399,139,105
70,399,136,105
68,401,138,103
68,403,138,101
68,408,138,93
67,405,139,96
67,405,139,96
68,404,138,97
68,404,138,97
70,402,129,95
72,402,127,95
72,402,127,95
74,402,125,95
74,402,125,95
74,402,125,101
74,402,123,101
74,402,123,101
74,402,123,101
76,402,121,99
75,403,123,96
75,403,123,96
75,403,123,96
72,403,123,96
72,403,123,96
72,403,123,96
74,403,121,96
74,400,121,96
74,400,121,96
74,400,121,96
74,400,121,96
74,401,121,96
73,402,121,96
73,402,121,96
73,402,121,96
73,402,121,96
73,402,121,96
73,402,121,96
73,402,121,96
73,402,121,96
73,402,121,96
73,402,121,96
73,402,121,96
73,402,121,96
73,402,121,96
73,402,121,96
73,402,121,96
73,402,121,96
73,402,121,96
73,402,121,96
73,402,121,96
73,402,121,96
73,402,121,96
73,402,121,96
73,402,121,96
73,402,121,96
73,402,121,96
73,402,121,96
73,402,121,96
73,402,116,96
73,402,116,96
73,402,113,96
73,402,113,96
73,402,113,96
73,402,113,96
73,402,113,96
73,402,113,96
73,402,113,96
73,402,113,96
73,402,113,96
73,402,113,96
73,402,113,96
73,402,113,96
73,402,113,96
73,402,113,96
73,402,113,96
73,402,113,96
72,402,114,96
72,402,114,96
72,402,114,96
72,402,114,96
72,402,114,96
72,402,114,96
72,402,114,96
72,402,114,96
72,402,114,96
72,402,114,96
72,402,114,96
72,402,114,96
71,404,114,96
71,404,114,96
71,404,114,96
71,404,114,96
71,404,114,96
71,404,114,96
71,404,114,96
71,404,114,96
68,403,114,95
68,403,114,95
68,403,114,95
68,403,114,95
68,403,114,95
68,403,114,95
68,403,114,95
68,403,114,95
68,403,114,95
68,403,114,95
68,403,114,95
68,403,114,95
69,403,113,95
69,403,113,95
69,403,113,95
69,403,113,95
69,403,113,95
69,403,113,95
69,403,113,95
69,403,113,95
69,403,113,95
69,403,113,95
69,403,113,95
69,403,113,95
67,403,115,95
67,403,115,95
67,403,115,95
67,403,115,95
67,403,115,95
67,403,115,95
67,403,115,95
67,403,115,95
67,402,115,96
67,401,115,97
67,401,115,97
67,400,115,97
68,401,113,93
66,401,115,93
61,400,120,92
61,400,120,89
66,399,115,90
66,399,115,90
66,399,115,88
69,397,112,86
75,396,106,84
80,396,101,84
86,396,95,84
88,396,93,87
88,396,93,93
88,396,93,93
88,396,93,93
88,396,93,93
88,396,93,93
88,396,93,93
88,396,93,93
88,396,93,93
88,396,88,93
88,396,88,93
88,396,88,95
89,396,87,95
89,396,87,95
89,396,87,95
89,396,87,95
89,396,87,95
89,396,87,95
89,396,87,95
89,396,87,95
89,396,87,95
89,396,87,95
89,396,87,95
89,396,87,97
89,396,87,97
89,396,87,97
89,396,87,97
88,394,88,98
88,394,88,98
88,394,88,98
88,394,88,98
88,394,88,98
88,394,88,98
88,394,88,98
88,394,88,98
88,394,88,98
88,394,88,98
88,394,88,98
88,394,88,98
88,394,88,98
88,394,88,98
88,394,88,98
83,394,93,99
84,394,92,99
86,394,90,102
86,394,90,102
86,394,90,100
86,394,90,100
89,394,87,100
89,394,87,100
86,394,90,100
86,394,90,100
86,394,90,100
86,394,90,100
86,394,90,100
86,394,90,100
86,394,90,100
86,394,90,100
86,394,90,100
86,394,90,100
86,394,90,102
86,394,90,102
86,394,90,102
86,394,90,102
86,394,90,102
86,394,90,102
86,394,90,102
84,394,92,102
84,394,92,102
84,394,92,102
84,394,92,102
84,394,92,102
84,394,92,102
84,394,92,102
84,394,92,102
84,394,92,102
84,394,92,102
81,394,95,102
81,394,95,102
81,394,95,102
81,397,95,99
81,397,95,99
81,397,95,99
81,397,95,99
83,397,93,100
83,397,93,100
83,397,93,102
83,397,93,102
83,397,93,101
83,397,93,101
83,397,93,101
83,397,93,101
81,397,95,100
81,397,95,100
81,397,95,100
81,397,95,100
81,397,95,100
81,397,95,100
81,397,95,100
81,397,95,100
81,397,95,100
81,397,95,100
81,397,95,100
81,397,95,100
81,397,95,100
78,402,98,98
78,402,98,98
78,402,98,98
78,402,98,98
78,402,98,98
78,402,98,98
78,402,98,96
78,401,98,97
78,401,98,97
78,401,98,97
78,401,98,97
78,401,98,97
78,401,98,97
78,401,98,97
78,401,98,97
78,401,98,97
78,401,98,97
78,401,98,97
76,401,102,99
76,404,102,96
76,404,102,96
76,404,102,96
76,404,102,96
76,404,102,96
76,404,102,96
76,404,102,96
76,404,102,96
76,404,102,96
74,404,104,96
74,404,104,96
74,404,104,96
74,404,104,96
74,404,104,96
74,404,104,96
74,404,104,96
74,404,104,96
74,404,104,96
74,404,104,96
74,404,104,96
71,404,107,96
69,403,109,97
69,403,109,97
68,403,110,97
68,403,110,97
63,403,115,97
63,403,115,97
63,403,115,97
63,403,115,97
63,403,115,97
63,403,115,97
63,403,115,97
63,403,115,97
63,403,115,97
63,403,115,97
63,403,115,97
63,403,115,97
63,403,115,98
63,403,115,98
63,403,115,98
63,403,115,98
63,403,115,98
63,405,115,96
63,405,115,96
63,405,115,96
63,405,115,96
63,405,115,96
63,405,115,96
63,405,115,96
62,410,116,91
62,410,116,91
62,410,116,91
62,410,116,91
62,410,116,91
62,410,116,91
62,410,116,91
62,410,116,88
62,410,116,88
62,410,116,88
62,410,116,88
60,410,118,88
60,410,118,88
60,410,118,88
60,410,118,88
60,410,118,93
60,410,118,93
60,410,118,93
60,410,118,93
60,410,118,93
60,410,118,93
60,410,118,93
60,410,118,93
60,410,118,93
60,410,118,93
60,410,118,93
60,410,118,93
60,410,118,93
60,410,118,93
60,410,118,93
60,410,118,93
60,410,118,90
60,410,118,90
60,410,118,90
58,410,120,96
58,410,120,96
58,410,120,96
58,410,120,96
58,410,120,94
58,410,120,94
58,410,120,94
58,410,120,94
58,410,120,94
58,410,120,94
58,410,120,94
58,410,120,94
58,410,120,94
58,410,120,94
58,410,120,94
58,410,120,94
58,410,120,94
58,410,120,96
59,408,119,98
61,408,117,98
62,403,116,103
62,403,116,103
69,400,109,106
72,397,106,109
74,395,104,111
76,392,102,114
76,391,102,115
76,390,102,116
76,389,102,113
73,389,105,113
74,390,103,111
74,390,103,111
75,391,101,109
78,389,98,111
81,389,95,111
81,389,95,111
81,389,95,111
81,389,95,109
81,389,95,109
81,389,95,109
81,389,95,109
79,389,97,109
78,390,98,108
78,390,98,108
79,390,97,108
79,390,97,108
80,390,96,108
80,390,96,108
80,390,96,108
80,390,96,108
81,388,95,110
81,388,95,110
81,388,95,110
81,388,95,110
81,388,95,110
86,385,90,113
86,385,90,110
86,385,90,110
86,385,90,110
87,380,89,108
87,381,89,107
87,381,89,107
87,381,89,107
87,381,89,107
87,381,89,107
88,384,88,104
88,384,88,104
88,384,88,104
90,384,86,104
90,384,86,104
90,384,86,104
90,384,86,104
90,384,86,104
90,384,86,104
90,384,86,104
90,384,86,104
90,384,86,104
90,384,86,104
90,384,86,104
90,381,86,107
90,381,86,107
90,379,86,109
89,374,87,107
94,371,87,110
94,371,90,110
88,384,83,115
80,395,80,105
80,390,80,105
84,384,74,107
84,384,74,107
89,384,74,107
90,386,76,109
101,380,78,109
120,369,80,100
131,358,80,100
127,359,83,96
116,370,83,98
106,383,80,96
97,388,80,96
90,394,85,102
90,394,80,109
92,390,78,105
97,381,80,109
103,376,72,117
108,371,72,117
102,372,78,118
97,377,78,118
90,381,80,120
86,384,78,116
86,384,78,116
93,379,78,119
103,376,74,118
107,375,77,116
106,373,80,121
106,373,80,121
99,378,82,116
94,383,82,116
90,386,79,111
90,386,79,111
89,385,81,113
93,378,79,123
93,373,79,117
91,372,82,114
91,372,82,114
90,373,85,116
86,376,82,111
82,380,82,108
83,381,83,109
84,384,82,106
84,384,82,111
84,383,83,113
87,378,79,111
87,378,79,104
87,378,79,104
86,377,81,115
85,383,83,117
84,387,85,114
83,386,87,116
83,386,87,110
83,386,87,108
83,386,87,103
83,386,87,102
83,386,87,102
83,386,87,102
83,386,87,99
81,386,89,99
79,388,91,97
79,388,91,97
79,388,91,97
79,388,91,97
79,385,91,98
79,385,91,98
79,385,91,98
80,385,90,98
80,385,90,98
79,387,92,97
78,387,94,98
78,387,94,98
78,387,94,98
80,387,92,96
80,387,92,95
80,385,92,97
81,385,91,97
81,385,91,97
81,385,91,97
78,388,94,100
78,388,94,100
78,388,94,100
78,388,94,100
78,388,94,100
78,388,94,100
79,386,93,102
80,384,92,100
80,384,93,100
80,384,93,100
80,384,93,98
76,386,96,97
76,386,96,97
76,386,96,97
76,386,96,97
76,386,96,97
76,386,96,97
76,386,96,97
76,386,96,97
76,386,96,97
76,386,96,97
75,386,97,97
75,389,97,94
75,389,97,94
75,389,97,94
75,389,97,91
73,386,100,95
72,385,102,97
72,385,102,97
72,387,102,102
72,387,99,102
72,387,99,102
72,387,99,102
72,387,99,102
72,387,99,102
72,387,99,102
72,387,99,102
72,387,99,102
72,387,99,102
72,390,99,99
72,390,99,99
72,390,99,99
72,390,99,99
72,390,99,99
72,390,99,99
72,390,99,99
72,390,99,99
72,390,99,99
73,388,100,103
73,388,100,103
73,394,97,94
74,395,95,89
74,395,95,89
74,395,95,89
74,395,95,89
74,395,95,89
74,395,95,89
74,395,95,89
74,395,95,89
74,395,95,89
74,395,95,89
74,395,95,89
74,395,95,89
74,395,95,89
74,395,95,89
74,395,95,89
74,395,95,89
74,395,95,89
74,395,95,89
74,395,95,89
74,395,95,89
74,395,95,89
74,395,95,89
74,395,95,89
74,395,95,89
75,393,98,89
75,393,98,89
75,393,98,89
75,393,98,89
75,396,98,86
75,396,98,86
75,396,98,86
75,396,98,87
75,396,98,87
75,396,98,87
75,396,98,87
75,396,98,87
75,396,98,87
75,396,98,87
75,396,98,87
75,396,98,87
75,396,98,87
75,396,98,87
75,396,98,87
75,396,98,87
75,396,98,87
75,396,98,87
75,396,98,87
75,396,98,87
75,396,98,87
75,396,98,87
75,396,98,87
75,396,98,87
75,396,98,87
75,396,98,88
75,396,98,88
75,396,98,88
75,396,98,88
75,401,98,83
75,401,98,83
75,401,98,83
75,401,98,83
75,401,98,83
75,401,98,83
75,401,98,83
75,401,98,83
75,401,98,83
75,401,98,83
75,401,98,83
75,401,98,83
75,401,98,86
75,401,98,86
75,401,98,86
75,401,98,86
75,401,98,86
75,401,98,86
75,401,98,86
69,401,104,86
69,401,104,86
69,401,104,86
69,401,104,86
69,401,104,86
69,401,104,86
69,401,104,86
69,401,104,86
69,401,104,86
69,401,104,86
69,401,104,86
69,401,104,86
69,401,104,86
69,401,104,86
69,401,104,86
69,401,104,86
69,401,104,86
69,401,104,86
69,401,104,86
69,401,104,86
69,401,104,86
69,401,104,86
69,401,104,86
69,401,104,86
69,401,104,86
69,401,104,86
69,401,104,86
69,401,104,86
69,401,104,86
69,401,104,86
69,401,104,86
69,401,104,86
69,401,104,86
67,403,106,84
67,403,106,84
67,403,106,84
67,403,106,84
67,403,106,84
67,403,106,84
67,403,106,84
67,403,106,84
67,403,106,84
67,403,106,84
67,403,106,84
66,403,107,84
66,403,107,84
66,403,107,84
66,403,107,84
66,403,107,84
66,403,107,84
66,403,107,84
66,403,107,84
66,403,107,84
65,403,108,84
65,403,108,84
65,403,108,84
65,403,108,84
65,403,108,84
65,403,108,84
65,403,108,84
65,403,108,84
65,403,108,84
65,403,108,84
63,406,110,81
63,406,110,81
63,406,110,81
63,406,110,81
63,406,110,81
63,406,110,81
63,406,110,81
63,406,110,81
63,406,110,81
63,406,110,81
63,406,110,81
61,408,112,79
61,408,112,79
61,408,112,79
61,408,112,79
61,408,112,77
61,408,112,77
61,408,112,77
61,408,112,77
61,408,112,77
61,408,112,77
61,408,112,77
61,408,112,77
61,408,112,77
61,408,112,77
55,410,118,75
55,410,118,75
57,411,116,74
57,411,116,74
57,411,116,74
57,411,116,74
57,411,116,74
57,411,116,74
57,411,116,74
57,411,116,74
57,411,116,74
57,411,116,74
59,411,114,74
59,411,114,74
59,411,114,74
61,411,112,74
60,411,113,74
60,411,113,74
60,411,113,74
61,411,112,74
61,411,112,74
61,411,112,74
61,411,112,74
61,411,112,74
61,411,112,74
61,411,112,74
61,411,112,74
61,411,112,74
61,411,112,74
61,411,112,74
61,411,112,74
63,411,110,76
63,411,110,76
63,411,110,76
63,411,110,76
63,411,110,76
63,411,110,76
63,411,110,76
63,411,110,76
63,411,110,76
63,411,110,76
63,411,110,76
63,411,110,76
63,411,110,76
63,411,110,76
63,411,110,76
63,411,110,76
63,411,110,76
63,411,110,76
63,411,110,76
63,411,110,76
63,411,110,76
63,411,110,76
63,411,110,76
63,411,110,76
61,411,112,76
61,411,112,76
61,411,112,76
61,411,112,76
61,411,112,76
61,411,112,76
59,411,114,76
59,411,114,76
59,411,114,76
59,411,114,76
59,411,114,76
59,411,114,76
59,411,114,76
59,410,114,77
59,410,114,77
59,410,114,77
59,410,114,77
59,410,114,77
59,410,114,77
59,410,114,77
59,410,114,77
59,410,114,77
59,410,114,77
59,410,114,77
59,410,114,77
59,410,114,77
58,410,115,77
58,410,115,77
58,409,115,78
58,409,115,78
58,409,115,78
58,409,115,78
58,409,115,78
58,409,115,78
58,409,115,78
58,409,115,78
58,409,115,78
58,409,115,78
58,409,115,78
58,409,115,78
58,409,115,78
58,409,115,78
58,409,115,78
58,409,115,78
58,409,115,78
58,409,115,78
58,409,115,78
58,409,115,78
58,409,115,78
58,409,115,78
58,409,115,78
58,409,115,78
58,409,115,78
58,409,115,78
58,409,115,78
58,409,115,78
58,409,115,78
58,409,115,78
58,409,115,78
58,409,115,78
58,409,115,78
58,409,115,78
58,409,115,78
58,409,115,78
58,409,115,78
58,409,115,78
58,409,115,81
58,409,115,81
58,409,115,81
58,409,115,81
58,409,115,81
58,409,115,81
58,409,115,81
58,409,115,81
58,409,115,81
58,409,115,81
58,409,115,81
58,409,115,81
58,409,115,81
58,409,115,81
58,409,115,81
58,409,115,81
58,409,115,81
58,409,115,81
58,409,115,81
58,409,115,81
58,409,115,81
58,409,115,81
58,409,115,81
58,409,115,81
58,409,115,81
58,409,115,81
58,409,115,81
58,409,115,81
58,409,115,81
58,409,115,81
58,409,115,81
58,409,115,81
58,409,115,81
58,409,115,81
58,409,115,81
58,409,115,81
58,409,115,81
58,409,115,81
58,409,115,81
58,409,115,81
58,409,115,81
58,409,115,81
58,409,115,81
58,409,115,81
58,409,115,81
58,409,115,81
58,409,115,81
58,409,115,81
58,409,115,81
58,409,115,81
58,409,115,81
58,409,115,81
58,409,115,81
58,409,115,81
58,409,115,81
58,409,115,81
58,409,115,81
58,409,115,81
58,409,115,81
58,409,115,81
58,409,115,81
58,409,115,81
58,409,115,81
58,409,115,81
58,409,115,81
58,409,115,81
58,409,115,81
58,409,115,81
58,409,115,81
58,409,115,81
58,409,115,81
58,409,115,81
58,409,115,81
58,409,115,81
58,409,115,81
58,409,115,81
58,409,115,81
58,409,115,81
58,409,115,81
58,409,115,81
58,409,115,81
58,409,115,81
58,409,115,81
58,409,115,81
58,409,115,81
58,409,115,81
58,409,115,81
58,409,115,81
58,409,115,81
58,409,115,81
58,409,115,81
58,409,115,81
58,409,115,81
58,409,115,81
58,409,115,81
58,409,115,81
58,409,115,81
58,409,115,81
58,409,115,81
58,409,115,81
58,409,115,81
55,409,117,81
55,409,117,81
55,409,117,81
55,409,115,81
55,409,115,81
55,409,115,81
55,409,115,81
55,409,115,81
55,409,115,81
55,409,115,81
55,409,115,81
55,409,115,81
55,409,115,81
55,409,115,81
55,409,115,81
55,409,115,81
55,409,115,81
55,409,115,81
55,409,115,81
55,409,115,81
55,409,115,81
55,409,115,81
55,409,115,81
55,409,115,81
55,409,115,81
55,409,115,81
55,409,115,81
55,409,115,81
55,409,115,81
55,409,115,81
55,409,115,81
55,409,115,81
55,409,115,81
55,409,115,81
55,409,115,81
55,409,115,81
55,409,115,81
55,409,115,81
55,409,115,81
56,409,115,81
56,409,115,81
56,409,115,81
56,409,115,81
56,409,115,81
56,409,115,81
56,409,115,81
56,409,115,81
56,409,115,81
56,409,115,81
56,409,115,81
56,409,116,81
56,409,116,81
56,409,116,81
56,409,116,81
56,409,116,81
56,409,116,81
56,409,116,81
56,409,116,81
56,409,116,81
56,409,116,81
56,409,116,81
56,409,116,81
56,409,116,81
56,409,116,81
56,409,116,81
58,409,114,81
61,409,111,81
64,409,108,81
71,409,106,81
77,407,100,83
80,402,97,88
83,399,94,91
88,398,90,93
94,399,85,91
101,402,78,89
101,398,78,89
100,392,81,93
100,394,81,91
100,396,81,89
101,397,79,87
101,397,79,87
105,398,74,85
105,396,74,87
108,396,71,90
109,397,70,88
112,396,70,93
113,396,69,92
114,397,68,90
112,398,70,88
112,398,70,88
112,398,70,88
112,398,70,88
112,398,70,88
112,398,70,88
116,394,71,93
118,396,68,89
118,390,68,95
122,389,79,103
122,389,79,103
122,389,79,103
122,389,79,103
122,389,79,103
122,389,79,103
124,388,76,106
124,388,76,106
125,389,75,104
127,389,73,104
127,389,73,104
127,389,73,104
127,389,73,104
127,389,73,104
127,389,73,104
127,389,73,104
127,389,73,104
127,389,73,104
127,389,73,104
129,389,71,104
129,389,71,104
129,389,71,104
129,389,71,104
129,389,77,109
135,384,76,109
147,380,75,107
156,380,77,107
157,374,82,109
161,373,84,111
161,375,88,107
163,374,87,109
165,376,84,118
167,379,74,113
161,378,76,115
160,382,78,117
146,411,78,107
117,434,75,113
111,441,62,106
89,432,67,105
82,431,75,90
91,427,75,90
104,421,68,92
118,422,62,86
122,422,66,89
127,422,60,82
122,422,60,82
107,417,59,93
89,417,71,93
84,421,74,93
87,421,71,93
96,416,71,93
105,410,68,93
115,410,68,93
125,411,58,93
121,416,58,93
112,415,63,97
98,419,70,99
89,423,70,94
85,423,76,94
92,425,74,90
97,421,74,90
102,416,75,92
107,417,74,90
108,417,69,90
102,419,72,94
99,424,73,92
94,429,72,90
91,431,75,87
91,431,75,87
95,427,75,87
102,423,72,83
105,421,73,78
105,420,73,80
101,419,72,80
101,421,73,83
95,424,76,86
90,423,78,88
90,425,78,86
89,426,78,84
95,426,76,84
99,421,77,86
100,419,76,91
98,417,77,93
92,416,79,95
92,422,78,92
92,422,77,92
87,421,79,93
87,421,79,93
92,421,79,93
98,422,77,91
102,422,72,91
106,421,73,93
106,421,68,93
102,420,67,90
96,420,70,94
96,419,71,96
97,420,70,94
98,420,71,93
99,421,70,91
100,417,74,94
100,417,74,94
100,417,73,94
100,416,69,96
100,416,69,96
101,417,68,94
101,417,68,94
101,417,68,94
101,416,69,96
100,410,72,100
100,410,72,100
100,410,72,100
100,409,73,102
100,412,71,99
100,412,69,99
96,413,71,97
93,412,75,99
93,412,75,99
94,413,74,97
99,414,73,95
99,413,73,96
99,412,73,97
94,411,74,99
94,410,75,101
94,410,75,101
94,410,75,101
94,410,75,101
94,410,75,101
94,410,75,101
94,410,75,101
95,411,74,99
100,411,69,99
100,416,69,94
101,417,68,92
101,417,68,92
92,416,73,93
92,416,78,93
93,416,77,93
96,416,74,93
96,416,74,93
96,416,74,93
92,417,73,91
92,417,78,91
92,417,78,91
92,417,78,91
92,417,78,91
92,417,78,91
92,417,78,91
92,417,78,91
96,417,79,91
97,418,77,89
97,418,77,89
97,418,77,89
93,418,77,89
91,419,75,87
91,419,75,87
91,419,75,87
91,419,75,87
91,419,75,87
91,419,75,87
91,419,78,87
91,419,78,87
92,420,76,85
92,420,76,85
93,421,75,83
93,418,75,86
89,418,75,86
89,418,78,86
89,418,78,86
88,417,80,88
91,416,82,90
96,416,75,90
96,416,75,90
92,416,75,90
92,416,75,90
92,416,75,90
92,412,75,90
92,412,76,97
92,412,76,97
92,412,78,100
92,412,78,100
92,412,78,100
92,412,78,100
92,412,78,100
94,415,74,94
94,415,74,94
94,415,76,100
94,415,76,100
93,414,78,102
93,414,78,102
92,413,80,104
92,413,77,104
92,413,77,104
92,413,77,104
91,412,77,106
91,412,77,106
91,412,77,106
91,412,77,106
91,412,77,106
92,413,75,104
93,414,74,102
93,412,76,105
93,412,76,105
90,412,79,105
90,412,79,105
90,412,79,105
91,413,77,103
91,413,77,103
91,413,77,103
91,413,77,103
91,413,77,103
91,413,77,103
91,413,77,103
91,413,77,103
91,413,77,103
91,413,77,103
91,413,77,103
91,413,77,103
91,413,77,103
90,411,77,104
90,411,77,104
90,411,77,104
90,411,77,104
90,411,77,104
84,411,83,104
84,411,83,104
85,411,82,104
90,411,77,104
90,411,77,104
92,411,75,104
92,411,75,104
92,411,75,104
91,410,77,106
91,410,77,106
91,410,77,106
91,410,74,106
91,410,74,106
91,410,74,106
91,410,74,106
92,411,73,104
93,412,72,102
93,412,75,104
93,412,75,104
92,410,78,108
92,410,76,108
89,410,79,108
89,410,79,108
89,410,79,108
89,410,79,108
89,409,79,109
89,409,79,109
89,409,79,109
89,409,79,109
89,409,79,109
89,409,79,109
89,409,79,109
89,409,79,109
89,409,79,109
89,409,79,109
89,409,79,109
89,407,86,112
89,407,86,112
89,407,86,112
89,407,86,112
89,407,86,112
89,407,84,112
89,407,84,112
89,407,84,112
89,407,84,112
89,407,84,112
88,406,86,114
88,406,86,114
88,406,85,114
88,406,85,114
88,406,85,114
88,406,85,114
88,406,85,114
88,406,85,114
83,403,88,114
83,403,88,114
83,403,88,114
83,403,88,114
83,403,88,114
83,403,88,114
89,403,82,114
90,404,80,112
90,404,80,112
89,403,82,114
89,403,82,114
87,403,84,114
86,402,83,116
83,402,86,116
83,402,86,116
80,402,89,116
81,403,87,114
81,403,87,114
80,402,89,116
80,402,89,116
80,402,89,116
80,402,89,116
80,402,89,116
80,402,89,116
80,402,89,116
80,402,89,116
80,402,89,116
80,402,89,116
80,402,89,116
80,402,89,116
79,402,90,116
79,402,90,116
79,402,90,116
79,402,90,116
79,402,90,116
79,402,90,116
79,402,90,116
79,402,90,116
79,402,90,116
79,402,90,116
78,401,92,118
78,401,92,118
78,401,92,118
77,401,93,118
77,401,93,118
72,401,98,118
72,401,98,118
72,401,98,118
72,401,98,118
72,401,98,118
72,401,98,118
72,401,98,118
77,401,96,116
77,401,96,116
77,401,96,116
77,401,96,116
77,401,96,116
77,401,96,116
76,401,97,116
75,401,97,116
75,401,97,116
75,401,97,116
75,401,97,116
78,399,95,116
78,399,95,116
78,399,95,116
78,399,95,116
77,398,96,118
77,398,95,118
77,398,95,118
77,398,95,118
77,398,95,118
77,398,95,118
77,398,95,118
80,398,92,118
80,396,92,120
80,396,92,120
80,396,92,120
80,396,92,120
74,396,98,120
74,396,98,120
74,396,98,120
74,396,98,120
74,396,98,117
79,396,93,117
79,396,93,117
79,396,93,117
79,395,93,118
79,395,93,118
79,395,93,118
79,395,93,118
77,395,95,118
77,395,95,118
77,395,95,118
77,395,95,118
77,395,95,118
77,395,95,118
77,395,95,118
77,395,95,118
77,395,95,118
77,395,95,118
77,398,95,115
77,398,95,115
77,398,95,115
77,398,95,115
77,398,95,115
77,398,95,115
77,398,95,115
74,398,98,115
74,398,98,115
74,398,98,115
74,398,98,115
77,398,95,115
77,398,95,115
78,398,94,115
78,398,94,115
78,398,94,115
78,398,94,115
76,395,95,118
76,395,95,118
73,395,98,118
73,395,98,118
73,395,98,118
80,395,91,118
80,395,91,118
80,395,91,118
80,395,91,118
80,395,91,118
80,395,91,118
75,393,96,120
75,393,96,120
75,393,96,120
75,393,96,120
75,393,96,120
75,393,96,120
75,393,96,120
75,393,96,120
75,393,96,120
75,393,96,120
75,393,96,120
74,393,97,120
73,388,98,125
73,388,98,125
73,388,98,125
73,388,98,125
76,388,95,125
76,388,95,125
76,388,95,125
76,388,95,125
76,388,95,125
76,388,95,125
76,388,95,125
76,388,95,125
76,388,95,125
76,388,95,125
76,388,95,125
77,388,94,125
77,388,94,125
77,388,94,125
77,388,94,125
77,388,94,125
77,388,94,125
77,388,94,125
77,388,94,125
77,388,94,125
79,388,92,125
79,388,92,125
78,388,93,125
78,388,93,125
78,388,93,125
78,388,93,125
78,388,93,125
78,388,93,125
79,388,92,125
80,389,90,123
82,389,88,123
83,390,86,121
83,390,86,121
83,390,86,121
83,390,86,121
83,390,86,121
83,390,86,121
81,390,89,121
81,390,89,121
81,390,89,121
81,390,89,121
81,390,89,121
81,390,89,121
81,390,90,121
81,390,90,121
81,390,90,121
80,391,90,119
82,391,91,119
82,391,91,119
82,391,91,119
82,391,91,119
82,391,91,119
82,391,91,119
82,385,92,121
79,380,96,127
76,370,97,132
76,368,96,130
76,362,93,130
75,355,95,133
75,354,95,128
74,350,92,128
72,342,96,133
70,346,100,125
68,344,104,130
76,344,97,128
81,342,101,133
94,341,98,131
102,338,103,133
117,340,101,130
129,338,105,135
141,330,107,138
147,322,109,141
149,318,105,136
149,312,105,136
149,306,105,136
151,302,107,136
154,304,108,132
155,306,113,130
163,306,113,130
171,306,113,130
179,306,113,130
187,306,113,130
196,306,110,130
197,308,118,140
197,308,118,140
203,311,110,135
209,300,112,148
213,297,117,154
213,297,117,154
221,291,117,158
219,288,120,164
218,287,122,167
228,287,117,159
233,284,118,161
239,284,119,161
245,283,115,158
246,285,113,155
249,287,120,155
254,280,115,162
261,280,115,162
268,280,115,162
275,275,115,167
283,277,113,164
283,277,113,164
288,271,111,174
288,271,111,174
286,268,112,169
275,256,119,179
271,249,118,186
269,237,123,191
264,241,126,184
262,229,131,191
256,229,132,185
250,224,134,193
