549,553,168,165
546,545,171,169
543,542,166,168
542,541,169,169
542,539,165,167
544,535,163,168
544,535,163,166
543,527,165,169
542,529,164,166
542,528,162,164
541,527,161,164
539,525,161,163
536,524,161,162
536,524,161,163
536,522,159,162
532,519,164,163
533,518,160,160
531,514,160,162
531,515,160,161
531,508,158,159
530,506,157,159
528,505,158,156
524,501,158,156
526,500,156,159
525,498,157,156
526,497,154,154
525,492,153,155
521,489,154,155
522,489,153,155
514,484,154,154
511,483,153,153
508,480,151,152
505,476,151,150
505,476,151,150
504,469,151,152
501,462,152,153
499,455,151,153
496,449,151,152
496,450,152,151
490,442,150,149
489,441,150,148
486,436,150,149
481,432,151,149
483,432,149,149
480,432,149,148
480,431,147,148
479,430,148,147
478,427,149,147
478,426,148,148
480,423,149,148
477,418,149,148
477,420,150,146
477,421,148,147
478,420,147,148
475,423,148,146
471,426,148,148
472,430,146,148
474,433,147,148
473,433,148,147
476,437,148,147
482,441,150,149
488,442,152,150
496,444,151,152
495,443,152,153
502,448,150,152
505,451,150,152
505,456,154,154
514,461,152,155
513,461,153,154
519,467,154,155
524,473,155,158
535,495,156,156
538,499,156,161
538,500,156,158
543,508,157,161
547,517,159,163
552,528,161,163
557,530,161,160
557,529,159,161
558,528,161,165
558,536,161,165
563,538,164,166
565,542,163,167
564,542,164,167
561,543,164,167
560,542,165,168
559,543,166,166
563,541,170,167
563,542,169,167
580,544,168,172
590,548,169,168
591,533,170,172
591,533,170,174
590,533,171,174
592,537,171,174
590,534,172,175
591,536,172,178
598,554,173,166
599,554,171,166
601,546,170,171
594,520,175,173
585,511,175,177
595,538,179,182
594,535,181,184
607,541,180,179
616,543,180,177
620,566,179,154
615,570,180,150
614,570,182,150
610,555,183,165
610,554,182,166
611,556,180,164
598,566,182,154
598,566,181,154
594,579,179,141
604,584,177,136
608,580,178,140
607,586,178,134
606,584,179,136
611,585,180,135
618,582,178,138
626,577,178,143
630,564,177,156
630,564,178,156
629,566,179,154
623,563,179,157
626,560,182,160
633,557,178,163
632,557,180,163
635,553,178,167
640,548,181,172
649,540,177,175
650,538,177,179
649,537,178,180
648,544,179,176
649,544,178,176
652,539,179,181
650,550,180,170
649,550,181,170
649,553,180,167
652,555,179,165
658,556,182,164
666,553,179,167
667,553,178,167
677,549,178,171
678,546,178,174
678,548,179,172
678,550,180,170
679,550,178,170
680,548,177,172
679,550,178,170
678,550,178,170
680,542,178,178
680,542,179,178
683,537,178,180
685,533,178,178
689,532,178,178
694,532,177,179
694,532,177,179
697,528,176,181
696,533,177,179
692,534,178,179
688,535,177,180
689,536,176,178
687,540,176,180
686,536,178,180
689,536,176,181
683,539,177,181
683,540,176,180
677,543,178,177
672,542,176,178
661,542,179,178
646,547,180,173
646,547,179,173
626,555,181,165
618,557,180,163
605,566,176,154
600,570,175,150
599,569,176,151
598,570,176,150
600,571,174,149
599,572,177,148
597,571,175,149
598,570,174,150
598,566,174,154
597,565,173,155
589,563,176,157
587,558,176,162
589,560,174,160
584,557,176,163
583,554,177,166
583,552,177,168
581,554,176,166
579,554,179,166
581,556,177,164
586,554,176,166
587,558,175,162
587,560,176,160
587,560,177,160
582,561,180,159
579,566,178,154
581,565,177,155
584,565,175,155
584,565,175,155
584,566,177,154
589,563,175,157
592,562,175,158
596,557,173,163
596,557,173,163
594,557,174,163
592,561,174,159
590,559,173,161
591,558,173,162
591,557,172,163
591,557,173,163
589,560,174,160
590,559,174,161
594,548,173,172
595,549,171,171
600,544,171,173
603,540,171,175
604,543,170,173
605,540,170,174
605,542,170,172
606,540,171,174
608,541,170,172
607,541,171,172
605,543,171,174
605,543,170,172
607,539,170,173
603,539,173,174
598,542,172,177
593,544,171,176
593,545,171,175
595,542,173,172
601,535,170,173
599,535,171,175
595,537,170,174
595,537,170,174
597,536,170,174
595,537,171,174
592,541,173,174
592,544,173,172
592,543,174,174
594,542,172,172
593,544,173,174
593,545,171,175
595,542,172,175
595,541,171,175
597,540,170,174
599,537,170,175
597,541,173,174
591,547,173,173
591,547,172,173
587,551,175,169
589,551,171,169
586,550,173,170
586,552,172,168
586,552,172,168
589,548,173,172
592,545,171,173
591,543,172,174
593,540,173,173
594,539,172,174
594,537,171,174
588,540,174,174
587,539,171,175
590,534,173,172
590,534,172,173
592,530,171,174
589,530,173,175
591,529,173,174
593,529,171,174
594,529,171,175
591,529,173,174
590,527,173,175
593,525,172,174
593,524,173,175
593,525,173,175
593,527,173,173
593,526,174,177
593,528,174,177
593,529,173,175
593,529,174,176
594,528,174,175
593,527,174,175
595,526,173,173
599,521,173,171
599,521,172,171
603,514,173,176
609,514,169,171
614,511,169,173
617,508,171,172
617,507,171,172
621,505,171,171
621,507,171,173
620,506,171,174
621,504,175,173
621,504,175,174
625,503,172,176
623,505,174,175
625,505,176,174
630,503,173,174
630,503,172,173
632,501,171,175
632,501,173,174
633,499,173,174
634,494,172,176
633,496,173,174
633,494,174,174
637,495,172,172
638,493,172,172
639,491,172,173
638,492,173,174
639,487,171,174
638,485,173,174
634,485,174,175
630,486,174,177
630,487,172,174
630,486,172,174
634,483,172,173
635,482,173,174
635,484,173,174
635,484,173,174
637,479,174,174
638,477,172,177
634,481,173,175
633,480,174,174
635,481,172,175
632,482,174,176
630,485,172,175
628,485,173,175
629,482,174,176
629,483,174,175
630,483,174,177
630,483,174,177
635,482,173,175
637,481,173,174
638,481,172,174
637,481,173,175
637,481,174,174
638,476,173,175
639,475,172,175
638,476,174,174
637,473,173,174
633,473,177,176
630,474,179,176
632,473,178,175
632,473,176,175
636,468,176,175
641,465,175,175
642,462,177,173
646,459,174,172
648,458,172,174
654,448,174,175
651,451,174,173
646,450,176,174
646,451,173,175
646,450,174,176
641,454,177,175
637,457,175,174
633,460,174,176
629,464,172,176
629,465,174,175
623,467,176,177
624,464,173,175
621,464,174,175
618,464,174,176
618,464,177,177
614,463,176,176
612,462,175,177
612,460,175,176
611,460,174,176
609,461,178,175
608,459,176,176
603,459,175,176
598,460,176,179
593,461,179,178
594,461,177,178
597,457,175,178
597,454,178,177
594,450,180,178
595,450,177,178
594,450,176,178
594,450,176,177
594,447,176,178
595,443,173,175
589,443,176,175
589,443,178,175
584,438,174,177
580,434,175,175
577,430,175,174
577,423,176,175
577,422,175,175
581,417,174,172
585,410,173,170
598,395,169,167
600,387,169,166
600,386,171,167
597,383,167,169
616,381,139,170
673,389,78,155
703,383,78,155
703,383,78,155
703,383,78,155
569,456,54,44
562,416,96,76
558,392,117,95
558,395,119,94
553,376,131,106
544,366,136,116
535,362,130,111
534,361,114,105
534,362,108,100
533,357,105,93
529,357,102,84
527,365,71,57
518,382,159,132
653,479,26,32
616,439,67,95
593,420,88,120
580,411,101,131
571,403,110,141
570,402,111,142
558,403,118,145
545,401,128,152
542,403,130,153
537,393,143,160
536,392,145,161
534,389,148,163
533,390,147,164
533,390,147,164
535,390,147,163
532,389,150,164
535,391,147,164
536,393,146,164
539,392,147,163
537,391,149,164
541,391,145,165
533,391,150,163
536,392,147,163
530,393,150,165
530,394,149,164
530,394,150,164
533,391,150,163
531,390,151,162
532,394,148,162
534,396,145,159
536,395,143,161
537,404,142,152
539,405,139,151
542,403,137,152
548,403,133,149
550,404,131,148
549,402,132,150
545,402,134,152
542,404,135,151
546,405,132,151
546,407,132,149
546,409,132,149
547,409,130,149
545,412,129,147
546,412,128,147
546,412,127,147
547,411,126,148
541,414,128,148
534,419,129,149
529,423,129,144
528,423,129,144
525,424,130,147
507,425,132,151
503,424,130,152
500,422,132,150
501,422,131,151
496,420,134,151
493,419,135,153
492,422,135,152
490,424,135,154
489,424,136,154
495,427,130,152
497,431,132,152
496,433,133,152
495,435,132,152
496,436,131,150
494,436,132,150
493,433,132,152
491,434,131,151
484,436,132,152
484,436,132,152
481,438,130,152
477,437,133,151
477,436,134,150
477,437,133,151
476,435,134,153
466,439,140,152
471,438,134,152
474,440,132,151
468,443,135,151
469,442,133,153
464,446,134,153
464,446,133,153
466,443,130,152
465,444,130,151
466,444,129,150
462,446,132,149
459,448,133,149
463,447,129,148
461,446,131,149
460,446,131,148
461,445,128,148
460,445,127,148
461,440,130,147
464,440,129,147
463,440,129,147
464,442,128,148
463,445,128,147
464,445,126,146
467,443,125,145
467,443,126,145
473,444,120,142
478,441,116,143
480,441,111,143
490,440,99,138
492,440,97,138
505,444,86,127
512,448,82,111
502,449,94,97
434,367,164,169
435,367,163,167
438,355,165,167
441,343,168,164
441,336,168,146
452,317,155,164
451,316,156,165
437,309,167,167
430,306,169,166
420,296,173,155
408,284,177,151
408,286,178,148
394,273,180,157
388,250,177,167
383,221,175,175
376,161,178,178
376,161,178,177
369,134,180,178
364,114,180,177
364,99,179,177
366,87,180,176
366,87,179,175
370,77,183,176
383,66,185,176
398,58,181,173
409,52,178,173
409,52,177,172
429,40,176,171
436,37,174,172
437,31,173,171
439,19,171,171
439,19,174,171
442,3,176,171
447,1,177,159
454,1,177,145
458,1,175,133
458,1,175,133
459,1,176,118
458,1,177,114
459,1,177,107
461,1,178,102
461,1,178,102
462,1,177,100
462,1,177,97
460,1,178,97
461,1,178,97
461,1,178,97
464,1,178,97
469,1,179,98
474,1,179,97
479,1,179,95
479,1,178,95
480,1,178,95
480,1,179,95
485,1,179,96
490,1,177,97
490,1,177,97
487,1,179,101
488,1,178,104
488,1,177,107
487,1,177,108
487,1,178,108
487,1,178,109
486,1,178,110
485,1,177,110
484,1,178,107
485,1,177,106
486,1,179,106
492,1,179,107
489,1,179,111
490,1,178,110
491,1,177,109
492,1,178,111
492,1,177,115
490,1,177,117
491,1,177,119
491,1,177,119
493,1,176,118
494,1,176,120
494,1,176,125
491,1,177,129
491,1,176,128
491,1,175,129
496,1,174,129
496,1,175,129
489,1,176,132
489,1,176,132
487,1,176,131
488,1,176,129
484,1,176,133
482,1,175,136
481,1,176,137
483,1,175,137
484,1,174,138
484,1,174,138
484,1,174,139
484,1,174,139
483,1,175,142
484,1,174,143
486,1,173,144
487,1,171,146
486,1,173,146
486,1,172,147
487,1,171,150
490,1,171,150
490,1,172,150
491,1,170,150
488,1,172,154
483,1,173,157
484,1,174,157
492,1,173,152
492,1,173,152
495,1,172,150
499,1,175,144
507,1,173,140
508,1,173,140
508,1,173,139
501,1,175,140
494,1,177,141
490,1,177,141
496,1,180,135
497,1,179,135
503,1,179,133
509,1,179,130
515,1,182,126
524,1,182,124
523,1,183,124
531,1,183,124
539,1,182,123
546,1,180,124
550,1,181,126
550,1,181,126
559,1,183,125
567,1,183,123
571,1,184,124
575,1,184,125
575,1,184,125
581,1,183,126
585,1,183,128
586,1,184,132
592,1,185,135
592,1,186,136
604,1,183,141
607,1,184,144
613,1,185,144
618,1,185,145
619,1,183,146
619,1,184,147
620,1,184,146
624,1,184,145
624,1,185,146
624,1,185,147
625,1,186,146
626,1,185,152
625,1,186,155
626,1,188,156
626,1,187,156
631,1,186,157
634,1,186,157
637,1,186,155
641,1,186,158
641,1,185,158
641,1,186,161
645,1,186,166
647,1,186,166
644,1,186,171
644,1,186,171
644,1,187,171
648,1,187,171
648,1,186,175
643,1,187,179
643,1,188,179
644,1,185,181
646,7,185,184
651,11,186,184
653,19,185,184
654,19,183,183
654,28,183,181
656,30,186,184
662,35,185,183
665,42,183,183
666,42,182,182
664,50,183,182
662,55,183,182
659,65,182,180
653,69,184,180
650,69,183,181
644,73,182,179
644,74,180,179
641,74,181,179
636,74,182,180
636,74,182,180
632,76,182,180
632,75,182,180
634,75,181,179
633,76,181,180
633,76,181,180
630,79,182,181
628,82,182,181
626,85,182,181
626,89,182,181
626,89,182,181
622,94,184,182
618,100,182,181
619,103,183,181
620,107,183,181
621,108,181,179
620,112,180,179
619,116,179,180
617,122,182,179
618,124,183,177
619,123,182,178
622,125,180,176
619,127,181,180
621,133,181,176
627,137,180,177
627,137,180,178
623,143,180,178
626,144,180,178
632,144,179,176
632,146,179,177
632,145,179,177
631,147,178,178
634,148,177,176
634,148,180,178
630,154,179,179
629,154,180,179
628,159,181,176
627,159,180,178
626,162,181,180
626,169,180,178
625,167,181,181
625,175,181,180
625,181,180,180
625,191,179,178
625,204,176,176
625,205,176,175
631,224,174,173
639,234,172,172
644,241,174,172
647,247,176,171
649,247,174,170
654,252,172,171
658,256,173,170
662,260,172,170
665,264,172,171
664,264,174,170
673,279,172,171
679,287,171,168
680,297,171,169
682,311,170,167
682,310,171,168
689,319,170,167
692,326,170,168
691,337,170,167
694,344,170,167
692,344,171,167
694,348,171,170
688,362,171,171
685,368,172,170
679,375,174,170
677,375,174,170
673,378,173,173
672,385,172,170
668,384,173,172
666,386,173,173
667,386,173,173
667,386,172,171
663,382,172,172
660,380,172,170
657,377,170,169
655,377,172,169
646,378,174,167
640,379,170,168
629,383,172,169
619,391,171,166
621,391,169,167
609,395,171,168
594,403,169,166
587,407,168,167
584,413,166,165
584,412,166,167
582,411,166,168
576,418,168,169
573,426,166,166
569,426,166,167
570,427,165,167
565,432,165,168
561,438,166,168
552,444,166,166
552,444,167,166
552,443,166,166
548,444,168,170
548,447,168,168
550,450,167,166
552,452,166,167
551,452,167,167
552,458,165,166
554,460,165,164
560,464,163,164
558,469,163,164
559,469,162,164
558,472,164,163
563,474,161,163
563,478,162,163
562,481,162,161
562,482,162,161
565,480,160,160
572,479,158,159
577,472,162,160
591,464,156,156
591,464,156,156
586,470,155,157
580,479,157,160
580,482,156,158
581,482,157,156
581,482,157,156
582,480,157,158
577,486,158,159
572,492,159,159
571,498,157,158
571,498,156,157
564,506,160,164
557,523,159,161
548,535,159,162
545,546,156,160
545,547,156,159
552,553,155,158
561,555,154,156
568,556,152,155
565,562,153,158
564,563,154,156
563,563,153,156
561,558,153,157
555,556,154,157
552,549,154,157
552,549,154,157
547,544,154,156
546,546,152,155
547,538,151,153
548,535,151,151
548,534,151,153
550,526,150,152
548,523,152,153
552,524,154,151
565,519,151,149
564,519,151,149
572,515,148,148
578,517,147,148
585,517,144,147
585,520,143,147
584,520,145,147
573,529,148,146
569,527,147,147
571,520,147,148
572,524,147,148
570,524,149,149
567,524,146,148
562,525,148,147
556,526,146,149
542,527,149,152
542,528,149,149
541,530,148,149
551,519,146,148
554,514,145,146
551,513,147,147
551,513,147,148
549,507,147,149
548,507,147,149
548,516,147,149
555,519,146,148
555,520,146,147
555,523,145,147
556,524,145,147
557,525,146,147
557,529,146,148
557,530,146,147
558,534,146,147
560,535,145,145
556,540,144,147
556,544,144,148
556,545,145,148
559,550,145,148
558,552,146,150
552,554,146,148
547,550,145,147
546,550,146,148
538,549,146,148
530,547,146,148
523,549,146,148
522,547,145,147
523,548,145,147
521,542,146,149
522,543,145,147
523,539,145,148
522,534,146,147
522,534,147,146
524,528,147,148
528,524,145,149
524,531,147,148
522,534,147,150
521,533,148,151
519,539,148,151
514,549,148,149
514,548,149,151
519,547,148,150
518,548,149,149
523,546,147,150
527,543,147,148
528,536,147,149
525,538,148,151
526,539,146,150
524,540,147,150
524,538,146,149
520,535,148,151
518,537,148,152
519,538,147,151
521,539,147,150
523,534,147,150
524,530,148,151
526,529,147,151
526,529,148,151
525,528,149,152
522,528,149,153
520,528,150,153
521,528,149,151
521,528,149,151
523,528,148,150
521,527,149,151
521,528,148,151
523,529,148,149
522,528,149,150
528,525,147,149
527,525,148,150
526,527,148,149
528,526,148,150
528,527,148,149
526,528,149,150
525,528,149,149
527,528,148,149
525,530,149,149
528,531,147,149
523,532,148,152
522,533,149,151
518,534,150,151
518,535,150,151
518,535,150,150
518,536,149,150
516,535,149,153
515,536,149,151
514,536,150,151
514,536,150,151
515,534,150,151
514,533,150,151
515,531,150,151
515,531,150,152
515,531,149,153
514,531,150,154
515,533,148,152
514,534,150,153
512,535,151,152
512,535,151,153
510,536,152,154
512,535,153,154
514,535,152,151
515,533,150,152
515,533,150,153
514,535,150,152
513,533,151,152
513,534,151,152
515,534,150,151
516,533,150,154
518,535,149,152
519,536,149,152
518,537,149,152
517,536,150,152
517,535,150,153
521,535,149,152
521,534,150,152
519,533,150,155
519,535,150,149
521,534,148,152
520,532,149,152
521,534,149,151
521,534,148,152
520,536,148,153
519,536,150,154
516,541,150,153
512,545,152,154
512,550,152,154
513,551,152,152
513,551,152,152
512,552,152,154
513,552,151,153
513,554,152,153
513,555,151,152
512,554,153,153
513,552,151,154
514,551,152,152
515,548,151,154
515,548,151,154
515,547,151,155
510,547,152,153
508,539,150,152
505,533,150,153
503,531,152,153
504,532,150,152
504,525,149,150
501,520,148,150
489,507,151,149
478,490,148,147
478,490,148,147
476,481,146,148
474,483,145,147
474,484,145,145
474,477,147,145
475,477,145,145
476,472,145,144
481,469,144,143
484,460,143,142
486,455,141,142
485,454,143,143
486,448,141,143
484,444,142,143
484,438,141,140
484,423,141,141
483,424,141,141
482,418,140,140
481,417,140,141
478,413,141,139
478,402,142,140
480,403,139,140
478,391,140,138
481,387,138,138
481,380,138,137
482,368,140,136
482,368,140,136
484,363,140,138
487,359,139,137
487,352,139,136
490,348,137,136
490,348,138,136
489,345,136,134
487,339,136,135
486,336,136,134
485,334,136,135
484,334,137,135
482,331,137,134
481,330,136,134
477,331,136,136
478,331,135,135
478,331,135,136
471,336,136,137
466,343,136,135
458,345,137,136
449,348,139,137
449,348,139,137
440,353,140,136
435,353,139,137
434,353,138,136
432,356,137,137
429,355,140,138
425,359,138,139
423,361,139,137
426,367,137,136
426,374,136,137
425,374,137,137
424,377,137,136
426,380,138,137
429,384,138,138
431,389,139,139
431,389,139,139
433,396,139,139
