517,237,325,144
513,236,331,144
509,233,332,144
496,231,336,144
467,236,343,151
449,238,345,152
432,243,360,168
427,254,360,172
421,261,365,175
417,257,370,175
408,241,381,180
406,222,386,191
408,219,394,193
421,211,399,193
431,203,407,196
443,200,416,197
461,188,429,197
489,177,433,201
503,172,433,208
502,170,437,208
504,169,441,217
500,175,448,217
500,182,450,221
499,196,449,223
499,208,448,227
496,220,451,235
496,233,450,240
495,254,449,247
458,274,448,251
416,279,455,251
365,281,466,248
332,277,480,254
338,275,479,253
349,276,467,246
375,278,471,247
387,277,470,246
400,291,477,245
452,293,476,247
478,292,480,252
488,288,482,251
494,287,476,254
481,285,472,253
460,283,473,252
457,278,446,247
465,247,409,246
469,233,398,277
439,226,423,312
409,219,438,323
384,209,438,335
370,210,440,329
361,204,422,305
338,199,380,288
299,177,408,265
246,166,454,256
236,158,470,256
259,150,470,252
286,155,476,255
291,164,483,251
300,171,483,248
307,176,483,251
329,178,471,275
334,188,473,293
338,202,489,317
338,224,504,331
334,219,515,364
318,246,530,360
312,263,536,360
312,289,541,340
314,298,533,338
327,298,498,344
332,295,466,347
347,291,455,344
356,289,457,343
358,292,462,327
352,289,478,316
349,268,482,297
346,246,479,286
340,231,475,284
331,219,467,294
325,207,455,301
332,195,429,301
339,183,418,301
344,177,406,295
354,170,396,294
370,165,388,290
389,159,381,290
389,157,388,285
376,153,397,279
373,150,396,278
368,149,396,275
371,148,382,274
377,149,388,273
380,150,391,273
386,153,391,271
388,154,387,270
390,152,376,274
398,157,357,274
405,166,345,274
399,178,343,275
388,191,351,270
389,196,355,250
395,176,354,249
405,174,352,250
430,172,351,249
468,171,352,248
493,170,351,247
496,170,350,246
502,165,349,248
505,163,349,252
505,167,350,260
503,169,355,281
498,178,361,288
493,175,364,302
498,166,353,313
484,158,347,302
461,154,369,300
449,161,382,297
433,174,395,279
427,180,404,269
408,183,416,270
403,177,395,269
382,149,386,277
383,130,386,296
383,136,386,300
404,132,384,301
412,125,387,284
375,118,408,270
346,116,418,268
328,115,421,263
318,106,427,262
296,107,427,272
274,103,419,281
251,109,430,288
233,125,446,287
233,125,445,289
217,129,448,288
224,122,424,295
231,127,415,294
245,130,406,294
274,129,390,288
301,133,380,287
311,135,390,272
325,137,397,265
334,140,406,270
348,142,406,272
370,149,413,275
390,164,421,282
408,178,425,279
430,185,422,282
445,191,422,284
456,196,421,287
469,201,418,292
482,206,417,297
486,211,417,300
491,215,414,303
494,218,410,304
493,215,412,299
490,212,412,299
478,212,418,298
469,208,423,297
463,204,422,296
451,198,421,297
444,192,420,296
434,182,426,295
423,176,432,295
407,176,439,299
393,177,446,298
381,173,453,297
371,167,459,297
370,158,459,297
372,147,461,297
372,139,466,297
374,125,466,295
375,105,466,294
378,84,466,300
393,67,466,306
409,61,465,305
415,46,464,310
421,39,469,309
426,33,468,311
439,32,465,311
440,28,465,316
446,29,465,316
450,31,474,318
449,34,479,317
447,38,479,321
444,45,490,329
447,55,490,333
450,70,490,340
449,69,493,340
452,86,494,332
456,94,494,332
484,95,468,337
521,90,425,347
500,90,423,346
462,107,437,323
447,108,426,323
414,102,439,327
371,94,466,330
344,89,470,332
325,77,472,339
317,62,465,338
319,48,446,337
317,40,437,332
321,29,423,331
325,11,419,341
338,3,409,340
346,1,409,334
362,1,400,333
369,3,410,332
394,1,410,332
414,3,409,331
437,4,409,331
453,4,413,320
466,1,413,320
467,1,428,295
476,1,433,280
490,1,441,276
520,1,448,266
533,1,458,258
510,1,490,243
545,1,449,230
535,1,449,230
513,1,430,214
480,1,443,182
445,1,452,144
406,1,463,106
371,1,473,82
345,1,474,82
342,1,474,82
342,1,454,81
327,1,449,101
314,1,441,127
315,1,442,153
331,1,455,184
339,1,461,217
359,1,460,244
386,1,463,229
417,1,465,308
437,2,465,352
441,2,471,376
445,1,470,396
447,1,465,406
450,1,456,417
449,1,456,420
454,8,456,415
432,22,472,379
415,35,482,343
416,39,479,332
425,45,467,341
416,55,489,348
408,72,524,348
421,73,510,338
414,71,511,339
407,85,499,338
409,96,464,345
397,109,449,350
386,120,440,349
389,126,420,353
398,140,405,340
407,154,391,328
398,167,398,324
396,176,396,323
399,189,394,311
396,192,392,304
399,194,374,279
396,198,372,278
398,196,371,282
406,195,356,281
403,192,354,274
407,191,332,266
421,189,331,245
428,187,320,237
431,181,311,231
435,173,309,227
442,165,308,226
458,157,302,225
469,150,302,222
476,142,301,221
493,135,300,219
496,131,300,218
494,122,299,215
513,121,295,213
530,120,294,207
539,123,270,226
557,135,268,233
545,153,266,231
517,153,278,227
512,163,279,212
525,170,280,216
528,169,254,226
523,172,254,226
532,176,257,215
539,176,261,207
545,177,271,208
544,172,296,219
548,163,299,234
548,161,301,239
542,159,295,222
541,159,295,222
521,156,303,208
496,152,325,222
495,151,321,230
481,154,320,236
447,150,320,246
421,163,320,251
417,184,320,251
431,211,309,250
436,234,300,247
418,235,281,228
413,235,295,235
431,241,271,254
438,256,299,257
426,262,324,243
428,250,348,224
439,227,331,220
450,216,331,218
466,215,332,218
475,212,328,215
481,193,328,218
500,170,332,238
514,161,334,250
508,157,339,266
510,160,339,281
510,157,335,288
511,159,334,287
522,152,336,291
524,160,329,280
522,168,324,270
515,174,321,253
490,179,323,236
489,190,319,224
485,193,320,231
476,192,322,240
465,194,323,234
439,190,332,226
426,183,336,238
416,170,336,249
407,163,336,260
396,155,337,268
385,149,341,268
375,143,339,269
363,139,341,277
362,137,342,282
366,128,346,285
374,111,346,297
390,98,342,297
393,90,342,293
396,93,341,288
401,85,345,296
394,77,346,300
376,59,356,304
373,46,358,305
372,45,359,310
373,44,360,305
373,41,358,306
366,38,360,298
364,47,361,288
363,48,355,288
360,46,352,288
353,47,351,291
356,51,360,298
356,62,360,298
357,72,363,300
368,73,355,299
388,72,346,299
405,74,343,296
415,75,342,295
421,71,340,294
425,67,345,294
420,72,353,273
414,74,363,279
394,70,378,293
374,73,390,293
363,84,387,283
359,83,389,282
356,83,391,269
361,89,383,252
368,88,372,248
381,84,371,237
393,86,364,230
396,85,361,230
398,83,358,230
398,74,354,227
399,66,351,225
401,56,352,240
394,49,355,249
377,43,359,258
369,40,367,262
364,35,375,264
360,26,383,254
359,12,391,254
362,1,394,255
352,1,396,256
360,1,401,257
373,1,400,243
390,1,399,206
413,1,390,164
420,1,400,135
432,2,405,135
439,1,409,147
427,1,419,133
424,1,426,133
423,1,425,132
669,2,181,131
680,2,172,129
685,2,168,127
700,1,151,126
700,1,151,132
712,1,132,140
729,1,118,149
422,1,426,136
434,1,419,61
445,2,422,76
459,1,382,96
481,1,386,186
501,1,385,245
524,1,387,260
542,1,377,264
559,2,356,258
552,1,342,249
554,1,327,246
553,1,323,241
540,1,322,236
531,1,315,235
520,1,314,234
511,1,304,238
500,19,303,246
499,54,293,237
500,81,288,251
499,126,287,261
514,159,315,273
529,201,322,274
565,238,315,271
577,249,323,283
583,264,335,284
590,266,346,284
595,261,356,289
602,272,364,270
601,285,356,272
578,281,354,277
568,259,347,292
560,249,333,293
527,235,340,295
507,228,343,295
498,233,353,283
490,230,358,287
484,239,365,287
482,252,369,286
480,268,375,268
496,283,382,268
505,296,385,252
512,302,384,251
518,310,384,234
520,309,390,226
535,300,399,223
556,295,402,218
572,295,406,213
584,293,410,211
588,284,416,204
594,278,417,204
593,272,425,207
593,271,426,202
593,270,425,201
579,270,432,198
578,268,428,196
574,264,429,196
572,262,431,197
576,253,434,208
581,238,436,220
588,232,437,233
582,235,437,237
562,237,446,243
553,236,461,243
556,232,471,259
563,238,471,266
553,237,480,281
542,240,484,294
541,252,488,299
542,261,489,302
537,270,490,305
524,279,498,310
514,287,511,313
515,294,519,318
509,302,519,318
491,308,533,326
484,312,539,337
468,324,548,337
442,328,555,332
427,317,568,332
427,308,568,328
413,294,569,319
383,275,584,323
374,258,585,323
382,246,587,324
388,239,590,328
390,231,599,328
390,220,601,329
383,206,609,329
374,194,616,329
367,188,630,336
366,186,636,339
363,186,636,339
348,183,647,348
356,198,647,348
357,206,647,265
352,205,653,327
352,203,653,339
340,203,653,329
330,195,648,317
327,174,642,316
347,157,630,299
365,138,612,279
370,110,605,278
374,80,604,268
391,61,596,261
397,46,592,252
396,28,594,258
396,27,594,258
394,18,605,258
391,13,617,259
395,12,623,263
392,20,623,264
386,27,640,265
405,36,651,266
427,58,665,269
455,86,668,221
465,102,679,220
490,121,694,208
574,94,667,303
613,102,626,320
597,55,614,391
570,30,606,429
575,23,562,423
586,17,501,403
538,1,497,415
492,1,497,406
465,1,490,399
450,1,507,391
436,1,518,391
428,1,505,373
419,1,504,357
405,1,525,347
409,1,515,329
411,1,514,302
415,1,504,273
427,2,484,315
414,1,498,314
411,1,497,320
420,1,474,319
426,1,454,332
415,1,443,340
422,2,428,358
420,16,417,357
418,31,417,357
430,61,411,349
436,82,410,348
446,113,398,330
440,130,396,325
433,142,400,321
435,167,398,304
425,181,412,302
426,189,416,293
411,210,430,271
403,185,429,296
393,176,427,292
382,157,425,288
366,138,426,280
350,121,425,276
338,115,438,270
340,106,438,278
335,101,436,277
335,100,436,277
331,94,425,277
332,90,424,276
335,86,423,275
338,85,423,275
336,83,447,282
351,81,446,281
355,78,446,281
362,75,446,281
356,73,445,280
356,71,445,280
367,68,420,277
372,74,402,277
378,73,402,287
380,93,409,269
380,98,417,269
377,102,421,282
372,107,427,292
370,117,433,269
365,117,432,268
365,96,432,309
360,96,439,308
359,98,444,308
357,98,444,308
352,97,449,308
345,95,458,314
330,93,474,316
320,90,485,316
310,85,497,316
302,83,508,316
293,81,517,315
293,79,517,315
284,75,521,319
277,72,526,319
267,69,526,319
254,67,526,323
242,66,528,322
234,66,519,321
224,70,512,317
220,74,496,309
221,71,495,308
209,70,502,311
196,67,513,316
186,65,512,321
191,62,513,326
193,55,523,332
200,49,519,332
214,43,502,331
237,38,477,330
245,32,465,329
254,35,467,318
268,35,466,309
282,32,465,304
293,26,464,303
313,17,460,312
313,17,459,311
329,14,458,310
342,10,460,315
360,2,454,322
370,1,453,324
379,1,453,324
386,1,453,324
401,1,453,308
403,1,454,290
410,1,454,290
389,1,470,285
363,1,485,277
343,1,493,277
338,1,481,276
340,1,469,275
341,1,437,281
326,1,454,281
299,1,475,282
266,1,498,287
237,1,512,289
217,1,500,294
202,1,500,308
189,1,508,318
185,2,511,321
191,1,512,325
205,1,506,328
219,1,494,325
233,1,487,319
252,1,477,314
279,1,460,306
299,1,451,296
313,1,444,289
317,1,452,286
326,1,465,273
343,1,476,262
355,1,478,257
364,1,484,246
375,1,483,237
405,1,466,237
423,1,466,237
441,1,467,234
457,1,466,225
476,1,466,225
502,1,465,234
521,1,465,234
534,1,465,219
522,1,484,193
508,1,503,175
497,1,511,162
561,1,443,154
568,1,445,154
568,1,414,148
565,1,429,151
577,1,430,151
589,1,431,155
588,1,431,155
605,1,428,161
616,1,426,160
636,1,420,173
644,1,421,176
654,1,422,177
660,1,418,189
664,1,417,184
675,1,408,184
678,1,409,184
697,1,404,187
708,1,404,187
713,1,406,184
714,1,410,181
710,1,413,176
701,1,418,174
677,1,433,160
640,1,456,146
608,1,468,130
573,1,478,131
540,1,493,140
523,1,511,155
519,1,507,178
519,1,509,202
553,1,500,236
530,1,569,244
511,1,611,261
491,1,641,282
502,1,624,300
546,1,575,317
590,1,529,331
630,1,489,336
631,1,483,328
629,1,480,318
632,1,473,308
641,1,467,297
615,1,489,285
593,1,510,287
589,1,509,292
579,1,507,283
576,1,491,238
556,9,481,240
551,4,465,257
534,6,444,261
520,8,443,260
519,14,434,251
511,18,440,247
503,25,437,247
502,39,434,276
494,55,429,277
485,73,425,286
475,89,412,290
467,105,411,289
459,123,398,296
453,137,389,306
453,137,388,305
451,155,386,313
461,172,370,318
460,187,370,315
459,198,367,312
458,208,364,309
456,214,368,311
456,219,367,303
451,220,370,300
452,216,365,296
457,210,360,292
466,209,357,289
476,214,342,283
460,212,351,284
476,207,355,292
529,211,356,295
529,212,365,295
533,188,374,306
534,185,392,303
528,199,419,304
513,207,432,287
474,201,444,299
452,192,456,327
440,189,482,349
429,180,500,378
414,182,522,369
407,179,526,368
392,161,502,342
346,135,507,334
318,109,518,332
301,98,524,322
291,105,527,330
295,130,506,337
291,133,505,330
289,124,506,319
279,111,511,322
273,94,512,341
272,83,502,354
269,89,489,364
266,105,487,354
271,110,496,343
285,113,502,342
311,111,503,339
320,110,504,340
333,111,501,341
339,118,500,332
345,119,496,328
349,126,494,320
352,126,487,316
354,128,480,298
354,128,480,300
353,126,477,307
351,133,475,306
346,134,480,314
346,134,477,313
337,141,478,318
332,147,479,320
335,154,479,324
338,160,476,322
337,162,473,320
339,160,478,322
343,157,477,321
343,154,476,320
342,151,480,318
341,148,483,316
340,147,485,318
338,146,485,316
335,145,483,318
328,145,487,333
321,146,490,337
315,148,489,343
302,152,494,349
292,157,495,354
287,167,494,353
285,176,496,352
293,187,494,355
306,199,486,353
324,212,482,352
345,225,483,358
362,241,482,361
378,258,480,360
397,273,479,367
415,285,478,366
423,294,479,373
424,299,478,380
425,299,470,374
437,298,455,371
457,296,433,365
465,283,432,364
476,272,431,363
484,266,420,309
501,267,390,313
506,274,387,305
494,278,391,286
476,286,408,286
461,289,431,289
462,291,431,295
465,293,430,307
466,306,430,307
467,316,422,308
469,326,435,324
490,326,441,330
498,323,448,346
488,334,460,367
480,344,477,375
474,349,493,371
469,353,510,367
462,348,523,371
448,329,536,382
447,329,535,381
427,322,555,368
404,316,561,367
385,302,570,366
369,281,580,378
346,268,603,378
333,243,615,385
335,234,617,386
346,221,595,386
395,209,517,373
391,194,518,393
399,190,523,406
389,182,540,419
386,174,557,406
386,154,577,408
366,134,631,440
345,116,689,461
344,109,727,462
357,101,743,472
364,105,763,465
369,117,797,467
383,133,810,445
394,147,835,427
413,158,842,438
445,158,826,461
463,169,810,472
480,177,796,487
478,175,801,508
475,167,804,516
468,149,811,518
444,119,835,513
414,106,865,534
380,102,868,550
338,112,856,551
302,114,846,563
272,111,837,577
242,111,838,578
211,123,839,551
159,137,862,570
136,149,863,568
116,151,870,567
92,150,878,552
74,150,874,524
79,142,869,503
94,130,846,480
115,117,809,474
141,98,729,481
150,74,728,480
154,46,724,469
160,20,728,447
161,1,739,435
160,1,750,428
149,1,759,428
148,1,758,432
156,1,723,435
156,1,722,434
147,1,709,443
137,15,701,441
131,30,695,448
127,52,698,436
125,78,692,418
140,103,686,410
142,109,681,408
160,112,663,404
189,108,642,402
216,104,625,399
235,100,612,389
260,99,592,385
283,98,575,383
297,100,569,372
311,95,566,367
329,86,560,357
345,71,555,353
361,59,550,351
367,49,547,347
370,42,542,344
373,31,535,343
369,25,527,341
365,16,514,341
358,6,498,342
350,1,484,340
347,1,469,337
339,1,455,335
337,1,440,333
331,1,437,327
323,1,441,325
312,1,446,308
296,1,458,306
277,2,473,305
266,1,482,322
240,17,509,321
232,46,526,299
232,63,528,298
241,82,531,296
262,99,519,298
285,114,510,297
311,133,491,294
341,145,476,284
362,147,474,283
385,147,467,277
402,144,463,276
419,139,461,275
432,135,460,278
428,132,453,283
433,132,444,281
434,129,441,281
439,128,431,280
444,129,425,283
450,129,416,281
453,128,408,285
453,128,407,284
455,128,404,285
455,129,401,285
458,130,403,283
455,130,406,280
447,131,410,278
433,133,418,277
410,139,437,274
396,146,449,276
381,151,465,280
376,155,472,282
368,157,483,285
355,159,499,289
349,160,510,292
348,161,516,291
351,160,521,290
347,158,528,291
345,156,532,294
353,156,534,292
356,154,533,297
356,152,531,299
361,152,529,298
361,153,528,301
364,155,518,301
366,157,512,298
366,158,509,296
364,153,506,301
366,151,496,299
367,149,484,298
364,148,476,296
367,142,463,299
367,141,462,301
366,140,468,300
367,140,471,298
366,140,470,303
367,136,473,311
366,139,474,313
368,143,473,312
367,151,477,315
365,155,480,314
365,159,483,319
366,162,487,318
374,165,486,317
385,165,489,322
394,166,490,318
404,166,491,317
413,162,489,322
419,160,491,320
424,157,491,324
431,154,490,323
436,150,488,321
440,145,492,319
442,140,490,321
443,135,487,319
443,135,486,318
443,131,484,317
441,127,483,316
434,125,483,314
427,120,481,317
418,116,481,317
410,114,480,316
403,113,479,322
391,113,477,323
372,117,486,321
359,115,491,316
347,114,504,316
334,115,515,315
322,114,527,314
315,116,534,313
307,116,541,311
303,117,542,306
303,118,543,305
298,122,542,304
297,124,540,303
298,124,542,301
299,124,540,299
303,123,539,304
303,124,541,301
303,124,540,299
309,123,537,302
309,121,535,300
310,116,534,303
311,114,532,301
316,112,525,300
315,109,523,299
320,107,516,298
319,106,511,297
327,100,495,302
326,99,494,301
327,99,483,300
330,99,477,298
335,99,456,300
336,99,442,299
332,101,440,301
328,103,443,298
