588,203,356,108
594,204,362,107
600,206,361,106
600,207,360,105
595,208,366,114
594,210,365,113
594,210,367,112
594,210,369,111
594,211,368,110
594,213,368,109
596,214,368,108
596,215,366,107
594,215,372,109
594,215,372,109
594,215,372,109
594,216,370,108
593,218,372,107
593,218,372,106
592,221,371,105
592,222,373,105
592,222,373,104
591,222,372,103
587,218,380,104
587,211,379,103
585,200,379,103
585,189,380,101
586,183,380,109
585,169,381,109
591,159,382,109
596,148,385,109
599,142,384,108
602,140,382,109
601,138,382,109
602,144,381,108
607,145,379,107
607,140,377,106
605,134,379,114
604,138,376,113
603,140,377,112
603,139,378,111
602,146,379,111
601,147,377,110
600,147,375,109
600,150,377,108
601,151,374,107
603,150,371,109
602,151,369,108
601,153,371,107
600,154,372,106
599,157,372,105
598,157,371,104
597,158,369,103
595,166,372,103
594,169,373,110
593,173,377,110
590,179,380,113
587,182,387,116
586,181,391,116
584,181,397,116
584,179,401,116
583,180,401,116
582,179,407,116
581,180,411,116
579,180,417,116
578,176,421,116
577,177,423,120
576,176,424,120
575,174,435,129
573,174,435,129
567,167,434,128
558,150,435,127
546,132,434,126
542,128,433,125
541,127,435,126
538,126,436,126
536,126,436,125
535,127,437,125
533,128,436,124
531,132,436,132
530,130,440,132
528,128,444,132
526,124,447,132
524,121,454,132
523,120,457,132
522,121,459,131
511,118,471,140
510,116,477,140
510,113,480,140
509,111,484,140
509,110,484,140
508,108,490,140
506,107,494,140
506,105,498,140
505,103,502,140
493,103,518,155
492,110,518,155
490,121,518,155
489,131,517,154
487,132,517,154
485,133,521,154
484,135,520,153
482,136,519,152
481,146,517,151
479,154,517,151
478,162,516,150
476,177,519,153
474,185,519,153
473,187,519,153
472,191,518,152
471,196,518,152
470,200,520,152
468,201,519,151
466,202,519,151
465,208,520,150
464,216,519,152
463,216,518,151
463,216,520,150
462,218,520,150
460,220,521,150
459,226,519,149
458,231,518,148
457,231,517,147
455,233,521,155
454,235,520,154
453,238,519,153
454,243,519,153
453,247,518,152
454,247,517,151
453,245,517,150
451,248,519,155
451,252,518,154
450,251,518,154
449,251,518,154
448,252,517,153
446,255,519,157
446,255,518,156
446,255,517,155
450,256,516,154
449,256,515,153
449,253,514,152
448,250,514,157
448,250,516,158
447,250,516,158
447,252,516,158
448,250,516,158
447,251,516,158
447,252,515,157
447,253,514,156
450,257,512,158
449,258,512,158
449,259,511,157
446,258,518,159
445,260,518,159
444,260,518,159
444,261,515,158
447,263,518,160
445,264,519,160
446,266,513,158
444,266,514,158
444,268,512,157
443,268,516,157
443,268,517,156
443,271,516,155
443,272,513,165
443,273,511,164
443,273,519,163
442,273,518,162
441,273,519,162
441,275,518,160
440,275,518,160
439,275,518,160
438,275,518,160
442,276,516,159
441,279,516,159
440,279,516,159
439,279,514,158
438,279,513,157
440,282,512,156
439,282,513,156
438,281,515,156
437,281,515,156
437,280,514,155
436,280,513,164
435,280,513,165
434,279,513,165
437,283,513,165
436,283,513,165
435,283,513,165
436,284,513,165
436,284,513,165
437,284,513,165
437,283,513,165
436,283,513,165
436,283,512,164
435,288,511,161
434,288,513,161
433,287,515,161
432,287,515,161
431,287,515,161
433,287,515,161
434,287,514,160
433,290,514,160
432,290,514,160
434,292,513,159
434,292,515,159
433,292,515,159
432,293,516,159
432,293,516,159
432,293,515,158
435,295,514,157
435,295,514,157
434,294,515,157
436,294,515,157
435,295,515,157
436,294,515,157
435,293,515,157
437,295,515,157
437,294,515,157
436,294,515,157
436,293,517,157
435,292,517,157
435,291,516,156
436,291,516,156
436,295,516,156
435,296,516,156
434,295,518,156
433,295,518,156
433,294,518,156
434,296,519,156
434,296,518,155
436,295,518,155
436,294,517,154
437,296,517,154
437,296,517,154
437,296,517,154
439,296,519,154
439,296,519,154
439,296,518,153
438,296,520,153
439,295,519,152
439,297,521,151
442,300,520,150
442,299,519,149
442,298,518,148
441,299,519,147
441,299,518,146
441,298,520,146
441,297,519,145
448,297,515,149
448,296,514,148
447,295,515,148
447,298,514,147
449,298,514,147
451,297,513,146
451,298,513,150
451,298,513,152
450,297,513,155
450,297,512,154
450,297,516,153
450,299,515,152
450,299,514,151
452,301,513,150
451,301,513,150
453,301,514,149
453,301,514,149
456,303,513,148
456,303,512,147
455,303,514,147
455,305,515,152
455,304,515,152
454,304,517,152
453,304,517,152
456,305,517,152
455,305,517,152
454,305,516,152
455,304,517,152
454,304,516,152
453,305,516,152
456,305,515,151
456,305,515,151
455,305,514,150
456,306,514,150
455,306,514,150
458,306,513,149
459,306,512,148
459,307,511,147
459,307,510,146
462,306,510,146
463,306,512,152
462,305,514,152
462,304,514,152
462,303,513,151
461,303,514,151
461,293,514,151
461,285,513,154
459,279,513,154
458,273,516,153
456,272,517,153
454,275,518,153
453,276,516,152
456,273,514,156
456,272,514,156
456,269,514,156
455,269,514,156
454,269,517,156
454,275,516,155
453,275,517,154
452,274,516,153
451,274,518,156
455,271,516,156
453,269,516,156
451,270,516,156
452,268,516,156
450,268,516,156
448,265,516,155
447,268,517,155
445,273,520,154
450,276,514,153
451,275,514,153
449,274,513,152
447,276,514,152
447,275,514,152
448,278,517,149
446,279,517,149
446,279,517,149
443,279,518,149
440,280,519,149
439,281,519,149
437,282,518,148
436,286,518,145
437,295,518,145
438,298,517,142
435,298,517,142
434,298,520,144
433,298,519,143
431,297,519,146
429,297,525,145
424,296,525,145
409,297,526,145
401,297,526,145
400,282,525,144
397,276,529,143
390,265,529,143
383,249,528,142
378,234,527,141
379,234,533,140
373,230,533,140
369,196,532,139
385,179,535,143
372,182,542,139
363,200,542,137
355,201,544,140
336,184,545,138
328,185,544,137
323,199,545,139
323,198,549,141
331,184,551,141
344,193,550,145
337,224,564,145
397,276,565,145
380,274,565,144
332,271,566,143
284,286,568,139
254,287,568,139
225,290,567,138
209,293,565,137
201,296,570,147
201,296,572,144
200,296,573,143
180,300,575,144
168,301,575,143
164,306,560,153
163,308,557,154
172,310,517,153
185,311,493,152
191,310,465,151
196,305,448,148
200,293,429,146
208,289,400,149
198,316,373,148
214,313,574,159
217,297,582,164
224,292,576,168
234,292,574,166
234,292,578,164
233,296,557,163
241,297,520,161
245,300,475,154
242,295,560,153
230,283,559,147
431,283,342,139
387,287,374,140
340,285,401,129
291,279,433,144
242,277,456,145
194,276,480,146
150,270,502,153
121,266,514,147
103,268,516,146
209,262,397,146
163,253,430,144
119,250,466,144
75,252,495,152
48,255,508,151
38,263,502,148
22,280,472,139
11,294,444,133
1,312,418,128
1,330,445,123
1,309,424,128
23,293,421,142
142,304,246,131
64,318,324,108
1,293,434,140
1,295,417,154
63,333,291,148
1,373,339,133
1,363,311,143
1,364,291,142
1,360,300,129
1,362,300,136
1,366,282,148
1,367,233,151
1,389,178,134
1,412,121,123
1,441,52,30
1,426,49,28
1,426,49,28
148,509,89,46
1,474,96,109
161,491,158,69
222,503,167,73
30,426,348,124
1,437,284,124
190,420,179,126
1,421,391,139
1,423,388,136
9,414,369,137
1,415,374,134
1,402,368,137
1,392,390,136
40,387,421,135
1,382,461,134
1,372,488,133
1,360,497,135
1,355,502,134
1,343,503,135
1,334,523,136
1,329,523,149
1,323,515,148
1,311,498,146
1,299,492,144
1,275,454,145
1,255,540,139
1,232,419,138
1,214,494,134
1,218,373,129
1,231,341,132
1,246,446,124
1,254,430,113
1,261,427,130
1,265,417,129
1,267,395,114
1,271,394,132
1,271,405,150
1,274,436,147
3,283,468,129
1,291,490,143
1,292,508,132
1,296,550,119
17,294,560,123
31,301,565,124
47,326,563,111
83,349,578,114
114,361,581,132
175,351,547,142
190,346,561,145
401,355,376,148
404,381,397,143
394,417,414,143
379,432,430,150
366,451,449,155
356,450,463,155
356,442,479,164
362,432,496,169
366,431,506,174
373,432,518,180
380,432,524,180
388,435,535,179
394,437,545,175
389,437,552,182
370,438,560,182
363,440,567,183
348,443,577,180
335,443,583,184
327,441,586,184
323,441,589,188
314,443,592,188
307,443,596,191
303,443,598,194
299,446,601,194
296,450,603,194
318,450,587,196
318,452,587,196
316,456,589,196
288,460,610,197
255,468,618,199
229,473,620,198
203,477,624,199
204,478,606,198
198,475,608,198
197,467,610,198
196,442,612,198
195,410,613,198
194,397,616,199
196,390,621,199
196,386,626,200
201,384,628,200
212,375,633,198
239,358,632,196
254,354,632,194
269,352,629,194
288,338,633,206
305,320,636,206
323,306,639,207
326,300,643,208
337,297,627,201
326,287,633,202
317,279,636,203
315,277,643,204
318,273,637,205
314,267,638,205
328,260,640,205
339,251,643,214
348,249,645,214
358,252,642,216
356,257,643,216
354,262,645,216
352,267,644,215
347,267,646,215
345,270,647,213
341,271,646,212
334,271,646,212
330,271,646,217
334,272,645,215
336,272,644,214
339,272,642,213
341,272,646,214
338,269,648,217
337,271,647,218
337,271,647,218
341,273,646,215
348,274,645,214
353,274,650,217
356,274,648,216
361,275,647,215
365,276,645,219
367,278,643,218
373,281,644,218
376,284,644,218
380,286,643,217
384,287,642,216
386,288,647,220
386,294,646,219
384,295,645,218
381,294,647,217
376,300,646,218
370,303,645,217
367,300,644,216
365,302,644,216
364,304,642,215
367,298,640,214
366,291,639,213
364,284,643,213
363,278,642,212
362,262,642,212
361,250,642,212
360,242,641,211
363,238,641,211
363,234,640,210
366,234,640,210
361,236,654,211
359,234,657,212
357,233,659,212
355,234,668,213
350,232,676,213
348,232,679,214
346,231,692,215
339,229,701,223
336,228,709,223
334,227,714,223
332,225,717,223
320,224,740,232
318,223,743,233
314,220,750,237
312,219,759,241
310,217,763,242
307,214,766,243
296,212,787,249
293,210,792,250
290,207,807,259
288,206,809,259
276,209,830,259
272,206,834,260
269,204,837,261
265,202,852,266
255,200,861,269
254,198,869,270
250,196,875,271
247,195,881,278
241,194,894,281
231,191,907,284
227,190,917,287
225,189,919,287
214,186,940,292
212,184,945,294
209,183,947,294
196,181,970,299
188,178,986,305
180,176,1000,305
176,175,1009,305
171,174,1017,314
160,169,1033,315
156,167,1041,315
151,165,1051,321
146,162,1055,322
132,161,1078,326
128,159,1084,329
125,158,1092,329
122,157,1091,329
119,157,1092,329
109,157,1093,329
99,157,1093,329
90,156,1089,329
80,155,1090,332
72,154,1091,332
57,154,1092,332
43,153,1092,332
29,160,1093,332
21,159,1095,332
10,161,1096,330
1,160,1092,330
1,159,1090,330
1,158,1084,330
1,161,1082,328
2,160,1083,328
1,159,1084,328
1,159,1086,328
1,158,1087,328
1,158,1088,328
2,158,1088,328
1,161,1089,327
1,160,1090,327
3,159,1091,327
3,158,1092,327
2,162,1091,327
8,161,1092,327
10,161,1090,326
7,160,1091,328
4,159,1093,328
1,158,1095,328
1,161,1096,328
1,161,1097,328
1,161,1098,328
1,161,1099,328
1,161,1089,328
1,164,1091,331
1,164,1092,331
1,164,1094,331
1,163,1081,331
1,162,1083,331
1,162,1084,331
1,168,1077,328
1,168,1078,328
1,168,1075,328
1,168,1076,328
1,168,1077,328
1,169,1077,328
1,168,1078,328
1,171,1073,328
1,171,1074,328
1,170,1075,328
1,169,1076,328
1,172,1071,327
4,172,1072,327
16,174,1073,327
35,173,1075,327
55,174,1076,336
68,191,1079,335
77,203,1082,335
96,204,1077,333
100,210,1078,333
104,218,1079,333
121,221,1068,334
125,220,1069,334
123,229,1073,334
125,240,1075,338
123,243,1077,338
117,243,1078,338
109,239,1080,338
102,236,1083,338
96,242,1084,338
93,241,1086,338
93,240,1076,338
96,250,1074,335
95,257,1074,334
97,260,1072,334
97,259,1074,334
96,265,1076,334
93,272,1078,334
92,269,1080,334
98,263,1072,334
94,261,1074,334
95,262,1073,332
93,256,1073,332
91,249,1075,332
90,249,1070,332
91,252,1071,332
88,247,1073,332
84,244,1076,333
83,245,1077,333
88,238,1072,333
84,233,1074,333
82,240,1077,334
80,239,1080,334
81,241,1078,331
82,245,1070,327
84,245,1071,327
82,247,1071,327
80,246,1073,327
78,245,1074,327
80,244,1072,327
78,248,1073,327
79,248,1073,327
77,247,1075,327
75,247,1077,327
81,250,1070,327
78,249,1073,328
76,248,1076,328
74,247,1078,328
75,249,1080,328
73,249,1077,326
71,248,1079,326
69,247,1081,326
74,246,1075,326
72,248,1077,326
69,247,1079,326
71,248,1074,326
71,248,1075,326
69,247,1077,326
67,246,1078,326
68,247,1077,326
71,247,1075,326
69,246,1072,326
67,246,1074,326
65,245,1076,326
64,247,1076,326
62,246,1077,323
60,245,1079,323
62,246,1081,322
60,248,1078,322
57,247,1080,322
62,248,1074,319
60,247,1076,319
58,246,1078,319
56,245,1075,319
59,244,1071,319
57,243,1073,319
54,242,1076,319
55,246,1070,315
53,244,1072,315
49,242,1076,316
47,244,1079,317
49,243,1072,317
48,241,1074,317
45,244,1076,313
43,243,1077,313
47,242,1070,313
44,240,1073,313
41,242,1076,314
45,241,1073,314
43,240,1075,314
41,239,1077,314
38,237,1080,314
36,236,1082,314
39,235,1071,317
38,237,1073,317
36,236,1075,317
34,235,1077,317
38,234,1072,318
38,236,1071,315
36,235,1073,315
33,233,1076,316
34,234,1073,316
32,233,1075,316
33,232,1074,315
30,231,1076,315
33,234,1073,317
31,233,1075,317
33,231,1072,317
31,230,1074,317
28,228,1077,318
30,230,1072,315
27,228,1075,315
28,226,1073,315
28,227,1072,314
25,226,1075,314
23,224,1078,315
28,226,1073,315
27,225,1071,315
27,225,1070,315
25,224,1072,315
23,223,1074,315
25,227,1072,315
24,226,1074,315
26,222,1070,318
25,219,1072,318
25,221,1074,320
24,218,1076,320
25,217,1073,324
24,216,1074,324
27,215,1071,329
25,214,1072,329
28,219,1069,328
27,224,1071,328
25,233,1070,328
22,236,1071,328
21,235,1072,328
19,234,1074,328
23,236,1069,325
22,235,1070,325
20,233,1072,325
18,232,1073,325
16,239,1076,325
14,239,1078,325
18,238,1072,322
17,236,1073,322
16,235,1074,322
14,234,1076,322
12,233,1079,322
19,236,1071,323
18,235,1073,323
16,233,1075,323
14,232,1074,323
12,231,1076,327
13,232,1075,328
14,234,1071,324
12,233,1073,324
9,232,1075,324
7,231,1077,324
11,235,1072,321
9,234,1074,321
7,229,1076,321
9,221,1073,323
8,218,1072,323
8,217,1072,326
6,216,1074,326
4,215,1077,326
2,214,1078,326
6,219,1072,322
4,217,1074,322
2,216,1075,322
6,217,1069,320
5,216,1070,320
3,215,1071,320
2,214,1074,320
4,216,1073,320
2,216,1073,320
1,215,1074,320
1,214,1075,320
2,216,1076,322
1,216,1072,322
1,215,1075,322
1,214,1076,322
1,211,1077,322
1,210,1079,322
1,209,1072,322
1,214,1073,322
1,213,1074,322
1,214,1075,322
1,213,1076,322
1,212,1074,325
1,212,1075,325
1,211,1077,325
1,210,1068,323
1,212,1069,323
1,211,1070,323
1,209,1069,323
1,208,1071,323
1,211,1065,323
1,211,1067,323
1,210,1070,324
1,209,1065,324
1,208,1065,324
1,207,1067,324
1,206,1069,324
1,205,1064,324
1,213,1066,325
1,211,1068,325
1,210,1065,325
1,209,1063,325
1,212,1064,323
1,211,1066,323
1,210,1065,323
1,213,1064,319
1,212,1064,320
1,213,1066,320
1,212,1067,320
1,215,1064,320
1,214,1066,320
1,213,1066,320
1,212,1068,320
1,215,1064,321
1,214,1066,321
1,217,1067,321
1,216,1070,322
1,215,1066,322
1,214,1069,322
1,214,1066,322
1,214,1067,322
1,213,1069,322
1,213,1066,322
1,217,1068,322
1,216,1071,323
1,215,1068,323
1,214,1071,324
1,214,1067,324
1,213,1069,324
1,212,1071,324
1,211,1068,324
1,215,1070,320
1,214,1072,320
1,213,1069,320
1,216,1070,320
1,216,1071,320
1,215,1073,320
1,214,1075,320
4,213,1066,320
2,212,1068,320
1,214,1070,320
1,213,1071,320
1,211,1073,320
1,210,1075,320
8,209,1067,320
6,212,1069,320
5,210,1071,320
4,208,1073,320
3,208,1074,320
9,207,1071,320
8,205,1074,320
9,203,1076,320
9,202,1073,320
11,202,1073,320
14,206,1070,320
15,203,1070,320
15,202,1071,320
14,205,1073,325
13,204,1075,325
12,204,1074,325
21,203,1066,325
20,202,1068,325
18,201,1070,325
21,204,1069,322
20,203,1071,322
19,202,1072,322
20,200,1074,322
19,198,1077,322
18,197,1080,322
27,200,1070,319
28,198,1072,319
27,197,1068,319
25,200,1070,317
24,199,1072,317
23,198,1074,317
28,197,1074,317
27,196,1076,319
29,198,1073,319
31,197,1072,319
34,196,1068,319
33,195,1067,320
36,201,1069,320
34,204,1071,320
39,208,1073,320
39,207,1075,320
38,207,1071,320
39,206,1073,320
40,208,1071,319
39,207,1072,319
38,210,1072,319
40,210,1072,316
39,209,1075,316
37,213,1077,316
36,213,1079,316
45,212,1072,316
44,213,1074,316
43,212,1073,321
45,214,1072,321
47,214,1071,321
45,214,1073,317
43,214,1076,317
41,214,1079,317
39,214,1082,318
38,213,1083,318
48,217,1069,319
47,216,1071,319
45,216,1074,319
49,215,1070,319
49,218,1071,316
47,217,1074,316
45,217,1076,316
48,220,1072,316
46,219,1074,316
44,219,1076,316
51,222,1069,316
49,222,1071,316
47,221,1074,316
45,221,1076,316
44,220,1078,316
49,223,1071,316
48,222,1073,316
49,224,1072,316
47,223,1074,316
45,222,1075,316
50,221,1069,316
49,220,1071,316
48,220,1073,316
47,222,1075,316
48,223,1077,323
47,223,1079,323
53,223,1073,323
52,223,1075,323
50,222,1077,323
56,224,1069,323
55,222,1070,323
54,222,1072,329
55,224,1072,326
54,223,1073,326
52,222,1076,326
56,222,1074,324
56,223,1074,324
54,222,1076,324
53,221,1078,324
58,220,1072,328
57,219,1074,328
55,222,1076,328
54,221,1078,328
52,220,1080,328
58,223,1073,324
58,225,1073,323
57,224,1075,323
55,227,1076,323
54,226,1078,323
57,225,1075,323
55,230,1077,323
53,229,1078,323
51,228,1080,323
59,227,1074,323
58,226,1076,323
57,229,1078,323
55,228,1080,323
62,227,1070,322
62,229,1071,322
61,228,1073,322
60,227,1074,322
63,231,1072,322
61,230,1073,322
60,234,1075,322
59,233,1077,322
58,232,1079,322
64,234,1073,319
62,233,1076,319
61,233,1077,319
59,232,1079,319
62,234,1075,318
60,234,1077,318
58,234,1079,318
63,233,1071,324
61,233,1073,324
63,236,1073,322
61,236,1075,322
59,236,1077,322
61,236,1075,319
59,235,1076,319
63,237,1072,319
62,237,1073,319
64,237,1072,319
62,236,1074,319
61,235,1076,325
59,234,1078,325
57,233,1080,325
63,237,1074,322
61,240,1077,322
63,241,1070,318
61,240,1071,318
60,240,1071,318
58,240,1073,318
56,239,1075,318
64,241,1070,317
62,240,1072,317
60,239,1074,317
58,238,1076,317
56,241,1078,317
54,241,1080,317
58,241,1076,317
56,240,1078,317
54,243,1080,317
52,243,1082,317
50,243,1085,317
47,242,1088,317
62,245,1064,317
60,244,1067,318
58,244,1070,318
56,243,1072,318
54,247,1074,318
52,247,1076,318
50,247,1078,318
58,247,1070,318
56,251,1072,318
54,251,1074,318
52,251,1076,318
59,250,1072,318
57,250,1074,318
56,250,1076,318
56,250,1075,318
57,255,1071,318
55,255,1072,318
53,255,1074,318
52,255,1076,318
56,255,1075,318
54,255,1077,318
52,259,1079,318
60,259,1069,318
59,259,1070,318
58,259,1072,318
60,260,1071,318
59,260,1072,318
58,260,1074,318
57,260,1075,318
55,261,1077,318
61,264,1069,322
59,264,1071,322
56,264,1074,323
54,269,1076,323
59,269,1078,323
57,269,1073,323
55,269,1076,324
57,273,1077,321
55,273,1079,321
54,277,1080,321
56,278,1075,321
55,278,1076,321
53,278,1078,321
58,280,1072,320
57,280,1074,320
55,280,1076,320
57,283,1075,320
55,283,1077,320
59,288,1073,322
57,289,1076,322
55,289,1078,322
53,289,1080,322
60,289,1073,323
60,295,1073,323
58,295,1075,323
56,295,1077,323
54,295,1079,323
59,300,1073,323
57,300,1075,323
59,302,1075,323
57,302,1077,323
55,302,1079,323
59,305,1074,326
58,305,1075,326
60,310,1072,326
60,310,1074,326
58,310,1076,326
60,312,1072,326
58,313,1074,326
57,313,1075,326
55,313,1077,326
61,318,1074,323
59,318,1076,323
57,320,1076,323
57,322,1075,323
58,322,1074,323
56,322,1076,323
54,322,1078,323
52,321,1080,323
57,325,1076,323
55,325,1078,323
59,328,1072,320
57,328,1074,320
56,328,1075,320
58,327,1075,320
57,327,1076,320
60,325,1072,319
58,316,1074,319
58,307,1075,319
56,307,1075,319
60,307,1072,319
58,306,1074,319
56,305,1076,319
58,304,1075,319
56,303,1077,319
58,305,1074,316
57,304,1075,316
60,305,1073,315
59,304,1074,315
62,305,1071,315
60,305,1072,315
59,304,1073,315
59,301,1072,315
58,299,1074,315
60,300,1074,314
59,300,1076,317
61,300,1076,317
60,298,1078,317
59,297,1079,317
57,295,1081,317
61,297,1074,319
60,296,1075,319
58,295,1077,319
56,294,1079,319
59,296,1076,319
57,295,1078,319
55,293,1080,319
60,295,1073,319
57,293,1076,320
55,291,1078,320
60,289,1073,322
58,287,1075,322
60,288,1074,323
58,286,1076,323
58,284,1075,323
57,282,1076,323
55,281,1078,323
62,283,1072,325
60,282,1074,325
61,281,1072,325
59,280,1075,325
59,279,1075,325
57,278,1077,325
61,281,1067,323
59,279,1070,324
57,277,1073,324
59,279,1070,324
57,277,1072,324
57,278,1074,324
57,277,1076,324
55,276,1072,324
53,278,1074,324
57,276,1073,324
55,274,1075,324
55,274,1073,324
52,271,1076,325
50,270,1078,325
55,271,1074,326
52,270,1077,327
52,269,1076,327
50,267,1079,328
57,269,1071,323
55,267,1074,323
53,265,1076,323
51,264,1078,323
54,266,1074,321
52,264,1076,321
50,263,1078,321
54,264,1071,321
52,262,1074,321
53,263,1072,325
52,261,1074,325
50,259,1076,325
48,257,1078,325
55,258,1072,325
54,257,1074,325
52,255,1076,325
51,255,1075,325
49,254,1077,325
57,253,1072,326
56,252,1072,325
54,250,1074,325
52,249,1077,325
55,246,1074,325
53,235,1076,325
57,234,1074,325
55,226,1076,325
56,221,1075,323
55,220,1076,323
54,221,1078,323
57,226,1074,323
55,233,1076,323
58,246,1073,321
56,244,1076,321
58,248,1072,319
57,247,1074,319
56,240,1076,319
61,240,1066,317
59,243,1068,317
57,243,1070,317
61,241,1072,317
59,240,1074,317
60,239,1073,317
59,232,1075,317
58,227,1077,317
61,227,1067,317
64,224,1069,317
64,225,1071,317
62,225,1072,317
60,226,1075,317
58,225,1076,317
61,226,1072,314
60,226,1073,314
58,217,1076,315
56,212,1078,315
54,216,1081,316
61,218,1072,318
60,217,1073,318
59,218,1073,320
57,219,1075,320
59,223,1074,318
57,221,1077,318
60,219,1070,317
60,221,1072,317
58,219,1073,317
56,217,1075,317
58,216,1074,315
57,214,1075,315
55,212,1077,315
58,215,1071,315
56,213,1073,315
57,214,1073,315
55,213,1074,315
57,212,1071,315
54,210,1074,316
52,208,1076,316
50,206,1078,316
54,208,1076,314
52,206,1075,314
50,204,1077,314
53,204,1074,314
51,202,1076,314
55,205,1072,314
53,204,1074,314
55,206,1070,311
53,204,1072,311
51,203,1074,311
55,201,1071,311
53,199,1073,311
55,200,1071,311
54,199,1072,311
52,198,1074,314
54,197,1076,314
52,195,1073,314
54,198,1071,314
52,197,1073,314
55,196,1069,314
55,195,1068,314
53,194,1070,314
54,194,1070,313
52,193,1072,313
50,192,1073,313
55,193,1069,313
53,192,1071,313
51,191,1073,313
50,189,1074,316
51,189,1071,314
49,188,1072,314
49,189,1072,313
47,187,1073,313
46,186,1075,313
47,186,1072,314
48,185,1072,314
46,184,1074,314
47,184,1072,314
48,185,1070,314
49,185,1068,312
47,183,1070,312
45,182,1071,312
48,182,1069,312
47,181,1071,312
46,182,1072,312
45,182,1070,312
43,181,1072,312
45,180,1069,312
42,179,1072,312
45,181,1068,310
42,180,1072,311
42,179,1072,311
39,178,1074,316
39,180,1074,314
37,179,1076,314
40,181,1070,316
38,180,1072,316
39,182,1071,316
36,179,1073,315
37,181,1071,315
35,180,1072,315
33,180,1074,315
31,179,1076,315
29,177,1079,315
35,180,1070,315
33,179,1072,315
36,179,1069,315
34,177,1071,315
32,176,1073,315
36,179,1070,313
34,178,1072,313
35,177,1071,313
34,176,1073,313
33,176,1075,313
37,175,1071,313
37,174,1072,313
36,173,1074,313
37,172,1072,319
38,176,1071,321
36,175,1073,323
35,174,1075,323
37,174,1072,323
35,173,1074,323
38,172,1070,323
39,176,1069,323
38,175,1071,323
36,174,1074,323
34,172,1077,323
33,171,1079,323
40,170,1071,323
41,175,1069,319
39,174,1071,319
43,173,1069,319
41,172,1071,319
39,171,1073,319
41,173,1069,317
39,172,1071,317
37,171,1073,317
39,174,1071,315
38,174,1072,315
41,176,1068,312
38,175,1071,312
36,176,1073,312
38,175,1069,312
36,174,1071,312
37,176,1069,312
35,175,1071,312
32,175,1074,312
30,174,1076,312
28,173,1078,312
34,176,1072,311
32,175,1074,311
33,177,1068,311
30,176,1071,311
31,178,1070,311
29,177,1072,311
32,178,1069,309
30,178,1071,309
28,177,1073,309
26,176,1074,309
24,175,1076,309
27,174,1074,309
28,175,1074,308
26,174,1076,308
28,173,1069,308
26,175,1071,316
25,174,1072,316
30,175,1069,314
29,174,1070,314
27,173,1071,314
25,176,1072,316
23,175,1074,316
26,174,1073,315
24,171,1075,315
22,170,1077,315
29,172,1069,315
27,171,1071,315
25,170,1073,315
26,175,1072,317
24,174,1074,317
22,173,1076,317
29,173,1060,317
27,172,1062,317
25,171,1065,317
23,170,1066,317
26,172,1065,320
24,171,1067,320
23,170,1069,320
24,172,1071,320
22,171,1073,320
24,173,1075,320
24,173,1070,318
23,171,1072,318
25,174,1070,318
23,173,1072,318
26,172,1074,318
27,171,1067,318
27,172,1069,318
26,171,1071,318
24,170,1073,318
28,173,1067,318
26,172,1069,318
25,171,1071,318
23,170,1073,318
27,171,1071,315
26,170,1073,315
28,172,1071,315
27,171,1073,315
25,170,1075,315
29,171,1071,314
28,170,1072,314
32,171,1066,314
30,169,1068,314
32,168,1070,314
31,167,1068,314
29,169,1070,314
29,171,1072,317
28,170,1074,317
27,169,1076,317
25,168,1078,317
36,168,1067,315
34,167,1070,315
36,170,1068,315
34,169,1070,315
32,166,1074,314
31,165,1076,314
35,164,1071,317
34,163,1073,317
39,163,1069,317
38,162,1071,317
40,160,1071,319
38,159,1074,319
39,159,1073,321
37,158,1075,321
36,158,1076,321
41,158,1071,321
40,162,1073,321
39,161,1075,321
40,162,1072,324
42,163,1070,324
41,162,1072,321
40,161,1073,321
39,160,1074,321
43,159,1070,321
42,158,1071,321
43,161,1069,321
42,160,1070,321
41,160,1072,321
44,159,1069,323
45,161,1068,320
44,160,1068,320
42,159,1070,320
42,158,1071,320
45,161,1069,318
44,160,1071,318
43,159,1072,318
43,160,1070,318
41,159,1072,318
43,158,1070,318
41,157,1072,318
43,159,1069,318
44,159,1068,318
43,158,1069,318
44,158,1067,318
42,157,1069,318
41,156,1070,318
43,157,1069,318
41,155,1071,318
39,154,1073,318
37,153,1075,318
38,152,1076,318
36,153,1076,321
41,151,1074,323
42,154,1069,321
40,153,1071,321
38,152,1073,321
41,152,1072,321
39,152,1074,321
40,154,1074,321
39,153,1075,321
40,153,1074,321
39,152,1072,321
41,151,1070,321
39,150,1072,321
40,154,1072,321
38,153,1073,321
36,152,1075,321
34,151,1077,321
32,150,1079,321
39,149,1071,321
39,153,1073,321
37,152,1074,321
37,154,1074,322
36,154,1076,322
35,154,1077,322
38,153,1073,322
36,153,1075,322
34,152,1077,322
42,157,1068,322
41,156,1069,322
40,155,1070,322
39,154,1071,322
38,156,1072,321
37,155,1074,321
40,158,1070,319
39,157,1071,319
37,156,1073,319
42,159,1070,319
41,159,1071,319
39,159,1072,319
40,161,1071,318
39,160,1073,318
38,159,1075,318
41,161,1072,318
39,160,1073,318
38,159,1074,318
36,158,1076,318
39,161,1075,318
38,160,1076,318
36,162,1077,318
38,161,1075,318
37,160,1077,318
40,163,1074,318
39,163,1075,318
41,162,1070,318
39,161,1071,318
38,160,1073,318
37,160,1075,318
35,161,1077,318
40,160,1075,321
41,164,1071,321
40,163,1072,321
42,164,1069,321
41,163,1070,321
40,162,1071,321
42,163,1072,321
41,162,1073,321
45,164,1067,321
44,163,1069,321
42,162,1071,321
44,161,1072,320
44,164,1069,320
42,163,1071,320
40,163,1073,320
42,165,1071,320
