442,188,360,528
441,187,365,533
443,184,363,536
440,185,364,535
442,185,364,535
441,182,364,538
441,183,363,537
441,182,362,538
439,182,362,538
438,179,364,541
437,178,364,542
437,178,365,542
435,176,365,544
434,177,365,543
433,177,365,543
433,176,364,544
431,175,363,545
431,174,365,546
430,175,366,545
433,176,364,544
433,174,365,546
434,173,364,547
434,171,364,549
435,168,365,552
435,167,364,553
436,167,363,553
435,167,367,553
435,166,367,554
436,166,365,554
434,165,367,555
435,166,367,554
436,166,362,554
434,167,364,553
433,166,366,554
433,167,366,553
434,166,364,554
433,163,364,557
432,163,364,557
433,163,364,557
431,162,364,558
430,161,364,559
429,162,365,558
430,162,365,558
430,161,364,559
428,163,366,557
430,167,365,553
429,167,366,553
430,168,364,552
432,174,364,546
432,175,364,545
433,177,363,543
432,176,365,544
432,177,364,543
431,179,366,541
433,182,364,538
434,185,363,535
435,187,363,533
435,186,365,534
436,190,365,530
434,192,367,528
435,192,364,528
434,193,368,527
434,193,367,527
433,191,371,529
433,190,372,530
431,189,381,531
432,190,384,530
430,191,388,529
425,191,392,529
421,193,394,527
418,193,400,527
415,192,404,528
415,198,404,522
414,196,410,524
411,194,414,526
410,191,418,529
405,195,425,525
405,194,429,526
405,193,431,527
401,194,434,526
397,193,439,527
399,193,439,527
394,196,444,524
395,197,443,523
391,204,449,514
389,206,451,514
396,213,444,507
392,219,443,501
385,235,457,485
370,246,461,474
368,255,474,465
370,261,465,459
372,270,474,450
375,288,484,432
382,286,489,434
391,284,497,436
393,291,504,429
391,286,508,434
390,290,515,430
375,299,532,421
367,304,536,416
357,309,540,411
344,317,550,403
333,319,556,401
323,320,564,400
302,329,577,391
285,328,585,392
264,333,598,387
252,335,607,385
198,337,631,383
187,345,630,375
174,351,639,369
147,353,664,367
137,353,672,367
132,356,684,364
116,354,700,366
100,338,714,382
81,323,735,397
65,336,745,384
51,319,759,401
45,305,771,415
39,296,781,424
26,286,803,434
21,275,812,445
11,270,828,450
2,272,841,448
2,279,842,441
2,256,846,464
1,236,852,484
1,218,856,502
1,196,865,524
1,187,871,531
1,180,880,540
1,176,886,544
1,173,890,547
1,166,893,543
1,162,893,509
1,160,892,481
1,155,890,469
2,144,884,457
2,134,880,456
1,128,880,464
1,122,877,470
1,121,873,474
1,124,870,473
1,127,867,473
1,133,865,475
1,138,860,476
1,140,857,481
1,139,858,486
1,145,857,488
1,149,856,495
1,154,854,497
1,162,854,498
1,169,856,502
1,179,859,494
1,188,863,493
1,196,869,492
2,201,871,486
1,208,877,485
1,212,885,476
1,214,891,474
1,213,902,473
1,211,907,472
1,208,918,475
1,205,922,476
2,202,928,478
1,203,937,474
1,202,939,478
1,202,942,483
1,200,938,483
1,201,935,484
1,199,931,487
1,202,931,485
1,205,920,484
1,206,916,484
1,207,911,486
1,207,909,488
1,209,906,489
1,207,903,493
1,205,900,496
1,205,896,496
1,205,894,497
1,203,896,498
1,201,897,501
1,201,901,500
1,200,902,502
1,200,906,500
2,199,907,501
1,197,911,505
1,194,916,504
1,194,920,506
1,191,925,506
1,191,928,506
1,190,932,507
1,189,936,509
1,192,935,508
1,193,936,502
1,194,940,501
1,195,944,500
1,195,946,500
1,198,949,492
1,197,951,498
1,200,952,487
1,202,956,487
1,205,958,486
1,210,960,484
1,213,964,476
1,217,966,477
1,221,967,472
1,222,970,474
1,222,973,468
1,222,976,469
1,222,975,465
1,224,976,458
1,226,982,456
1,226,981,450
1,227,977,446
1,231,977,442
1,233,974,443
1,234,974,441
1,237,972,436
1,238,970,436
1,238,968,432
1,238,968,432
1,237,970,431
1,237,969,425
1,237,968,427
1,237,970,426
2,237,970,435
1,237,973,428
1,237,973,419
1,236,981,405
2,236,979,392
1,235,979,382
1,235,979,374
1,234,977,340
1,233,976,329
1,228,976,316
1,224,974,302
1,221,976,306
1,219,973,306
1,218,973,308
1,216,977,309
2,217,983,308
1,214,982,312
1,215,985,312
1,214,987,316
1,214,988,316
1,213,989,316
1,212,991,317
1,212,991,337
1,211,994,338
1,210,996,342
1,210,1000,343
1,209,1002,344
1,211,1009,345
1,211,1012,346
1,212,1014,347
1,210,1015,348
1,212,1014,348
1,211,1016,350
1,213,1017,356
1,214,1019,363
1,216,1017,364
1,217,1020,363
1,220,1023,367
1,224,1024,368
1,228,1025,370
1,230,1023,374
1,234,1023,374
2,237,1022,377
1,241,1022,376
1,243,1024,378
1,247,1019,378
1,249,1016,377
1,249,1013,380
1,249,1014,380
1,245,1007,384
1,243,1010,384
1,241,1009,386
1,239,1010,387
1,238,1010,390
1,236,1013,390
1,234,1012,390
1,233,1013,390
1,233,1012,390
1,236,1012,388
1,238,1012,388
2,244,1011,386
1,248,1010,379
2,255,1010,371
2,260,1013,366
1,265,1018,359
1,266,1019,359
1,267,1021,355
4,265,1031,353
1,266,1030,353
1,267,1034,354
1,267,1038,354
1,269,1041,353
1,269,1045,352
1,270,1047,352
1,268,1048,351
1,263,1051,353
1,260,1048,359
1,256,1046,361
2,251,1040,361
1,247,1036,364
2,245,1028,367
1,247,1024,365
1,248,1022,360
2,250,1020,360
1,248,1024,360
1,248,1026,358
1,244,1029,361
1,246,1035,356
1,246,1039,357
1,250,1042,355
1,252,1044,354
1,256,1044,355
1,260,1045,354
1,263,1045,354
1,263,1048,353
1,266,1051,353
1,265,1055,353
1,264,1057,353
1,263,1057,351
1,261,1059,352
1,259,1058,353
1,258,1054,354
1,258,1052,353
2,259,1050,352
1,257,1047,352
4,255,1041,352
1,256,1038,352
1,256,1036,352
1,261,1031,351
1,267,1029,346
1,271,1028,346
1,273,1027,348
1,275,1029,351
1,276,1027,348
1,279,1026,344
1,280,1025,343
1,279,1024,345
3,280,1022,342
1,279,1024,342
1,278,1025,340
1,277,1023,341
1,276,1022,340
1,275,1025,340
1,272,1019,339
1,271,1018,338
1,270,1016,336
1,269,1017,310
1,270,1013,310
1,270,1014,294
2,273,1010,292
1,276,1007,292
2,281,1006,290
3,285,1002,289
1,289,1003,287
3,292,1000,283
1,293,1001,285
1,296,1002,277
2,296,1001,275
2,300,1002,280
1,305,1003,278
2,308,1004,290
1,311,1005,290
1,317,1006,287
1,320,1010,287
1,323,1010,288
1,326,1013,288
1,325,1014,294
1,325,1016,287
1,324,1018,292
1,323,1020,293
1,324,1020,291
1,320,1019,289
1,321,1018,288
1,317,1017,290
1,315,1013,288
1,305,1008,285
1,290,1007,275
1,276,1003,269
1,266,1001,267
1,262,999,264
1,262,994,263
1,263,990,259
1,268,984,258
1,265,971,258
2,264,955,260
1,264,947,259
4,263,952,258
1,262,946,258
1,258,949,258
1,255,946,257
1,251,947,253
1,245,949,250
1,243,955,249
1,237,961,248
1,238,964,244
2,232,958,246
2,228,957,232
1,225,960,242
1,215,957,239
1,200,956,250
1,206,950,247
1,198,938,247
2,192,926,246
1,191,912,241
1,188,895,237
1,191,886,230
1,192,881,229
1,195,883,223
1,195,886,218
1,195,892,220
1,200,905,217
2,200,905,221
1,213,910,219
1,220,914,220
1,233,917,219
1,243,918,214
1,249,933,219
1,250,941,219
1,260,945,218
1,252,947,222
1,244,949,225
1,243,948,213
1,238,949,209
3,219,949,214
1,205,951,214
1,183,967,241
1,160,968,266
1,125,960,294
1,115,942,272
2,103,917,258
1,95,912,256
1,95,912,255
1,95,922,260
1,94,936,281
1,100,951,284
1,112,960,287
1,128,966,294
1,155,930,289
1,171,933,280
1,196,929,269
1,197,929,267
1,208,927,266
2,220,922,259
1,227,921,260
1,233,918,261
1,243,915,260
1,251,909,258
2,259,911,256
1,261,919,256
1,263,923,255
1,267,951,256
1,269,975,270
1,270,978,273
1,274,982,272
1,275,984,281
1,282,985,279
1,287,985,280
1,290,986,281
2,294,983,280
1,295,985,281
1,297,986,281
1,300,984,280
1,303,982,275
2,306,980,269
1,308,979,271
1,309,979,272
1,311,980,272
1,310,982,272
2,311,984,271
1,307,986,272
1,304,988,273
1,300,987,275
1,299,987,274
1,297,987,278
2,293,991,277
1,295,992,276
1,295,994,275
1,297,994,273
1,299,995,272
1,299,993,271
1,300,989,264
1,299,985,262
1,300,982,255
1,300,977,256
1,299,976,256
1,300,973,255
1,300,973,254
1,300,973,254
1,299,972,254
1,298,971,255
1,299,970,255
1,298,971,256
1,299,969,253
1,296,969,257
1,297,970,255
1,295,970,256
1,296,968,255
1,296,967,256
1,296,969,256
1,295,967,256
2,295,965,257
1,297,967,257
1,298,967,256
1,298,966,256
1,299,966,256
1,299,965,255
1,298,965,257
1,299,964,254
1,299,964,255
1,299,964,253
1,299,965,255
1,300,964,255
1,301,963,254
1,303,965,253
1,303,965,250
1,303,967,248
1,302,967,247
1,302,967,246
1,301,968,248
1,301,967,247
1,300,969,248
1,300,970,249
1,299,970,249
1,300,970,250
1,300,971,251
1,300,968,253
1,300,968,256
1,299,968,256
1,301,968,255
1,301,968,255
1,300,968,258
1,300,966,258
1,302,967,257
1,304,965,259
1,304,970,259
1,305,970,258
2,306,970,259
1,307,973,259
1,309,972,257
1,309,973,257
1,309,973,256
1,312,972,255
1,312,972,256
1,314,973,255
1,315,973,254
1,314,972,256
1,314,974,255
1,312,977,256
1,312,978,257
1,311,982,258
1,310,985,261
1,312,986,261
1,311,991,262
1,312,992,262
1,312,996,268
1,315,996,270
1,319,994,262
1,321,990,264
1,324,987,268
1,326,983,269
1,326,986,271
1,327,984,271
1,326,989,271
1,328,992,271
1,329,991,270
1,331,987,269
1,334,984,268
1,338,977,265
1,342,973,263
2,345,971,261
2,345,968,262
1,344,971,260
1,344,973,259
1,345,973,257
1,345,972,256
2,344,970,256
1,343,970,256
1,344,972,255
1,344,972,254
1,343,969,254
1,343,970,252
2,343,965,250
1,341,963,249
1,340,963,250
1,340,961,248
1,339,960,248
1,340,960,248
2,339,958,248
1,338,960,249
1,339,961,248
1,339,959,248
1,340,958,245
1,339,956,246
1,339,957,245
1,338,955,245
1,337,956,245
1,337,957,245
2,336,955,245
1,336,956,245
1,338,956,245
1,339,955,245
1,339,955,243
1,339,955,243
1,339,954,242
1,339,954,244
1,338,955,243
1,338,956,244
1,338,958,245
1,338,960,244
1,338,960,245
2,338,960,245
1,340,961,245
1,339,960,245
1,338,960,242
1,335,961,244
1,333,961,243
1,331,961,243
1,331,962,241
1,330,961,241
1,330,961,241
1,330,962,239
1,328,962,241
1,328,965,240
1,324,969,241
1,324,971,240
1,322,974,242
1,319,981,245
1,316,987,250
1,315,1000,256
1,313,1014,255
1,312,1025,256
1,312,1041,245
1,311,1148,238
1,311,1145,230
1,310,1148,227
1,306,1140,227
1,297,1142,229
1,291,1141,228
1,286,1164,227
8,285,1175,222
9,285,1172,221
41,285,1169,218
52,282,1169,216
62,282,1173,211
80,282,1173,199
94,281,1164,186
104,277,1171,188
120,271,1160,195
135,270,1145,194
148,267,1132,193
162,262,1118,193
171,257,1109,194
176,254,1104,195
180,251,1100,196
182,250,1098,196
187,250,1093,195
188,250,1092,194
191,250,1089,195
199,250,1081,193
194,248,1086,194
193,248,1087,194
190,248,1090,195
192,249,1088,192
192,249,1088,194
192,250,1088,193
192,250,1088,192
190,249,1090,193
186,250,1094,193
185,249,1095,193
185,250,1095,192
185,250,1095,193
184,251,1096,192
183,254,1097,194
184,255,1096,194
186,257,1094,193
185,258,1095,193
186,261,1094,193
188,262,1092,193
189,261,1091,193
190,261,1090,193
195,260,1085,193
196,261,1084,193
201,263,1079,193
199,264,1081,193
199,263,1081,195
199,263,1081,196
201,263,1079,195
202,262,1078,195
202,263,1078,195
202,263,1078,193
202,261,1078,195
206,262,1074,194
207,262,1073,195
208,259,1072,195
210,257,1070,196
213,255,1067,197
214,255,1066,195
216,253,1064,196
221,253,1059,195
223,255,1057,194
224,255,1056,195
228,258,1052,193
227,258,1053,191
225,256,1055,195
223,255,1057,196
221,256,1059,194
222,254,1058,196
221,256,1059,195
219,257,1061,195
217,257,1063,195
216,257,1064,195
215,258,1065,195
216,258,1064,195
217,257,1063,195
218,257,1062,195
219,257,1061,196
220,258,1060,195
220,261,1060,193
220,262,1060,194
218,261,1062,195
222,259,1058,195
222,258,1058,196
225,259,1055,196
228,261,1052,194
227,262,1053,194
229,262,1051,195
228,261,1052,195
225,263,1055,193
224,262,1056,194
224,260,1056,195
221,261,1059,194
222,260,1058,195
225,260,1055,195
226,260,1054,195
226,261,1054,194
226,263,1054,193
228,262,1052,194
226,262,1054,195
225,262,1055,194
225,262,1055,193
226,264,1054,192
223,263,1057,193
223,263,1057,193
222,263,1058,193
222,264,1058,192
223,265,1057,192
223,264,1057,193
226,263,1054,193
226,262,1054,194
226,263,1054,193
227,265,1053,191
226,264,1054,190
226,264,1054,190
227,263,1053,193
226,263,1054,194
228,262,1052,193
228,264,1052,192
229,265,1051,192
228,267,1052,193
230,269,1050,191
229,269,1051,191
226,268,1054,191
224,271,1056,191
223,269,1057,192
222,272,1058,191
222,269,1058,193
222,270,1058,193
222,271,1058,192
223,272,1057,192
221,273,1059,192
219,274,1061,192
216,276,1064,192
209,278,1071,192
191,280,1089,182
180,285,1100,180
172,290,1108,178
138,294,1142,176
111,294,1169,175
88,295,1189,182
71,293,1192,183
60,290,1189,183
41,289,1191,183
26,287,1190,183
11,289,1193,183
1,287,1193,185
1,289,1183,186
1,289,1174,185
1,291,1163,186
1,292,1152,187
1,295,1139,190
1,295,1124,188
1,298,1110,191
1,299,1095,193
1,302,1083,192
1,305,975,191
1,306,978,192
1,307,984,194
1,310,995,194
1,310,1000,195
1,313,1013,197
1,314,996,195
1,316,973,197
1,319,956,199
1,322,946,201
1,326,942,201
1,330,925,205
1,334,913,205
2,338,904,203
1,343,900,202
1,346,899,201
1,349,904,202
1,354,905,198
1,354,904,199
1,354,902,199
1,352,901,199
1,351,900,198
1,347,900,199
1,342,901,199
1,342,903,201
1,342,904,202
1,341,902,200
1,344,900,202
1,350,902,201
1,353,901,201
1,358,901,201
1,364,905,203
1,368,909,201
1,376,911,201
1,383,913,201
1,389,916,200
2,392,915,199
1,393,913,199
1,392,911,199
1,388,905,199
1,386,902,200
1,385,901,199
1,384,905,199
1,385,904,200
1,386,911,199
1,386,916,199
1,386,916,199
1,386,922,198
1,383,921,199
1,382,921,199
1,380,916,197
1,376,914,198
1,375,912,197
1,374,913,198
1,376,916,196
1,378,918,193
1,379,919,192
1,379,918,192
1,378,916,193
1,375,916,193
1,373,917,193
1,371,920,195
1,372,921,193
1,370,925,194
1,372,928,193
1,373,931,188
1,372,933,188
1,369,930,186
1,364,929,188
1,358,927,187
1,354,927,188
1,349,927,188
1,347,928,188
1,345,929,188
1,346,932,188
1,344,934,191
1,343,936,191
1,343,937,191
1,341,933,191
1,337,932,191
1,334,928,191
4,333,920,191
1,331,920,191
1,331,919,191
1,331,917,191
1,331,916,191
1,331,916,191
1,332,918,191
1,330,920,192
1,330,922,193
1,331,924,194
1,334,925,193
1,335,926,194
1,338,927,193
1,337,927,194
1,340,929,193
1,341,927,194
1,341,929,194
1,342,929,193
1,343,929,192
1,342,930,193
1,342,929,194
1,342,929,192
1,343,929,192
1,344,928,192
2,345,928,192
1,345,930,192
1,346,930,193
1,345,931,194
1,345,932,193
1,345,931,193
1,346,931,193
1,346,930,192
1,346,929,191
1,347,928,191
1,347,928,192
3,346,926,192
3,347,927,192
1,347,928,193
1,346,927,193
1,347,927,192
3,346,925,193
3,347,925,193
3,347,925,193
2,348,927,193
2,347,927,194
1,349,930,192
1,348,932,194
1,347,932,195
1,347,932,195
1,345,930,197
1,346,933,195
2,346,934,197
1,347,935,196
1,346,936,197
2,347,935,196
1,347,937,197
1,346,938,196
1,346,938,196
1,345,941,198
1,345,944,197
1,345,945,196
1,344,946,196
2,343,947,197
1,343,946,198
1,344,948,197
1,344,948,198
1,344,950,197
1,344,950,198
1,344,951,197
1,344,952,198
1,343,953,198
2,343,951,198
1,342,953,199
1,340,952,198
1,339,954,199
1,340,954,198
1,341,955,199
1,344,957,199
1,345,958,199
1,346,961,200
1,347,963,200
1,347,965,201
1,349,966,200
1,349,968,200
1,350,968,199
1,350,968,200
1,353,970,200
1,350,969,200
1,350,970,200
1,352,967,199
1,354,965,199
1,344,965,200
1,341,964,200
1,340,963,199
1,339,962,199
1,335,962,200
1,328,961,200
1,326,963,200
1,322,962,202
1,319,962,202
1,318,965,201
1,317,962,200
1,316,964,200
1,318,962,200
1,317,963,200
1,317,961,202
1,318,961,202
1,319,960,202
1,317,960,203
1,317,959,202
1,317,959,202
1,316,957,202
1,315,954,202
1,317,952,202
1,316,953,202
1,313,954,204
1,313,955,203
1,311,954,203
1,311,954,202
1,311,953,203
1,312,953,206
1,314,951,204
1,317,950,203
1,317,949,202
1,317,950,205
1,318,948,205
1,317,949,205
1,317,950,205
1,319,948,205
1,319,950,203
1,316,952,204
1,318,953,204
1,317,952,205
1,317,954,205
1,319,953,205
1,319,955,205
1,322,956,209
1,325,956,212
1,329,958,210
1,330,960,216
1,332,961,216
1,336,962,215
1,338,962,215
1,341,963,216
1,345,960,214
1,347,959,216
1,351,958,215
1,353,958,215
1,354,957,218
1,353,956,217
1,353,956,217
1,353,957,217
1,351,958,216
1,350,957,216
1,348,955,218
1,349,955,217
1,349,956,219
1,351,957,217
1,350,958,217
1,352,957,221
1,353,958,219
1,353,957,219
1,356,954,216
2,359,954,216
1,361,954,215
1,361,953,216
1,361,953,217
1,362,950,216
1,361,951,215
1,362,952,215
1,363,952,215
1,362,952,215
1,360,951,215
1,362,952,214
1,361,949,214
1,362,949,213
1,362,948,212
1,361,948,213
1,361,950,215
1,359,949,215
1,359,950,214
1,359,949,213
1,359,949,213
1,359,949,215
1,359,950,215
1,359,951,215
1,359,949,215
1,359,951,215
1,358,950,215
1,358,951,216
1,358,950,215
1,359,950,214
1,357,952,214
1,358,952,214
1,358,953,212
1,358,952,214
1,357,953,215
1,356,953,215
1,355,954,215
1,355,956,216
1,354,956,217
1,354,957,217
1,355,956,216
1,356,957,216
1,355,958,217
1,354,958,219
1,353,959,219
1,353,959,220
1,353,960,220
1,353,962,219
1,353,960,218
1,353,958,219
1,352,958,220
1,352,959,219
2,350,957,221
2,351,957,221
1,352,959,221
1,352,959,221
2,352,958,221
1,353,958,221
1,353,958,221
1,355,958,219
1,356,958,220
1,358,956,221
1,357,956,222
1,357,956,221
1,357,956,220
1,357,958,221
1,356,957,219
1,358,958,221
1,357,958,219
1,359,956,219
1,359,956,219
1,360,955,218
1,359,954,219
1,359,953,219
1,359,953,218
1,358,953,220
1,358,953,219
1,358,953,218
1,358,952,219
1,358,953,219
1,358,951,219
1,358,953,219
1,358,953,220
1,358,952,220
2,361,952,218
1,360,953,220
1,359,954,220
1,359,954,220
1,358,954,221
1,358,953,220
1,358,955,220
1,358,954,220
1,358,955,222
1,359,954,222
1,358,955,222
1,358,956,223
1,359,956,225
1,357,956,228
1,359,957,228
1,360,959,229
1,360,955,233
1,361,958,239
1,359,960,243
1,359,961,243
1,359,967,248
1,361,971,247
1,362,977,248
2,360,978,250
1,361,980,251
1,360,981,252
1,359,979,252
1,360,976,253
1,361,977,254
1,361,975,251
1,363,977,250
1,363,980,246
1,362,980,245
1,359,979,243
1,357,976,237
1,357,977,235
1,356,975,232
1,351,974,233
1,350,974,232
1,350,975,227
1,348,979,228
1,349,977,224
1,352,979,222
1,356,978,219
1,358,975,217
1,361,971,217
2,366,967,217
1,370,963,219
1,373,959,225
1,381,960,228
1,389,960,226
1,393,961,226
1,395,962,221
1,398,969,217
1,398,971,218
1,391,974,217
1,384,975,217
1,379,976,216
1,374,975,216
1,372,974,216
1,372,974,218
1,371,974,218
1,372,972,223
1,371,972,223
1,372,971,223
1,372,969,223
1,373,969,220
1,374,969,222
2,374,968,223
1,376,969,224
1,378,968,222
1,378,968,223
1,380,968,224
1,378,965,224
1,378,964,224
1,377,965,224
1,377,963,223
1,377,963,223
1,376,962,223
1,377,961,222
1,376,959,222
1,377,958,223
1,377,957,222
1,376,956,223
1,378,956,222
1,377,955,221
1,377,955,220
1,376,956,221
1,373,956,224
1,370,957,226
1,370,958,226
1,369,959,226
1,369,960,224
1,369,958,222
1,369,960,225
1,369,960,226
1,370,959,224
1,370,960,226
1,368,960,230
1,371,962,228
1,371,962,231
1,372,962,230
1,372,962,229
1,373,962,229
1,373,961,229
1,372,960,229
1,371,960,229
1,371,960,229
1,370,961,229
1,372,960,229
1,371,959,229
1,372,959,229
1,373,959,227
1,372,961,228
1,373,960,229
1,373,960,229
1,374,961,229
1,374,961,229
1,375,963,229
1,374,964,229
1,375,962,229
1,375,962,229
1,376,962,229
1,377,963,229
1,377,963,230
1,377,962,229
1,377,963,230
1,376,962,230
1,377,962,231
1,378,961,230
1,378,961,230
1,377,959,229
1,378,958,230
1,378,958,229
1,377,960,229
1,377,958,229
1,377,957,230
1,377,957,229
1,377,959,230
1,378,957,229
1,378,957,230
1,378,957,226
1,376,956,228
1,377,955,228
1,375,954,228
1,374,955,228
1,372,955,228
1,372,957,228
1,372,957,228
1,371,958,228
1,371,957,228
1,371,959,227
1,372,957,228
1,371,959,228
1,370,959,228
1,369,959,229
1,368,960,228
1,368,960,228
1,368,959,228
1,367,962,227
1,366,961,227
1,365,964,228
1,365,967,229
1,365,969,228
1,364,971,229
1,364,974,229
1,365,974,230
1,364,974,228
1,363,973,229
1,362,973,228
1,362,971,228
1,362,971,228
1,362,971,228
1,361,971,227
1,361,970,228
1,362,971,228
1,361,972,228
1,361,975,228
1,363,972,228
1,363,973,228
1,364,972,227
1,365,974,227
1,366,971,226
1,365,971,227
1,365,971,227
1,364,971,227
1,365,971,227
1,366,970,225
1,366,968,223
1,367,968,223
1,365,967,222
1,364,967,222
1,363,967,219
1,361,966,218
1,357,968,217
1,356,969,213
1,351,972,214
1,345,973,214
1,336,977,212
1,326,980,215
1,316,983,218
1,306,986,222
1,303,992,226
1,302,996,224
1,302,1002,220
1,303,1004,218
1,303,1005,217
1,300,1003,216
1,297,1000,217
1,288,998,222
2,283,995,223
1,279,997,224
1,275,1000,231
1,272,998,231
1,270,1000,233
1,268,1002,235
1,268,1001,233
1,268,1001,234
1,266,1001,237
1,267,999,237
1,267,1000,233
1,267,999,234
1,267,998,235
2,269,997,234
1,272,998,232
1,273,996,233
1,273,995,233
1,275,995,232
1,275,992,230
1,275,991,226
1,276,992,225
1,275,988,226
1,276,984,223
3,274,981,224
1,276,981,224
1,275,980,224
1,276,981,223
1,276,979,226
1,277,979,225
1,278,979,226
1,279,979,225
1,279,979,226
1,279,981,226
1,280,980,227
1,281,983,225
1,281,981,227
1,282,983,228
1,283,979,229
1,284,977,226
1,286,974,226
1,286,973,226
1,286,971,227
1,286,971,228
1,287,970,227
1,287,969,227
1,288,967,226
1,288,967,227
1,289,968,226
1,289,967,225
1,289,968,231
1,291,969,229
1,292,967,229
1,293,969,229
1,294,968,229
1,294,969,229
1,294,970,228
1,294,969,229
1,294,969,228
1,294,968,228
1,294,967,225
1,293,967,226
1,294,966,225
1,294,967,224
1,294,968,224
1,292,968,225
1,290,966,225
1,287,966,225
1,285,964,223
1,285,965,226
1,285,964,224
1,286,965,225
1,286,965,227
1,288,965,227
1,291,965,225
1,291,965,225
1,291,965,227
1,293,966,226
1,296,965,224
1,294,966,225
1,295,965,226
1,296,965,223
1,294,964,222
1,294,965,224
1,295,963,223
1,294,962,221
1,295,963,223
1,298,963,221
1,301,963,221
1,304,961,218
1,306,963,217
1,307,961,218
1,307,959,219
1,305,960,221
1,305,963,221
1,305,965,221
1,307,965,222
1,307,967,224
1,308,968,224
1,309,968,226
1,312,968,228
1,312,969,228
1,310,969,230
1,311,969,230
1,309,969,229
1,307,970,231
1,305,969,234
1,304,970,234
1,302,970,234
1,301,968,233
1,301,968,235
1,301,970,235
1,302,969,236
1,302,969,237
1,303,971,234
1,302,971,235
1,301,970,235
1,302,969,231
1,303,969,231
1,301,967,231
1,303,967,228
1,303,967,228
1,303,964,224
1,302,963,224
1,302,960,223
1,302,960,222
1,301,960,223
1,302,959,224
1,301,958,225
1,301,958,226
1,302,958,225
1,301,959,224
1,302,959,224
1,301,959,226
1,300,960,226
1,300,960,227
1,301,960,227
1,301,962,227
1,307,961,226
1,307,961,227
1,311,960,227
1,316,960,227
1,319,962,227
1,321,963,226
1,322,964,228
1,326,966,228
1,324,967,229
1,326,967,228
1,330,966,231
1,332,968,234
1,340,968,234
1,343,968,234
1,351,968,240
1,354,969,242
1,361,969,241
1,366,968,240
1,369,965,236
1,375,963,234
1,385,958,233
1,394,954,225
1,404,946,222
1,408,940,225
1,401,943,243
1,397,957,254
1,396,972,262
1,395,980,265
1,373,985,293
1,358,997,310
1,354,982,312
1,349,960,325
2,344,953,327
1,345,945,311
1,341,956,315
1,341,963,326
1,343,954,325
1,348,932,321
1,355,946,322
1,366,949,317
1,371,955,314
1,377,963,312
1,383,960,302
1,385,950,295
1,394,949,279
1,400,948,272
1,400,951,267
1,394,950,267
1,385,951,265
1,366,951,268
1,340,950,274
1,323,949,278
2,306,950,281
1,291,953,287
1,278,951,294
1,273,948,301
1,272,947,304
1,270,941,312
1,268,942,316
1,271,941,316
1,267,939,326
1,271,939,328
1,271,936,331
1,267,934,332
1,268,931,338
1,272,932,338
1,273,930,336
1,272,922,336
1,266,912,346
1,265,905,347
1,269,906,346
1,266,909,346
1,266,908,345
1,262,908,347
1,259,906,353
1,257,910,354
1,257,910,353
1,256,910,354
1,260,913,356
1,260,915,356
2,262,921,357
3,260,926,358
1,260,941,361
1,263,953,360
1,260,963,362
1,258,965,369
1,253,973,375
1,252,977,377
1,251,987,378
1,247,992,384
1,244,996,388
1,246,998,391
1,241,989,393
1,238,982,399
1,236,983,407
1,235,984,408
1,235,980,415
1,231,977,421
1,233,977,420
1,229,973,422
1,224,966,423
1,216,962,436
1,209,959,445
1,205,956,450
1,200,949,451
1,198,944,456
1,194,936,461
1,190,931,466
1,184,929,470
1,179,931,476
1,175,931,477
1,169,935,480
1,164,936,484
1,161,941,485
1,154,945,490
1,149,947,491
1,145,944,496
1,140,937,499
1,134,936,500
1,125,936,512
1,120,933,514
1,118,924,520
2,115,920,517
1,112,915,514
1,113,915,497
1,112,914,502
1,113,918,505
1,113,918,505
1,115,920,513
1,116,922,529
1,120,922,533
1,125,926,537
1,126,928,538
1,130,929,535
1,146,936,534
1,160,942,531
1,167,940,536
1,176,942,534
1,183,945,530
1,185,945,534
1,184,940,536
1,181,939,539
1,178,943,542
1,174,945,544
1,172,948,546
1,169,952,551
1,171,955,523
1,170,954,527
2,171,950,534
1,175,950,530
1,176,946,531
1,178,943,541
1,178,940,542
1,178,938,542
1,180,945,532
1,180,956,533
1,180,961,536
1,178,963,542
1,178,963,542
1,181,966,539
1,182,967,538
1,182,966,538
1,183,966,537
2,183,960,537
1,188,960,532
1,186,957,534
1,182,953,538
2,183,946,537
1,182,947,538
1,182,946,538
1,183,943,537
1,184,942,536
1,183,941,537
1,222,1004,498
1,219,1002,501
1,210,1001,510
1,202,984,518
1,194,967,526
1,184,951,536
1,178,952,542
1,176,951,544
1,176,952,544
1,175,953,545
1,176,951,544
1,178,951,542
1,175,948,545
1,175,947,545
1,173,946,547
1,178,944,542
1,180,944,540
1,182,948,538
1,183,947,537
1,185,945,535
1,186,947,534
1,185,955,535
1,181,961,539
1,178,957,542
1,176,956,544
1,176,956,544
1,174,953,546
1,173,944,547
1,177,941,543
1,179,938,541
1,180,937,540
1,183,939,537
1,182,944,538
1,183,947,537
1,181,947,539
1,180,950,540
1,180,954,540
2,180,955,540
1,179,956,541
1,183,959,537
1,183,961,537
1,182,964,538
1,182,964,538
1,182,966,538
1,186,967,534
1,186,969,530
1,187,972,525
1,188,975,521
1,187,976,518
1,186,978,513
1,187,981,509
1,188,986,532
1,188,991,532
1,188,997,532
1,189,1004,527
1,188,1016,521
1,188,1019,519
1,189,1029,517
1,189,1047,515
1,194,1064,508
1,197,1086,500
1,205,1111,494
1,207,1133,489
1,208,1160,486
1,215,1201,479
1,220,1228,475
1,226,1279,467
1,230,1279,466
1,228,1279,467
1,224,1279,476
1,225,1279,475
1,237,1279,471
1,240,1279,480
1,247,1279,473
1,254,1279,466
1,245,1279,475
1,227,1279,489
1,225,1279,489
1,223,1279,486
1,217,1279,503
1,209,1279,506
1,210,1279,497
1,209,1279,487
1,206,1279,486
1,233,1279,458
2,269,1278,419
2,270,1278,420
2,275,1278,423
17,284,1263,421
43,295,1237,420
84,311,1196,409
106,331,1174,389
144,349,1136,371
164,347,1116,373
181,343,1099,377
192,347,1088,373
195,338,1085,382
197,340,1083,380
198,336,1082,384
200,336,1080,384
212,331,1068,389
217,319,1063,401
221,315,1059,405
228,314,1052,406
233,313,1047,407
242,314,1038,406
242,316,1038,404
244,318,1036,402
252,320,1028,400
255,319,1025,401
258,317,1022,403
264,317,1016,403
263,318,1017,402
265,320,1015,400
268,319,1012,401
268,318,1012,402
274,318,1006,402
273,315,1007,405
274,315,1006,405
277,311,1003,409
276,309,1004,409
271,306,1009,414
268,306,1012,414
265,304,1015,416
257,306,1023,414
250,308,1030,412
244,287,1036,433
238,237,1042,483
238,214,1042,506
232,183,1048,537
217,177,1063,543
193,181,1087,539
192,190,1088,530
184,197,1096,523
187,200,1093,520
183,210,1097,510
171,211,1109,509
155,214,1125,506
150,215,1130,505
139,221,1141,499
129,227,1151,493
116,235,1164,485
114,244,1166,476
109,255,1171,465
108,260,1172,460
98,262,1171,458
88,326,992,394
76,323,992,397
66,322,996,398
75,316,1011,404
76,311,1114,409
75,304,1109,416
77,308,1098,412
81,314,1086,406
78,316,1081,404
75,315,1076,405
76,318,1068,402
75,320,1011,400
75,319,1037,401
76,311,1035,409
77,318,1020,402
76,312,1017,408
78,310,1006,410
79,307,994,413
79,302,986,418
78,297,980,423
75,297,939,423
71,293,926,427
70,297,886,423
65,298,864,422
60,301,862,419
56,299,866,421
51,298,865,422
47,294,865,426
40,286,865,434
38,272,854,448
28,256,847,464
24,237,846,483
24,230,846,490
25,220,841,500
28,210,835,510
27,202,839,515
23,196,841,517
19,193,841,517
18,191,840,518
18,191,841,523
17,190,842,524
19,192,844,523
18,188,846,524
19,180,850,533
21,176,850,533
22,173,850,533
24,170,853,537
23,169,853,537
21,171,857,534
24,169,856,535
21,171,857,534
21,173,857,533
20,174,860,532
21,173,859,533
21,175,859,532
18,177,861,528
21,184,860,524
24,191,857,518
27,196,855,516
27,201,858,513
28,202,863,508
37,207,857,506
37,210,858,501
36,210,858,499
42,211,858,495
51,213,858,494
57,216,859,487
69,217,852,483
75,221,854,477
81,221,854,472
89,223,853,470
96,224,854,465
103,228,852,458
109,230,845,453
116,233,843,449
120,238,840,439
127,241,821,437
128,243,818,431
142,244,796,427
147,243,785,424
154,241,760,411
166,240,738,412
173,240,709,412
188,240,696,411
200,240,666,411
212,239,655,411
220,238,644,414
236,236,628,416
244,237,617,417
262,236,606,415
272,237,600,414
280,234,603,417
296,235,594,416
305,232,591,418
313,229,589,422
323,225,585,422
329,223,585,424
338,223,583,425
349,221,580,424
357,220,577,424
363,221,581,423
368,221,582,423
373,222,583,423
379,222,584,425
382,221,586,424
386,219,586,423
390,219,587,423
392,216,591,427
394,215,596,427
400,213,594,432
400,214,597,433
401,214,598,451
405,216,597,452
408,217,596,456
408,221,597,451
411,226,593,449
408,231,594,447
408,235,591,439
408,237,588,439
407,241,587,435
405,244,588,430
403,249,589,425
402,249,589,425
400,254,589,416
396,254,591,417
395,257,591,418
397,260,587,416
393,262,593,417
391,263,603,422
386,266,611,428
372,266,627,425
374,269,631,422
370,272,638,439
371,273,641,440
372,277,645,441
374,282,650,438
375,286,655,434
373,286,665,434
377,275,664,445
380,273,663,447
379,270,665,450
383,265,660,455
385,262,656,458
386,260,647,460
385,259,641,461
389,257,628,463
392,257,623,463
397,254,624,466
402,253,627,467
405,251,636,469
408,249,641,471
412,248,647,472
417,246,656,474
417,247,657,473
422,245,664,475
424,244,668,476
424,241,679,479
429,237,683,483
427,234,693,486
428,233,702,487
431,233,708,487
432,232,717,488
434,234,727,486
433,237,736,483
438,237,744,483
441,236,750,484
444,237,759,483
445,236,770,484
445,236,781,484
447,237,790,483
444,238,798,482
444,240,806,480
447,240,809,480
439,235,822,485
444,234,826,486
448,233,828,487
444,230,836,490
446,230,834,490
448,230,832,490
448,234,832,486
449,236,831,484
452,239,828,481
452,241,828,479
453,242,827,478
454,241,826,479
451,240,829,480
449,239,831,481
446,236,834,484
448,234,832,486
448,233,832,487
446,234,834,486
447,236,833,484
447,238,833,414
446,237,834,358
444,236,836,356
443,236,837,337
443,234,837,323
441,234,839,321
439,231,841,322
438,231,842,321
435,229,845,322
434,225,846,323
434,225,846,322
427,222,853,322
423,223,857,321
422,222,858,324
423,223,857,322
421,225,859,322
420,226,860,322
419,227,861,320
420,228,860,323
415,228,865,323
415,228,865,323
415,226,865,323
414,226,866,323
413,228,867,323
412,225,868,325
411,225,869,324
408,224,872,322
411,223,869,324
408,222,872,323
406,224,874,321
405,225,875,322
403,224,877,323
400,224,880,319
396,224,884,319
394,224,886,318
391,223,889,317
389,224,891,315
387,222,893,315
387,218,893,315
386,214,894,316
384,217,896,313
383,215,897,311
379,214,901,312
381,212,899,313
377,212,903,314
374,210,906,313
373,208,907,312
372,207,908,314
373,209,907,315
369,209,911,312
373,209,907,309
377,208,903,308
378,208,902,307
377,208,903,308
377,208,903,309
377,208,903,309
375,206,905,309
372,206,908,309
369,204,911,309
368,205,912,307
366,204,914,310
365,203,915,311
366,205,914,312
363,206,917,311
360,209,920,311
358,211,922,311
356,213,924,309
356,216,924,310
354,217,926,310
353,218,927,310
348,219,932,309
345,218,935,309
338,218,942,312
336,219,944,310
331,219,949,309
330,218,950,309
328,217,952,308
327,216,953,311
326,211,954,315
323,208,957,318
322,207,958,318
322,202,958,325
319,199,961,327
318,197,962,331
318,197,962,332
318,194,962,338
318,191,962,338
318,191,962,341
317,190,963,341
321,188,959,347
323,187,957,353
325,187,955,355
326,183,954,361
328,182,952,362
327,181,953,363
327,181,953,369
330,180,950,374
330,176,950,379
329,174,951,380
334,171,946,392
340,157,940,408
352,137,928,431
351,137,929,434
335,166,945,410
330,185,950,388
334,203,946,373
335,216,945,363
339,221,941,359
344,224,936,358
348,224,932,359
354,225,926,361
358,228,922,361
362,228,918,362
364,229,916,362
367,229,913,363
367,228,913,364
366,227,914,363
365,225,915,364
363,222,917,365
363,220,917,369
363,218,917,371
363,217,917,370
363,215,917,371
362,215,918,371
363,215,917,371
364,214,916,371
365,215,915,378
367,215,913,379
369,213,911,382
370,213,910,381
373,213,907,382
374,213,906,370
375,211,905,366
374,210,906,361
378,210,902,363
377,209,903,366
376,207,904,366
377,206,903,366
378,204,902,367
378,203,902,368
381,201,899,369
386,199,894,371
387,199,893,371
390,197,890,374
389,200,891,369
393,200,887,374
393,199,887,374
395,198,885,373
396,196,884,376
397,196,883,377
395,196,885,377
396,197,884,377
398,195,882,379
397,195,883,379
397,193,883,380
401,193,879,380
402,193,878,378
403,192,877,380
406,193,874,380
406,193,874,381
406,192,874,383
406,192,874,383
407,190,873,384
406,190,874,385
403,190,877,386
402,187,878,386
401,187,879,388
402,185,878,389
401,185,879,390
400,183,880,390
400,184,880,391
402,183,878,391
400,182,880,393
397,180,883,394
395,178,885,395
395,178,885,397
395,176,885,398
396,176,884,397
398,175,882,398
398,173,882,398
400,173,880,400
400,171,880,402
398,168,882,404
396,167,884,405
398,164,882,406
399,164,881,407
400,163,880,408
401,162,879,408
402,160,878,407
403,153,877,413
404,145,876,418
404,139,876,422
403,131,877,427
403,122,877,434
405,114,875,443
405,106,875,450
417,94,863,464
423,79,857,481
432,68,848,494
433,75,847,494
422,107,858,462
412,121,868,449
412,135,868,436
407,151,873,419
407,165,873,407
408,164,872,404
409,161,871,405
411,157,869,407
413,156,867,408
415,154,865,408
417,157,863,407
419,156,861,408
420,157,860,408
425,158,855,406
430,159,850,406
434,159,846,408
436,159,844,409
436,156,844,410
437,155,843,411
435,155,845,412
436,154,844,413
433,152,847,415
430,150,850,417
434,148,846,418
433,147,847,420
432,145,848,419
434,147,846,421
434,149,846,418
436,149,844,419
437,150,843,420
440,150,840,421
443,151,837,421
446,150,834,422
447,149,833,423
451,147,829,426
451,146,829,427
450,144,830,428
452,144,828,428
457,143,823,430
459,142,821,426
463,139,817,432
468,138,812,433
471,136,809,436
474,135,806,436
479,133,801,438
482,132,798,439
484,129,796,444
488,127,792,446
491,124,789,452
496,118,784,456
502,113,778,460
509,109,771,465
512,100,768,474
510,94,770,476
506,83,774,485
508,89,772,483
505,100,775,466
494,123,786,441
475,133,805,428
462,144,818,418
449,150,831,411
447,149,833,412
433,149,847,413
425,148,855,414
414,145,866,415
402,140,878,418
381,130,899,429
368,115,912,441
360,108,920,445
356,107,924,444
325,123,955,432
293,146,987,416
279,161,1001,393
260,169,1020,387
249,174,1031,381
245,170,1035,383
244,167,1036,383
249,165,1031,383
255,162,1025,386
261,159,1019,385
270,157,1010,387
278,159,1002,386
286,157,994,386
294,157,986,387
299,149,981,397
308,141,970,399
312,129,968,409
321,119,959,420
334,107,946,424
344,100,936,428
330,122,950,395
327,133,953,378
321,141,959,368
316,154,964,353
319,166,961,345
324,170,956,340
328,170,952,340
332,171,948,339
343,174,937,339
349,174,931,340
350,181,930,337
353,185,927,333
354,189,926,327
370,194,910,321
387,187,893,326
390,195,890,313
389,193,891,313
390,193,890,305
388,198,892,295
387,200,893,288
388,202,892,283
391,200,889,282
395,191,885,285
397,186,883,289
402,183,878,289
411,176,869,291
416,170,864,295
422,165,858,297
431,156,849,305
439,148,841,308
447,142,833,316
457,135,823,320
457,131,823,324
455,131,825,324
448,131,832,325
451,133,829,325
462,130,818,331
473,128,807,334
483,125,797,338
496,123,784,343
510,123,770,343
515,118,765,348
494,144,786,319
482,165,798,301
490,173,790,289
495,180,785,283
501,187,779,275
503,189,777,273
507,192,773,268
512,198,768,263
524,203,756,260
530,205,750,259
531,207,749,258
533,205,747,261
530,203,750,261
527,201,753,263
526,198,754,264
522,196,758,266
521,194,759,268
517,191,763,267
515,190,765,267
514,188,766,270
512,188,768,270
512,188,768,270
508,188,772,275
506,188,774,277
504,185,776,280
506,182,774,285
506,170,774,298
502,169,778,298
510,161,770,310
506,160,774,312
504,175,776,302
474,186,806,294
465,193,815,286
484,204,796,279
483,209,797,274
486,213,794,270
487,213,793,271
488,210,792,275
485,208,795,277
486,205,794,281
487,204,793,280
485,205,795,279
480,206,800,282
495,200,785,291
487,197,793,298
483,201,797,295
477,203,803,297
475,207,805,295
474,215,806,289
477,220,803,286
480,222,800,288
482,228,798,285
445,226,835,289
450,223,830,293
466,212,814,302
491,206,789,310
480,199,800,318
500,194,780,325
508,191,772,331
519,186,761,335
490,176,790,344
501,164,779,355
528,136,752,382
549,124,731,389
569,127,711,385
563,148,717,361
556,153,724,356
552,160,728,347
551,161,729,345
549,166,731,341
549,164,731,344
546,160,734,352
550,161,730,358
554,160,726,362
562,151,718,373
571,146,709,383
584,136,696,396
595,132,685,403
594,129,686,405
597,128,683,409
598,127,682,412
601,126,679,415
603,121,677,422
610,115,670,431
624,107,656,441
633,103,647,447
640,101,640,450
647,99,633,454
651,99,629,454
650,99,630,452
647,96,633,459
650,97,630,461
658,87,622,467
649,83,631,475
640,78,640,488
624,82,656,489
600,119,680,459
580,136,700,447
572,154,708,437
558,169,722,427
552,176,728,425
550,177,730,431
545,180,735,440
536,183,744,441
528,190,752,441
514,202,766,438
496,216,784,433
486,224,794,429
477,226,803,432
470,227,810,435
468,224,812,438
471,217,809,449
477,198,803,468
486,190,794,485
502,167,778,507
522,134,758,539
532,114,748,561
532,116,748,565
507,137,773,539
495,163,785,523
488,190,792,493
487,204,793,483
483,223,797,472
481,227,799,478
478,226,802,486
477,223,803,497
477,224,803,496
475,224,805,496
474,225,806,495
473,225,807,495
470,225,810,495
466,225,814,495
467,225,813,495
467,223,813,497
467,217,813,503
466,211,814,509
464,206,816,514
464,208,816,512
465,209,815,511
464,212,816,508
463,213,817,507
464,211,816,509
464,209,816,511
464,207,816,513
463,206,817,514
461,205,819,515
465,199,815,521
470,187,810,533
479,178,801,542
491,168,789,552
499,163,781,557
510,159,770,561
518,152,762,568
529,143,751,577
544,126,736,594
556,118,724,602
585,121,695,599
543,144,737,576
567,173,713,547
567,189,713,531
568,202,712,518
571,206,709,514
575,205,705,515
574,203,706,517
579,193,701,527
576,184,704,536
561,181,719,539
545,179,735,541
519,184,761,536
513,188,767,532
505,190,775,530
499,189,781,531
495,182,785,538
497,170,783,550
512,159,768,561
521,114,759,606
514,137,766,583
492,173,788,547
478,225,802,495
470,252,810,468
459,275,821,445
453,287,827,433
447,284,833,436
445,275,835,445
445,268,835,452
447,262,833,458
448,261,832,459
451,261,829,459
453,258,827,462
453,256,827,464
455,254,825,466
454,250,826,470
456,243,824,477
456,237,824,483
457,233,823,487
458,230,822,490
458,227,822,493
458,223,822,497
462,220,818,500
462,213,818,507
467,209,813,511
472,202,808,518
478,185,802,535
486,170,794,550
508,148,772,572
529,146,751,574
534,185,746,535
538,195,742,525
529,204,751,516
522,208,758,512
513,208,767,512
500,210,780,510
494,208,786,512
482,205,798,515
475,204,805,516
471,199,809,521
472,188,808,532
472,168,808,552
491,146,789,574
496,125,784,595
513,121,767,599
491,169,789,551
478,204,802,516
465,230,815,490
449,250,831,470
449,250,831,470
447,236,833,484
443,225,837,495
441,215,839,505
444,214,836,506
443,212,837,508
446,213,834,507
445,218,835,502
440,222,840,498
438,222,842,498
436,222,844,498
433,219,847,501
427,216,853,504
426,210,854,510
427,197,853,523
444,179,836,541
462,162,818,558
469,161,811,559
459,213,821,507
460,225,820,495
463,248,817,472
458,259,822,461
456,263,824,457
449,268,831,452
445,268,835,452
444,266,836,454
448,262,832,458
452,254,828,466
463,238,817,482
477,221,803,497
500,201,780,519
485,222,795,498
479,254,801,466
475,282,805,438
473,291,807,429
472,289,808,431
467,282,813,438
462,278,818,442
459,277,821,443
458,276,822,444
453,274,827,446
449,270,831,450
444,265,836,455
439,263,841,457
435,263,845,457
429,262,851,458
422,265,858,455
422,261,858,459
426,251,854,469
435,240,845,480
452,228,828,492
450,257,830,463
437,304,843,416
441,342,839,378
447,367,833,353
449,387,831,333
456,398,824,322
460,402,820,318
465,402,815,318
468,399,812,321
471,392,809,328
474,385,806,335
476,375,804,345
485,355,795,365
482,333,798,387
496,317,784,403
522,293,758,427
543,293,737,427
538,323,742,397
530,340,750,380
527,354,753,366
524,369,756,351
522,372,758,348
522,365,758,355
525,355,755,365
525,351,755,369
527,348,753,372
532,348,748,372
533,347,747,373
537,346,743,374
534,343,746,377
532,339,748,381
531,334,749,386
532,329,748,391
531,324,749,396
533,321,747,399
532,318,748,402
532,315,748,405
535,313,745,407
537,310,743,410
541,304,739,416
550,292,730,428
558,277,722,443
568,262,712,458
577,245,703,475
585,236,695,484
589,227,691,493
591,220,689,500
592,214,688,506
591,211,689,509
592,207,688,513
589,207,691,513
585,208,695,512
582,209,698,511
580,209,700,511
579,210,701,510
577,206,703,514
578,202,702,518
581,192,699,528
584,182,696,538
593,170,687,550
605,163,675,557
616,168,664,552
606,195,674,525
595,212,685,508
586,230,694,490
574,240,706,480
559,246,721,474
554,247,726,473
547,247,733,473
543,239,737,481
546,226,734,494
556,221,724,499
571,183,709,537
559,199,721,521
540,224,740,496
532,248,748,472
523,270,757,450
523,278,757,442
526,276,754,444
524,277,756,443
524,278,756,442
530,278,750,442
534,276,746,444
538,276,742,444
541,275,739,445
542,268,738,452
546,262,734,458
544,258,736,462
543,259,737,461
542,260,738,460
538,265,742,455
536,271,744,449
535,274,745,446
533,277,747,443
534,278,746,442
539,277,741,443
541,276,739,444
541,275,739,445
541,272,739,448
541,269,739,449
540,267,740,453
542,264,738,456
539,260,741,460
542,256,738,464
544,252,736,468
545,246,735,474
545,244,735,476
545,241,735,479
547,239,733,481
552,237,728,483
558,233,722,487
563,229,717,491
565,229,715,491
569,226,711,494
572,226,708,494
575,224,705,496
577,222,703,498
574,221,706,499
574,220,706,500
575,218,705,502
574,215,706,505
569,211,711,508
566,203,714,517
567,193,713,527
569,181,711,539
576,178,704,542
597,182,683,538
606,211,674,509
606,225,674,495
602,239,678,481
597,250,683,470
585,256,695,464
576,258,704,462
565,256,715,464
556,248,724,472
552,232,728,488
541,212,739,508
542,200,738,520
557,196,723,524
577,197,703,523
567,226,713,494
549,252,731,468
528,275,752,445
509,285,771,435
502,291,778,429
499,289,781,431
502,286,778,434
502,280,778,440
496,267,784,453
495,251,785,469
497,222,783,498
513,201,767,519
528,158,752,562
526,159,754,561
509,160,771,560
500,176,780,544
487,200,793,520
478,221,802,499
467,243,813,477
461,263,819,457
456,268,824,452
454,263,826,457
454,256,826,464
457,241,823,479
459,225,821,495
466,199,814,521
480,176,800,544
504,167,776,553
501,172,779,548
483,176,797,544
465,195,815,525
452,236,828,484
446,260,834,460
446,269,834,451
448,265,832,455
452,257,828,463
454,249,826,471
458,249,822,471
463,239,817,481
465,233,815,487
469,224,811,496
475,213,805,507
479,201,801,519
486,190,794,530
496,178,784,542
504,165,776,555
512,153,768,567
520,144,760,576
530,136,750,584
533,129,747,591
533,125,747,595
534,121,746,599
535,117,745,603
539,112,741,608
543,107,737,613
545,101,735,619
554,94,726,626
559,91,721,629
567,92,713,628
575,100,705,620
581,105,699,615
583,110,697,610
583,113,697,607
584,113,696,607
584,111,696,609
581,101,699,619
585,91,695,629
582,80,698,640
602,94,678,626
608,130,672,590
624,186,656,534
630,208,650,512
624,238,656,482
615,255,665,465
602,266,678,454
592,269,688,451
565,266,715,454
546,259,734,461
535,256,745,464
530,258,750,462
528,258,752,462
527,257,753,463
523,254,757,466
517,248,763,472
517,238,763,482
514,222,766,498
512,196,768,524
518,182,762,538
533,165,747,555
555,149,725,571
547,156,733,564
528,201,752,519
506,220,774,500
499,231,781,489
498,237,782,483
497,238,783,482
495,240,785,480
490,237,790,483
488,236,792,484
488,228,792,492
490,207,790,513
493,181,787,539
507,159,773,561
534,145,746,575
531,134,749,586
560,135,720,585
537,149,743,571
511,160,769,560
504,176,776,544
497,186,783,534
478,199,802,521
490,199,790,521
490,200,790,520
498,200,782,520
501,198,779,522
503,197,777,523
503,195,777,525
509,188,771,532
509,183,771,537
516,169,764,551
521,158,759,562
532,149,748,571
541,141,739,579
548,129,732,591
552,112,728,608
557,96,723,624
563,89,717,631
587,87,693,633
593,97,687,623
586,112,694,608
564,119,716,601
552,127,728,593
547,129,733,591
551,130,729,590
552,130,728,590
550,128,730,592
545,123,735,597
544,113,736,607
547,96,733,624
560,81,720,639
589,52,691,668
583,44,697,676
571,57,709,663
554,58,726,662
538,70,742,650
526,90,754,630
523,107,757,613
520,114,760,606
519,113,761,607
523,101,757,619
543,87,737,633
560,69,720,651
555,50,725,670
538,54,742,666
518,68,762,652
502,85,778,635
501,112,779,608
498,135,782,585
498,142,782,578
497,140,783,580
499,129,781,591
503,110,777,610
518,77,762,643
560,66,720,654
542,51,738,669
526,48,754,672
501,66,779,654
492,78,788,642
489,101,791,619
482,123,798,597
479,144,801,576
478,149,802,571
477,152,803,568
480,151,800,569
481,152,799,568
484,153,796,567
485,153,795,567
482,158,798,562
482,159,798,561
482,159,798,561
481,161,799,559
481,162,799,558
483,169,797,551
484,173,796,547
487,178,793,542
491,184,789,536
492,187,788,533
496,192,784,528
497,194,783,526
499,197,781,523
502,199,778,521
505,202,775,518
504,204,776,516
509,209,771,511
513,212,767,508
514,215,766,505
513,221,767,499
512,224,768,496
511,227,769,493
510,229,770,491
512,231,768,489
511,233,769,487
513,234,767,486
513,236,767,484
516,236,764,484
516,236,764,484
517,237,763,483
515,236,765,484
516,237,764,483
520,237,760,483
521,236,759,484
523,233,757,487
527,225,753,495
527,225,753,495
530,210,750,510
519,193,761,527
543,177,737,543
559,157,721,563
574,145,706,575
569,139,711,581
561,143,719,577
554,156,726,564
552,172,728,548
553,176,727,544
558,174,722,546
558,166,722,554
559,167,721,553
560,165,720,555
561,161,719,559
561,144,719,576
573,121,707,599
594,98,686,622
584,93,696,627
580,85,700,635
567,95,713,625
565,110,715,610
567,130,713,590
566,141,714,579
565,153,715,567
565,155,715,565
563,155,717,565
563,153,717,567
560,151,720,569
559,147,721,573
557,142,723,578
556,134,724,586
559,122,721,598
569,116,711,604
589,85,691,635
586,69,694,651
569,66,711,654
547,74,733,646
534,111,746,609
528,145,752,575
521,170,759,550
516,204,764,516
515,224,765,496
512,229,768,491
515,228,765,492
517,225,763,495
516,227,764,493
514,229,766,491
514,232,766,488
513,233,767,487
