526,122,754,454
508,53,772,510
497,47,783,513
488,79,792,519
484,128,796,519
484,171,796,497
495,194,785,477
510,196,770,460
523,187,757,459
529,190,751,407
530,205,750,408
517,220,763,465
497,217,783,459
482,189,798,451
470,157,810,465
455,192,825,419
447,114,833,464
440,78,840,465
433,40,847,475
439,13,841,484
460,31,820,462
481,42,799,472
493,93,787,459
492,87,788,446
487,51,793,437
483,37,797,450
473,52,807,451
464,53,816,444
459,41,821,444
459,44,821,459
469,64,811,462
467,67,813,457
451,50,829,461
429,47,800,479
418,68,802,487
418,100,790,471
404,93,802,464
391,75,803,461
382,61,806,465
382,56,804,468
391,58,806,468
403,73,807,467
411,88,820,460
418,82,554,369
424,62,500,324
444,49,532,255
462,47,510,260
477,39,414,252
479,26,400,252
471,39,383,253
470,58,382,254
483,57,384,234
499,50,415,238
509,42,438,243
517,22,416,243
528,1,421,245
541,1,527,254
550,11,530,252
555,13,574,249
555,9,602,247
553,2,597,246
549,1,598,246
550,8,596,246
552,20,581,249
552,36,569,248
549,40,566,246
543,36,564,244
535,15,561,238
527,1,541,230
526,1,580,226
520,10,568,228
518,23,561,228
513,19,560,226
506,7,561,225
507,1,562,219
512,1,565,219
518,7,569,220
523,15,571,221
524,27,574,221
522,39,574,221
522,47,575,221
519,56,577,231
519,53,583,238
515,50,585,238
516,47,596,239
515,50,597,245
513,59,597,245
513,63,599,244
512,61,605,244
510,60,607,243
507,60,610,242
505,63,610,240
501,59,599,239
503,63,576,220
504,71,556,217
511,78,539,217
521,79,525,216
526,86,564,205
530,84,564,202
531,79,566,200
531,77,572,199
530,74,575,197
528,79,578,195
526,88,581,195
525,93,586,194
526,92,573,193
525,92,587,192
521,82,584,191
518,70,583,187
515,71,580,187
511,82,576,187
508,88,513,178
498,89,512,174
489,94,511,171
487,115,514,170
491,147,567,198
497,167,570,198
502,179,586,203
517,192,608,238
542,191,626,169
563,189,626,168
576,194,630,169
579,198,637,166
572,209,651,165
558,226,668,168
543,242,671,179
529,252,670,186
524,268,671,209
522,275,672,208
519,270,671,206
515,264,665,204
516,261,660,206
520,267,659,170
527,277,660,196
523,263,615,173
502,230,613,169
481,171,390,177
472,93,491,217
473,28,699,313
468,32,741,335
469,66,769,340
474,107,776,340
466,143,814,322
448,160,832,333
427,177,835,331
415,191,865,332
415,213,846,331
425,231,844,327
425,226,844,322
424,208,845,319
428,185,845,317
427,174,847,322
418,181,846,322
407,191,843,324
396,203,846,326
385,218,846,326
375,226,849,322
367,231,850,322
362,234,852,323
360,238,852,317
361,230,853,315
362,224,854,315
366,219,854,315
371,215,857,316
370,214,850,316
372,213,849,317
377,211,849,317
379,206,851,318
382,203,851,318
385,180,852,318
390,159,848,312
388,152,848,315
387,159,846,317
388,166,850,320
394,178,853,320
396,196,854,321
399,205,850,320
399,203,851,315
403,185,853,311
401,177,851,321
391,196,848,326
385,219,848,327
386,240,879,327
400,257,855,316
406,256,854,314
408,252,855,312
413,245,855,310
430,235,850,312
454,227,825,311
479,204,801,305
489,177,667,305
489,162,602,316
482,160,572,311
481,156,486,276
477,173,525,270
471,192,536,270
471,200,490,291
476,253,430,256
486,270,372,249
495,267,374,241
495,272,411,195
501,256,471,197
513,219,505,196
525,204,690,194
537,215,703,218
546,215,703,223
553,238,703,215
552,246,708,213
544,257,711,207
533,245,725,201
523,222,714,194
515,205,714,194
515,205,714,201
521,205,714,223
529,241,708,205
532,248,708,205
531,242,708,205
532,235,708,201
536,235,715,200
545,244,718,200
549,256,717,199
553,262,719,195
554,268,721,195
553,276,721,195
555,288,721,193
557,294,719,192
562,292,718,191
564,291,715,189
567,288,713,188
565,284,711,186
575,280,705,185
585,275,695,185
589,253,691,192
585,242,695,200
580,228,698,200
570,219,710,212
554,220,712,239
539,270,706,226
523,271,689,219
499,231,666,188
470,195,584,199
448,154,557,229
441,171,560,234
447,199,564,227
456,189,573,229
449,148,617,262
433,116,634,263
412,80,656,284
405,59,660,295
406,58,678,294
410,63,698,295
410,76,712,295
403,92,727,294
398,109,737,294
392,120,742,294
387,126,742,293
382,122,745,291
379,116,741,290
380,109,739,289
381,108,736,289
381,109,736,295
376,110,733,295
366,101,739,295
356,95,748,297
351,92,765,298
351,102,768,292
348,113,815,292
339,120,874,304
337,121,895,303
341,117,897,302
343,115,897,306
344,114,899,304
344,118,895,304
342,122,896,302
338,127,893,300
334,135,891,301
331,139,891,301
331,139,893,302
335,133,893,302
336,132,892,302
326,141,890,302
299,150,891,296
299,151,887,294
292,149,887,292
299,165,885,291
299,164,885,291
307,182,885,293
308,186,880,288
309,185,879,288
306,180,877,288
317,192,878,286
317,191,878,287
329,194,879,290
334,200,880,290
335,199,878,290
338,211,878,290
336,205,873,288
335,207,875,286
332,181,874,287
333,175,872,286
333,175,875,281
334,172,871,279
329,158,870,280
321,150,867,283
315,147,864,284
312,155,863,284
313,167,863,284
320,178,864,280
330,189,866,279
335,200,867,280
348,205,866,280
357,204,867,279
361,205,868,279
361,210,868,277
356,219,870,276
349,221,861,276
342,225,864,277
333,224,866,276
321,219,865,274
314,217,864,273
315,219,864,273
319,228,864,273
323,233,865,271
322,231,864,270
313,219,867,271
303,213,867,269
302,211,866,268
303,212,865,272
306,214,868,272
307,213,868,274
305,212,870,272
301,213,868,271
299,217,868,271
302,225,872,275
302,227,870,271
297,221,870,268
288,207,867,270
287,196,864,270
287,192,866,270
294,196,867,273
295,200,872,273
294,201,876,272
292,199,877,272
292,198,877,271
294,199,873,275
295,198,874,277
293,200,878,277
293,209,881,274
294,214,882,274
296,219,877,276
299,223,874,276
304,227,872,274
307,232,872,274
313,239,872,273
316,248,874,276
315,251,875,276
309,251,877,275
304,252,879,274
304,250,880,271
305,245,881,271
306,240,881,274
306,240,881,274
307,243,880,274
310,248,880,274
312,253,879,273
312,253,876,274
309,251,877,274
308,247,856,271
310,246,823,274
311,248,826,275
312,248,828,275
311,246,829,275
312,246,830,275
310,245,832,275
311,246,833,273
310,245,836,273
308,240,838,273
308,237,840,275
307,235,823,275
308,234,825,275
314,237,826,273
314,234,828,273
315,235,827,272
315,234,828,273
313,231,824,273
318,229,824,273
318,228,826,273
321,225,824,274
319,224,824,273
317,222,826,273
318,222,828,273
318,221,829,272
316,217,831,272
316,215,832,273
315,216,833,273
318,219,829,273
315,216,831,273
318,215,828,273
318,215,829,273
323,217,825,275
323,216,827,275
322,218,827,273
319,216,829,273
320,217,828,273
320,217,829,273
322,217,829,273
322,218,830,273
322,219,831,275
320,218,828,277
320,220,829,277
321,220,830,277
325,221,830,273
330,218,828,273
329,215,829,273
325,212,832,274
319,215,829,276
319,221,830,277
322,226,832,277
328,232,831,275
327,231,832,275
331,231,832,274
330,231,834,274
332,238,835,277
331,244,836,277
326,246,836,275
322,241,837,275
320,240,840,276
326,250,841,278
332,260,842,276
331,262,838,276
327,260,837,276
324,263,836,276
324,267,837,276
324,273,837,276
321,269,839,276
321,263,838,275
319,258,840,275
323,259,841,272
322,259,837,272
321,257,840,273
316,254,838,273
316,255,839,272
310,251,836,272
304,248,835,272
297,248,834,272
293,250,832,275
290,254,831,278
285,258,830,275
280,256,830,274
277,249,832,273
275,241,838,274
277,236,839,276
279,236,836,276
282,239,835,278
287,240,835,279
291,240,836,279
294,243,835,277
296,239,838,277
294,233,844,276
289,233,841,279
286,241,837,279
286,251,837,276
285,249,838,276
283,249,839,275
282,252,840,276
284,250,842,276
284,243,843,280
286,237,844,282
287,239,838,282
290,245,837,282
295,249,837,282
293,250,835,282
291,251,837,282
288,252,836,282
285,253,834,281
284,253,834,280
283,253,836,280
287,254,836,277
288,253,835,277
285,251,834,277
283,249,834,278
282,250,835,278
281,251,836,278
282,252,838,278
281,250,839,278
280,249,835,274
279,244,831,275
278,244,831,276
276,242,831,275
275,238,831,276
275,236,831,278
275,235,830,278
271,230,832,277
266,226,834,277
265,225,833,278
265,224,831,277
264,224,831,277
261,221,833,277
257,218,835,277
258,217,832,277
260,216,829,277
260,217,829,278
259,215,831,278
258,213,832,278
256,212,833,278
259,212,831,278
263,216,829,278
263,216,832,281
263,214,832,282
261,212,833,285
261,212,835,284
265,214,834,280
269,215,833,280
272,217,834,280
272,217,836,283
270,215,838,286
266,214,839,285
264,213,836,285
265,213,838,286
264,216,840,284
262,213,828,288
265,211,830,285
265,211,832,285
266,210,834,284
268,208,835,284
268,206,836,283
267,206,837,286
269,206,838,286
273,207,839,286
274,208,843,283
274,206,846,282
275,206,849,281
276,207,816,280
276,206,821,279
278,205,822,278
280,205,821,278
278,204,820,277
274,205,821,277
269,206,821,278
268,211,822,279
269,214,821,279
269,217,823,278
265,220,823,278
261,222,824,278
262,227,820,279
261,227,824,278
262,224,823,277
261,221,824,277
263,219,823,278
264,215,821,278
264,208,820,279
263,203,818,281
262,199,818,276
261,199,816,279
263,199,813,279
264,199,813,282
265,202,814,276
264,208,816,273
264,219,815,272
280,238,815,286
303,259,818,281
323,277,820,285
332,279,820,288
336,260,822,285
336,247,821,292
336,260,821,301
334,281,822,310
326,309,823,310
335,312,824,313
359,285,824,312
374,236,820,304
377,197,816,305
378,176,818,307
382,159,816,310
384,144,818,312
376,131,819,312
363,132,814,322
356,151,811,321
355,148,801,321
353,128,798,323
346,113,798,323
341,114,796,328
342,112,789,327
344,92,786,325
350,90,774,321
354,101,768,320
357,95,763,315
355,73,761,314
352,56,758,316
351,38,755,316
352,12,755,316
352,1,753,290
352,1,755,286
353,1,753,295
350,1,751,315
344,1,750,335
340,1,750,345
336,43,741,336
330,79,743,334
325,95,745,328
318,102,748,320
309,110,751,314
301,118,752,308
298,123,752,308
301,129,755,309
317,128,759,309
338,133,761,309
353,152,761,321
358,163,761,324
360,151,764,324
361,126,767,325
368,104,769,323
375,80,770,323
383,56,772,324
394,53,772,327
395,98,770,320
381,137,767,320
361,144,766,319
342,145,766,319
334,157,767,319
339,170,769,320
343,181,771,322
336,182,770,325
328,167,774,325
324,168,771,322
329,182,772,346
340,185,771,346
344,173,770,347
348,165,772,348
352,170,771,362
356,194,772,372
359,215,767,375
355,207,766,377
338,175,767,377
322,154,769,365
316,154,767,362
322,126,760,402
340,166,758,402
353,205,759,400
348,243,758,399
347,256,754,393
368,265,752,383
395,283,742,367
427,292,739,396
455,332,736,388
439,361,761,359
422,385,761,335
395,380,763,340
371,359,765,361
362,332,748,386
379,319,749,389
408,323,750,397
419,366,747,354
540,443,580,277
598,509,451,211
631,523,400,197
551,496,536,224
430,407,770,313
433,311,772,377
424,246,775,371
403,182,778,392
371,164,750,396
334,159,739,411
306,170,746,411
328,190,755,401
354,156,758,402
374,127,751,403
392,103,753,404
415,74,755,410
433,62,757,418
456,69,757,431
484,73,757,431
511,69,759,435
523,80,746,432
521,90,754,439
524,103,742,452
513,113,709,483
487,126,709,475
483,88,674,475
461,37,678,464
457,4,678,463
448,1,683,453
436,1,697,430
443,1,700,416
447,1,703,425
438,1,685,464
427,4,686,486
422,38,695,486
414,66,697,486
399,86,698,474
389,95,698,473
389,99,699,463
391,94,700,462
393,82,702,462
400,67,703,457
409,53,706,457
416,43,709,457
416,40,710,458
418,33,710,460
421,35,711,461
425,47,710,465
426,64,710,467
421,71,709,471
417,77,705,471
411,79,709,471
409,82,712,472
410,88,713,473
411,92,716,474
411,92,717,475
411,102,718,460
414,101,719,455
416,101,721,456
418,104,707,457
417,103,710,461
413,98,712,461
408,97,713,457
405,93,715,454
399,95,717,455
392,99,719,453
390,104,705,453
388,103,708,453
387,98,711,457
388,96,713,458
393,98,716,459
397,95,718,460
397,96,719,461
396,97,719,461
393,95,720,461
390,90,721,462
389,87,722,464
388,86,723,464
388,84,724,464
391,93,722,461
389,93,724,460
388,94,725,460
388,93,726,461
387,91,727,461
389,90,725,461
390,91,724,463
391,95,724,464
391,99,722,465
390,96,724,466
389,93,725,467
387,92,726,467
386,91,727,467
386,90,727,468
384,87,725,463
386,86,727,458
382,83,728,459
378,83,729,459
379,80,726,463
378,73,719,463
376,72,720,463
374,66,720,463
374,64,721,464
374,65,722,465
380,68,722,466
381,75,723,467
385,67,724,476
384,67,724,476
384,67,719,476
384,61,718,478
386,62,718,478
386,61,715,479
385,57,707,478
386,55,708,481
387,50,702,481
389,42,697,481
389,26,696,481
389,12,680,482
390,3,673,488
394,2,675,487
398,1,667,483
412,1,670,485
429,10,672,486
428,2,645,526
422,22,645,513
431,12,645,525
439,2,632,523
434,7,628,523
429,33,623,528
438,54,623,531
451,63,625,526
450,57,619,526
442,56,619,525
438,61,620,527
443,72,621,528
448,96,622,533
441,128,625,534
421,135,624,527
406,128,626,516
397,115,627,516
391,101,628,512
391,68,630,510
383,72,630,529
387,90,627,533
385,110,628,535
370,107,627,520
358,80,627,521
366,79,625,530
376,84,626,535
377,101,623,539
380,130,625,546
399,155,619,551
420,188,620,532
437,207,619,513
446,208,619,512
450,205,620,513
448,214,621,506
446,236,621,484
450,263,622,457
449,307,622,413
453,346,622,374
457,361,622,359
461,369,622,351
465,373,623,347
479,385,626,335
492,385,628,335
500,389,628,331
496,398,631,322
486,407,631,313
480,423,633,297
484,412,635,308
471,403,635,317
464,401,647,319
457,409,648,311
466,431,632,289
514,468,569,252
572,512,485,208
695,573,157,147
667,634,157,86
667,641,156,79
668,633,155,87
657,635,155,85
665,608,158,112
684,619,154,101
698,675,81,45
673,692,61,28
628,679,83,41
618,671,104,49
616,674,87,46
588,679,73,41
559,677,73,43
531,658,137,62
538,643,151,77
550,657,137,63
547,691,52,29
571,690,52,29
344,112,816,289
344,112,816,289
344,112,816,289
344,112,816,289
344,112,816,289
522,684,75,36
526,670,113,50
513,660,156,60
521,663,152,57
531,657,152,63
543,668,129,52
545,696,75,24
547,707,20,13
548,707,20,13
344,112,816,289
448,662,153,58
465,611,164,109
402,559,452,159
341,522,515,197
298,501,538,216
300,502,553,216
191,467,700,252
193,405,733,313
217,315,736,405
213,220,736,423
186,131,741,431
175,86,744,437
184,62,749,470
203,72,751,474
232,86,745,482
257,91,744,485
299,102,744,489
351,128,747,489
381,137,751,487
381,161,755,451
373,139,759,480
367,156,764,489
362,197,766,467
358,191,767,450
328,130,770,429
289,50,772,428
254,1,784,427
240,1,786,400
233,1,787,432
241,1,781,476
267,29,773,480
292,51,775,479
321,100,774,481
327,155,776,478
318,206,778,479
312,249,780,468
312,288,781,432
307,302,782,418
297,295,782,425
295,291,783,429
297,287,786,432
295,281,788,439
289,271,790,449
286,258,788,462
288,250,788,470
289,244,788,464
288,234,791,468
285,209,906,485
278,222,901,494
272,220,895,485
263,227,902,492
263,228,904,492
262,224,906,493
262,225,902,487
260,227,896,484
249,203,905,500
248,205,904,487
245,193,903,487
241,196,899,486
238,188,900,456
236,189,902,455
235,191,905,456
237,193,909,459
234,194,905,462
233,194,905,463
234,192,907,464
237,191,906,466
238,192,907,460
240,191,900,462
238,187,903,469
240,203,905,446
239,205,909,448
231,204,912,449
214,199,915,450
195,191,916,450
165,180,924,429
139,164,924,430
125,160,926,432
114,156,929,433
117,158,933,435
131,163,930,437
134,161,933,428
137,158,935,429
126,165,940,433
113,180,945,437
105,201,947,435
97,204,948,430
92,191,950,423
91,176,953,424
97,169,953,425
99,175,956,426
107,178,954,427
112,174,957,425
118,161,958,426
133,158,954,424
141,167,956,444
159,210,946,443
162,230,949,444
160,238,950,442
159,235,950,439
172,232,950,440
183,233,952,434
196,241,951,437
201,264,952,440
208,280,954,440
214,281,952,439
222,287,953,433
233,299,954,421
242,303,956,417
247,305,955,415
254,297,952,423
265,288,950,432
274,274,949,433
278,259,948,431
279,240,948,428
275,209,948,424
262,163,950,423
253,123,950,428
241,99,948,438
228,99,946,442
222,122,948,448
235,135,947,431
246,119,949,449
285,178,953,464
293,226,954,440
298,232,955,443
300,243,956,447
305,259,959,448
312,272,962,448
318,295,961,425
330,308,950,412
342,331,938,389
354,354,926,366
370,365,910,355
383,376,897,344
385,373,895,347
378,369,897,351
371,365,909,355
364,361,916,359
361,347,919,373
359,325,921,395
353,280,927,427
339,235,941,427
321,188,946,422
302,140,948,433
290,133,948,442
284,125,948,444
280,116,953,445
287,117,954,445
295,111,955,441
297,98,957,450
294,105,959,451
293,120,961,444
299,116,956,444
304,110,957,446
309,109,958,447
312,112,959,451
326,117,954,455
331,117,949,456
331,109,949,455
330,104,950,455
329,105,951,456
324,108,953,463
321,122,959,453
319,125,961,453
323,124,957,454
323,122,957,455
323,122,957,456
321,120,959,457
319,117,961,458
318,116,962,459
321,112,959,460
319,111,961,461
316,116,964,462
314,123,962,462
316,127,953,463
319,138,954,455
320,132,956,457
319,129,955,458
314,127,954,459
305,128,955,459
298,127,956,457
293,118,959,459
290,105,957,468
287,89,957,457
285,79,958,459
282,72,958,459
277,69,958,463
275,67,958,469
275,78,960,466
278,77,963,465
283,79,963,464
281,78,965,465
283,81,967,464
281,84,968,461
278,86,966,458
270,81,962,460
265,81,965,457
263,84,967,458
265,82,963,458
261,75,963,457
250,68,957,456
239,75,956,453
227,71,959,453
222,70,961,454
222,79,962,465
227,91,960,464
224,93,961,465
219,104,961,459
217,106,964,460
217,105,965,458
216,105,966,459
219,105,965,461
218,105,966,461
222,111,962,462
222,120,962,462
222,142,963,462
219,163,959,453
212,159,958,453
222,164,951,443
230,174,955,439
229,170,957,439
235,175,961,435
240,182,962,433
237,196,962,434
232,203,959,437
234,203,961,439
248,205,961,440
261,213,960,440
272,223,960,442
291,228,962,439
318,239,962,427
349,232,931,414
372,205,908,408
387,177,892,413
400,162,880,414
407,153,873,415
420,147,860,420
427,142,853,420
428,135,852,421
410,131,870,421
386,133,894,424
374,143,906,427
377,153,903,423
384,145,896,422
395,141,885,423
408,141,872,424
417,149,863,425
443,153,837,425
475,162,805,424
497,168,783,434
512,184,768,428
517,190,763,426
517,186,763,427
514,176,766,428
511,170,769,429
509,169,771,430
506,166,774,431
505,165,775,430
506,163,774,431
507,174,773,416
506,167,774,424
506,169,774,429
507,171,773,419
506,166,774,420
506,163,774,421
506,158,774,422
506,153,774,423
506,160,774,416
504,158,776,417
504,151,776,419
505,149,775,420
504,148,776,421
505,146,775,422
503,143,777,423
502,144,778,424
503,147,777,425
504,147,776,426
504,143,776,427
504,142,775,430
501,140,778,431
499,142,780,430
496,142,783,431
495,141,785,432
496,141,784,433
501,139,779,434
500,149,780,425
498,149,782,426
497,156,783,427
495,154,785,428
499,156,780,418
497,158,783,419
495,156,785,420
493,155,787,421
496,156,784,422
495,155,785,423
494,150,786,423
491,146,788,424
489,147,791,425
488,146,792,426
484,146,794,427
480,145,797,428
482,147,798,429
480,153,800,429
478,153,802,431
476,152,804,432
475,149,805,432
472,157,807,420
470,152,809,422
467,150,811,423
464,148,813,424
462,149,818,425
460,149,820,426
459,150,821,425
459,148,821,426
462,146,818,426
458,143,822,427
455,143,825,429
452,141,828,429
450,141,830,430
453,144,827,427
452,144,828,425
450,142,830,426
451,147,829,420
450,146,830,421
452,145,828,422
453,143,827,423
456,143,824,423
453,142,826,424
450,140,828,425
448,142,832,424
449,143,831,423
448,144,832,424
451,144,829,424
451,146,829,425
454,151,826,423
456,150,824,424
458,150,822,425
456,148,824,426
455,146,825,424
453,142,827,425
458,136,822,427
456,134,824,428
453,135,827,427
452,133,828,428
453,132,827,429
453,131,827,430
462,138,818,426
461,140,819,426
460,143,820,427
457,141,822,428
457,140,823,427
462,142,818,426
461,142,819,427
461,145,819,428
460,147,820,427
459,145,821,428
459,145,821,425
456,142,823,426
452,152,827,428
453,151,827,428
462,155,818,424
469,153,811,424
466,153,814,423
464,151,816,427
463,151,817,428
465,152,815,426
465,151,815,427
465,158,815,421
469,157,811,421
468,157,812,422
466,155,814,424
466,154,814,424
472,157,808,421
470,156,810,423
474,155,806,424
473,151,807,425
472,151,808,425
467,149,811,426
464,148,816,427
462,144,818,428
461,139,819,429
466,138,814,428
464,136,816,429
467,136,813,427
465,144,815,418
461,142,817,419
459,135,821,425
456,132,824,428
458,132,822,429
455,137,825,429
454,144,826,425
456,144,824,426
457,145,823,428
454,147,826,427
458,147,822,425
457,147,823,426
457,147,823,428
463,151,816,423
465,155,815,418
463,157,817,419
460,156,820,420
458,153,822,421
457,149,823,422
456,148,824,423
461,150,819,424
460,155,820,417
463,166,817,410
462,168,818,399
459,152,820,412
459,149,821,416
458,146,822,419
456,143,824,420
462,142,817,421
461,146,819,418
458,145,821,419
457,146,823,419
456,147,824,419
454,146,826,420
457,146,823,421
454,145,826,422
457,146,822,421
455,144,825,422
454,149,826,418
456,149,824,417
454,148,826,418
458,151,822,419
456,152,824,420
455,151,825,419
460,157,820,416
459,158,821,417
457,160,823,418
461,163,819,420
461,167,819,421
460,173,820,422
463,187,815,416
460,195,820,414
459,194,821,414
454,196,826,413
453,198,827,414
453,198,827,414
449,200,830,415
449,203,830,415
448,206,832,414
446,206,834,415
449,210,831,410
444,211,836,411
442,212,838,412
440,217,840,406
440,217,840,406
439,216,841,407
443,216,837,408
443,215,837,409
445,214,835,410
443,221,837,399
439,217,841,400
435,215,845,403
433,214,847,404
439,214,841,404
438,212,842,405
437,211,840,405
439,210,841,406
437,210,843,407
442,221,838,400
444,221,836,402
447,235,833,403
453,251,827,413
455,268,825,413
454,282,826,409
455,280,825,409
462,279,818,408
460,274,820,410
456,268,824,411
458,263,822,408
454,260,826,408
455,253,825,406
462,251,818,404
467,261,813,409
477,279,803,413
477,282,803,417
483,281,797,410
484,274,796,409
486,279,794,423
496,287,784,421
495,286,785,422
497,286,783,419
496,286,784,412
495,283,785,415
495,279,784,411
493,280,786,407
489,271,791,403
484,257,794,413
477,246,798,402
476,239,804,407
475,237,805,407
475,233,805,408
472,230,807,409
471,228,809,410
476,227,804,411
475,225,805,412
472,225,808,413
470,224,810,413
468,222,812,416
467,219,813,417
466,218,814,418
471,222,809,406
469,224,811,406
469,223,811,406
468,221,812,407
469,218,811,408
465,216,812,408
462,215,814,409
460,214,820,410
463,213,817,411
460,213,820,412
459,216,821,413
457,215,823,414
456,213,824,412
456,212,824,409
455,212,825,407
455,211,825,406
453,208,827,407
451,211,829,407
454,210,826,410
453,208,827,411
451,208,829,412
455,213,825,410
453,213,827,411
452,213,828,410
456,212,824,411
455,211,825,410
459,216,821,406
457,216,823,405
455,214,825,405
455,213,825,407
453,212,827,409
457,213,823,409
456,219,824,406
458,218,822,405
458,215,822,406
457,214,823,405
461,213,819,403
459,212,821,404
458,214,822,404
456,214,824,405
459,216,821,404
458,215,822,405
456,212,824,406
454,211,826,407
457,208,823,408
455,212,825,405
455,211,825,405
454,209,826,406
453,206,827,406
451,207,828,406
450,208,830,407
449,207,831,408
448,206,832,409
450,215,830,401
447,212,833,402
447,209,833,402
445,207,834,402
448,204,832,403
447,204,833,404
447,205,833,405
451,210,829,404
449,212,831,405
446,211,833,406
446,213,834,405
445,212,835,402
444,210,836,402
440,209,840,401
433,210,847,402
431,213,849,403
430,214,850,403
429,211,851,403
428,208,852,401
426,206,854,401
425,204,855,401
424,203,856,402
431,202,849,403
433,208,847,401
434,204,846,402
431,204,849,403
423,204,851,404
417,206,854,405
420,208,860,406
418,218,862,394
416,216,864,395
413,223,867,391
408,223,870,392
406,222,872,393
403,221,874,393
399,216,876,394
398,221,880,395
396,224,883,396
393,233,886,397
393,245,887,393
395,236,885,394
400,232,880,395
402,228,878,398
409,228,871,399
412,236,868,397
410,224,870,399
407,220,872,400
404,217,876,401
408,216,872,401
407,216,873,402
409,216,871,401
407,216,873,402
407,218,873,401
404,217,875,402
404,219,876,401
403,218,877,402
406,220,874,401
404,219,876,400
402,218,878,401
405,218,875,399
404,217,876,400
402,218,878,399
401,216,879,400
400,214,880,401
407,214,873,399
406,213,874,400
405,212,875,402
404,212,876,403
402,212,878,403
407,213,873,404
406,212,874,405
404,224,876,395
407,223,873,396
406,223,874,397
405,223,875,398
404,221,876,399
405,222,875,400
408,223,872,401
406,223,874,402
405,226,875,403
405,225,875,403
401,224,878,404
400,232,880,398
399,238,881,391
397,235,883,390
386,226,887,391
378,219,902,392
376,216,904,393
381,211,899,396
383,207,897,400
391,202,889,401
391,199,889,402
394,203,886,402
399,209,881,399
403,210,877,399
405,210,875,400
412,213,868,401
415,216,865,401
423,223,857,400
425,227,855,399
423,226,857,400
419,224,860,401
415,223,863,402
417,222,863,403
411,227,869,405
407,230,873,405
401,233,879,403
403,236,877,402
401,240,879,396
401,238,879,397
399,236,881,398
397,234,883,399
395,228,885,400
400,228,880,398
398,224,882,399
396,220,884,400
399,221,881,400
397,221,883,401
400,222,880,401
399,223,881,401
399,225,881,401
396,227,884,403
395,225,885,404
394,225,886,404
391,223,889,404
393,222,887,403
391,221,889,402
390,220,890,401
393,221,887,398
392,218,888,399
394,218,886,399
392,217,888,399
394,220,886,399
392,223,888,398
389,224,891,398
391,224,889,399
389,224,891,400
387,222,893,401
391,220,889,400
388,216,892,401
385,214,895,402
389,219,891,397
389,217,891,397
389,213,891,397
390,213,890,400
389,215,891,398
388,216,892,397
386,218,894,394
388,219,892,394
386,217,894,396
382,214,898,397
385,212,895,397
382,212,898,394
380,210,900,395
378,207,902,396
382,204,898,397
385,201,895,398
384,201,896,398
382,201,898,396
384,199,896,397
382,198,898,400
380,197,900,401
382,202,898,395
381,202,899,395
383,200,897,396
382,199,898,398
379,199,901,399
382,199,898,400
385,200,895,401
389,201,891,401
389,201,891,402
392,207,888,397
391,209,889,397
390,213,890,394
391,214,889,394
390,214,890,395
394,208,886,396
394,207,886,396
398,206,882,397
396,207,884,398
395,213,885,399
398,213,882,399
397,214,883,399
400,212,880,400
398,209,882,400
396,206,884,400
394,202,886,400
391,199,889,401
394,203,886,398
391,204,889,398
389,205,891,398
391,205,889,399
389,204,891,400
389,207,891,393
387,205,893,394
386,203,894,394
385,201,895,395
382,199,897,396
381,198,899,397
381,198,899,398
380,200,900,398
378,202,902,397
381,203,899,394
379,206,901,393
375,206,904,392
380,209,900,392
378,209,902,394
376,209,904,395
380,211,900,391
379,211,901,392
377,212,903,389
378,208,899,394
375,209,902,395
370,208,907,397
365,205,911,398
363,202,915,399
361,202,918,400
358,202,921,401
354,202,924,402
354,210,926,403
352,208,928,398
353,205,927,399
350,203,930,400
349,200,931,401
352,195,928,402
353,193,925,403
359,197,920,399
362,197,918,402
368,195,912,403
366,190,914,407
367,191,913,412
369,185,911,418
368,178,912,426
367,177,913,432
369,176,911,433
369,173,911,436
368,167,912,441
372,163,908,446
369,162,911,447
366,162,914,452
365,159,915,459
364,157,916,460
363,154,917,464
361,152,919,465
360,151,920,471
363,153,917,476
361,156,919,477
366,156,914,481
365,156,915,482
362,154,917,483
363,161,917,484
361,155,919,508
361,152,919,509
365,150,915,510
363,149,917,511
365,157,915,511
363,152,916,495
363,146,917,493
362,148,918,483
368,145,912,479
368,146,912,479
374,139,906,479
374,134,906,478
373,127,907,469
378,124,902,461
377,121,903,456
376,120,904,457
379,117,901,457
381,114,899,458
388,110,892,456
390,107,890,455
388,106,892,456
389,106,891,457
394,106,886,457
397,99,883,469
396,96,884,473
400,99,880,473
398,100,882,471
401,105,879,470
407,114,873,467
405,114,875,467
403,121,877,461
400,120,879,462
398,119,880,455
399,117,881,456
395,120,884,448
393,123,886,442
392,122,888,442
389,126,890,443
393,136,887,433
391,141,889,423
390,135,890,427
387,130,893,430
388,127,892,435
386,127,894,438
383,118,897,443
386,118,894,445
384,119,896,446
382,118,898,447
386,117,894,448
385,121,895,442
384,122,896,443
383,121,896,434
381,121,899,429
385,120,895,428
382,120,898,428
379,120,901,430
377,122,903,428
382,122,898,427
380,122,900,428
383,124,897,428
381,128,899,421
380,129,900,420
378,127,902,421
383,137,897,410
381,136,899,411
378,146,902,406
384,151,896,407
380,156,900,407
383,155,897,410
380,157,900,411
384,165,896,412
383,171,897,413
386,178,894,414
384,181,896,417
381,187,899,418
386,185,894,419
383,185,897,421
379,188,901,446
373,189,907,444
373,194,907,438
367,199,910,435
361,195,915,429
361,190,919,431
362,187,918,420
364,181,916,421
372,178,908,421
369,179,911,422
366,180,914,423
361,178,917,424
355,174,924,425
350,169,929,432
350,173,930,433
349,173,931,433
350,178,930,432
352,179,928,432
357,179,923,433
356,176,924,434
354,171,926,435
351,157,929,436
352,153,928,438
351,143,923,440
352,138,928,428
353,129,927,432
355,129,923,426
355,131,925,427
362,144,918,415
369,144,911,407
366,154,914,393
363,160,917,380
364,175,916,362
365,182,915,351
366,180,914,350
364,178,916,351
351,173,929,351
338,167,942,364
327,165,953,365
311,161,969,366
287,151,993,377
255,148,1025,379
212,144,1068,382
161,137,1119,384
111,132,1169,395
65,128,1215,407
7,125,1273,422
7,125,1273,422
1,108,1279,464
1,117,1279,464
1,140,1279,463
1,186,1279,441
1,216,1279,377
32,206,1248,396
62,196,1218,415
97,163,1183,447
124,114,1156,541
157,127,1123,574
191,129,1087,591
197,124,1083,596
197,112,1083,608
210,136,1070,584
230,175,1050,545
218,222,1061,498
208,245,1072,475
224,271,1053,449
242,301,1038,418
275,316,1005,404
326,302,949,418
379,310,901,410
438,316,842,404
478,319,802,401
528,324,752,396
586,330,693,390
622,333,658,387
655,337,625,383
665,293,615,427
689,289,591,431
686,290,594,430
686,254,594,466
683,233,597,487
573,190,707,528
520,179,760,541
541,178,739,542
535,171,742,543
551,134,729,523
595,116,685,467
811,99,469,429
790,78,490,415
786,66,494,392
784,37,496,425
786,1,494,441
755,1,525,430
716,1,564,434
712,5,566,422
676,1,604,389
632,2,594,376
559,1,614,377
557,1,721,365
538,1,543,354
524,1,555,354
514,1,559,345
506,2,540,338
502,2,527,373
445,3,584,375
276,1,718,615
276,1,719,615
276,1,719,615
524,1,510,327
521,1,504,316
435,1,544,490
435,1,544,490
435,1,544,490
435,1,544,490
435,1,544,490
435,1,544,490
396,1,565,337
396,1,565,337
396,1,565,337
396,1,565,337
396,1,565,334
396,1,565,334
396,1,565,334
396,1,565,334
396,1,565,334
396,1,565,334
404,1,594,334
404,1,594,334
404,1,594,334
404,1,594,334
404,1,594,334
404,1,609,334
334,1,691,431
329,1,677,424
329,1,677,421
330,1,697,407
335,1,699,402
341,1,707,405
362,1,709,406
376,2,714,407
408,2,715,424
444,1,719,436
442,4,767,448
485,1,770,459
492,2,788,490
524,1,756,497
540,3,740,495
556,3,724,506
572,4,708,503
587,39,693,486
606,39,674,483
667,39,613,476
643,66,637,454
635,74,645,455
649,93,631,456
652,136,628,446
655,144,625,452
676,155,604,438
685,163,595,457
697,177,583,458
715,186,565,460
715,241,565,440
691,214,589,456
687,248,593,443
687,244,593,443
687,244,593,443
673,233,607,450
669,234,611,468
673,232,607,452
681,215,599,463
691,210,589,465
697,208,583,465
618,192,662,441
597,192,683,442
582,188,698,442
557,188,723,442
537,169,743,421
522,169,758,412
505,170,775,436
471,160,809,412
448,153,832,428
427,147,853,424
401,141,879,439
390,144,890,439
390,143,890,440
309,121,971,464
269,121,1011,464
230,98,1050,487
189,56,1091,524
136,56,1144,537
95,56,1185,562
62,56,1218,571
63,56,1217,565
64,65,1216,543
67,56,1213,543
88,56,1192,536
88,56,1192,536
100,57,1180,551
110,87,1170,545
117,140,1163,517
134,172,1146,504
161,192,1119,501
187,220,1093,472
218,243,1062,468
238,287,1042,433
238,321,1042,399
238,321,1042,399
243,297,1037,419
235,283,1045,419
235,261,1045,415
235,247,1045,404
227,228,1053,404
220,200,1060,404
220,165,1060,404
220,140,1060,414
220,135,1060,414
220,135,1060,414
220,135,1060,414
220,135,1060,414
220,148,1060,402
220,161,1060,401
227,176,1053,380
227,176,1053,380
227,176,1053,380
235,177,1045,393
235,191,1045,385
235,191,1045,385
235,192,1045,385
235,192,1045,385
235,192,1045,385
235,176,1045,395
235,163,1045,406
234,163,1046,406
232,163,1048,406
232,163,1048,406
232,151,1048,413
232,151,1048,413
232,150,1048,413
232,150,1048,413
232,150,1048,413
232,150,1048,413
237,180,1043,386
