296,322,982,380
301,320,942,376
303,317,927,371
309,317,902,364
313,319,879,353
317,320,864,344
322,322,837,337
325,323,818,330
327,326,804,319
330,332,812,307
336,332,786,302
340,333,771,293
344,334,753,289
348,337,736,278
350,336,721,277
355,338,700,268
357,340,687,261
360,341,670,256
363,343,656,250
364,344,643,245
363,347,629,235
363,349,617,231
364,352,603,224
363,354,590,221
362,355,580,213
363,359,569,207
364,360,559,204
358,361,554,203
355,360,548,204
350,360,545,205
346,360,546,203
341,359,546,206
339,356,546,209
335,356,546,210
332,356,546,209
330,356,544,208
328,356,543,207
324,355,544,206
320,355,546,206
316,356,548,206
316,357,548,203
316,359,541,200
314,359,534,199
311,361,526,194
309,362,528,202
308,364,521,196
305,363,519,197
303,362,519,196
301,363,517,195
298,363,516,193
296,364,514,192
293,363,514,190
289,364,514,190
282,364,516,196
277,364,516,196
275,363,516,195
269,361,522,197
266,359,522,197
263,357,521,201
259,353,523,203
256,353,526,202
254,348,524,206
252,345,525,208
250,344,524,211
247,343,524,211
246,341,524,214
244,340,521,215
242,339,521,214
241,339,520,216
240,339,519,218
239,339,525,217
236,339,524,217
234,340,520,218
234,341,522,217
234,342,521,216
234,344,515,213
232,344,515,214
232,343,513,217
231,343,511,218
228,343,511,222
228,344,508,223
224,345,512,217
224,348,511,217
222,350,519,222
219,353,519,224
215,355,527,222
209,358,533,220
205,359,535,220
198,359,540,218
192,361,545,216
188,362,547,212
184,362,550,215
180,361,555,215
175,360,558,218
173,360,558,218
169,360,560,222
167,360,564,222
164,360,565,221
166,360,566,222
167,360,568,221
175,360,571,221
192,360,572,216
218,360,569,216
248,361,568,215
290,362,566,214
331,365,563,211
370,366,544,215
410,368,542,210
446,370,536,225
475,371,526,226
502,370,516,226
525,369,505,225
560,374,489,218
618,373,468,216
674,375,452,217
582,378,499,215
591,374,506,220
603,371,509,225
611,370,520,232
623,367,533,232
631,366,525,232
641,363,528,227
647,359,531,228
648,354,529,235
647,350,533,237
643,345,537,249
638,339,428,250
635,334,433,251
629,330,451,252
621,325,467,254
614,320,493,256
613,316,499,261
611,309,512,263
609,302,525,265
607,295,531,266
604,292,534,267
601,287,536,268
600,283,537,268
599,278,538,268
598,275,541,269
597,271,542,269
595,268,545,274
595,268,546,274
595,267,547,273
596,266,547,273
596,265,548,273
596,264,550,274
596,265,550,274
595,264,551,274
592,265,521,271
583,268,531,269
578,270,535,269
574,273,542,266
572,275,545,266
568,278,551,267
565,282,558,268
565,283,560,266
561,285,566,267
561,286,567,268
560,287,571,269
560,288,573,270
560,288,576,268
556,289,577,266
556,290,580,268
556,292,582,269
555,292,585,272
555,294,584,272
555,295,585,272
556,297,584,270
558,297,579,263
555,298,577,264
555,300,555,264
555,303,539,243
555,305,530,255
556,308,518,253
556,310,516,252
554,312,526,243
553,313,530,242
551,315,539,240
550,316,545,242
550,318,551,245
545,320,562,247
541,321,570,251
538,321,578,258
535,322,582,258
531,323,590,263
528,324,595,266
525,323,600,267
523,322,605,270
517,319,615,276
515,317,622,280
509,311,639,295
507,308,653,305
502,309,668,310
497,306,680,326
495,305,697,337
492,304,713,347
489,304,731,354
487,302,749,367
484,301,754,380
483,301,761,390
483,303,763,392
479,301,758,410
479,298,750,422
476,298,775,422
477,298,796,422
471,297,809,423
469,294,811,426
469,292,811,428
461,287,819,433
456,284,824,436
449,280,831,440
442,277,838,443
428,277,852,443
415,276,865,444
401,277,879,443
389,279,891,441
373,278,907,442
359,279,921,441
346,277,934,443
329,273,951,447
314,270,966,450
299,268,981,452
289,265,991,455
280,263,1000,457
275,264,1005,456
275,269,1005,451
271,274,1009,446
275,279,1005,441
276,286,1004,434
276,294,1004,426
278,302,1002,418
280,310,1000,410
287,313,993,405
292,314,988,406
296,312,984,408
307,311,973,409
299,306,981,414
296,298,984,422
290,287,990,433
280,275,1000,445
268,262,1012,458
256,243,1024,477
241,222,1039,498
221,202,1059,518
213,176,1067,544
207,152,1073,568
212,133,1068,587
219,120,1061,600
226,106,1054,614
242,92,1038,627
262,79,1018,641
283,69,997,651
310,57,970,663
336,49,944,671
359,44,921,676
377,45,903,675
377,80,903,640
343,127,937,593
313,187,967,533
299,210,981,510
284,205,996,515
271,197,1009,522
260,186,1020,534
259,166,1021,554
263,139,1017,581
274,108,1006,612
286,86,994,634
303,64,977,654
316,46,964,674
318,37,962,683
317,38,963,682
304,50,976,670
286,62,994,658
260,78,1020,642
242,93,1038,627
220,99,1060,621
202,101,1078,619
186,100,1094,620
173,100,1107,620
163,99,1117,621
156,97,1124,623
151,94,1127,624
152,99,1128,621
156,107,1124,613
163,113,1117,607
177,121,1103,599
192,134,1088,586
208,143,1072,577
227,150,1053,570
248,159,1032,561
262,168,1018,552
281,174,999,546
293,175,987,545
305,173,975,547
314,167,966,553
320,160,960,560
321,144,959,576
322,135,958,585
322,131,958,589
318,122,962,598
317,108,963,612
308,96,972,624
309,86,971,634
311,75,969,645
317,62,963,658
328,53,952,667
341,45,939,675
353,37,927,683
370,32,910,688
391,35,889,685
409,38,871,682
426,46,854,674
441,56,839,664
458,69,822,651
473,84,807,636
481,95,799,625
490,104,790,616
496,115,784,605
496,118,784,602
499,125,781,595
493,131,785,589
487,138,793,582
477,146,803,574
464,155,816,565
448,160,832,560
434,165,846,555
418,165,862,555
402,169,878,551
384,169,896,551
366,166,914,554
348,160,932,560
336,158,944,562
325,154,955,566
318,150,962,570
307,146,973,574
300,146,980,574
296,146,984,574
291,147,989,573
290,147,990,573
289,151,991,569
290,151,990,569
290,154,990,566
295,158,985,562
298,162,982,558
299,167,981,553
304,172,976,548
304,178,976,542
306,180,974,540
307,185,973,535
307,186,973,534
307,191,973,529
305,191,975,529
300,190,980,530
300,195,980,525
295,197,985,523
292,197,988,523
289,196,991,524
287,193,993,527
285,191,995,529
285,189,995,531
285,186,995,534
290,182,990,538
290,180,990,540
294,181,986,539
295,181,985,539
297,181,983,539
299,186,981,534
306,186,974,534
306,191,974,529
305,191,975,529
310,198,969,522
312,201,968,519
312,201,946,519
309,201,936,519
292,204,942,516
261,206,960,514
246,207,959,513
231,213,956,507
217,217,927,503
215,221,947,499
240,225,907,495
232,227,905,493
219,229,906,491
203,237,907,483
192,241,905,479
179,247,942,472
166,251,910,469
152,251,916,469
141,252,912,468
133,250,915,470
122,249,918,471
113,249,926,471
102,246,932,474
97,246,931,474
94,243,929,477
89,238,900,482
86,230,909,490
85,225,916,495
80,215,926,505
79,210,940,510
81,204,942,516
85,198,950,522
88,195,959,514
92,192,959,506
90,190,969,501
86,189,980,501
83,188,982,503
82,189,983,501
80,191,986,496
75,193,983,493
73,195,978,490
71,198,978,490
70,198,973,490
69,198,973,491
70,198,977,491
73,196,976,491
77,193,974,500
79,192,974,503
101,187,961,505
117,182,954,512
137,178,948,519
151,175,943,524
169,174,943,526
184,172,938,530
197,168,930,533
208,168,923,529
225,166,909,536
231,164,897,536
246,163,821,538
253,162,827,535
258,161,768,538
259,161,759,540
239,161,760,541
227,162,754,537
221,161,733,541
225,160,729,540
229,160,732,535
264,152,684,531
289,138,667,530
292,124,670,529
290,110,675,534
291,99,683,526
288,90,688,520
284,79,697,519
282,71,701,521
276,66,708,524
262,65,714,527
240,68,725,529
222,81,736,534
212,85,746,537
205,89,758,540
199,95,767,544
197,106,779,537
202,115,786,526
210,123,791,526
219,130,796,523
226,139,808,514
239,147,812,508
251,158,823,495
269,163,828,490
281,165,834,472
292,167,839,464
298,165,842,461
302,160,845,454
302,155,845,455
301,151,844,454
293,151,845,452
286,152,849,453
277,157,831,452
270,159,816,454
262,162,814,453
254,163,812,455
245,164,811,454
239,164,779,453
235,163,694,455
231,157,708,464
229,157,708,467
230,152,708,471
230,147,709,475
230,141,711,480
228,140,713,481
238,137,695,487
241,139,676,490
246,146,671,495
254,150,665,497
257,154,666,498
261,160,668,501
263,167,670,501
270,172,646,503
269,178,648,505
268,185,651,507
266,190,679,508
225,194,707,508
194,201,710,509
188,204,706,509
183,207,702,505
179,212,695,500
195,214,654,499
194,214,607,498
191,217,608,494
187,216,614,494
214,216,596,493
209,213,599,491
203,209,603,496
195,205,606,499
187,200,618,501
177,194,628,507
173,188,640,502
171,182,648,506
166,174,662,511
162,168,674,511
161,163,682,516
157,160,692,518
154,157,702,517
150,155,712,519
144,155,722,516
139,151,731,508
133,151,736,502
125,150,743,486
117,148,750,479
109,145,756,479
100,143,759,478
92,139,763,480
84,137,765,481
77,134,766,484
71,133,768,485
65,133,768,485
60,133,765,476
59,133,748,456
56,136,732,457
54,138,731,458
53,143,722,458
49,146,716,458
50,148,709,458
51,148,712,459
54,151,715,464
61,152,710,464
70,152,711,465
81,150,713,465
95,149,714,467
111,147,713,468
132,147,714,469
148,143,633,470
158,140,635,472
163,138,637,473
176,136,638,473
178,133,641,475
188,131,633,478
200,129,634,478
205,131,637,476
209,133,639,473
212,133,642,473
210,129,648,478
206,131,647,474
158,134,659,472
156,135,656,470
154,137,657,465
152,141,658,460
161,144,653,457
190,144,604,457
185,146,603,455
182,147,599,452
179,152,596,447
177,156,589,440
175,158,592,440
172,157,592,437
165,159,595,431
161,158,597,430
158,155,600,433
149,153,594,434
147,150,594,433
150,149,588,435
153,147,591,437
156,148,594,439
159,149,596,435
162,148,600,431
164,149,600,427
167,149,601,425
170,149,602,423
172,150,602,420
176,152,602,408
178,152,608,392
179,155,609,375
181,157,609,365
181,159,608,361
182,161,607,353
181,162,608,349
179,163,609,349
179,166,609,340
177,167,610,337
177,169,611,334
177,171,611,333
179,171,612,332
181,171,611,332
183,171,606,332
184,170,592,331
187,170,581,325
188,170,582,324
188,169,551,321
199,169,552,322
203,165,552,323
206,163,555,328
210,160,555,328
217,157,558,333
225,153,556,335
234,154,555,335
239,153,554,334
246,148,556,335
248,148,554,337
256,146,550,340
256,145,504,340
261,144,489,344
262,144,489,345
262,144,488,344
258,143,487,345
260,144,481,347
262,147,479,346
240,149,484,347
222,149,506,347
205,150,525,345
201,150,526,345
196,151,528,346
210,153,529,342
210,153,524,343
206,152,528,345
211,159,507,347
211,159,509,339
217,159,500,343
219,160,491,337
217,160,493,337
214,161,482,335
208,162,484,336
203,162,488,339
196,162,495,338
190,163,499,336
186,163,501,338
185,162,503,340
181,163,505,341
176,165,506,340
174,167,502,340
173,169,503,337
167,171,504,332
163,173,505,328
161,174,505,319
158,177,514,320
157,179,514,308
153,181,506,304
149,183,503,303
146,185,504,303
144,188,506,303
141,191,507,298
137,193,512,297
136,194,514,295
134,197,516,295
131,199,518,293
131,200,513,291
129,201,507,291
131,202,493,286
134,203,487,286
139,203,485,285
148,204,484,287
156,202,477,287
166,201,477,292
175,202,465,297
185,203,461,300
196,207,456,302
207,212,451,304
216,216,446,306
227,221,441,308
237,225,429,310
244,230,424,312
246,236,423,312
248,242,420,309
250,244,415,309
254,246,414,309
252,246,410,310
225,246,408,310
208,245,423,309
212,245,424,308
215,246,424,307
224,252,420,306
228,257,418,304
236,263,427,304
242,265,435,302
245,265,435,299
253,269,428,297
256,269,423,297
257,269,425,295
253,272,426,297
249,274,423,296
248,275,423,296
243,268,427,302
242,265,427,304
239,261,428,309
237,256,428,313
233,250,427,313
233,240,428,314
233,237,427,313
231,232,425,309
228,225,424,307
228,208,423,297
229,205,420,296
228,190,425,287
228,162,430,283
228,145,432,283
230,142,432,282
226,131,435,279
226,117,436,277
223,106,434,274
220,96,433,270
216,89,437,270
210,85,436,269
191,79,436,267
170,68,436,271
153,62,436,271
143,57,431,271
129,49,425,271
124,42,425,270
112,35,422,269
98,27,419,277
85,22,387,276
73,14,398,283
62,14,396,283
52,11,393,281
51,6,389,283
50,5,388,287
51,5,384,285
59,11,349,279
85,22,367,279
93,31,369,281
97,38,364,281
95,49,369,278
89,53,369,277
72,58,389,280
63,66,395,278
57,72,400,281
64,73,400,279
75,74,399,278
87,75,397,276
105,76,392,274
124,76,389,278
136,80,382,274
144,82,382,275
152,84,382,275
168,94,372,279
187,105,354,276
203,114,350,276
208,123,350,275
218,132,350,275
230,135,350,275
239,138,348,279
244,142,345,283
249,148,337,281
257,153,336,282
265,155,336,282
271,157,344,285
270,159,348,286
268,162,350,287
268,167,352,282
264,169,361,278
262,171,363,274
260,173,365,261
257,174,366,256
257,172,368,255
255,169,369,256
253,168,372,256
253,165,373,256
255,163,371,254
254,160,368,254
252,159,367,249
248,162,366,244
246,165,364,238
243,160,364,239
238,164,362,240
236,162,361,240
229,162,361,242
222,161,321,245
216,162,312,245
208,160,312,250
206,159,308,249
202,158,299,251
198,155,290,252
192,149,284,256
188,148,272,255
180,146,272,255
171,146,272,255
161,146,326,256
147,145,334,257
131,144,339,257
116,149,339,255
94,149,329,255
74,154,330,255
61,158,330,259
56,164,329,257
53,169,329,255
51,176,325,254
55,183,320,257
65,188,308,256
72,188,301,258
73,191,297,259
71,194,298,261
73,196,294,261
76,199,293,260
80,200,291,257
85,202,290,257
90,204,289,256
93,205,285,258
106,203,284,257
125,194,278,252
133,179,279,257
143,175,265,257
154,174,264,259
166,171,264,259
176,165,265,261
188,161,267,261
200,161,267,260
209,161,278,262
221,160,277,262
229,158,278,259
232,158,283,251
232,159,286,247
239,162,286,242
246,167,285,239
252,172,281,238
257,175,279,235
261,178,277,236
267,182,275,235
275,186,274,235
284,187,274,227
297,187,274,225
309,186,271,224
326,184,270,237
350,182,266,242
365,181,262,245
389,179,253,248
405,175,251,252
421,174,247,256
436,171,244,261
449,167,259,265
458,165,259,268
467,167,255,269
476,172,249,272
481,178,248,272
486,188,248,271
481,196,262,272
477,203,274,273
471,211,285,269
472,215,288,269
467,217,295,268
458,218,306,266
435,219,320,267
428,220,325,266
421,218,310,264
417,215,298,264
420,209,248,263
434,201,250,263
444,193,244,264
440,183,238,268
442,172,238,267
448,158,237,266
452,147,237,266
457,143,236,265
463,137,235,264
470,126,233,266
477,111,232,267
481,94,231,274
486,82,230,277
490,74,230,285
495,71,229,286
497,70,228,283
496,68,228,284
494,68,228,285
492,67,229,286
491,65,229,289
490,69,229,289
491,77,229,287
493,81,230,287
493,85,248,284
499,93,250,279
510,100,243,264
511,103,246,266
514,108,248,263
518,115,249,262
522,118,250,263
526,123,251,264
534,127,248,264
540,131,245,267
544,133,244,267
547,133,243,267
541,133,248,267
543,133,245,272
526,137,259,273
534,146,253,272
530,164,254,274
521,176,258,276
520,176,259,279
517,179,260,279
514,187,260,283
512,193,261,285
507,194,262,288
502,194,262,288
487,182,261,287
477,172,260,289
467,170,260,290
456,169,261,292
448,167,262,292
446,164,265,289
449,159,258,291
451,159,254,293
454,161,250,287
456,160,254,288
460,162,255,280
465,163,246,275
465,164,246,275
456,166,257,273
449,167,264,274
448,169,262,276
448,169,254,279
447,173,249,277
450,175,246,278
459,176,235,279
470,176,227,280
474,178,224,281
478,179,222,282
480,182,235,282
481,186,239,282
482,188,241,279
489,190,239,278
495,195,237,278
510,204,236,275
519,212,236,274
528,217,236,276
529,217,241,280
541,217,243,282
554,199,243,280
566,178,241,282
580,166,242,284
592,160,242,286
602,152,242,286
610,141,242,286
620,130,244,287
627,117,242,285
634,111,240,278
630,100,254,278
637,91,249,268
637,89,249,267
633,87,241,268
631,87,236,266
628,86,236,266
637,87,219,265
649,86,207,264
652,85,202,263
648,81,205,266
640,78,211,269
633,73,214,269
627,68,219,271
613,66,229,269
609,64,238,268
608,60,235,268
603,55,236,266
598,49,238,266
593,44,239,266
588,33,238,275
584,29,241,277
580,26,241,277
575,23,242,278
570,20,243,281
565,18,244,283
560,16,243,287
553,15,243,285
545,16,245,286
539,17,232,287
532,19,236,283
528,24,232,283
524,33,233,278
518,37,230,277
513,45,230,276
507,52,232,277
501,61,234,278
494,69,234,276
488,75,236,278
481,78,235,280
472,89,237,280
464,100,238,281
457,108,238,281
450,113,238,281
442,114,243,284
434,117,251,286
424,129,256,281
415,142,257,281
407,152,257,281
398,161,259,284
390,176,259,276
381,187,260,274
377,193,260,275
373,195,262,275
369,193,262,276
365,190,263,280
363,186,264,282
361,186,265,279
358,186,264,277
354,185,263,277
356,183,260,273
350,185,272,271
349,188,285,270
353,191,293,264
350,193,306,263
346,197,314,262
343,199,318,263
345,200,302,265
356,202,284,263
364,206,266,261
371,208,248,260
381,208,213,263
379,209,219,262
379,208,222,261
377,198,223,261
377,183,223,261
375,172,224,261
374,162,224,264
373,150,223,264
374,138,224,268
373,126,225,271
372,119,226,274
371,115,228,274
369,112,228,277
337,109,258,280
335,107,256,284
332,104,257,287
330,107,259,289
328,115,262,291
324,134,261,290
330,144,266,290
343,157,266,290
346,169,264,288
339,180,263,284
344,189,266,281
349,190,273,270
350,193,276,268
350,196,278,269
350,198,280,270
350,201,280,271
348,202,284,274
348,204,287,276
347,207,289,277
347,210,287,277
346,212,288,278
341,211,294,285
341,212,297,285
339,216,301,282
338,220,303,280
335,222,308,278
332,224,308,275
331,226,310,274
330,227,310,273
329,228,311,274
329,230,308,274
328,231,310,276
326,231,309,278
325,229,308,285
324,230,308,286
352,230,278,278
348,230,283,276
343,228,288,281
341,226,286,281
340,227,285,283
339,228,289,284
343,229,295,286
343,231,302,285
342,234,313,287
351,236,314,290
361,237,308,291
362,240,309,290
362,243,311,290
389,245,286,288
388,248,286,289
387,249,279,289
385,252,279,292
384,254,279,293
383,255,278,294
385,257,273,294
386,259,273,293
397,259,261,290
401,259,260,288
420,256,241,289
423,253,239,290
423,251,239,289
422,248,240,288
423,245,241,288
421,242,241,291
419,239,241,294
419,232,242,299
417,230,242,302
407,227,243,303
395,225,246,305
388,222,248,307
379,223,246,307
371,223,248,309
362,224,247,311
354,225,246,312
348,227,246,311
341,228,248,311
329,232,253,307
326,234,250,304
320,235,249,303
315,235,247,301
294,234,264,298
289,232,266,293
283,230,268,275
279,229,267,272
273,229,269,270
270,228,270,269
267,228,270,263
260,229,272,263
255,229,275,254
250,229,276,252
246,231,278,249
242,232,279,247
241,233,279,246
240,233,275,248
218,232,294,251
218,231,292,249
219,228,291,248
219,223,291,252
219,219,287,250
217,212,288,259
215,207,286,262
214,203,284,263
214,199,285,265
222,196,285,266
228,192,284,270
235,187,272,270
238,183,272,272
242,179,271,272
244,176,271,271
246,173,270,272
247,168,286,271
252,164,290,269
258,160,294,269
262,156,301,269
265,150,308,271
271,148,313,271
282,147,307,267
298,144,299,270
308,145,297,268
318,146,290,267
326,146,287,267
333,146,279,267
371,147,247,267
378,147,243,270
384,152,240,272
386,178,239,270
390,201,238,269
394,218,240,268
398,233,242,268
404,253,239,266
410,268,239,263
419,274,236,260
423,275,234,261
427,274,232,263
429,273,230,262
425,264,225,261
420,256,219,262
413,234,214,274
401,215,214,274
387,204,214,275
381,191,213,277
373,184,212,277
366,188,213,275
361,178,213,276
366,178,213,275
373,181,212,274
380,183,211,274
386,184,211,274
391,187,210,273
397,188,212,272
400,191,213,270
403,192,212,269
407,195,212,268
410,196,212,265
408,198,223,259
411,200,224,252
414,202,227,249
417,203,227,247
418,202,230,240
418,201,234,239
406,199,248,236
411,197,249,236
414,197,248,233
417,196,249,234
418,195,250,234
421,194,248,232
421,195,250,236
423,194,249,243
425,194,249,239
426,193,249,233
426,194,250,235
410,194,264,242
408,192,260,236
401,190,269,245
396,190,265,244
391,190,265,246
384,190,265,245
379,190,265,245
372,189,265,245
364,188,264,247
337,192,264,247
322,212,260,248
321,229,259,247
307,238,261,246
297,228,268,244
298,241,273,241
300,253,284,239
313,264,288,238
328,270,278,235
332,275,290,232
339,277,293,231
353,277,281,232
370,278,266,231
401,279,241,229
406,279,233,227
411,280,222,225
417,280,221,223
424,277,219,222
435,273,213,223
440,267,213,225
443,261,216,226
445,253,217,230
456,248,209,231
456,242,210,235
457,234,213,241
459,232,211,241
459,227,213,242
460,222,211,245
461,218,209,245
462,213,208,247
463,208,209,248
463,205,207,247
463,198,210,249
464,195,212,249
464,193,215,250
464,192,217,249
463,192,221,250
464,193,223,249
464,193,224,247
466,194,224,240
449,194,243,235
450,193,245,233
449,193,247,234
448,192,248,233
447,191,252,227
440,189,258,229
437,188,262,229
435,187,266,228
433,187,269,228
429,186,272,231
427,186,274,231
420,185,279,231
412,188,285,229
413,184,282,233
410,187,283,234
407,187,283,235
404,186,283,234
401,177,283,246
399,174,279,250
394,176,281,248
391,175,282,249
388,174,282,252
386,174,282,254
382,172,283,258
381,173,279,258
373,174,286,260
372,174,291,260
361,177,315,260
360,177,332,261
376,176,331,265
382,176,331,266
392,176,336,266
404,177,334,267
430,178,303,266
442,179,291,266
443,180,285,266
443,182,280,265
442,182,272,264
442,182,271,266
443,180,273,266
445,180,273,267
451,178,267,268
451,178,263,267
452,176,265,267
450,174,269,267
449,171,269,276
446,169,266,274
440,158,268,285
438,157,269,289
438,157,267,288
437,151,266,294
431,150,275,298
427,148,282,300
425,149,285,300
421,152,292,299
419,153,294,301
420,154,296,301
420,152,299,301
422,151,299,301
413,150,305,289
413,150,306,290
408,150,314,289
397,152,324,283
397,152,324,284
397,152,325,280
393,153,328,279
390,155,330,277
384,156,335,275
382,158,335,275
381,162,336,276
358,164,356,276
357,164,356,279
355,164,356,279
346,165,358,283
340,155,358,296
338,155,356,296
336,155,352,298
333,155,352,298
330,155,354,302
325,153,353,307
320,154,348,309
318,150,349,318
317,152,349,318
305,153,366,321
300,154,385,322
300,154,395,324
289,154,427,325
302,157,426,326
313,159,422,327
316,160,427,328
343,161,406,328
371,163,372,327
388,166,345,325
404,167,322,326
401,169,318,325
398,172,317,324
396,173,306,323
397,173,306,323
398,173,303,322
394,172,309,321
392,171,309,321
391,169,308,320
389,167,307,321
387,165,308,320
387,162,305,327
387,160,304,326
386,158,304,327
386,155,304,329
383,152,299,329
382,150,298,330
382,149,297,332
382,147,295,333
385,145,289,337
385,143,286,339
381,141,289,338
382,142,287,335
378,143,291,332
371,140,298,331
388,142,295,327
402,145,296,316
410,147,298,309
417,149,300,310
421,150,300,309
423,151,303,308
425,151,304,310
424,152,307,303
424,154,311,302
414,156,322,301
412,158,324,300
411,158,321,300
411,162,321,299
413,165,318,297
413,169,317,298
416,173,308,297
416,176,306,301
417,179,302,303
419,180,298,307
418,180,297,307
416,181,316,312
423,183,312,313
423,185,314,313
422,187,317,314
422,188,320,314
425,190,321,314
427,189,319,315
429,189,322,318
421,190,341,314
421,190,355,314
414,190,374,317
424,190,373,314
428,189,376,315
430,178,381,314
450,171,362,310
458,161,358,311
466,154,349,310
481,151,333,308
526,148,287,307
526,148,280,308
535,146,277,306
539,147,266,307
543,148,263,305
545,149,262,304
546,152,261,301
546,154,260,301
546,155,263,302
546,153,265,303
546,152,265,303
545,152,261,304
545,146,263,312
545,146,261,315
545,146,262,316
502,144,304,314
499,143,306,315
498,143,309,316
500,141,306,319
499,143,303,319
501,142,302,318
503,142,299,318
502,143,295,315
473,142,324,311
464,141,324,310
454,140,323,310
446,139,324,305
436,139,324,305
429,139,324,299
423,142,324,296
419,141,324,296
415,143,324,292
413,146,323,291
410,146,322,290
404,146,322,290
401,147,322,290
400,150,318,287
396,151,317,286
394,151,316,285
391,152,314,283
389,153,313,282
387,153,313,282
383,144,312,292
378,144,314,295
375,144,314,295
369,144,317,295
366,143,320,298
362,142,322,300
359,134,322,303
356,134,322,303
354,134,323,302
352,134,332,303
354,133,337,305
376,136,343,304
384,145,356,305
402,153,350,304
407,157,351,304
406,162,350,299
404,163,346,298
415,163,325,296
419,163,303,294
424,164,289,291
438,165,262,290
437,164,250,290
436,163,250,288
427,160,253,289
426,159,255,289
415,156,256,290
412,153,256,287
410,152,262,289
409,150,262,290
409,148,261,289
391,146,276,291
385,143,283,290
383,131,283,295
380,123,286,296
378,117,286,297
375,112,288,298
371,109,291,298
367,106,298,298
365,107,302,297
365,106,299,299
372,105,296,299
379,102,294,299
383,101,293,297
385,102,293,294
388,102,293,291
389,99,291,286
391,100,288,282
392,99,288,282
391,99,287,281
389,99,287,281
386,99,285,281
383,101,284,280
381,100,281,279
379,101,286,278
378,101,286,278
377,100,286,278
376,103,286,275
376,103,283,276
375,104,283,276
374,104,283,276
372,99,279,278
369,105,282,281
368,115,281,280
367,125,283,280
366,132,284,280
366,140,281,277
366,144,280,276
365,149,280,278
365,158,280,278
363,167,283,282
362,175,283,282
363,180,284,282
362,184,284,282
362,186,285,283
372,188,305,284
372,191,318,279
376,192,318,277
377,191,320,276
378,190,320,275
377,189,319,274
383,188,305,277
395,188,287,275
401,189,274,276
411,190,263,272
420,192,250,271
423,193,234,272
423,192,231,271
423,191,234,272
420,190,237,274
420,188,238,274
418,186,245,276
412,185,249,278
412,188,248,276
413,186,249,275
413,184,249,277
391,182,275,280
391,171,277,291
391,169,276,290
391,168,275,292
380,166,293,293
379,159,290,300
376,156,292,302
374,155,295,303
373,150,299,307
369,147,303,310
369,145,303,310
369,142,304,311
367,140,306,312
364,138,307,314
366,136,308,314
366,135,308,312
366,134,308,308
367,133,307,308
368,130,308,307
368,129,309,308
367,127,307,308
366,126,307,308
365,125,307,311
363,123,306,311
361,119,304,310
358,112,309,317
357,109,309,318
354,106,308,318
352,104,307,317
348,106,303,316
343,105,303,316
333,104,308,317
327,103,308,317
326,103,318,315
319,105,322,314
315,106,322,312
311,106,323,313
307,101,324,317
301,101,323,318
299,100,323,318
295,100,329,321
293,99,331,321
291,98,333,317
289,98,335,319
288,97,335,321
290,98,341,319
292,98,353,318
293,99,370,317
303,98,373,318
304,100,380,314
304,100,380,313
303,100,380,313
302,100,379,312
320,101,329,313
336,103,302,310
341,105,286,308
359,102,261,311
358,103,259,311
358,105,257,309
357,106,258,310
346,107,268,311
331,110,283,307
336,112,284,307
338,113,282,305
333,114,286,306
331,115,288,307
330,115,290,308
329,114,292,309
328,113,292,310
328,112,296,312
327,111,298,313
326,111,298,313
325,110,298,314
324,110,296,316
323,110,297,317
321,110,298,317
320,109,298,318
319,109,298,318
319,110,298,318
319,110,297,317
319,110,296,317
319,113,296,313
319,114,295,312
319,120,293,304
318,137,295,303
318,155,294,301
318,173,294,303
319,192,291,303
321,206,288,302
321,213,287,303
321,217,286,303
321,222,281,303
320,225,279,303
320,229,278,302
319,233,277,302
309,240,287,298
306,241,290,297
303,244,293,296
301,244,294,295
298,245,293,294
295,244,292,293
293,239,293,299
291,239,296,300
290,239,293,298
288,237,291,302
286,237,292,303
284,237,292,303
281,237,293,305
279,237,298,305
275,237,300,305
272,237,302,305
270,242,302,300
268,243,310,300
266,242,318,298
264,243,328,296
272,243,331,296
270,239,329,295
271,234,327,296
267,232,325,295
261,231,320,294
263,229,304,294
276,227,282,295
281,226,266,295
291,224,248,298
300,224,228,299
297,225,226,297
289,227,229,296
282,230,234,295
255,232,262,288
253,232,264,287
255,232,261,284
250,231,266,284
245,230,270,287
243,228,272,288
241,226,270,288
239,224,270,291
237,223,272,293
235,220,273,294
234,218,273,296
233,217,274,298
232,215,274,299
231,215,275,298
232,212,274,298
241,207,278,299
251,198,279,300
266,189,278,298
279,178,277,298
288,170,277,296
299,165,274,293
306,163,273,288
310,163,271,286
310,162,271,284
309,161,276,284
307,160,276,282
305,159,276,281
305,159,274,279
303,160,273,278
301,160,269,276
299,160,265,276
300,162,264,275
298,162,262,274
296,161,261,273
293,163,260,272
286,164,259,270
275,161,265,269
268,159,265,268
257,156,272,268
253,153,272,267
248,148,273,275
243,147,274,275
241,146,275,276
238,146,276,277
233,144,277,278
230,143,277,278
227,143,276,277
224,143,275,277
221,142,277,279
218,142,284,279
215,144,293,279
213,145,310,278
219,145,311,277
218,145,314,276
213,147,319,275
207,150,323,274
202,151,321,273
204,152,310,269
211,154,296,268
222,154,279,267
229,154,266,268
241,154,238,269
244,157,239,263
241,157,241,264
237,160,246,261
214,157,266,261
211,159,270,260
215,159,269,261
208,160,278,261
208,157,278,263
205,156,282,266
202,156,286,267
202,156,286,268
202,157,286,267
202,147,285,275
202,147,286,277
201,147,286,277
201,148,287,276
197,148,293,274
195,149,296,274
194,150,297,273
194,149,298,276
194,149,296,276
194,151,293,270
194,151,292,268
194,152,293,262
194,156,294,259
193,160,295,260
194,165,292,261
194,169,294,261
194,172,296,260
198,176,295,259
201,184,294,258
212,190,294,258
224,193,292,261
234,199,296,262
241,207,297,264
245,214,293,262
249,224,292,256
246,227,296,256
247,232,296,255
246,235,297,254
245,234,296,259
245,235,297,258
246,237,298,257
243,238,298,257
243,239,300,257
243,239,300,257
243,239,300,257
243,239,300,257
242,239,300,257
242,239,299,256
247,239,300,256
250,241,307,255
255,237,311,260
265,236,313,262
264,238,337,262
267,238,349,261
276,239,349,260
278,241,350,257
291,242,327,258
301,245,313,258
317,246,290,257
338,248,260,256
337,250,250,253
340,253,248,250
339,255,248,248
337,256,251,248
338,257,255,248
339,256,256,248
340,255,256,248
372,255,220,249
374,256,219,248
380,255,219,248
379,252,216,249
380,250,216,249
379,249,215,250
377,248,219,254
374,247,219,254
372,246,223,255
350,245,242,259
349,245,244,255
344,246,253,256
345,248,251,255
343,248,260,241
343,249,262,233
320,246,286,244
318,248,290,240
319,249,293,242
319,249,296,241
318,252,298,240
319,253,297,240
319,255,297,240
319,256,296,240
317,257,295,239
313,258,300,238
312,257,300,238
312,258,299,237
309,258,301,236
307,259,301,236
306,259,301,236
304,259,301,236
304,252,301,245
302,251,300,247
302,251,300,247
301,252,299,247
300,253,299,250
298,251,299,252
298,250,298,252
313,247,289,253
324,247,285,254
326,249,295,254
336,249,300,255
338,250,313,253
339,252,318,252
340,254,320,250
340,255,320,249
350,256,301,250
364,258,279,248
364,261,271,246
362,255,269,252
391,256,215,253
391,260,215,245
393,261,217,245
413,265,201,242
413,265,202,243
413,266,205,243
410,265,210,243
410,265,210,243
410,265,210,243
409,264,211,243
405,261,217,248
402,261,222,251
401,260,223,253
401,259,223,253
400,259,223,255
393,259,231,256
394,259,230,255
390,260,233,256
388,262,237,256
389,264,235,256
364,265,264,253
362,265,276,254
363,265,267,251
364,270,271,246
360,269,273,245
361,270,273,241
360,271,275,240
359,272,277,240
359,273,278,239
358,273,279,240
358,275,279,238
357,277,280,237
357,278,283,236
356,280,284,232
355,280,284,233
351,279,288,236
347,279,290,237
345,279,290,236
342,278,288,236
341,278,287,235
340,277,284,235
341,276,284,235
340,274,281,234
339,272,281,234
338,268,281,239
338,269,279,240
337,267,277,242
337,264,280,242
337,260,288,241
341,252,293,243
346,251,298,238
354,246,300,241
361,245,305,238
362,242,309,239
378,243,301,236
380,242,302,237
381,240,299,235
391,239,285,234
399,238,272,233
421,237,249,232
423,236,238,234
424,237,229,233
427,237,228,232
437,235,219,229
435,224,217,226
431,212,223,227
430,201,221,225
430,190,224,224
432,179,222,225
433,168,221,227
433,154,220,227
385,138,264,230
386,122,266,230
389,107,267,230
390,95,268,232
393,88,265,234
395,86,266,238
398,88,266,238
401,99,265,239
408,108,263,239
412,120,263,239
414,130,260,241
417,136,257,240
420,139,256,240
418,139,260,240
416,143,268,229
416,143,268,229
418,143,268,229
416,145,269,228
414,149,269,228
413,152,270,229
415,157,272,227
415,161,273,228
415,162,273,228
416,163,271,227
417,163,269,226
413,163,274,224
411,163,274,223
409,164,275,223
390,163,283,222
348,161,285,224
334,159,280,223
327,159,278,222
317,158,274,225
314,156,274,225
314,151,271,234
