480,260,260,314
481,259,256,318
481,259,256,318
475,259,264,318
475,259,264,318
472,259,262,313
472,259,262,313
467,259,265,316
467,259,267,316
467,259,267,316
460,259,274,316
460,259,274,316
460,259,268,322
460,259,268,322
454,259,274,322
454,259,274,322
454,265,274,316
454,265,274,316
451,268,270,318
451,268,275,318
451,268,275,318
447,271,277,312
450,274,271,313
444,283,278,310
444,283,278,308
444,283,281,310
444,286,281,307
443,293,282,300
443,293,282,300
443,295,282,298
437,298,288,299
437,301,288,296
432,303,293,294
432,305,293,293
432,308,295,290
432,310,295,288
432,311,295,287
432,311,295,287
432,311,295,287
432,311,295,287
432,314,295,276
432,314,295,271
432,315,295,270
432,315,294,264
432,318,294,258
432,318,294,258
432,318,294,258
432,318,294,258
432,318,294,258
429,321,294,253
429,321,294,253
424,321,294,253
424,321,294,253
424,321,294,253
424,328,294,246
424,328,294,241
424,328,294,241
424,328,294,241
419,328,299,241
419,328,299,241
419,328,299,241
419,328,299,241
419,330,299,239
419,330,299,239
419,330,299,239
419,330,299,239
419,330,299,239
419,331,299,238
411,331,307,238
411,331,307,238
411,331,307,238
411,332,307,237
405,333,313,236
405,333,316,246
402,336,322,246
402,336,315,261
399,334,329,277
393,336,344,288
393,336,344,288
390,336,351,291
387,338,358,292
381,338,364,292
381,338,364,308
372,338,377,311
368,338,385,314
363,338,393,320
363,338,393,320
352,335,413,337
348,333,421,343
348,333,421,343
344,330,429,353
340,327,438,360
336,317,446,374
330,314,455,381
326,307,464,392
320,307,470,392
314,293,479,405
312,275,487,416
317,257,477,408
320,237,479,418
325,219,495,413
327,213,501,412
325,203,501,412
328,195,504,412
328,195,504,412
328,195,504,412
328,195,504,412
328,195,504,412
323,198,512,407
323,204,517,412
323,205,510,409
323,211,510,409
325,212,510,409
325,218,510,409
322,219,510,409
322,224,510,404
322,224,510,404
322,224,510,404
322,224,510,404
317,224,515,404
317,224,515,404
317,225,515,402
311,225,521,402
311,225,524,409
308,230,527,409
308,230,527,409
303,235,533,392
303,235,536,302
298,235,541,302
288,235,544,334
288,240,553,343
288,240,553,343
288,246,551,412
281,246,554,418
279,249,554,418
276,251,554,418
276,252,554,417
276,257,554,412
276,260,554,409
276,260,554,419
276,260,554,419
276,260,554,419
276,260,554,419
276,260,554,419
271,256,565,427
271,256,565,427
271,256,565,427
271,256,565,427
271,256,565,427
271,256,565,427
266,252,570,426
266,252,570,426
266,252,569,412
266,252,569,405
266,252,567,393
266,252,567,385
266,247,568,385
268,245,568,379
268,243,567,377
268,243,567,366
268,243,566,356
268,243,566,350
268,243,566,340
268,243,566,334
268,243,565,325
268,243,565,325
268,243,565,315
268,243,565,312
268,243,566,307
268,243,566,297
268,243,565,292
268,243,565,292
268,243,566,289
268,243,566,289
268,243,566,289
268,243,566,289
268,243,569,298
268,243,567,300
268,243,565,303
268,243,565,303
268,243,565,313
268,243,565,313
268,243,565,316
268,243,565,316
268,243,566,323
268,243,566,323
268,243,566,323
268,243,566,323
268,243,566,323
268,243,566,323
274,246,555,317
274,246,555,317
274,245,564,320
274,245,564,317
274,245,573,317
274,245,573,317
274,245,574,312
274,245,574,312
274,245,574,312
274,245,574,312
274,245,581,315
274,245,581,315
274,245,581,315
280,248,580,314
280,248,580,314
280,248,580,314
286,252,569,307
286,252,574,312
296,261,564,307
296,261,564,307
294,264,568,304
301,267,568,304
301,267,568,304
307,270,557,305
307,270,557,305
313,273,546,299
316,273,546,299
323,276,555,300
323,276,555,300
329,279,544,302
329,279,556,300
336,282,551,298
336,282,551,298
338,288,551,298
338,288,551,298
343,288,548,296
343,288,548,296
343,288,548,296
340,290,553,286
340,290,553,286
340,293,558,277
340,293,558,272
340,293,563,298
340,293,563,298
337,293,566,298
335,295,568,296
335,295,565,293
335,295,565,293
335,295,565,293
335,295,565,293
335,295,567,286
335,295,566,283
335,295,567,280
335,295,567,280
335,295,567,280
335,295,568,277
335,295,579,277
335,295,579,277
335,295,579,277
335,295,579,274
335,295,579,274
335,295,579,274
335,295,579,274
341,296,573,273
341,296,573,273
341,296,580,272
341,296,580,272
341,296,580,272
335,294,592,277
335,294,592,277
364,296,588,270
364,296,588,270
364,296,588,270
370,299,576,265
373,298,583,273
373,298,583,273
373,298,583,273
383,298,573,273
383,298,576,272
383,298,576,272
391,299,568,271
391,299,568,271
391,299,568,271
391,299,568,271
391,299,568,271
391,299,568,271
391,299,568,271
391,299,568,271
391,299,568,271
391,299,573,276
391,299,573,276
391,299,573,276
391,299,573,276
391,299,573,276
391,299,573,276
391,299,582,276
391,299,582,276
397,299,582,276
397,299,582,276
397,299,581,273
400,299,581,273
400,299,581,273
400,299,581,273
400,299,581,273
400,299,581,273
400,299,581,273
400,299,581,273
400,299,581,273
400,299,565,279
400,299,565,279
400,299,565,279
403,304,562,278
403,304,562,278
403,304,562,278
403,304,562,278
409,307,551,273
409,307,551,279
409,307,551,279
409,307,551,279
409,307,551,279
409,312,551,274
409,312,551,279
409,312,551,279
410,320,542,280
410,320,542,280
410,320,534,280
410,326,533,280
410,326,533,280
407,334,532,285
407,334,532,285
402,336,535,286
402,336,535,286
402,345,533,277
397,350,528,285
397,350,528,285
387,352,535,289
381,352,535,289
374,352,535,289
374,352,535,289
370,351,530,292
363,351,531,292
357,351,531,292
351,351,531,292
351,356,523,287
351,363,525,280
351,363,526,290
351,370,534,291
359,374,534,296
366,374,527,296
367,371,527,296
372,365,534,298
377,363,533,300
382,361,523,294
384,355,529,297
384,355,529,297
383,350,529,297
383,345,529,297
385,342,528,300
385,339,528,300
383,339,528,300
378,334,528,300
379,339,527,312
372,341,527,312
366,348,533,311
366,348,533,311
361,352,529,315
358,355,529,315
358,355,529,315
350,362,541,314
350,362,536,313
350,362,536,313
344,362,538,319
344,362,531,317
338,362,531,317
335,364,531,317
333,361,531,317
331,360,531,317
331,360,533,314
331,360,528,314
324,359,528,314
316,357,528,314
316,357,536,316
316,357,536,316
316,357,536,316
316,357,536,316
316,357,536,316
316,357,536,316
316,357,536,316
316,357,536,316
316,357,536,316
317,354,536,316
317,354,536,316
317,354,536,316
317,354,536,316
317,354,536,316
317,354,536,316
317,354,536,316
320,354,533,316
320,354,533,316
323,354,524,324
323,354,524,324
323,354,524,324
323,354,524,324
323,354,524,324
323,354,524,324
318,353,529,325
318,353,529,325
313,352,534,326
306,355,534,323
301,355,543,320
301,355,543,320
301,355,543,320
301,361,545,314
301,361,542,314
301,361,543,322
300,361,544,322
300,367,554,324
300,367,554,324
306,370,553,325
306,370,553,325
312,373,551,324
312,381,552,321
309,381,559,321
315,384,556,315
315,384,559,322
315,390,564,321
320,389,564,321
326,392,556,323
326,398,561,317
329,397,561,317
337,402,561,317
337,402,561,317
337,407,564,310
337,407,564,310
337,407,564,310
337,407,561,310
337,407,561,310
337,407,561,310
337,407,561,310
337,407,561,310
337,407,561,310
337,407,561,310
337,407,561,310
332,408,566,309
332,408,566,309
332,408,566,309
332,408,566,309
332,408,566,309
332,406,566,311
332,406,566,311
332,406,566,311
332,406,566,311
332,406,566,311
331,404,566,311
331,404,566,311
331,404,566,311
331,404,566,311
331,404,566,312
331,404,566,312
331,404,566,312
331,404,566,312
331,404,566,312
331,401,566,315
331,398,569,318
331,398,569,318
331,397,569,319
331,397,569,319
331,397,567,316
331,391,566,322
331,391,566,322
331,391,566,322
325,389,572,324
325,389,572,324
325,389,572,324
325,386,570,323
325,386,570,323
325,381,570,323
320,380,570,323
320,380,570,323
320,380,570,323
320,377,570,323
320,377,572,323
321,375,572,323
321,375,572,323
321,374,572,323
321,374,572,323
321,374,572,323
322,371,572,323
322,371,572,323
322,371,572,323
322,371,572,323
322,371,572,317
322,371,572,317
322,368,572,317
322,368,572,317
322,368,573,308
322,368,573,308
322,368,573,302
322,363,573,307
322,358,572,301
322,358,572,301
322,358,572,301
322,358,572,301
322,358,572,299
322,355,572,299
322,355,572,296
322,355,572,296
322,355,573,298
322,355,573,298
322,355,573,298
328,358,570,295
328,358,570,295
334,361,570,289
334,354,569,296
334,354,569,296
340,357,569,290
340,355,571,292
340,355,571,292
340,355,571,292
343,353,570,294
343,353,570,294
343,353,571,294
343,356,577,291
343,356,577,291
343,356,576,290
343,356,576,290
348,356,571,290
348,356,571,290
348,356,571,290
348,356,571,290
348,361,572,295
348,361,572,295
357,361,563,295
357,361,563,295
357,361,562,302
357,361,562,302
363,362,556,301
363,362,556,301
363,362,556,301
363,364,557,299
373,365,546,315
382,366,537,314
382,366,537,314
382,366,537,314
382,372,535,308
391,372,526,308
399,373,518,307
407,378,511,310
410,375,511,310
415,378,505,310
415,378,505,310
420,380,505,310
420,380,498,310
420,380,498,310
422,382,498,310
422,382,498,310
425,385,495,310
425,385,495,310
425,385,495,310
425,385,495,310
425,385,495,310
425,385,495,310
425,385,495,310
425,385,495,310
425,385,493,310
423,385,493,310
423,385,493,310
423,385,492,310
417,386,492,310
417,386,492,310
417,386,492,310
417,386,492,310
416,386,492,310
411,385,492,310
411,385,492,310
410,385,495,310
407,387,498,308
401,387,498,308
401,387,498,308
396,387,501,309
390,388,501,309
390,388,504,309
390,390,504,309
390,390,504,309
385,393,504,309
383,395,504,309
378,396,504,309
378,396,511,309
375,397,511,306
374,400,513,313
374,400,513,313
368,397,521,318
368,397,521,318
365,396,521,318
365,396,521,318
365,396,521,318
363,395,521,318
363,395,521,318
363,395,530,318
363,395,530,318
363,395,532,318
360,395,532,318
360,395,540,318
360,395,540,318
360,395,540,318
360,395,540,318
355,397,551,311
355,397,551,311
355,397,551,311
355,397,551,311
355,397,551,311
355,397,551,311
349,396,568,312
343,398,568,312
343,398,576,312
343,398,576,312
343,398,584,312
340,395,586,317
337,395,592,317
332,395,597,317
332,395,597,317
331,395,604,317
325,400,610,312
325,400,616,312
325,400,616,312
325,403,621,309
325,403,621,309
325,406,631,306
325,406,631,306
325,411,638,301
325,411,638,301
325,411,645,301
320,417,650,295
320,417,659,295
320,417,659,295
320,418,671,294
320,418,671,294
320,419,681,293
320,419,681,293
320,418,696,294
320,418,696,294
320,418,696,294
318,420,706,292
318,419,709,293
318,422,712,290
317,420,721,292
315,420,723,292
315,415,733,297
312,416,736,296
312,415,744,297
309,416,752,296
309,418,757,294
304,415,764,303
304,415,764,303
304,415,774,303
304,415,779,304
304,415,786,305
301,414,789,306
301,414,799,303
301,414,799,303
301,414,799,303
301,414,805,303
301,414,805,303
301,414,802,303
301,414,797,303
302,414,790,304
302,414,783,302
302,414,783,302
294,411,789,306
294,411,784,307
294,411,784,307
294,411,784,306
291,408,787,309
291,408,787,309
290,397,783,320
290,396,784,318
290,396,784,318
288,393,780,317
288,393,780,317
282,393,782,317
282,393,782,317
282,393,783,316
282,393,783,316
282,393,781,314
281,391,782,312
281,391,781,312
281,391,781,312
281,391,781,312
281,391,781,312
281,391,781,312
281,388,779,311
281,388,779,311
279,388,779,311
279,388,780,306
279,388,780,306
279,388,780,306
274,386,780,305
274,386,780,305
274,386,780,305
274,383,779,306
274,383,779,306
274,383,779,306
271,382,779,306
271,382,779,306
271,382,779,306
271,382,779,306
271,382,779,306
271,380,779,306
271,380,779,306
271,380,779,306
271,380,779,306
271,380,777,307
271,380,777,307
271,380,777,307
271,380,777,307
270,377,777,307
270,374,777,310
270,369,777,310
270,369,777,310
270,369,777,310
270,367,777,310
270,367,777,310
270,367,777,310
270,367,777,310
270,367,778,312
270,367,778,312
270,367,778,312
270,367,778,312
270,367,778,312
270,366,778,313
270,366,778,313
270,366,778,313
270,366,778,313
270,366,778,313
270,366,778,313
270,366,778,313
270,366,778,313
270,369,778,310
270,369,776,315
270,369,776,315
270,372,776,312
270,372,776,312
270,372,776,312
270,372,776,312
270,372,775,318
270,372,775,318
270,375,775,315
268,378,777,312
268,378,777,312
268,381,777,311
268,381,777,311
268,381,777,311
268,381,777,311
268,381,774,311
263,379,774,311
263,379,777,313
263,379,777,313
263,379,772,313
257,378,780,312
257,378,778,312
257,378,778,312
257,378,778,312
252,380,779,313
252,380,779,313
250,379,779,314
250,379,779,314
250,379,777,314
250,379,777,314
245,379,777,314
245,379,777,314
245,379,777,314
245,379,777,314
245,379,777,314
245,379,777,314
245,379,777,314
245,379,777,314
245,379,777,314
245,379,777,314
245,379,777,314
245,379,777,314
245,379,777,314
242,376,781,320
242,376,776,320
242,376,776,320
242,376,776,320
242,376,776,320
242,376,776,320
242,376,776,320
242,376,776,320
242,376,776,320
242,376,776,320
242,376,776,320
242,376,776,320
242,376,776,320
242,379,777,320
242,379,777,320
242,379,777,320
242,379,777,320
242,379,777,320
242,379,777,320
242,379,777,320
242,382,777,317
242,382,777,317
242,382,777,317
242,382,777,317
242,382,775,320
242,382,775,320
242,382,775,320
242,382,775,320
242,382,775,320
242,382,776,321
242,382,776,321
242,382,776,321
242,382,776,321
242,382,776,321
242,382,776,323
242,382,776,323
242,382,776,323
242,382,776,323
242,382,776,323
242,382,776,323
242,382,776,323
242,382,776,323
242,382,776,323
242,382,776,323
242,382,776,323
242,382,776,323
242,382,776,323
242,382,776,323
242,388,778,317
242,388,778,317
242,388,778,317
242,385,778,320
242,385,778,320
242,385,778,320
242,385,778,320
242,385,778,320
242,385,775,319
241,385,775,319
241,385,775,319
241,385,775,319
241,384,775,318
241,384,775,318
241,384,775,312
239,382,776,318
239,384,776,316
239,389,776,315
239,388,776,315
239,388,776,315
239,388,777,317
239,388,777,317
239,388,777,317
239,388,777,317
239,388,775,320
239,389,775,319
237,395,776,313
237,392,776,313
237,392,777,318
237,392,777,318
237,394,777,316
237,394,777,316
237,394,777,316
237,394,777,316
237,394,777,316
237,394,777,316
237,392,775,318
237,392,775,318
237,392,775,318
237,392,775,318
237,392,777,313
237,392,777,313
237,390,777,315
237,388,777,317
237,388,776,317
237,388,776,315
237,388,776,315
237,388,777,313
236,383,777,313
236,383,776,315
236,380,776,315
236,380,776,315
236,380,776,315
236,378,774,315
236,376,774,315
236,376,774,315
231,379,779,312
231,379,779,312
232,377,779,312
232,377,779,312
232,377,777,317
232,379,777,315
232,379,777,312
232,376,777,312
232,376,777,312
232,376,777,312
232,376,777,312
232,376,777,312
232,376,777,312
232,376,777,312
232,376,777,312
232,376,777,312
232,376,777,312
232,376,777,312
232,376,777,312
232,376,777,312
232,376,777,312
232,376,777,312
232,376,777,312
232,376,777,312
232,376,777,312
232,376,777,312
232,376,777,312
232,376,777,312
232,376,777,312
232,376,777,312
232,376,776,313
230,377,778,312
230,377,778,312
230,377,778,312
230,377,778,312
229,370,776,313
229,370,776,313
229,370,776,313
229,370,776,313
229,370,776,313
229,370,776,313
229,370,776,313
230,365,776,313
230,365,776,313
230,365,776,313
230,365,776,313
230,365,776,313
230,365,776,313
230,365,775,312
224,362,778,312
224,364,778,310
222,363,778,310
222,363,778,310
222,363,778,310
220,363,776,304
217,364,778,305
218,364,778,305
217,362,777,308
217,362,777,308
215,362,777,308
215,364,777,308
215,364,777,308
215,363,777,308
213,363,777,308
213,363,777,308
213,363,777,308
213,363,777,308
207,362,780,308
209,362,780,308
209,362,780,308
209,362,780,308
209,362,780,308
209,362,780,308
208,362,780,308
208,362,780,308
208,362,779,308
208,362,779,308
208,361,779,308
208,361,777,308
202,361,783,309
202,361,783,309
202,361,783,309
202,361,783,309
202,361,783,309
202,361,780,308
203,363,780,308
203,363,780,308
203,363,780,308
203,363,780,308
203,363,780,308
203,363,777,307
201,363,779,307
201,363,779,307
201,363,780,301
201,363,780,301
199,361,781,303
199,361,781,303
199,361,781,303
199,361,781,303
199,361,781,303
199,361,781,303
199,361,781,303
199,361,781,303
199,361,781,303
200,358,780,306
200,358,780,306
200,358,777,306
200,358,777,306
200,358,777,306
200,358,777,306
200,358,777,306
194,357,777,306
194,357,777,306
194,357,777,306
194,357,777,306
194,357,777,306
194,357,777,306
194,357,777,306
194,357,777,306
194,357,777,306
194,357,777,306
194,357,777,306
194,357,777,306
194,357,778,306
194,357,778,306
194,357,777,309
194,357,777,309
194,357,777,309
194,357,777,309
194,357,777,309
194,357,779,308
194,360,779,305
194,360,779,305
194,360,779,305
194,360,782,305
197,362,780,304
197,362,780,304
197,362,780,304
197,362,780,304
197,362,780,304
197,360,780,306
197,360,780,306
197,360,780,306
197,357,780,306
197,359,780,306
197,359,780,306
197,359,780,306
200,356,779,306
200,354,779,306
200,354,779,306
200,354,779,306
200,356,777,304
200,356,777,306
200,356,777,306
200,356,777,306
200,356,777,306
200,356,775,306
200,356,775,306
197,356,778,306
197,356,778,306
197,356,778,306
197,356,777,305
197,356,777,305
197,356,777,305
196,354,777,305
196,354,777,305
196,354,777,305
196,354,777,305
196,354,777,305
196,354,777,305
196,354,777,305
196,354,777,305
196,359,777,305
196,359,777,305
196,359,777,305
196,359,777,305
196,359,777,305
196,359,777,305
196,358,777,305
196,358,777,305
196,358,777,305
196,358,777,305
196,358,777,305
196,358,777,305
196,358,777,305
196,358,782,305
196,358,782,305
196,358,782,305
196,358,781,305
196,356,781,305
196,356,781,305
194,354,781,305
194,357,782,303
194,357,782,303
194,357,782,303
194,357,784,303
196,355,782,305
196,355,782,305
196,356,782,305
196,356,782,305
196,358,782,305
196,358,782,302
196,358,782,302
196,358,783,304
196,358,783,304
196,358,783,304
196,358,783,304
196,363,783,299
196,363,783,299
199,360,783,299
199,360,783,299
199,360,782,300
199,360,782,300
199,360,782,300
205,359,782,300
205,359,782,300
205,359,776,301
205,359,776,301
205,359,776,301
205,359,776,301
203,360,776,301
203,360,779,301
203,360,779,301
203,360,779,301
200,363,782,298
200,363,782,298
200,363,782,298
200,364,782,299
200,364,781,299
198,362,781,299
198,362,781,299
198,362,781,299
198,362,781,299
198,363,781,298
198,363,781,301
198,363,781,301
198,363,781,301
201,363,783,302
201,363,783,302
200,365,783,302
200,365,783,302
200,365,783,302
200,365,783,302
200,365,783,302
200,365,783,302
200,365,783,302
200,367,783,302
200,367,783,302
203,365,783,302
202,365,783,302
202,364,783,302
202,364,783,302
202,364,782,299
202,361,782,302
202,361,782,302
202,361,782,302
203,356,782,302
203,356,782,302
203,356,782,302
203,356,782,302
203,356,782,302
203,356,782,302
203,356,782,302
203,356,782,302
203,356,782,302
203,356,782,302
203,356,782,302
202,356,782,302
202,356,782,302
202,356,782,302
202,356,782,302
199,357,781,299
199,357,781,299
199,357,781,299
199,357,781,299
199,357,781,299
199,356,781,299
199,356,781,299
199,356,781,299
199,356,781,299
199,356,781,299
199,356,781,299
199,359,781,296
199,359,781,296
199,359,781,296
199,354,781,296
199,354,781,296
198,349,781,296
198,349,781,296
204,344,785,297
205,344,792,299
215,345,787,295
228,337,779,304
235,342,779,302
228,345,784,302
231,350,782,301
229,353,782,300
229,353,782,300
229,353,782,300
229,353,782,300
229,353,782,300
229,352,782,300
229,352,782,300
229,352,782,300
229,352,782,300
229,352,782,300
229,352,782,300
229,352,782,300
229,352,782,300
229,352,780,300
227,354,779,294
227,354,779,294
227,354,779,295
227,354,779,295
228,352,779,295
228,352,779,295
227,352,779,298
227,352,779,298
227,352,779,298
222,354,785,298
222,354,783,298
222,354,783,298
222,354,783,298
222,354,780,298
222,354,780,298
222,354,780,298
222,360,780,292
222,360,780,292
220,359,782,293
220,359,777,295
220,359,777,295
220,359,777,295
220,359,777,295
220,359,777,295
220,359,777,295
215,359,782,295
215,359,782,295
215,359,782,295
215,359,782,295
215,359,782,295
215,359,782,295
215,359,782,295
215,359,782,295
215,359,782,295
215,359,783,296
215,359,783,296
215,359,783,296
215,359,783,296
215,359,783,296
215,359,783,296
215,359,783,296
215,359,783,296
215,359,781,297
215,359,781,297
215,359,781,297
215,359,781,297
215,359,781,297
215,359,781,297
215,359,781,297
215,359,781,297
215,359,781,297
215,359,781,297
215,359,781,297
215,359,781,297
215,359,781,297
215,359,781,297
215,359,781,297
215,359,781,297
215,359,781,297
215,359,781,297
215,359,781,297
215,359,781,297
215,359,781,297
215,359,781,297
215,359,781,297
215,359,781,297
215,359,781,297
215,359,781,297
212,359,781,297
212,359,781,297
212,361,781,295
212,361,781,295
212,361,779,295
211,361,780,295
211,361,780,295
211,361,780,295
211,361,780,295
211,361,780,295
211,361,780,295
211,361,780,295
211,361,780,295
211,361,780,295
211,361,780,295
211,361,780,295
208,361,783,295
208,361,783,295
208,361,783,295
208,361,783,295
208,361,783,295
208,361,783,295
208,361,778,295
208,361,778,295
