557,374,576,331
544,363,576,342
536,358,574,340
523,352,579,341
520,346,576,340
515,340,575,339
507,334,575,339
501,328,576,339
496,325,578,338
489,321,575,338
485,319,574,338
478,315,575,337
474,312,576,337
468,308,576,337
462,305,575,336
458,301,575,336
454,296,574,337
449,293,574,338
444,288,577,338
441,284,575,339
437,282,574,338
435,276,576,340
433,273,580,341
433,267,585,344
435,264,589,347
438,261,595,350
439,258,599,353
444,255,600,355
446,250,612,359
448,246,618,365
450,243,633,371
448,239,644,383
440,238,661,392
432,239,680,403
420,237,705,418
413,238,710,425
408,239,708,425
403,242,710,424
401,241,710,425
397,244,708,424
393,243,709,424
390,242,704,424
386,243,705,424
381,243,706,424
375,247,709,421
371,247,707,422
365,245,705,421
359,247,704,419
354,246,701,414
355,246,694,411
359,249,684,403
365,254,670,392
370,254,655,387
376,257,637,374
383,259,617,366
391,263,598,354
401,268,574,340
414,270,551,329
426,275,529,315
436,279,509,300
444,281,487,291
451,285,468,279
460,291,452,268
465,294,444,265
465,296,441,263
463,298,439,263
459,298,439,264
456,299,439,264
456,299,438,264
456,300,439,264
456,300,438,264
456,299,437,265
454,301,439,265
455,302,436,264
453,301,435,264
453,302,441,265
454,303,450,269
455,304,455,271
457,304,456,275
454,304,464,281
449,303,473,287
441,303,485,295
433,302,492,301
430,303,491,302
425,306,495,301
425,308,491,301
422,310,491,302
420,313,493,301
416,316,489,302
411,319,488,303
405,321,486,305
402,326,481,304
400,330,485,304
402,332,484,307
402,335,485,311
402,340,481,309
402,343,480,309
400,340,477,313
399,333,475,314
397,332,477,315
390,330,481,314
387,330,485,306
385,331,486,301
382,333,488,296
379,327,494,294
377,322,494,292
374,316,495,290
368,310,500,287
365,303,503,286
364,292,504,289
363,289,500,289
362,281,498,289
359,278,501,287
349,271,501,287
340,266,504,284
335,253,507,282
329,236,506,282
324,218,505,282
320,198,505,284
314,178,505,280
309,151,505,282
305,139,502,284
302,133,501,286
297,130,500,285
285,130,500,285
273,133,504,283
255,138,504,279
239,141,502,279
228,146,503,278
223,152,505,277
221,159,502,278
225,167,500,278
228,178,502,279
229,188,500,277
236,194,502,277
240,197,500,277
235,197,504,278
236,194,503,278
234,190,504,279
230,185,505,281
226,184,507,282
225,184,509,284
221,187,511,286
219,189,513,289
216,195,515,288
212,199,521,291
205,200,525,294
201,205,530,293
198,211,535,291
194,211,540,294
192,211,545,296
197,213,553,296
202,212,557,295
203,209,558,297
201,208,566,295
196,210,570,294
192,212,571,294
184,214,574,295
175,215,582,299
168,217,585,301
161,219,586,304
156,222,585,307
152,227,594,309
151,233,596,310
153,240,597,313
164,254,598,321
173,272,600,321
177,284,606,324
189,303,607,327
190,308,612,328
193,316,616,332
195,319,618,335
197,321,627,337
198,318,632,341
198,312,637,345
198,307,645,348
198,301,648,352
199,294,653,355
200,287,660,360
199,283,668,364
195,275,674,373
187,275,682,375
181,277,685,376
174,276,692,379
166,275,701,383
159,275,707,386
152,274,714,390
147,273,719,394
141,270,727,398
139,265,731,402
133,259,737,407
128,254,746,409
127,249,746,412
122,242,752,416
119,239,751,417
116,236,756,421
113,232,759,423
110,228,766,424
106,226,769,426
108,223,774,425
106,220,779,426
105,220,775,430
104,222,777,434
100,224,790,438
98,223,792,440
95,225,800,443
91,228,810,442
89,226,806,443
83,224,808,446
77,224,811,448
74,224,814,449
72,223,824,452
67,225,824,452
66,228,827,455
65,229,825,455
63,232,827,456
64,238,830,456
63,240,830,455
63,245,830,455
63,248,831,455
65,248,831,458
64,252,836,458
67,255,830,459
67,257,834,459
67,260,833,459
67,262,832,458
70,265,835,454
70,271,836,448
75,272,836,447
80,268,835,451
82,270,835,449
84,272,832,448
90,279,832,440
95,286,832,433
99,293,828,425
104,297,820,422
103,299,822,420
102,301,816,418
102,307,817,410
103,340,816,379
91,347,819,372
86,354,822,365
88,371,821,348
93,374,825,346
97,370,827,345
96,360,823,359
96,353,839,367
114,346,824,373
107,324,821,395
105,330,819,389
125,323,818,396
132,316,815,403
135,311,814,408
164,309,815,409
181,299,798,420
180,290,796,429
187,283,801,436
205,274,801,445
203,258,803,461
207,250,807,469
230,248,814,471
243,242,815,477
249,239,813,480
252,245,823,474
270,246,833,474
266,249,841,471
257,263,846,456
267,287,856,432
277,283,863,435
290,280,872,438
317,277,895,437
370,271,894,448
398,264,878,455
433,259,846,460
468,253,811,466
478,250,801,469
455,247,824,472
411,249,868,471
364,254,891,465
329,266,893,453
286,277,894,440
255,290,899,429
232,305,904,414
209,319,900,400
192,325,902,394
184,340,902,379
181,345,891,375
171,351,892,368
169,359,893,360
169,362,889,358
154,361,887,358
141,361,891,357
143,359,897,357
142,358,899,361
123,352,900,367
106,346,900,373
96,342,905,377
86,336,903,383
71,331,907,388
67,324,921,395
63,313,921,406
59,300,922,419
53,286,927,433
51,280,928,439
53,275,931,444
56,269,934,450
58,262,937,457
63,254,940,465
67,244,944,475
71,233,945,486
73,225,949,494
75,213,949,506
75,200,959,519
74,185,955,534
69,177,960,542
62,168,967,551
58,159,971,560
50,153,974,563
45,146,977,573
41,138,971,581
34,132,976,587
29,129,989,590
29,123,988,594
26,117,988,599
21,115,992,598
21,115,993,598
20,116,991,600
16,117,987,601
17,122,994,597
21,129,994,590
26,140,1003,579
33,149,1004,570
48,158,1001,561
59,164,999,555
68,169,995,550
71,176,1006,543
82,182,1004,537
87,183,1004,536
89,188,1008,531
95,190,1009,529
95,189,1008,530
94,187,1009,531
97,182,1006,537
97,176,1007,543
95,170,1010,549
98,160,1004,559
99,149,1005,570
104,135,1000,584
106,121,1002,598
112,107,996,612
110,96,1007,618
110,85,1001,619
109,80,1002,618
104,76,1005,617
99,70,1007,615
90,65,1009,614
84,60,1009,614
76,56,1015,611
75,52,1017,612
70,49,1020,613
68,48,1022,614
68,49,1022,615
66,51,1021,614
65,54,1017,616
61,56,1016,614
63,57,1009,615
60,59,1013,615
59,60,1011,613
56,61,1017,613
54,64,1019,611
54,65,1019,610
52,67,1020,608
50,67,1022,609
50,70,1017,607
51,68,1015,607
50,71,1020,605
51,72,1019,606
52,71,1021,607
50,71,1020,608
50,72,1022,606
56,71,1011,608
57,70,1011,609
61,71,1012,607
66,72,1012,605
65,71,1015,606
68,70,1014,611
71,70,1012,613
72,72,1016,612
80,72,1014,613
83,72,1013,615
83,73,1012,613
84,72,1013,614
84,71,1016,618
84,77,1018,612
86,74,1016,616
86,75,1017,615
86,74,1019,616
88,75,1017,617
91,75,1016,614
89,76,1013,616
90,76,1014,617
91,77,1017,619
91,81,1016,617
92,84,1015,617
96,84,1012,618
97,87,1014,616
97,87,1016,617
98,88,1018,615
99,88,1014,617
97,89,1016,616
98,89,1012,620
97,88,1019,621
97,91,1016,619
97,90,1015,620
97,89,1015,620
95,89,1016,619
94,88,1021,621
93,87,1023,624
91,87,1027,624
93,87,1029,623
95,86,1032,626
94,85,1034,627
94,84,1042,631
95,85,1044,631
95,85,1044,632
93,85,1046,634
89,86,1048,634
88,91,1050,628
84,95,1053,624
82,95,1057,625
81,96,1057,623
82,95,1057,624
79,92,1061,625
80,86,1061,633
80,77,1059,642
77,70,1061,643
80,64,1062,641
80,60,1063,642
81,58,1064,644
87,56,1058,646
89,57,1060,644
94,54,1058,647
101,54,1057,647
105,55,1057,647
110,56,1054,646
118,53,1055,650
122,53,1052,649
128,57,1049,647
132,52,1045,648
130,53,1048,648
133,54,1046,645
132,50,1045,643
126,46,1048,642
128,43,1047,642
127,39,1049,641
125,36,1048,642
127,33,1047,642
125,29,1049,640
127,26,1047,643
126,27,1049,641
126,24,1047,639
122,24,1049,637
126,20,1045,640
127,19,1044,640
127,16,1045,641
132,14,1041,643
132,14,1041,641
131,13,1043,643
131,11,1042,642
130,12,1041,642
130,11,1043,643
128,10,1045,644
128,11,1040,643
125,13,1042,644
129,9,1039,645
125,12,1040,643
122,14,1042,644
122,17,1043,640
122,16,1043,640
120,14,1043,642
122,13,1045,642
118,15,1043,643
117,16,1043,643
119,15,1041,642
117,18,1039,642
114,21,1041,641
114,23,1043,637
114,17,1037,644
111,23,1039,643
113,26,1037,640
112,28,1038,634
110,25,1038,639
112,30,1037,636
112,23,1034,642
109,30,1037,637
106,29,1038,638
111,23,1032,644
106,25,1036,644
108,26,1033,645
108,26,1034,646
106,29,1035,642
105,26,1036,643
105,27,1036,641
105,28,1031,639
106,29,1032,641
106,23,1034,644
107,22,1030,645
104,26,1032,643
104,24,1032,645
102,24,1034,647
103,28,1032,645
102,25,1030,649
102,24,1030,650
101,22,1029,653
98,18,1028,656
90,24,1032,650
86,25,1032,648
76,26,1034,642
66,29,1039,638
55,27,1040,637
47,25,1040,640
40,30,1043,636
35,28,1045,637
33,27,1040,640
31,26,1039,643
29,25,1040,646
27,23,1038,648
29,18,1036,655
32,17,1033,657
32,13,1032,660
30,11,1030,662
27,8,1030,664
28,2,1031,668
26,1,1034,667
24,1,1032,664
21,1,1035,662
18,1,1036,663
10,1,1042,660
10,1,1040,659
8,1,1036,660
3,1,1039,658
1,1,1039,659
1,1,1039,662
1,1,1036,663
1,1,1036,662
1,1,1037,661
1,1,1036,663
1,1,1034,663
1,1,1037,664
1,1,1036,665
1,1,1037,665
1,1,1036,666
1,1,1032,665
1,1,1032,662
1,1,1033,663
1,1,1029,660
1,1,1027,657
1,1,1026,658
1,1,1025,656
1,1,1023,656
1,1,1022,655
1,1,1020,656
1,1,1017,656
1,1,1016,657
1,1,1014,657
1,1,1015,653
1,1,1015,656
1,1,1012,656
1,1,1012,659
1,1,1011,663
1,1,1004,666
1,4,1003,669
1,7,998,670
1,8,991,671
1,9,993,674
1,3,979,679
1,1,978,678
4,1,977,677
5,1,977,676
1,1,978,678
1,1,981,684
1,1,993,689
10,2,994,691
21,6,999,694
46,9,976,698
50,19,977,689
61,26,966,689
75,30,962,689
86,42,951,674
102,52,948,667
122,66,943,650
146,78,942,641
176,97,938,622
205,115,930,604
225,133,927,586
245,149,920,570
258,159,910,560
259,168,907,551
254,163,908,556
257,165,906,554
252,158,893,561
245,157,889,562
238,153,884,566
227,151,887,568
216,150,888,569
202,150,895,570
191,149,896,571
180,147,906,572
174,144,911,575
163,133,920,586
152,124,933,595
142,111,946,608
129,92,958,627
111,75,969,644
95,56,985,654
82,39,996,656
65,24,1026,661
53,12,1033,669
40,1,1050,678
27,1,1058,675
13,1,1070,676
12,1,1080,678
7,1,1091,679
6,1,1102,679
7,1,1109,679
6,1,1118,678
4,1,1129,678
8,1,1129,678
13,1,1146,673
15,1,1144,673
17,1,1152,670
12,1,1164,669
9,1,1174,668
15,1,1170,669
13,1,1178,664
13,1,1177,660
19,1,1177,655
20,1,1175,648
17,1,1179,640
14,1,1183,635
12,1,1188,628
13,1,1183,623
12,1,1183,622
7,1,1182,617
5,2,1190,617
2,3,1191,618
1,1,1187,638
1,1,1181,638
1,1,1177,639
1,1,1175,643
1,1,1171,641
1,2,1165,638
1,1,1154,649
1,1,1154,649
1,1,1147,655
1,1,1151,662
1,1,1146,667
1,2,1144,670
1,1,1139,671
1,1,1138,679
1,1,1138,677
1,1,1138,683
1,1,1138,684
1,1,1137,687
2,1,1138,684
1,1,1142,683
1,1,1134,684
1,1,1138,681
1,1,1147,678
1,1,1146,674
1,1,1146,674
1,1,1148,667
1,1,1153,665
1,1,1159,664
1,1,1166,662
3,1,1172,659
8,1,1174,657
13,1,1175,652
15,1,1173,650
22,1,1173,646
22,1,1172,643
16,1,1174,639
18,1,1175,637
20,1,1174,636
22,1,1177,635
30,1,1174,633
38,1,1166,630
41,1,1167,627
48,1,1167,626
51,1,1169,623
56,1,1168,622
59,1,1164,621
59,1,1169,618
84,1,1145,619
89,1,1145,617
107,1,1133,614
105,1,1134,614
104,1,1134,611
107,1,1135,611
104,1,1129,612
103,1,1130,609
101,1,1133,611
101,1,1126,609
101,1,1127,608
100,1,1126,606
99,1,1123,603
98,1,1125,602
98,1,1125,602
98,1,1123,602
98,1,1120,599
99,1,1122,600
96,1,1122,598
92,1,1123,597
94,1,1119,593
93,1,1118,593
89,1,1120,588
89,1,1122,588
85,1,1123,587
84,1,1126,585
86,1,1122,585
84,1,1124,584
83,1,1126,584
84,1,1124,584
84,1,1127,582
85,1,1125,580
89,1,1121,577
88,1,1124,575
88,1,1125,574
85,1,1127,570
84,1,1124,567
81,1,1129,567
78,1,1130,566
76,1,1131,564
73,1,1132,562
72,1,1133,562
72,1,1131,560
70,1,1131,558
69,1,1131,557
67,1,1133,558
67,1,1132,560
65,1,1131,566
64,1,1133,569
66,1,1134,571
63,1,1134,575
64,1,1134,577
63,1,1134,580
60,1,1133,583
61,1,1128,590
55,1,1130,601
26,1,1156,613
11,1,1168,630
4,1,1174,649
2,1,1172,663
2,1,1175,673
1,1,1173,686
1,1,1170,690
1,2,1172,694
1,1,1171,699
1,1,1173,702
1,1,1177,707
1,1,1177,708
2,1,1179,709
1,1,1183,714
2,1,1186,715
1,1,1184,714
1,1,1186,715
2,1,1187,716
2,1,1190,716
1,1,1193,717
2,1,1192,718
1,1,1197,715
1,1,1196,716
1,1,1197,715
1,1,1198,715
1,1,1198,713
1,1,1200,714
1,1,1199,714
1,1,1202,711
1,1,1201,711
1,1,1201,713
4,1,1196,713
3,1,1195,712
3,1,1196,713
2,1,1198,714
2,1,1198,713
2,1,1198,715
3,1,1199,717
4,1,1199,716
4,1,1199,715
7,1,1198,715
7,1,1199,714
12,1,1193,715
10,1,1195,716
10,1,1196,716
10,1,1197,716
22,1,1184,717
22,1,1183,718
26,1,1179,718
25,1,1180,716
30,1,1174,718
30,1,1174,719
29,1,1174,719
29,1,1174,716
32,1,1171,717
35,1,1171,719
41,1,1167,717
45,1,1162,716
45,1,1166,715
45,1,1167,715
49,1,1162,714
51,1,1162,713
52,1,1163,714
51,1,1162,713
51,1,1162,713
48,1,1165,713
48,1,1164,712
50,1,1162,706
47,1,1164,706
47,1,1165,705
47,1,1165,704
47,1,1164,703
45,1,1166,701
46,1,1165,701
44,1,1168,699
45,1,1170,699
44,1,1173,698
43,1,1173,697
42,1,1174,698
38,1,1175,695
34,1,1179,696
43,1,1170,694
40,1,1170,693
38,1,1170,693
39,1,1172,694
36,1,1173,695
34,1,1177,695
32,1,1179,694
34,1,1177,693
34,1,1175,694
35,1,1175,693
35,1,1176,691
35,1,1176,690
40,1,1171,688
40,1,1170,687
40,1,1171,688
42,1,1171,687
43,1,1172,685
42,1,1171,685
45,1,1170,686
47,1,1171,687
48,1,1171,685
54,1,1169,688
56,1,1169,688
56,1,1173,687
60,1,1173,690
64,1,1173,691
71,1,1174,693
77,1,1172,700
91,1,1171,703
97,1,1169,708
103,1,1174,712
109,1,1171,714
117,1,1162,713
122,1,1157,714
123,1,1157,712
123,1,1156,713
124,1,1155,714
122,1,1155,714
122,1,1155,714
123,1,1155,714
124,1,1155,709
124,1,1155,708
126,1,1154,706
127,1,1152,704
128,1,1151,698
130,1,1149,696
133,1,1147,692
138,1,1142,691
151,1,1128,681
158,1,1121,679
160,1,1119,666
168,1,1111,666
174,1,1105,660
171,1,1108,660
170,1,1108,654
167,1,1112,654
164,1,1115,654
161,1,1118,661
155,1,1124,672
156,1,1123,683
157,1,1122,688
157,4,1122,688
158,1,1121,699
157,1,1122,711
157,1,1122,714
153,1,1126,718
153,1,1126,718
152,1,1127,718
149,1,1130,718
149,1,1130,718
149,1,1130,718
146,1,1130,716
142,1,1137,719
142,1,1137,719
141,1,1138,716
141,1,1138,716
144,1,1136,715
140,1,1139,719
140,1,1139,719
136,1,1143,719
138,1,1142,719
145,1,1134,719
145,1,1134,719
150,1,1129,719
155,1,1124,719
163,1,1116,719
158,1,1121,719
163,1,1116,719
167,1,1112,719
168,1,1111,719
165,1,1114,719
159,1,1120,719
165,1,1114,719
164,1,1115,719
162,1,1117,719
160,1,1119,719
159,1,1120,719
163,1,1116,719
160,1,1117,719
158,1,1121,719
158,1,1121,719
168,1,1111,719
169,1,1111,719
175,1,1104,719
178,1,1101,719
179,1,1100,719
179,1,1100,719
179,1,1100,719
179,1,1100,719
175,1,1104,719
171,1,1108,719
168,1,1111,719
167,1,1112,719
164,1,1115,719
155,1,1124,719
153,1,1126,719
151,1,1128,719
149,1,1130,719
145,1,1134,719
143,1,1136,719
137,1,1142,719
140,1,1139,719
145,1,1134,719
141,1,1138,719
135,1,1144,719
127,1,1152,719
121,1,1158,717
114,1,1165,717
104,1,1175,719
99,1,1180,718
98,1,1181,718
91,1,1188,718
86,1,1193,719
81,1,1198,719
76,1,1203,719
68,1,1211,719
61,1,1218,719
55,1,1224,719
54,1,1225,719
50,1,1229,719
45,1,1218,719
41,1,1217,719
45,1,1207,719
41,1,1207,719
36,1,1206,719
29,1,1203,719
25,1,1201,718
24,1,1197,719
25,1,1193,719
23,1,1190,719
19,1,1189,719
22,1,1186,719
19,1,1183,719
15,1,1181,716
13,1,1180,715
10,1,1177,709
9,1,1170,704
8,1,1168,699
6,1,1163,695
7,1,1156,692
8,1,1146,687
8,1,1143,681
7,1,1142,677
7,1,1135,674
5,1,1127,672
1,1,1121,672
1,1,1119,670
1,1,1111,669
1,1,1104,667
1,1,1094,668
1,1,1079,667
1,1,1073,666
1,1,1069,666
1,1,1065,669
1,1,1060,674
1,1,1057,683
1,1,1054,688
1,1,1053,692
1,1,1053,696
1,1,1051,699
1,1,1055,700
1,1,1055,702
8,1,1053,704
10,1,1053,705
12,1,1057,704
13,2,1055,706
17,6,1056,705
19,11,1057,705
21,12,1061,705
29,19,1057,700
32,26,1059,693
33,28,1059,692
33,34,1061,685
34,36,1060,684
33,39,1062,680
32,43,1060,676
26,44,1061,676
21,44,1062,675
17,45,1064,675
15,50,1066,669
16,47,1067,669
16,44,1070,675
15,42,1072,677
18,34,1070,685
22,30,1073,689
24,22,1074,697
29,16,1072,703
31,6,1073,705
34,1,1077,702
35,1,1079,686
56,1,1063,672
63,1,1059,659
73,1,1051,651
76,1,1048,648
76,1,1050,645
79,1,1049,643
81,1,1048,639
84,1,1047,637
86,1,1043,630
84,1,1048,629
80,1,1046,627
78,1,1048,630
75,1,1046,631
71,1,1047,632
67,1,1062,633
66,1,1060,638
60,1,1059,642
62,1,1060,644
64,1,1057,647
66,1,1051,650
65,1,1049,653
69,1,1047,653
72,1,1047,655
79,1,1043,653
79,1,1042,653
80,1,1039,650
89,1,1033,647
101,1,1023,643
104,1,1020,643
104,1,1015,641
109,1,1010,642
109,1,1009,643
118,1,998,647
117,1,992,655
119,1,985,662
122,2,981,670
123,13,975,667
126,28,970,663
128,43,963,661
130,57,958,654
130,66,958,647
131,77,953,641
132,85,948,634
135,91,942,628
137,103,939,616
136,109,940,610
140,109,935,610
147,113,928,606
152,117,920,602
160,115,919,604
167,126,915,593
173,131,912,588
183,137,910,582
195,138,906,581
210,138,897,581
224,126,886,593
236,118,884,594
248,112,872,596
252,118,868,587
255,117,860,586
255,116,855,585
253,127,848,574
251,128,845,575
247,136,845,568
246,141,841,565
245,144,839,565
246,148,835,560
247,151,832,560
252,151,828,562
256,151,825,561
261,156,817,559
265,159,813,553
266,161,810,550
272,162,811,548
273,163,804,542
281,163,799,545
285,162,792,546
291,160,786,548
294,159,785,549
296,158,780,547
298,156,782,548
300,154,780,547
302,156,780,544
303,156,780,541
303,155,780,540
305,160,776,536
306,160,775,538
308,160,775,537
312,163,775,536
318,163,776,538
319,169,777,531
320,170,776,533
326,169,775,535
329,169,775,537
331,173,775,532
333,174,772,536
333,173,776,534
334,173,776,535
337,176,776,536
336,176,777,536
334,179,780,533
335,179,779,536
336,179,779,538
335,183,780,532
336,183,779,532
338,183,779,533
338,187,775,524
341,192,767,517
346,191,756,512
348,195,746,502
356,199,726,493
362,202,709,483
368,206,693,471
378,212,670,458
388,215,650,444
396,221,632,427
405,225,610,414
417,229,583,403
423,233,571,396
425,232,570,401
429,233,568,403
433,234,567,402
435,236,567,403
436,239,566,402
437,239,566,401
436,238,570,400
438,236,570,400
439,237,570,398
443,235,568,399
445,234,566,400
446,235,560,401
448,237,565,399
448,238,560,403
448,240,561,403
449,244,561,401
450,246,563,402
450,247,562,404
451,248,565,404
450,252,564,402
451,254,565,404
450,256,566,404
452,257,567,403
453,258,566,404
453,258,570,405
454,258,567,405
456,257,568,406
457,260,567,403
457,260,570,403
457,260,570,404
460,260,570,405
459,260,570,404
461,260,570,407
461,260,571,407
461,260,571,407
461,262,572,406
463,262,570,408
463,263,570,406
462,264,572,405
463,265,565,405
463,266,566,404
465,266,562,406
467,265,565,409
467,265,567,410
467,266,569,409
467,265,573,409
469,266,571,409
469,266,570,407
471,265,570,408
473,266,572,408
473,265,572,408
474,265,571,411
475,265,572,413
475,262,572,414
477,263,567,415
477,263,570,417
477,264,570,415
477,264,571,417
476,265,571,419
475,265,571,422
473,272,570,420
470,276,570,421
468,282,570,419
464,289,570,417
462,295,570,417
461,300,570,415
460,306,570,413
460,310,567,409
473,323,561,396
496,322,560,397
514,316,556,403
531,309,553,410
555,309,555,410
574,312,553,407
603,319,555,400
635,330,553,389
683,355,556,364
724,357,555,362
779,389,500,330
852,409,428,310
