180,161,231,196
178,158,228,196
176,156,228,195
173,152,228,197
170,151,227,195
170,148,225,194
169,146,222,192
168,143,218,189
167,142,217,187
167,141,214,186
167,141,212,182
167,140,209,183
168,141,207,182
170,141,204,182
170,143,202,179
170,144,202,178
171,145,200,180
172,147,199,177
172,148,200,175
174,150,198,173
175,151,197,172
178,151,194,176
179,151,192,174
179,148,190,175
177,145,190,174
173,138,188,176
168,131,186,175
161,123,185,176
152,114,183,176
144,103,182,177
135,91,181,177
123,80,181,175
110,73,180,174
99,69,178,178
87,69,177,179
76,71,170,179
67,78,167,179
60,88,166,178
54,101,165,179
50,114,164,177
48,125,161,176
46,134,159,178
46,143,156,177
47,150,155,177
49,155,153,179
52,160,150,179
54,164,149,177
57,166,148,178
60,166,148,179
63,166,146,179
66,164,143,178
68,162,143,178
71,160,143,181
73,159,143,178
75,157,143,178
78,156,137,179
80,153,137,178
82,150,137,181
84,147,138,182
86,145,137,181
88,146,138,180
90,143,137,181
92,142,137,179
94,139,137,182
96,139,138,182
98,137,138,180
99,137,138,180
101,135,139,178
104,134,140,177
105,132,141,178
108,131,143,181
109,129,149,181
111,127,151,181
113,126,151,181
115,125,150,181
116,123,148,181
118,121,148,181
119,120,148,181
120,119,148,179
120,118,150,179
122,116,147,180
126,115,146,180
125,115,148,180
125,113,147,179
127,112,148,180
129,112,147,178
129,111,149,179
130,111,149,179
131,111,148,179
131,110,149,179
131,110,149,176
133,110,151,176
134,110,152,176
135,112,155,172
134,115,160,167
135,116,159,165
136,120,158,163
139,123,155,157
140,124,157,155
141,125,156,152
143,128,154,146
148,129,149,145
148,130,150,145
148,131,155,142
151,132,152,139
152,131,151,139
153,129,151,141
153,128,154,142
154,127,163,141
154,125,182,146
154,123,194,147
157,124,203,145
157,121,203,148
160,121,201,146
162,123,201,141
160,118,202,147
162,118,204,146
165,119,201,144
170,119,198,145
173,121,196,144
174,120,197,144
177,120,196,145
181,120,194,146
185,121,192,147
203,123,175,147
215,125,166,146
225,128,158,144
227,129,158,147
228,132,160,144
233,137,160,144
235,142,160,145
238,145,161,145
240,150,163,144
244,156,164,143
248,164,163,141
247,169,169,143
262,173,161,145
266,181,160,146
271,186,160,146
275,192,160,146
282,201,159,146
287,208,161,145
293,215,160,144
298,220,158,139
305,225,157,134
309,227,156,133
313,231,157,128
323,233,149,126
328,233,148,126
333,232,148,127
337,229,150,130
339,224,152,135
343,223,155,136
349,220,156,139
353,216,157,143
357,216,159,136
360,208,157,141
363,205,153,140
367,203,154,138
371,200,152,131
369,196,148,128
371,191,143,133
369,186,138,133
363,178,141,136
356,171,140,137
353,163,140,137
342,152,142,136
330,143,144,144
320,132,141,144
312,120,137,145
299,104,138,148
290,91,138,153
281,79,140,155
271,72,143,153
263,69,144,152
254,66,146,147
240,64,153,145
232,62,156,145
224,61,160,146
216,63,164,153
207,65,169,159
203,69,171,157
200,73,171,158
198,77,173,158
198,80,171,161
200,82,169,162
201,84,167,165
201,86,167,165
204,88,164,167
204,91,164,166
207,93,162,166
214,95,156,166
221,97,148,166
228,98,141,168
228,102,140,171
226,102,141,171
244,104,127,169
244,104,132,168
243,109,136,167
236,109,143,167
243,115,137,161
244,121,139,152
241,120,143,153
243,121,141,153
245,120,140,150
246,120,142,150
245,119,142,151
245,118,144,153
247,118,144,153
249,118,144,150
249,118,144,151
249,116,145,152
249,116,144,154
250,116,144,152
250,116,144,154
251,115,143,154
250,114,145,155
250,113,145,155
250,113,146,157
252,113,143,156
262,112,134,159
277,111,118,158
278,111,116,158
279,111,115,158
279,110,114,158
278,111,114,158
276,112,115,157
274,112,115,157
273,113,115,157
273,115,115,155
273,116,115,154
275,117,111,154
274,117,110,155
271,119,110,153
269,119,111,152
266,118,111,152
263,118,111,152
261,118,111,154
258,119,110,152
255,116,110,156
253,117,110,155
250,118,110,155
247,118,110,154
244,117,110,154
242,120,110,153
239,119,110,153
237,118,110,156
232,118,111,155
230,117,112,158
225,117,115,157
227,118,111,156
223,117,113,158
220,117,114,159
218,117,115,158
219,117,110,159
217,117,112,157
216,118,113,156
217,117,110,156
213,116,112,157
215,117,111,158
215,116,110,159
214,116,110,161
213,117,112,160
213,116,111,161
210,116,114,161
210,116,114,162
210,116,113,161
210,116,112,161
210,117,113,163
210,118,113,161
210,119,113,159
210,119,113,161
209,120,115,159
209,121,112,158
208,121,115,158
209,122,116,159
211,123,115,158
211,123,114,159
214,125,113,158
214,126,114,158
214,127,114,157
219,128,110,158
220,130,103,156
220,131,107,156
220,133,107,161
220,135,113,161
222,135,114,161
223,137,113,163
224,139,113,158
227,141,112,162
228,144,113,161
229,148,114,159
226,153,118,156
230,157,116,149
231,161,117,146
230,163,120,149
242,165,109,150
245,166,108,150
248,167,105,144
252,164,102,147
250,161,108,154
246,160,112,157
252,161,111,158
261,164,108,157
264,166,109,155
270,169,105,145
273,170,104,154
278,170,101,154
287,169,95,147
290,172,94,144
294,173,93,142
294,172,95,142
295,172,96,141
290,172,102,143
292,172,102,143
296,171,100,142
299,168,98,144
296,168,102,142
295,164,103,144
300,160,103,145
300,158,105,146
275,153,131,146
276,152,137,146
275,150,151,147
275,150,162,146
261,149,173,145
273,148,163,143
269,147,165,141
267,146,168,140
283,146,152,138
284,145,152,136
286,144,149,135
289,143,146,133
290,136,147,139
290,131,145,139
290,126,146,142
290,121,146,146
287,115,149,150
286,112,148,150
285,107,150,153
285,101,148,156
284,97,146,160
285,94,149,152
283,90,159,143
282,88,166,158
280,86,177,159
278,82,192,161
277,81,207,164
276,80,206,163
273,79,213,180
274,79,212,178
275,79,210,179
276,79,209,179
288,79,199,180
289,80,196,179
288,80,197,180
286,80,199,179
285,81,200,178
288,81,197,179
291,81,187,181
293,83,182,179
295,83,178,180
279,83,178,180
282,84,189,180
274,85,206,179
272,86,213,180
271,88,227,177
274,89,229,177
278,89,219,178
284,88,199,180
290,89,185,180
297,90,175,180
301,91,172,178
304,93,171,166
306,95,169,165
310,97,165,163
313,98,165,162
315,100,174,160
319,108,177,154
324,114,210,151
328,119,242,148
331,123,258,141
334,128,262,139
337,130,252,141
341,134,252,137
343,137,246,134
344,138,245,132
346,139,238,131
345,136,241,134
345,135,243,137
344,135,240,137
344,134,240,138
344,133,239,140
342,133,237,141
340,133,239,139
338,134,241,140
338,135,237,139
337,134,239,140
336,135,238,138
335,134,239,141
334,133,236,140
333,134,237,140
333,134,234,137
332,133,236,143
331,133,237,141
331,133,237,142
330,132,238,143
329,132,238,143
328,133,238,143
329,133,234,144
328,133,233,143
327,133,234,143
327,133,234,143
325,132,235,145
325,133,235,145
325,132,235,146
324,132,234,145
323,131,235,147
323,131,235,145
323,131,235,147
322,132,234,146
320,132,235,146
321,131,236,147
321,130,234,149
320,131,234,147
319,131,234,147
320,130,233,148
319,129,232,147
318,129,232,148
318,129,233,149
317,128,234,150
318,126,235,151
317,127,233,152
316,127,233,151
316,126,232,151
316,127,231,150
315,126,232,151
315,125,232,153
315,126,233,151
314,125,233,152
313,124,233,152
313,123,234,154
313,121,234,154
311,120,229,153
310,119,229,153
310,117,229,156
310,115,225,156
309,114,222,156
309,113,215,156
308,112,211,158
307,112,205,157
308,112,203,156
308,110,200,158
307,110,201,160
307,111,204,162
307,110,204,163
307,110,204,162
308,110,203,160
309,111,215,160
311,111,232,159
313,113,246,158
317,113,255,158
327,113,245,159
329,113,235,159
388,116,176,156
392,122,172,151
395,128,171,144
396,133,170,139
394,137,173,135
392,140,175,133
394,143,173,129
397,145,170,127
400,148,168,125
403,150,166,123
405,151,163,120
406,151,161,119
405,153,162,118
401,155,166,115
396,156,170,114
385,157,181,113
373,147,193,122
361,136,204,132
353,132,211,136
348,128,216,140
343,122,220,146
343,118,218,150
335,117,228,150
328,114,221,150
320,112,203,149
315,111,202,148
308,106,169,157
303,105,177,156
300,105,179,155
296,104,186,156
293,104,191,157
293,104,192,152
293,105,193,151
293,104,191,153
292,104,192,156
290,105,191,151
289,106,192,149
290,107,189,148
293,107,187,148
294,109,183,145
296,110,178,143
298,111,173,143
299,112,171,142
301,112,168,141
303,112,166,140
305,113,163,138
306,111,163,139
305,111,161,137
304,109,160,137
301,107,163,140
298,106,166,144
294,104,168,140
291,105,169,140
289,106,169,140
288,106,173,148
286,106,173,148
285,107,173,148
284,106,171,148
283,105,169,147
282,104,167,145
281,104,167,145
281,103,164,145
281,103,165,148
280,102,165,149
279,102,162,147
277,102,163,148
277,103,163,146
276,102,161,144
275,102,162,145
275,103,160,145
273,103,161,146
270,103,162,146
269,103,161,146
266,103,163,145
264,104,163,143
262,104,163,144
259,104,166,144
256,104,166,143
254,104,166,143
252,104,168,143
251,104,169,143
250,103,169,143
250,103,168,144
250,102,166,144
250,103,165,144
237,103,179,146
230,104,183,143
231,103,179,143
235,102,169,144
229,101,171,146
226,100,174,146
228,99,172,146
228,99,162,141
225,97,152,138
229,97,140,145
230,96,138,144
231,95,136,147
231,96,137,147
235,96,136,148
236,96,137,146
240,97,134,149
244,102,133,148
247,102,133,148
249,103,135,148
251,101,136,149
260,100,130,151
264,97,131,155
269,95,130,156
280,94,127,155
290,93,123,156
295,89,123,155
299,87,125,160
304,86,124,150
307,81,126,153
310,78,127,157
316,76,127,159
320,72,128,163
326,66,128,169
329,62,133,172
335,61,130,173
339,61,132,174
342,63,134,173
344,65,136,172
344,71,137,169
344,75,162,165
344,77,206,162
345,79,228,161
345,81,227,161
344,83,223,162
345,85,221,159
361,84,204,162
366,84,198,163
372,86,189,165
383,87,180,161
387,88,177,163
382,88,178,163
376,83,184,167
371,81,189,171
364,82,209,170
361,82,217,176
359,86,218,172
354,89,250,170
350,95,278,163
350,104,286,154
340,105,297,154
344,107,283,150
341,108,281,153
339,110,276,152
330,110,276,154
332,111,270,152
320,111,271,153
313,111,276,155
306,111,275,158
298,111,280,161
290,112,288,162
284,114,287,162
280,116,287,161
278,117,278,163
271,118,274,163
267,119,275,165
267,120,267,170
265,121,254,170
265,121,231,171
263,121,211,168
262,119,205,174
258,120,208,174
260,120,200,174
262,120,195,175
262,121,191,175
261,122,188,176
261,120,178,176
259,121,181,174
260,120,176,174
258,121,176,173
255,120,179,171
261,121,171,167
263,123,168,166
261,125,171,165
262,125,170,167
261,126,170,163
263,127,168,160
285,125,145,159
294,121,136,161
299,120,132,162
305,117,125,158
309,113,121,160
312,112,119,160
304,113,127,157
311,107,121,159
313,109,118,155
314,103,116,158
314,101,115,156
316,100,113,154
316,96,113,155
324,91,105,159
332,86,109,151
333,84,137,149
333,85,146,148
330,88,149,152
326,94,146,144
327,100,143,138
328,103,141,133
330,101,140,132
334,98,139,138
336,91,139,144
337,86,139,148
339,80,142,153
343,72,143,159
346,68,148,164
357,66,150,170
361,66,165,174
363,71,177,168
369,75,195,166
378,86,234,159
380,95,259,161
383,109,256,153
393,120,246,145
408,128,231,142
408,137,231,127
414,142,226,123
416,144,224,123
418,146,221,122
421,145,218,128
435,145,204,127
441,144,198,126
443,143,196,129
444,139,195,132
446,136,193,135
446,129,193,142
436,124,203,151
443,119,196,161
451,117,188,161
453,117,186,162
454,119,185,160
463,120,176,159
453,124,186,155
469,129,170,138
469,134,170,136
467,136,172,132
471,139,168,132
468,141,171,127
465,142,174,126
461,143,178,125
456,144,183,134
450,143,189,132
445,142,194,128
440,138,199,133
438,136,201,128
429,133,210,128
424,132,215,134
423,131,216,138
422,131,217,139
407,132,232,146
407,131,232,145
409,128,230,147
418,126,221,149
430,123,209,152
433,120,206,142
465,120,174,155
470,121,169,150
473,124,146,149
482,126,131,147
485,126,123,147
480,123,124,149
477,118,124,154
480,111,123,161
482,104,132,168
484,101,137,170
487,97,142,174
524,89,113,182
530,86,109,187
526,84,113,183
531,84,108,181
543,84,96,184
545,93,94,174
548,103,91,163
548,113,91,154
556,122,83,139
563,133,76,127
568,144,71,116
573,152,66,105
574,158,65,98
575,173,64,84
576,171,63,78
578,163,61,84
577,154,62,90
575,148,64,94
577,147,62,91
577,143,62,95
578,138,61,96
570,133,69,100
565,127,74,103
563,126,76,101
563,127,76,100
566,134,73,92
566,137,73,86
563,136,76,84
556,129,83,88
550,123,89,91
541,121,98,91
535,112,104,105
531,106,108,110
529,97,110,121
524,90,115,125
516,81,123,133
517,71,122,144
515,66,124,150
511,68,128,152
507,68,132,156
501,67,138,156
493,71,146,151
485,81,154,144
472,91,167,135
460,96,179,130
439,100,200,129
423,106,216,123
407,106,232,125
394,104,245,131
380,104,247,133
366,103,244,136
377,102,218,139
366,100,218,143
355,99,219,145
348,100,219,145
338,95,223,151
332,102,225,147
326,100,227,150
323,100,229,149
319,99,232,156
322,104,230,152
323,107,231,150
328,104,229,153
335,103,228,153
341,101,227,156
346,100,227,157
350,100,228,157
356,97,226,160
359,98,225,159
359,100,226,156
360,98,227,157
362,97,230,158
371,94,226,162
378,94,224,160
390,94,218,157
401,91,218,156
413,92,224,156
423,92,217,156
434,91,206,166
450,95,189,162
462,99,177,151
474,105,165,141
486,109,153,135
498,125,141,118
511,131,128,114
522,135,117,110
529,135,110,106
535,135,104,106
538,135,101,107
544,137,95,104
547,137,92,104
551,141,88,99
552,142,87,98
556,142,83,86
559,142,80,85
561,139,78,86
563,135,76,89
564,127,75,98
565,120,74,106
561,116,78,111
561,113,78,118
557,106,82,124
553,106,86,125
548,106,91,127
541,103,98,140
534,104,105,142
528,103,111,144
523,104,116,144
517,102,122,146
510,103,129,145
500,100,139,153
493,98,146,157
485,100,154,155
475,99,164,157
468,102,171,159
457,102,182,159
449,104,190,157
447,105,192,159
438,107,201,155
434,108,205,155
427,109,212,153
420,109,219,155
409,108,230,156
404,107,235,156
399,105,240,158
394,104,245,159
385,104,254,157
379,103,259,156
375,101,260,159
372,98,258,161
363,96,262,160
359,94,265,162
357,92,265,161
354,90,265,166
347,86,269,168
346,85,268,166
345,84,269,165
343,82,270,166
343,81,270,166
342,79,272,168
343,79,272,166
344,76,273,166
343,76,272,167
342,76,272,165
341,75,274,167
333,77,273,168
328,78,274,167
322,80,273,165
318,81,272,166
314,82,273,165
313,83,274,164
311,84,274,165
311,85,274,163
312,85,273,162
314,85,274,166
313,85,278,165
316,84,281,166
320,83,281,166
325,81,282,164
333,79,283,163
342,76,284,163
352,73,285,163
363,69,277,162
375,65,264,160
387,60,253,160
400,55,239,160
411,47,228,165
422,41,217,159
429,35,211,157
438,28,201,160
443,22,196,161
449,18,190,163
453,15,186,160
456,11,183,161
456,8,183,162
456,6,183,163
454,6,185,163
453,8,186,159
451,9,188,161
449,10,190,163
446,12,193,163
444,16,195,163
439,21,200,163
436,26,203,163
432,31,207,164
428,35,211,165
426,40,213,163
421,46,218,162
416,52,223,157
408,54,231,162
400,58,239,163
394,63,245,161
387,66,252,163
382,70,257,158
377,76,262,157
370,81,269,157
364,89,261,154
357,94,267,164
345,99,273,165
346,105,263,163
339,108,265,164
334,113,268,162
328,118,275,162
324,123,292,160
317,127,296,160
319,132,297,159
316,137,298,158
311,142,305,160
306,146,307,157
301,149,316,156
297,152,318,153
295,152,324,158
293,154,326,159
289,157,320,158
288,159,309,153
287,159,308,158
290,160,296,155
291,159,296,158
290,159,302,158
290,158,309,158
290,158,318,161
288,159,319,160
292,161,306,157
297,163,309,155
296,165,297,155
297,164,270,157
292,161,237,159
294,160,224,160
303,156,213,154
305,152,207,161
310,150,203,164
314,151,198,163
321,150,194,167
327,153,190,160
315,157,209,157
328,159,205,160
335,162,208,158
342,166,214,155
341,168,229,151
345,170,249,148
349,171,262,148
359,172,249,146
373,170,237,148
378,168,239,150
384,160,238,159
411,156,215,161
419,149,215,170
425,145,214,173
433,143,206,178
438,140,201,177
440,141,199,172
447,143,192,167
449,149,190,162
455,161,184,149
456,172,183,140
458,180,181,129
459,188,180,119
457,195,182,111
460,201,179,108
459,202,180,102
458,200,181,106
455,199,184,106
449,197,190,111
447,193,192,114
440,190,199,124
437,187,202,124
428,188,211,122
422,185,217,130
413,184,226,131
407,184,232,129
395,183,244,133
384,182,255,133
375,182,264,132
363,182,276,131
356,181,283,132
347,180,292,131
339,177,300,130
330,172,276,132
321,171,258,132
318,164,260,136
313,158,254,142
311,155,227,143
310,155,172,140
311,152,171,143
308,149,173,144
306,146,172,143
298,143,184,139
299,140,187,142
296,137,192,142
294,136,196,132
288,135,212,127
281,133,222,127
280,128,229,129
278,125,228,128
281,119,202,130
283,113,160,129
286,107,151,132
290,103,137,135
274,96,128,135
275,95,113,130
283,93,100,122
291,90,90,120
292,87,89,126
288,82,94,129
293,81,91,128
295,80,90,127
292,72,81,133
298,75,72,126
299,71,71,128
296,75,66,124
294,76,82,140
288,79,75,138
292,82,71,137
293,84,64,131
303,80,63,130
303,80,63,130
303,80,63,130
220,78,91,134
215,81,127,134
210,77,138,142
208,76,148,141
203,73,164,147
200,72,168,146
193,70,177,155
179,70,188,157
169,71,191,159
161,73,193,153
156,76,194,151
140,80,205,150
130,84,213,152
124,89,212,149
117,94,215,147
106,97,222,145
100,101,221,143
95,102,223,145
89,105,226,142
84,107,230,141
80,108,235,143
75,109,238,145
72,107,240,149
70,106,242,152
67,105,246,153
65,103,249,158
64,101,252,163
57,102,257,165
49,104,266,164
40,108,275,163
32,115,284,158
22,122,295,153
21,125,294,152
15,129,299,155
15,128,299,155
15,135,300,153
24,141,292,149
30,146,288,147
25,149,295,143
27,150,301,142
22,151,282,144
19,154,305,139
17,157,305,135
19,159,300,137
21,161,297,138
20,164,296,136
22,168,294,134
19,170,297,134
20,172,286,131
21,172,297,131
21,170,295,131
22,171,293,131
22,172,291,128
26,172,288,130
25,168,281,139
25,165,275,143
22,160,270,150
23,162,266,151
21,161,265,151
19,161,255,154
16,163,241,151
4,167,266,146
1,171,264,145
1,174,257,142
1,178,251,138
1,182,253,135
1,185,247,132
1,190,248,127
1,193,250,123
1,193,254,123
1,192,260,121
1,190,267,120
1,190,271,121
1,190,279,119
1,189,284,119
1,189,287,118
1,188,289,116
1,187,284,117
1,186,291,116
1,182,286,119
1,175,287,125
1,170,287,129
1,165,287,133
1,162,286,134
1,161,282,135
1,160,282,136
1,159,289,136
1,158,282,138
1,156,279,139
1,156,274,139
1,154,269,141
1,153,268,141
1,153,262,142
1,152,260,141
1,150,258,137
1,149,256,138
1,146,253,142
1,145,253,142
1,145,253,143
1,145,253,144
1,145,257,142
1,145,259,143
1,145,264,143
1,145,267,142
1,145,272,143
1,146,276,142
1,147,281,141
1,147,288,142
1,148,293,141
1,150,296,140
1,152,300,140
1,153,304,141
1,154,307,142
1,156,310,141
2,158,314,143
7,160,311,144
10,161,313,145
15,165,312,152
21,168,310,152
25,171,311,152
31,174,312,153
36,178,312,153
41,182,313,152
45,186,313,153
48,190,315,154
54,194,314,153
57,198,315,156
61,203,314,145
65,207,317,145
67,212,319,143
83,218,307,141
94,222,294,138
122,226,264,134
121,227,262,132
118,229,263,130
116,227,273,132
116,225,264,134
119,224,255,135
117,227,244,132
117,229,244,130
120,229,243,130
118,228,252,131
117,225,242,134
117,223,246,136
115,221,244,138
102,221,256,138
93,223,267,136
67,223,293,136
65,220,296,128
63,216,294,126
61,213,297,122
59,207,300,121
60,198,297,115
61,189,297,115
62,179,298,115
74,164,285,118
75,153,285,114
75,137,273,121
76,123,265,125
77,111,278,127
82,96,276,134
81,88,275,133
85,77,270,144
61,71,292,140
53,66,297,146
50,62,297,144
46,58,298,148
43,56,298,150
41,54,293,148
39,54,293,151
36,55,286,150
35,53,273,144
37,53,277,145
35,53,276,144
34,52,271,155
35,51,268,154
35,46,268,163
35,45,268,164
35,44,265,166
34,43,265,166
33,43,265,166
34,45,266,168
34,46,265,167
33,49,266,166
34,51,260,165
35,53,253,163
31,53,252,164
31,54,257,163
30,54,253,163
35,57,252,164
29,56,260,165
28,56,264,164
27,59,263,163
24,59,264,163
21,61,267,164
18,63,271,162
16,65,270,160
12,69,275,156
11,74,283,139
8,76,290,140
9,79,291,137
8,81,296,131
8,83,312,134
9,83,324,139
9,84,327,136
12,85,326,135
23,85,316,135
30,84,316,135
34,87,318,137
39,89,315,138
46,92,314,136
46,92,322,137
46,95,328,134
47,96,316,136
72,94,284,138
68,90,274,140
53,88,286,143
50,87,285,144
50,87,281,145
53,84,273,148
45,80,268,157
27,78,281,162
1,79,310,161
1,79,282,162
1,81,270,160
1,84,259,160
1,89,261,148
1,93,228,144
1,97,218,140
1,99,209,138
1,100,201,137
1,98,220,134
1,103,191,131
1,110,175,125
