608,232,190,210
605,213,169,224
596,219,172,215
581,215,177,218
584,201,173,253
586,193,173,253
586,193,167,247
586,193,155,241
586,205,136,226
586,207,124,226
582,211,114,211
584,207,106,211
581,194,104,221
579,190,98,227
579,182,96,242
579,192,88,234
579,221,87,212
579,209,87,212
579,199,85,212
579,191,79,212
579,179,79,222
579,179,86,219
579,195,78,205
579,215,78,197
579,217,78,200
577,217,78,200
579,201,74,203
579,191,73,208
579,200,71,190
579,210,71,181
579,210,71,183
579,210,71,190
575,223,74,186
575,224,74,181
574,219,74,186
571,210,77,207
569,205,77,209
568,187,77,208
566,181,77,209
566,179,76,208
565,177,76,211
562,172,76,199
555,167,83,193
548,165,90,181
542,161,93,192
539,161,94,195
537,160,94,197
532,157,96,204
532,157,96,204
531,161,95,205
530,189,96,180
530,183,99,163
533,164,96,175
538,170,93,174
544,176,85,179
543,177,84,178
547,182,81,167
549,192,78,152
552,191,75,158
554,176,72,163
553,175,71,162
555,175,70,161
557,175,66,161
560,175,64,161
563,198,60,140
563,205,61,121
567,204,57,120
569,210,61,125
571,213,55,128
572,217,57,119
574,219,58,117
575,211,64,132
576,207,66,139
578,195,66,151
582,192,54,153
581,194,57,143
583,196,55,140
584,195,54,146
589,209,48,131
590,214,51,132
590,213,54,132
592,205,51,140
594,207,51,133
596,207,56,132
598,204,56,137
601,223,52,111
603,221,52,117
605,217,55,122
608,202,47,142
609,202,44,140
611,213,48,126
612,218,52,125
618,235,48,101
620,237,49,92
622,234,49,114
625,227,44,135
625,240,46,110
625,240,47,107
627,237,46,120
628,251,45,109
629,260,44,95
632,265,42,91
634,265,41,90
635,259,41,93
636,250,42,105
635,254,43,99
633,266,47,109
635,268,46,110
634,276,50,109
634,282,53,107
636,285,50,105
638,287,50,106
640,290,55,106
641,290,62,106
639,291,70,106
638,300,74,100
635,302,80,97
634,303,75,96
634,295,65,102
632,283,59,115
630,283,59,115
633,291,57,111
632,305,56,98
630,308,56,95
628,305,57,93
628,297,59,102
629,306,57,95
627,316,63,86
625,317,60,85
624,307,60,90
622,301,60,91
622,294,60,101
624,293,61,100
622,292,65,102
620,294,64,103
615,303,77,99
613,302,71,99
608,301,77,97
601,317,76,79
598,325,75,65
592,326,82,64
590,327,89,63
586,327,95,63
581,328,100,62
580,322,101,61
579,316,99,66
577,308,95,74
575,301,91,81
573,296,88,85
572,295,82,85
571,295,83,86
570,296,80,85
568,298,79,84
568,299,76,83
568,302,73,82
568,304,73,81
566,305,75,81
566,311,79,74
565,311,84,74
564,313,89,69
563,317,94,69
562,325,98,61
561,336,101,52
560,338,108,53
560,340,110,53
559,341,109,54
558,343,108,53
556,344,94,52
549,345,83,52
553,345,71,50
552,347,68,48
553,347,65,47
550,347,69,55
549,347,68,54
548,347,67,56
546,350,65,52
544,352,68,52
542,355,68,50
540,355,67,52
535,355,73,52
534,357,72,50
530,359,75,47
528,359,75,47
524,362,80,47
522,362,80,47
520,362,83,48
516,363,88,48
515,363,88,48
510,363,88,48
506,364,97,48
505,364,100,48
501,364,107,48
500,364,107,48
496,364,110,48
495,364,108,47
491,367,111,46
488,367,112,46
483,368,120,45
481,367,117,47
478,369,122,46
477,369,122,46
476,368,118,46
474,370,120,44
472,369,120,46
467,370,125,46
464,371,131,43
462,370,136,42
463,370,136,42
462,369,141,42
462,368,144,45
461,365,147,49
463,364,148,48
463,361,151,51
466,360,148,51
466,358,147,51
465,357,147,51
466,357,146,56
465,356,144,56
464,355,143,56
463,356,143,54
461,355,138,54
460,359,136,51
458,360,135,49
461,362,132,44
460,365,132,42
458,363,138,41
458,357,136,48
457,352,141,54
459,346,142,64
459,345,140,64
459,344,134,63
458,345,128,62
458,345,125,61
458,345,124,60
458,345,123,59
458,345,122,63
460,345,121,66
460,347,120,64
458,352,119,61
459,353,118,60
460,354,123,60
461,358,127,59
461,361,126,54
461,358,125,53
461,353,124,61
460,344,112,71
461,338,102,79
461,333,90,86
461,330,88,90
462,336,87,83
463,337,88,84
465,335,90,90
465,339,92,86
466,343,98,85
469,347,103,83
469,355,107,79
470,356,101,78
471,357,96,79
472,355,89,84
475,346,78,93
475,338,73,105
476,332,72,114
479,325,74,125
479,327,74,125
479,336,78,120
480,348,77,107
481,350,77,107
482,351,80,109
483,347,83,119
480,346,89,122
481,353,90,119
480,360,93,116
478,375,102,98
478,383,99,90
479,383,103,98
480,383,107,103
481,377,113,99
481,369,119,106
480,366,127,112
479,367,133,112
479,367,138,112
479,367,143,112
479,368,144,112
480,365,148,119
477,362,154,124
473,363,165,124
474,366,168,124
472,372,174,122
470,377,179,121
471,377,181,123
472,377,181,123
471,374,185,128
470,374,191,127
470,381,194,123
470,387,196,123
470,389,197,116
468,389,203,116
467,389,208,120
463,387,215,125
461,387,223,126
460,385,225,131
456,385,233,133
456,385,238,136
459,385,242,135
461,386,243,135
464,387,247,134
461,384,253,134
463,384,257,140
471,385,254,133
469,389,257,131
470,389,257,131
466,392,266,134
466,392,266,134
459,389,276,134
454,388,282,134
450,388,289,136
450,388,289,136
451,387,289,136
463,396,284,126
464,395,284,130
465,394,283,134
471,396,279,135
475,396,277,134
477,396,277,134
480,390,278,141
482,391,277,140
488,397,277,130
491,397,280,129
496,403,278,125
502,411,274,113
505,437,277,90
509,440,276,90
513,440,276,92
515,439,279,97
513,442,283,105
513,442,288,104
504,442,299,98
493,445,315,91
494,445,314,90
494,447,320,88
495,432,322,101
506,420,311,114
510,413,313,123
510,413,313,123
513,419,314,122
513,419,320,122
507,428,329,117
506,439,334,103
500,439,340,103
502,446,345,100
510,434,337,112
518,428,332,118
517,427,332,118
517,434,333,114
517,433,336,113
516,423,339,113
515,412,337,116
516,411,336,118
518,399,339,128
527,391,332,131
532,387,330,136
535,381,332,141
538,381,331,140
541,380,330,145
545,375,329,146
547,374,329,153
552,390,321,135
553,407,316,143
554,416,315,139
555,414,314,138
552,410,313,139
553,399,319,147
543,384,325,167
546,379,317,147
549,369,316,153
578,362,286,166
589,361,278,173
597,360,270,175
600,357,268,174
603,354,266,179
601,361,265,171
603,350,264,176
597,343,271,176
598,339,271,176
595,336,276,180
592,333,280,180
591,340,282,173
599,360,275,158
615,359,259,157
628,349,248,156
638,336,236,170
650,318,223,188
654,292,223,209
660,288,218,213
662,284,217,216
663,286,220,221
657,285,226,221
651,281,236,221
638,275,250,221
638,295,249,200
649,316,241,172
668,309,218,171
678,303,210,169
677,297,208,168
684,275,201,187
689,258,197,197
689,242,195,211
690,236,194,210
679,230,211,221
673,224,210,220
663,218,217,220
653,213,225,219
639,209,241,219
627,213,256,206
619,210,271,207
614,203,273,209
603,197,285,211
600,189,289,212
594,182,296,212
584,181,316,212
580,177,327,205
577,164,336,210
574,152,345,213
564,139,357,220
556,133,366,220
549,140,372,214
541,137,385,211
538,130,393,211
535,123,399,211
528,123,411,210
523,136,406,190
517,129,393,189
513,121,374,188
502,109,375,191
498,96,376,196
492,88,380,195
490,79,379,197
477,63,393,205
466,50,399,205
463,37,408,205
462,26,411,205
466,32,404,193
470,37,397,182
467,53,396,160
472,53,390,144
467,37,398,143
472,20,389,143
472,2,397,156
469,1,409,151
464,1,422,136
460,1,436,125
464,1,439,119
461,1,419,116
455,1,415,110
469,1,361,101
462,1,361,95
458,1,331,88
451,1,326,81
457,1,313,77
452,1,308,70
446,1,308,66
439,1,308,64
438,1,305,59
440,1,297,56
440,1,284,46
442,1,188,39
455,4,367,21
449,1,362,21
440,1,362,21
732,2,47,14
724,1,47,14
724,1,47,14
714,1,47,14
695,1,48,14
686,1,48,14
686,1,48,14
686,1,48,14
686,1,48,14
686,1,48,14
686,1,48,14
686,1,48,14
686,1,48,14
686,1,48,14
686,1,48,14
686,1,48,14
686,1,48,14
686,1,48,14
686,1,48,14
686,1,48,14
686,1,48,14
686,1,48,14
686,1,48,14
686,1,48,14
686,1,48,14
686,1,48,14
686,1,48,14
686,1,48,14
686,1,48,14
686,1,48,14
686,1,48,14
686,1,48,14
686,1,48,14
686,1,48,14
686,1,48,14
686,1,48,14
686,1,48,14
686,1,48,14
686,1,48,14
686,1,48,14
686,1,48,14
686,1,48,14
686,1,48,14
686,1,48,14
686,1,48,14
686,1,48,14
686,1,48,14
686,1,48,14
686,1,48,14
513,3,159,30
522,4,157,29
531,5,156,28
540,3,155,33
538,2,119,47
547,2,108,46
556,2,112,51
567,2,102,50
572,2,104,60
579,2,107,63
582,2,176,62
588,2,191,62
595,2,186,61
599,2,184,66
603,2,183,65
607,2,178,77
611,2,177,80
615,2,166,81
619,2,165,84
622,2,164,83
625,3,152,87
630,2,145,94
635,4,145,95
629,2,152,105
639,3,164,104
646,3,175,104
643,2,193,110
649,2,199,113
652,1,205,116
654,1,206,116
654,1,206,115
654,1,207,125
653,1,207,122
653,1,203,119
651,1,203,116
650,1,207,115
648,2,220,115
647,4,222,115
644,2,217,115
635,3,213,116
632,3,210,116
623,2,223,122
618,3,237,122
620,4,223,144
612,2,216,139
613,4,215,131
613,2,213,131
606,1,219,133
583,1,254,136
557,2,268,135
580,1,232,125
594,2,211,125
591,1,212,125
585,1,219,133
588,2,224,131
582,4,225,131
577,5,226,131
579,3,224,131
577,4,225,140
578,6,225,141
582,7,223,138
580,3,223,138
576,2,231,144
573,2,232,145
568,4,250,145
571,4,249,141
569,4,246,141
567,4,250,141
556,4,269,141
554,4,270,141
552,5,270,141
557,3,265,141
557,4,265,148
556,4,265,148
464,4,357,148
524,2,296,158
522,3,295,157
549,5,271,157
549,7,274,157
549,7,274,157
548,6,287,161
547,5,287,170
548,2,294,176
550,2,299,179
552,3,315,179
553,3,325,188
551,5,339,192
539,4,367,192
520,2,393,201
524,2,403,204
528,4,403,204
531,3,403,204
559,4,385,204
562,4,385,204
564,4,385,204
569,4,392,204
573,4,391,203
578,5,400,210
562,2,426,214
558,2,439,214
563,4,439,214
558,2,453,216
562,4,452,215
563,2,457,227
566,12,462,220
557,19,478,218
560,29,482,214
562,31,490,214
556,25,502,214
557,14,502,223
583,2,485,237
616,2,458,236
634,3,443,239
648,5,425,240
652,6,424,239
657,12,419,235
660,24,414,230
663,33,413,225
665,37,412,223
666,38,412,223
676,26,412,240
677,26,416,248
654,27,441,248
631,28,461,247
620,45,473,229
621,63,471,219
621,63,471,219
636,51,456,227
651,46,440,231
663,37,428,238
663,36,428,241
694,36,400,244
695,36,399,243
692,36,410,249
692,37,409,248
691,48,413,248
691,49,412,247
690,61,411,246
675,50,426,264
666,36,436,281
655,33,446,292
650,36,449,293
650,36,451,292
650,28,450,303
679,43,420,290
694,47,402,289
694,48,401,288
706,47,384,290
709,48,377,289
707,49,377,289
699,49,383,294
691,67,391,277
678,67,406,277
665,62,406,274
655,52,411,299
643,51,410,308
622,66,424,295
630,77,410,292
651,96,379,291
653,85,372,297
662,72,354,341
675,60,336,321
679,32,322,328
673,26,321,339
667,41,320,335
668,42,312,334
666,49,303,329
660,65,299,313
661,65,291,313
655,58,290,317
648,54,290,319
651,50,283,319
645,39,283,327
640,39,283,327
635,39,282,326
630,39,282,326
636,38,275,331
632,38,274,335
628,46,274,330
624,63,269,317
619,71,268,317
614,71,270,323
609,73,275,332
603,54,275,350
598,42,275,377
576,31,297,397
550,33,326,404
513,60,352,388
487,103,382,349
506,116,360,340
514,104,347,357
523,83,338,385
539,50,318,425
540,46,314,441
536,61,313,440
530,65,313,440
523,101,313,419
512,106,322,423
506,100,322,436
500,83,322,457
486,68,339,495
465,51,353,545
453,54,361,567
462,78,347,563
474,94,330,546
469,78,332,560
463,69,333,560
460,57,336,567
456,77,335,553
453,132,335,492
448,137,341,492
444,128,346,495
440,99,349,530
436,59,353,568
425,55,361,573
361,101,422,530
345,151,438,470
395,161,384,469
414,135,370,489
423,95,364,525
428,47,361,555
429,46,359,564
429,72,359,537
428,128,358,479
428,128,358,479
426,115,358,487
424,94,358,498
423,73,358,522
400,92,389,503
345,121,438,524
313,176,471,486
317,189,467,471
365,166,416,486
412,135,366,526
413,96,358,573
414,116,355,572
415,169,354,521
415,208,353,489
415,211,352,488
415,185,351,500
414,140,350,539
413,139,350,539
347,156,418,531
300,221,466,465
292,273,473,428
316,268,448,419
351,245,407,436
370,194,381,458
384,133,359,519
423,96,315,547
425,94,309,552
425,128,303,479
424,142,297,450
421,137,292,428
426,102,282,471
427,51,273,497
431,13,266,522
422,1,278,522
386,17,340,461
361,44,356,435
380,53,350,433
377,47,350,433
354,16,364,459
321,2,395,469
300,1,381,468
291,4,338,467
285,1,337,466
281,4,366,432
278,1,392,431
274,3,388,423
271,1,388,423
268,1,367,415
266,1,373,414
264,1,380,411
261,2,387,364
258,1,391,361
257,1,404,361
263,1,400,360
268,1,400,357
254,1,431,355
255,1,459,351
261,1,470,342
262,1,494,338
270,1,501,322
271,1,550,311
274,1,533,294
275,1,521,285
268,1,520,276
262,3,504,268
255,1,503,267
236,1,518,259
212,1,532,253
190,1,552,247
185,1,555,228
185,4,555,215
188,1,552,214
192,1,552,209
203,1,548,203
220,1,548,206
295,1,468,202
300,1,465,195
314,1,459,183
322,1,451,163
328,1,445,154
328,1,445,153
344,1,412,147
344,1,412,146
347,1,412,145
351,1,410,144
353,1,410,136
353,1,410,132
359,1,406,132
359,1,406,132
359,1,406,132
364,1,404,132
368,1,399,132
369,1,395,131
368,1,394,130
367,1,393,139
365,2,392,135
365,2,386,134
366,2,382,143
363,3,380,142
361,4,379,141
360,2,378,146
372,2,377,155
377,2,376,154
376,3,396,155
375,2,425,192
372,2,426,192
371,3,425,191
368,2,434,190
373,2,426,217
371,3,425,222
382,2,401,227
383,2,382,213
378,3,380,212
378,3,363,219
379,2,336,224
373,2,319,224
369,2,314,224
370,2,313,227
374,6,312,226
372,12,312,230
371,21,312,230
372,30,312,230
371,39,312,230
373,47,312,230
373,56,312,230
372,62,312,230
373,67,311,229
373,82,311,225
370,83,310,228
370,67,311,240
367,60,323,252
363,62,336,251
364,63,345,250
355,66,359,249
358,85,358,236
361,106,370,217
365,121,379,207
368,117,384,208
377,117,388,207
379,116,399,206
382,117,416,204
385,117,415,203
385,117,422,202
387,117,413,201
389,117,377,199
389,112,358,198
389,98,348,209
386,96,355,208
379,86,366,212
379,80,369,214
379,74,377,217
380,73,377,217
386,71,387,217
385,70,387,217
392,69,374,216
399,69,355,215
402,71,346,211
399,71,335,209
397,80,330,202
393,81,317,201
389,74,302,208
386,79,288,209
384,79,288,209
382,79,288,209
380,79,296,209
378,79,301,209
377,90,308,202
369,90,324,202
359,90,347,203
355,90,354,203
352,101,352,200
350,107,340,190
348,113,321,184
343,114,325,185
339,121,325,170
334,133,332,158
330,134,339,159
328,141,340,159
328,126,357,168
328,126,363,168
335,126,359,172
336,126,361,172
341,126,360,171
342,126,359,176
343,114,365,179
345,114,368,179
355,122,345,173
369,126,326,172
381,143,310,157
390,163,291,132
396,163,290,131
405,169,289,119
409,170,291,118
414,171,299,117
419,172,304,122
425,172,312,131
429,165,311,140
433,148,300,162
436,128,294,199
438,121,288,202
440,115,288,206
449,111,267,211
452,111,259,210
454,106,255,213
456,96,243,220
458,97,238,229
469,98,223,233
469,99,222,239
472,99,220,243
474,105,220,244
473,106,220,244
476,107,221,244
476,112,226,244
475,116,230,247
474,128,226,240
482,134,217,233
477,134,217,233
475,125,217,243
478,125,186,245
478,104,173,272
476,101,171,277
476,138,163,237
474,135,163,241
472,134,178,241
470,125,182,253
467,112,196,262
464,111,207,265
461,129,223,256
458,150,220,240
454,160,215,228
450,161,200,228
445,154,200,241
440,141,195,258
435,133,185,268
430,129,183,268
428,122,181,281
424,122,180,281
419,123,180,285
415,128,180,288
412,139,177,276
409,153,177,260
406,153,185,254
402,151,185,254
398,149,185,254
394,148,200,254
390,148,196,254
391,148,180,261
386,143,180,267
380,132,179,281
387,132,168,288
380,133,175,288
374,133,180,288
370,145,182,288
365,147,182,288
360,149,186,288
355,154,194,288
347,157,197,288
335,161,205,288
324,166,216,288
316,170,225,305
305,173,234,317
296,165,242,326
288,165,245,352
281,160,251,370
276,163,258,378
267,166,271,381
262,174,276,383
256,192,283,373
253,204,282,312
249,206,279,312
245,230,282,295
245,232,278,295
242,234,284,296
237,224,284,319
234,225,283,319
231,227,283,319
224,230,283,319
215,232,294,323
212,238,299,327
206,254,300,311
202,256,302,311
196,254,309,319
188,250,315,319
184,251,320,319
181,252,321,320
174,260,335,319
172,268,344,314
144,283,377,296
112,285,416,297
74,286,462,301
58,286,478,302
50,286,489,302
54,286,490,304
57,286,493,304
58,324,493,265
68,350,489,233
68,361,488,221
73,364,487,220
81,373,480,211
86,376,475,211
98,376,475,211
99,375,463,211
107,374,458,211
112,372,454,217
123,375,444,215
136,374,438,221
143,350,435,245
154,337,429,257
172,323,418,271
184,315,415,273
189,315,413,272
198,322,424,269
199,330,431,263
199,339,438,247
188,342,458,241
172,342,473,239
164,340,486,252
157,343,499,254
156,346,505,239
171,336,493,238
193,319,476,253
208,306,464,258
225,306,448,259
228,323,445,243
230,334,451,228
230,333,450,227
231,332,457,226
223,331,466,226
208,330,484,226
204,332,490,223
206,343,489,207
228,373,467,176
247,387,452,157
250,388,450,155
249,388,449,153
256,382,442,156
255,368,442,164
253,357,447,171
246,345,456,176
241,334,457,202
237,332,465,202
224,330,477,201
217,328,478,200
214,325,477,210
212,323,476,213
210,318,475,220
241,310,447,231
252,305,426,239
251,302,425,238
257,301,419,242
259,306,411,241
258,314,410,240
251,321,419,239
242,321,431,249
232,310,432,253
225,282,438,298
224,268,437,302
233,266,431,300
240,266,421,249
255,265,414,254
274,265,389,253
274,264,388,252
274,262,392,251
274,262,390,250
272,293,397,227
270,300,407,222
268,298,407,222
255,295,418,222
240,292,438,228
219,273,463,241
216,265,463,248
214,254,469,258
221,254,468,257
220,253,466,256
238,278,452,231
238,282,452,231
236,280,452,231
234,278,452,231
226,276,463,231
213,274,475,231
200,297,485,212
188,291,498,211
181,281,498,220
173,258,507,233
190,237,485,278
196,234,478,285
206,256,463,276
220,255,446,275
217,253,445,274
214,234,444,316
212,218,443,316
214,230,439,315
211,243,438,311
192,256,461,249
174,255,478,248
149,251,504,249
131,260,515,248
144,242,506,247
167,240,480,252
186,253,463,243
198,243,451,252
197,229,449,257
196,224,449,265
192,223,448,264
198,240,438,263
195,239,437,262
176,238,459,258
159,216,469,272
141,208,482,280
128,208,495,281
130,216,486,268
136,237,482,253
145,255,467,271
157,254,447,274
159,243,443,285
163,243,435,286
158,231,434,289
153,231,433,290
139,232,444,290
126,260,457,273
118,261,471,272
110,258,477,280
107,242,477,314
117,219,464,346
132,207,451,362
156,213,429,369
153,215,427,391
150,217,426,393
147,219,426,410
149,254,425,376
149,279,428,353
150,270,423,352
148,256,422,366
151,237,417,382
148,215,417,402
145,189,417,424
142,187,417,430
139,186,417,431
123,217,431,407
123,239,439,381
131,244,435,374
132,243,434,373
133,234,434,381
135,226,440,390
133,212,443,407
124,210,456,407
126,225,465,398
129,225,464,397
138,227,464,347
140,226,464,347
136,224,472,347
131,212,486,360
123,206,496,381
119,204,506,363
121,204,505,361
121,204,504,360
123,225,500,337
125,237,500,328
123,238,500,328
123,238,500,328
125,240,500,328
128,241,500,328
144,230,486,328
159,230,519,328
169,228,530,328
175,247,518,312
181,249,503,312
179,241,534,311
163,216,569,346
149,213,598,345
113,264,669,302
129,297,673,267
160,298,659,266
194,280,639,295
270,259,565,333
298,237,542,351
309,219,542,351
325,206,540,368
326,206,557,384
323,195,575,397
336,188,591,452
349,179,592,453
370,168,594,453
398,200,581,352
440,159,553,411
490,136,517,430
527,99,505,452
550,95,480,428
567,102,453,414
599,85,430,413
629,59,396,438
650,74,384,382
668,110,367,334
677,148,365,331
683,154,364,330
689,150,364,330
695,144,362,328
691,173,378,320
726,160,345,319
735,132,336,327
743,91,324,354
749,83,322,364
802,116,265,326
807,111,264,325
813,105,263,330
833,62,227,370
839,58,225,366
844,67,224,340
847,61,225,325
903,42,173,333
908,40,173,333
913,18,172,345
918,17,171,341
923,54,170,293
927,51,169,292
921,60,168,290
918,48,168,299
908,26,175,314
910,10,175,322
911,20,174,304
912,19,173,303
912,18,164,302
910,16,163,292
941,13,141,292
954,25,120,271
956,29,113,268
953,24,113,268
951,18,113,268
949,3,112,275
947,1,112,275
944,1,112,274
941,1,112,259
938,1,112,255
935,1,112,254
936,1,107,252
933,1,107,250
933,1,103,248
930,1,103,246
925,1,102,239
920,2,101,238
915,4,100,237
908,2,105,222
901,4,105,222
893,9,104,220
876,9,109,219
867,32,110,211
852,47,115,198
842,51,115,197
831,55,119,197
820,59,121,196
812,63,122,200
800,66,125,221
785,70,133,223
771,78,139,222
757,91,142,218
739,98,153,213
715,106,179,207
704,109,191,193
688,114,202,192
677,117,200,190
652,119,214,195
642,116,212,203
627,118,210,201
609,120,210,207
588,122,208,206
576,124,207,205
564,126,206,204
552,143,205,175
527,147,227,174
517,145,226,173
503,149,233,172
493,148,233,172
476,151,233,171
462,152,235,156
452,152,234,155
436,151,231,155
428,148,226,155
416,145,226,155
398,142,236,154
386,128,246,164
377,127,232,163
362,116,223,162
349,115,222,157
343,113,207,156
332,121,206,149
326,119,205,148
311,117,205,148
303,116,211,151
294,107,211,165
286,93,210,183
269,95,210,184
261,113,211,172
253,113,212,173
235,113,227,172
224,113,240,171
216,113,244,169
204,117,244,168
197,123,245,169
192,126,228,168
183,158,245,139
170,170,259,132
166,174,259,132
158,171,264,133
142,167,266,137
130,168,258,136
125,205,236,113
120,206,225,113
116,206,224,113
100,190,224,124
95,177,224,140
92,168,223,153
90,169,222,152
85,173,227,153
83,173,226,152
75,173,223,151
74,172,236,150
63,178,245,154
62,179,245,154
59,180,245,158
58,181,245,158
43,183,253,158
42,186,249,158
40,193,250,159
37,195,239,159
23,232,240,132
20,234,241,132
19,235,242,132
17,236,244,133
15,237,245,133
8,243,247,133
6,225,248,152
5,225,249,152
4,225,265,154
2,226,268,154
1,229,269,156
1,244,270,141
1,246,255,141
1,247,251,141
1,248,236,141
1,249,228,141
1,253,220,140
1,258,220,140
1,258,219,139
1,255,218,154
2,254,218,154
3,254,217,160
4,254,207,166
5,253,207,178
6,254,206,178
8,255,205,177
3,256,205,182
2,257,204,181
4,259,203,180
10,261,194,180
17,263,185,179
18,264,177,178
27,266,169,177
31,268,164,176
35,270,158,176
39,271,152,175
40,288,152,156
39,288,152,169
40,288,153,170
42,287,154,171
46,286,159,177
49,283,163,181
52,283,162,180
55,283,161,179
58,284,147,183
64,303,144,175
68,304,142,174
71,306,148,173
73,289,151,193
82,281,149,196
86,282,151,196
91,290,158,195
96,295,158,195
100,295,158,195
104,299,170,195
109,299,170,195
113,299,171,198
116,319,176,188
119,324,179,182
123,325,182,182
125,332,182,178
129,330,189,178
122,311,205,192
124,309,205,192
127,307,210,193
127,305,218,193
125,303,223,193
125,300,235,193
122,296,238,197
119,292,254,197
113,291,266,196
107,291,269,195
99,294,277,191
95,288,278,190
93,281,282,193
95,273,285,195
97,274,284,191
99,268,283,189
114,264,271,188
121,256,264,187
123,249,263,186
127,245,261,185
130,240,260,184
132,236,260,184
134,234,266,183
137,232,270,183
140,226,275,188
144,224,275,187
146,223,273,186
148,221,283,185
149,219,286,185
149,218,288,185
145,217,292,185
141,216,302,185
131,216,317,185
122,216,330,185
120,217,336,181
122,217,336,181
125,217,342,180
128,224,342,175
131,238,342,164
145,241,333,157
146,240,333,157
152,240,332,157
153,232,328,165
163,222,313,175
163,221,312,174
165,229,311,173
164,236,310,172
163,235,309,171
153,230,320,170
148,222,327,176
140,216,335,181
129,214,343,183
123,227,356,177
126,245,347,163
129,248,343,162
136,242,335,162
153,216,315,186
158,199,307,200
156,197,305,199
153,211,301,197
149,223,300,185
145,221,299,184
140,205,296,198
139,188,288,203
130,181,289,219
109,179,300,219
93,189,311,216
88,207,311,201
91,206,295,198
91,205,288,198
112,192,260,205
113,172,250,227
116,171,245,227
113,174,245,227
113,193,235,213
108,204,235,199
113,201,227,198
109,177,226,218
104,158,226,230
91,157,238,238
67,172,249,220
46,183,262,213
59,218,243,174
63,207,229,186
80,188,207,197
95,159,186,227
