249,33,180,124
241,30,184,130
239,29,183,132
236,30,185,135
234,28,183,138
234,30,182,138
232,31,186,139
231,31,186,141
230,31,186,143
228,31,187,146
227,31,188,146
227,31,188,146
225,31,187,137
219,32,191,129
219,36,193,127
215,36,193,125
214,35,190,130
217,35,188,131
219,35,187,131
217,35,186,133
213,34,185,135
215,33,184,137
216,34,183,139
218,35,181,140
216,36,181,139
216,35,181,141
217,35,181,139
215,34,180,138
207,32,184,142
206,32,183,142
206,37,185,144
206,37,185,145
201,37,184,147
198,36,186,150
197,36,186,146
195,35,188,142
190,34,191,135
189,32,189,133
187,31,189,136
183,31,193,138
179,34,196,135
180,35,194,135
176,36,200,136
176,38,205,139
179,40,206,141
178,41,207,136
178,40,207,135
175,44,211,132
175,46,207,132
172,45,203,134
173,45,199,135
173,46,199,135
174,47,199,137
175,48,200,139
174,50,202,139
172,50,203,140
167,50,204,144
166,50,205,144
166,50,204,143
164,50,206,143
159,46,209,146
159,45,208,140
160,48,205,137
159,48,202,136
158,50,201,136
156,51,200,134
153,48,200,139
153,49,199,140
153,49,201,143
152,53,201,139
151,54,202,139
145,49,205,146
144,49,205,147
143,48,205,148
141,50,205,140
141,47,204,142
137,47,204,136
134,49,205,140
131,49,205,144
130,50,206,146
128,50,208,146
127,51,209,148
124,50,209,151
120,50,209,152
118,49,210,153
117,50,212,149
117,50,212,144
115,50,213,143
113,49,213,142
117,50,210,145
115,51,210,146
111,51,211,147
109,51,211,149
108,53,211,150
108,53,210,149
106,53,208,152
104,56,207,151
104,57,210,154
102,58,211,155
102,58,211,156
100,57,211,156
98,57,213,155
96,56,213,154
95,58,215,152
93,58,217,147
91,57,217,140
87,58,219,139
86,58,218,139
83,58,220,142
84,58,220,143
85,59,220,145
85,59,220,145
86,58,222,147
89,57,223,149
89,56,223,149
86,55,223,151
84,54,226,152
87,53,226,155
86,50,225,159
82,47,226,161
81,48,227,160
81,45,227,159
91,37,224,157
114,37,219,159
112,39,219,161
109,39,218,161
109,40,218,162
110,44,218,161
112,46,217,163
111,43,217,169
111,41,218,172
112,41,219,168
110,40,220,156
107,39,224,152
107,39,228,150
111,36,231,149
115,36,228,151
116,35,224,154
117,34,224,156
119,32,228,160
124,32,228,164
127,33,226,161
128,29,227,165
135,29,226,164
143,27,225,157
147,25,224,153
143,26,225,148
142,23,224,150
144,23,225,153
146,25,225,154
139,24,226,158
138,22,224,161
145,24,224,162
144,25,225,163
139,26,228,161
136,24,226,154
136,24,226,157
132,22,231,152
128,20,236,156
129,20,237,157
129,20,237,158
131,18,235,165
128,15,234,169
127,14,235,170
129,11,236,177
128,11,237,178
129,7,232,183
128,6,232,177
127,4,233,174
127,4,232,173
128,3,233,167
126,1,233,169
116,1,238,172
116,1,234,177
116,2,233,178
113,4,232,179
110,3,235,180
109,4,236,181
116,3,234,180
119,3,235,175
119,3,236,166
118,3,237,165
122,6,239,165
127,7,238,168
126,7,240,168
130,6,239,171
135,5,242,174
141,3,243,176
141,4,244,175
150,1,242,179
155,1,242,181
155,1,241,181
161,1,239,185
169,1,239,182
169,1,238,184
174,1,237,175
174,1,236,175
174,1,239,163
175,1,241,163
174,1,244,165
175,1,244,165
175,1,246,168
172,1,251,168
173,1,249,168
177,1,249,168
183,1,247,164
181,1,249,164
185,1,245,159
183,1,244,152
183,1,246,152
182,1,246,153
180,1,244,152
179,1,251,153
177,1,253,154
189,1,250,157
201,1,252,164
200,1,252,164
213,1,252,167
213,1,252,167
222,1,251,167
234,1,256,161
234,1,255,162
250,1,247,159
249,1,247,159
257,1,254,160
271,1,250,159
270,1,250,159
277,1,247,168
282,1,245,172
283,3,244,171
283,3,244,173
288,6,241,177
281,16,244,176
279,17,247,174
265,28,249,176
254,34,242,175
255,33,241,177
255,43,241,174
242,48,243,174
242,47,242,173
234,49,238,176
234,54,236,173
234,56,236,161
233,56,236,162
230,57,239,161
228,56,240,160
220,55,244,158
218,51,240,159
212,47,239,160
212,49,239,159
206,45,237,163
203,43,238,164
198,41,238,167
197,40,240,168
192,40,246,169
192,38,246,168
190,37,243,169
190,38,241,169
194,40,243,166
195,38,242,166
195,37,243,171
193,34,244,167
187,30,245,171
187,27,247,174
194,25,244,173
194,25,243,173
191,25,247,171
187,24,244,169
193,25,242,165
192,24,242,165
199,26,239,169
196,26,240,155
189,24,242,155
188,23,241,155
184,23,244,156
184,22,245,155
176,23,246,158
172,23,248,158
173,24,248,160
170,24,251,162
169,24,251,162
162,21,253,163
159,21,254,163
160,21,255,165
160,21,254,165
157,20,256,167
150,19,256,171
148,17,261,178
148,18,260,175
153,19,257,176
152,17,249,179
151,16,246,182
154,17,246,185
157,16,245,182
161,15,243,177
165,13,250,154
165,13,250,155
174,11,247,158
170,7,248,162
167,5,247,165
168,4,246,166
168,2,242,168
163,1,243,170
157,2,242,171
155,2,240,173
154,3,241,169
154,4,241,168
155,5,239,161
157,4,238,165
160,5,236,167
162,4,234,170
160,4,236,170
162,3,237,172
165,2,237,175
163,1,236,177
159,1,236,175
158,1,236,175
156,1,235,171
153,1,234,160
147,1,246,152
143,1,244,156
144,1,242,155
145,1,241,156
144,1,236,157
142,2,236,159
136,3,238,161
134,4,242,163
134,3,242,164
138,2,243,165
142,3,245,165
144,2,247,164
145,3,246,163
144,3,246,158
143,6,246,156
145,2,245,156
153,2,244,163
154,3,242,166
154,3,242,166
150,1,241,168
151,1,241,171
150,1,241,175
142,1,241,177
141,1,242,180
135,1,241,180
138,1,238,175
135,1,241,163
138,1,240,160
134,1,243,157
130,1,244,157
124,4,248,156
121,3,249,157
119,5,250,162
117,8,250,162
118,8,250,161
117,8,249,162
119,10,246,163
119,11,236,161
117,10,226,164
120,9,223,167
126,9,218,165
125,6,215,171
124,5,214,164
123,6,214,156
121,6,214,168
120,5,214,168
111,6,217,155
110,7,224,155
104,7,232,154
103,9,233,157
103,9,233,157
104,12,229,157
104,14,221,163
103,13,216,160
100,11,215,153
99,14,217,148
99,13,215,151
100,12,213,149
99,14,213,148
99,13,217,149
98,13,217,149
104,9,215,147
107,6,215,163
100,6,217,155
102,4,220,147
101,4,221,148
100,4,230,151
95,4,237,154
94,6,238,153
87,5,233,150
83,6,221,155
81,8,219,155
78,9,222,154
76,11,224,155
73,11,227,152
70,11,230,151
67,10,231,150
64,9,230,152
64,8,228,151
68,6,226,153
67,7,229,153
65,6,230,151
61,5,230,146
63,2,229,154
64,1,228,153
67,2,228,144
73,1,227,143
73,1,229,145
70,1,231,143
68,1,230,141
73,1,222,144
74,1,225,139
79,2,227,139
82,2,227,141
81,3,228,141
79,4,228,145
84,1,225,145
88,3,222,144
89,4,219,144
94,4,217,144
89,5,223,144
87,6,224,143
86,9,222,142
85,11,221,143
89,11,218,142
90,15,214,148
88,19,209,152
87,20,205,155
83,25,206,148
88,31,203,145
94,37,200,142
92,40,200,141
90,41,199,141
90,42,198,141
87,43,198,149
87,50,199,140
84,47,200,144
82,47,199,144
81,48,200,142
80,49,201,141
77,49,203,140
74,48,203,140
73,49,204,139
73,48,204,139
72,49,204,139
71,50,203,138
67,49,204,141
66,51,203,140
66,52,201,142
64,54,198,140
62,55,198,143
60,57,199,142
58,58,200,142
53,58,200,143
47,58,197,141
41,61,200,139
39,62,204,138
40,62,206,139
41,62,201,143
40,61,198,146
37,63,188,144
34,63,185,143
34,65,180,137
32,65,178,134
27,61,177,136
16,62,180,134
14,60,182,138
11,60,182,136
13,61,181,139
9,64,185,136
8,66,187,138
8,69,188,134
7,72,194,130
12,72,197,133
21,75,197,128
25,73,199,129
25,74,199,128
28,71,200,130
28,70,206,128
31,67,212,134
41,67,211,133
45,69,211,132
45,71,209,133
41,74,209,128
46,75,208,126
50,74,207,127
51,74,205,127
48,73,206,129
47,73,204,134
46,72,201,133
46,73,196,130
46,73,195,129
43,72,196,132
42,72,195,133
38,70,199,132
38,71,199,132
39,72,199,132
40,74,200,131
40,74,201,129
39,73,200,131
36,72,201,128
35,69,201,126
36,68,199,123
38,66,198,126
40,65,197,127
40,64,198,123
43,64,194,126
49,64,194,123
59,64,193,123
63,65,193,122
62,66,193,122
60,66,195,120
65,66,195,120
70,63,203,122
75,62,196,124
76,64,196,126
77,64,195,123
80,62,194,122
83,60,193,122
85,59,192,121
82,57,193,126
84,56,189,128
84,55,189,128
83,55,190,125
80,54,190,124
76,55,193,123
75,55,194,121
76,56,194,120
76,55,190,122
75,54,191,121
77,54,190,121
77,54,189,121
74,56,190,119
71,55,192,120
67,54,193,119
70,53,192,121
71,53,192,118
69,53,193,120
60,51,202,119
63,53,204,123
64,53,202,123
64,55,205,126
62,56,210,127
62,57,210,123
58,57,215,129
59,57,219,126
57,58,225,128
55,59,229,128
56,59,230,128
57,60,233,128
57,59,229,128
54,58,221,127
52,57,218,128
54,57,211,127
57,58,208,126
58,58,206,126
57,58,207,126
57,58,205,126
58,58,204,127
59,57,203,127
57,58,204,126
55,58,204,126
54,57,204,126
54,57,205,127
53,58,209,126
56,59,208,127
57,59,208,126
61,59,206,125
60,59,206,125
59,60,206,125
59,61,205,128
59,62,204,126
57,62,201,125
54,62,199,126
52,62,199,124
53,62,199,125
51,62,202,126
50,63,202,126
54,63,202,127
56,64,199,127
55,62,197,126
55,61,196,124
57,60,195,124
57,59,195,127
55,58,194,128
56,58,193,127
56,57,191,127
59,58,187,127
71,57,177,126
75,57,174,127
77,56,171,126
81,57,167,125
84,56,166,125
86,56,162,127
86,55,159,127
88,54,155,126
90,54,154,126
92,54,148,125
94,54,148,125
98,55,146,125
100,56,147,125
101,57,147,126
105,57,146,126
111,60,145,125
116,60,142,125
119,61,135,124
118,62,133,124
118,61,131,124
121,60,131,126
124,60,128,126
124,60,127,128
123,61,128,129
123,59,128,129
127,61,125,129
131,61,124,128
133,60,120,131
133,60,120,130
136,61,121,129
138,62,122,128
141,59,122,129
145,60,120,129
147,60,113,129
146,61,110,129
147,61,108,128
148,62,106,128
147,62,105,129
145,62,104,128
144,62,105,128
143,62,107,128
147,62,105,130
149,64,100,128
148,63,97,129
151,62,91,128
153,62,90,129
153,63,90,129
154,62,89,129
155,61,89,129
156,59,89,128
157,59,89,129
160,60,87,129
160,60,87,129
162,55,88,136
163,54,87,136
162,53,88,139
161,52,88,139
162,51,89,140
162,51,88,140
164,50,90,140
164,49,90,142
162,48,89,142
162,47,89,143
162,46,89,143
163,46,91,144
163,45,91,143
163,45,92,143
162,44,92,143
161,43,91,144
160,44,92,143
160,44,90,143
161,44,89,142
163,44,91,141
161,43,92,143
160,44,92,143
161,44,91,142
161,43,89,143
161,44,89,143
161,44,89,142
161,44,89,140
162,44,89,141
163,44,90,141
162,44,89,142
160,43,90,142
160,44,89,141
161,45,90,141
160,45,91,141
158,43,91,142
159,44,93,142
161,44,92,143
160,43,91,142
158,43,96,144
158,43,97,145
159,43,98,145
160,44,99,145
160,44,98,144
159,46,100,144
158,46,101,145
159,46,101,144
160,47,102,143
160,47,104,143
159,46,104,144
158,47,104,144
159,48,104,144
159,49,105,143
159,49,105,143
159,49,108,142
160,48,107,144
158,47,107,145
157,46,108,147
158,45,108,146
159,46,108,145
159,47,107,146
158,47,108,143
158,47,108,144
160,48,107,145
159,48,107,144
160,48,105,145
161,48,104,144
162,49,104,143
162,49,99,143
162,49,98,146
163,49,97,142
164,50,97,142
165,50,96,142
166,51,95,140
167,51,94,141
167,50,94,139
165,50,96,139
165,49,96,142
167,51,95,141
168,52,95,142
169,53,93,144
170,52,93,141
172,53,93,139
173,53,93,140
170,53,94,140
170,52,93,140
171,52,93,139
173,53,91,141
173,53,92,139
172,52,92,140
171,52,92,138
172,53,92,139
173,55,91,136
172,56,91,136
172,55,90,136
172,55,91,136
172,55,92,137
171,56,92,135
171,55,93,137
171,56,93,135
171,57,94,135
171,57,92,136
171,57,92,136
171,57,93,138
171,58,93,139
172,60,93,140
172,60,93,139
172,61,94,138
173,61,92,137
171,61,92,137
172,62,91,136
168,60,91,136
166,59,92,138
167,60,92,139
166,60,91,140
165,61,93,138
167,62,90,137
167,63,91,137
167,64,90,138
167,64,90,139
167,63,90,139
167,63,91,138
167,63,90,137
165,63,91,137
164,62,91,137
164,63,92,135
167,63,90,135
168,63,89,136
168,64,90,136
169,63,89,138
166,64,92,136
166,64,92,135
166,64,92,137
166,63,91,135
166,63,90,137
166,62,90,137
166,62,91,134
165,61,91,139
165,59,92,136
165,59,91,136
165,59,92,135
166,58,91,136
166,58,91,136
167,57,93,137
167,57,93,137
167,56,92,137
168,56,94,136
167,55,94,136
165,55,95,137
164,55,94,134
166,56,94,136
166,56,94,135
169,56,96,136
169,56,97,137
169,56,96,135
167,56,96,135
167,57,93,134
167,57,91,136
167,59,91,136
168,60,90,136
168,62,92,132
170,64,91,130
169,62,94,133
168,61,90,135
169,60,88,134
171,60,87,135
170,60,87,133
168,61,87,133
168,61,86,132
170,62,85,131
171,65,85,129
171,64,83,129
172,65,82,130
171,65,83,130
170,65,83,128
169,64,82,129
170,64,82,130
170,65,82,129
171,65,82,129
171,67,83,127
171,69,83,125
170,68,83,126
169,67,82,128
169,68,83,129
171,69,82,128
170,70,83,128
168,70,83,127
169,70,83,125
169,70,83,126
172,71,83,124
171,70,88,125
169,70,89,125
169,69,86,126
170,71,86,125
168,70,93,125
168,70,97,125
170,70,97,126
167,70,101,125
169,69,96,125
169,70,95,124
170,70,96,124
171,70,97,125
170,68,99,126
171,69,100,124
172,68,100,125
170,67,102,126
170,67,101,126
173,68,100,126
174,68,101,126
173,67,103,127
172,66,103,127
170,65,104,126
171,64,103,126
171,64,103,125
172,65,103,126
172,65,103,127
173,65,102,126
174,65,102,126
174,66,103,126
174,63,103,129
174,64,103,128
173,64,102,127
173,64,101,129
175,64,101,129
175,65,100,129
175,66,101,130
176,64,101,132
176,64,101,131
176,63,101,133
175,63,100,132
175,64,100,133
175,64,100,131
176,65,100,131
178,66,100,129
178,64,100,132
178,66,100,130
180,67,100,130
180,63,100,136
180,64,99,138
181,65,98,137
181,64,99,139
181,64,99,141
182,64,100,140
182,64,100,142
180,67,103,139
179,66,104,140
177,65,106,143
174,67,109,143
171,69,117,143
170,70,115,144
168,72,118,144
167,72,117,145
166,74,118,145
165,74,122,148
164,74,123,150
161,72,125,151
158,72,125,154
156,72,127,142
156,72,128,140
154,72,129,133
153,73,129,131
153,73,130,131
154,72,128,134
155,73,128,132
156,72,128,134
161,71,127,136
163,71,125,141
162,67,125,141
163,62,124,146
164,60,123,145
162,56,124,151
160,54,126,152
157,51,131,156
159,51,133,158
160,52,135,161
159,48,139,163
160,51,139,165
160,51,140,166
166,54,137,163
169,52,137,166
170,50,138,168
168,48,141,171
169,47,141,168
171,45,141,165
172,44,141,162
173,44,140,162
175,43,140,159
176,42,140,160
176,45,139,159
175,43,138,159
176,43,136,161
178,42,134,164
178,42,134,164
179,41,134,164
177,40,134,169
176,41,135,170
176,41,134,165
176,43,135,162
175,43,134,164
176,43,135,164
176,44,137,165
175,46,137,167
171,47,137,169
168,45,136,170
168,46,139,171
167,45,140,174
168,46,140,174
168,46,141,175
167,46,143,176
166,46,144,176
166,47,144,176
167,46,144,177
168,45,145,176
168,44,146,178
166,45,145,176
163,44,145,172
164,43,151,171
166,43,149,170
166,45,148,165
164,44,148,165
154,48,145,164
151,49,143,160
152,49,143,160
151,49,144,160
154,48,142,162
154,48,142,161
156,47,141,164
156,48,141,164
156,47,143,163
156,47,144,164
157,45,142,167
158,45,141,167
158,45,140,168
162,44,135,170
164,43,135,174
166,43,133,173
165,43,134,175
165,42,136,175
160,43,145,176
154,46,152,175
151,49,158,177
150,51,160,174
150,53,165,177
149,55,173,176
147,56,175,178
145,57,179,175
145,56,179,181
145,57,181,179
146,57,183,181
147,57,185,178
143,57,189,178
147,59,187,180
148,59,188,170
150,61,187,164
153,62,184,163
156,64,185,162
158,66,186,161
159,67,186,161
161,69,183,160
163,70,183,161
165,70,182,161
164,70,182,162
166,69,181,164
166,70,180,163
167,69,180,164
170,69,180,164
171,69,178,162
173,71,177,161
176,73,177,164
179,74,175,164
179,75,178,164
177,77,182,165
178,76,180,164
178,74,183,171
177,75,183,168
176,74,183,169
173,73,187,172
171,73,189,175
170,73,190,174
170,71,190,175
167,70,192,178
173,70,190,178
170,70,193,171
167,68,195,167
171,67,194,164
174,65,195,160
176,66,194,160
174,64,196,161
175,64,194,157
175,63,196,158
175,62,199,158
175,62,198,155
176,61,198,161
181,59,196,160
179,57,201,162
181,56,196,164
185,54,193,164
189,53,190,166
192,53,189,167
196,51,187,170
198,50,186,170
198,48,184,171
200,47,184,174
201,46,185,176
200,46,186,176
200,46,187,175
200,47,188,174
199,48,192,176
195,48,199,177
197,47,199,177
198,46,199,178
199,44,194,179
197,45,204,180
195,44,202,179
188,46,205,186
179,50,205,185
159,50,205,186
148,46,205,188
142,42,207,189
144,41,211,190
143,39,211,189
137,37,212,189
132,40,206,180
132,41,206,176
137,41,207,178
140,46,207,174
139,49,207,175
139,50,206,171
137,49,205,168
134,46,207,163
137,46,207,161
139,46,205,158
136,45,206,159
136,44,207,161
136,45,207,159
138,44,207,161
139,44,208,161
139,42,206,162
140,43,206,163
142,43,203,163
138,41,206,163
137,40,207,162
139,39,207,163
136,36,210,166
136,35,208,167
137,34,208,169
137,34,210,170
134,34,212,172
135,33,210,173
135,31,211,173
135,30,212,174
135,29,212,175
132,28,216,175
133,26,215,178
133,26,216,176
131,27,218,176
129,27,219,177
130,28,218,176
131,29,219,176
132,30,220,174
132,30,221,175
132,31,221,175
131,30,221,175
129,31,221,176
129,31,221,175
127,31,222,176
127,31,221,177
128,31,220,178
130,32,219,179
132,33,215,179
133,35,214,177
133,36,214,180
134,37,212,178
134,40,213,177
135,42,213,176
135,43,212,174
134,43,214,177
135,44,214,175
137,44,216,176
138,43,215,177
139,43,214,173
145,41,210,168
147,41,207,169
148,41,206,170
149,39,205,171
150,38,205,174
155,40,208,170
156,40,205,168
157,39,203,166
159,38,202,166
160,38,201,167
162,36,201,169
162,35,207,169
162,34,209,169
162,34,210,168
161,34,211,164
161,35,209,164
160,35,212,165
160,35,213,164
162,36,213,165
160,38,223,166
160,39,224,164
161,40,224,164
161,40,223,164
159,40,225,164
158,39,225,164
157,38,228,166
158,38,230,167
158,38,231,167
158,38,230,167
159,37,229,170
161,37,232,170
160,35,234,173
160,34,233,172
162,33,232,171
164,31,232,167
164,31,231,163
163,33,231,167
155,36,234,166
151,35,232,159
154,35,230,160
159,36,227,157
160,37,225,157
162,36,224,159
165,35,221,159
168,33,217,164
175,31,217,164
178,30,212,165
179,28,215,166
180,27,211,169
180,26,214,169
180,26,213,168
180,26,217,168
178,26,219,169
180,27,219,170
181,29,220,171
182,30,220,173
183,28,220,174
183,25,223,177
183,24,223,172
183,24,222,171
183,24,224,170
183,24,226,172
179,29,227,169
169,27,227,169
169,27,229,170
173,27,229,169
179,27,227,171
179,26,225,170
179,25,228,169
181,25,228,168
183,24,226,169
183,21,225,173
183,20,225,176
184,17,225,182
185,17,225,186
184,16,224,187
183,16,223,186
183,16,222,187
181,16,225,186
179,17,227,186
176,17,230,188
176,18,232,188
176,17,233,190
172,19,237,191
170,20,238,191
169,21,238,193
169,22,239,192
168,24,240,193
165,25,240,191
163,26,237,191
162,26,235,192
162,27,236,190
162,28,234,186
160,29,232,181
156,34,232,176
147,32,232,173
143,32,231,173
139,32,233,171
139,33,234,169
141,33,237,167
141,32,238,169
141,31,236,168
145,31,235,170
148,32,234,169
150,32,235,167
151,31,238,166
151,32,236,165
152,31,235,164
152,29,234,166
153,26,233,168
156,25,230,170
158,23,228,171
159,22,231,173
160,23,229,172
161,23,228,174
162,24,227,174
163,27,236,171
164,29,237,170
163,31,239,170
161,30,240,171
160,29,241,172
159,29,241,173
159,29,241,173
160,29,241,175
162,29,240,174
163,28,240,166
164,29,239,169
164,28,240,170
166,29,238,168
169,30,238,166
172,30,235,163
172,30,235,162
172,32,235,168
157,33,241,166
146,33,239,166
143,28,234,167
143,29,233,166
141,26,234,171
137,24,234,174
133,24,234,172
133,24,234,172
132,25,233,171
133,26,232,174
134,27,229,174
136,24,226,180
137,23,224,181
138,21,224,182
137,22,224,180
137,17,223,183
139,15,226,185
142,15,221,185
143,16,223,185
144,15,224,186
144,13,224,185
145,11,225,187
146,11,229,183
150,12,231,183
154,10,228,178
152,10,230,176
154,9,232,179
160,10,229,175
163,7,232,179
163,8,231,179
168,12,231,172
175,9,228,174
175,8,229,175
182,7,231,172
186,5,227,180
185,6,228,179
190,7,227,177
190,8,227,175
193,8,228,172
193,6,231,174
198,5,232,172
198,6,232,170
201,4,231,172
205,3,232,173
203,3,234,178
204,2,234,178
205,2,236,179
205,1,237,179
207,1,237,181
207,1,237,180
210,1,238,181
209,1,239,182
205,4,240,170
207,5,241,169
204,6,239,170
207,9,241,168
206,9,241,168
207,8,236,171
210,9,234,174
212,9,231,174
213,8,229,170
214,8,229,187
213,8,229,188
217,9,228,189
218,9,226,190
217,10,226,187
218,12,226,185
217,14,224,181
215,17,226,176
215,17,226,176
213,19,225,176
210,20,227,173
209,20,227,174
209,19,228,174
209,20,224,174
209,19,223,180
208,17,224,179
206,18,224,183
206,20,224,180
206,20,224,182
203,20,227,177
200,20,226,174
199,20,228,173
196,18,224,171
194,17,223,170
194,16,223,176
193,16,224,175
193,17,224,173
192,19,224,170
191,21,225,166
190,24,227,164
190,24,227,163
182,28,229,164
172,30,231,165
171,30,227,165
171,29,227,164
181,31,225,165
187,32,221,162
191,31,219,161
198,32,216,163
205,31,214,161
205,31,214,162
207,30,219,162
207,31,219,162
206,30,222,162
209,30,223,162
211,30,227,160
207,30,227,160
208,29,229,160
210,31,229,160
204,30,230,159
202,30,231,158
202,30,232,157
202,31,232,156
201,32,231,156
201,32,231,156
200,31,233,158
201,31,231,156
200,33,230,156
197,34,230,159
192,37,230,158
187,36,231,159
188,35,231,162
187,35,231,162
186,34,232,162
187,32,232,163
187,32,233,163
187,32,234,163
188,32,233,168
190,33,231,168
191,34,232,167
190,35,232,167
190,33,227,167
188,34,227,168
188,35,227,169
189,35,225,167
188,37,225,165
186,36,224,164
186,38,223,163
187,39,223,164
186,39,222,165
187,40,221,165
186,39,222,166
188,38,221,167
187,36,220,167
187,37,220,163
186,36,220,162
185,37,219,160
185,37,221,159
186,38,222,159
189,39,222,162
189,39,223,160
188,39,224,162
189,39,226,160
191,39,227,160
191,38,227,161
191,37,229,162
191,36,229,162
190,35,231,161
189,34,232,162
191,34,232,164
192,34,232,164
193,33,232,164
194,32,231,164
194,31,232,165
194,31,235,164
193,30,235,164
194,30,235,162
194,31,236,164
196,30,234,164
195,30,234,163
195,30,235,164
195,30,234,164
197,31,235,163
199,32,234,162
199,32,234,162
196,31,235,163
195,31,234,162
196,30,234,173
196,30,234,172
198,30,232,178
199,30,229,178
190,31,236,163
176,31,249,166
176,31,252,165
173,31,253,167
183,31,243,163
197,31,231,164
203,31,224,168
203,32,223,167
203,33,222,166
202,35,223,165
201,36,228,162
199,39,230,159
200,42,230,151
199,42,231,151
199,44,231,151
199,45,230,153
200,46,227,153
201,46,226,153
201,47,225,149
200,46,226,147
197,45,228,146
197,45,229,148
196,44,229,146
197,43,230,148
197,42,231,151
198,41,231,151
200,40,232,153
200,41,233,152
200,40,233,153
201,41,233,152
204,40,229,154
206,39,227,156
205,37,226,156
206,35,225,157
206,34,224,158
208,34,223,157
211,34,220,157
212,33,220,157
214,34,218,157
214,35,218,155
215,36,219,154
216,35,216,154
217,35,213,153
218,35,216,154
218,35,216,156
223,35,216,153
225,43,218,145
225,44,220,143
228,45,220,146
228,45,221,146
232,46,218,146
234,47,221,141
232,45,223,139
233,42,224,146
233,42,223,144
236,40,222,148
241,39,219,148
245,39,215,147
248,39,213,146
249,39,212,146
253,40,210,145
254,43,210,142
256,45,210,133
259,47,210,131
259,47,211,131
262,47,210,129
264,46,209,131
268,45,210,132
271,44,211,140
273,43,209,145
273,43,209,145
275,40,206,148
273,39,207,146
267,37,207,148
267,37,207,148
260,40,208,145
237,40,217,143
217,39,215,143
217,43,214,137
206,47,209,134
202,51,200,135
204,50,189,142
204,51,194,143
202,49,191,143
199,49,188,142
199,49,187,142
202,48,186,138
207,49,186,134
210,49,187,131
210,49,184,131
211,49,189,132
212,48,189,136
213,47,188,133
213,47,187,132
212,45,185,136
212,44,183,139
210,44,184,138
209,43,185,136
209,43,185,136
207,43,184,135
208,42,177,132
206,42,175,138
204,41,176,139
205,43,175,140
205,43,175,139
207,44,176,138
208,44,177,136
206,44,179,138
203,45,181,140
201,46,182,140
202,46,182,139
202,47,182,139
208,49,183,136
225,51,183,139
225,49,179,142
227,51,183,140
239,50,185,135
254,48,179,141
253,43,175,142
253,39,173,144
256,35,171,143
260,29,169,144
253,25,170,142
252,19,168,142
255,16,163,144
256,15,164,145
257,16,169,143
254,15,170,146
246,14,168,150
242,15,168,151
240,15,169,151
239,16,170,150
239,17,170,152
242,19,168,150
240,20,167,149
237,22,167,147
239,24,165,145
242,27,166,144
247,31,164,143
251,34,165,143
254,36,164,141
256,37,162,144
258,37,160,145
257,35,157,146
260,36,156,141
264,36,155,139
266,35,155,137
266,35,155,137
266,32,155,136
266,31,156,134
264,28,157,134
262,26,159,135
262,24,158,134
261,23,156,131
257,26,156,130
245,26,157,131
237,24,158,130
243,23,157,133
256,26,158,128
259,26,156,128
263,27,156,128
266,29,158,127
268,30,159,125
270,31,158,122
274,32,158,117
277,33,159,116
278,33,159,116
279,32,158,119
280,33,157,121
283,33,156,121
283,32,156,121
280,32,154,121
277,31,153,123
275,31,149,124
276,30,149,126
275,30,148,128
271,32,147,129
266,36,145,131
256,38,147,129
247,41,148,129
241,42,148,126
240,42,149,126
243,46,151,124
241,45,152,124
241,45,151,123
242,45,151,123
242,44,150,121
242,42,152,123
241,40,151,126
240,40,150,127
242,41,149,131
244,42,146,129
247,42,143,128
247,42,142,127
248,42,141,126
248,41,140,128
249,40,138,129
253,39,133,129
255,38,133,131
255,37,133,131
256,36,138,132
260,37,137,130
264,38,137,125
264,37,138,127
265,37,138,126
265,37,139,125
263,36,141,123
264,34,141,124
265,34,141,125
267,34,140,127
268,34,140,128
271,34,139,128
274,36,138,126
276,36,137,125
276,35,136,126
278,37,135,125
279,39,134,123
281,39,132,123
285,40,129,122
285,41,129,121
287,42,128,120
290,42,125,118
293,42,124,117
295,43,125,116
297,43,125,116
299,44,126,116
302,45,126,118
303,46,127,117
306,46,127,115
308,45,126,115
309,44,126,118
309,43,129,118
311,42,126,122
311,41,130,120
311,42,130,118
311,42,129,118
313,41,128,119
315,41,128,120
316,41,127,129
317,41,126,128
318,40,126,128
320,39,125,127
322,39,125,127
325,39,123,126
327,39,122,125
329,38,121,125
331,37,121,125
331,37,121,124
332,37,121,124
334,37,120,122
335,37,120,122
337,37,119,121
338,37,119,118
339,37,119,118
339,38,122,115
339,39,124,113
337,40,126,112
340,40,128,111
341,41,128,111
342,42,126,110
342,42,127,111
343,42,125,111
343,42,125,111
342,43,124,113
338,42,124,116
336,47,124,113
336,47,124,112
334,50,123,110
329,54,123,106
318,53,123,106
315,52,121,102
317,50,119,94
319,48,116,98
319,47,114,102
318,46,114,105
318,46,113,105
317,46,113,106
319,46,111,107
318,46,111,110
316,46,111,108
316,47,109,108
314,47,109,108
312,49,107,107
307,49,106,106
303,49,106,105
302,49,106,104
302,51,107,105
300,51,106,104
298,53,106,106
297,58,106,104
298,59,107,102
299,60,107,102
300,62,108,102
301,64,111,105
302,64,112,104
305,64,111,97
306,65,113,98
306,65,114,97
306,64,113,99
307,63,112,101
306,63,111,101
306,63,111,100
311,63,123,101
313,63,118,105
313,63,115,106
312,62,111,105
314,62,110,107
315,61,110,103
314,60,113,101
315,59,109,102
315,57,119,104
318,57,113,104
318,56,112,105
319,56,110,109
321,57,107,109
320,58,112,109
320,59,112,109
321,60,111,109
322,60,110,109
323,63,109,109
323,63,109,106
324,64,109,104
323,64,108,103
323,65,109,104
322,65,108,104
322,65,107,103
319,65,107,102
318,65,106,99
318,63,106,100
318,63,104,100
319,62,101,99
321,62,100,99
322,62,98,102
323,61,96,100
325,60,95,101
330,59,94,100
330,59,94,100
332,59,94,99
334,60,93,99
338,61,94,98
340,61,93,97
341,60,92,98
341,60,90,98
341,59,88,99
342,60,87,98
344,62,85,96
344,61,88,97
343,62,88,93
342,62,89,96
341,63,90,89
340,62,91,91
340,63,92,88
342,61,93,91
342,62,96,90
342,62,98,90
342,62,101,88
342,61,101,90
342,62,100,91
342,61,99,92
343,61,98,86
344,61,98,90
343,61,100,91
347,61,99,91
347,61,98,91
347,61,96,90
345,61,95,85
345,61,95,85
342,61,95,83
342,60,96,81
342,62,97,81
342,64,96,90
343,67,96,90
343,67,97,92
341,70,97,91
338,70,98,87
337,70,99,87
334,71,101,86
331,75,101,88
318,72,101,83
313,71,102,88
309,70,103,87
306,69,101,87
302,69,100,87
300,68,95,84
299,67,95,83
303,66,91,82
303,67,92,81
306,68,91,80
310,68,89,79
311,68,90,77
313,67,89,78
315,66,89,79
316,67,89,79
315,63,89,80
315,63,89,83
313,63,91,83
312,61,92,81
311,61,91,82
309,60,92,82
308,59,91,81
306,58,90,82
304,58,88,83
302,59,88,84
301,60,87,83
301,63,84,82
302,65,82,82
301,66,81,80
300,66,79,78
300,66,76,79
301,67,75,77
302,68,75,77
302,68,78,80
303,67,77,81
306,68,78,81
308,67,80,80
312,66,77,79
315,63,76,82
316,62,76,84
316,60,77,85
316,59,77,84
316,58,77,84
316,56,75,85
314,55,74,85
314,55,72,87
311,53,74,87
311,52,73,87
312,51,72,87
312,51,72,87
312,51,72,88
312,51,72,86
312,51,73,85
311,50,75,87
309,51,76,82
310,51,77,80
312,51,79,80
314,53,81,80
314,53,80,80
314,53,82,79
312,51,83,80
311,51,83,79
312,53,83,81
313,54,82,80
312,55,82,80
311,56,82,82
312,58,81,82
312,58,81,80
310,59,82,77
311,59,80,77
312,59,80,77
313,60,80,76
313,60,80,76
314,61,79,77
315,61,81,75
317,63,85,75
316,62,85,74
318,62,85,74
320,63,85,74
321,63,86,74
320,63,86,81
319,62,87,85
320,60,86,85
322,59,86,84
323,59,86,84
324,59,83,86
327,59,82,88
329,59,82,85
330,58,82,86
330,56,82,86
331,56,82,86
332,56,82,85
333,54,82,85
333,55,82,87
335,55,82,86
338,56,82,85
337,55,84,84
338,55,83,83
339,55,84,82
338,54,85,80
337,53,87,80
338,51,87,78
340,52,87,77
339,52,86,78
338,52,84,77
339,54,81,82
339,55,80,82
339,55,80,81
336,56,79,79
333,57,78,79
333,56,76,78
336,58,74,78
339,59,71,77
338,58,70,77
339,58,69,77
340,59,68,76
341,58,67,75
343,56,66,78
342,56,66,79
342,55,65,81
343,55,63,81
344,55,63,81
348,56,61,79
349,56,61,80
348,56,63,78
348,57,64,76
351,57,65,75
351,58,66,75
351,58,68,75
354,59,68,73
356,59,69,70
357,59,69,70
357,58,69,77
356,58,71,77
356,58,71,78
357,58,70,80
359,57,69,80
361,59,70,78
362,59,70,78
362,60,69,77
363,59,68,80
366,58,66,78
368,61,64,76
369,60,62,75
369,61,62,69
369,60,63,69
369,61,63,69
369,61,64,70
371,61,63,70
374,63,61,69
374,63,58,68
372,62,58,68
372,63,59,66
373,63,60,66
373,63,59,67
372,62,59,67
372,62,58,66
371,63,57,64
371,63,57,63
372,62,59,62
375,61,57,63
375,60,57,64
375,62,57,62
374,61,56,62
376,60,54,63
378,60,55,62
377,60,55,63
376,59,54,63
376,60,54,63
378,59,53,64
375,61,54,63
374,60,53,63
373,59,53,63
373,58,53,64
374,59,56,65
374,59,59,64
373,58,59,63
371,57,63,66
368,56,65,67
365,55,67,68
364,54,69,68
363,53,71,69
360,53,71,68
356,52,75,69
357,53,76,69
358,53,78,70
356,53,80,69
352,52,81,69
348,52,83,69
345,52,84,70
345,52,86,69
345,53,86,70
342,54,87,70
340,55,89,71
342,56,90,71
342,59,93,71
337,58,95,71
334,59,96,69
334,58,96,71
333,59,97,71
332,59,99,71
330,60,99,70
329,60,101,71
330,61,102,71
330,60,102,72
327,60,103,71
325,60,104,72
323,61,105,74
319,60,106,73
317,62,106,73
316,62,106,73
316,63,106,73
315,63,107,71
316,65,106,70
311,65,112,70
311,66,113,68
308,66,115,68
308,66,116,71
309,66,117,71
309,66,117,71
310,67,116,73
310,68,114,72
310,68,114,70
310,68,115,72
310,69,116,72
309,69,117,74
308,68,118,73
311,69,118,68
312,69,118,68
311,68,117,69
311,68,118,69
312,67,118,70
312,68,119,71
312,66,117,71
312,65,117,71
312,64,117,70
312,64,118,71
314,64,117,71
316,63,117,71
316,63,116,72
315,63,116,73
315,62,117,73
317,61,117,77
315,59,116,76
314,59,117,77
314,59,116,76
313,59,116,72
314,59,115,74
313,60,115,76
313,60,115,77
315,61,115,76
317,63,114,74
316,64,114,74
315,63,113,72
317,63,113,74
318,62,113,76
316,62,113,76
316,61,113,76
318,61,112,77
319,62,112,75
318,62,112,73
318,62,112,71
318,61,111,72
318,61,111,71
317,61,111,72
317,62,111,71
316,63,112,72
316,62,112,71
313,63,115,71
313,62,115,71
314,63,116,71
314,63,116,71
314,62,116,72
315,62,116,72
316,62,117,72
315,62,118,71
314,62,118,72
314,63,118,74
315,64,118,72
315,64,117,74
314,65,118,71
313,65,118,73
315,66,117,71
315,66,117,72
315,67,116,71
314,67,114,71
315,67,114,73
316,67,112,75
315,67,111,75
315,67,110,74
312,68,112,73
311,68,112,72
311,68,111,72
311,68,111,72
312,68,111,75
313,70,111,75
313,69,110,76
311,69,110,74
312,70,110,71
311,70,111,71
311,70,111,71
309,70,112,72
308,71,114,71
307,72,114,72
305,71,113,74
306,72,112,72
306,73,112,73
306,72,112,72
304,72,114,78
305,73,113,76
306,73,114,80
308,73,112,80
309,73,111,78
308,73,111,72
308,73,110,72
308,73,109,71
307,73,108,72
307,73,107,72
307,73,107,72
307,72,105,72
307,72,105,72
306,73,104,71
305,73,103,73
305,73,102,72
305,74,102,71
305,74,102,78
305,75,101,80
305,73,101,81
306,74,99,81
305,74,100,81
304,73,99,84
303,74,100,82
303,75,101,78
302,76,101,74
301,76,101,77
300,76,103,77
299,76,105,76
297,75,105,79
295,75,106,78
294,74,108,78
294,75,109,78
292,75,110,79
290,75,110,82
290,75,109,83
290,75,109,83
288,75,109,79
287,74,108,78
286,74,109,80
288,75,107,78
288,75,106,79
288,75,105,78
288,76,103,74
283,76,107,76
285,77,104,79
285,77,103,81
283,75,102,80
282,76,102,86
282,76,102,81
282,76,102,82
281,76,103,81
280,77,105,81
277,76,106,81
276,74,107,87
275,73,108,89
273,72,110,89
273,72,110,89
273,71,112,88
270,71,118,92
269,69,118,96
268,67,119,97
268,66,120,95
268,65,119,91
272,64,115,84
273,62,116,84
274,57,118,83
278,56,117,84
277,56,118,82
280,54,117,83
281,50,117,81
286,45,117,84
292,41,117,82
295,42,116,82
298,41,115,81
302,41,116,81
305,41,116,80
307,41,115,84
308,39,113,85
305,36,112,87
304,35,111,86
305,33,110,87
305,34,109,90
303,35,110,91
302,36,109,95
300,37,110,96
298,36,111,98
297,34,113,100
296,34,113,106
293,35,116,102
292,34,116,103
293,32,115,101
293,31,116,98
293,30,117,94
293,27,116,91
293,27,114,94
294,24,114,96
298,20,113,101
305,21,112,102
308,22,111,103
308,22,110,107
309,24,108,108
307,23,105,105
304,22,104,99
300,22,104,99
297,21,105,101
295,20,106,105
295,20,106,105
295,20,106,106
295,19,107,108
295,20,110,108
294,20,110,102
292,19,109,101
290,18,111,95
290,17,112,88
288,15,114,98
288,15,114,98
289,14,115,100
288,14,115,102
287,15,114,98
288,15,113,104
289,12,112,103
289,9,111,104
288,5,111,100
291,3,110,102
300,3,108,103
304,3,108,103
301,3,115,106
301,4,116,112
298,4,119,113
295,4,121,114
294,3,122,114
293,3,123,114
292,3,124,118
288,3,126,105
289,3,126,102
291,4,126,102
292,4,126,106
292,5,126,108
291,6,126,110
291,5,127,114
291,7,127,114
291,3,126,113
290,1,123,114
287,1,122,117
285,1,122,116
285,1,123,115
285,1,123,110
285,1,119,105
279,1,122,105
276,1,124,104
278,1,124,105
280,1,124,112
281,1,124,113
278,1,127,113
278,1,127,110
277,1,127,108
275,1,129,109
276,1,129,112
276,1,129,115
275,1,129,119
275,1,128,121
275,1,128,124
275,1,128,125
273,3,127,126
270,5,127,126
270,5,127,127
270,6,127,127
270,9,130,126
263,11,139,125
260,14,137,123
254,17,143,118
245,23,153,127
239,31,160,135
230,39,171,138
223,45,164,147
219,51,170,172
220,52,169,169
216,56,170,185
203,77,141,189
197,78,148,191
182,84,162,186
167,108,155,163
150,124,178,147
134,134,191,137
118,148,217,123
102,156,231,119
102,156,226,120
92,172,237,114
79,179,240,114
56,182,225,110
48,183,214,109
48,183,216,109
38,182,221,110
28,182,231,110
21,181,236,110
15,180,235,110
5,180,230,110
1,180,230,110
1,180,222,108
1,181,217,106
1,181,207,107
1,182,193,106
1,183,179,106
1,185,171,105
1,184,171,105
