116,58,248,270
111,53,249,278
106,50,261,284
100,52,276,286
100,53,277,287
106,54,275,287
117,55,272,290
124,52,272,291
128,51,275,291
125,50,293,291
133,47,310,283
147,37,308,279
160,27,310,283
167,21,306,285
178,21,297,285
187,24,293,289
188,38,292,280
190,38,270,275
199,37,259,273
194,38,258,278
182,35,270,282
163,33,289,286
153,33,278,288
150,32,272,290
143,35,276,286
135,37,278,286
126,37,279,276
118,37,276,275
116,36,273,271
111,36,274,265
105,35,273,265
99,33,268,265
95,34,268,259
94,37,265,254
95,46,264,254
99,53,261,241
111,62,253,233
114,66,253,227
112,63,259,236
103,65,267,237
101,67,272,231
108,69,270,226
117,71,269,224
123,73,269,222
126,74,268,218
129,76,266,225
134,74,263,225
144,73,258,232
150,70,255,234
154,67,254,236
158,65,254,238
163,64,251,236
164,62,250,233
168,59,248,239
173,59,245,238
177,58,240,239
175,58,242,236
171,60,245,233
167,61,247,232
165,61,247,234
163,61,245,233
167,60,240,234
170,61,234,233
176,62,223,232
177,63,216,230
180,63,208,230
175,65,208,223
167,65,215,223
155,63,226,223
144,58,233,223
121,55,253,228
96,53,276,233
84,52,281,237
76,52,284,237
65,56,288,233
60,61,293,231
62,60,286,232
58,57,283,230
63,56,283,231
66,60,283,230
77,65,277,234
82,66,276,238
76,63,287,242
68,64,301,246
65,67,313,246
71,69,316,247
78,68,318,247
91,65,316,247
99,61,318,246
107,58,315,239
118,55,310,243
128,53,305,245
142,51,298,247
153,51,294,244
168,48,286,243
179,39,283,246
189,30,278,250
197,31,282,244
203,27,277,248
207,22,273,265
205,16,275,275
204,10,276,296
203,8,277,300
201,11,272,295
196,12,270,296
192,13,278,306
190,15,279,287
192,17,274,299
183,18,272,305
178,26,267,303
175,37,269,299
173,40,274,290
173,42,272,285
172,43,275,286
176,42,273,284
176,41,278,282
176,34,283,288
182,29,277,303
189,25,267,305
194,24,263,311
199,25,263,304
201,27,260,313
199,38,262,293
200,41,258,291
199,47,256,259
196,46,252,260
192,45,254,262
186,42,261,265
183,49,262,258
184,54,260,252
184,54,259,253
185,54,256,240
186,55,253,235
189,59,247,233
188,65,244,231
189,71,239,223
187,76,239,220
189,77,237,218
186,77,242,216
185,77,244,218
187,78,243,218
190,78,241,219
193,79,238,219
195,80,236,219
194,80,239,218
196,80,236,218
198,78,235,218
202,76,233,218
204,74,232,218
206,70,230,219
208,67,227,220
214,65,218,221
216,64,213,221
215,62,216,221
212,62,223,222
208,63,226,223
205,63,227,224
205,63,223,224
201,64,221,224
197,65,225,224
192,67,230,222
187,65,235,222
184,62,240,222
185,61,242,223
186,60,246,224
192,59,245,224
198,59,246,220
202,59,250,220
215,59,246,219
223,60,248,216
231,61,249,207
230,64,250,207
230,65,250,205
230,66,250,206
226,64,254,208
226,62,254,211
225,57,255,214
224,49,256,222
234,38,246,235
231,35,249,247
230,28,250,257
229,30,251,261
228,28,252,263
226,33,254,260
209,38,271,260
202,34,278,262
201,24,279,278
207,15,273,284
201,11,279,290
197,10,283,298
187,10,283,298
178,12,286,296
171,18,288,290
161,27,299,281
149,31,301,280
139,35,303,277
131,35,310,278
134,32,300,281
139,24,281,286
144,24,273,288
148,24,263,280
153,24,253,265
151,25,250,259
151,25,250,258
154,24,255,255
157,26,257,255
157,28,258,255
157,31,259,254
157,32,261,254
158,34,258,249
158,36,253,247
156,40,249,243
154,43,239,239
156,44,233,238
152,44,232,240
151,46,229,241
147,47,239,244
144,48,242,245
141,53,243,241
133,56,245,236
132,63,244,228
128,68,245,222
128,69,242,223
124,69,238,221
124,68,233,221
124,68,227,219
124,68,229,221
127,69,229,222
135,70,227,222
140,72,224,222
143,73,226,218
145,75,225,211
145,74,228,212
148,76,228,211
151,77,230,209
157,77,229,201
157,77,229,198
156,77,229,198
160,76,226,198
160,75,222,196
163,75,220,194
166,73,214,197
170,70,214,198
177,68,215,202
183,67,211,204
184,67,205,203
186,67,204,204
186,69,205,202
186,72,205,198
185,76,205,196
186,78,203,197
185,81,200,191
183,83,200,189
189,84,194,191
190,85,189,189
187,87,185,184
181,87,191,182
167,87,199,186
154,88,204,190
144,91,209,189
134,93,218,190
122,95,218,186
115,96,222,184
109,98,220,182
101,99,223,181
96,100,224,186
83,103,235,189
79,105,237,195
71,107,245,196
65,101,248,209
60,94,253,210
56,74,265,246
54,67,268,261
57,67,275,263
56,71,284,258
52,76,293,249
47,79,294,247
37,81,295,248
18,82,311,252
7,81,317,249
1,80,315,243
1,70,312,253
1,64,312,258
1,67,309,258
1,71,305,251
1,70,305,250
1,68,311,249
1,64,327,278
1,62,337,284
1,62,348,274
7,62,362,285
19,70,365,287
27,63,376,297
22,66,425,294
18,64,429,296
11,58,431,302
1,50,434,310
1,48,417,312
1,47,385,313
1,46,379,314
1,61,378,299
1,71,385,289
1,66,390,294
1,59,391,301
1,61,372,299
1,58,376,302
1,57,388,303
1,63,398,297
7,75,401,285
19,79,398,281
28,77,401,283
36,78,391,282
38,73,383,286
48,63,377,297
53,55,373,305
55,50,363,310
43,45,356,315
28,44,351,316
10,52,361,308
1,62,354,298
1,58,348,302
1,57,334,303
1,55,320,305
1,53,310,307
1,56,297,304
1,57,270,303
1,58,267,302
1,65,264,295
1,70,258,282
1,75,260,274
1,81,267,270
1,85,273,239
8,87,282,212
31,85,273,221
55,83,264,223
76,82,260,226
93,84,253,235
99,98,250,228
109,104,248,229
110,109,244,228
105,108,241,232
90,108,237,239
85,110,223,243
90,112,210,245
82,113,211,247
78,114,200,246
77,116,192,244
79,121,187,239
86,123,174,237
89,120,169,240
92,117,165,240
92,112,165,244
84,106,173,249
81,104,185,251
90,103,177,252
96,102,164,253
97,101,161,252
97,98,165,252
104,97,157,252
98,95,167,252
95,97,170,256
83,97,172,258
64,96,175,259
56,95,172,259
60,93,168,261
67,96,166,264
73,102,154,258
69,103,149,257
61,103,147,257
58,100,154,260
58,100,165,260
62,99,161,257
70,97,156,254
67,91,151,254
66,90,146,258
74,94,135,258
88,100,116,253
91,100,117,248
88,100,120,249
78,97,128,250
71,97,140,242
65,99,148,239
74,102,149,231
82,103,149,233
89,104,148,235
96,107,146,235
108,108,138,231
126,107,130,231
133,99,129,238
140,98,129,239
141,97,136,240
138,97,143,237
144,98,141,236
149,102,141,229
155,109,141,219
159,115,142,208
158,120,144,203
152,119,147,203
152,113,151,209
151,109,155,210
148,104,160,211
143,99,164,212
136,93,169,214
129,90,168,214
126,91,171,214
123,93,176,211
120,96,181,209
119,98,188,204
118,97,190,204
114,91,194,208
115,88,198,209
118,88,197,206
119,88,198,204
120,91,201,200
121,94,202,196
123,94,202,195
125,95,202,193
127,101,201,184
131,109,198,175
132,115,194,169
126,117,192,167
128,117,187,168
128,119,185,165
120,115,192,170
111,112,194,172
106,104,200,177
101,96,198,181
100,89,193,185
94,89,191,189
91,91,185,190
89,100,181,186
90,103,175,189
84,102,172,189
77,101,173,188
71,99,178,190
66,97,185,193
69,94,185,197
73,93,181,198
87,95,172,195
103,97,169,193
110,98,166,191
115,100,161,187
121,102,154,184
121,103,163,183
117,104,171,189
116,103,178,201
122,104,179,202
125,107,180,203
128,111,180,203
130,114,185,201
135,117,188,200
137,120,188,198
141,121,188,199
142,121,192,212
145,122,195,213
150,125,192,213
153,126,188,213
152,128,190,212
155,129,190,213
156,135,182,217
149,137,183,218
135,138,196,219
129,139,208,220
128,142,212,218
133,144,207,215
135,146,206,214
136,147,212,211
139,146,213,206
140,142,217,206
139,139,222,206
146,138,230,205
153,136,229,205
163,132,223,204
164,127,224,201
168,124,232,199
177,126,233,194
177,129,229,188
170,127,233,187
159,116,250,196
154,106,258,204
161,100,251,209
166,98,248,210
170,95,244,211
167,94,255,211
180,88,248,216
178,79,253,225
177,70,261,234
179,65,272,239
186,61,259,242
196,62,243,240
188,81,242,220
179,93,230,207
164,98,238,201
156,110,255,191
141,122,272,186
123,154,276,162
107,156,280,167
101,160,283,164
97,166,291,169
93,170,315,190
90,167,340,193
87,164,369,196
86,158,374,202
88,153,378,207
90,131,381,229
93,114,379,246
98,81,369,279
104,77,356,283
104,69,353,291
97,65,370,295
92,65,375,295
88,71,379,289
103,69,367,291
99,69,371,291
91,73,374,287
89,74,375,286
94,62,376,298
98,63,379,297
101,71,379,289
111,68,369,289
115,64,365,296
115,63,365,297
118,66,362,294
143,62,337,298
148,59,332,301
145,57,335,303
141,53,339,307
136,49,344,311
129,42,351,318
116,39,364,321
96,38,372,320
69,38,387,320
67,36,390,324
72,48,386,308
89,48,372,291
92,44,368,282
97,35,363,286
106,30,359,290
113,29,356,290
122,31,355,281
126,36,354,274
131,40,349,271
132,38,348,264
129,36,351,266
125,28,355,271
142,26,338,270
173,25,307,267
183,22,297,268
196,23,283,257
206,31,274,246
224,40,256,227
231,44,249,220
229,49,251,214
273,50,207,215
259,54,221,211
259,54,221,212
260,50,220,212
267,45,213,209
263,39,217,213
262,34,218,221
286,32,194,222
256,31,224,221
272,35,208,229
277,37,203,224
265,39,215,203
244,40,235,190
213,41,266,194
185,42,293,207
171,41,299,246
162,35,308,249
165,32,305,245
152,31,309,246
143,24,314,254
138,23,301,259
117,20,301,264
103,14,298,251
95,8,295,266
93,4,286,270
84,6,282,277
68,11,281,279
43,16,270,286
21,22,263,291
15,27,274,286
26,39,271,285
46,52,258,256
56,51,252,262
73,46,245,267
108,45,230,262
147,48,206,245
158,52,194,225
160,55,185,234
157,52,180,226
149,50,164,223
143,42,159,226
130,36,159,225
114,33,166,225
101,28,174,225
92,25,170,232
92,26,159,244
92,37,157,233
96,42,152,225
109,43,128,219
114,40,122,201
114,31,127,214
114,29,140,215
122,29,142,215
131,30,141,215
143,33,140,203
146,39,141,200
144,49,146,189
149,51,137,186
161,51,125,184
163,53,126,181
166,49,127,179
164,47,135,186
170,46,138,74
174,48,138,73
168,52,130,72
161,59,123,67
160,66,124,61
164,69,120,58
163,69,116,56
160,61,117,61
164,57,122,63
173,55,114,64
171,56,132,92
171,56,138,125
158,57,162,125
162,59,167,119
160,61,179,105
160,68,182,104
153,74,186,102
145,76,190,98
129,70,202,105
127,71,202,107
131,64,204,116
140,61,193,120
138,53,187,124
109,46,213,131
104,47,218,131
104,48,217,133
101,39,217,187
98,51,213,175
93,47,216,182
89,56,223,165
92,63,243,165
94,72,251,150
93,70,260,154
93,67,265,157
96,67,263,160
98,64,272,172
102,64,278,172
99,65,282,171
99,66,281,168
99,62,277,170
97,50,273,184
98,30,267,206
98,17,253,224
98,14,246,224
98,1,248,240
98,1,255,240
102,8,258,231
112,9,303,234
114,10,302,235
121,13,291,229
122,14,282,225
122,4,266,231
123,1,246,238
124,1,230,236
123,1,228,237
121,7,228,230
121,9,223,225
126,7,216,224
124,8,217,222
105,12,233,208
102,15,234,204
95,14,240,204
87,13,248,199
81,13,254,197
75,12,259,199
69,20,264,201
68,38,266,184
63,46,269,203
56,41,273,211
50,44,278,213
46,48,279,212
43,54,280,214
36,59,282,214
29,62,285,216
22,60,289,216
22,57,287,217
22,54,272,220
26,51,252,222
28,53,246,222
28,58,241,222
25,64,257,211
22,68,261,211
45,80,243,188
52,81,238,179
58,82,228,180
62,84,221,171
67,86,209,174
72,88,206,174
78,92,205,173
82,95,206,172
89,97,204,173
98,100,200,171
106,102,192,166
115,103,170,168
119,102,116,164
118,100,117,169
107,98,133,176
92,97,149,181
76,96,169,183
60,95,185,186
47,97,201,180
31,101,221,182
19,107,231,167
15,111,232,169
14,97,232,180
13,90,232,188
9,84,238,220
14,77,240,231
19,68,242,250
28,62,242,258
33,61,241,260
29,58,244,262
28,65,249,259
25,68,251,257
22,75,258,252
19,77,262,249
16,80,266,248
12,80,268,250
7,77,266,253
1,74,262,258
1,73,253,262
1,76,249,267
1,76,249,269
1,78,245,270
1,79,239,267
1,80,239,266
1,78,239,266
1,75,237,268
1,72,238,267
1,70,238,271
1,73,236,275
1,72,242,280
1,77,244,281
1,80,247,260
1,86,245,247
1,94,246,249
1,94,246,257
1,100,245,258
1,103,245,255
1,104,245,248
1,100,246,251
1,97,246,253
1,98,246,258
1,95,247,264
1,96,247,263
1,96,238,264
1,101,230,259
1,103,228,257
1,105,227,255
1,104,223,256
1,101,216,259
1,98,216,262
1,96,217,264
1,94,219,266
1,92,219,268
1,89,212,271
1,89,213,271
1,89,211,271
1,90,210,270
1,87,211,273
1,86,208,274
1,87,206,273
1,87,193,273
1,90,181,270
1,91,165,269
1,99,165,261
1,114,162,246
1,111,163,249
1,105,159,239
1,102,160,242
1,99,139,247
1,94,114,255
1,94,86,251
1,112,56,248
1,139,47,221
1,146,40,214
1,153,49,207
1,157,55,203
1,169,59,191
1,176,60,184
1,177,66,183
1,193,68,167
1,192,68,168
1,186,72,174
1,181,72,177
1,178,67,182
1,162,51,195
1,159,35,183
1,146,35,194
1,136,24,183
1,138,24,134
1,136,24,168
1,134,27,179
1,130,31,180
1,128,31,182
1,127,33,183
1,127,34,179
1,126,37,179
1,125,42,175
1,125,50,174
1,124,53,173
1,124,60,177
1,122,62,178
1,122,70,176
1,124,68,162
1,125,72,160
1,124,69,154
1,122,67,151
1,122,69,149
1,122,65,144
1,121,66,145
1,121,60,139
1,122,59,136
1,122,59,135
1,123,49,133
1,123,46,132
1,124,45,135
1,123,47,135
1,123,53,138
1,122,58,143
1,122,61,144
1,122,64,139
1,123,70,140
1,124,74,140
1,123,80,143
1,121,87,145
1,119,88,147
1,117,89,150
1,114,80,148
1,113,83,148
1,110,85,148
1,108,87,147
1,103,90,152
2,99,93,158
1,88,98,169
1,84,106,171
1,83,115,172
1,83,124,171
1,82,133,166
1,81,141,168
1,80,155,165
1,79,162,164
1,78,154,168
1,74,160,174
1,67,163,187
1,68,164,187
1,70,168,186
1,74,169,185
1,79,174,186
1,84,178,187
1,89,182,183
1,94,183,184
1,93,186,185
1,93,184,187
1,94,185,187
1,94,188,187
13,95,180,188
18,94,180,188
22,96,177,187
25,96,181,183
30,96,180,173
32,94,182,174
35,94,182,178
35,95,183,176
36,96,185,176
38,97,185,178
38,97,185,179
37,97,185,180
36,97,184,181
33,96,186,181
30,97,185,183
27,97,183,184
25,98,184,184
22,99,187,184
18,99,186,184
13,98,185,184
8,97,188,183
4,97,187,184
1,96,186,184
1,96,183,185
1,96,174,186
1,96,166,188
1,96,160,191
1,99,152,188
1,105,146,180
1,107,135,177
1,107,124,175
1,107,119,176
1,106,109,177
1,103,100,176
1,100,96,172
1,98,93,174
1,96,89,179
1,94,86,181
1,94,84,181
1,95,83,178
1,95,81,178
1,97,80,178
1,101,79,173
1,104,77,170
1,106,78,167
1,109,78,165
1,110,81,165
1,109,87,165
1,109,98,157
1,109,104,155
1,109,110,158
1,108,120,155
1,107,128,165
1,107,140,163
1,106,150,157
1,100,160,165
1,94,163,163
1,87,177,172
1,86,184,173
1,85,189,174
1,87,195,175
1,86,211,173
11,89,208,172
20,90,208,171
27,90,200,169
34,91,200,168
38,92,200,167
41,94,199,167
44,96,200,168
47,96,200,164
50,95,201,166
51,95,201,167
54,95,202,171
55,96,202,173
57,97,202,175
58,98,203,175
57,99,204,174
58,99,204,173
58,99,205,173
57,100,205,175
55,98,197,168
54,100,209,168
54,101,210,168
53,103,212,167
51,100,222,170
52,99,221,169
53,98,220,175
54,97,221,163
55,96,219,156
55,95,220,158
56,95,219,157
59,94,216,158
61,95,216,157
62,95,215,157
62,95,215,157
65,95,208,120
65,98,208,119
70,100,207,118
71,102,206,119
74,107,204,118
76,109,203,117
78,111,208,119
83,113,207,119
85,114,204,120
84,115,204,120
84,117,203,119
83,119,203,119
83,120,202,118
83,122,226,117
84,123,223,110
84,125,222,109
83,126,216,108
80,123,219,117
81,122,217,110
81,122,219,171
81,123,220,170
80,122,228,171
78,123,227,170
79,123,226,173
79,122,226,177
78,120,227,177
76,120,223,175
76,117,221,164
77,113,219,155
78,110,218,152
80,107,218,155
94,103,205,151
95,101,208,148
105,99,199,158
107,101,201,151
109,100,201,151
109,100,205,151
108,103,195,152
96,99,207,153
97,100,210,154
96,102,211,154
96,102,212,146
97,103,209,144
98,104,208,141
98,104,206,140
98,104,205,144
98,106,202,151
98,106,204,141
99,106,205,144
99,105,208,153
98,106,208,154
97,107,208,150
94,110,200,141
92,113,162,93
91,114,161,97
90,114,161,112
92,113,161,115
93,112,160,117
93,111,164,117
92,111,162,118
90,111,162,120
89,111,168,121
90,113,168,118
92,113,167,118
92,113,168,118
94,113,167,118
94,114,167,118
93,117,169,119
79,121,168,123
65,122,166,129
50,122,167,128
34,122,165,130
28,121,157,133
26,119,146,132
23,115,145,132
20,111,144,131
18,105,143,132
15,102,147,131
8,100,153,130
5,102,158,126
5,101,161,125
6,102,163,124
6,101,164,127
8,101,160,128
13,100,159,127
15,98,159,124
15,96,159,123
14,96,158,125
13,94,158,125
12,93,157,124
10,93,157,125
8,91,157,129
5,89,158,132
3,89,160,138
2,92,161,140
1,94,162,142
1,95,161,140
2,95,161,140
3,96,160,139
8,96,161,139
15,100,162,140
21,100,165,141
24,100,165,141
26,97,165,141
28,95,165,141
31,93,166,140
34,91,165,140
35,90,164,139
38,88,163,139
41,88,160,138
43,86,158,140
42,85,156,144
40,86,155,143
40,87,150,138
42,88,146,128
42,91,144,123
45,93,140,121
46,95,133,121
48,101,130,114
50,102,126,111
51,100,135,111
54,98,134,109
54,97,133,106
58,96,136,105
61,93,137,108
64,91,136,109
66,89,137,105
72,87,134,110
73,85,130,109
77,83,126,102
78,83,128,98
82,83,123,94
85,82,122,92
88,82,121,90
92,80,120,84
96,79,120,84
101,77,116,80
107,76,115,74
111,79,120,59
131,80,101,47
145,81,90,47
147,83,89,46
155,85,84,48
153,86,86,49
151,87,87,53
102,90,139,100
107,91,134,105
111,92,131,105
161,92,86,54
171,101,87,47
187,106,85,47
207,110,75,47
210,112,76,46
211,112,80,46
222,112,80,45
231,111,78,49
233,108,81,50
233,106,83,50
236,103,82,54
241,98,78,56
244,96,78,55
250,94,76,59
254,92,77,64
255,88,84,68
255,87,94,72
258,85,102,81
265,86,96,98
277,89,89,98
284,88,86,97
292,84,80,99
301,80,70,119
304,79,73,108
302,77,72,115
298,79,72,119
294,81,72,122
291,84,72,124
287,88,73,127
282,90,73,127
280,90,74,127
280,91,74,131
281,92,74,132
282,92,72,132
284,93,71,135
285,92,72,136
285,91,72,136
285,90,72,137
282,89,72,142
281,89,71,144
280,90,70,141
279,90,71,144
279,90,72,140
279,90,71,139
278,90,71,140
277,90,72,140
277,90,73,142
278,90,73,142
280,90,72,142
285,90,72,141
293,91,71,142
298,91,71,141
301,93,71,139
303,93,73,139
306,95,73,140
307,93,73,141
312,92,72,140
315,90,72,140
318,89,72,140
320,89,72,140
322,89,72,140
325,90,72,140
328,89,71,139
330,90,71,137
332,90,70,137
334,90,71,138
335,91,72,138
337,91,71,138
339,91,72,138
341,91,73,137
343,90,73,137
344,90,73,136
345,91,72,135
346,91,72,136
347,91,71,136
348,91,71,136
