62,271,568,329
62,271,567,331
73,269,559,335
87,267,549,338
101,266,537,334
117,265,522,330
123,262,515,329
136,258,511,335
136,258,504,335
152,256,493,336
163,253,485,338
173,252,478,339
183,251,466,338
189,250,464,343
200,249,453,341
205,248,449,333
211,248,443,333
213,247,438,336
221,247,433,337
229,246,429,336
229,245,426,342
231,245,426,345
234,245,422,349
245,249,413,342
249,253,411,343
249,253,411,348
254,253,406,349
263,253,398,341
267,256,394,339
270,260,390,333
277,261,382,324
281,261,381,319
288,264,373,313
291,267,368,305
291,270,370,302
295,273,366,300
302,274,359,297
307,278,355,293
306,279,358,300
315,282,350,293
317,284,346,291
317,288,345,291
320,289,343,292
326,292,337,288
322,295,341,287
322,298,341,286
325,298,337,289
323,301,339,285
322,301,343,291
322,304,343,291
320,304,346,291
318,306,350,291
322,308,348,291
330,308,340,291
326,308,346,294
330,310,341,292
333,310,337,291
338,310,337,292
341,310,330,296
337,313,335,295
340,313,335,303
344,314,332,304
345,313,331,310
347,318,329,310
349,318,329,309
350,319,328,308
353,319,324,307
353,319,324,307
352,318,324,307
355,319,322,310
358,319,321,309
358,319,321,309
359,319,321,309
358,318,321,319
361,318,321,319
362,317,320,322
362,317,320,322
366,313,316,325
365,313,318,327
371,311,313,328
382,309,299,333
387,309,297,334
392,309,291,335
397,309,288,337
399,309,287,336
404,309,280,337
410,309,274,338
417,308,268,340
426,305,260,344
432,305,256,340
437,303,251,339
440,304,248,335
444,304,244,330
446,304,243,330
446,303,243,330
449,302,240,324
454,302,236,317
457,302,232,315
456,301,232,311
455,301,235,310
454,300,235,311
455,299,239,314
453,299,239,312
452,298,240,314
448,297,245,317
443,297,250,320
442,293,250,327
441,292,250,332
439,291,250,335
436,293,252,335
434,292,252,335
433,291,252,340
432,291,252,345
428,290,252,346
425,291,256,346
423,292,256,350
419,291,256,350
412,291,263,353
409,290,263,353
403,289,266,360
399,288,271,365
395,290,274,365
390,290,279,368
383,289,282,368
378,289,282,368
375,288,286,370
373,288,293,373
371,288,294,377
369,287,295,377
368,287,297,380
368,287,297,380
367,287,299,387
366,287,299,387
367,287,300,388
369,292,299,385
369,292,297,388
369,292,299,388
369,292,300,387
370,292,300,394
372,296,300,397
373,299,299,396
374,301,298,391
376,302,298,391
377,303,297,390
379,303,293,389
380,304,292,388
379,304,291,387
384,309,287,384
387,309,285,378
388,309,284,373
391,309,279,372
393,315,277,366
395,316,276,365
397,316,275,361
399,317,274,358
399,322,273,356
398,322,272,355
401,323,269,350
404,324,269,345
403,324,268,344
405,329,269,334
404,329,268,333
404,334,268,323
404,334,267,322
403,337,268,321
401,337,270,314
400,340,271,310
399,340,270,305
399,340,270,305
398,344,272,298
397,344,274,295
395,344,274,295
394,344,277,294
393,344,279,293
392,349,282,286
389,349,283,283
388,352,284,280
387,352,286,278
386,352,286,278
385,352,289,277
386,352,288,275
386,352,287,274
387,356,288,267
385,355,292,266
384,355,294,266
383,357,297,262
380,357,300,262
377,361,303,257
374,361,306,256
371,361,310,256
370,361,309,255
369,364,312,255
366,364,316,246
365,364,318,246
364,364,318,246
365,364,320,246
365,364,320,246
368,364,320,246
368,364,317,246
367,367,317,247
366,367,316,246
366,368,316,246
367,368,320,246
366,369,320,246
368,368,317,249
371,369,312,249
370,369,312,249
372,370,312,250
371,370,312,253
374,368,307,256
375,368,307,259
375,368,307,263
376,369,304,263
379,369,299,263
380,369,299,266
382,371,296,265
383,369,296,269
382,369,295,268
382,369,295,270
381,369,294,269
385,369,292,272
384,369,292,272
385,369,292,275
385,369,292,275
383,369,292,276
383,369,291,275
382,369,294,277
381,370,294,279
380,368,294,283
379,368,294,283
379,367,297,283
378,367,297,283
379,366,298,285
378,366,298,285
379,366,301,288
379,366,301,288
378,366,302,288
380,366,302,291
380,366,302,291
379,366,304,291
379,365,304,291
381,364,304,292
381,364,304,292
381,363,304,295
381,362,303,294
382,360,303,294
383,356,301,297
384,355,299,297
386,352,288,300
390,351,288,300
390,350,286,300
389,348,286,300
392,344,282,304
391,343,281,304
391,339,280,307
392,338,279,307
393,334,277,309
394,333,274,309
393,331,277,309
394,331,277,309
392,326,276,315
391,325,276,315
390,325,278,315
390,322,278,322
391,321,278,322
392,321,275,322
391,320,275,322
390,319,278,322
391,320,278,322
390,320,278,322
389,319,278,322
392,318,275,327
391,318,276,327
393,318,275,330
392,317,275,330
391,317,275,333
390,317,275,333
393,316,273,337
392,315,273,337
396,314,271,341
395,313,271,341
398,312,266,344
397,311,266,344
403,310,259,344
402,309,259,344
405,308,256,347
408,307,252,346
409,306,250,349
408,306,250,349
412,302,247,351
412,301,246,351
411,300,246,351
414,299,241,351
413,298,241,351
417,297,238,351
416,296,238,351
420,295,238,353
421,296,238,353
420,295,235,353
419,294,235,353
422,293,235,353
421,292,235,353
425,291,232,357
427,290,227,356
428,290,227,356
428,289,226,355
427,289,227,354
426,288,227,354
429,287,225,358
429,286,224,358
427,285,226,358
430,284,224,358
429,283,223,358
432,283,221,358
431,282,221,358
435,281,216,358
434,280,216,358
438,279,212,358
437,278,212,358
436,277,215,358
435,276,216,361
434,275,216,361
437,274,213,361
436,273,213,361
439,273,210,361
437,272,211,365
438,271,211,364
436,270,211,364
435,270,211,363
431,270,211,363
431,270,211,363
429,269,211,363
427,272,210,361
426,272,210,361
428,272,206,361
427,272,206,361
426,272,207,361
425,271,207,361
424,271,209,361
426,271,209,361
428,270,203,361
427,269,203,361
428,269,201,361
429,268,201,361
429,267,200,362
429,267,200,362
427,266,200,362
428,266,201,360
429,265,199,360
429,264,199,360
428,264,199,360
429,263,199,361
428,262,199,361
429,265,197,361
428,264,197,361
429,263,197,361
428,263,197,362
430,262,195,362
431,262,196,362
430,262,196,362
428,261,196,364
428,261,195,364
427,260,195,364
426,259,198,364
427,261,196,361
426,260,198,361
427,261,195,361
426,260,195,361
428,260,195,359
427,260,195,359
428,259,195,359
427,258,195,359
428,257,196,358
427,256,196,358
428,255,193,358
427,255,193,358
429,254,194,358
428,253,194,358
429,252,194,358
428,251,194,358
427,250,194,358
429,251,194,358
428,251,194,358
428,250,194,358
427,249,194,358
427,248,194,358
426,247,194,358
428,246,194,358
427,245,194,358
428,246,194,354
427,245,194,354
428,244,194,354
427,243,194,354
428,241,194,354
427,241,194,354
426,244,194,347
427,243,194,347
427,244,192,342
425,243,192,342
425,245,192,343
422,245,192,343
421,245,192,340
419,245,192,340
421,245,192,338
419,244,192,338
420,245,192,338
419,245,192,338
421,246,192,338
420,246,192,335
419,247,192,335
422,247,189,330
421,247,189,330
422,247,189,330
421,247,189,330
424,249,188,329
420,250,191,329
419,250,191,329
417,256,193,327
416,256,193,328
415,261,194,328
414,262,194,325
413,265,194,325
415,274,194,323
415,277,193,322
415,279,194,322
414,280,194,322
409,280,198,318
407,281,198,318
406,282,201,318
404,282,201,318
403,285,205,318
404,286,205,317
403,291,204,312
402,291,204,312
403,292,203,310
401,295,202,309
402,297,201,307
401,295,200,306
399,293,203,307
398,293,203,307
397,291,202,306
401,293,199,305
397,293,205,300
396,296,203,297
395,296,202,296
398,296,202,296
400,297,201,295
395,296,206,295
394,295,206,294
394,295,206,294
393,296,208,291
393,296,208,291
397,296,204,288
396,295,204,288
399,294,204,288
399,293,204,288
398,292,206,283
397,291,205,282
399,290,207,282
398,289,206,281
400,292,206,283
400,291,205,282
399,291,205,284
399,291,204,285
399,290,205,284
399,289,205,284
399,288,207,284
398,287,207,284
400,286,209,284
399,285,208,283
401,284,207,286
401,283,206,287
400,282,205,286
404,282,202,285
405,281,202,285
405,280,202,285
407,278,201,288
406,277,200,287
410,278,197,283
410,277,196,282
415,276,192,281
415,275,191,280
417,274,190,279
416,272,190,279
419,271,189,278
419,269,188,277
420,267,188,278
419,266,187,277
422,265,189,277
421,264,188,276
423,262,186,275
422,261,185,274
426,263,185,274
425,262,184,273
426,260,184,273
425,259,183,272
429,258,181,271
429,257,181,271
427,256,186,271
426,255,186,271
429,254,186,270
429,252,185,269
428,253,187,268
428,252,186,267
426,250,187,266
426,249,187,265
425,248,188,265
424,247,191,259
424,245,191,259
423,244,191,259
423,243,191,259
423,242,190,255
425,241,189,254
425,240,189,254
425,239,189,254
425,238,189,254
425,236,189,254
427,235,191,254
427,234,191,254
429,233,191,254
428,234,191,254
427,233,190,253
430,232,190,249
429,231,189,248
435,230,184,251
437,229,183,250
439,229,183,249
439,228,182,253
440,227,181,254
439,226,181,254
439,225,181,254
442,224,176,256
441,223,175,255
443,222,174,254
446,221,174,254
447,221,173,253
445,220,172,255
445,219,174,254
442,218,179,257
441,217,179,257
441,216,179,257
443,215,176,253
444,214,175,252
444,213,176,251
443,212,175,250
443,211,179,249
443,210,178,248
444,209,177,255
444,208,177,255
443,207,176,254
446,206,173,256
446,205,172,255
449,204,171,258
448,203,170,257
450,202,169,261
450,201,169,261
451,202,169,261
452,201,168,260
454,200,167,262
452,199,166,261
452,201,170,260
448,199,175,259
448,198,174,258
446,198,177,257
446,198,178,259
446,196,177,258
444,195,180,258
446,195,179,257
445,191,177,256
445,190,176,255
449,191,174,255
449,190,174,255
449,190,173,254
449,189,172,253
453,188,171,252
453,187,168,251
453,189,169,254
453,188,169,254
457,188,166,253
457,188,165,252
459,187,166,251
458,186,166,251
462,185,166,251
462,185,165,250
462,184,165,249
465,183,164,250
465,183,163,249
465,183,162,248
464,182,162,248
465,180,166,251
468,179,163,251
468,179,163,251
471,178,163,250
471,175,159,252
470,174,158,251
470,173,161,255
470,174,160,254
472,173,160,254
471,172,160,254
472,171,159,253
472,170,159,253
472,169,160,256
472,168,159,255
473,167,159,253
472,166,159,253
473,165,160,253
474,165,157,256
473,164,157,256
474,166,158,256
474,166,157,255
473,166,156,254
472,165,155,253
475,165,158,252
475,165,157,251
476,164,156,254
476,163,155,253
479,162,154,254
479,162,153,253
478,162,152,252
481,161,151,256
481,161,150,255
481,161,149,254
485,160,149,254
485,160,148,253
488,159,149,255
488,158,149,255
488,158,149,253
488,157,149,253
492,154,149,253
492,153,149,253
494,151,149,253
494,150,149,254
495,151,150,249
496,151,149,248
498,150,147,248
498,148,147,249
498,147,147,249
500,150,150,244
500,150,150,244
502,150,148,243
504,150,147,245
504,149,147,245
504,148,147,245
507,147,147,245
507,146,147,245
507,149,147,240
506,148,147,240
512,146,142,240
511,145,142,240
511,146,142,240
510,145,142,240
513,144,144,239
513,144,143,238
516,143,143,240
515,143,142,239
521,143,137,238
520,142,136,237
524,141,133,239
526,140,133,239
525,139,133,239
527,139,131,239
526,139,130,238
527,137,129,239
530,136,128,238
530,135,127,236
529,136,126,239
528,135,125,238
527,134,125,238
528,133,124,240
531,132,124,240
530,131,123,239
530,130,122,238
529,133,121,237
532,132,120,235
532,131,119,234
528,131,122,239
530,130,124,238
529,130,123,237
530,129,126,234
529,128,126,234
528,126,126,234
529,125,125,233
529,124,124,232
530,122,124,234
529,121,124,234
531,120,123,233
530,119,123,233
529,118,123,233
527,117,125,236
527,116,125,236
526,115,129,235
526,114,128,234
525,113,129,236
527,112,128,235
526,111,128,235
527,109,128,235
526,109,128,235
526,108,126,235
526,107,126,235
528,106,128,235
528,104,128,235
527,103,128,235
530,102,128,235
530,101,128,235
530,100,128,235
532,101,128,235
531,100,127,234
531,99,126,233
531,98,126,233
531,97,125,232
532,96,124,229
535,95,124,229
534,94,124,229
534,92,124,229
533,91,124,229
534,97,125,222
533,96,125,222
535,95,127,222
534,94,126,221
534,93,125,220
533,92,126,225
533,92,126,225
532,91,125,224
533,93,130,221
532,92,129,220
531,92,128,219
531,91,127,223
532,90,126,222
532,89,125,221
533,90,127,223
532,89,127,223
531,88,127,223
530,87,127,223
531,87,127,223
532,86,127,223
531,87,127,223
530,87,127,223
530,87,126,222
532,87,126,227
532,87,125,226
529,91,130,222
528,91,130,222
527,90,130,222
528,90,129,221
527,90,129,221
527,91,129,221
527,91,128,220
530,91,125,219
530,91,125,219
533,94,124,218
532,94,123,217
532,93,123,217
532,93,123,214
531,92,123,214
531,91,127,215
530,90,127,215
532,89,126,214
532,88,125,213
531,90,130,215
530,89,129,214
533,88,128,215
533,88,127,214
534,87,127,216
533,87,126,215
536,86,125,214
536,86,124,213
536,85,125,212
536,85,124,211
537,85,123,210
536,84,122,208
535,85,126,212
534,84,125,211
533,85,124,212
532,87,122,209
533,85,125,205
533,84,124,208
533,83,122,206
530,81,126,209
529,80,125,208
528,81,123,209
527,82,121,206
526,81,125,209
525,81,124,207
524,82,124,208
523,81,123,206
527,80,123,206
526,80,122,205
529,80,121,203
529,76,120,209
529,75,119,208
527,76,121,212
526,75,120,211
530,74,119,210
529,73,118,209
528,72,117,208
528,72,116,212
529,74,115,211
529,73,115,211
529,73,114,210
531,74,113,209
531,73,112,208
531,73,111,207
531,73,113,210
531,73,112,209
532,74,111,208
531,74,110,207
533,72,113,209
532,72,112,208
531,71,111,207
531,70,115,207
531,69,115,207
533,69,114,209
534,68,113,208
534,68,112,211
534,67,111,210
537,66,110,209
538,66,109,207
538,63,113,209
538,63,112,208
538,63,110,206
546,61,107,205
545,60,106,204
547,59,105,207
547,58,104,206
547,57,103,205
547,56,102,203
552,52,101,207
552,51,100,206
554,50,99,207
553,50,98,206
555,49,98,206
555,49,97,205
557,48,97,205
557,47,97,205
555,48,101,208
554,48,100,207
556,49,99,206
555,48,99,206
554,48,99,205
553,48,98,204
555,48,97,207
554,48,96,206
553,48,100,210
552,48,100,210
553,48,100,210
553,47,100,210
554,51,100,210
553,51,99,209
550,55,102,209
549,55,102,209
550,55,101,208
549,55,100,207
552,55,99,206
552,55,98,205
548,57,102,209
547,57,101,208
548,57,100,207
550,57,101,206
547,57,102,208
547,57,101,207
546,57,101,209
545,57,100,208
545,57,105,208
544,57,105,208
546,57,104,207
545,56,103,206
545,55,103,206
545,60,106,205
544,59,107,205
543,59,106,204
546,58,106,204
546,61,105,203
545,61,104,202
546,61,103,201
546,61,102,200
547,61,101,199
547,60,100,198
546,60,99,197
543,61,110,200
543,61,109,199
543,64,108,198
543,64,108,198
542,62,108,202
541,61,107,201
541,60,108,204
540,59,108,204
539,58,110,202
538,58,110,202
539,57,113,205
539,56,112,204
539,55,112,204
539,58,111,203
541,58,110,202
536,58,118,203
535,58,117,202
537,60,116,201
537,59,115,204
537,58,114,203
536,58,114,203
536,57,113,206
535,57,113,206
532,57,119,205
531,57,118,204
532,57,119,206
531,57,118,205
531,57,117,204
530,57,116,205
530,56,115,204
527,56,125,206
527,55,124,205
530,55,123,204
529,57,122,203
528,57,121,206
527,57,120,205
527,59,119,204
527,58,118,203
527,59,118,206
526,59,118,206
527,59,122,205
526,60,123,204
526,60,123,204
525,60,123,204
526,59,123,204
526,59,123,204
526,58,122,203
528,60,122,203
528,59,122,203
528,61,121,206
528,60,121,206
528,60,121,206
527,60,121,206
526,59,120,205
529,58,120,208
528,58,119,207
529,58,118,209
529,58,117,208
532,58,116,210
531,57,115,209
530,56,114,208
533,56,116,211
532,56,115,210
534,55,116,213
533,55,115,212
535,57,115,212
534,56,115,212
535,58,114,211
534,57,114,211
537,59,113,210
537,58,112,209
539,59,111,208
539,58,110,207
541,59,109,206
542,60,108,205
542,59,107,204
542,58,106,203
542,58,105,202
543,58,109,204
543,58,108,203
542,57,107,202
545,57,106,203
542,57,110,205
542,57,109,204
542,57,110,203
541,57,109,202
543,57,111,201
543,57,110,200
543,57,109,199
543,57,108,198
542,56,108,198
542,55,112,199
541,54,112,199
540,57,111,198
539,57,110,197
541,56,111,199
541,56,110,198
540,55,112,198
540,56,111,197
540,56,110,196
540,55,109,195
542,55,108,198
541,54,107,197
541,54,106,196
543,54,108,197
543,53,107,196
543,53,109,196
542,52,108,195
541,52,108,199
540,51,107,198
542,53,107,196
542,53,106,195
544,54,106,195
543,53,105,194
543,52,104,197
543,53,104,199
542,53,103,198
541,52,103,198
543,51,102,197
543,50,106,197
543,49,106,197
542,48,105,196
541,50,105,196
540,49,104,195
542,48,107,195
541,47,106,194
540,46,106,202
539,45,105,201
542,45,104,200
541,44,109,200
541,43,108,199
540,42,107,198
539,40,112,205
540,39,111,204
539,38,111,204
538,39,112,203
537,39,113,204
538,38,113,205
538,37,113,205
537,37,112,204
538,36,111,207
537,35,110,206
534,34,115,208
533,33,114,207
532,32,114,212
530,31,114,212
530,35,114,210
529,34,113,206
528,33,117,209
527,32,116,208
523,31,121,210
524,30,120,209
523,33,119,208
521,32,118,212
522,32,119,212
521,32,118,211
520,32,117,210
518,32,123,207
518,32,122,209
517,32,121,208
517,34,122,210
517,34,121,209
515,34,122,208
514,34,121,207
514,35,123,208
513,35,122,207
515,35,124,208
515,35,123,207
514,35,122,210
513,35,121,209
515,35,120,211
514,35,119,210
514,35,124,209
513,35,123,208
513,35,128,210
512,35,126,209
511,35,125,208
512,35,125,211
512,35,124,210
512,35,123,209
510,38,128,208
510,38,127,207
511,38,130,206
510,38,130,209
509,38,129,208
509,38,128,207
511,38,130,208
510,38,130,207
512,38,129,206
514,40,128,205
514,40,127,204
513,40,128,206
513,40,127,205
515,40,126,206
514,40,125,205
513,40,130,204
513,40,131,203
513,40,130,202
512,40,131,203
511,40,130,202
514,40,129,206
513,40,128,205
513,40,127,204
513,40,130,203
514,40,129,202
515,40,128,201
513,40,129,203
512,40,128,201
511,39,127,203
511,39,133,202
510,39,132,201
509,39,131,204
508,38,130,203
510,38,132,202
509,38,131,201
511,41,130,200
510,41,129,204
511,41,128,203
510,40,127,202
511,40,131,204
510,40,131,205
509,40,131,205
510,40,132,205
510,40,131,204
509,43,134,202
508,43,133,201
510,43,132,200
509,43,131,203
510,43,131,202
510,43,130,201
509,43,129,200
510,43,128,204
509,43,127,203
508,43,126,202
506,43,137,203
505,43,136,202
507,47,135,198
504,47,134,201
503,47,135,203
505,47,134,200
504,48,133,199
501,48,139,196
500,51,138,195
500,52,141,195
497,52,146,197
497,51,145,197
496,51,145,197
495,51,144,201
495,50,143,200
495,50,147,199
496,49,147,199
495,51,148,198
495,50,147,197
493,50,146,200
492,49,145,199
492,48,144,201
492,48,152,200
491,48,152,203
490,47,151,202
490,47,155,201
490,46,154,200
490,46,156,199
490,45,156,199
491,44,156,205
491,43,155,204
490,43,154,204
488,44,160,201
487,42,159,200
485,40,160,202
484,38,164,201
484,33,163,200
482,28,165,202
481,24,164,201
