805,351,20,13
802,342,22,14
800,337,20,14
792,331,20,14
780,324,21,15
763,319,20,15
748,315,22,14
737,309,21,15
729,305,20,14
727,303,21,15
730,303,21,14
738,302,23,15
745,302,22,15
748,304,22,14
747,307,22,15
745,314,21,14
742,320,21,15
740,327,21,14
737,331,22,16
734,337,20,17
728,344,22,18
722,354,21,16
716,365,23,14
712,372,22,16
711,380,22,16
712,385,22,18
713,391,21,16
715,396,22,15
716,398,23,16
720,398,22,15
721,396,24,16
723,392,24,17
725,390,24,16
728,386,23,17
729,381,23,16
731,375,22,14
732,372,23,15
735,373,22,15
737,375,19,16
738,382,20,14
741,388,20,15
747,397,20,14
751,409,22,15
758,422,21,15
766,432,25,19
776,446,25,16
790,454,26,21
804,458,30,22
817,462,30,23
825,467,35,24
835,473,38,27
848,479,38,28
857,484,43,30
869,487,48,35
880,492,53,33
889,493,58,35
891,492,57,37
885,492,59,38
876,488,57,42
864,489,61,41
848,490,65,41
830,494,70,42
809,499,73,45
787,504,74,51
766,512,74,51
741,518,78,51
722,526,81,52
709,536,82,52
694,547,86,55
681,553,86,55
670,559,86,54
662,569,84,52
649,578,84,55
639,591,81,53
631,598,83,53
625,603,82,51
618,607,84,51
613,608,83,53
606,610,85,54
605,610,83,54
606,608,84,53
609,605,84,54
610,601,85,54
610,601,85,54
608,603,86,53
606,602,86,53
602,597,86,53
599,590,83,55
594,583,85,58
591,580,83,57
586,576,83,56
583,574,85,56
583,574,84,56
581,576,85,56
578,578,86,56
578,578,88,60
585,580,84,60
590,581,86,56
594,584,87,56
597,587,86,55
604,589,85,57
609,590,84,61
614,589,82,62
615,586,84,62
613,582,87,60
615,577,87,59
619,573,87,56
619,570,90,55
622,566,88,54
624,564,86,54
623,561,88,54
622,559,87,54
624,557,88,54
629,554,88,55
632,550,88,55
632,545,89,55
631,539,88,55
631,533,88,54
626,526,88,54
623,517,86,54
618,505,87,56
616,494,86,56
613,482,86,57
608,468,86,57
602,455,87,57
599,442,87,58
597,428,84,59
592,417,83,60
583,407,86,60
575,399,88,55
570,393,85,53
565,387,84,52
559,385,83,53
549,376,84,57
530,372,85,57
513,367,86,56
497,365,86,56
482,364,86,57
471,362,87,57
466,361,87,57
463,361,87,57
462,363,86,56
458,363,86,56
455,362,88,55
451,360,90,55
455,361,86,55
456,358,87,57
464,360,87,52
471,362,88,53
479,367,85,53
485,375,85,53
491,387,87,53
499,400,87,51
511,413,84,50
518,426,87,51
527,436,87,51
535,446,87,51
542,453,86,50
550,459,85,51
557,463,85,51
562,467,86,53
571,471,86,52
578,477,84,52
583,478,85,56
584,481,86,56
587,479,88,56
588,481,87,55
591,483,87,55
592,485,87,55
596,487,91,55
599,488,91,55
601,488,88,54
599,486,88,51
597,486,87,50
594,487,87,50
594,488,86,48
589,488,90,48
590,488,90,48
588,489,90,49
585,494,89,51
584,500,89,51
582,501,88,54
580,500,91,58
578,498,91,56
579,497,91,56
580,499,90,55
578,502,89,55
574,503,89,55
573,504,90,56
575,507,91,57
575,512,89,57
572,516,90,57
574,521,90,57
574,527,90,57
578,533,87,56
575,537,88,56
573,542,89,56
572,546,89,56
574,548,90,56
575,554,89,50
576,553,94,50
574,552,94,51
574,553,92,51
578,551,89,50
579,551,88,50
578,551,89,49
575,553,89,48
571,555,92,47
568,556,91,49
565,557,91,51
559,557,92,53
556,558,92,53
551,556,94,54
547,555,94,51
546,553,93,51
543,548,93,52
539,547,92,49
535,543,91,46
532,538,93,45
528,534,93,45
523,530,91,44
519,524,91,44
519,519,91,42
516,514,92,41
513,510,92,39
513,503,89,40
509,498,89,40
505,493,89,39
506,488,89,40
506,479,89,44
508,475,88,42
510,473,91,42
514,467,89,44
517,462,89,43
521,458,91,43
526,455,90,43
528,452,92,44
529,450,93,45
533,447,89,48
532,445,88,50
530,440,87,52
531,438,85,49
531,437,89,50
529,438,89,50
525,438,89,50
523,436,87,52
519,435,85,52
513,435,89,51
508,435,91,51
501,435,93,50
495,438,92,49
490,441,91,48
485,442,87,52
475,443,91,56
469,445,91,55
463,448,90,50
459,451,90,49
457,456,89,48
455,459,87,48
451,463,89,48
453,470,91,46
456,473,91,47
458,476,92,46
455,479,95,47
454,481,93,50
451,481,93,50
451,482,92,47
456,479,89,51
455,482,93,52
457,481,93,55
459,481,92,54
462,482,91,54
463,482,92,54
466,481,93,54
470,480,94,53
471,479,94,52
475,479,93,51
476,477,93,51
475,474,93,51
477,473,93,50
479,469,93,54
479,467,93,54
480,464,93,53
482,462,92,54
484,459,91,53
485,456,91,53
491,453,91,54
495,449,90,57
502,444,91,58
505,442,91,51
507,440,92,50
508,437,92,50
507,434,91,49
506,433,92,48
505,430,93,47
502,427,93,47
495,424,93,47
490,421,93,47
486,418,93,47
482,415,92,46
479,412,91,45
474,409,91,46
467,407,91,47
459,406,95,49
455,404,96,47
451,402,96,47
448,401,96,47
447,399,96,47
450,398,94,47
455,398,93,47
458,398,93,47
460,398,93,47
462,398,94,46
466,399,93,45
468,398,94,45
471,398,96,45
476,399,96,46
479,399,96,42
482,398,96,42
484,398,95,42
486,399,95,40
488,400,94,40
488,400,94,43
487,400,97,43
485,400,98,43
483,399,97,41
481,398,99,41
480,398,94,41
480,396,92,41
479,396,92,41
478,396,92,39
476,394,92,39
472,394,92,40
470,394,93,40
469,391,92,39
470,389,91,38
472,386,91,38
476,384,91,37
479,382,90,36
483,380,92,36
487,376,91,36
491,374,90,36
495,372,89,36
500,367,92,39
502,367,92,39
504,367,93,35
504,367,93,33
506,364,93,33
507,360,93,37
507,358,96,37
509,355,93,37
509,352,93,37
508,350,98,37
509,344,99,40
508,339,99,40
508,335,99,41
507,330,100,41
505,320,101,45
503,322,99,39
503,318,98,39
502,312,101,39
503,308,103,39
503,304,102,39
503,298,100,41
503,295,98,42
501,291,99,42
501,287,98,40
499,285,98,37
496,279,101,39
495,277,101,38
494,273,101,36
490,270,99,36
484,267,97,36
473,265,100,36
469,262,97,37
455,259,100,37
438,263,100,34
427,265,97,33
424,270,96,32
424,270,95,37
431,274,91,37
438,280,90,38
447,287,89,35
456,296,89,33
463,302,90,34
473,307,90,34
482,311,90,35
491,317,90,35
502,322,89,35
516,326,89,35
529,330,88,35
539,333,90,38
550,337,89,39
560,343,92,35
569,347,92,35
576,351,92,35
583,351,92,40
589,358,92,37
593,363,91,37
597,367,91,38
600,370,90,39
605,372,90,43
607,374,89,46
607,382,88,44
606,393,91,40
606,397,91,40
604,403,91,40
606,410,90,38
603,415,89,36
600,419,89,37
599,424,88,35
598,427,87,35
595,430,87,35
590,432,88,35
588,433,89,37
583,432,90,40
579,436,90,38
574,439,91,35
568,440,91,35
562,440,90,36
555,439,90,39
546,442,91,37
536,442,91,38
524,442,92,41
512,446,92,36
498,444,92,38
484,450,93,35
470,451,95,35
455,453,94,34
439,452,95,37
425,450,93,39
413,450,93,40
408,448,91,43
402,445,91,45
399,443,90,49
393,443,90,49
391,443,91,49
390,441,92,49
393,438,90,52
397,434,90,54
399,431,91,56
403,428,90,57
405,425,89,60
406,421,90,62
409,417,90,65
412,415,90,65
418,413,89,66
422,408,88,69
425,405,87,70
429,401,87,71
434,400,86,67
438,396,86,69
442,394,87,71
450,394,83,72
455,390,81,76
463,389,79,76
470,390,77,74
476,384,76,80
479,384,78,81
483,382,81,84
496,382,69,83
503,381,69,83
506,379,69,85
507,379,70,85
506,378,78,84
506,378,79,84
515,378,70,83
519,380,68,85
525,381,62,88
526,380,61,88
522,382,65,88
520,382,66,87
516,382,67,86
520,383,65,86
526,384,57,86
527,386,55,80
526,387,54,79
524,389,57,78
523,394,58,73
528,400,53,74
530,406,49,77
530,419,49,78
528,432,50,78
528,444,51,78
527,461,48,73
528,473,43,72
527,486,45,73
527,506,43,65
522,514,47,70
519,524,45,73
515,538,48,72
513,551,49,68
511,562,50,65
505,571,55,60
501,578,58,59
496,582,64,60
493,587,68,58
490,593,69,54
488,597,67,51
485,598,67,50
484,598,69,48
481,598,76,40
480,592,77,35
475,584,79,30
473,574,78,28
469,566,80,25
464,556,82,24
462,549,77,23
463,543,78,20
460,535,83,21
460,528,84,21
459,522,82,24
460,515,84,30
459,513,88,33
457,517,86,34
456,524,82,35
455,532,82,37
450,539,84,45
443,544,85,50
440,548,82,52
436,550,80,56
432,554,80,56
430,555,79,57
428,553,78,61
429,555,74,62
427,552,72,65
428,550,66,65
425,538,66,74
424,530,62,82
422,522,62,84
420,518,65,87
419,515,65,88
418,512,62,87
415,504,62,90
415,499,62,92
412,496,64,91
410,492,69,90
409,487,75,90
410,480,71,92
415,471,63,89
418,465,61,92
424,456,63,96
430,450,65,96
435,445,58,94
440,431,60,96
445,417,62,96
450,404,65,99
457,399,59,98
465,393,58,97
475,389,58,97
480,384,63,96
486,382,68,97
495,382,62,95
502,381,61,95
507,381,58,95
514,382,56,94
518,381,57,94
521,383,58,92
523,385,58,87
529,385,55,91
531,386,58,91
532,388,60,87
535,387,59,87
534,385,61,92
533,382,61,95
532,384,61,92
531,387,63,91
531,390,64,91
531,394,65,90
530,394,67,91
532,393,65,96
532,394,66,97
534,396,68,97
537,399,68,97
538,391,69,105
539,393,72,103
541,393,73,98
544,385,72,103
548,383,72,103
555,383,71,100
559,377,72,102
562,376,76,99
567,372,78,96
570,361,80,100
569,349,82,101
571,344,85,96
574,338,87,93
578,330,88,95
579,325,86,91
580,319,82,96
580,307,89,98
579,311,92,97
578,312,95,92
576,311,96,89
570,310,100,95
564,309,101,98
555,312,104,94
548,318,105,91
542,324,105,86
533,324,108,85
525,324,109,88
515,330,103,84
501,336,103,77
489,337,103,74
477,331,104,81
465,333,105,78
455,334,105,74
447,332,104,76
441,329,104,81
440,332,102,77
439,335,101,71
437,334,100,70
436,328,100,74
437,327,102,74
444,330,96,68
446,334,98,62
454,331,96,62
461,328,96,64
468,323,100,67
478,322,100,63
487,323,98,63
498,324,96,61
508,327,96,58
517,329,94,58
525,332,92,57
536,335,93,58
546,339,95,59
555,344,96,60
564,349,95,62
575,355,92,63
585,357,92,65
592,358,94,69
601,360,93,72
608,363,94,74
617,369,91,73
614,369,100,77
613,374,100,77
614,376,102,78
619,379,100,79
620,381,100,80
620,381,100,80
621,382,99,79
619,382,100,79
620,379,92,82
612,375,95,82
594,369,99,82
576,361,105,81
560,351,104,81
544,342,102,80
526,334,101,80
511,325,98,84
497,318,98,85
488,311,102,85
487,305,102,85
483,301,103,85
478,300,106,85
472,297,108,85
467,295,113,86
469,293,114,89
473,286,114,91
478,278,112,92
479,271,113,91
483,267,110,87
487,263,111,87
491,258,111,90
499,254,111,90
510,251,110,86
513,245,110,85
517,243,110,85
522,241,112,85
530,241,112,86
538,242,111,86
548,243,111,87
551,244,111,87
554,248,107,83
554,253,107,76
552,258,107,79
552,260,107,82
554,265,106,84
555,274,106,84
558,284,104,81
556,290,104,82
550,299,105,83
544,310,110,86
547,320,107,88
545,331,105,88
542,342,102,88
538,348,98,87
535,354,96,86
522,358,99,89
515,361,102,89
508,365,105,91
507,366,104,91
503,369,103,89
498,370,96,88
488,372,96,87
480,377,96,86
474,383,100,86
469,389,100,89
464,397,102,89
460,403,98,88
455,407,96,87
451,416,97,83
451,427,95,83
447,439,100,86
447,452,97,88
445,463,98,92
447,468,97,95
450,477,95,91
451,483,96,91
455,486,92,91
457,490,94,93
459,495,92,94
463,499,88,92
460,497,91,92
459,495,93,92
456,491,96,92
454,487,97,92
457,485,95,91
457,476,91,94
455,470,89,92
449,464,89,91
446,457,90,87
444,451,87,88
440,443,87,89
437,432,89,91
432,423,88,91
426,412,93,92
423,402,91,92
425,395,91,92
429,389,83,94
436,384,80,95
436,377,84,95
436,369,91,95
440,363,91,94
447,354,88,92
451,347,89,90
457,340,92,90
462,334,92,88
467,329,92,88
472,327,88,85
473,323,90,85
475,319,92,85
478,316,91,85
482,313,88,85
483,312,90,85
482,311,93,90
487,312,89,85
490,311,91,88
493,311,89,89
495,310,90,89
495,308,93,89
496,308,94,88
500,309,92,88
504,311,91,87
510,311,87,91
511,312,89,92
514,312,90,92
517,314,92,92
516,318,96,89
520,321,95,91
524,325,95,94
533,330,93,93
543,337,85,93
543,344,90,94
544,350,92,94
542,358,93,91
542,365,94,90
546,372,89,90
547,378,91,95
546,384,93,95
544,392,96,89
544,402,93,85
543,416,93,79
541,426,90,81
543,435,93,77
545,439,93,81
545,445,91,80
544,451,88,80
544,453,92,82
544,456,90,83
545,455,89,83
544,453,87,85
539,451,90,84
536,450,89,81
538,446,87,80
538,440,88,83
535,433,89,83
533,428,86,83
529,426,86,83
523,421,89,78
516,419,92,80
512,413,92,83
510,408,91,83
499,402,97,85
492,397,91,85
482,394,90,81
469,393,93,83
461,390,95,84
452,386,91,84
441,384,88,85
426,389,92,81
415,388,93,83
407,391,95,84
399,393,97,85
393,396,97,82
390,398,93,82
382,400,97,83
378,398,97,80
378,398,98,83
380,401,93,84
382,405,92,85
383,408,94,87
384,411,96,87
387,422,92,78
393,426,93,82
394,431,96,90
397,438,97,92
399,446,98,86
408,448,92,89
415,446,97,90
421,444,95,90
429,449,91,87
433,447,96,85
439,446,97,80
445,444,102,78
457,446,100,78
466,444,105,84
480,442,101,85
495,445,97,80
506,442,99,75
520,436,98,77
536,434,101,78
548,432,100,80
558,430,96,80
567,430,98,78
577,435,97,77
587,434,99,82
595,430,99,85
602,428,99,84
608,427,96,80
609,425,100,78
608,420,105,81
611,418,105,81
614,418,106,80
616,416,106,82
617,415,107,80
618,410,108,76
617,409,108,67
617,405,112,69
620,399,109,71
624,392,110,68
629,385,105,72
633,379,104,72
637,373,102,73
635,369,105,69
637,364,105,69
641,359,105,73
644,357,103,71
646,352,102,72
647,349,102,77
649,346,99,80
648,347,96,74
648,346,98,78
648,346,98,75
642,346,102,77
640,350,101,76
640,351,104,74
636,353,107,70
633,358,102,65
621,362,105,67
608,368,106,67
594,375,106,67
580,383,104,66
570,391,104,67
559,401,103,67
549,408,101,67
535,416,103,67
524,422,103,71
514,426,101,73
503,431,101,71
494,436,101,71
487,442,99,73
481,449,99,73
467,457,106,71
461,465,102,68
452,470,107,67
446,473,112,68
445,471,111,74
446,468,108,75
447,465,104,75
440,460,107,74
437,455,110,71
439,448,108,69
440,440,108,69
441,431,108,69
441,423,108,69
442,415,108,69
442,408,109,64
447,401,106,63
453,393,105,67
457,386,105,70
465,381,102,71
469,375,101,71
471,372,105,74
479,368,104,77
489,367,99,77
496,368,99,79
498,373,101,77
502,377,101,74
508,382,101,74
511,393,101,76
513,400,101,76
516,410,101,71
518,417,102,68
521,426,103,68
521,433,105,73
521,440,106,71
521,444,106,70
519,446,107,69
519,445,106,64
518,443,105,62
514,438,104,61
510,434,101,60
503,430,101,58
493,428,105,59
487,428,105,60
484,427,107,63
483,429,103,63
480,428,103,64
474,428,102,63
467,428,106,69
464,430,105,66
461,429,108,70
463,431,106,72
462,431,106,79
467,431,105,84
469,432,105,83
468,433,105,81
467,435,107,81
467,436,108,85
463,438,114,86
464,440,116,80
466,441,117,75
472,443,115,73
473,445,115,73
479,444,115,73
484,444,115,78
488,444,118,78
495,446,116,75
501,446,113,75
506,446,113,80
511,445,113,81
517,444,113,77
518,443,116,74
520,441,116,72
523,438,116,73
526,435,115,75
527,433,114,75
526,429,114,75
523,429,114,70
517,426,117,65
517,422,115,65
512,420,116,65
506,418,117,67
503,414,118,70
499,412,118,70
495,411,118,69
490,409,118,69
485,407,119,70
481,406,119,70
474,406,120,68
472,408,119,64
471,408,114,66
465,410,117,68
456,409,119,75
450,413,118,71
441,415,118,71
433,417,117,70
428,419,116,72
423,420,118,74
415,420,120,75
407,423,120,73
405,424,120,73
406,424,120,73
410,425,119,72
416,426,115,65
419,427,115,65
421,426,115,68
423,426,115,70
423,425,117,65
426,423,120,64
435,420,119,63
441,417,118,63
444,411,118,66
447,405,121,67
451,398,121,71
456,391,121,71
458,387,123,72
459,383,123,68
460,380,123,66
462,377,123,66
463,373,124,66
466,370,124,66
469,367,123,67
472,365,122,69
471,363,123,66
471,361,123,66
471,360,124,65
473,360,122,64
478,359,121,63
482,355,121,66
487,353,120,67
487,351,121,66
487,351,121,60
490,351,123,60
497,348,123,60
502,347,124,65
510,346,124,64
514,343,125,65
518,344,126,59
523,342,126,62
527,341,128,62
531,340,128,64
540,341,127,63
542,340,127,63
547,338,126,65
550,337,125,64
548,335,125,61
545,330,127,58
543,325,130,56
542,319,131,56
536,312,132,57
528,309,133,57
514,307,133,55
498,308,134,51
487,305,134,49
467,301,134,51
447,296,135,51
423,291,138,51
398,287,138,55
374,286,138,52
351,283,137,51
331,278,137,51
316,271,137,52
304,271,136,50
287,273,138,43
272,271,138,43
259,271,135,44
248,272,135,44
239,271,135,46
231,270,137,51
229,271,133,51
224,278,136,48
221,280,136,49
219,284,135,50
216,285,134,56
217,295,134,53
222,308,131,51
220,320,132,53
216,336,134,53
217,349,129,55
211,369,133,51
210,387,134,48
206,399,132,47
204,409,132,51
206,416,134,57
209,426,133,55
207,436,137,54
208,441,137,57
217,448,135,57
225,457,135,55
232,462,135,57
240,467,138,62
247,472,137,63
252,486,140,54
265,491,137,50
280,489,137,50
295,484,136,51
311,477,132,54
322,469,135,57
336,458,135,56
348,444,135,55
361,432,137,58
373,418,139,58
385,403,140,58
394,388,140,61
403,374,139,68
409,363,140,70
415,354,140,78
419,360,142,76
420,374,141,70
422,388,141,64
425,396,139,62
427,398,139,63
431,398,136,67
433,395,137,73
438,390,136,79
443,393,137,77
452,395,137,75
463,394,135,71
472,394,134,66
477,386,135,67
483,372,135,75
484,355,135,80
484,351,133,73
481,345,135,70
481,332,132,73
478,315,135,78
476,295,136,84
475,282,137,82
476,271,135,77
475,259,136,70
477,237,135,75
477,219,133,72
475,199,135,78
476,181,134,83
477,170,135,83
477,162,135,82
478,157,134,80
479,156,133,78
480,151,133,76
486,147,133,77
494,139,129,87
499,139,134,98
505,176,135,100
516,231,132,89
522,270,134,88
528,308,133,79
532,326,133,79
531,336,137,97
531,351,135,96
527,369,131,87
522,381,129,81
518,382,130,86
513,380,126,92
497,374,132,98
487,370,130,102
474,375,129,94
457,380,130,88
440,388,132,87
429,388,126,83
414,374,127,92
398,356,130,101
387,352,130,100
371,356,133,90
353,354,131,86
337,347,131,90
328,337,128,93
319,325,126,99
306,317,128,98
296,314,127,96
288,309,127,92
287,301,123,93
285,288,124,101
286,279,125,103
288,277,128,99
294,277,124,91
299,272,126,99
307,261,125,106
315,260,127,104
326,258,128,103
337,258,130,104
355,266,128,103
377,271,125,100
392,277,126,98
407,275,122,103
419,273,122,111
431,271,119,121
442,274,118,118
449,287,119,109
456,300,121,105
464,309,119,103
472,317,115,104
474,323,118,119
478,336,117,113
480,349,119,109
486,355,115,109
486,356,115,108
494,360,110,114
492,363,113,120
493,371,114,120
493,375,111,120
489,376,112,120
482,371,114,126
480,373,109,119
472,367,107,121
459,363,107,118
442,352,108,123
423,348,114,123
412,340,112,125
403,334,112,124
401,323,106,128
398,318,106,128
397,312,106,126
395,312,105,125
392,312,105,125
391,311,108,125
398,318,107,119
408,313,101,126
411,307,102,138
417,308,103,136
426,310,104,136
435,310,104,136
440,311,104,136
446,312,104,136
453,316,107,136
465,322,104,131
475,326,103,131
488,331,101,130
498,336,98,132
506,341,99,131
510,345,101,135
516,347,101,135
523,352,101,136
530,354,101,135
537,354,101,135
544,352,100,135
553,351,97,135
559,350,99,134
566,346,99,137
571,340,101,137
575,335,99,131
580,330,100,127
586,325,97,126
595,321,94,126
599,305,93,134
608,296,87,136
608,288,90,140
607,285,95,139
606,280,97,138
612,274,92,139
612,268,96,138
612,264,99,138
613,264,104,137
617,262,99,137
616,261,100,139
615,268,99,136
613,271,102,135
610,276,103,131
606,274,102,130
601,268,108,142
597,269,110,144
593,276,110,144
589,287,109,143
582,295,114,143
573,297,117,140
570,296,119,143
568,296,114,145
569,293,109,149
561,294,113,150
554,298,115,144
549,298,118,143
542,298,119,142
537,289,118,147
537,283,113,150
540,282,108,150
540,283,110,142
539,281,110,138
535,270,118,146
536,268,119,145
537,267,120,144
543,265,114,143
547,266,116,142
553,265,115,143
558,257,111,149
557,255,112,149
556,264,116,142
559,264,116,142
561,260,117,144
567,252,109,148
567,248,111,149
567,249,115,148
569,249,117,147
570,251,117,141
570,251,117,140
570,251,118,137
576,243,117,137
573,233,120,139
574,221,120,140
574,209,121,145
571,208,123,141
568,208,117,141
556,208,121,141
547,209,124,141
545,213,119,141
542,217,121,141
539,219,120,136
535,211,121,142
534,204,121,146
529,207,126,141
522,208,130,134
518,211,130,128
513,209,132,129
513,201,132,133
512,199,133,132
511,202,132,131
512,198,132,130
515,190,127,131
517,176,127,137
519,167,128,137
519,167,127,133
517,169,127,128
514,168,127,127
512,161,126,137
513,164,126,137
518,170,126,139
525,184,125,134
528,195,125,128
528,204,125,128
528,215,124,127
531,224,124,127
536,241,123,118
540,250,126,119
540,255,130,126
543,259,134,132
550,270,134,130
553,277,132,126
553,286,134,120
551,290,137,119
549,297,137,116
547,300,140,115
547,296,138,124
547,295,138,129
547,306,140,121
544,313,140,117
541,317,135,119
532,311,136,128
523,311,137,130
509,321,134,122
494,327,137,116
483,339,137,107
476,342,136,106
472,337,134,114
468,333,135,122
466,329,133,127
464,335,130,121
459,344,135,112
454,341,138,115
450,335,138,116
446,340,135,108
441,343,135,102
434,334,135,110
429,325,135,117
428,322,134,119
430,324,135,114
436,325,132,110
445,324,133,114
449,321,136,119
455,326,141,110
463,321,144,117
476,314,141,122
486,313,143,126
495,317,141,119
502,320,140,118
508,322,141,118
510,325,144,118
517,329,146,116
528,333,138,115
535,340,139,109
541,336,142,117
543,334,144,123
548,343,145,118
553,347,146,117
563,352,141,115
575,355,136,118
580,354,136,123
586,362,139,120
589,370,145,115
590,374,149,116
600,378,150,118
606,385,150,113
612,394,146,106
617,399,145,102
613,392,144,111
606,393,146,113
598,394,146,109
589,398,147,106
578,396,147,107
566,394,143,108
551,390,143,109
536,387,145,110
525,378,139,117
515,375,140,118
503,374,140,118
494,373,142,114
488,375,139,108
483,378,140,101
479,377,138,96
475,368,141,99
473,355,144,106
474,352,144,103
476,356,141,93
479,359,141,81
483,348,139,87
483,335,141,95
482,319,144,104
487,307,143,110
491,300,141,112
495,298,142,106
499,293,142,110
506,290,147,109
518,296,142,100
526,290,142,101
539,286,141,100
546,288,141,96
553,283,145,96
559,279,146,96
564,269,144,103
567,264,143,105
569,264,141,101
570,261,142,102
575,257,135,103
574,249,136,110
573,248,142,110
574,257,135,101
573,255,138,104
569,253,138,101
563,245,135,108
560,243,139,108
555,241,139,108
549,244,141,103
549,243,138,106
546,243,134,106
542,251,136,98
536,252,140,96
530,245,140,104
522,235,140,115
518,231,141,118
511,239,139,112
510,247,135,103
501,250,139,101
498,242,135,109
492,235,137,117
489,233,139,119
487,240,139,114
486,251,139,106
486,266,138,97
485,274,141,99
487,280,137,103
482,294,140,98
485,298,137,104
483,300,142,112
482,302,139,119
483,322,139,106
477,335,146,101
479,343,138,100
475,342,139,107
471,340,139,113
467,339,139,115
463,342,139,114
461,352,138,103
458,347,134,108
450,345,135,109
442,341,139,115
437,343,138,111
436,346,136,107
433,337,134,113
432,334,135,115
429,332,138,115
425,334,139,110
426,344,142,99
432,339,136,100
440,329,138,107
440,318,143,114
448,313,139,118
452,317,144,109
460,319,142,102
471,317,141,100
479,309,141,109
487,302,141,113
493,305,140,107
497,304,141,102
503,301,140,105
509,292,138,114
517,290,137,113
524,294,137,108
530,297,137,108
533,295,137,101
540,295,142,101
546,290,140,108
552,283,138,113
556,286,136,108
558,294,137,99
557,296,137,99
555,297,137,99
549,295,140,101
543,290,139,107
540,287,137,110
537,295,136,101
532,298,136,101
525,293,133,105
516,287,134,113
504,289,136,110
496,292,129,109
483,295,132,107
471,296,137,106
463,300,137,102
457,296,132,110
445,290,132,114
430,290,137,113
424,293,137,111
426,301,133,101
424,302,136,100
421,304,133,100
417,296,136,108
417,292,137,110
417,301,140,103
420,306,141,96
425,303,137,102
428,295,139,111
431,294,139,111
435,305,135,100
435,308,136,99
436,305,137,106
433,302,139,113
431,313,140,103
423,321,139,98
419,321,135,100
413,321,138,100
405,323,141,102
398,326,141,99
392,323,139,103
384,322,142,105
376,333,142,94
367,339,142,89
356,348,143,81
343,347,148,84
335,347,145,85
326,344,144,91
314,344,145,93
303,349,146,90
294,355,145,85
287,357,145,84
280,355,144,88
271,361,148,83
258,372,157,73
260,375,154,70
265,377,155,68
271,377,158,68
285,375,152,69
303,374,150,70
319,370,149,72
334,367,148,75
346,364,151,78
362,361,151,78
376,358,151,78
391,357,151,76
398,355,151,77
405,352,153,76
416,345,148,82
423,339,149,86
427,334,153,87
435,331,153,87
448,325,152,91
463,322,147,91
475,315,147,95
481,312,149,95
489,308,151,94
499,301,149,99
507,296,149,100
516,292,149,100
533,289,140,100
540,285,140,100
546,282,140,102
560,278,131,105
562,275,136,108
565,273,138,108
567,271,138,108
569,269,138,108
569,267,140,108
570,267,139,107
570,270,138,106
571,274,131,109
574,276,124,113
571,283,123,112
567,294,122,108
561,307,123,106
553,317,122,109
552,328,108,110
543,336,108,110
532,343,109,109
520,351,115,109
516,359,110,108
509,365,108,108
505,370,103,108
493,375,107,108
480,381,107,106
475,385,104,105
476,388,98,105
480,390,89,104
472,391,94,104
469,394,94,106
480,394,82,105
487,394,75,105
489,393,70,107
480,393,74,107
472,398,76,102
465,403,78,99
465,406,71,98
459,409,72,97
457,407,66,93
450,402,67,95
450,405,58,91
445,398,53,97
435,394,57,94
431,391,57,97
425,390,61,96
423,388,61,95
421,387,63,94
421,382,68,96
423,376,70,97
428,373,73,97
434,370,73,93
439,369,79,90
445,366,84,84
453,364,86,84
460,363,87,82
466,361,93,75
471,362,98,75
475,360,103,77
478,360,103,72
478,361,103,66
476,360,106,69
478,359,106,74
483,359,110,74
487,360,115,68
484,360,122,67
480,360,122,68
474,359,123,70
466,359,121,76
461,361,121,70
457,363,125,65
455,368,124,59
449,375,129,56
445,378,131,65
443,384,134,69
447,391,133,63
448,399,132,58
444,406,131,60
442,412,129,63
442,419,131,70
441,425,135,65
435,431,138,63
432,438,140,56
429,445,139,56
423,453,138,58
416,457,142,63
411,460,142,65
405,465,142,55
395,470,145,47
392,474,145,49
394,475,141,64
396,473,142,66
399,470,144,67
405,468,139,72
404,465,135,76
401,464,138,84
404,466,138,88
421,469,126,92
434,470,125,92
445,476,131,77
452,477,133,70
455,477,133,72
458,477,133,78
460,474,133,89
459,472,136,93
455,467,138,89
455,461,136,89
457,456,135,82
458,455,141,77
455,454,140,70
454,448,141,72
451,443,144,71
451,435,142,66
455,427,143,65
461,419,144,65
467,409,144,67
473,402,145,69
480,398,145,74
486,395,144,76
488,392,146,72
491,390,147,73
500,390,150,78
509,392,152,82
517,392,152,84
520,393,155,88
522,394,153,93
526,397,149,95
533,405,146,102
548,409,146,101
557,413,156,101
562,419,158,98
563,426,159,99
554,433,156,100
543,441,160,94
538,448,159,88
536,454,159,92
531,459,155,99
519,466,161,103
503,473,162,102
488,478,158,103
479,483,159,100
475,491,162,101
467,498,161,105
455,501,158,112
449,502,157,114
445,501,154,114
440,498,153,114
439,495,160,112
439,488,163,115
437,480,161,114
433,470,161,106
430,457,158,103
428,443,164,104
426,429,165,105
422,416,167,106
418,403,167,105
416,388,165,102
419,378,158,106
418,366,154,115
414,358,153,115
412,353,160,116
416,350,161,116
422,346,156,116
429,342,152,117
433,338,158,121
435,334,165,125
445,332,165,124
458,330,161,124
474,330,162,123
491,330,161,122
510,330,160,128
532,330,160,128
551,329,168,128
569,328,171,127
593,328,166,126
614,328,166,129
632,328,165,131
652,327,163,135
670,326,161,139
686,326,158,138
698,326,155,138
712,326,155,138
720,329,159,137
721,337,158,127
711,348,158,130
688,365,153,125
667,381,152,123
654,394,151,122
646,408,150,121
636,420,150,121
625,431,148,124
617,438,147,124
612,445,150,119
610,452,149,120
610,461,145,119
609,467,144,121
610,473,149,124
610,481,149,125
607,489,151,132
606,491,143,136
609,497,140,135
615,503,145,134
617,507,145,134
620,508,136,134
617,513,132,132
620,512,135,139
627,512,138,138
631,508,143,138
635,503,130,137
634,498,128,137
629,492,124,136
621,485,119,138
616,476,121,146
613,470,123,146
614,463,123,151
610,458,117,151
602,456,121,150
594,455,120,149
586,456,124,149
579,457,125,149
576,456,122,139
573,455,115,134
567,454,113,137
556,453,117,146
543,457,121,153
536,459,119,153
532,462,121,147
533,461,114,146
533,460,107,146
529,458,105,145
523,455,104,150
520,451,110,151
517,445,105,151
518,438,103,151
517,430,100,151
513,425,104,145
506,419,109,147
502,413,108,156
501,408,110,160
502,403,109,159
505,398,104,150
505,393,104,150
502,391,103,151
500,390,97,157
500,389,92,156
502,386,100,158
503,387,103,157
502,385,105,157
498,382,104,150
494,382,98,142
484,383,99,142
476,384,99,148
472,386,99,143
469,388,92,142
464,389,102,145
461,390,102,145
460,393,102,145
460,394,100,141
464,396,100,134
467,400,103,128
470,400,104,121
476,404,104,121
481,407,113,121
488,408,119,120
499,407,124,117
507,405,130,115
515,402,125,111
523,402,124,110
529,400,127,106
535,396,128,105
542,394,122,103
551,394,131,102
555,393,138,97
558,393,142,86
560,391,142,85
561,388,145,83
562,388,144,78
561,388,155,73
562,392,154,69
564,397,147,64
565,400,154,60
564,404,162,56
564,406,164,46
569,410,164,48
574,413,166,53
578,414,167,59
584,413,171,52
589,411,173,44
590,406,173,39
593,401,172,38
597,395,166,47
605,388,163,42
610,382,166,45
611,376,163,44
608,367,159,55
608,360,161,63
610,347,161,74
608,344,155,74
598,340,154,78
591,341,150,79
586,337,146,86
580,329,147,98
577,321,143,105
572,319,135,109
573,322,141,109
569,334,145,105
571,336,144,105
576,331,137,110
578,327,133,113
581,316,128,125
583,316,122,123
586,320,128,117
587,315,143,120
586,311,140,118
584,298,127,122
586,289,117,121
588,266,132,132
601,243,135,139
609,219,129,149
616,201,119,151
623,185,116,154
628,175,107,151
632,166,115,153
629,157,130,157
625,141,148,171
633,138,133,173
631,139,115,175
629,143,103,179
629,152,106,177
621,155,107,181
618,162,117,181
617,168,124,182
609,171,133,190
605,180,118,185
601,192,116,184
594,203,108,184
584,212,104,184
573,220,105,181
562,226,106,181
553,230,98,185
543,239,100,177
535,237,99,181
533,243,95,174
527,240,95,175
522,232,94,174
518,223,93,173
514,219,92,172
514,214,93,172
514,207,97,172
517,203,103,175
519,200,107,178
513,202,117,177
511,204,118,177
508,207,125,181
511,199,126,191
515,200,131,197
520,207,133,196
523,210,137,196
517,212,148,198
518,208,151,201
525,201,147,208
525,198,151,206
524,199,157,204
530,205,161,191
535,196,160,190
522,183,177,196
523,177,177,189
527,170,173,189
521,164,178,192
514,149,182,206
516,165,174,190
512,169,174,195
510,178,171,192
497,191,180,183
500,185,174,199
493,187,174,199
487,208,176,178
482,222,178,178
481,230,176,177
476,220,175,191
476,207,177,208
474,221,176,197
