36,166,294,73
57,165,294,76
83,171,282,69
102,172,276,70
105,163,276,87
105,158,281,98
111,152,275,104
119,157,264,89
134,163,249,84
149,163,234,84
162,161,225,89
181,149,208,104
203,136,192,113
229,127,181,115
259,116,171,127
288,117,161,123
320,122,149,103
339,134,141,91
360,145,120,77
385,153,95,73
392,153,88,70
404,137,76,77
415,133,65,78
414,133,66,83
401,135,79,86
395,136,85,88
383,146,83,78
368,159,73,54
374,171,46,36
374,173,38,36
366,174,20,22
0,0,0,0
0,0,0,0
264,184,41,33
254,187,49,36
246,193,63,33
240,197,67,31
230,200,79,30
224,200,80,33
216,198,85,35
206,196,84,32
203,189,81,38
192,188,88,36
187,190,81,36
177,192,78,33
172,195,75,31
168,197,73,31
158,197,82,31
155,194,79,31
151,192,82,30
143,193,84,31
139,196,81,28
139,196,74,25
131,195,77,27
128,195,74,27
125,195,75,28
127,195,75,32
121,196,76,33
116,194,76,35
111,195,79,35
110,194,77,35
107,195,75,29
111,194,68,33
116,194,60,31
109,194,68,29
110,194,62,31
110,194,62,31
119,196,51,32
122,199,46,29
0,0,0,0
0,0,0,0
0,0,0,0
113,213,34,21
117,215,45,21
121,214,55,20
123,213,58,21
125,213,59,21
126,212,64,22
127,215,63,23
128,217,66,28
131,219,66,32
135,220,66,32
137,222,65,30
142,222,63,32
145,221,59,33
145,221,61,34
146,223,62,33
151,228,56,29
157,230,53,24
159,228,48,22
144,226,57,27
151,223,51,27
156,221,40,32
151,222,56,31
150,224,59,27
147,226,60,30
144,229,60,28
137,233,60,27
130,235,60,29
132,233,51,34
123,233,57,38
121,232,47,39
117,231,45,37
113,232,41,34
107,232,39,32
104,232,38,31
99,231,40,33
89,231,44,35
85,231,44,39
84,227,46,44
86,225,50,44
87,224,46,41
92,223,37,43
97,222,33,41
103,220,32,40
108,220,29,37
111,216,34,41
112,211,38,43
118,208,36,43
128,207,38,44
143,200,35,48
156,193,35,50
162,186,38,54
175,181,36,49
184,175,37,46
193,172,37,45
203,168,38,47
212,166,39,47
220,166,38,46
226,166,37,44
229,163,41,46
232,157,38,59
234,154,37,64
232,150,37,68
229,149,37,64
224,150,41,61
219,152,40,63
211,152,42,61
202,153,45,59
194,157,48,60
184,162,53,61
175,168,59,60
169,166,65,62
157,160,75,71
147,156,83,76
137,154,92,76
127,156,101,71
119,155,107,67
114,150,114,68
111,146,120,76
111,144,127,77
115,142,135,81
116,145,143,75
122,152,149,63
125,146,152,74
129,139,152,81
128,136,155,80
134,136,155,80
139,142,158,77
148,150,158,74
160,156,155,79
169,162,149,81
175,164,149,91
181,166,152,93
180,175,158,86
177,188,168,79
179,198,174,78
179,202,181,81
181,206,180,79
186,210,172,78
191,215,168,75
190,215,164,83
185,215,164,79
177,222,170,78
162,232,174,81
154,231,174,106
140,229,177,108
131,230,177,115
111,229,189,118
93,229,197,113
73,233,209,98
53,237,217,96
35,234,230,102
15,233,240,106
1,227,242,127
1,226,225,130
1,224,222,135
1,216,216,143
1,203,211,152
1,192,214,149
1,187,233,143
1,192,251,134
1,191,270,123
1,176,299,133
1,170,319,144
1,163,328,156
11,154,341,159
34,151,334,156
29,159,327,147
37,161,308,141
51,148,308,138
59,135,308,141
68,119,314,138
79,100,314,141
100,78,307,162
105,72,307,175
113,71,313,182
127,69,306,190
129,82,300,183
125,102,294,172
122,115,294,168
122,118,282,146
114,120,277,146
111,120,261,140
110,112,251,127
103,93,251,127
106,87,246,130
106,79,246,149
109,79,246,161
115,87,241,168
121,98,231,168
128,113,221,158
128,132,220,143
134,143,220,124
142,145,207,124
149,146,195,122
157,146,191,117
169,132,184,115
179,126,180,118
187,118,176,131
197,113,172,139
202,118,165,145
212,128,159,142
217,134,150,141
224,143,136,135
227,144,131,132
233,146,118,124
239,147,109,124
245,150,99,110
249,148,91,106
250,144,89,110
255,140,87,119
258,133,82,126
260,129,77,134
263,127,73,137
264,129,68,134
266,132,62,129
267,137,59,121
267,138,56,112
267,138,53,110
265,142,52,110
264,144,49,110
263,151,45,108
264,153,41,104
264,153,37,96
262,157,36,85
263,159,32,83
261,164,32,80
261,165,32,83
261,165,34,88
262,160,35,90
263,159,35,87
266,160,36,85
267,164,37,82
268,168,40,80
269,170,42,78
270,169,44,72
272,169,41,69
273,168,42,69
273,168,42,69
275,170,43,67
277,171,42,67
279,170,41,66
279,170,42,70
280,170,41,71
281,172,41,74
282,172,41,76
283,175,41,75
283,175,43,72
283,176,44,70
283,177,45,70
284,178,45,69
285,180,44,68
285,182,44,67
286,185,43,66
286,185,43,66
286,185,51,66
287,187,53,67
287,184,54,71
286,184,55,71
286,185,55,68
287,185,54,69
287,184,55,70
288,184,54,70
288,184,55,70
290,184,54,70
290,185,55,67
290,185,56,67
291,185,56,70
291,185,57,70
291,186,59,69
293,186,58,70
293,187,59,69
293,188,59,68
294,188,58,68
294,188,59,68
294,188,59,68
294,188,59,68
295,188,60,68
295,188,60,67
295,188,60,67
296,188,59,67
297,188,59,67
297,188,60,67
298,188,60,67
298,188,61,67
298,188,60,67
298,188,60,67
298,188,60,67
298,188,60,67
298,188,60,67
298,188,59,68
298,188,59,68
298,189,58,68
298,189,58,69
299,190,56,68
296,190,58,71
296,190,56,71
292,191,57,71
290,191,57,67
287,191,58,67
284,191,58,67
282,191,58,67
279,191,58,67
276,191,60,68
275,191,58,68
274,192,59,68
274,189,58,68
274,189,57,69
272,190,58,68
270,190,59,70
270,190,58,70
266,190,59,71
263,190,60,72
261,192,58,68
260,187,57,71
257,187,57,71
253,184,58,75
250,183,59,74
250,183,59,74
250,184,59,74
250,184,59,74
248,184,58,75
251,184,53,71
248,181,53,71
244,175,55,71
243,171,55,71
243,170,53,69
241,171,51,67
239,173,49,64
235,173,51,68
230,176,55,68
227,179,57,68
225,178,58,70
222,178,60,73
223,180,58,73
222,181,58,76
220,179,60,74
219,179,61,72
219,179,61,72
220,178,61,73
224,178,60,73
228,180,58,72
231,180,58,73
235,180,56,73
234,180,57,74
233,180,58,75
233,179,57,77
228,180,60,79
226,183,60,77
224,187,60,72
221,190,61,73
218,192,62,74
218,191,61,75
216,191,60,75
214,189,61,78
209,189,64,78
211,190,61,76
210,189,59,74
210,189,59,74
210,189,58,74
208,188,60,71
208,188,61,72
206,187,63,75
206,189,61,75
206,188,62,77
206,190,61,77
206,190,61,77
206,190,61,77
205,188,62,80
206,185,62,77
206,181,62,77
206,179,62,77
210,176,60,76
209,177,61,76
206,175,62,75
201,173,63,75
198,173,63,74
193,171,64,76
188,172,67,78
185,175,67,77
184,175,66,75
183,174,65,73
182,175,64,73
183,171,63,72
188,168,60,71
192,161,60,69
195,154,59,72
196,149,60,70
199,143,60,73
201,138,62,75
200,139,62,75
200,139,62,74
201,137,60,74
199,135,61,76
199,134,62,78
194,135,62,76
190,133,65,76
190,133,64,74
190,133,64,74
187,134,63,76
176,138,65,77
177,138,64,77
180,139,63,78
180,141,63,81
180,145,62,79
180,142,64,79
179,138,67,79
177,137,66,80
178,138,67,85
182,142,67,85
184,147,68,86
189,151,68,86
195,155,65,85
199,155,66,84
203,156,65,84
203,156,68,87
203,156,68,87
203,155,68,85
202,154,67,86
198,154,68,83
196,154,69,86
196,151,68,91
197,151,71,84
199,146,70,91
201,144,70,89
203,140,70,89
205,136,70,87
204,136,73,89
207,135,71,89
207,133,70,89
206,128,70,90
201,127,72,92
198,123,73,92
195,121,72,94
192,120,72,92
187,117,73,92
183,121,72,90
182,121,72,88
178,123,73,92
175,125,73,92
172,125,73,92
173,126,72,90
173,126,72,92
173,124,72,96
173,126,72,92
172,128,73,94
169,128,74,94
169,130,75,92
169,130,75,92
169,130,74,90
169,130,72,92
166,128,75,92
167,131,73,92
166,133,76,94
168,136,73,93
170,138,74,93
172,140,75,93
174,142,75,91
173,138,78,97
173,140,78,95
173,142,78,95
173,142,72,95
175,143,70,97
176,144,70,97
180,147,68,91
183,149,68,87
184,152,70,85
185,153,72,88
186,156,72,83
186,160,77,83
187,164,76,78
188,167,78,77
189,165,77,78
190,164,72,79
192,157,68,77
196,154,60,75
197,145,58,87
197,144,56,90
197,140,56,90
197,140,56,90
201,147,53,80
204,154,50,85
204,159,51,92
198,141,57,108
197,142,61,108
197,151,61,104
198,152,62,102
197,147,63,104
200,144,60,108
205,144,60,108
211,149,56,106
209,147,63,117
214,146,63,132
214,139,68,182
217,141,69,186
217,139,75,189
209,141,90,219
197,144,110,216
182,148,146,204
169,142,175,208
144,142,213,192
131,146,245,196
129,155,265,204
129,173,281,187
135,177,275,183
151,162,280,198
171,152,292,208
170,152,310,208
175,152,305,208
174,156,306,204
165,158,315,200
152,170,328,190
142,172,338,188
122,176,358,184
93,183,387,177
68,183,412,177
62,165,418,195
64,160,416,199
70,160,410,199
70,160,410,200
48,172,426,188
37,164,409,188
26,142,400,200
15,119,391,208
19,104,376,225
28,95,361,225
53,88,333,225
66,95,320,208
86,102,295,196
130,118,266,160
160,120,246,151
190,120,218,151
221,111,201,163
245,98,185,183
259,103,174,186
279,109,160,190
278,116,163,183
270,127,170,179
272,136,164,165
281,136,151,122
278,124,142,134
271,112,139,134
268,102,134,121
260,99,131,136
252,105,125,138
241,109,125,144
225,106,120,133
208,101,122,118
193,99,132,115
177,100,138,112
175,101,135,112
186,99,127,108
178,101,132,102
166,100,138,92
156,98,150,78
146,93,166,83
135,94,179,85
136,93,183,90
156,92,168,81
173,93,158,57
209,90,124,58
225,79,107,65
243,66,86,75
251,67,113,75
256,68,119,78
261,73,124,82
269,85,122,78
277,99,124,59
281,94,124,51
299,85,116,46
308,83,119,46
310,82,123,50
303,85,128,57
299,87,136,56
292,87,139,50
290,84,131,49
292,87,118,46
283,87,120,46
284,88,111,44
286,87,99,41
270,76,105,55
265,83,103,51
258,82,107,55
256,84,107,50
250,93,107,46
246,99,111,46
247,102,109,53
240,103,113,56
235,105,115,53
222,105,120,55
208,108,125,50
199,113,130,50
194,119,130,51
191,124,129,50
193,134,123,49
191,143,118,52
192,143,109,56
186,137,108,64
184,132,101,66
183,123,95,70
181,116,91,70
185,111,82,69
183,108,80,67
194,105,87,68
194,106,94,73
189,106,98,74
189,105,92,75
187,106,98,78
183,113,98,74
183,117,98,72
185,140,92,48
186,130,92,45
185,122,94,46
186,110,120,55
189,113,113,59
191,120,106,62
184,128,106,60
183,126,102,60
180,121,104,58
175,116,106,56
175,109,108,57
173,106,105,56
172,103,107,58
172,103,109,58
173,107,107,58
175,110,109,58
178,112,109,60
182,113,109,59
191,113,109,59
195,119,114,55
199,123,114,55
201,132,114,54
204,133,114,55
206,132,119,55
218,133,112,54
226,132,114,54
230,128,114,54
234,123,116,54
241,120,111,51
243,119,115,52
248,118,111,53
250,117,115,53
253,115,115,52
255,116,113,51
257,115,116,52
262,115,113,51
262,113,116,52
265,113,113,52
265,118,113,50
265,122,116,50
266,123,115,50
267,123,115,51
263,123,117,51
254,118,117,53
251,114,117,52
247,110,119,52
238,111,117,51
231,107,115,51
224,98,115,52
224,98,115,52
222,99,115,53
228,105,113,50
240,106,115,49
248,109,117,49
251,112,117,50
256,115,120,52
266,124,116,52
270,130,118,50
279,134,120,49
281,135,122,49
279,137,127,50
282,136,127,50
279,126,132,59
278,124,130,59
281,121,127,54
273,116,132,54
264,115,137,51
261,113,136,47
261,113,136,44
261,111,139,44
261,111,139,42
265,115,139,42
265,116,145,43
272,120,145,43
272,124,145,45
262,135,145,45
267,141,142,44
267,141,142,44
258,143,145,47
249,146,148,49
243,146,145,49
234,143,144,53
224,139,147,51
217,134,147,52
212,133,147,54
208,133,147,52
203,128,147,52
203,127,147,51
203,126,150,51
203,122,147,51
203,122,147,51
209,119,150,50
215,109,144,50
215,99,147,55
211,92,150,58
194,77,153,68
181,71,172,75
170,68,186,80
159,76,193,68
146,79,209,61
141,78,209,65
128,79,209,67
128,76,193,74
130,72,178,78
135,62,182,87
154,58,183,92
176,57,176,96
201,55,172,106
227,62,168,104
253,74,161,104
269,90,158,100
292,94,149,98
297,94,146,100
300,90,143,104
306,88,140,104
308,87,140,106
310,88,137,106
312,89,134,106
306,91,137,106
303,91,137,104
300,83,135,108
292,80,138,106
291,79,137,103
289,80,134,103
284,83,134,103
282,87,136,105
283,91,133,105
279,92,133,107
278,95,133,107
276,99,133,109
274,103,133,106
269,107,136,104
268,106,139,106
267,101,139,110
270,99,137,108
274,96,137,108
274,96,137,108
273,97,139,108
272,100,139,108
265,103,139,110
265,103,142,110
269,98,145,108
268,99,148,108
267,104,148,101
266,107,145,103
252,115,148,99
237,123,142,95
227,130,131,86
223,128,114,93
222,127,105,88
215,126,101,85
207,113,95,96
201,99,89,96
193,80,91,106
193,66,95,112
191,62,103,112
197,61,99,112
199,66,93,98
200,75,86,85
199,93,76,57
196,102,77,55
189,103,81,58
182,103,82,49
182,103,82,51
185,110,73,51
195,117,65,51
200,129,57,44
202,142,46,33
0,0,0,0
0,0,0,0
0,0,0,0
91,135,27,40
93,136,32,41
97,138,39,43
100,143,44,49
101,149,51,51
108,154,54,50
112,151,58,46
123,139,65,44
137,129,66,43
155,121,74,39
175,119,73,38
195,121,74,39
215,121,75,40
233,118,75,40
256,116,72,38
270,105,65,46
279,100,65,46
285,96,66,49
294,94,67,44
298,80,67,48
300,72,70,50
303,66,67,50
307,63,66,49
308,60,65,48
305,61,70,50
308,65,70,50
309,75,66,48
310,86,62,44
317,99,53,38
330,110,38,33
0,0,0,0
0,0,0,0
0,0,0,0
0,0,0,0
0,0,0,0
0,0,0,0
0,0,0,0
0,0,0,0
0,0,0,0
0,0,0,0
0,0,0,0
0,0,0,0
0,0,0,0
0,0,0,0
0,0,0,0
0,0,0,0
0,0,0,0
0,0,0,0
0,0,0,0
0,0,0,0
0,0,0,0
0,0,0,0
0,0,0,0
0,0,0,0
0,0,0,0
0,0,0,0
0,0,0,0
0,0,0,0
0,0,0,0
0,0,0,0
0,0,0,0
431,191,49,27
390,183,90,31
366,180,114,50
341,182,139,57
318,188,162,55
309,187,171,57
298,186,178,57
276,180,171,65
268,162,158,77
254,151,151,77
248,137,139,85
245,119,137,90
243,115,131,90
246,111,126,74
252,107,114,60
250,101,103,50
242,88,107,53
238,81,115,50
229,70,126,61
225,67,134,61
227,71,139,57
236,79,133,47
237,87,135,42
245,95,132,42
250,104,137,45
260,109,140,50
265,115,140,52
279,122,137,53
285,140,131,39
281,154,136,35
286,169,128,38
280,181,128,41
277,192,128,42
267,197,139,43
255,198,139,42
252,198,133,37
256,201,123,32
248,202,121,31
237,199,124,34
228,191,128,36
225,188,128,38
216,184,133,37
209,177,125,34
206,170,130,37
206,170,130,39
190,176,130,36
184,174,130,38
180,174,132,42
173,172,140,44
175,168,137,42
170,167,146,41
170,172,143,37
172,172,137,36
171,168,137,44
173,164,137,47
173,159,148,54
178,159,148,54
188,164,151,47
200,171,151,40
209,163,145,43
211,154,142,42
208,151,136,51
203,152,134,56
200,154,137,58
192,153,135,63
185,157,132,53
177,158,129,48
165,160,126,39
156,159,119,39
146,154,110,41
140,151,97,42
126,147,99,44
109,143,101,47
102,140,95,47
91,142,91,40
78,141,84,35
61,137,79,36
53,130,73,39
51,118,63,45
32,110,66,48
29,112,61,48
28,118,55,49
26,126,53,49
29,130,43,45
31,139,23,22
0,0,0,0
0,0,0,0
0,0,0,0
0,0,0,0
0,0,0,0
0,0,0,0
0,0,0,0
0,0,0,0
0,0,0,0
0,0,0,0
0,0,0,0
0,0,0,0
0,0,0,0
0,0,0,0
0,0,0,0
0,0,0,0
0,0,0,0
0,0,0,0
0,0,0,0
0,0,0,0
0,0,0,0
0,0,0,0
0,0,0,0
0,0,0,0
0,0,0,0
0,0,0,0
0,0,0,0
0,0,0,0
0,0,0,0
0,0,0,0
0,0,0,0
0,0,0,0
0,0,0,0
0,0,0,0
0,0,0,0
0,0,0,0
0,0,0,0
0,0,0,0
0,0,0,0
0,0,0,0
0,0,0,0
0,0,0,0
0,0,0,0
0,0,0,0
0,0,0,0
0,0,0,0
0,0,0,0
0,0,0,0
0,0,0,0
0,0,0,0
0,0,0,0
0,0,0,0
0,0,0,0
0,0,0,0
0,0,0,0
0,0,0,0
0,0,0,0
0,0,0,0
0,0,0,0
0,0,0,0
0,0,0,0
0,0,0,0
0,0,0,0
0,0,0,0
0,0,0,0
0,0,0,0
0,0,0,0
0,0,0,0
0,0,0,0
0,0,0,0
0,0,0,0
0,0,0,0
0,0,0,0
0,0,0,0
0,0,0,0
0,0,0,0
0,0,0,0
0,0,0,0
0,0,0,0
0,0,0,0
0,0,0,0
0,0,0,0
0,0,0,0
0,0,0,0
0,0,0,0
0,0,0,0
0,0,0,0
0,0,0,0
0,0,0,0
0,0,0,0
0,0,0,0
0,0,0,0
0,0,0,0
0,0,0,0
0,0,0,0
0,0,0,0
0,0,0,0
0,0,0,0
0,0,0,0
0,0,0,0
0,0,0,0
0,0,0,0
0,0,0,0
0,0,0,0
0,0,0,0
0,0,0,0
0,0,0,0
0,0,0,0
0,0,0,0
0,0,0,0
0,0,0,0
0,0,0,0
0,0,0,0
0,0,0,0
0,0,0,0
0,0,0,0
0,0,0,0
0,0,0,0
0,0,0,0
0,0,0,0
0,0,0,0
0,0,0,0
0,0,0,0
0,0,0,0
0,0,0,0
0,0,0,0
0,0,0,0
0,0,0,0
0,0,0,0
0,0,0,0
0,0,0,0
0,0,0,0
0,0,0,0
0,0,0,0
0,0,0,0
0,0,0,0
0,0,0,0
0,0,0,0
0,0,0,0
0,0,0,0
0,0,0,0
0,0,0,0
0,0,0,0
0,0,0,0
0,0,0,0
0,0,0,0
0,0,0,0
0,0,0,0
0,0,0,0
0,0,0,0
0,0,0,0
0,0,0,0
0,0,0,0
0,0,0,0
0,0,0,0
0,0,0,0
0,0,0,0
0,0,0,0
0,0,0,0
0,0,0,0
0,0,0,0
0,0,0,0
0,0,0,0
0,0,0,0
0,0,0,0
0,0,0,0
0,0,0,0
0,0,0,0
0,0,0,0
0,0,0,0
0,0,0,0
0,0,0,0
0,0,0,0
0,0,0,0
0,0,0,0
0,0,0,0
0,0,0,0
0,0,0,0
0,0,0,0
0,0,0,0
0,0,0,0
0,0,0,0
0,0,0,0
0,0,0,0
0,0,0,0
0,0,0,0
0,0,0,0
0,0,0,0
0,0,0,0
0,0,0,0
76,193,69,32
92,185,72,46
99,182,84,51
103,181,78,48
105,171,54,52
110,162,48,57
111,160,41,60
111,160,38,65
116,167,45,68
136,177,41,60
156,189,42,50
178,192,42,52
195,198,46,52
216,204,56,44
241,209,58,41
265,214,58,46
284,215,62,54
304,212,67,58
315,212,72,67
317,216,80,63
313,212,85,64
300,212,85,53
283,211,86,62
258,211,96,61
235,208,102,66
214,202,110,73
192,197,119,90
168,196,128,90
142,202,141,82
117,207,147,74
88,207,159,75
67,204,169,75
60,198,179,80
61,197,198,87
64,197,210,100
91,183,231,106
105,165,226,117
112,157,235,117
112,153,244,112
97,153,254,108
80,160,259,92
66,158,269,98
49,157,279,104
37,168,285,115
15,181,297,115
2,201,309,115
1,227,299,104
1,231,288,117
1,230,281,117
1,233,272,110
1,234,275,104
1,233,277,90
6,226,283,104
22,232,289,100
41,229,283,96
64,230,283,83
92,232,272,83
133,229,251,93
166,222,241,93
205,217,222,97
229,208,217,131
247,207,217,131
248,214,231,128
252,232,228,107
259,252,221,101
265,263,215,97
270,272,210,88
266,281,214,79
266,286,214,74
262,287,218,73
258,291,222,69
251,285,229,67
245,276,220,75
241,274,211,72
242,274,191,68
237,263,180,73
234,253,166,60
229,235,163,58
231,222,154,67
237,210,145,76
242,199,133,67
242,187,125,70
242,173,123,70
237,166,116,61
226,157,107,59
216,142,101,59
220,126,79,56
221,116,52,57
201,103,52,63
190,98,48,75
171,95,55,73
152,102,55,73
132,109,55,60
113,120,53,59
105,128,41,51
87,139,40,43
69,140,44,51
63,143,34,53
55,146,43,67
46,153,53,74
45,159,52,61
46,163,57,47
42,164,55,46
40,164,57,45
37,161,62,46
39,155,63,49
41,152,65,48
46,147,68,53
52,148,69,49
66,157,64,36
77,162,64,34
89,163,62,29
104,164,62,28
124,163,65,28
148,162,48,29
168,164,40,30
187,165,39,29
0,0,0,0
0,0,0,0
0,0,0,0
0,0,0,0
0,0,0,0
0,0,0,0
0,0,0,0
0,0,0,0
0,0,0,0
0,0,0,0
209,170,29,17
203,168,37,20
208,163,38,22
206,163,40,20
202,172,40,26
202,172,40,26
202,178,37,29
202,182,37,29
202,180,41,35
204,173,48,39
200,174,53,40
192,181,65,38
191,186,69,40
191,189,68,42
191,190,69,37
190,192,84,37
183,189,91,41
177,186,99,39
175,178,94,41
169,172,94,42
164,159,92,49
164,153,92,50
156,148,92,52
152,145,87,52
153,141,80,51
152,141,76,49
159,140,73,46
167,140,69,42
175,140,64,41
182,131,59,44
185,120,58,47
197,117,48,54
206,118,43,53
214,112,41,53
221,111,31,51
230,114,25,48
241,120,22,45
252,127,21,38
259,124,21,38
267,113,22,42
274,96,21,54
280,88,24,55
288,78,22,56
292,68,23,57
295,66,23,58
297,64,25,58
295,64,31,57
295,71,30,49
290,75,33,37
283,75,38,44
280,75,40,43
275,75,43,43
271,70,47,50
267,74,47,49
259,75,49,49
253,70,51,52
251,70,51,51
257,90,52,52
260,112,48,52
265,124,51,43
273,134,50,36
276,135,55,35
280,136,58,33
315,139,33,36
322,144,31,34
330,143,31,36
339,142,29,35
342,140,34,33
353,141,32,31
361,146,30,25
366,144,31,32
372,149,33,28
385,152,32,28
396,157,32,28
403,163,34,27
402,160,34,31
406,162,33,30
410,167,33,33
410,168,33,36
405,168,36,38
402,166,39,37
392,165,49,35
385,163,52,38
376,161,60,38
370,160,58,36
361,159,60,37
354,159,64,37
351,152,64,38
352,145,59,37
351,140,56,37
351,136,53,36
357,131,46,41
351,131,46,40
349,131,40,41
348,131,35,38
342,139,32,35
0,0,0,0
0,0,0,0
0,0,0,0
0,0,0,0
0,0,0,0
0,0,0,0
0,0,0,0
0,0,0,0
0,0,0,0
0,0,0,0
0,0,0,0
0,0,0,0
0,0,0,0
0,0,0,0
0,0,0,0
0,0,0,0
0,0,0,0
280,123,49,36
282,130,50,35
280,127,62,34
272,120,69,32
269,115,82,32
263,110,84,36
257,110,84,36
255,110,80,39
255,110,80,39
249,111,78,39
241,110,75,40
231,108,73,40
219,110,72,39
209,116,69,39
204,124,68,42
198,133,66,45
198,146,62,46
203,152,61,48
205,150,58,48
203,146,59,47
203,143,60,44
207,144,56,46
205,143,55,50
202,139,54,54
201,136,51,55
199,134,50,54
197,136,49,53
195,136,49,53
195,140,47,50
194,143,48,51
197,144,47,51
200,148,47,52
206,155,47,52
209,157,48,51
208,165,47,48
206,178,45,45
199,175,45,44
198,167,44,49
196,167,42,53
197,167,41,54
194,163,44,56
188,159,46,53
182,153,49,51
176,148,50,53
169,148,53,53
162,146,55,57
157,142,57,60
160,136,58,61
156,129,63,60
155,118,66,60
169,113,70,56
170,121,79,57
173,131,83,59
180,123,87,62
180,113,87,65
178,109,88,68
181,104,88,75
182,107,90,72
184,115,94,71
188,122,92,71
188,130,93,69
189,137,95,72
191,144,97,73
193,150,97,73
192,154,99,75
194,161,97,75
193,157,99,75
191,152,99,75
182,152,101,76
175,151,105,79
174,144,100,76
172,135,100,79
167,135,102,77
167,130,102,78
166,124,102,80
164,123,102,83
162,125,102,80
161,129,102,78
158,132,102,81
155,133,104,83
156,141,106,81
158,152,104,81
162,147,104,83
162,145,106,85
160,162,104,85
158,157,106,87
165,146,108,83
165,144,110,86
164,142,113,86
173,139,116,87
176,139,114,87
181,139,112,85
187,137,110,88
192,137,107,85
195,137,105,85
196,140,105,85
197,143,105,88
195,149,107,86
194,160,107,83
199,171,105,85
208,183,107,88
206,183,107,85
198,182,109,86
195,190,111,87
191,193,109,88
188,191,111,87
183,186,113,87
177,175,113,89
170,163,113,91
167,153,111,91
167,143,111,91
166,139,113,89
166,135,113,93
166,135,115,93
169,136,115,93
170,144,115,93
169,161,115,93
166,181,117,91
169,196,117,92
177,211,119,92
178,215,119,92
183,208,119,96
187,208,117,94
187,217,117,98
189,216,119,96
190,210,117,98
187,199,116,100
185,192,121,98
185,186,121,100
191,184,119,100
192,182,121,102
197,179,121,100
199,178,126,100
203,175,129,104
214,182,127,96
221,188,130,104
230,194,127,100
232,200,129,98
240,199,126,104
248,198,131,104
255,186,136,110
271,180,133,101
296,170,135,97
308,161,135,89
312,147,124,92
338,133,121,90
339,122,141,105
336,119,144,120
352,124,128,138
369,134,111,130
380,139,100,138
374,153,106,138
325,165,155,125
277,175,203,115
224,180,252,117
185,176,278,129
137,164,307,142
86,147,339,169
78,114,353,162
70,90,360,162
63,76,374,159
67,68,381,156
66,67,397,144
69,52,396,153
61,39,404,165
65,29,404,175
65,26,415,182
69,28,411,186
69,36,411,175
83,49,397,172
87,62,393,155
87,57,385,158
83,47,377,158
68,43,377,155
53,30,377,165
35,16,370,182
13,5,370,171
1,45,334,158
1,47,313,188
1,45,309,224
1,103,271,176
1,118,207,132
1,116,135,140
1,119,102,102
1,130,68,104
1,72,294,146
1,40,302,178
