546,250,92,77
534,250,98,73
522,245,108,79
512,245,117,70
511,239,126,78
513,232,130,77
515,226,130,83
532,222,122,89
544,222,114,86
554,217,105,91
554,220,102,93
554,228,97,94
542,234,108,95
529,243,125,91
514,253,139,82
504,258,142,83
512,253,139,87
509,251,136,91
511,251,130,89
520,249,122,91
529,246,114,93
532,251,114,91
539,251,111,86
528,255,125,80
516,257,142,80
504,255,155,86
504,256,154,83
512,248,149,93
524,244,145,96
539,246,139,96
557,243,131,98
577,247,121,92
588,246,117,97
594,241,121,104
587,244,136,106
585,243,144,107
575,250,162,108
575,266,167,93
582,273,160,94
592,276,144,94
593,278,133,94
599,273,124,104
607,264,116,111
609,261,116,118
608,262,121,116
590,264,138,117
559,269,151,106
529,263,169,102
522,255,162,95
525,249,149,94
542,246,133,94
556,245,118,98
561,250,111,94
560,251,105,94
559,256,99,91
552,254,98,94
549,259,108,82
550,249,112,79
557,241,115,78
563,231,113,88
564,226,94,91
564,235,77,82
570,238,61,76
582,239,54,80
581,238,64,82
583,252,58,74
583,259,59,69
591,262,54,75
591,264,57,77
598,270,56,73
598,268,64,74
608,265,64,78
606,289,67,54
585,299,66,44
578,294,73,51
602,298,70,46
629,287,78,51
629,284,80,51
602,253,74,86
594,256,72,86
589,260,77,83
591,262,83,79
605,263,82,83
621,263,78,86
635,262,85,87
638,257,85,89
643,253,75,97
637,250,77,101
637,248,86,103
633,247,78,103
634,247,77,105
630,245,87,107
626,246,94,104
619,245,96,110
613,245,95,110
607,246,99,106
598,250,99,102
594,251,102,105
594,252,96,103
590,253,99,98
590,255,99,98
591,254,97,99
592,253,101,98
590,253,103,101
591,256,106,99
596,257,102,96
598,265,102,89
602,273,103,79
607,274,106,77
612,283,107,76
631,288,99,75
634,290,95,73
631,292,96,72
627,292,102,72
619,288,107,75
608,292,117,75
602,292,118,70
590,287,124,84
586,291,132,84
579,300,131,76
571,292,131,83
564,297,125,79
558,292,117,79
551,295,125,83
544,293,127,85
540,293,124,87
537,291,127,89
537,297,125,87
540,295,118,89
540,292,111,93
540,295,113,93
539,295,115,93
539,295,112,94
540,297,106,86
541,296,110,91
542,298,108,86
544,295,106,91
546,291,104,96
551,296,99,92
553,295,99,88
556,290,98,95
555,293,99,94
554,290,104,95
557,292,102,95
557,288,102,97
558,284,104,102
567,272,94,115
582,261,76,125
600,252,58,141
617,247,45,142
623,239,42,150
626,239,42,152
624,242,53,149
621,244,57,144
624,250,68,131
625,261,73,114
634,273,63,88
634,276,64,80
640,274,61,85
642,277,58,78
654,263,50,97
657,256,48,102
661,251,44,105
660,252,47,110
659,257,54,98
661,264,50,86
661,266,53,80
661,264,51,82
665,268,49,65
670,262,48,69
678,260,44,73
677,263,45,70
679,266,42,69
680,259,42,75
677,252,45,80
679,245,41,91
680,239,38,95
678,237,41,98
680,236,35,98
676,235,40,102
674,233,42,98
674,233,40,102
674,236,38,98
673,238,40,94
673,236,42,99
672,242,40,93
668,243,45,92
669,238,42,101
668,239,45,98
665,238,47,106
668,239,39,99
665,237,48,103
663,238,46,102
661,241,49,96
661,243,48,99
658,243,55,99
655,246,57,94
654,250,61,97
651,252,60,84
648,254,65,89
643,259,64,83
635,262,76,76
633,264,73,76
637,264,65,80
638,266,63,73
638,266,65,76
636,265,69,77
642,267,61,70
641,266,57,74
637,267,61,68
635,267,64,70
634,268,66,68
635,268,65,68
633,271,68,58
635,272,68,59
634,272,74,59
632,271,72,65
633,271,70,63
632,277,72,55
633,274,69,56
633,277,64,55
637,277,56,54
641,277,51,50
642,273,51,56
642,274,53,57
643,277,44,51
646,274,38,55
643,276,40,57
643,275,41,54
644,274,40,59
647,274,36,57
645,273,40,56
646,277,44,57
647,277,43,58
646,275,45,60
649,275,44,59
649,277,44,59
650,280,44,58
652,283,43,55
652,284,43,55
652,286,43,52
652,285,43,52
652,284,42,51
652,284,42,51
652,284,42,51
652,284,42,51
652,284,42,51
652,284,43,52
651,281,43,55
651,281,43,55
651,276,40,53
649,276,40,53
650,277,39,52
650,277,39,52
652,273,30,57
652,273,30,57
652,274,30,57
652,275,30,57
654,274,31,60
656,274,31,60
656,273,32,62
656,273,32,62
656,273,32,62
656,273,32,62
656,273,32,62
656,273,32,62
646,275,44,58
644,275,47,58
640,275,47,58
639,275,46,57
639,275,46,57
654,273,66,57
654,272,68,60
653,271,68,64
655,266,63,69
655,265,64,73
656,262,61,75
653,261,66,76
654,259,61,78
654,257,60,83
653,257,61,83
654,256,59,85
655,258,59,79
655,256,57,82
654,257,60,85
653,260,64,82
654,258,59,82
654,259,59,82
656,261,57,80
653,261,60,78
661,261,50,79
655,261,57,79
655,260,57,80
654,261,58,79
656,260,55,84
654,261,57,83
654,261,57,83
654,261,57,83
654,261,57,83
654,261,57,83
654,261,57,83
654,261,57,83
654,261,57,83
654,261,57,83
654,261,57,83
654,261,57,83
654,261,57,83
654,261,57,83
654,261,57,83
654,261,57,83
654,261,57,83
654,261,57,83
654,261,57,83
654,261,57,83
654,261,57,83
654,261,57,83
654,261,57,83
654,261,57,83
654,261,57,83
654,261,57,83
654,261,57,83
659,261,53,83
659,261,53,83
659,261,53,83
659,261,53,83
659,261,53,83
669,268,43,73
667,270,44,72
667,272,43,75
664,277,48,65
665,280,45,64
662,284,47,58
661,287,48,54
663,283,44,57
662,285,46,62
664,285,42,62
663,283,45,63
665,282,42,66
659,283,48,66
657,284,52,70
658,286,49,65
653,295,56,54
657,300,45,53
653,305,63,54
653,303,70,57
649,301,75,63
650,303,68,57
651,299,68,65
652,303,73,60
655,303,71,60
658,302,76,65
663,304,70,62
663,306,74,63
666,305,72,64
671,310,66,61
670,313,70,56
669,314,76,62
666,313,84,72
665,320,85,71
668,316,75,80
674,319,68,83
674,322,66,79
676,322,57,81
678,325,52,79
677,317,53,88
674,323,61,92
668,326,70,88
669,334,68,99
666,339,54,102
666,343,44,117
663,340,44,124
653,347,51,111
651,349,48,110
655,349,45,118
652,353,47,125
649,354,65,135
647,357,83,140
647,356,81,150
645,338,85,148
642,330,92,171
642,343,86,173
641,345,89,170
640,346,97,162
643,361,109,158
640,368,119,185
634,375,138,217
637,367,150,229
633,367,180,259
634,367,219,240
660,363,236,241
688,378,244,222
728,376,258,269
739,402,278,309
704,414,328,299
669,417,373,299
634,428,414,286
622,458,430,256
638,481,411,237
649,509,409,209
634,524,423,191
616,535,440,180
593,564,467,144
615,576,449,136
634,606,413,107
633,613,382,100
661,608,347,108
686,602,309,115
678,620,296,94
637,630,223,83
587,642,232,73
545,651,266,65
542,651,247,65
505,649,267,66
520,631,222,80
521,602,171,112
524,584,124,127
529,561,71,140
0,0,0,0
0,0,0,0
0,0,0,0
0,0,0,0
0,0,0,0
0,0,0,0
0,0,0,0
0,0,0,0
0,0,0,0
0,0,0,0
0,0,0,0
0,0,0,0
0,0,0,0
0,0,0,0
0,0,0,0
0,0,0,0
0,0,0,0
0,0,0,0
0,0,0,0
0,0,0,0
0,0,0,0
0,0,0,0
0,0,0,0
0,0,0,0
0,0,0,0
0,0,0,0
0,0,0,0
0,0,0,0
0,0,0,0
0,0,0,0
0,0,0,0
0,0,0,0
0,0,0,0
0,0,0,0
0,0,0,0
0,0,0,0
0,0,0,0
0,0,0,0
0,0,0,0
0,0,0,0
0,0,0,0
0,0,0,0
0,0,0,0
0,0,0,0
0,0,0,0
0,0,0,0
0,0,0,0
0,0,0,0
0,0,0,0
0,0,0,0
0,0,0,0
0,0,0,0
0,0,0,0
0,0,0,0
0,0,0,0
0,0,0,0
0,0,0,0
0,0,0,0
0,0,0,0
0,0,0,0
0,0,0,0
0,0,0,0
0,0,0,0
0,0,0,0
0,0,0,0
0,0,0,0
0,0,0,0
0,0,0,0
0,0,0,0
0,0,0,0
0,0,0,0
0,0,0,0
0,0,0,0
0,0,0,0
0,0,0,0
0,0,0,0
0,0,0,0
0,0,0,0
0,0,0,0
0,0,0,0
0,0,0,0
0,0,0,0
0,0,0,0
0,0,0,0
0,0,0,0
0,0,0,0
0,0,0,0
0,0,0,0
0,0,0,0
0,0,0,0
0,0,0,0
0,0,0,0
0,0,0,0
0,0,0,0
0,0,0,0
0,0,0,0
0,0,0,0
0,0,0,0
0,0,0,0
0,0,0,0
0,0,0,0
0,0,0,0
0,0,0,0
0,0,0,0
0,0,0,0
0,0,0,0
0,0,0,0
0,0,0,0
0,0,0,0
0,0,0,0
0,0,0,0
0,0,0,0
0,0,0,0
0,0,0,0
0,0,0,0
0,0,0,0
0,0,0,0
0,0,0,0
0,0,0,0
0,0,0,0
0,0,0,0
0,0,0,0
0,0,0,0
0,0,0,0
0,0,0,0
0,0,0,0
0,0,0,0
0,0,0,0
0,0,0,0
0,0,0,0
487,669,163,44
485,614,184,92
509,563,170,143
528,529,161,177
542,515,157,195
534,499,174,212
521,476,182,208
479,460,209,186
464,445,193,170
460,433,183,144
461,428,165,136
464,417,154,139
469,411,145,144
468,408,155,153
474,405,172,146
476,390,190,141
479,375,179,113
469,347,180,102
461,326,159,102
453,303,125,117
446,288,117,116
439,274,113,127
431,268,125,129
429,267,139,128
419,272,149,110
406,275,148,89
394,278,130,90
391,279,106,88
391,281,90,77
401,275,72,82
405,278,80,82
411,291,94,80
437,297,91,74
455,298,82,74
465,296,70,77
478,296,62,65
487,288,51,64
481,284,51,64
482,280,46,62
478,262,46,63
481,243,39,66
480,227,39,72
479,224,36,68
472,219,35,73
448,217,36,73
425,216,35,68
411,210,42,64
403,214,46,64
399,222,51,68
391,234,55,70
381,244,64,67
382,252,64,57
390,257,63,57
401,258,57,58
395,265,64,61
388,276,65,57
373,280,71,55
358,272,68,55
332,272,82,55
285,275,95,56
240,279,88,61
202,284,88,65
181,284,95,60
173,287,97,58
171,292,92,63
174,298,90,65
181,295,89,66
195,290,83,62
200,286,85,65
204,283,83,64
207,287,80,63
208,287,77,65
218,283,79,63
241,285,75,61
250,284,80,60
256,284,74,61
256,282,77,60
262,275,74,63
267,270,75,63
267,274,79,60
276,274,74,62
284,275,73,60
289,275,74,60
289,278,75,61
289,279,76,64
289,279,75,63
291,279,74,60
290,279,75,65
289,283,75,62
284,284,79,62
287,285,75,61
285,289,77,63
284,293,77,60
283,297,76,58
281,299,75,61
278,301,77,61
278,303,77,58
281,303,75,58
288,303,73,60
299,302,73,60
308,299,75,61
320,297,71,58
332,291,65,55
348,283,66,56
364,279,60,58
372,278,62,52
376,276,57,58
378,276,58,57
381,276,62,51
387,276,58,54
388,279,55,56
393,282,55,53
402,280,49,58
399,282,55,54
402,283,52,56
407,283,47,55
408,283,45,57
407,284,47,56
407,284,48,56
411,285,43,54
413,283,31,56
412,281,35,61
411,283,34,53
410,283,36,61
409,284,36,61
411,283,31,63
410,283,31,64
408,288,33,57
402,284,36,65
403,286,35,65
401,287,35,67
397,290,40,68
397,289,39,67
395,290,38,68
391,291,37,67
390,289,33,70
382,292,40,71
381,291,40,72
376,291,39,73
372,290,45,82
372,289,45,84
372,297,45,72
367,303,47,71
367,308,44,63
363,308,51,66
364,307,44,68
363,309,40,66
361,307,47,72
362,302,43,77
362,305,43,72
363,300,40,75
363,301,42,68
360,299,47,71
363,301,43,71
362,297,44,70
364,292,46,70
373,286,42,73
374,282,46,74
375,275,49,77
383,269,44,75
387,269,44,70
387,264,47,75
390,266,46,71
395,265,46,73
402,266,44,72
402,262,45,80
402,265,46,75
402,264,46,75
403,265,46,79
404,268,46,72
405,267,45,72
404,268,46,71
404,266,46,75
407,266,44,74
407,267,44,75
404,271,47,71
405,270,48,75
405,270,48,74
404,271,49,72
403,273,47,73
408,272,43,76
406,272,47,73
402,276,47,73
403,273,46,75
401,276,49,70
401,277,49,72
402,275,46,73
404,278,43,74
402,280,46,74
404,277,43,76
404,278,44,74
403,281,45,75
402,280,46,75
402,279,47,75
406,280,44,74
410,283,44,68
431,289,38,72
457,286,34,68
482,277,43,67
500,273,39,67
511,272,43,71
518,273,38,70
523,276,42,71
525,291,39,67
528,306,38,73
531,318,43,73
530,321,42,70
531,323,42,71
534,324,44,74
543,326,42,73
555,328,42,72
568,326,45,71
578,317,47,68
586,311,45,67
586,305,48,71
594,299,42,74
597,298,39,72
603,299,42,73
607,298,43,74
616,296,37,75
620,297,40,71
623,299,39,66
630,298,33,66
636,298,37,70
639,299,37,70
642,295,42,75
646,293,40,71
647,296,45,68
654,292,38,70
653,290,40,73
655,288,42,75
652,288,45,71
657,289,43,75
658,288,43,73
658,288,43,70
659,286,40,74
662,288,38,73
663,290,35,73
664,296,36,70
665,295,37,73
662,297,40,74
667,300,34,72
666,301,36,67
667,299,35,71
666,298,36,68
665,297,38,67
661,292,36,71
658,282,31,70
651,274,35,68
637,264,38,76
619,259,38,75
599,254,35,73
583,247,30,75
567,241,31,75
551,237,33,74
534,231,37,77
530,230,34,73
524,228,36,79
513,230,33,79
498,230,33,77
485,234,33,81
475,240,36,82
471,247,36,85
468,257,37,86
462,263,39,86
452,271,38,82
441,276,35,82
426,282,36,82
415,290,40,76
404,297,46,81
403,302,37,80
392,310,45,85
386,317,44,88
374,325,45,89
359,332,44,81
343,337,47,85
323,340,57,89
310,344,60,79
305,345,56,81
296,347,55,86
289,343,53,88
281,348,52,79
277,343,53,91
275,345,51,89
273,347,52,89
274,339,53,90
275,329,53,95
271,319,53,98
259,310,63,100
254,320,61,83
248,321,67,81
249,326,66,71
248,315,67,80
250,315,71,75
255,318,68,70
262,311,68,75
263,309,71,71
262,306,74,68
264,304,75,70
263,299,75,77
266,297,68,75
264,300,72,73
262,299,74,74
261,297,75,75
262,298,73,77
264,295,73,85
264,302,72,77
265,301,74,77
265,303,68,76
265,307,65,77
268,305,63,81
262,305,68,81
264,310,64,79
265,312,60,76
265,304,60,84
263,305,58,85
266,298,58,93
264,295,64,98
269,293,58,103
272,294,57,102
276,293,52,100
278,294,49,104
277,293,54,104
280,291,51,104
279,290,51,103
286,291,47,104
284,291,49,106
284,289,52,107
281,297,54,101
282,292,56,110
280,295,56,111
280,293,56,115
282,295,55,112
282,300,53,111
280,302,56,110
280,308,60,106
276,308,68,108
276,304,74,113
280,310,68,109
278,308,72,110
276,304,75,115
277,303,71,116
276,305,70,115
273,304,73,116
273,305,76,118
274,307,73,120
276,308,73,119
276,310,75,119
273,310,80,125
278,317,73,113
276,317,76,113
277,321,71,115
276,322,77,112
274,320,77,118
272,320,83,119
268,328,82,116
268,327,75,119
265,327,75,117
263,329,80,115
260,334,77,113
264,332,76,117
261,337,79,110
261,339,80,107
258,340,80,110
251,338,81,109
246,330,82,116
244,338,85,104
244,334,90,107
240,329,99,108
240,316,99,117
244,316,95,110
241,305,98,113
245,299,101,109
253,286,99,113
263,287,94,108
268,278,97,118
278,279,99,124
295,284,99,111
314,277,92,115
324,274,89,115
327,274,95,110
324,266,102,113
339,259,99,107
351,257,99,106
363,250,104,110
357,249,120,103
361,241,129,111
365,238,135,113
383,237,134,112
396,229,128,116
395,236,143,109
402,225,148,116
404,213,156,121
406,204,165,134
409,194,179,135
411,188,199,136
422,190,201,127
434,193,208,125
467,206,193,109
496,198,185,118
513,194,189,117
542,191,176,120
571,185,165,128
589,173,162,135
612,163,157,154
622,160,161,148
631,156,173,154
629,161,191,148
633,166,208,141
655,171,207,129
686,176,195,121
712,177,188,119
745,174,167,117
771,165,158,128
802,155,143,131
818,158,141,125
827,158,152,129
827,162,170,127
833,175,185,112
838,179,199,110
852,181,201,112
882,181,177,103
912,171,162,106
933,172,155,102
951,173,146,104
962,171,149,102
971,163,149,109
973,163,153,112
976,167,161,102
982,165,164,109
993,171,156,101
1001,168,153,101
1005,175,155,98
1005,169,164,108
1000,180,167,91
993,181,175,91
988,182,179,92
989,182,172,92
998,183,161,86
1014,185,138,88
1016,185,121,84
1006,189,116,83
989,192,110,82
969,190,104,84
951,185,97,88
939,185,91,88
920,198,91,88
895,218,89,89
861,244,93,84
831,270,90,82
797,295,86,81
758,316,86,83
720,334,85,81
695,355,77,92
687,392,63,86
686,424,54,84
666,445,53,91
655,453,57,90
657,463,53,94
653,466,55,90
642,474,61,92
631,497,61,93
634,515,60,94
658,519,56,89
670,501,57,82
676,483,55,85
676,468,58,89
684,463,60,93
689,453,58,92
680,448,60,94
678,446,68,93
674,445,70,93
678,447,71,83
689,447,70,94
704,454,62,89
711,450,70,92
730,455,64,80
735,446,62,85
743,437,67,88
751,431,68,85
766,425,70,89
790,422,66,88
801,419,71,91
806,422,70,93
812,424,70,98
816,425,72,97
827,429,73,90
839,426,81,94
845,411,73,99
866,409,81,99
881,410,98,107
882,409,104,115
903,416,106,118
918,418,106,107
917,417,98,111
923,404,106,115
940,396,113,112
945,398,115,126
955,405,106,128
963,410,120,124
973,404,121,126
989,402,118,134
1000,406,122,137
1008,404,115,131
1015,406,135,127
1013,405,138,136
1015,405,137,130
1014,414,145,143
1022,445,130,129
1034,456,137,134
1039,459,150,145
1040,469,145,141
1050,482,139,141
1062,490,141,150
1073,494,141,148
1069,489,149,157
1071,483,145,139
1069,481,147,119
1065,461,149,115
1068,439,146,125
1065,425,145,120
1060,397,148,120
1043,375,138,119
1023,367,131,111
1003,357,132,107
971,354,134,109
940,354,141,121
913,358,135,107
888,349,124,104
863,340,129,91
842,335,132,94
809,347,137,122
774,365,126,120
740,371,126,119
722,358,131,127
711,357,137,121
706,357,131,119
699,353,131,107
693,345,135,121
675,344,136,113
653,343,132,120
626,344,132,107
608,335,128,106
594,321,135,109
589,309,130,117
572,292,125,121
558,288,136,124
556,310,138,125
557,345,145,122
556,355,148,115
560,357,118,107
562,344,130,106
561,341,128,117
559,343,128,116
553,356,135,107
544,361,132,106
547,362,135,101
547,352,129,99
548,329,128,100
547,304,127,98
560,285,125,101
576,266,128,98
583,258,117,100
584,245,120,92
585,217,124,98
584,194,132,107
596,181,130,102
605,172,128,103
615,177,131,101
635,181,137,104
650,193,141,109
661,215,143,111
667,238,148,106
679,257,146,106
688,270,138,113
691,282,134,109
681,283,129,111
669,281,126,120
670,266,124,118
666,236,129,116
668,213,120,110
661,190,115,99
655,161,112,106
655,145,111,106
658,134,109,117
660,124,106,127
660,116,104,120
665,110,98,120
667,99,92,125
666,95,100,128
661,100,102,134
654,102,107,129
642,108,148,117
638,126,128,113
631,137,135,101
623,148,175,110
617,148,175,113
608,150,172,128
603,148,162,143
603,159,143,144
601,165,132,150
602,174,108,148
598,184,99,143
592,194,101,137
582,199,104,134
582,198,106,137
587,192,107,132
595,183,107,135
595,170,108,132
595,162,113,135
602,155,101,129
604,147,95,128
611,138,101,128
616,121,108,127
623,105,109,129
634,82,108,137
637,78,113,135
644,80,112,134
634,86,113,134
610,93,126,138
603,96,107,135
589,97,112,135
584,100,104,135
585,99,100,135
586,94,106,135
588,80,104,145
583,84,119,138
589,72,118,139
589,59,129,140
588,56,136,144
574,51,139,155
561,51,119,162
545,41,120,173
501,47,152,167
484,48,141,158
479,52,149,152
463,52,168,147
456,54,183,148
454,51,192,154
462,49,208,146
469,35,214,161
464,28,218,170
457,24,205,171
450,20,196,173
437,16,193,179
429,18,196,177
424,23,199,177
417,27,205,177
413,42,208,162
405,44,212,167
404,47,213,153
405,46,207,161
373,56,211,150
351,52,217,148
320,43,220,156
284,37,221,164
253,55,227,157
229,65,231,156
201,78,232,157
175,88,239,153
152,87,239,162
140,92,246,166
146,97,237,158
140,100,230,158
119,97,234,165
98,100,238,167
80,102,241,167
63,104,237,171
49,108,230,165
31,102,213,177
12,100,217,172
9,99,211,171
4,102,200,167
3,101,194,168
6,106,188,159
8,107,183,164
4,103,185,173
7,100,186,175
5,98,192,179
9,101,186,177
3,87,188,202
5,88,181,198
4,79,175,203
3,77,173,211
3,81,161,202
2,83,159,201
6,76,146,196
2,74,148,198
6,70,144,202
3,59,148,212
1,65,137,207
4,62,155,203
3,65,159,198
4,70,165,191
5,67,170,192
6,66,166,195
4,67,172,195
6,70,177,191
3,73,183,189
3,78,181,184
2,89,180,166
2,85,181,170
4,89,179,170
2,112,163,134
4,104,167,140
4,105,171,128
4,97,165,140
3,94,162,143
4,112,104,120
3,147,43,82
0,0,0,0
0,0,0,0
0,0,0,0
0,0,0,0
0,0,0,0
0,0,0,0
0,0,0,0
0,0,0,0
0,0,0,0
0,0,0,0
0,0,0,0
0,0,0,0
0,0,0,0
0,0,0,0
0,0,0,0
6,137,180,188
10,138,285,203
2,162,336,213
72,176,335,199
141,172,284,213
195,187,243,183
236,202,241,191
260,220,228,179
284,233,248,164
291,237,265,159
287,227,289,152
283,215,303,146
266,195,296,153
253,171,268,165
231,158,236,159
221,153,217,153
226,152,216,157
232,160,202,152
243,173,191,148
256,188,200,137
281,192,203,127
299,195,204,122
340,200,181,117
269,185,258,124
290,182,223,111
311,185,177,85
341,183,136,101
354,186,126,99
382,194,91,85
399,201,55,73
0,0,0,0
0,0,0,0
0,0,0,0
239,211,48,80
232,221,63,82
223,215,88,94
216,191,119,150
213,167,135,164
201,157,152,177
180,130,185,199
162,136,210,189
139,152,216,166
114,151,225,166
97,153,231,173
75,155,231,182
46,160,253,173
18,159,265,180
6,164,252,170
6,166,202,166
5,162,173,181
4,167,162,164
6,166,143,174
4,169,119,167
2,239,77,90
0,0,0,0
0,0,0,0
0,0,0,0
0,0,0,0
0,0,0,0
0,0,0,0
0,0,0,0
0,0,0,0
0,0,0,0
0,0,0,0
0,0,0,0
0,0,0,0
0,0,0,0
0,0,0,0
0,0,0,0
0,0,0,0
0,0,0,0
0,0,0,0
0,0,0,0
0,0,0,0
0,0,0,0
0,0,0,0
0,0,0,0
0,0,0,0
0,0,0,0
0,0,0,0
0,0,0,0
0,0,0,0
0,0,0,0
0,0,0,0
0,0,0,0
0,0,0,0
0,0,0,0
0,0,0,0
0,0,0,0
0,0,0,0
0,0,0,0
6,271,121,217
4,252,231,228
12,262,330,238
96,255,348,218
104,246,420,213
175,224,400,227
240,195,371,221
286,175,345,221
324,146,326,229
335,122,331,223
347,112,338,223
356,113,346,217
361,93,354,226
375,91,355,225
383,75,365,232
414,78,345,232
406,81,366,232
411,82,366,232
419,87,350,231
413,87,360,227
404,93,376,223
405,97,390,217
402,110,402,202
396,108,412,203
386,106,422,190
378,100,424,204
365,82,393,218
351,85,368,199
335,75,346,203
320,62,350,208
293,48,375,214
281,45,390,200
286,42,400,218
285,39,418,223
299,37,415,234
303,30,406,247
292,18,405,260
295,13,366,275
284,6,327,276
283,8,321,267
269,6,333,253
251,7,356,249
237,6,366,243
221,8,378,237
208,6,387,238
199,8,391,240
191,5,403,269
187,2,400,286
185,6,390,294
181,6,367,296
168,5,341,292
177,9,320,291
183,8,318,275
201,8,311,276
223,6,291,277
236,5,289,278
240,7,286,269
245,8,282,266
249,20,273,255
238,23,289,268
232,13,289,282
237,10,284,299
220,7,287,305
210,30,291,276
200,30,285,283
183,25,289,285
171,32,281,277
157,27,285,234
150,21,278,290
117,24,292,290
92,18,299,273
65,11,283,264
38,13,287,289
12,9,298,296
10,11,286,336
5,8,267,358
9,8,262,358
5,5,231,360
8,5,223,369
6,7,216,365
7,5,202,372
8,7,198,367
5,5,192,364
4,6,193,360
7,8,184,353
7,5,186,360
7,7,190,356
7,6,243,353
7,6,258,360
7,5,257,358
6,6,263,353
7,7,269,360
7,5,274,357
7,6,280,362
4,3,291,359
7,5,289,353
6,8,298,355
6,7,292,358
8,10,304,356
10,7,312,359
7,9,321,363
8,7,328,365
10,8,333,362
22,7,326,366
37,6,317,374
57,6,300,381
67,6,292,386
72,7,286,373
65,9,294,384
72,10,319,377
67,10,341,373
62,5,372,377
63,8,393,378
56,7,426,396
59,5,461,397
55,5,501,393
49,7,546,392
63,5,568,395
91,9,564,402
107,6,587,429
105,6,640,432
86,7,711,452
76,6,769,449
107,15,780,435
174,23,750,415
212,14,753,417
231,13,771,417
233,9,795,399
275,10,777,415
331,3,750,424
344,6,783,410
332,5,819,403
312,3,838,418
278,9,874,403
285,7,896,403
359,10,830,384
422,11,760,363
449,6,741,338
432,9,744,347
410,8,734,350
387,6,722,360
399,5,683,372
434,16,610,362
433,19,577,368
409,22,573,365
376,19,574,364
348,12,575,386
323,11,566,385
294,11,524,388
274,9,518,394
249,7,528,401
225,7,530,414
209,10,518,421
218,10,519,411
216,8,522,397
239,10,508,410
244,7,508,423
239,9,523,429
232,19,539,429
241,33,545,427
271,40,555,433
271,56,575,427
277,63,588,422
269,84,609,423
264,105,621,404
265,105,623,424
248,109,637,417
240,127,629,401
212,127,649,399
209,113,631,408
187,93,632,402
181,78,623,415
177,80,605,415
159,79,607,422
172,83,587,403
169,66,582,405
182,76,555,391
193,87,545,384
200,91,528,391
198,116,518,393
209,158,521,358
204,204,527,332
208,252,534,307
229,269,551,304
267,290,559,283
283,294,589,264
292,294,631,292
310,271,677,313
394,254,640,320
491,236,613,333
573,230,588,345
628,227,623,360
638,195,632,375
657,250,612,327
646,258,628,350
658,228,612,372
719,200,555,395
834,195,436,400
984,212,287,413
1119,209,156,456
1199,229,74,408
0,0,0,0
0,0,0,0
0,0,0,0
1013,363,259,294
973,309,295,300
976,276,295,280
936,197,335,328
925,172,348,307
906,173,369,281
885,165,354,272
848,162,304,267
803,158,274,268
761,152,241,278
710,171,244,247
670,176,275,234
634,174,290,221
625,169,281,182
644,154,256,171
674,137,223,180
710,127,191,183
741,110,167,199
757,98,158,217
751,97,173,213
756,97,181,211
744,108,186,208
735,130,198,200
767,153,167,193
794,167,140,191
806,174,129,182
824,191,113,167
837,202,94,166
816,219,99,166
801,216,91,182
786,222,103,175
783,231,118,175
787,231,111,173
804,231,89,164
804,236,81,155
794,235,83,154
788,233,83,152
780,218,88,163
774,213,66,164
761,214,63,162
749,220,63,158
737,224,60,159
726,227,57,155
717,230,57,143
709,224,53,140
706,227,57,140
700,224,61,140
692,226,64,137
681,231,67,128
685,231,66,124
692,226,63,121
697,218,64,125
713,216,56,125
720,212,63,124
734,209,56,116
745,209,84,115
753,211,83,118
759,212,91,117
761,217,107,120
759,217,121,124
757,221,136,119
745,221,147,115
730,219,158,113
728,216,159,102
719,197,174,111
717,184,181,111
703,172,196,113
694,171,201,115
681,171,203,108
686,169,190,111
695,173,171,103
697,171,168,116
697,172,177,121
702,177,177,108
701,187,188,101
708,183,195,104
729,188,185,101
742,183,173,110
748,182,165,109
750,182,174,111
748,180,174,116
744,183,185,110
750,185,174,111
757,184,164,115
760,185,152,112
758,188,150,116
757,184,150,126
756,181,147,132
751,182,150,132
750,177,155,136
748,184,150,129
757,188,150,126
775,182,132,137
786,188,118,134
795,189,108,134
797,186,101,140
803,190,94,128
805,183,92,146
811,193,93,135
817,192,90,139
821,193,88,135
825,190,81,140
827,190,75,137
830,200,75,125
825,200,82,125
827,188,77,131
828,189,74,129
829,188,77,134
824,185,88,135
827,189,88,126
824,190,97,125
830,185,90,135
829,190,93,129
827,189,93,131
825,185,101,140
831,188,97,136
829,186,106,144
827,190,112,141
830,190,107,140
830,189,106,145
833,193,104,141
833,201,102,141
829,200,109,143
832,188,102,158
825,184,103,166
824,185,108,162
820,183,111,175
821,184,113,173
822,190,110,167
821,185,111,175
816,188,116,177
812,184,118,185
816,181,112,190
818,190,106,186
812,194,115,189
814,185,110,198
816,190,111,196
812,189,117,193
816,186,115,196
818,189,113,192
809,183,122,195
812,188,120,191
808,189,124,194
812,190,122,182
804,197,131,179
801,189,135,188
799,190,139,181
800,190,140,175
793,191,150,171
794,189,148,168
789,183,155,172
778,181,163,200
763,186,174,194
758,186,176,189
751,185,189,188
745,184,193,192
743,182,204,190
734,182,211,188
733,183,212,190
725,184,217,186
708,189,228,185
712,190,217,182
707,198,220,175
692,199,230,181
688,197,227,195
684,197,235,195
688,190,236,195
678,197,244,191
666,199,245,188
657,203,244,185
652,215,237,182
639,215,235,185
615,222,235,180
587,219,227,183
545,230,225,171
512,239,223,167
493,239,222,166
482,240,214,170
474,241,212,159
452,228,213,180
446,236,201,179
432,236,204,176
436,235,195,186
434,231,192,184
432,236,186,176
419,228,192,175
419,219,192,176
427,213,189,174
430,203,185,179
429,198,185,179
423,197,183,168
433,190,184,185
434,190,181,184
429,182,181,186
427,184,176,190
405,185,190,190
396,185,185,189
378,187,190,184
364,186,192,191
342,182,196,196
320,188,199,194
287,186,202,191
271,191,202,193
253,192,208,188
245,195,209,188
232,182,216,209
217,186,221,194
202,180,228,205
191,169,239,209
198,161,231,204
187,147,239,207
180,126,255,220
181,115,265,214
181,99,273,219
198,80,258,223
205,71,252,227
209,76,252,218
213,63,255,222
237,55,256,226
245,53,256,228
249,43,256,227
244,30,269,227
245,25,274,234
241,16,272,225
240,14,276,229
237,6,278,232
231,9,292,227
238,7,286,220
237,6,290,236
237,8,292,220
241,3,294,228
251,5,281,225
251,7,293,219
256,3,291,222
259,10,289,205
265,3,277,214
251,5,289,211
248,3,287,218
244,6,296,210
244,6,289,205
246,5,292,203
245,3,303,217
245,3,302,221
259,16,296,212
271,16,298,226
289,46,291,213
311,66,283,208
319,81,283,213
323,100,282,210
319,118,280,201
326,127,268,210
320,129,275,202
335,120,271,196
346,103,272,202
359,73,272,213
378,52,258,219
386,39,259,229
395,30,255,232
397,27,276,231
402,34,271,231
404,43,269,217
397,39,281,223
400,44,278,219
394,51,287,214
393,57,292,213
388,62,293,221
393,64,284,226
390,72,287,220
384,73,286,221
379,74,290,232
376,79,293,226
377,80,293,228
378,76,287,237
376,76,292,243
382,75,294,241
379,72,298,249
383,82,298,235
382,82,300,244
381,84,303,243
392,79,293,248
391,87,295,246
392,80,289,244
385,78,293,247
381,85,295,239
388,86,282,240
391,81,283,244
391,87,286,239
386,87,287,240
392,91,284,238
393,99,280,229
395,101,278,225
391,106,287,228
395,108,285,222
390,110,299,225
404,109,280,226
411,120,291,210
422,121,280,219
434,129,265,203
429,129,277,210
429,120,275,212
432,126,274,199
445,126,262,210
459,144,250,192
479,142,243,207
479,148,230,198
487,146,212,196
485,109,213,236
484,84,220,259
484,56,235,291
492,42,241,307
499,32,257,317
496,28,299,326
515,35,307,307
529,46,312,283
548,38,313,283
560,52,326,276
578,55,330,340
603,65,337,403
611,100,358,392
638,133,376,360
684,162,385,342
698,186,446,326
702,222,497,317
708,219,552,320
716,212,558,350
747,212,527,356
805,200,470,367
890,193,384,372
966,207,310,359
1030,213,248,368
1092,226,182,397
1124,276,149,367
1132,282,147,359
1128,304,147,345
1108,307,166,332
1094,326,177,300
1089,313,181,272
1088,290,186,277
1034,276,236,281
962,254,308,284
904,227,371,292
858,212,418,278
813,169,442,307
790,182,397,294
788,180,349,280
766,190,320,272
731,197,313,266
705,202,311,242
687,191,311,258
670,192,330,247
679,185,314,243
676,195,321,216
698,217,303,175
724,218,282,183
730,220,292,183
725,221,299,182
722,221,307,177
715,215,311,184
698,209,321,196
678,219,322,177
676,219,316,181
684,219,280,171
702,216,271,165
710,213,256,166
705,213,250,166
699,209,244,176
683,200,254,192
669,207,255,168
648,209,265,167
625,207,271,173
606,213,274,161
594,208,269,159
584,210,269,164
582,204,258,170
589,203,232,158
594,199,220,158
575,189,228,161
564,180,227,163
551,171,227,167
537,163,237,162
527,157,245,159
513,146,236,168
492,149,241,164
479,148,246,164
472,166,245,149
464,158,239,158
454,164,244,149
450,170,238,162
455,182,227,141
473,186,211,154
472,185,210,149
465,190,221,139
456,188,230,150
450,184,239,148
452,192,231,132
466,180,226,135
472,173,214,144
473,168,213,140
469,162,216,153
450,163,228,146
429,158,236,154
414,160,240,148
391,163,248,148
388,160,241,152
402,160,219,156
394,173,220,152
372,175,239,157
353,183,257,159
342,191,260,161
330,214,275,144
351,215,252,143
365,209,234,156
358,216,241,158
362,217,240,154
390,219,220,162
409,224,202,174
414,237,184,146
397,239,186,148
390,248,174,140
381,249,159,145
376,258,143,134
396,247,117,136
387,241,112,141
372,265,109,116
365,271,103,108
387,301,70,81
0,0,0,0
0,0,0,0
0,0,0,0
0,0,0,0
0,0,0,0
0,0,0,0
0,0,0,0
572,266,43,89
556,265,50,98
537,265,53,98
511,254,70,104
506,254,70,104
506,253,71,106
448,227,135,132
439,218,138,135
414,218,161,132
405,209,164,135
385,206,174,135
365,195,181,161
354,195,181,161
328,185,199,174
330,187,195,171
296,194,233,163
325,186,202,166
325,186,202,166
325,186,197,173
327,190,189,166
318,199,189,166
327,196,204,173
323,193,212,180
323,193,212,180
321,207,196,166
321,207,196,166
305,209,220,162
305,209,220,162
304,232,233,136
295,225,253,150
302,221,248,156
314,226,248,162
353,227,221,171
353,220,222,182
359,228,232,177
355,236,245,167
358,230,259,173
358,226,273,176
366,220,281,182
379,222,286,166
418,216,268,171
455,207,249,185
479,211,227,186
475,202,240,189
456,204,256,192
437,212,269,180
419,219,284,175
401,229,293,174
388,231,301,186
391,240,291,193
415,254,260,193
423,257,253,201
403,264,266,193
387,266,281,192
381,259,293,201
381,272,301,188
409,255,281,204
449,257,253,213
469,246,254,223
485,243,255,222
500,247,259,216
509,247,264,202
512,238,276,219
513,241,289,241
510,233,293,258
502,233,323,258
500,244,338,236
506,246,345,244
529,249,332,241
534,248,341,253
521,248,371,253
519,238,390,274
527,229,394,286
536,259,401,248
566,257,392,238
556,244,414,283
529,252,447,294
509,245,470,310
489,259,485,310
489,273,482,299
507,286,454,294
497,316,431,286
425,336,424,301
361,356,463,308
323,352,495,335
311,361,506,321
304,374,514,300
326,374,478,308
304,371,466,326
285,359,502,335
284,346,499,339
275,357,514,326
263,366,525,338
245,368,537,326
244,352,525,336
273,344,500,331
309,341,464,331
338,328,436,339
348,312,432,353
340,305,439,375
319,282,455,410
296,284,468,395
285,279,473,387
268,248,477,388
262,221,481,384
260,193,481,382
250,197,488,375
228,195,497,365
204,186,500,369
177,198,509,349
166,195,504,360
158,194,500,356
159,198,490,385
172,201,490,381
202,210,478,378
212,212,476,378
210,212,478,368
213,210,470,353
219,211,463,335
213,213,464,344
211,211,465,345
221,212,452,339
216,211,454,321
225,211,440,331
213,198,441,338
226,201,403,324
248,195,371,321
257,200,345,321
267,204,328,321
253,209,333,320
244,208,331,324
233,204,317,332
218,208,330,320
218,213,324,319
213,211,323,320
210,212,308,328
181,213,327,316
175,209,318,326
158,200,327,320
153,202,324,332
146,199,323,324
128,202,337,329
128,198,333,331
113,197,330,336
111,204,337,327
105,198,338,345
97,198,344,327
101,194,345,320
111,193,342,328
120,192,338,319
120,194,345,319
125,184,348,323
126,171,351,320
136,166,351,317
139,160,347,318
149,162,358,319
154,157,363,317
158,146,365,329
159,148,369,320
154,143,382,324
152,140,385,331
157,137,397,332
152,140,412,340
130,151,429,349
100,174,440,386
83,198,456,393
48,229,476,399
12,255,493,415
55,283,427,418
18,318,442,388
12,338,433,366
8,374,413,341
9,373,395,339
7,359,349,350
7,312,309,402
4,289,295,412
15,289,265,420
4,317,254,388
10,337,253,372
6,365,252,345
10,364,227,349
7,347,210,360
6,311,188,393
13,283,177,426
10,256,168,433
8,249,154,437
9,237,134,444
8,210,101,447
10,184,68,447
7,163,58,444
5,147,49,454
0,0,0,0
0,0,0,0
0,0,0,0
0,0,0,0
0,0,0,0
0,0,0,0
6,97,115,432
7,79,117,438
4,66,131,440
7,64,153,438
9,33,179,459
7,12,221,466
7,10,256,439
7,6,287,432
6,7,322,419
8,8,365,395
12,5,376,383
15,7,404,377
28,6,406,358
18,6,420,355
24,10,422,376
38,5,412,419
25,3,421,409
17,5,433,409
29,9,427,386
41,3,428,395
75,8,410,381
80,10,410,369
94,6,413,373
122,7,399,366
132,6,406,369
138,6,402,367
144,6,401,372
157,8,391,359
154,6,394,387
162,7,391,374
180,14,384,374
167,5,409,388
165,12,427,388
182,9,413,385
196,9,411,410
212,16,411,391
233,9,415,408
259,11,409,424
289,10,401,411
294,19,408,422
237,9,479,449
240,6,490,495
253,9,499,532
260,7,509,557
271,3,518,561
280,8,524,566
267,8,554,565
275,11,555,568
289,12,580,560
317,6,591,572
328,6,619,576
335,6,667,564
339,8,706,568
344,6,730,563
342,3,755,582
340,9,775,627
327,6,797,700
312,6,828,706
301,1,843,704
286,9,878,698
275,16,923,686
260,7,993,696
248,11,1022,701
229,8,1048,704
223,7,1051,710
439,5,836,704
473,14,803,678
496,33,774,609
587,35,683,603
741,63,532,593
742,70,528,554
812,91,458,519
859,117,411,591
896,129,374,567
692,115,579,587
757,111,512,596
955,109,312,594
1086,113,181,595
1156,127,110,563
0,0,0,0
0,0,0,0
0,0,0,0
0,0,0,0
0,0,0,0
0,0,0,0
0,0,0,0
0,0,0,0
0,0,0,0
0,0,0,0
0,0,0,0
0,0,0,0
0,0,0,0
0,0,0,0
0,0,0,0
0,0,0,0
0,0,0,0
0,0,0,0
0,0,0,0
0,0,0,0
0,0,0,0
0,0,0,0
0,0,0,0
0,0,0,0
0,0,0,0
1118,38,149,289
1013,41,167,246
884,48,200,230
797,73,198,236
722,88,202,216
665,98,220,192
607,97,245,191
575,94,244,198
540,97,246,198
509,93,254,191
486,103,268,182
460,92,285,180
449,97,292,175
466,101,295,172
476,102,296,173
501,104,274,175
529,111,248,165
537,113,260,182
546,135,221,165
543,151,239,162
551,161,241,180
548,183,247,163
550,192,243,166
546,219,232,156
529,239,252,155
527,254,256,155
524,263,263,155
528,276,266,152
516,276,280,154
505,276,285,161
495,281,283,158
486,282,271,179
468,285,273,193
464,282,263,208
442,281,280,219
438,279,284,204
425,283,285,193
418,277,285,200
404,270,305,199
402,258,310,204
401,263,322,189
403,254,337,195
414,261,342,192
442,263,339,181
456,267,346,177
479,260,348,194
491,257,362,192
511,258,355,189
521,261,353,191
525,246,339,201
534,237,331,201
532,222,331,200
524,209,339,201
528,199,337,200
513,192,336,192
473,182,356,200
441,165,373,201
422,157,365,195
399,124,365,217
372,108,375,214
349,94,378,221
331,83,387,226
304,86,403,219
296,73,405,229
275,66,406,234
244,81,414,227
244,94,417,222
283,99,414,232
322,117,421,223
369,103,412,241
386,120,433,241
458,137,417,239
507,134,421,247
521,116,430,252
513,101,418,243
466,79,415,235
452,37,421,250
465,26,404,255
461,29,408,256
461,47,405,255
454,60,411,252
458,64,405,257
457,83,404,256
456,103,402,243
450,102,408,247
456,111,405,238
448,108,413,237
452,106,408,236
446,100,415,246
456,101,410,243
461,96,397,250
458,97,410,247
458,104,409,240
465,108,406,243
465,112,404,247
472,118,401,254
469,122,396,236
474,113,394,252
477,126,394,238
482,118,395,244
485,124,392,243
486,117,391,244
488,116,391,254
485,126,395,238
484,111,400,249
500,126,381,239
487,124,400,238
485,122,400,241
488,121,393,240
495,118,388,241
495,125,386,234
487,111,378,250
489,115,386,249
489,110,350,254
489,107,348,253
497,108,332,263
496,118,337,265
500,113,328,269
507,110,320,272
505,120,316,266
493,113,327,267
509,108,308,273
513,108,305,282
513,105,301,275
516,113,298,276
521,109,293,289
522,113,290,304
519,119,283,321
523,112,264,340
513,113,257,335
501,113,259,351
482,103,248,342
465,92,238,361
455,84,237,362
457,67,228,359
454,44,228,362
463,28,221,369
474,21,218,402
486,15,216,453
505,7,195,478
507,9,203,474
507,12,216,478
476,7,234,478
431,9,254,480
408,7,257,486
402,9,263,497
376,15,291,577
338,25,323,636
317,8,328,674
302,7,329,657
325,11,343,648
331,15,357,635
333,11,371,645
308,7,402,628
296,9,417,677
282,12,421,693
286,11,406,696
302,7,383,701
304,16,399,689
296,16,465,680
278,12,597,688
263,10,713,674
245,10,796,676
218,12,864,635
229,9,872,629
262,10,866,608
315,35,861,576
376,45,826,549
358,46,843,535
298,38,876,541
239,9,910,568
194,15,925,557
220,12,855,549
260,40,760,501
211,54,751,496
132,32,775,527
67,41,799,521
61,47,769,486
111,70,694,435
177,90,620,379
219,96,572,357
221,97,578,349
224,88,582,357
241,96,568,334
292,113,523,294
362,118,466,274
421,116,421,288
448,93,405,302
472,85,398,293
511,84,369,260
558,92,330,235
591,85,302,239
607,75,275,255
588,80,283,252
567,91,282,241
539,107,293,230
510,139,297,219
502,153,282,211
510,162,259,221
512,163,240,207
516,159,219,202
511,170,220,186
503,163,207,182
476,184,217,167
457,188,217,161
445,194,211,154
423,205,216,168
419,200,207,176
419,203,192,171
410,211,180,160
414,201,172,150
423,199,157,152
430,206,158,135
436,209,152,141
442,217,152,149
450,231,149,142
461,238,165,146
463,244,183,132
471,241,186,135
504,241,167,132
523,234,167,133
547,229,164,133
560,237,146,117
586,221,124,140
601,224,115,118
614,221,103,117
618,219,111,127
630,217,108,124
648,216,104,125
668,211,97,125
666,218,114,118
674,217,118,113
681,208,120,126
677,212,130,123
690,210,118,130
700,217,122,129
702,225,125,130
705,232,122,132
708,248,122,133
705,257,107,134
703,264,89,123
699,263,94,131
700,268,102,124
702,269,96,127
694,264,95,129
687,270,97,122
676,265,110,126
665,265,110,125
654,262,114,122
643,257,115,129
634,258,113,130
625,251,122,130
627,247,113,131
615,237,122,135
614,234,120,125
611,217,125,117
615,187,129,131
614,174,130,114
618,156,131,130
619,150,133,131
619,142,143,129
627,127,140,141
626,131,134,129
615,115,152,139
618,113,150,143
604,114,158,138
604,103,155,141
592,107,157,135
583,105,169,134
579,103,179,134
578,106,179,127
583,105,171,130
591,103,169,133
599,95,171,135
605,96,167,138
606,89,160,133
607,87,162,144
610,86,158,151
615,88,150,143
623,92,136,139
626,94,140,126
633,85,134,139
635,88,134,139
638,84,135,134
641,80,141,149
643,83,133,143
642,82,132,140
643,77,141,145
646,83,136,150
643,83,141,143
645,80,138,143
651,78,124,144
646,77,136,149
645,76,135,158
654,78,130,144
650,77,129,138
651,83,125,141
649,78,126,143
649,76,135,148
649,77,134,145
657,78,125,148
653,75,131,143
654,83,130,140
651,80,138,150
651,79,138,144
649,82,138,141
651,84,127,139
646,90,143,130
646,85,139,140
648,86,135,138
646,84,140,132
644,87,140,142
643,83,141,145
643,86,135,131
642,92,139,129
638,89,144,127
638,89,141,131
633,90,153,126
637,90,143,134
635,86,146,131
635,85,145,133
636,90,144,126
637,84,146,139
638,86,141,127
643,86,134,135
646,89,130,138
648,91,126,136
643,92,136,133
640,93,139,135
641,98,135,131
643,99,138,130
638,99,146,127
643,94,139,141
641,97,144,143
638,99,143,134
640,98,145,139
638,98,145,140
641,95,145,134
641,95,145,135
638,98,149,126
641,96,145,134
641,98,146,131
639,99,144,131
646,98,141,139
643,102,143,133
640,102,146,129
640,106,148,124
640,102,145,132
640,105,145,126
642,106,145,131
640,103,148,131
641,106,144,134
643,105,142,134
643,112,149,125
641,113,143,125
643,113,134,122
643,115,135,123
641,116,135,120
635,120,140,130
632,122,144,143
635,123,123,146
635,123,122,144
630,123,114,144
626,125,121,143
620,126,122,145
611,126,154,144
613,127,159,152
617,129,134,142
620,127,133,148
624,127,130,142
626,126,131,150
625,125,142,154
629,123,133,153
626,123,127,153
625,126,140,148
623,132,148,144
617,135,152,140
618,133,155,135
623,129,132,145
621,126,141,142
621,130,139,142
619,133,141,133
620,129,154,141
618,129,139,140
619,128,117,141
617,128,130,143
618,127,117,148
617,127,118,144
619,130,122,135
617,133,122,135
617,136,133,139
616,141,127,139
617,139,131,130
622,144,132,129
620,141,133,138
617,147,142,134
613,143,139,130
615,156,151,113
619,145,142,118
614,146,149,121
623,145,130,123
623,146,123,130
626,146,133,134
619,159,132,118
623,164,116,114
623,174,111,124
619,179,108,121
621,183,95,121
623,189,101,123
617,186,97,123
619,180,94,118
619,171,87,116
620,163,83,120
618,159,79,118
614,159,93,117
615,167,91,115
619,155,91,120
613,165,93,112
612,167,103,112
605,167,105,110
596,170,124,104
582,169,134,107
574,168,132,103
558,165,143,113
551,165,145,113
546,168,150,114
542,167,151,129
540,166,148,138
534,158,146,143
532,155,160,153
532,152,164,161
531,152,189,151
535,169,178,141
549,171,172,143
557,178,161,142
568,182,151,148
572,183,149,146
588,187,130,140
591,183,127,143
598,183,127,140
599,182,120,146
594,188,134,136
607,183,108,138
612,185,108,136
619,180,95,157
625,186,96,157
629,182,88,157
634,176,86,165
629,180,91,164
633,179,87,169
633,175,85,173
625,180,95,167
623,182,98,162
621,177,96,178
619,175,102,177
614,178,104,171
620,174,103,178
615,173,107,178
615,174,110,172
616,174,112,176
611,175,115,170
615,172,114,168
617,173,108,178
617,177,114,167
619,175,113,169
617,170,117,180
616,167,114,178
614,174,114,172
591,171,135,181
576,170,152,187
571,165,160,200
579,162,148,200
576,165,152,196
571,162,159,198
571,164,161,196
568,167,161,193
567,168,159,192
563,168,159,186
567,162,155,197
559,168,162,191
549,168,179,193
548,171,189,196
544,177,190,181
533,174,208,187
523,183,206,179
509,181,209,172
504,178,211,190
501,184,235,197
499,186,236,193
486,188,236,184
478,175,211,199
468,183,211,198
462,175,202,202
450,173,198,205
447,179,183,208
439,179,168,215
435,175,155,222
415,178,161,225
415,180,148,220
410,178,157,221
404,181,159,218
401,180,153,218
404,183,155,212
419,174,161,218
427,161,172,226
443,153,177,236
459,160,183,225
466,159,192,221
482,163,200,235
471,156,231,269
492,160,237,284
507,164,241,286
531,190,245,259
562,194,247,257
591,188,257,259
597,192,287,307
608,203,319,347
617,218,369,325
617,228,418,331
634,228,461,394
645,221,516,414
674,220,566,411
742,211,529,419
809,225,458,407
870,239,401,395
899,273,373,366
902,296,372,371
901,332,376,310
913,329,361,306
930,330,341,297
1017,290,255,335
0,0,0,0
0,0,0,0
0,0,0,0
0,0,0,0
0,0,0,0
0,0,0,0
0,0,0,0
0,0,0,0
0,0,0,0
0,0,0,0
0,0,0,0
0,0,0,0
0,0,0,0
0,0,0,0
0,0,0,0
0,0,0,0
0,0,0,0
0,0,0,0
0,0,0,0
0,0,0,0
0,0,0,0
0,0,0,0
1138,329,132,263
1113,329,158,252
1112,315,159,241
1091,312,183,230
1050,302,221,231
1025,297,246,226
1002,291,272,236
985,287,286,230
956,287,315,217
939,288,298,199
940,278,288,199
942,275,266,202
947,252,237,219
924,257,237,195
906,249,227,191
882,244,227,191
844,231,237,203
815,231,245,195
794,225,246,189
780,211,240,192
765,203,237,190
740,206,238,190
734,192,218,201
721,189,206,201
698,189,203,199
676,184,202,202
658,177,205,203
638,167,208,209
625,169,206,193
611,168,214,195
607,166,215,198
603,159,210,200
602,160,219,200
619,165,212,195
638,156,192,205
637,164,180,198
619,159,187,203
598,159,189,208
579,154,190,210
562,156,177,202
541,144,197,214
518,139,216,201
507,122,207,197
498,99,203,214
492,94,208,216
490,86,192,221
478,83,176,228
466,89,165,216
469,78,152,225
469,74,153,216
473,69,144,220
458,76,145,208
447,86,144,201
438,81,150,216
435,86,145,216
423,87,158,214
410,84,165,211
410,77,153,214
391,83,164,203
388,74,164,206
386,68,159,205
374,60,158,201
368,41,157,205
360,30,161,207
363,23,157,196
354,6,151,208
351,7,153,199
344,3,142,198
325,7,153,202
324,3,150,193
315,4,153,195
317,7,145,186
331,7,139,173
341,6,132,164
341,6,125,164
354,3,124,169
371,6,123,154
380,8,121,153
407,4,117,158
419,10,121,146
426,10,123,144
424,5,123,159
423,8,118,168
424,7,121,165
429,7,112,172
419,4,124,176
423,7,122,169
431,6,113,186
429,8,120,180
426,7,123,173
427,6,122,173
429,6,123,171
431,9,125,167
434,7,126,161
435,6,132,158
445,5,130,153
450,5,133,149
463,7,132,151
465,8,142,146
463,7,149,167
463,10,152,179
463,9,152,186
458,5,157,208
455,11,160,215
463,17,151,229
469,27,149,230
474,34,155,225
484,42,154,220
494,45,157,228
505,45,151,217
510,44,152,222
513,44,149,234
515,44,149,234
518,42,144,234
518,48,144,222
519,31,148,231
525,17,149,230
532,10,145,225
533,7,149,220
525,8,144,206
507,8,146,209
497,8,149,207
496,9,158,206
494,9,159,207
500,10,153,209
512,9,150,201
528,7,146,201
554,2,144,208
560,7,154,203
572,9,149,211
570,10,158,212
564,10,171,211
562,7,171,207
557,4,178,207
548,8,183,201
541,5,186,197
537,4,184,191
524,9,189,183
510,10,196,178
512,6,181,191
502,8,190,190
494,7,186,198
492,11,184,205
485,9,189,218
478,9,199,228
482,15,198,225
493,26,191,218
488,20,209,235
493,30,220,234
510,45,218,230
510,49,236,229
518,46,241,225
524,51,244,221
528,51,245,216
540,38,236,237
541,42,243,231
548,46,245,227
547,54,260,219
547,53,268,227
547,61,277,219
541,68,292,217
539,75,310,219
541,91,319,206
528,97,336,203
519,98,340,212
537,111,320,207
551,116,317,203
576,117,296,193
564,105,319,200
554,98,333,215
544,91,348,203
554,74,349,211
581,82,336,206
609,78,302,206
633,78,286,211
625,79,294,208
627,77,302,208
625,69,304,218
619,55,315,234
615,61,326,229
614,72,324,224
616,80,326,227
621,79,315,271
638,96,309,269
645,96,297,276
662,95,279,281
661,93,285,281
657,96,309,276
674,101,329,267
706,95,336,275
720,98,352,281
736,96,355,263
727,101,374,245
696,124,394,231
644,133,416,247
575,134,449,256
518,137,483,258
494,131,470,268
525,130,419,255
564,139,370,247
589,133,338,255
596,139,315,253
572,144,323,252
552,163,328,228
511,191,353,203
492,194,379,209
478,199,404,214
488,193,399,218
532,200,345,205
535,225,328,197
537,227,312,207
521,247,320,192
478,244,344,195
427,231,362,212
376,235,377,206
325,221,408,237
333,209,373,236
341,218,340,233
317,211,349,241
310,205,355,244
294,210,370,246
285,202,377,256
289,197,392,249
286,183,411,263
224,178,486,287
228,172,514,306
267,167,493,309
323,181,485,291
372,181,492,296
423,202,487,331
423,216,523,324
437,211,528,328
415,228,571,305
398,213,599,301
363,197,630,316
340,172,654,335
323,149,658,364
376,144,598,366
455,137,534,395
537,179,480,395
668,239,568,394
784,320,470,378
957,423,311,278
0,0,0,0
0,0,0,0
0,0,0,0
0,0,0,0
0,0,0,0
0,0,0,0
0,0,0,0
0,0,0,0
0,0,0,0
0,0,0,0
0,0,0,0
0,0,0,0
0,0,0,0
0,0,0,0
0,0,0,0
0,0,0,0
0,0,0,0
0,0,0,0
0,0,0,0
0,0,0,0
0,0,0,0
0,0,0,0
0,0,0,0
0,0,0,0
0,0,0,0
0,0,0,0
0,0,0,0
0,0,0,0
0,0,0,0
0,0,0,0
0,0,0,0
0,0,0,0
0,0,0,0
0,0,0,0
0,0,0,0
0,0,0,0
0,0,0,0
0,0,0,0
0,0,0,0
0,0,0,0
0,0,0,0
0,0,0,0
0,0,0,0
0,0,0,0
0,0,0,0
0,0,0,0
0,0,0,0
0,0,0,0
0,0,0,0
0,0,0,0
0,0,0,0
0,0,0,0
0,0,0,0
0,0,0,0
0,0,0,0
0,0,0,0
0,0,0,0
0,0,0,0
0,0,0,0
0,0,0,0
0,0,0,0
0,0,0,0
0,0,0,0
0,0,0,0
0,0,0,0
0,0,0,0
0,0,0,0
0,0,0,0
0,0,0,0
0,0,0,0
0,0,0,0
0,0,0,0
0,0,0,0
0,0,0,0
0,0,0,0
0,0,0,0
0,0,0,0
0,0,0,0
0,0,0,0
0,0,0,0
0,0,0,0
0,0,0,0
0,0,0,0
0,0,0,0
0,0,0,0
0,0,0,0
0,0,0,0
0,0,0,0
0,0,0,0
0,0,0,0
0,0,0,0
0,0,0,0
0,0,0,0
0,0,0,0
0,0,0,0
0,0,0,0
0,0,0,0
0,0,0,0
0,0,0,0
0,0,0,0
0,0,0,0
14,9,92,77
9,9,122,94
7,13,142,101
16,13,158,135
20,28,169,145
20,49,173,150
11,40,183,189
13,55,201,228
11,89,231,286
13,143,249,266
12,193,281,241
8,215,313,256
11,260,328,222
16,274,355,211
9,257,382,233
9,241,410,238
9,224,423,247
7,216,438,258
7,212,440,245
13,211,421,274
8,192,414,298
9,174,410,331
9,156,399,377
16,145,380,390
12,146,362,392
7,149,360,389
8,149,347,399
9,146,344,398
9,149,340,405
6,153,349,394
6,162,367,382
9,158,374,389
23,160,363,388
46,165,350,387
47,171,368,385
71,182,348,381
79,190,355,378
101,186,341,368
74,182,373,381
76,183,377,378
70,170,392,373
82,154,368,379
63,158,391,366
52,150,389,361
45,141,382,361
40,145,379,340
36,144,376,342
31,142,368,343
21,143,362,336
14,146,357,332
9,126,340,336
12,109,302,354
7,77,268,370
6,49,225,372
13,20,186,376
7,9,184,369
4,7,171,369
6,6,157,359
9,8,130,350
12,12,112,296
6,8,117,246
4,11,122,224
8,8,117,220
9,8,125,220
4,8,132,209
10,10,148,219
4,6,160,301
8,6,163,285
9,8,163,291
9,6,162,282
8,8,164,271
4,9,177,279
9,6,179,275
11,7,168,265
0,0,0,0
0,0,0,0
0,0,0,0
0,0,0,0
0,0,0,0
0,0,0,0
0,0,0,0
0,0,0,0
0,0,0,0
0,0,0,0
0,0,0,0
0,0,0,0
0,0,0,0
0,0,0,0
0,0,0,0
0,0,0,0
0,0,0,0
0,0,0,0
0,0,0,0
0,0,0,0
0,0,0,0
0,0,0,0
0,0,0,0
0,0,0,0
0,0,0,0
0,0,0,0
0,0,0,0
0,0,0,0
0,0,0,0
0,0,0,0
0,0,0,0
0,0,0,0
0,0,0,0
0,0,0,0
0,0,0,0
0,0,0,0
0,0,0,0
0,0,0,0
0,0,0,0
0,0,0,0
0,0,0,0
0,0,0,0
0,0,0,0
113,6,153,198
111,9,174,205
87,9,215,203
66,10,228,210
32,11,259,219
28,4,262,230
28,6,272,279
17,9,295,322
31,8,238,370
27,6,257,369
7,7,287,376
4,12,326,350
17,16,420,461
25,12,493,512
40,12,582,515
16,4,768,546
69,12,907,643
150,8,1018,658
219,10,1042,696
335,28,937,681
399,72,854,636
399,134,873,578
396,179,875,535
446,178,829,533
755,162,525,558
1011,151,269,569
0,0,0,0
0,0,0,0
0,0,0,0
0,0,0,0
0,0,0,0
664,141,603,457
562,63,682,547
490,107,625,497
491,101,495,483
490,79,433,463
502,50,366,406
512,39,332,383
525,72,308,305
522,38,310,321
557,30,276,329
544,31,286,329
557,37,284,317
557,59,298,297
568,75,304,277
575,84,307,230
591,68,288,216
591,66,285,220
596,67,283,218
608,73,272,210
616,85,256,205
613,97,249,200
601,108,246,187
582,129,248,172
554,131,237,164
530,133,219,173
514,137,205,173
510,126,180,183
496,124,173,180
477,115,169,191
450,116,172,188
431,103,176,186
423,86,180,193
408,74,191,197
398,68,190,184
388,59,206,179
386,45,202,187
380,44,214,192
379,42,211,205
380,55,216,208
388,53,210,216
391,58,216,211
397,64,217,201
401,64,221,202
401,61,224,206
393,61,234,211
389,70,233,200
380,69,234,207
372,58,226,229
392,46,191,237
386,39,192,248
384,25,190,263
380,13,180,277
358,18,200,268
339,16,210,278
321,12,212,282
287,9,218,272
255,4,235,311
219,9,239,330
175,11,244,319
134,8,254,302
121,11,231,271
118,8,215,248
126,12,199,234
155,8,193,219
189,7,198,225
215,8,184,209
235,4,189,226
246,10,191,245
263,7,196,290
281,6,177,287
294,8,149,269
297,9,148,252
278,7,152,260
253,6,167,255
247,6,157,243
247,2,164,226
267,5,149,206
0,0,0,0
0,0,0,0
0,0,0,0
0,0,0,0
0,0,0,0
0,0,0,0
0,0,0,0
0,0,0,0
0,0,0,0
0,0,0,0
0,0,0,0
0,0,0,0
0,0,0,0
0,0,0,0
7,6,722,274
13,8,751,340
11,11,790,354
6,8,806,363
14,10,807,371
12,11,741,367
19,6,663,380
4,8,677,389
12,9,677,369
11,8,674,330
11,7,608,355
8,10,510,319
12,8,482,321
6,11,468,303
7,10,399,255
12,19,249,225
0,0,0,0
0,0,0,0
0,0,0,0
0,0,0,0
0,0,0,0
0,0,0,0
0,0,0,0
0,0,0,0
0,0,0,0
0,0,0,0
0,0,0,0
0,0,0,0
0,0,0,0
0,0,0,0
0,0,0,0
0,0,0,0
0,0,0,0
0,0,0,0
0,0,0,0
0,0,0,0
0,0,0,0
0,0,0,0
0,0,0,0
0,0,0,0
0,0,0,0
0,0,0,0
0,0,0,0
0,0,0,0
0,0,0,0
0,0,0,0
0,0,0,0
0,0,0,0
0,0,0,0
0,0,0,0
0,0,0,0
0,0,0,0
0,0,0,0
0,0,0,0
0,0,0,0
0,0,0,0
0,0,0,0
0,0,0,0
92,8,123,80
82,6,104,88
66,10,98,97
39,26,87,103
23,53,87,104
25,75,70,92
48,111,73,104
94,134,72,92
129,150,69,95
160,179,70,76
189,171,73,96
219,188,78,86
234,184,76,83
258,190,75,89
270,180,69,95
269,186,67,85
270,190,53,67
277,179,32,73
0,0,0,0
0,0,0,0
0,0,0,0
0,0,0,0
0,0,0,0
0,0,0,0
0,0,0,0
0,0,0,0
0,0,0,0
0,0,0,0
0,0,0,0
0,0,0,0
0,0,0,0
0,0,0,0
0,0,0,0
0,0,0,0
0,0,0,0
0,0,0,0
0,0,0,0
207,260,55,94
196,276,55,111
165,279,76,149
172,309,58,152
164,351,86,151
193,350,93,172
208,354,102,171
203,350,120,183
209,347,122,184
238,334,131,188
264,333,136,189
291,331,138,191
302,330,152,186
304,319,133,197
294,324,135,191
275,321,140,198
275,322,129,208
274,322,117,207
262,329,134,218
249,340,143,207
242,343,139,216
218,349,143,221
203,341,122,235
188,353,126,224
173,345,129,241
160,355,129,236
151,349,135,262
136,367,145,252
131,374,152,257
120,390,161,248
122,396,158,250
118,388,144,259
107,399,151,263
108,387,153,275
116,369,159,277
121,359,162,285
126,360,160,285
131,362,165,284
144,370,162,291
146,381,168,278
149,372,167,292
155,372,170,296
163,368,173,309
160,377,181,303
175,377,171,310
179,377,169,311
180,385,178,310
187,370,183,323
191,369,181,326
181,373,195,326
183,379,193,321
188,386,200,309
180,393,222,294
196,388,212,295
199,392,222,291
173,392,248,290
158,393,268,290
160,378,255,297
156,379,259,298
149,380,257,293
136,369,241,303
132,358,240,319
129,355,228,301
142,345,203,301
134,334,206,309
136,323,188,314
129,314,191,312
131,305,191,312
123,302,198,298
129,307,183,284
133,295,160,278
139,285,145,275
142,268,151,282
144,272,162,265
139,272,167,248
129,274,181,253
111,285,199,247
68,282,234,239
38,282,268,243
28,285,274,239
19,287,281,249
8,292,293,260
6,298,295,273
4,301,293,268
7,314,293,266
9,312,288,269
11,305,271,265
9,297,221,271
3,286,169,286
13,290,113,286
19,305,76,260
11,349,82,220
0,0,0,0
0,0,0,0
0,0,0,0
0,0,0,0
0,0,0,0
0,0,0,0
0,0,0,0
0,0,0,0
0,0,0,0
0,0,0,0
0,0,0,0
0,0,0,0
0,0,0,0
0,0,0,0
0,0,0,0
0,0,0,0
0,0,0,0
0,0,0,0
0,0,0,0
0,0,0,0
0,0,0,0
0,0,0,0
0,0,0,0
0,0,0,0
0,0,0,0
0,0,0,0
0,0,0,0
0,0,0,0
0,0,0,0
0,0,0,0
0,0,0,0
0,0,0,0
0,0,0,0
0,0,0,0
0,0,0,0
0,0,0,0
0,0,0,0
0,0,0,0
0,0,0,0
0,0,0,0
0,0,0,0
0,0,0,0
0,0,0,0
0,0,0,0
0,0,0,0
0,0,0,0
0,0,0,0
0,0,0,0
0,0,0,0
0,0,0,0
0,0,0,0
0,0,0,0
0,0,0,0
0,0,0,0
0,0,0,0
0,0,0,0
0,0,0,0
0,0,0,0
0,0,0,0
0,0,0,0
0,0,0,0
0,0,0,0
0,0,0,0
0,0,0,0
0,0,0,0
0,0,0,0
0,0,0,0
0,0,0,0
0,0,0,0
0,0,0,0
0,0,0,0
0,0,0,0
0,0,0,0
0,0,0,0
0,0,0,0
0,0,0,0
0,0,0,0
0,0,0,0
0,0,0,0
0,0,0,0
0,0,0,0
0,0,0,0
0,0,0,0
0,0,0,0
0,0,0,0
0,0,0,0
0,0,0,0
0,0,0,0
0,0,0,0
0,0,0,0
0,0,0,0
0,0,0,0
0,0,0,0
0,0,0,0
0,0,0,0
0,0,0,0
0,0,0,0
0,0,0,0
0,0,0,0
0,0,0,0
0,0,0,0
0,0,0,0
0,0,0,0
0,0,0,0
0,0,0,0
0,0,0,0
0,0,0,0
0,0,0,0
0,0,0,0
0,0,0,0
0,0,0,0
0,0,0,0
0,0,0,0
0,0,0,0
0,0,0,0
0,0,0,0
0,0,0,0
0,0,0,0
0,0,0,0
0,0,0,0
0,0,0,0
0,0,0,0
0,0,0,0
0,0,0,0
0,0,0,0
0,0,0,0
0,0,0,0
0,0,0,0
0,0,0,0
0,0,0,0
0,0,0,0
0,0,0,0
0,0,0,0
0,0,0,0
0,0,0,0
0,0,0,0
0,0,0,0
0,0,0,0
0,0,0,0
0,0,0,0
0,0,0,0
0,0,0,0
0,0,0,0
0,0,0,0
0,0,0,0
0,0,0,0
0,0,0,0
0,0,0,0
0,0,0,0
0,0,0,0
0,0,0,0
0,0,0,0
0,0,0,0
0,0,0,0
0,0,0,0
0,0,0,0
0,0,0,0
0,0,0,0
0,0,0,0
0,0,0,0
0,0,0,0
0,0,0,0
0,0,0,0
0,0,0,0
0,0,0,0
0,0,0,0
0,0,0,0
0,0,0,0
0,0,0,0
0,0,0,0
0,0,0,0
0,0,0,0
0,0,0,0
0,0,0,0
0,0,0,0
0,0,0,0
0,0,0,0
4,172,57,135
5,165,49,132
5,171,49,129
5,183,57,125
3,193,74,120
9,198,73,127
8,193,89,126
25,181,98,112
70,164,95,114
126,150,93,111
198,146,87,107
246,149,82,107
283,149,66,117
298,155,66,110
315,150,65,106
341,139,73,104
360,134,89,118
372,134,86,112
390,139,84,99
395,153,91,97
410,169,82,95
416,189,86,93
424,200,76,91
431,216,86,80
439,216,82,86
449,221,84,79
463,221,80,83
471,220,74,77
478,225,73,74
485,222,69,78
494,224,66,72
498,221,72,72
505,218,70,63
515,213,58,60
513,200,69,72
521,197,60,66
522,195,64,69
525,186,66,74
542,183,51,66
541,174,58,60
547,165,60,58
547,164,68,56
551,158,75,60
560,156,75,63
563,154,78,64
568,148,75,75
567,151,82,66
566,146,87,72
563,146,94,70
564,146,94,67
562,146,98,72
563,148,101,70
564,150,102,73
560,156,106,70
562,160,107,70
562,170,106,69
560,172,110,70
560,174,113,69
575,182,99,59
583,180,98,67
588,178,97,66
591,181,98,70
599,180,97,73
604,179,95,73
606,181,104,72
610,186,105,72
617,184,104,72
621,187,107,67
623,182,107,75
637,187,95,70
638,188,104,69
642,189,104,67
633,188,117,67
638,190,115,69
651,189,108,69
651,188,107,70
654,187,103,77
658,192,106,70
658,190,110,70
662,197,112,70
658,198,122,65
656,192,124,73
646,191,136,78
646,193,135,75
645,191,127,69
629,194,123,73
618,189,112,70
599,194,97,70
572,201,102,70
557,201,97,73
537,204,105,69
524,209,103,73
502,218,107,63
485,222,103,65
455,228,110,61
423,229,117,66
395,232,110,60
360,237,130,67
348,235,121,67
329,235,124,67
315,237,120,63
312,231,106,69
308,230,103,75
310,224,106,75
314,219,102,77
304,216,107,82
308,211,106,74
310,205,110,77
313,201,105,79
314,190,110,79
322,190,110,72
322,186,113,78
325,188,114,80
325,183,120,77
336,188,117,76
341,186,117,74
346,187,115,75
349,188,121,73
354,189,122,67
357,188,122,69
360,188,122,73
362,183,120,77
368,188,113,69
370,181,116,72
374,181,111,75
380,185,104,68
382,182,99,69
385,184,96,68
393,183,87,72
388,181,94,76
391,181,87,70
385,178,96,79
387,177,92,75
387,178,95,76
397,180,83,74
398,179,84,73
391,179,89,74
395,181,89,72
396,181,88,69
397,181,91,72
396,179,94,75
400,177,89,83
396,179,94,76
398,180,95,75
399,180,91,75
398,179,94,76
400,180,89,75
401,182,93,69
396,182,96,75
396,183,94,70
400,183,94,75
404,184,88,75
404,178,86,79
404,181,88,77
402,182,89,74
404,183,88,68
404,182,86,72
411,180,80,78
418,185,76,76
424,189,73,70
433,190,69,70
442,193,72,69
455,198,70,69
474,206,65,73
497,227,57,77
513,252,59,76
533,263,58,69
549,269,58,68
570,272,60,70
588,273,57,72
602,273,53,66
607,267,54,66
611,262,55,66
607,255,63,66
611,246,53,70
611,246,55,64
615,243,47,66
621,240,42,72
623,240,42,73
624,239,39,72
619,240,50,72
617,241,53,75
626,242,39,69
626,240,40,80
626,238,35,75
623,236,39,76
602,242,51,69
596,240,55,76
596,242,58,79
590,244,63,75
585,243,67,75
579,252,63,68
572,247,74,72
568,248,77,76
564,241,78,84
560,245,82,82
556,249,78,75
551,247,72,78
549,248,74,75
544,247,74,79
537,245,73,82
539,244,74,86
535,242,78,84
531,245,78,85
531,249,74,80
524,247,82,82
520,246,79,84
512,241,86,89
505,239,93,93
502,245,86,87
504,241,74,89
497,238,74,86
495,242,60,86
493,236,63,95
492,236,60,101
486,244,55,95
481,243,58,93
478,241,57,98
478,237,53,101
474,234,51,104
471,232,54,107
463,230,50,112
456,231,58,105
450,231,54,105
445,233,56,99
435,230,65,105
427,228,67,103
419,224,69,117
408,221,68,117
393,220,73,116
379,219,74,114
366,218,75,113
363,212,74,118
357,210,83,120
348,211,84,122
348,211,78,124
339,209,87,126
333,205,82,131
325,210,85,129
325,215,83,115
332,213,72,115
329,211,75,121
322,206,74,130
317,202,86,143
316,198,84,146
315,198,75,142
315,192,77,149
310,190,83,144
310,192,80,140
302,192,92,139
304,178,92,141
310,171,94,144
310,162,102,157
325,147,94,165
345,135,94,172
360,129,106,170
388,125,98,168
413,127,89,164
435,127,102,158
459,120,103,164
482,130,107,161
512,130,107,158
533,134,113,167
543,137,120,171
550,141,117,176
551,137,126,186
552,142,136,179
557,143,145,173
561,134,150,181
564,126,161,179
560,117,170,180
556,112,179,179
551,99,182,195
544,92,195,199
535,83,209,206
531,85,211,202
523,78,224,209
521,74,236,199
520,70,248,199
511,67,264,203
504,65,274,201
486,74,290,198
482,67,279,198
475,60,273,215
471,58,272,216
461,64,290,206
450,77,295,195
439,75,313,205
431,83,329,202
426,86,336,206
424,88,328,225
428,101,316,237
429,112,324,235
434,131,347,221
442,150,350,212
437,152,385,222
445,160,379,219
437,165,385,220
431,163,352,228
430,162,330,226
427,167,330,224
411,173,351,211
402,173,367,209
398,179,363,203
379,165,344,221
370,168,328,208
355,169,334,211
352,173,348,209
346,182,343,201
328,189,344,187
322,190,313,188
310,182,320,195
307,177,320,200
304,179,326,200
310,175,315,208
306,181,316,199
312,192,287,193
317,202,245,186
315,197,217,191
320,196,219,196
352,211,188,182
372,212,179,182
388,202,151,177
404,207,114,154
445,201,73,124
431,180,99,122
450,173,74,107
319,142,77,113
323,142,82,113
325,149,104,108
335,159,93,113
351,187,88,98
360,173,91,106
376,158,87,121
395,153,86,123
400,136,108,131
435,152,75,111
461,163,53,86
478,173,58,77
492,163,64,80
507,163,57,83
528,162,45,73
0,0,0,0
0,0,0,0
0,0,0,0
0,0,0,0
0,0,0,0
0,0,0,0
0,0,0,0
0,0,0,0
0,0,0,0
0,0,0,0
0,0,0,0
0,0,0,0
0,0,0,0
0,0,0,0
0,0,0,0
0,0,0,0
0,0,0,0
0,0,0,0
0,0,0,0
0,0,0,0
0,0,0,0
0,0,0,0
0,0,0,0
0,0,0,0
0,0,0,0
0,0,0,0
0,0,0,0
0,0,0,0
0,0,0,0
0,0,0,0
0,0,0,0
0,0,0,0
0,0,0,0
0,0,0,0
0,0,0,0
0,0,0,0
0,0,0,0
0,0,0,0
0,0,0,0
0,0,0,0
