328,133,388,547
321,133,388,547
321,133,388,547
321,133,388,547
321,133,388,558
321,133,388,558
313,133,404,558
313,133,404,558
313,133,404,558
313,133,404,558
313,133,404,558
313,133,404,558
313,133,396,558
313,133,396,569
313,133,396,569
313,133,396,569
313,133,396,569
313,133,396,569
313,133,396,580
313,133,404,580
313,133,404,580
313,133,412,580
313,133,412,580
313,133,420,580
313,133,420,587
313,133,428,587
313,133,436,587
313,133,445,587
313,133,445,587
313,133,445,587
313,133,436,587
313,133,436,587
313,133,436,587
313,133,436,587
313,133,436,587
313,133,427,587
313,133,427,587
313,133,435,587
313,133,435,587
313,133,444,587
313,133,444,587
313,133,444,587
313,133,453,587
313,121,462,599
314,113,461,586
320,98,469,573
316,70,488,572
326,48,488,560
321,31,498,571
316,26,508,593
316,14,508,605
316,26,498,605
316,26,498,617
326,38,478,617
326,38,488,629
326,51,478,629
326,51,478,629
326,51,478,629
326,51,478,629
326,51,468,616
326,51,468,616
326,39,477,628
326,39,477,615
326,39,487,615
326,39,497,615
336,39,487,603
336,39,497,591
336,27,517,568
336,27,527,546
336,27,486,579
336,15,476,602
336,15,486,602
336,27,476,578
336,27,476,578
336,27,476,578
336,15,486,578
336,15,486,566
336,15,486,554
336,15,496,543
336,15,496,543
336,15,496,543
336,15,486,543
336,15,476,543
336,4,466,554
336,4,466,565
336,4,457,565
336,4,448,565
345,4,439,565
345,4,439,565
345,4,439,565
345,4,439,565
345,4,439,565
345,4,439,565
345,4,448,565
345,4,430,565
345,4,389,576
345,4,389,576
345,4,389,576
345,4,389,576
345,4,389,576
345,4,389,564
345,4,397,564
345,4,405,564
345,4,413,575
345,4,413,575
345,4,413,575
345,1,405,589
345,1,397,589
353,1,381,589
353,1,373,589
353,1,366,589
353,1,359,589
360,1,345,589
353,1,352,589
353,1,352,577
353,1,352,577
353,1,374,577
346,1,389,577
346,1,397,577
346,1,405,577
335,1,430,565
340,1,456,576
340,1,484,564
334,1,513,575
334,1,523,575
334,13,533,552
334,13,533,509
334,23,522,451
334,23,543,416
334,23,543,416
334,23,553,424
345,23,542,432
334,23,564,432
323,14,575,449
323,14,575,449
335,14,564,467
352,19,542,431
379,23,510,415
416,19,470,423
422,15,460,431
427,2,441,449
432,1,424,454
424,1,424,445
432,10,399,427
459,19,361,410
473,20,341,427
505,16,302,427
539,12,267,445
562,12,241,436
567,13,236,419
570,34,236,372
575,43,236,344
573,62,250,337
571,68,255,350
571,75,255,350
581,85,245,350
596,89,230,316
617,106,208,292
634,107,200,292
652,116,181,292
658,113,177,297
660,116,177,297
657,122,195,274
657,128,191,242
653,133,195,237
647,126,195,247
639,126,195,252
635,121,191,252
637,124,180,228
642,127,170,219
650,138,154,219
655,143,134,214
656,142,118,222
649,146,111,218
642,155,100,205
641,159,87,181
630,171,79,185
612,180,72,188
595,189,67,188
580,194,67,188
570,199,63,177
560,201,55,164
550,205,53,160
543,212,50,163
541,220,44,157
531,227,46,157
510,231,56,154
505,236,56,148
500,241,56,148
496,249,54,136
495,251,54,138
494,254,56,138
501,261,55,135
515,265,49,124
526,270,47,120
531,277,63,110
537,281,63,106
537,283,61,106
536,281,63,110
535,279,63,107
537,283,64,103
537,279,64,103
531,274,68,109
525,273,69,107
520,268,69,107
524,266,61,107
531,268,59,103
539,272,63,88
542,272,59,88
543,272,59,88
546,270,63,93
551,271,60,91
553,273,53,87
555,268,54,89
556,266,54,89
557,262,52,89
555,259,53,89
556,264,52,87
560,269,53,85
568,267,53,85
572,266,55,87
576,256,57,94
582,256,57,94
586,251,55,96
594,255,50,92
600,255,46,90
606,255,40,88
609,253,39,88
612,253,36,88
615,253,36,88
615,256,36,86
614,262,34,83
612,263,34,83
614,267,33,79
614,266,34,78
614,266,35,78
614,269,35,76
612,270,37,72
610,270,39,69
608,270,39,66
606,270,39,66
601,270,39,63
601,270,39,63
597,269,39,63
594,269,39,63
594,269,39,63
591,269,38,58
577,269,41,58
568,269,42,59
563,273,40,57
559,273,44,58
553,273,51,58
548,272,56,59
549,269,55,58
550,270,54,57
551,268,56,56
551,268,56,56
540,269,48,61
540,274,46,59
537,279,46,59
528,274,45,58
523,274,45,58
527,279,46,59
527,284,47,66
524,288,45,62
520,291,45,58
523,298,45,59
527,306,44,56
527,312,31,51
524,319,48,55
521,318,47,54
518,321,44,54
518,319,45,57
521,322,39,55
522,325,37,54
522,324,38,56
519,329,36,53
516,328,40,60
515,331,39,59
514,334,40,57
514,326,53,64
510,327,55,68
508,328,56,69
508,332,56,68
509,337,54,65
507,337,54,63
506,336,56,66
506,336,57,69
504,337,58,63
500,338,64,67
499,337,67,70
496,333,69,74
494,334,70,77
495,334,69,81
494,333,72,84
490,335,75,85
489,336,80,87
488,341,80,84
485,346,82,84
481,345,84,86
480,343,82,93
479,343,78,97
480,344,76,95
479,342,79,99
478,341,81,101
479,347,79,99
479,347,79,99
480,348,77,97
475,348,83,97
471,343,84,97
467,342,88,99
464,339,90,101
459,336,92,107
458,335,90,109
453,334,92,111
452,333,94,113
451,332,96,115
449,330,96,120
449,325,92,120
449,325,92,120
451,328,88,115
448,327,96,117
443,324,102,121
443,324,102,121
442,323,108,123
442,323,108,123
442,323,108,121
442,323,112,121
442,323,112,121
442,323,112,121
442,323,112,121
442,308,116,134
442,308,116,134
442,308,116,134
441,307,118,137
440,306,120,140
440,306,120,140
433,300,130,149
433,300,130,149
436,303,125,143
437,305,123,140
437,302,123,140
437,302,113,143
436,294,115,146
435,293,117,149
439,280,116,161
439,280,123,161
442,282,119,158
442,282,119,158
442,273,119,164
442,273,119,164
442,273,124,164
442,273,124,164
442,273,124,164
442,266,124,171
441,265,129,177
435,263,135,181
434,261,138,185
433,259,141,189
432,257,141,178
432,250,141,178
432,250,130,178
426,240,141,182
422,229,150,186
421,219,156,190
420,217,159,194
420,217,159,194
420,209,208,186
418,207,212,190
416,197,220,198
414,195,224,202
412,193,228,206
412,193,233,210
410,191,238,214
408,189,243,218
406,187,248,222
406,187,248,222
404,185,258,226
407,183,258,231
405,181,263,236
403,179,268,241
401,177,273,246
399,175,278,251
396,168,290,256
393,166,290,261
390,164,296,261
393,162,296,266
390,160,302,271
393,158,302,276
390,155,308,276
387,152,314,282
384,149,320,288
381,146,326,294
378,143,333,300
375,140,340,300
372,137,340,306
369,140,340,306
369,140,340,306
362,134,354,318
355,128,346,331
345,125,345,324
352,132,339,311
349,129,339,323
339,126,353,329
336,123,346,329
333,120,353,336
333,120,346,336
330,117,346,343
327,107,353,357
324,104,346,357
321,101,360,364
318,98,360,364
315,95,367,371
312,92,366,370
309,89,380,377
321,85,373,385
318,81,380,385
318,81,388,393
298,69,412,401
294,65,428,409
295,57,427,409
287,49,444,417
278,41,453,434
269,32,461,443
265,28,461,443
261,24,392,452
257,20,416,461
253,16,432,461
240,12,450,470
231,12,459,470
227,8,468,460
223,4,487,478
218,1,487,476
208,1,497,476
203,1,507,491
213,1,497,491
213,1,497,491
218,6,497,491
236,1,487,501
239,1,497,511
239,1,497,521
244,6,487,511
244,6,506,542
244,6,506,531
244,1,496,525
254,1,486,515
254,1,476,515
259,1,457,531
273,6,475,521
274,1,514,558
295,1,484,558
301,1,474,575
307,1,483,581
312,18,493,570
287,35,513,581
279,64,513,570
243,100,503,558
248,95,523,547
261,84,533,547
279,90,533,558
284,96,533,547
279,91,555,558
290,102,566,558
279,91,589,569
291,102,577,558
291,102,577,558
291,102,577,558
291,102,577,558
291,102,589,558
279,102,601,569
279,102,613,569
279,102,638,569
292,113,613,569
292,113,625,569
292,113,600,607
292,113,612,595
286,107,599,607
280,101,599,607
274,95,587,607
268,89,587,619
268,89,587,619
268,101,587,607
268,101,575,607
280,101,575,607
280,101,586,607
292,89,574,607
292,89,585,607
292,89,585,607
292,89,633,595
292,77,659,595
305,53,646,571
318,53,672,571
318,42,699,571
311,37,756,570
296,37,786,605
312,37,770,593
312,37,785,593
312,49,801,593
296,37,833,581
296,37,849,581
296,37,866,569
288,32,883,557
297,27,865,568
271,22,918,627
297,22,917,627
332,28,899,640
340,28,917,640
353,28,917,640
353,28,927,640
390,15,890,590
408,27,872,578
391,27,889,589
374,31,906,521
338,21,942,490
319,21,961,500
300,31,980,500
313,31,967,520
278,36,1002,531
242,42,1038,531
206,48,1074,553
159,47,1121,541
139,53,1141,508
102,48,1178,487
52,48,1228,506
1,33,1265,526
1,12,1239,536
1,12,1212,557
23,1,1163,535
105,6,1093,534
135,23,1070,590
152,23,1027,602
188,23,967,567
181,23,948,567
146,18,986,566
110,13,985,565
49,8,1005,576
13,2,1025,565
3,1,1025,571
24,1,1005,475
44,1,985,389
44,1,965,344
44,1,965,325
35,1,965,305
35,1,984,305
65,1,945,327
72,1,964,327
88,4,963,321
79,1,1001,334
109,5,1000,327
115,1,1019,325
151,1,1019,322
187,1,1019,325
218,1,1018,335
224,1,1038,328
240,1,1040,332
245,1,1035,332
271,1,1009,338
235,1,1045,368
219,1,1061,358
193,1,1087,419
199,1,1081,424
290,5,990,415
349,5,931,415
386,1,894,410
378,1,902,402
309,1,971,436
269,1,989,405
217,1,1008,397
146,1,1028,413
168,1,968,417
181,1,930,426
146,1,948,431
139,1,948,448
123,1,929,470
88,1,929,472
88,7,928,511
70,43,926,510
45,83,945,574
55,131,908,551
272,109,671,596
305,103,645,596
343,89,595,584
330,89,595,584
323,106,560,562
310,128,549,551
303,134,527,540
324,145,496,519
339,150,467,519
344,155,449,509
349,150,440,519
363,155,414,509
383,160,398,499
408,175,382,479
436,185,374,479
469,195,373,469
505,195,388,487
530,174,395,516
531,140,395,516
552,98,357,526
555,68,357,526
572,38,379,526
585,8,387,515
591,1,402,501
592,1,418,485
600,1,427,473
605,1,426,456
605,1,435,435
605,1,435,432
601,1,435,427
592,1,426,417
583,1,409,400
558,1,409,400
537,1,400,404
507,1,384,426
478,1,376,434
448,1,361,434
398,1,347,434
361,1,340,434
318,1,340,434
297,1,333,438
278,1,326,438
266,1,319,438
263,14,319,438
275,23,301,421
275,31,295,421
269,41,295,412
263,50,289,404
257,50,283,403
260,54,277,395
271,69,272,387
282,80,272,380
295,81,272,387
301,85,277,387
316,89,277,387
336,93,272,387
323,89,282,403
320,85,288,411
317,81,288,419
317,81,282,419
314,86,282,427
314,86,282,418
314,78,288,426
314,78,300,426
314,69,300,435
314,69,312,435
314,69,312,444
314,78,312,435
314,78,312,435
314,78,312,435
314,78,312,435
314,78,312,444
320,87,312,435
320,87,312,435
326,87,306,444
332,87,300,444
332,87,300,444
332,96,306,444
332,96,306,444
332,105,306,444
332,105,306,444
332,105,306,444
332,114,306,444
332,114,306,435
332,123,294,435
338,123,294,435
338,123,294,435
338,132,294,426
338,149,294,409
338,149,294,409
344,157,294,401
338,173,306,393
338,189,306,370
338,196,312,362
338,203,312,362
338,203,312,362
344,203,300,362
344,203,300,362
344,203,294,362
344,203,294,362
344,203,277,362
344,203,266,362
344,203,261,362
344,203,266,362
344,203,266,362
344,203,266,362
344,203,261,362
344,203,261,362
344,203,261,362
344,203,261,362
344,203,256,362
344,203,256,362
344,203,256,355
349,196,251,362
349,196,251,362
349,196,251,355
349,196,246,362
349,196,246,362
349,196,246,362
349,196,246,362
349,196,246,362
349,196,241,362
349,196,241,362
349,196,241,362
344,196,241,362
344,196,241,362
344,189,241,369
339,196,241,362
339,182,241,369
334,182,246,369
334,189,236,369
334,182,236,369
334,182,236,369
325,182,241,369
325,182,241,369
325,182,241,369
315,182,246,369
315,182,241,369
315,182,241,369
305,175,246,369
303,171,241,362
289,151,241,362
275,131,241,362
259,115,246,377
264,123,241,362
271,120,241,369
280,140,236,362
280,133,241,369
280,133,246,369
280,133,241,369
280,133,241,369
280,133,241,369
280,133,241,369
280,140,241,362
280,133,241,369
280,133,241,376
275,141,241,368
275,141,241,368
275,141,241,368
275,141,241,368
275,134,241,368
270,134,241,368
270,127,241,375
270,127,241,375
270,127,241,375
270,127,241,375
265,127,241,375
265,127,241,375
265,120,246,375
265,120,246,375
265,120,241,375
265,113,241,375
265,113,236,375
265,113,236,375
260,113,241,375
255,106,246,383
255,106,246,383
255,106,251,383
255,98,251,383
255,98,256,383
255,98,256,383
255,98,256,383
255,83,256,391
255,91,256,383
255,83,256,391
255,83,256,391
255,83,256,383
255,83,256,383
255,76,256,398
255,76,251,398
255,60,251,414
255,52,251,422
255,52,251,422
255,52,251,422
255,52,246,422
255,27,241,439
255,36,241,430
255,27,236,447
250,36,241,438
250,36,241,438
250,36,241,438
250,36,241,429
250,36,241,429
250,36,241,438
255,36,241,438
255,36,241,429
255,45,256,429
255,71,266,404
255,79,282,396
255,79,288,396
255,95,300,380
255,110,312,365
255,110,318,365
255,110,337,365
255,110,351,365
255,110,365,365
255,110,365,365
255,110,372,358
262,117,379,351
262,117,386,351
262,117,394,351
262,117,402,351
262,117,410,351
262,117,410,344
262,117,418,344
262,117,426,351
262,110,434,351
271,110,434,358
276,107,434,358
276,107,434,358
281,111,443,372
277,108,443,343
277,122,461,329
277,129,452,316
277,135,470,316
277,135,479,316
277,135,488,342
316,135,450,335
352,128,424,356
377,128,407,349
385,121,415,356
403,114,415,363
423,114,415,356
443,121,415,349
446,128,440,335
462,132,448,334
461,129,466,327
477,126,475,347
482,130,495,340
482,110,515,361
503,103,515,368
513,103,515,368
535,103,515,368
526,88,547,383
526,96,558,360
498,100,580,339
475,93,591,353
452,86,603,360
464,86,591,367
447,83,591,381
442,87,579,381
419,104,590,388
414,100,578,380
373,104,590,373
333,108,613,373
297,108,625,373
260,108,650,373
236,108,663,373
211,108,650,366
194,119,624,352
158,126,612,338
126,136,649,344
90,149,649,318
47,158,662,318
17,165,648,324
1,171,627,330
1,181,585,311
1,187,573,317
1,200,561,330
1,197,555,351
1,197,555,351
1,194,560,358
1,194,571,365
1,201,582,358
42,198,570,358
65,205,582,344
100,212,582,324
111,218,593,324
105,208,617,344
111,212,629,344
142,216,593,337
171,207,581,343
188,211,581,357
205,215,570,357
205,215,570,357
205,215,570,357
194,215,593,357
194,215,593,357
182,215,605,357
182,215,605,350
201,212,592,350
225,212,569,350
255,209,546,357
266,209,535,350
287,202,524,357
303,206,523,364
303,206,533,357
329,210,523,364
329,210,523,371
319,210,533,371
314,207,544,364
303,200,544,364
314,193,533,364
335,186,512,364
345,179,502,357
345,172,511,363
361,162,490,370
361,162,490,363
361,162,490,363
361,162,510,363
361,169,520,356
367,166,519,363
362,156,540,370
368,153,540,377
368,153,540,377
374,157,529,370
374,157,529,442
400,162,509,433
425,166,469,425
439,162,460,425
457,153,442,433
453,148,441,433
444,139,450,442
426,139,459,442
426,148,459,424
422,144,468,424
413,144,468,424
422,144,468,424
413,144,477,383
413,144,477,467
413,144,487,467
423,144,477,467
433,135,467,476
433,135,458,476
433,125,458,476
433,125,467,476
433,125,458,466
433,125,476,457
429,112,486,467
424,108,496,466
424,99,496,466
434,99,496,466
434,99,506,456
444,99,506,456
444,99,506,456
439,86,516,465
444,82,526,465
439,78,548,465
450,69,559,465
461,60,559,474
483,60,559,474
494,51,559,483
494,32,582,503
500,17,594,483
494,12,618,513
506,2,618,523
494,2,630,523
469,1,655,524
444,1,668,524
419,1,681,524
393,1,695,524
374,1,695,529
355,1,709,534
322,1,709,528
290,1,709,539
241,1,723,575
201,3,737,597
162,1,766,614
144,8,751,626
141,14,736,614
153,8,707,613
155,1,693,608
136,7,706,608
117,26,720,595
99,56,734,571
93,88,733,559
107,114,719,559
74,145,748,538
75,160,748,538
68,177,762,516
68,177,762,516
68,188,762,526
53,188,777,439
61,193,777,430
30,219,808,438
30,237,808,429
30,237,808,429
29,233,807,429
11,229,806,421
1,221,806,438
16,217,774,447
5,217,774,447
10,217,759,447
3,231,774,429
1,235,774,421
21,227,743,429
21,218,743,438
14,214,758,447
44,205,742,456
37,201,757,465
76,188,741,455
94,175,756,464
94,175,756,464
79,175,802,455
79,175,802,455
79,175,802,455
63,175,834,455
63,166,834,483
87,171,817,474
120,162,784,474
151,153,738,483
151,143,738,473
129,129,768,482
114,130,783,472
106,126,799,471
82,112,831,461
57,108,848,470
66,114,864,460
66,114,881,460
66,114,899,451
94,101,880,479
120,97,863,479
173,72,812,488
191,62,795,488
225,42,748,508
225,42,748,508
210,32,748,508
195,32,763,508
180,32,778,508
164,32,778,498
138,32,778,508
128,32,762,518
155,37,732,550
158,37,703,550
167,32,689,561
169,32,662,561
156,32,662,561
138,27,662,561
125,38,649,561
132,44,636,550
132,55,649,539
145,55,636,539
158,55,636,539
158,66,636,539
158,66,636,550
164,83,624,539
201,83,587,539
247,83,541,528
279,83,509,539
310,72,479,539
310,61,479,550
315,45,479,572
315,34,479,583
315,22,479,594
315,10,469,606
315,10,469,606
306,10,469,606
306,10,450,618
306,10,441,630
306,10,424,630
298,23,424,617
298,23,416,617
298,23,408,617
302,42,392,604
314,47,392,616
322,56,385,616
333,72,393,616
337,66,393,628
346,80,393,615
354,80,386,627
358,74,393,627
366,74,393,627
366,74,385,614
370,68,385,614
366,74,385,614
366,62,385,602
362,56,392,614
354,56,400,614
354,44,400,614
358,50,392,602
362,56,392,590
366,50,392,601
370,56,384,589
374,62,376,577
385,68,376,577
389,74,369,577
389,74,376,577
393,80,369,566
400,80,362,555
404,86,355,544
408,92,348,533
412,87,341,533
419,87,341,544
423,93,341,533
427,98,334,523
424,103,334,513
428,108,327,503
431,103,327,513
434,108,321,503
437,113,315,493
440,118,315,483
443,123,309,474
452,128,297,465
458,128,291,465
458,137,285,456
458,137,285,456
458,146,285,447
452,146,285,447
452,146,291,456
446,146,291,456
446,146,291,456
446,146,285,456
435,146,291,456
435,146,291,456
435,146,291,456
429,146,297,456
429,146,297,456
423,146,303,456
423,146,303,456
423,137,303,465
423,137,303,465
423,137,315,465
423,137,321,465
423,137,334,465
423,128,341,474
423,128,341,474
423,128,348,474
423,128,355,465
416,128,369,465
416,128,369,465
416,128,376,465
408,128,383,465
408,128,391,465
408,128,391,465
408,119,391,474
408,119,399,474
408,119,399,474
408,119,399,474
408,119,399,474
408,119,399,474
408,119,399,474
408,119,399,474
408,119,399,474
408,119,399,474
408,119,399,474
408,119,399,474
408,119,399,474
408,119,399,474
408,119,399,474
408,119,399,474
408,119,399,474
408,119,399,474
400,119,399,474
400,119,399,474
400,128,399,465
400,119,399,474
400,119,399,474
400,119,391,474
392,129,391,464
392,129,391,464
392,129,383,464
392,129,368,473
385,129,368,464
385,129,353,464
385,138,353,455
385,138,353,455
385,138,353,455
385,138,353,455
385,138,346,455
378,138,353,455
378,138,353,446
378,138,346,446
378,138,346,446
378,138,346,446
378,138,346,446
378,138,339,446
378,138,339,437
378,138,339,437
378,138,339,437
378,138,339,437
378,138,339,437
378,138,339,437
378,129,339,437
378,129,339,437
378,129,339,446
378,129,332,446
378,129,332,446
378,129,332,446
378,129,332,446
378,129,332,446
378,129,332,446
378,129,332,446
378,129,332,446
378,129,332,437
378,129,332,437
378,129,332,437
378,129,332,437
378,129,332,437
378,129,332,437
378,120,325,446
372,120,332,446
372,120,325,446
372,120,325,446
343,129,338,446
277,144,352,464
258,164,331,473
224,202,325,446
182,202,325,455
136,207,332,437
100,198,331,446
42,194,344,436
1,199,300,427
1,192,223,427
1,175,152,427
1,176,107,418
1,171,78,418
2,159,78,435
1,159,89,426
1,152,93,434
1,143,100,425
1,126,110,425
2,116,112,417
1,112,124,425
1,113,123,433
1,123,113,433
1,123,104,433
1,127,103,434
1,136,103,434
1,141,107,434
1,158,132,460
1,174,194,468
6,210,241,449
7,227,294,448
59,245,318,430
141,259,305,430
233,271,299,414
303,254,305,431
357,246,304,447
399,255,304,429
444,251,286,429
468,234,298,437
483,219,304,437
499,215,304,436
502,203,310,444
496,203,317,435
502,184,317,435
502,165,317,435
502,146,311,426
496,136,311,434
490,127,317,452
490,127,317,434
490,127,323,443
499,132,317,443
508,128,317,443
511,133,324,425
517,133,317,434
532,129,317,442
532,129,317,433
522,133,324,433
519,129,324,433
513,130,324,432
500,131,330,431
503,127,324,423
503,127,324,423
497,119,330,431
497,119,330,422
497,119,330,422
494,115,330,421
494,107,330,421
494,99,330,429
494,99,330,420
494,91,330,428
501,91,323,428
501,82,323,428
508,83,323,427
512,79,322,427
506,70,328,436
506,70,328,436
506,70,328,427
506,70,328,427
513,70,328,427
513,70,328,418
513,70,341,426
513,70,341,426
513,70,348,426
513,62,376,425
513,62,376,417
513,62,391,425
505,70,407,408
497,70,432,408
497,70,440,408
497,70,449,408
497,70,458,408
497,70,458,400
488,78,467,392
488,78,486,392
488,78,486,392
488,78,506,392
488,78,506,392
461,74,526,384
433,78,537,384
417,99,547,376
413,104,535,376
397,109,535,383
364,124,545,383
348,135,544,382
331,139,544,382
320,148,544,381
297,157,544,380
281,162,543,387
270,170,543,387
265,182,554,379
265,182,543,379
265,182,543,379
276,190,542,371
276,190,542,371
276,190,553,371
276,190,553,371
271,187,575,370
283,187,575,377
283,179,586,385
283,179,597,385
283,187,609,377
277,191,621,370
289,191,633,370
289,191,645,370
302,191,645,370
315,191,645,355
354,184,632,341
392,177,607,348
428,170,583,362
458,167,560,361
458,167,560,368
464,164,560,368
464,164,571,368
453,164,582,368
430,164,606,368
418,164,618,368
418,164,618,368
406,164,618,368
406,164,605,375
418,164,581,375
425,160,569,375
432,164,557,368
410,164,580,368
404,161,592,375
398,157,616,383
398,157,628,383
398,157,640,383
398,149,666,383
398,149,693,383
409,149,693,375
462,149,679,367
501,142,665,374
541,127,639,389
572,123,638,396
577,111,638,396
588,111,638,396
586,103,664,412
598,103,682,412
631,95,649,420
670,78,610,437
670,69,610,455
652,37,628,483
639,56,641,464
652,56,628,446
677,65,603,420
701,48,579,428
712,48,568,428
665,31,615,454
635,27,627,436
604,14,627,454
605,23,602,410
605,47,590,378
612,43,555,401
579,51,577,355
549,55,589,369
537,48,554,369
514,48,554,362
491,48,565,400
490,56,543,384
490,64,532,362
481,75,511,321
418,109,543,290
374,105,542,327
313,115,575,334
333,122,520,296
317,129,509,262
297,144,509,273
286,160,498,278
265,170,498,278
235,179,507,301
163,194,549,313
152,211,538,278
137,221,516,278
129,222,505,307
124,226,494,313
98,235,504,301
103,244,484,295
98,241,474,301
102,244,455,307
112,238,436,294
96,250,454,289
101,247,445,289
101,247,445,289
110,247,436,289
119,259,436,278
133,256,427,284
138,264,426,279
138,264,435,279
134,261,444,285
148,258,435,291
163,261,426,309
163,267,426,296
163,267,434,302
180,267,425,308
197,267,408,308
213,267,392,308
229,267,384,308
244,261,369,314
244,261,369,320
251,255,369,320
251,237,362,320
251,232,362,320
255,223,355,314
259,226,355,308
252,220,355,320
249,210,355,326
249,203,355,333
249,203,355,326
249,203,355,326
249,203,355,326
249,203,355,319
249,203,355,319
242,197,362,325
249,197,355,325
249,197,362,325
249,197,362,325
249,197,362,325
249,197,362,325
249,191,362,325
249,191,369,325
249,178,369,325
249,172,369,325
249,172,369,325
249,172,369,318
249,166,376,318
257,166,361,318
257,166,354,318
257,166,354,318
257,166,368,318
250,166,368,324
250,166,375,324
250,166,375,324
258,160,375,324
258,160,375,324
258,160,375,324
251,160,390,324
243,160,390,324
243,160,390,324
243,160,382,318
243,154,382,318
243,148,382,318
243,148,382,318
243,148,382,318
243,148,382,312
243,148,382,312
243,148,382,325
251,148,374,312
251,148,374,312
251,148,374,312
251,148,374,312
251,148,374,324
251,148,374,324
251,148,374,324
251,148,374,324
258,142,367,330
258,142,367,330
258,142,374,330
258,135,381,337
258,135,381,337
258,135,381,337
258,135,373,337
258,128,373,337
258,121,373,337
265,121,365,337
265,114,365,337
265,114,365,337
272,114,357,337
272,114,357,337
279,114,350,337
279,114,350,330
279,114,350,330
279,114,357,330
286,114,350,337
286,114,350,337
286,114,350,337
286,114,350,337
286,114,350,337
286,114,350,337
286,114,350,337
293,107,350,344
293,107,350,344
293,100,350,344
293,100,350,351
293,93,343,358
293,86,343,372
293,86,343,372
293,86,336,372
293,79,343,372
293,79,343,379
293,79,343,379
293,79,343,379
293,79,343,379
293,79,343,379
293,79,350,379
293,79,350,379
293,49,379,402
293,41,394,418
293,33,410,418
293,33,418,418
293,41,426,401
293,33,426,401
284,33,452,401
284,33,452,417
284,41,452,417
284,49,470,417
284,49,479,417
284,49,498,417
284,57,508,408
284,73,528,400
295,73,517,408
295,81,517,400
316,89,517,392
316,89,527,400
327,89,527,400
327,105,538,392
349,105,527,392
360,105,538,384
360,113,549,376
360,121,560,368
360,136,571,346
366,140,571,339
372,144,583,332
378,148,572,325
396,145,571,332
403,142,570,326
421,139,569,333
427,143,569,326
450,143,557,326
450,143,568,326
450,143,579,326
450,143,591,326
438,143,603,326
438,150,603,353
438,150,615,353
426,157,615,332
450,164,591,339
474,164,556,339
507,157,533,339
518,157,533,339
518,157,512,339
508,150,522,353
508,150,522,353
498,150,532,353
493,161,532,332
504,161,521,332
514,154,511,332
545,154,481,332
583,154,444,332
619,154,410,332
640,144,401,339
648,144,409,339
656,144,401,339
672,151,393,319
672,157,401,313
684,167,393,300
700,167,377,300
715,167,369,318
715,161,369,388
722,161,362,404
729,153,348,412
717,153,348,412
705,145,341,420
693,145,341,412
674,145,341,420
667,145,348,412
664,149,348,403
657,157,355,395
671,157,362,395
693,165,347,403
721,157,333,445
728,157,333,436
734,157,353,427
753,148,353,436
773,157,353,427
771,166,375,436
776,175,383,419
788,175,391,419
800,175,391,410
804,175,399,444
820,175,399,444
820,166,415,462
820,175,423,453
820,184,431,453
829,193,448,426
860,197,420,435
894,197,386,418
910,185,370,443
914,173,363,498
907,163,373,508
902,173,378,498
890,183,378,432
869,197,378,432
848,202,370,423
812,207,377,467
795,198,369,516
771,182,376,526
775,177,369,537
782,167,362,537
802,197,354,523
813,203,354,517
817,218,354,502
821,213,354,507
821,228,361,492
814,243,368,477
799,268,375,452
799,297,375,423
795,327,383,393
779,323,390,397
746,307,406,413
712,291,422,429
691,287,422,433
671,288,422,432
650,300,439,420
655,287,439,433
655,261,448,459
673,225,448,495
673,203,466,517
673,172,485,548
688,146,475,574
665,158,546,562
689,158,546,562
691,134,557,586
687,116,568,604
683,85,591,635
678,79,602,641
679,66,601,654
685,73,595,647
666,80,614,640
646,85,634,635
628,67,652,653
590,54,665,666
556,34,692,686
542,20,706,700
535,13,720,707
542,34,720,686
542,35,734,685
527,23,753,697
512,1,768,719
497,1,783,719
497,1,783,719
481,1,799,719
465,1,815,719
465,1,815,719
481,1,799,719
513,1,767,693
559,1,721,719
588,1,692,719
595,1,685,719
602,1,678,719
609,1,671,719
622,1,658,719
622,1,658,719
616,1,664,698
603,1,664,698
584,1,664,691
571,1,663,691
566,1,636,712
547,1,623,719
539,1,611,719
537,1,575,719
529,1,564,719
538,1,531,719
535,1,500,719
541,1,471,719
540,1,444,719
539,8,418,712
543,15,402,698
555,36,378,684
559,43,371,677
570,50,364,664
574,44,357,676
585,51,343,669
589,58,336,662
593,52,329,668
596,59,336,655
600,66,329,654
603,73,323,647
606,80,317,640
609,87,311,627
612,93,305,615
615,87,293,615
615,87,293,615
618,93,287,603
612,93,287,591
615,99,281,579
618,105,281,568
621,111,281,557
624,117,275,546
627,112,270,546
625,118,270,535
628,123,265,525
631,128,260,525
634,133,255,515
637,128,250,505
635,133,250,505
638,138,245,495
641,143,240,485
639,148,240,475
637,144,240,485
637,144,240,485
640,149,235,466
640,149,235,466
643,154,230,457
646,159,221,448
648,164,217,439
650,169,213,430
652,173,209,422
646,169,213,422
642,169,213,414
642,169,209,414
644,173,205,398
642,177,201,390
640,181,197,390
642,185,193,382
642,177,193,382
642,177,193,382
642,177,193,382
627,177,201,382
621,173,205,390
621,173,201,390
621,173,197,382
617,173,193,382
617,173,189,382
617,165,189,390
613,165,182,390
613,165,182,390
606,165,186,390
595,165,197,390
583,165,213,390
579,165,217,390
579,165,213,390
570,165,217,382
570,150,217,397
561,150,230,405
561,150,230,405
561,150,230,405
561,150,230,405
561,150,230,405
561,150,230,405
561,150,230,405
561,150,230,405
561,150,230,405
561,150,230,405
561,150,230,405
561,150,230,405
561,150,230,405
561,150,225,405
561,150,225,405
561,150,225,397
561,150,225,397
561,150,225,397
561,150,225,397
561,150,225,397
561,150,229,397
561,150,229,397
561,150,229,397
561,150,229,397
561,150,229,397
561,150,229,397
561,150,229,397
561,150,229,397
561,150,229,397
561,150,229,397
561,150,229,397
561,150,229,397
561,150,229,397
563,154,225,389
568,169,220,389
568,161,220,413
568,178,220,397
581,178,211,397
581,178,211,397
581,178,207,397
579,190,199,389
573,186,199,397
561,194,203,389
567,190,203,396
577,178,203,404
577,178,203,412
577,186,199,404
577,186,199,404
577,186,199,404
577,186,199,404
577,186,199,404
577,178,195,412
575,174,199,420
573,170,195,419
567,166,195,418
561,162,199,426
559,158,203,435
555,158,203,435
547,158,203,426
543,158,203,426
539,158,203,426
539,158,199,417
531,158,207,417
529,154,203,417
521,146,199,434
513,146,199,425
499,142,203,425
489,138,203,434
485,129,207,434
477,138,207,425
475,134,207,425
469,121,211,434
459,117,215,434
454,113,215,425
437,105,215,424
416,97,220,441
398,93,219,440
375,89,219,440
360,85,218,440
347,76,222,449
338,76,226,449
338,76,226,449
338,76,221,449
342,76,221,458
352,81,221,449
364,72,225,449
372,64,220,449
374,60,220,458
368,56,215,457
355,48,220,457
348,36,229,466
341,32,234,447
328,24,248,430
316,15,258,438
298,15,279,438
280,1,296,452
265,6,308,443
246,1,333,448
233,1,346,448
217,1,360,444
188,1,390,435
196,1,375,416
185,1,398,380
161,1,422,350
161,1,422,309
174,1,413,306
187,1,404,309
195,1,395,309
191,1,403,312
187,1,403,309
195,1,387,303
187,1,395,286
187,1,395,280
187,1,395,274
195,1,379,263
195,1,371,247
214,1,350,250
235,1,329,240
248,1,310,245
248,1,304,240
254,1,292,235
277,1,253,235
277,1,253,235
282,1,253,235
285,1,248,243
285,1,243,233
285,1,243,238
290,1,233,238
290,1,233,228
285,1,233,228
285,1,224,228
285,1,207,228
285,1,195,228
287,1,184,230
285,1,170,232
284,1,164,234
284,1,161,234
286,1,164,236
285,1,167,238
285,1,167,238
284,4,164,224
277,4,174,207
272,1,185,184
265,1,196,173
263,1,196,170
271,1,184,170
267,1,188,173
267,1,192,170
267,1,196,173
267,1,196,173
275,1,184,173
271,1,184,173
256,1,195,173
244,1,207,173
240,1,211,173
240,1,211,173
250,3,199,170
248,2,203,156
262,2,180,141
269,1,163,144
276,1,144,148
282,1,127,154
290,1,118,160
297,1,107,167
302,1,111,189
309,3,111,205
327,6,107,213
345,12,107,217
371,16,107,200
399,1,97,222
420,5,93,236
430,25,93,236
440,47,91,236
450,62,89,240
460,75,95,240
466,91,103,235
465,95,111,240
455,111,122,221
442,125,127,204
446,136,120,196
443,142,124,204
429,133,131,216
428,139,128,221
426,144,131,221
424,145,141,221
431,141,141,225
428,141,144,221
427,134,144,204
418,124,156,204
417,118,153,208
407,114,159,208
400,110,165,212
393,114,168,204
383,118,178,200
379,114,178,200
372,118,171,181
365,114,161,177
352,110,164,188
348,108,160,192
337,106,166,192
329,108,169,192
319,108,180,200
316,122,180,188
311,127,183,177
315,131,180,170
320,131,180,167
326,128,183,171
330,141,183,161
330,147,187,161
333,152,195,164
343,155,199,167
351,161,203,167
357,165,203,164
359,170,207,161
363,172,203,155
370,174,195,152
381,180,187,146
393,183,180,146
405,185,172,143
418,180,171,155
418,177,174,155
425,183,177,155
437,189,180,155
450,194,184,158
455,199,184,155
460,204,187,158
467,209,190,158
476,215,194,155
491,221,183,143
495,225,183,140
513,237,178,137
506,237,185,137
517,246,185,137
530,245,181,137
543,243,181,146
557,245,184,152
575,248,191,152
588,254,183,149
581,254,187,146
583,256,187,146
577,259,195,146
577,256,199,149
577,253,187,140
577,250,180,140
576,243,180,143
580,234,176,143
584,225,176,143
584,219,176,143
582,207,180,146
582,198,180,146
582,192,180,146
586,195,176,140
586,195,176,140
586,184,176,149
590,184,176,152
590,184,176,155
590,184,176,152
590,187,176,149
590,187,176,149
592,183,173,146
594,182,173,143
594,176,173,149
594,176,173,149
594,176,173,146
596,172,170,146
589,166,177,152
589,166,177,152
589,166,177,152
589,166,177,152
589,166,177,149
585,166,177,149
585,166,177,149
585,166,177,149
585,166,181,149
585,166,181,149
585,166,181,149
585,166,181,149
585,166,181,149
585,166,181,149
581,166,181,149
581,166,185,149
581,166,185,149
581,166,185,149
581,166,185,149
581,169,185,146
581,169,185,146
587,176,181,144
585,183,185,147
589,186,178,141
587,185,186,150
587,185,182,150
587,185,182,150
587,185,182,150
587,185,182,150
580,185,189,150
580,188,189,147
576,188,193,147
576,188,193,147
576,188,193,147
576,188,193,147
576,188,193,147
576,188,193,147
576,188,193,147
576,188,193,147
576,188,193,147
576,188,193,147
576,191,193,144
576,191,193,144
576,191,193,144
580,191,189,144
580,191,189,144
580,191,189,147
580,191,189,147
576,191,189,147
576,191,189,147
584,191,182,147
584,191,182,147
584,191,182,147
588,191,182,147
592,191,175,147
592,191,175,147
592,191,175,147
599,191,168,147
599,191,168,144
599,191,168,144
599,191,165,144
599,191,165,144
599,191,165,144
599,191,165,144
599,191,168,144
599,191,168,144
599,191,168,144
599,191,168,144
