56,178,146,57
51,179,152,56
47,179,154,56
46,179,153,56
46,179,152,56
44,178,154,58
43,178,154,57
41,177,154,56
40,176,154,55
39,177,154,56
39,176,155,56
37,175,157,57
36,175,157,56
36,176,157,58
36,177,157,57
34,178,160,56
34,177,160,57
31,176,163,57
31,174,162,58
31,175,163,57
32,176,162,57
32,177,164,57
28,177,168,57
27,177,171,56
22,176,177,55
20,172,180,55
20,170,179,55
20,167,179,57
25,164,174,58
32,163,166,58
48,161,153,61
55,159,148,61
64,158,142,60
69,155,139,61
96,154,116,60
95,159,119,57
99,162,118,57
100,163,120,56
97,166,125,58
96,170,132,58
91,174,141,58
88,176,151,58
83,177,159,60
75,178,174,61
69,184,185,57
64,189,196,50
63,189,204,50
71,190,202,49
72,191,207,48
83,188,202,48
87,188,203,47
80,185,214,50
85,184,212,43
82,183,218,44
95,182,207,46
98,180,206,48
100,179,206,45
103,176,202,50
104,174,201,48
104,172,199,47
104,171,193,48
100,170,195,49
96,170,190,49
99,168,184,49
100,168,178,48
102,168,173,48
104,166,169,46
112,166,159,44
115,165,155,45
117,165,151,47
120,164,148,48
124,164,143,48
133,164,135,47
138,164,133,46
143,165,129,46
143,164,132,46
142,160,135,51
138,160,143,50
134,160,150,50
131,160,160,50
126,158,171,50
116,157,186,50
112,157,197,50
111,161,206,50
118,163,204,43
119,164,209,47
128,165,208,46
137,168,205,43
140,168,207,44
139,168,212,42
159,168,197,46
160,168,200,45
175,167,188,48
178,167,188,43
186,167,183,42
196,165,178,42
202,164,174,43
208,163,170,43
215,164,164,42
223,164,157,43
227,163,153,44
231,163,150,40
232,163,151,39
234,162,150,41
240,160,146,43
248,162,140,43
243,164,148,46
234,166,160,51
227,170,171,51
216,172,187,53
212,177,196,50
210,180,203,50
214,183,203,43
215,185,205,41
216,185,208,46
216,186,209,48
220,184,206,47
220,182,207,51
224,180,203,46
227,177,199,50
232,174,193,47
233,172,189,45
232,169,188,44
232,166,183,44
232,165,178,46
232,165,172,43
231,165,166,46
227,166,163,45
224,168,153,42
212,168,155,42
215,167,143,44
208,167,142,47
213,168,129,49
204,167,130,49
194,162,135,49
182,161,142,51
170,162,152,51
156,162,165,52
148,161,176,51
143,160,186,53
138,161,196,50
139,162,200,49
136,162,208,50
139,163,209,49
140,165,213,48
144,166,211,46
152,168,206,45
160,169,201,42
164,170,200,43
176,171,188,44
182,172,184,44
189,173,178,45
196,174,171,44
202,174,163,43
206,173,159,44
212,171,153,42
211,169,155,43
215,166,149,43
223,165,140,44
232,164,128,43
233,162,127,45
234,162,127,51
231,161,130,54
227,161,136,49
222,161,145,50
216,166,155,49
202,169,174,49
193,172,189,47
191,175,196,46
189,176,203,47
191,177,207,44
194,176,208,44
201,176,203,45
203,173,203,43
207,171,201,45
207,169,201,44
204,168,206,43
208,164,202,45
213,164,194,43
216,165,188,41
216,165,184,41
215,164,181,41
211,165,178,41
208,164,174,46
207,164,166,43
203,164,164,46
200,165,155,46
192,166,152,50
186,168,148,45
183,171,143,44
178,172,140,43
171,173,138,45
171,173,130,44
174,172,120,47
164,170,123,47
157,172,125,52
149,168,131,56
141,168,138,59
132,169,148,54
125,171,156,56
112,173,175,57
104,175,188,52
101,174,198,51
99,175,204,45
96,176,212,46
96,173,218,44
105,172,213,42
110,171,211,40
112,167,210,40
112,165,212,46
113,164,212,46
126,162,201,45
126,159,200,44
128,156,196,47
131,151,192,48
131,150,191,45
136,146,184,49
140,146,179,44
143,144,177,45
150,142,170,45
152,140,166,47
156,140,162,44
160,141,158,43
163,143,154,42
167,144,150,43
169,147,148,44
170,149,144,45
169,152,141,43
167,155,138,44
163,158,137,45
159,158,136,46
160,158,129,45
154,153,129,49
148,149,129,51
143,142,128,51
139,138,127,50
135,135,126,51
133,133,125,52
132,132,125,52
135,133,121,51
137,135,120,51
139,139,118,50
140,141,117,53
138,145,117,50
138,149,116,50
136,152,119,50
139,155,117,49
142,157,116,51
144,158,116,51
149,157,114,51
150,155,115,52
151,153,116,52
152,145,119,63
152,142,125,61
153,138,128,65
153,135,136,64
152,133,143,68
151,131,151,64
147,129,164,64
147,129,172,65
140,135,187,63
130,141,204,53
138,143,202,48
143,145,203,49
151,148,199,47
155,152,198,48
156,157,197,46
156,160,197,48
156,160,194,47
156,163,191,47
155,162,190,49
152,163,189,47
153,164,183,46
150,161,180,49
151,162,175,41
149,160,173,42
159,159,159,48
161,156,157,39
168,152,149,41
167,150,148,40
183,147,130,40
184,146,129,46
186,142,128,53
183,147,131,53
179,148,136,46
176,143,141,53
171,142,148,57
166,140,160,56
157,143,175,52
152,142,188,54
151,140,194,46
145,139,206,46
152,139,203,44
156,137,203,44
154,135,208,44
156,134,208,44
160,134,206,44
160,132,208,44
163,132,205,44
162,133,205,44
158,136,208,44
152,139,212,44
149,147,212,44
158,152,199,44
158,153,195,44
159,158,189,44
156,160,186,50
156,161,182,50
158,162,175,50
153,160,173,50
152,160,168,48
151,158,162,47
153,156,158,48
155,154,155,46
175,151,137,45
178,146,136,48
179,144,134,49
180,143,130,44
154,142,152,49
166,143,136,48
162,144,134,48
154,144,133,47
141,144,135,47
137,143,130,49
130,143,129,51
127,142,127,51
122,142,125,51
114,140,128,50
112,143,128,48
108,139,127,47
103,138,126,46
98,136,125,45
93,134,125,45
88,135,125,48
86,136,124,50
83,137,123,51
80,138,124,49
75,139,127,50
80,139,122,50
80,136,121,51
82,135,121,52
86,136,120,50
91,135,118,50
95,137,117,55
96,135,117,55
96,134,117,56
94,132,117,56
94,131,120,56
95,128,118,55
95,127,115,52
94,122,117,57
95,121,116,57
94,121,114,56
90,119,114,56
87,117,113,55
88,117,115,55
87,114,114,57
87,115,113,56
88,116,113,55
87,118,115,55
87,120,114,56
88,122,115,58
93,124,114,57
98,127,114,55
102,128,114,55
106,130,116,55
111,131,116,55
115,134,116,58
122,135,115,57
127,136,114,56
132,138,117,56
136,138,115,56
141,139,114,56
143,138,114,56
144,140,114,56
144,140,114,56
145,141,114,56
146,144,114,54
146,143,115,54
146,144,116,55
145,144,115,54
144,141,115,54
141,138,115,53
138,136,116,55
133,134,118,54
130,130,117,53
125,127,116,54
124,124,114,55
120,121,114,56
119,122,113,54
119,120,111,56
117,118,111,55
116,118,110,56
114,117,109,55
113,116,109,55
112,114,110,55
109,114,111,58
107,113,110,57
106,113,113,57
105,114,115,56
105,121,117,51
101,123,125,53
98,122,135,52
94,125,143,52
90,127,155,53
79,133,171,51
77,138,184,54
76,141,194,54
72,144,206,50
80,144,209,50
79,146,214,49
88,146,211,50
82,145,224,52
102,142,210,54
112,139,206,54
128,134,195,54
133,128,192,54
135,122,194,52
142,115,188,52
142,112,187,50
145,105,184,45
143,101,184,45
143,96,180,50
144,96,175,46
144,94,172,45
140,92,171,44
137,92,170,46
136,91,169,45
140,94,163,49
144,94,155,48
143,95,153,51
145,96,150,51
146,97,147,51
149,98,143,48
150,98,144,51
152,97,141,51
174,99,121,51
171,99,123,54
152,95,143,56
158,100,138,52
147,101,150,54
136,101,163,57
127,103,178,56
119,105,192,55
112,107,203,55
111,111,206,52
120,112,200,50
114,116,206,48
113,116,209,45
114,117,210,45
114,118,210,45
113,118,210,45
120,121,203,48
120,121,202,50
119,124,202,52
121,127,199,54
119,129,199,59
119,133,195,61
120,137,190,59
116,142,189,58
113,147,186,57
110,151,183,57
123,152,164,56
116,154,167,57
114,153,164,49
111,153,161,48
110,153,158,48
110,152,154,48
106,151,154,65
111,153,145,54
127,153,130,54
125,154,129,53
120,158,129,60
108,159,139,54
96,160,148,53
84,160,159,54
73,160,171,55
62,160,184,55
58,158,190,56
51,157,198,58
49,156,199,58
47,156,201,58
45,156,200,52
43,157,200,51
42,157,198,49
36,157,204,49
34,157,204,48
33,159,205,51
32,159,207,52
32,162,204,54
32,166,203,55
34,169,199,54
34,172,196,57
38,172,191,55
40,172,187,55
46,172,182,57
30,170,194,75
30,168,192,78
56,166,165,52
59,162,163,50
59,161,160,50
58,161,162,50
56,164,160,50
72,165,145,52
79,167,135,53
86,170,128,53
86,170,125,57
86,173,126,55
79,173,133,54
75,171,137,60
70,170,145,56
61,169,157,58
54,168,169,57
48,167,180,59
46,167,190,61
53,168,189,55
50,170,197,56
50,174,201,56
55,175,200,55
59,176,201,50
65,180,201,56
69,182,201,50
80,187,196,53
83,188,195,51
86,191,195,51
86,193,195,51
85,198,195,51
81,202,192,50
77,206,190,50
71,207,189,56
80,211,173,58
75,212,169,55
69,212,167,55
65,210,161,51
67,205,151,47
64,199,146,49
61,191,143,50
54,181,142,51
55,176,137,48
45,169,141,51
22,163,158,52
36,159,140,51
38,156,135,51
46,153,124,55
47,154,121,54
51,155,119,56
29,157,143,55
29,157,146,54
31,157,149,54
36,154,148,57
31,151,158,59
24,144,169,60
18,137,182,60
13,128,194,60
9,118,207,62
12,112,211,63
16,109,214,54
17,108,219,55
21,108,220,53
39,106,217,56
54,105,197,56
59,103,195,55
63,102,193,52
74,101,185,51
83,98,180,50
92,97,175,52
96,95,174,52
103,92,169,52
104,92,170,52
108,91,167,49
117,91,158,47
121,92,155,49
123,95,155,48
122,99,158,48
131,102,147,46
136,105,144,48
143,106,134,51
155,109,121,52
148,112,127,51
151,115,122,54
142,118,130,57
148,121,124,61
153,125,118,56
151,128,121,58
143,132,128,56
140,134,133,57
134,136,142,56
127,140,153,56
119,141,166,58
113,144,178,58
112,145,186,58
113,150,190,61
110,150,196,62
113,154,196,57
112,155,201,57
128,155,188,54
129,157,188,51
130,159,188,48
134,159,187,49
135,159,187,49
136,159,187,50
139,158,187,50
137,157,187,54
143,158,180,53
146,160,174,50
148,159,172,53
147,160,171,50
158,158,156,50
159,158,153,48
160,155,150,49
155,152,152,49
155,152,149,48
165,152,137,51
167,153,134,49
168,154,130,52
175,155,122,53
159,157,135,53
161,156,133,54
155,154,140,54
148,152,147,51
143,150,155,53
133,147,169,56
129,145,178,58
127,142,185,58
127,142,189,57
130,140,189,57
120,139,203,57
120,139,203,54
127,139,199,51
138,138,191,45
139,135,191,45
140,134,193,50
148,133,187,51
144,131,192,53
144,131,193,53
149,130,188,53
148,132,188,52
152,134,183,51
151,134,181,50
160,134,168,50
159,135,166,49
159,137,161,47
159,137,157,46
159,138,152,46
161,138,146,45
159,138,144,44
154,138,143,47
151,139,141,45
148,141,137,45
145,139,136,53
143,138,136,53
153,137,124,49
153,137,124,49
158,138,117,54
157,141,117,54
156,145,117,53
156,148,116,54
153,153,119,55
153,155,119,55
151,155,119,57
151,155,117,57
149,154,117,62
149,155,116,60
147,155,116,60
146,156,116,60
146,156,115,61
144,157,114,60
142,159,114,57
143,160,114,59
133,163,123,59
129,167,129,60
128,173,135,61
127,172,140,63
126,174,150,67
121,172,164,71
118,173,174,65
115,175,183,63
118,173,186,66
127,172,182,66
132,172,180,56
133,168,180,55
128,165,186,58
136,162,177,52
127,160,186,61
120,158,191,60
119,156,189,62
116,156,190,64
117,156,186,65
128,160,172,66
127,163,172,67
128,167,170,63
130,169,168,61
132,174,164,61
141,177,150,61
129,183,161,59
125,185,160,56
125,185,157,55
124,182,155,54
126,178,149,53
127,171,145,54
126,165,143,59
126,157,141,60
118,150,146,64
120,144,144,60
123,137,140,58
127,129,137,57
139,124,129,59
146,116,129,59
159,109,120,59
156,102,126,61
155,97,132,61
160,92,133,56
163,88,135,58
170,85,130,58
177,84,128,57
178,84,131,57
184,83,128,57
187,87,127,59
191,91,123,56
186,96,124,53
182,95,124,60
178,93,124,63
175,93,122,63
170,93,122,63
165,92,119,66
160,91,119,68
153,87,122,67
151,83,121,60
148,80,121,60
147,79,121,60
146,78,121,54
151,79,115,54
152,83,115,57
153,90,115,57
153,95,114,56
153,103,114,56
152,108,113,55
149,113,113,55
145,114,115,55
143,113,114,55
143,117,115,56
143,120,115,56
143,124,114,55
142,131,112,55
139,135,112,57
136,139,113,56
135,144,113,56
136,147,113,55
136,149,112,55
137,151,116,58
138,154,114,59
143,157,112,55
145,157,112,55
145,156,112,54
143,154,113,55
144,152,111,57
142,149,111,59
141,149,112,55
137,148,116,58
138,147,112,56
137,147,110,56
130,147,116,57
128,147,113,56
126,149,110,54
121,149,111,52
115,152,111,52
110,153,111,51
102,156,113,53
99,159,111,52
95,161,112,55
91,161,113,56
89,162,113,54
89,160,113,55
92,158,113,56
95,158,112,53
97,158,111,52
100,159,111,54
103,159,109,57
103,162,109,56
104,164,110,57
106,164,110,57
107,166,111,54
109,165,110,55
111,165,110,54
112,166,111,57
112,167,112,52
116,169,110,52
122,171,107,52
127,171,108,54
141,167,97,53
147,159,97,53
156,156,97,53
174,153,97,53
182,149,97,54
182,144,104,51
182,146,110,50
191,145,105,58
193,148,106,55
196,148,104,54
196,149,104,51
192,149,106,48
191,148,102,50
184,149,104,46
175,148,107,54
169,147,107,56
169,144,107,56
166,143,111,54
172,139,108,57
170,139,112,57
170,141,113,54
169,142,114,57
168,145,113,56
168,145,114,58
170,146,116,56
179,146,113,58
184,147,114,57
189,152,113,56
189,170,115,58
177,194,122,61
165,224,111,60
148,235,111,55
129,240,114,55
120,237,113,59
115,232,113,58
110,223,112,59
104,210,111,58
79,206,114,52
54,203,113,51
38,204,112,50
29,205,111,49
15,205,111,54
1,205,107,53
1,204,101,63
1,204,93,59
1,204,84,62
1,210,76,55
1,213,69,51
1,212,65,51
1,213,63,50
1,212,63,50
1,213,62,49
1,212,62,49
1,215,61,48
1,215,60,50
1,215,63,49
1,217,65,48
1,215,71,49
1,211,77,48
1,212,83,48
1,212,90,48
1,214,97,47
3,212,105,47
11,212,105,47
20,211,105,47
25,210,106,47
34,211,106,47
43,210,105,46
51,207,105,46
60,204,104,45
71,202,104,45
73,201,104,45
82,197,100,45
86,194,99,44
80,192,110,56
82,192,112,55
85,195,114,54
89,195,114,54
93,193,115,56
97,191,117,56
100,189,118,58
103,187,119,59
101,185,123,61
117,185,114,58
122,180,113,59
128,176,112,59
132,174,112,57
137,171,112,56
140,171,112,54
144,170,116,57
148,170,116,55
153,171,118,55
160,171,117,57
166,172,116,58
174,172,113,60
179,172,113,58
183,172,112,60
187,174,111,57
189,174,110,57
189,173,110,57
184,173,117,59
182,174,117,59
180,174,116,58
176,173,116,58
174,170,116,58
170,169,115,57
168,168,115,57
162,164,119,59
161,164,116,58
158,163,117,57
158,163,115,56
155,161,117,57
149,162,119,57
155,160,114,58
153,157,114,58
143,153,122,58
145,151,118,59
140,148,122,58
136,144,122,58
129,144,128,58
123,143,133,58
116,141,139,56
109,140,144,55
101,137,149,54
92,134,155,54
80,132,162,51
70,129,168,51
63,125,172,54
56,121,175,54
49,115,178,54
60,108,160,58
53,99,158,56
42,92,159,58
24,89,169,57
26,84,162,58
30,83,151,56
22,81,152,57
22,79,147,56
18,79,146,56
13,80,148,57
14,84,143,53
14,87,138,52
13,89,135,53
20,92,127,54
19,94,125,54
17,97,125,54
16,97,124,55
15,102,123,50
24,103,114,51
23,107,113,50
23,110,113,50
23,114,113,50
22,117,113,50
31,119,107,51
33,118,108,51
33,117,111,49
34,115,112,50
30,115,116,50
38,115,109,51
43,116,107,51
42,118,109,51
46,120,107,51
44,124,110,51
44,127,111,53
48,130,107,54
48,133,109,54
49,136,109,55
41,139,120,54
41,139,122,54
42,140,124,54
47,138,121,56
41,139,130,53
54,135,122,54
68,137,114,51
70,135,121,54
72,132,128,55
71,130,138,57
70,129,148,57
66,127,163,60
67,124,172,60
69,120,181,58
72,115,187,65
77,112,192,61
87,108,192,55
98,107,188,55
108,107,186,49
112,108,189,53
135,111,173,46
145,113,169,47
151,115,169,50
157,118,168,53
154,120,174,56
159,125,172,54
161,128,170,53
163,131,169,47
163,135,168,46
165,138,167,47
189,141,140,46
181,141,146,54
176,141,147,52
175,140,145,51
175,140,142,51
175,140,139,51
176,143,136,51
177,143,133,50
177,143,131,52
175,144,131,57
176,143,128,58
176,142,128,62
176,140,128,63
175,141,127,60
178,141,124,57
183,144,117,53
184,145,117,53
184,146,117,54
184,147,120,56
176,146,129,57
174,149,138,55
166,152,151,59
159,153,165,61
156,154,174,62
158,156,179,63
156,156,187,59
169,155,178,62
160,157,192,62
166,156,191,58
170,155,191,58
175,153,191,58
182,152,189,56
189,150,187,55
204,150,178,55
207,152,180,55
215,154,177,55
218,156,178,55
223,160,178,55
232,162,173,55
247,163,162,55
251,165,161,53
254,168,159,51
257,168,157,51
259,169,157,49
264,169,155,50
281,168,136,48
284,170,134,45
285,168,136,47
287,168,136,48
292,169,134,51
300,167,129,51
310,167,121,52
309,168,123,53
318,170,114,51
321,173,112,55
319,176,115,53
309,174,126,55
303,173,133,56
298,172,142,55
295,171,150,56
292,170,161,62
289,168,171,62
292,167,176,61
303,167,172,59
310,167,170,60
319,167,161,60
324,167,156,60
