246,131,91,80
242,134,95,79
242,134,95,79
242,134,95,79
242,134,95,79
242,134,95,79
242,134,96,79
242,134,96,79
242,134,96,79
242,134,96,79
242,134,96,79
242,134,96,79
242,134,96,79
241,133,96,79
241,133,96,79
241,133,96,79
243,132,97,79
243,129,98,80
244,128,97,80
245,128,97,80
246,128,95,80
246,128,96,80
247,128,96,80
247,128,96,80
244,127,97,80
244,127,96,80
244,127,96,80
244,125,96,81
242,124,97,81
242,123,96,81
239,124,97,81
237,124,97,79
236,123,97,79
236,123,97,79
236,123,97,79
236,123,97,78
236,122,97,79
236,122,97,79
236,120,97,79
236,117,97,80
236,116,95,80
235,114,97,80
234,113,97,80
237,112,94,79
237,112,95,80
237,112,96,80
238,110,97,80
237,109,97,80
235,106,97,80
234,105,98,80
233,104,98,80
232,103,98,81
232,100,99,84
232,100,99,84
233,101,99,84
234,101,99,84
235,103,99,84
235,105,99,84
235,106,99,84
238,107,99,84
240,110,99,84
242,112,99,84
244,111,99,84
244,111,99,84
246,112,99,85
248,115,99,85
247,117,103,85
254,120,103,85
258,123,102,85
260,123,102,85
264,128,102,85
266,131,105,86
269,135,105,86
270,138,105,87
274,142,105,87
279,145,106,88
281,147,106,88
283,148,106,88
284,150,106,88
286,152,106,88
289,153,106,88
291,155,106,88
292,155,106,88
293,156,108,88
293,157,108,88
291,158,109,88
289,158,109,88
289,159,109,88
290,159,110,89
292,159,113,90
294,160,111,90
294,160,112,91
294,159,111,91
294,160,111,91
293,161,112,91
293,162,112,91
294,163,114,91
294,164,114,91
295,165,114,91
296,165,113,91
296,166,113,91
298,166,113,91
297,166,116,91
300,166,114,91
299,167,115,91
299,167,115,91
299,168,115,91
299,168,115,91
299,168,115,91
299,168,115,91
299,168,115,91
300,168,114,91
300,169,114,92
300,168,113,92
300,169,112,92
299,168,113,92
299,167,113,92
301,167,113,92
302,165,112,91
302,165,112,91
303,164,111,91
303,163,111,91
303,162,111,91
303,161,111,91
303,160,112,91
303,159,112,91
303,159,112,91
302,160,112,91
302,160,114,93
303,160,114,93
307,161,114,93
308,161,113,93
311,161,113,93
312,162,115,93
312,162,115,93
312,163,116,94
318,165,114,94
321,166,114,93
324,168,114,93
329,169,113,93
335,170,113,95
342,172,115,97
351,174,115,97
361,175,116,96
370,177,115,97
376,180,118,99
381,182,117,99
384,183,117,99
387,185,117,99
391,189,118,99
393,191,118,99
397,194,118,99
400,196,118,99
403,197,118,99
403,199,118,99
407,202,117,99
407,203,117,99
403,205,119,99
404,206,118,99
404,208,118,101
404,210,117,101
404,211,117,101
400,212,118,101
397,213,117,102
395,214,117,102
393,215,116,101
390,215,116,101
386,216,116,101
386,217,116,101
383,218,117,101
380,218,117,101
377,218,117,101
373,217,117,100
367,216,117,100
360,215,115,98
353,216,115,98
346,219,112,96
340,221,111,97
337,225,111,98
337,233,111,101
331,243,111,103
324,257,112,102
321,269,113,91
318,279,113,81
317,294,111,66
311,303,115,57
303,313,115,47
295,328,118,32
292,340,112,20
306,348,98,12
297,351,112,10
297,351,112,10
297,351,112,10
297,351,112,10
297,351,112,10
297,351,112,10
297,351,112,10
297,351,112,10
297,351,112,10
297,351,112,10
297,351,112,10
297,351,112,10
297,351,112,10
297,351,112,10
297,351,112,10
297,351,112,10
297,351,112,10
297,351,112,10
297,351,112,10
297,351,112,10
297,351,112,10
297,351,112,10
297,351,112,10
297,351,112,10
297,351,112,10
297,351,112,10
297,351,112,10
297,351,112,10
297,351,112,10
297,351,112,10
297,351,112,10
297,351,112,10
297,351,112,10
297,351,112,10
297,351,112,10
297,351,112,10
297,351,112,10
297,351,112,10
297,351,112,10
297,351,112,10
297,351,112,10
297,351,112,10
297,351,112,10
297,351,112,10
297,351,112,10
297,351,112,10
297,351,112,10
297,351,112,10
297,351,112,10
297,351,112,10
297,351,112,10
297,351,112,10
332,352,105,8
333,351,111,9
330,347,129,13
311,342,154,18
311,339,158,21
314,336,157,24
315,338,153,22
315,338,154,22
314,343,157,17
335,348,133,12
333,348,130,12
331,351,125,9
286,352,166,9
286,352,166,9
286,352,166,9
286,352,166,9
286,352,166,9
286,352,166,9
286,352,166,9
286,352,166,9
286,352,166,9
286,352,166,9
286,352,166,9
286,352,166,9
286,352,166,9
286,352,166,9
286,352,166,9
286,352,166,9
286,352,166,9
286,352,166,9
286,352,166,9
286,352,166,9
286,352,166,9
286,352,166,9
286,352,166,9
286,352,166,9
286,352,166,9
286,352,166,9
286,352,166,9
286,352,166,9
286,352,166,9
286,352,166,9
286,352,166,9
286,352,166,9
286,352,166,9
286,352,166,9
286,352,166,9
286,352,166,9
286,352,166,9
286,352,166,9
286,352,166,9
286,352,166,9
286,352,166,9
286,352,166,9
286,352,166,9
286,352,166,9
286,352,166,9
286,352,166,9
286,352,166,9
286,352,166,9
286,352,166,9
286,352,166,9
286,352,166,9
286,352,166,9
286,352,166,9
286,352,166,9
286,352,166,9
286,352,166,9
286,352,166,9
286,352,166,9
286,352,166,9
286,352,166,9
286,352,166,9
286,352,166,9
286,352,166,9
286,352,166,9
286,352,166,9
286,352,166,9
286,352,166,9
286,352,166,9
286,352,166,9
286,352,166,9
286,352,166,9
286,352,166,9
286,352,166,9
286,352,166,9
286,352,166,9
286,352,166,9
286,352,166,9
286,352,166,9
286,352,166,9
286,352,166,9
286,352,166,9
286,352,166,9
286,352,166,9
286,352,166,9
286,352,166,9
286,352,166,9
286,352,166,9
286,352,166,9
286,352,166,9
286,352,166,9
286,352,166,9
286,352,166,9
286,352,166,9
286,352,166,9
286,352,166,9
286,352,166,9
286,352,166,9
286,352,166,9
286,352,166,9
286,352,166,9
286,352,166,9
286,352,166,9
286,352,166,9
286,352,166,9
286,352,166,9
286,352,166,9
286,352,166,9
286,352,166,9
286,352,166,9
286,352,166,9
286,352,166,9
286,352,166,9
286,352,166,9
286,352,166,9
286,352,166,9
286,352,166,9
286,352,166,9
286,352,166,9
286,352,166,9
286,352,166,9
286,352,166,9
286,352,166,9
286,352,166,9
286,352,166,9
286,352,166,9
286,352,166,9
286,352,166,9
286,352,166,9
286,352,166,9
286,352,166,9
286,352,166,9
286,352,166,9
286,352,166,9
286,352,166,9
286,352,166,9
286,352,166,9
286,352,166,9
286,352,166,9
286,352,166,9
286,352,166,9
286,352,166,9
286,352,166,9
286,352,166,9
286,352,166,9
286,352,166,9
286,352,166,9
286,352,166,9
286,352,166,9
286,352,166,9
286,352,166,9
286,352,166,9
286,352,166,9
286,352,166,9
286,352,166,9
286,352,166,9
286,352,166,9
286,352,166,9
286,352,166,9
286,352,166,9
286,352,166,9
286,352,166,9
286,352,166,9
286,352,166,9
281,340,70,20
303,328,42,32
313,319,44,41
324,299,51,61
325,297,56,63
327,286,47,74
331,290,116,70
335,282,123,78
336,274,116,86
293,251,149,109
290,256,146,104
287,244,60,116
283,242,101,118
282,239,73,121
280,241,76,119
277,215,82,145
272,216,100,137
269,216,106,122
262,213,119,120
249,209,133,113
242,207,143,104
232,207,153,102
229,205,155,90
233,199,148,90
229,197,152,97
229,196,154,87
231,191,139,76
228,188,138,74
261,190,104,71
265,187,100,70
262,191,97,61
262,192,90,59
261,191,84,60
260,189,82,60
259,189,75,61
258,190,70,62
255,190,70,66
255,192,70,70
254,192,69,77
253,188,66,85
249,182,65,92
246,180,61,95
239,175,63,98
236,174,62,97
233,172,64,97
229,168,68,98
222,161,74,99
212,159,85,88
205,142,88,92
198,134,90,75
191,117,96,71
187,97,96,62
183,70,96,62
177,50,100,58
171,31,104,51
168,11,102,50
170,2,98,42
170,2,98,35
169,2,100,32
169,5,100,32
170,10,98,31
172,18,117,51
186,31,102,62
191,51,102,62
195,72,98,54
193,94,94,51
187,109,98,51
183,124,107,53
187,137,107,53
188,145,105,53
188,153,105,53
188,161,105,53
189,155,118,66
191,161,115,65
191,161,120,65
198,163,115,62
197,163,115,63
200,164,112,61
206,165,110,60
207,160,112,63
212,154,111,80
218,157,109,77
224,154,109,80
229,153,107,88
229,153,107,94
217,151,118,92
216,152,118,96
216,152,120,96
221,154,115,96
221,159,115,96
226,161,100,102
224,163,100,85
226,163,100,88
226,167,105,94
224,169,109,94
226,175,111,94
225,177,116,98
225,183,118,98
227,180,116,104
221,175,121,102
220,168,123,104
223,164,125,113
226,158,127,115
229,151,130,118
226,146,133,120
226,137,136,127
223,129,139,127
213,119,149,131
206,117,153,131
202,111,156,134
202,104,153,137
201,105,159,134
197,100,166,137
196,98,170,137
193,95,173,139
192,91,175,142
191,85,178,142
189,83,181,142
188,82,183,136
187,77,185,134
187,73,186,133
187,69,186,137
187,70,185,138
183,73,187,143
179,80,187,145
180,88,183,142
179,96,181,138
172,93,183,137
158,88,206,137
153,88,208,138
155,87,213,141
158,88,219,145
156,90,230,148
152,87,245,153
137,84,268,162
122,82,294,163
109,76,316,166
94,77,332,155
80,80,351,138
64,80,359,126
56,75,374,124
57,75,378,122
64,74,378,122
77,72,370,118
91,72,359,118
106,73,350,116
125,72,341,114
143,71,297,115
158,76,294,116
169,82,249,125
169,90,254,143
169,93,255,143
181,93,256,150
197,97,261,167
212,94,260,174
200,84,256,180
198,79,250,178
208,73,241,167
223,70,220,155
232,65,170,152
238,59,151,162
243,58,145,180
244,62,145,196
235,62,148,234
235,62,148,234
229,5,151,311
222,2,158,323
224,1,158,324
222,1,159,327
227,1,150,330
235,1,147,330
238,1,144,339
260,1,132,338
274,82,127,257
280,66,124,273
279,80,127,258
273,72,132,262
275,72,141,263
277,68,146,275
261,60,185,293
236,49,218,302
202,39,255,313
169,29,291,315
140,18,326,321
129,10,345,326
113,11,366,322
95,7,386,321
94,7,388,321
89,9,396,313
113,1,375,320
191,1,297,316
224,1,260,313
241,1,243,307
240,1,241,302
238,1,240,297
239,1,238,292
240,1,233,289
239,1,232,284
247,2,225,283
256,1,218,282
268,34,205,240
265,1,213,271
263,1,224,269
254,1,236,272
216,1,284,275
180,1,334,281
189,1,334,283
198,1,329,285
198,1,332,286
204,1,326,289
210,1,318,290
199,1,327,295
178,1,348,294
151,1,374,295
130,2,395,293
113,1,412,294
101,1,425,295
96,1,431,293
80,1,447,291
54,1,473,289
33,1,496,283
28,1,501,280
36,1,494,297
34,1,497,298
27,1,504,292
14,1,514,284
1,1,519,286
1,1,519,286
1,1,517,287
1,1,515,291
1,1,514,291
1,1,511,289
1,1,501,289
1,1,501,294
1,2,501,294
1,2,501,294
1,1,498,300
1,1,491,298
1,1,483,308
1,1,489,309
1,1,484,313
1,1,484,319
1,1,493,319
1,1,493,319
1,1,493,319
1,1,493,325
1,8,503,325
1,21,503,319
1,21,493,325
1,11,498,339
1,4,498,346
1,1,498,349
1,1,508,349
36,5,469,349
80,16,423,342
105,35,398,322
137,74,375,286
130,80,375,280
115,81,390,279
80,84,424,276
50,84,450,276
26,81,468,278
14,79,477,281
7,74,487,286
14,74,476,286
14,68,477,292
13,62,477,298
21,63,477,297
29,62,467,287
37,57,458,293
50,55,449,293
57,55,440,294
66,55,441,294
79,59,424,288
87,59,416,288
95,59,408,288
96,59,408,288
96,59,408,288
88,54,408,288
88,54,408,288
88,59,408,288
77,62,416,288
60,62,424,288
45,62,441,288
27,61,450,288
16,60,459,294
16,65,468,283
12,64,468,288
12,70,468,288
21,70,459,282
21,70,459,288
30,70,450,282
30,70,459,282
30,76,459,276
30,76,459,276
30,70,468,276
30,70,459,276
26,62,459,282
26,62,459,282
17,62,468,282
8,62,477,282
8,62,477,282
1,62,484,282
1,62,484,288
1,65,479,288
1,68,474,288
1,65,478,282
1,65,478,282
1,65,488,282
16,62,469,288
16,62,469,288
12,59,468,288
27,62,458,288
32,59,458,294
47,62,440,294
47,62,440,294
61,71,431,282
61,71,431,282
61,71,431,282
70,71,422,282
62,71,422,282
66,74,422,282
58,74,430,282
58,80,430,276
46,80,439,276
48,83,439,276
59,79,430,276
61,75,430,276
32,69,447,282
16,66,456,282
22,65,438,271
24,61,429,277
61,64,373,272
86,59,330,272
96,57,305,267
105,53,281,262
124,49,244,267
150,65,199,295
147,74,180,283
126,81,176,279
113,86,208,267
92,90,221,270
78,96,244,264
67,94,272,266
62,94,300,266
60,92,305,268
66,97,293,263
77,97,270,262
88,97,240,262
101,95,208,265
118,95,200,262
136,90,200,270
150,90,204,270
155,98,216,262
158,91,216,269
164,94,216,266
162,92,216,268
162,102,216,258
164,95,208,265
166,108,200,252
166,108,196,247
162,108,200,247
162,108,196,242
162,103,204,247
160,96,216,252
154,99,225,252
150,99,230,252
148,97,234,262
146,95,244,265
143,93,248,267
139,93,253,267
137,85,243,267
137,80,238,267
131,78,243,267
129,77,262,272
127,76,270,262
120,80,270,262
111,82,298,267
109,90,299,270
112,97,287,263
116,106,270,254
124,112,250,248
132,120,240,240
137,132,233,228
141,136,224,221
145,145,224,208
147,147,228,208
149,153,228,207
156,153,223,207
158,155,223,205
168,140,218,209
170,154,218,205
174,154,214,205
174,151,214,209
174,148,210,212
180,147,218,213
190,141,202,219
194,143,214,217
196,137,218,223
198,134,219,226
198,138,219,222
198,138,210,222
196,140,214,220
192,144,214,216
192,144,218,216
196,148,218,212
200,148,206,212
200,144,214,216
206,142,214,218
208,140,214,220
211,142,214,218
218,138,202,222
216,141,206,219
216,137,214,223
216,133,214,227
216,133,210,226
216,129,206,231
216,125,198,235
210,126,198,234
212,125,190,231
212,129,179,222
209,128,175,232
213,128,165,232
151,108,221,252
151,110,218,250
153,105,218,255
151,106,220,254
151,101,229,259
151,96,233,264
151,96,242,264
151,91,252,269
156,91,252,269
161,96,247,264
166,117,237,243
178,120,218,238
223,156,168,204
223,156,168,204
225,158,168,202
227,160,165,198
237,160,155,198
233,162,158,194
167,162,221,198
169,156,217,204
182,160,204,200
182,156,208,200
165,148,221,212
163,146,225,214
163,146,212,210
163,146,212,210
163,138,208,222
165,136,208,224
171,134,216,226
182,123,220,237
171,121,242,237
161,112,267,237
161,112,283,214
162,108,283,194
156,108,283,194
165,110,277,190
163,112,283,194
155,122,294,201
152,104,294,205
146,100,300,193
140,96,306,193
140,88,306,197
134,80,312,197
128,76,325,201
118,70,338,189
111,70,345,185
97,70,359,185
90,70,366,185
80,72,366,185
80,76,366,185
77,78,365,182
67,80,372,182
64,82,364,179
64,86,364,175
61,84,356,179
58,82,349,179
62,80,342,176
52,78,349,176
49,76,349,180
48,69,346,180
41,66,360,180
38,68,367,177
31,68,367,177
31,68,367,177
28,66,374,181
28,66,359,177
28,70,352,170
28,70,345,170
28,70,345,170
28,70,345,167
28,70,352,167
28,70,352,167
35,67,352,167
32,69,345,167
32,75,345,164
36,77,338,168
37,78,325,164
46,80,319,164
46,80,319,164
49,82,313,161
46,84,313,161
49,83,301,161
43,83,301,161
43,83,295,161
37,83,289,149
31,83,289,146
31,71,289,155
31,71,289,132
31,74,278,132
29,73,219,129
33,73,219,140
35,75,215,143
35,75,215,152
37,68,211,175
37,75,220,171
44,70,215,174
50,74,224,170
57,79,224,160
66,84,228,154
72,86,228,151
79,85,224,154
79,85,224,154
82,87,223,151
86,87,223,148
94,80,219,154
98,80,219,148
104,82,211,139
115,91,199,128
126,103,191,113
131,105,188,109
137,105,184,113
145,110,176,116
150,104,176,128
148,103,187,131
152,112,184,128
156,120,180,123
158,129,177,115
158,129,177,115
162,127,177,117
158,122,184,119
158,122,191,119
162,120,195,119
160,119,199,121
158,118,199,121
156,119,191,119
156,114,191,126
152,117,203,131
150,116,207,134
150,116,215,160
148,115,223,173
148,112,227,184
146,110,237,192
149,108,232,192
149,108,232,192
144,104,232,192
144,104,227,192
142,98,232,192
142,94,232,184
145,88,232,184
148,82,237,188
146,80,247,184
154,78,232,180
157,80,218,166
161,83,201,144
165,87,193,125
169,96,186,113
173,98,179,109
179,101,171,105
179,105,168,103
181,108,162,101
189,109,156,101
191,111,156,109
195,116,156,107
202,117,153,114
211,116,147,124
221,119,141,124
228,119,141,124
231,117,139,124
230,113,142,126
230,113,142,123
229,112,145,120
229,112,145,115
229,112,145,113
228,112,145,112
230,113,142,110
229,110,146,107
228,109,149,109
221,104,146,107
223,105,143,105
222,104,152,107
224,103,149,109
232,113,143,102
234,112,143,108
235,120,135,108
236,122,140,112
233,124,149,115
233,135,149,106
229,141,152,106
228,151,155,110
227,157,158,108
227,162,158,113
227,170,158,114
229,177,158,108
229,177,158,108
222,182,158,113
219,184,161,118
215,191,161,122
211,197,167,123
211,202,170,123
213,203,170,125
215,202,174,125
217,201,170,125
221,199,167,128
227,200,164,128
230,200,164,128
232,199,164,128
235,199,161,125
235,197,164,126
238,194,161,130
238,194,164,131
235,194,164,131
238,195,164,130
238,193,167,130
240,194,167,129
243,194,164,127
246,191,161,130
245,192,165,125
245,192,165,125
247,190,162,128
247,192,162,125
247,190,162,128
244,191,162,127
243,192,162,129
243,194,165,128
243,192,165,134
243,194,165,133
242,193,161,133
241,195,161,133
241,195,164,133
241,197,164,130
241,200,164,123
244,198,164,125
247,198,164,121
250,195,164,121
250,195,168,121
253,196,168,126
255,197,164,123
254,198,168,123
257,198,168,123
257,198,168,124
256,199,167,123
258,196,168,125
258,196,167,125
254,197,168,123
257,197,165,123
257,197,165,125
254,195,165,120
254,197,165,122
254,197,165,122
251,200,169,119
249,198,167,123
249,198,167,124
249,198,167,122
249,197,170,124
252,197,170,124
253,197,170,126
258,196,167,128
256,197,167,126
258,195,164,124
254,197,170,126
256,195,168,127
256,195,168,126
256,195,168,129
259,195,165,129
259,193,165,132
261,191,164,129
261,191,168,132
260,188,174,137
262,184,177,142
261,174,189,154
263,170,192,157
263,155,213,174
262,148,218,188
262,155,216,177
265,206,211,127
263,204,196,125
265,206,177,125
269,208,160,123
272,206,157,123
273,210,156,122
275,209,159,124
277,211,159,124
278,211,158,129
280,212,158,129
280,212,161,129
283,210,158,129
282,211,161,129
282,211,161,129
284,210,158,129
283,211,161,131
286,209,158,131
289,208,157,131
293,208,157,134
297,203,154,137
297,198,157,138
301,193,157,138
300,192,159,133
302,191,158,125
298,189,164,120
301,189,161,120
300,187,161,118
297,183,164,117
297,182,161,113
297,182,161,108
294,179,158,110
293,179,158,110
291,176,155,105
286,175,155,103
283,173,152,101
275,175,155,96
266,177,158,98
259,183,155,100
250,191,152,95
239,194,152,96
232,202,149,98
224,206,149,100
211,208,152,101
203,212,149,100
197,214,149,99
188,216,149,98
184,218,146,98
177,217,149,95
179,215,146,96
182,210,146,94
185,205,146,96
188,201,149,92
193,196,148,95
197,191,148,92
202,191,148,90
205,185,151,95
208,184,154,97
213,183,151,96
215,180,154,94
217,178,154,98
223,176,154,104
225,175,157,106
228,176,157,106
227,178,160,104
230,179,159,102
232,178,159,103
232,178,159,99
236,174,162,99
241,172,159,100
240,169,162,102
242,168,162,104
242,162,162,110
239,162,165,110
238,165,165,108
234,162,168,110
233,159,168,115
233,159,165,117
230,161,165,119
227,163,161,122
223,171,158,122
214,177,164,127
207,179,164,127
196,168,170,142
192,148,160,160
189,114,160,211
188,100,139,258
192,134,121,226
213,224,92,136
238,260,53,100
200,337,72,23
178,335,57,25
170,328,58,32
165,326,58,34
167,337,46,23
159,344,46,16
151,348,46,12
148,350,46,10
148,350,137,10
136,346,142,14
133,353,83,7
137,350,85,10
142,348,159,12
144,348,156,12
146,344,153,15
155,343,144,17
168,340,123,20
173,336,121,24
177,332,121,28
184,329,114,31
184,324,114,36
188,324,114,36
192,320,114,39
192,320,114,40
195,318,116,42
195,318,116,42
195,318,116,42
195,318,116,42
195,318,116,42
203,317,111,43
205,317,111,43
208,313,109,47
215,309,109,51
218,304,111,54
220,300,112,60
232,291,110,68
240,284,108,70
243,278,109,68
251,270,109,64
256,261,110,67
263,255,110,67
268,252,110,65
275,244,112,67
281,242,111,63
287,236,111,64
292,226,109,66
299,219,111,64
304,213,113,66
302,207,115,64
308,201,118,64
313,196,120,65
313,191,122,65
322,188,120,67
323,186,122,67
327,183,119,68
325,182,121,65
320,181,123,66
323,178,126,66
319,178,123,66
318,178,125,67
319,176,123,65
319,175,123,66
321,176,123,66
324,174,126,69
332,172,131,68
339,171,131,69
354,169,129,71
368,166,134,72
379,167,134,72
387,162,134,75
390,161,142,75
397,161,139,72
399,160,139,74
398,155,142,72
398,153,141,78
394,153,146,76
393,153,144,76
395,150,142,79
392,152,145,77
385,152,145,82
379,153,145,77
369,153,145,76
363,153,145,78
358,152,145,79
351,151,145,82
347,152,145,79
347,152,142,77
346,151,142,75
346,150,139,75
346,146,142,81
346,144,160,86
349,141,173,86
352,128,184,94
351,136,180,87
352,121,188,109
352,133,188,103
358,139,182,108
365,142,175,109
377,132,163,126
389,176,151,96
405,168,135,119
420,164,120,135
427,152,113,162
432,140,108,183
422,140,118,169
404,135,136,182
394,131,146,189
370,125,170,189
364,121,176,189
359,120,181,189
354,118,186,178
347,114,193,185
333,113,207,185
320,109,220,189
297,105,243,189
280,102,260,193
254,101,286,189
230,100,310,197
207,102,324,185
184,98,331,182
163,94,337,182
154,95,338,171
136,99,344,164
113,99,360,161
109,105,360,152
95,108,375,149
100,116,375,141
94,126,390,131
93,131,406,120
93,69,414,177
90,68,423,175
97,61,423,179
97,58,422,179
100,53,423,182
112,52,414,179
115,51,415,175
115,44,415,183
103,40,415,179
98,32,415,182
86,32,415,186
79,43,415,174
51,74,431,152
69,81,398,145
81,70,376,152
80,67,368,159
89,61,340,158
87,55,320,152
83,44,308,149
75,34,296,141
73,32,279,128
61,28,263,113
50,25,258,111
40,13,249,113
35,6,244,113
33,33,244,82
36,34,239,82
41,34,233,80
51,36,224,74
54,36,225,80
58,40,220,79
64,43,219,82
69,52,215,85
80,61,211,82
86,61,212,82
93,65,207,82
97,69,207,77
97,69,207,79
109,69,207,77
113,73,203,76
117,74,207,77
133,74,191,79
139,77,191,78
145,78,191,77
149,77,187,78
149,78,200,82
149,75,200,85
155,76,192,83
159,80,192,79
167,80,184,79
180,77,173,85
180,77,173,88
178,76,173,88
186,76,170,86
191,77,160,89
187,76,160,89
190,74,150,91
186,75,150,93
180,73,157,95
179,73,157,96
176,76,157,94
178,76,154,96
178,78,154,91
180,84,148,89
180,88,148,84
185,92,137,80
187,96,133,74
181,93,139,77
181,95,142,77
181,95,148,77
180,94,148,76
183,94,148,79
184,91,148,81
184,93,151,81
184,93,160,81
183,95,170,79
185,96,173,79
179,99,184,79
181,99,180,80
174,98,184,83
169,101,191,82
162,103,199,82
154,104,207,87
142,107,224,86
139,109,228,87
136,108,237,91
128,110,251,92
123,113,257,92
120,107,257,98
120,103,262,108
129,110,257,102
151,106,237,112
159,109,233,110
164,107,228,117
184,112,215,117
182,115,215,117
186,115,215,120
186,119,220,120
188,118,220,122
196,122,215,120
198,120,211,124
198,118,211,124
202,118,206,132
208,117,202,129
209,113,198,134
211,113,198,140
222,113,187,140
230,115,179,134
226,118,183,137
226,117,183,134
227,122,183,132
227,128,183,127
229,131,184,127
226,133,187,127
231,132,180,127
228,134,184,132
228,139,184,127
235,139,180,127
235,144,180,127
231,144,180,124
231,144,180,124
231,149,176,117
231,151,180,119
227,151,184,119
227,151,184,119
227,151,180,119
225,152,177,119
223,151,177,126
223,148,173,131
223,148,173,131
222,147,169,134
222,147,166,134
222,150,163,131
222,142,160,133
225,145,151,133
224,144,148,130
226,149,148,132
223,149,148,135
223,146,145,135
225,145,145,141
225,139,145,150
228,142,142,144
227,141,139,147
224,141,139,147
224,135,139,159
224,135,145,159
224,135,157,159
226,134,160,165
226,134,163,172
226,127,163,182
225,125,153,186
224,123,150,190
218,115,147,205
218,115,147,213
212,111,147,222
212,115,147,222
212,115,141,231
206,120,147,231
209,120,144,236
206,125,141,235
206,130,141,230
206,130,135,230
209,130,135,230
209,135,135,225
208,138,138,222
205,138,144,222
204,141,147,219
203,143,153,217
202,132,153,228
204,120,153,240
212,113,150,247
212,104,150,256
218,101,144,259
218,92,144,264
214,86,150,264
216,79,150,263
219,75,150,263
221,74,150,257
220,67,153,262
219,65,156,262
219,66,159,257
223,66,158,256
228,69,155,246
235,64,149,251
241,59,146,255
240,57,146,250
242,55,146,255
242,55,146,250
242,55,149,250
241,53,152,250
232,53,161,250
224,51,170,250
213,49,184,250
207,47,192,255
203,47,200,255
195,52,212,250
195,57,216,245
184,65,229,240
177,73,239,231
170,80,249,222
163,83,259,221
156,77,269,230
154,75,279,230
160,70,279,234
166,70,273,239
170,73,272,234
175,73,267,234
178,76,267,230
178,76,272,230
183,81,267,225
186,88,261,221
186,92,261,217
191,96,256,213
189,102,261,213
197,100,251,217
200,102,256,217
208,100,241,222
216,98,236,222
221,103,236,222
224,105,231,222
227,103,226,227
233,105,222,227
231,107,222,232
227,107,226,232
229,110,226,227
227,116,226,232
227,116,221,227
227,125,221,222
225,132,221,217
225,132,217,217
225,132,217,217
221,141,221,208
219,143,216,208
215,147,216,204
213,149,211,200
213,153,211,192
211,155,211,192
211,155,211,192
213,157,207,188
211,155,211,192
215,155,211,184
211,155,211,184
209,153,215,188
209,153,215,188
209,153,215,184
207,151,210,188
199,151,214,188
197,149,218,192
197,153,218,192
193,153,218,192
191,151,222,196
191,151,222,196
191,151,222,196
191,151,218,192
182,147,227,196
182,151,222,192
182,151,226,192
177,151,231,192
172,151,231,192
172,151,231,192
172,151,231,192
175,153,226,188
177,155,231,195
177,155,231,195
172,155,236,195
172,155,236,195
172,155,236,195
172,155,236,195
175,157,236,191
175,157,236,191
170,157,241,191
175,161,236,187
170,161,241,187
170,161,241,187
170,161,236,187
165,157,241,191
165,157,241,191
165,157,241,191
165,157,236,191
165,161,236,191
165,161,236,191
165,161,236,191
165,161,236,191
165,161,236,191
165,161,231,191
160,161,236,191
163,163,231,187
161,165,235,183
164,167,235,190
169,167,235,187
169,167,235,187
169,167,235,187
174,167,230,183
174,167,221,179
179,164,221,175
180,161,225,171
176,158,216,168
178,157,220,161
176,153,224,161
174,152,223,158
172,148,222,158
176,148,222,158
174,150,218,155
170,153,223,155
168,165,219,146
166,196,219,114
167,199,219,110
167,155,219,164
163,155,219,164
163,155,210,164
165,157,210,164
167,143,206,185
163,140,210,181
165,138,210,170
165,138,210,170
165,128,206,173
167,137,198,166
165,129,190,173
161,121,186,177
159,120,186,177
165,112,175,188
167,114,165,180
164,111,172,187
161,107,179,187
158,115,175,180
156,114,175,180
154,112,172,180
153,110,168,180
153,106,168,180
160,106,161,180
163,106,161,176
162,100,164,180
168,105,157,177
168,105,160,177
167,103,163,181
169,105,163,177
165,103,169,188
165,111,169,184
165,111,169,184
162,111,172,188
161,117,179,184
163,119,172,191
158,121,179,187
158,125,179,191
157,131,182,187
155,133,181,190
155,133,181,190
155,133,181,190
153,131,185,186
150,127,184,190
144,123,192,190
138,115,192,194
136,107,131,194
134,96,136,194
128,83,131,202
115,69,133,206
109,60,138,206
105,49,138,214
102,40,133,223
97,36,133,232
100,36,128,237
99,34,136,242
97,43,141,247
97,43,141,257
103,52,153,252
113,59,156,257
125,72,159,252
131,77,169,252
151,82,165,247
159,80,168,247
166,80,171,247
177,78,171,247
185,76,167,252
184,74,173,257
176,119,179,218
174,104,183,235
157,95,194,254
143,90,202,264
145,45,210,309
167,48,197,296
168,54,209,284
154,60,235,273
161,78,239,247
177,83,230,232
198,70,208,232
209,76,204,214
213,62,200,223
215,50,192,223
217,42,188,223
215,40,185,214
209,40,185,210
230,42,167,201
221,38,177,209
223,40,174,217
227,40,157,208
229,34,151,220
230,32,148,224
227,28,154,233
223,21,166,242
219,19,172,252
198,14,202,262
192,12,219,267
190,10,232,272
193,14,242,271
198,14,247,276
193,3,257,287
191,1,262,280
212,1,242,279
227,1,223,273
231,1,215,260
236,1,215,260
230,1,223,257
239,1,214,257
235,1,218,257
224,1,231,259
222,1,241,261
225,1,245,270
225,1,255,275
223,1,255,284
226,1,255,286
226,1,260,286
219,1,270,294
217,1,276,303
217,1,276,303
208,1,288,306
193,1,306,310
184,1,312,314
169,1,337,318
154,1,351,321
196,1,317,315
199,1,310,318
190,1,322,314
184,1,322,307
179,1,322,301
176,1,328,292
167,1,328,283
155,1,334,277
133,1,355,268
126,1,362,256
130,1,362,247
134,1,348,240
131,1,348,236
142,1,334,238
173,1,296,235
161,1,296,235
161,1,290,239
155,1,296,249
158,1,284,256
152,1,278,267
144,1,284,282
147,1,278,291
153,1,278,310
136,1,289,323
167,1,261,333
170,1,261,343
122,1,306,355
125,1,306,359
149,1,288,359
167,1,277,359
189,1,261,359
194,1,261,359
196,1,271,359
208,1,271,359
209,1,287,347
215,1,298,335
224,1,304,320
226,1,314,305
238,1,302,290
250,1,290,278
270,1,270,269
284,1,256,266
310,1,230,260
308,1,232,262
311,1,229,260
309,1,231,267
309,1,231,278
313,1,227,293
297,1,243,310
269,1,271,334
255,1,276,345
240,1,282,359
229,1,276,359
217,1,281,359
211,1,281,359
211,1,275,359
206,1,292,359
206,1,304,359
204,1,303,359
204,1,309,359
195,1,328,359
204,1,336,359
212,1,328,359
205,1,335,359
205,1,335,359
228,1,312,359
240,1,300,359
240,1,300,359
252,1,288,359
258,1,282,359
264,1,276,359
275,1,265,359
291,1,249,359
306,1,234,359
308,1,232,359
308,1,232,359
308,1,232,359
308,1,232,359
302,1,238,359
302,1,238,359
302,1,238,359
300,1,240,359
295,1,240,359
290,1,250,359
283,1,257,359
281,1,259,359
279,1,261,359
279,1,261,359
267,1,272,347
254,1,286,359
236,1,304,359
218,1,322,359
212,1,328,359
205,1,328,359
208,1,332,349
208,1,325,349
211,1,319,346
214,1,313,350
211,1,307,347
217,1,301,356
220,5,295,349
214,1,307,353
214,1,307,346
220,1,301,346
217,1,307,349
211,1,307,349
217,1,289,349
208,1,301,352
205,1,301,355
211,1,289,355
205,1,283,355
199,1,277,359
202,1,261,359
193,1,256,359
181,1,256,359
174,1,251,359
169,1,246,359
164,1,256,359
154,1,261,359
144,1,266,359
139,1,271,359
131,1,288,359
119,1,300,359
107,1,312,359
101,1,318,359
88,1,331,359
81,1,351,359
74,1,358,352
67,1,365,345
67,1,365,345
64,1,372,341
69,1,371,344
62,1,378,344
66,1,386,340
58,1,386,333
58,1,386,340
35,1,452,340
35,1,452,340
35,1,461,340
35,1,461,340
31,1,479,343
36,1,479,339
31,1,479,335
26,1,489,331
21,1,499,334
11,1,509,334
11,1,519,334
31,1,509,334
31,1,509,332
31,1,509,338
66,1,392,349
86,1,376,352
94,1,368,357
99,1,368,359
111,1,360,359
133,1,339,359
143,1,332,359
150,1,312,359
174,1,288,359
177,1,282,359
59,1,415,359
87,1,399,359
87,1,407,359
123,1,376,359
224,1,289,359
224,1,307,359
224,1,307,359
224,1,307,359
227,2,313,358
224,1,316,359
221,1,319,359
221,1,319,359
221,1,319,359
227,1,313,359
233,1,307,359
239,1,301,359
239,1,301,359
242,1,298,359
245,1,295,359
245,1,295,359
248,1,292,359
257,1,283,359
268,1,272,359
279,1,261,359
289,1,251,359
302,1,238,359
305,1,235,359
308,1,232,359
303,1,237,359
298,1,242,359
293,1,247,359
281,1,259,354
264,1,276,349
252,1,288,341
229,1,311,336
204,1,336,335
164,1,371,335
122,1,378,338
79,1,303,352
32,1,291,352
1,1,219,344
1,1,186,328
1,1,148,288
1,1,105,243
1,1,64,212
1,1,44,186
0,0,0,0
0,0,0,0
0,0,0,0
0,0,0,0
0,0,0,0
0,0,0,0
0,0,0,0
5,3,68,131
4,7,67,105
3,4,78,84
19,4,62,64
41,2,47,54
65,3,32,46
85,3,24,33
98,3,25,34
56,4,205,35
82,4,149,64
94,5,209,93
114,2,197,133
112,2,201,159
112,1,344,176
102,3,348,169
102,1,360,171
114,1,353,169
115,1,359,176
125,1,357,189
129,1,365,212
137,1,372,229
145,1,372,232
157,1,372,234
172,1,368,245
177,1,363,249
185,1,355,256
188,2,352,269
188,1,352,298
188,1,352,314
191,1,349,327
181,11,359,338
178,20,362,340
178,28,362,325
178,34,362,326
168,37,372,323
172,34,368,325
169,37,371,323
158,40,382,320
143,34,397,324
136,28,404,332
124,25,416,335
112,22,428,338
112,16,428,344
112,22,428,338
120,26,420,334
133,28,407,332
136,32,404,328
144,29,396,331
156,31,384,329
172,36,368,324
184,30,356,330
198,34,342,326
205,40,335,320
214,31,326,329
220,31,320,329
222,18,318,342
222,13,318,347
216,1,324,359
213,1,327,359
198,1,342,359
186,1,354,359
171,1,369,359
156,1,384,359
148,1,392,359
148,1,392,359
145,1,395,359
149,1,391,359
145,1,395,359
145,1,395,359
145,6,395,354
149,10,391,350
149,10,391,350
157,19,383,341
161,18,379,342
161,25,379,335
165,28,375,332
163,24,377,336
163,24,377,336
160,28,380,332
156,24,384,336
152,28,388,332
149,25,391,333
145,29,395,331
126,35,414,325
126,34,414,326
118,41,422,319
114,38,426,322
114,38,426,322
114,38,426,322
114,38,426,322
118,38,422,322
130,26,410,334
135,20,405,340
151,15,389,345
171,13,369,347
182,8,358,352
183,5,357,355
190,1,350,359
190,1,350,359
183,1,357,359
180,2,360,354
173,2,367,358
166,2,374,358
159,1,381,359
148,1,392,359
130,1,410,359
106,1,434,359
87,1,453,359
57,1,483,359
40,1,500,359
14,1,526,359
8,1,532,359
1,1,539,359
1,1,539,359
1,1,539,359
1,1,539,359
1,1,539,359
1,1,539,359
1,1,539,359
1,1,539,359
1,1,539,359
1,1,539,359
1,1,539,359
1,8,539,352
1,8,539,352
1,15,539,345
1,15,539,345
1,23,539,337
1,25,539,335
1,17,539,343
1,21,539,339
1,17,539,343
4,19,536,341
18,21,522,339
36,24,504,336
47,30,493,330
55,27,485,333
77,27,463,333
79,33,461,327
91,27,449,333
103,33,437,327
103,33,437,327
103,39,437,321
103,39,437,311
99,36,441,317
99,43,441,317
92,46,448,314
91,51,449,309
79,53,461,307
70,53,470,297
70,53,470,307
71,53,469,307
66,51,474,309
62,47,478,313
61,47,479,313
51,41,489,319
51,35,489,325
56,33,484,327
52,31,488,329
49,31,491,329
46,25,494,335
46,25,494,335
51,23,489,337
56,19,484,341
61,22,479,338
66,19,474,341
71,23,469,337
76,27,464,333
81,33,459,327
75,35,465,325
65,43,475,317
53,46,487,314
33,42,507,318
15,40,525,320
1,40,539,320
2,37,525,323
1,37,522,323
1,37,489,323
1,34,453,326
1,31,426,329
1,31,398,329
1,26,398,334
1,23,375,330
1,16,356,305
1,5,337,292
12,1,317,263
18,1,299,245
24,1,281,227
28,1,265,206
26,1,249,188
29,2,234,170
30,1,220,149
27,1,212,130
29,1,208,119
25,1,212,116
19,1,225,109
22,1,238,109
31,1,263,114
40,1,279,106
46,1,285,84
45,1,273,105
53,1,237,119
52,47,236,75
52,51,175,75
39,51,205,70
27,55,250,73
7,57,256,60
1,67,313,52
1,70,299,51
1,72,288,58
1,78,274,53
1,82,280,53
1,89,281,55
1,94,275,53
1,97,277,53
2,99,281,54
1,107,288,53
2,110,295,51
4,114,301,51
19,118,289,49
28,117,295,51
37,118,289,51
46,118,295,53
60,124,283,49
76,125,278,49
86,127,272,51
99,127,262,51
113,126,246,52
126,126,232,55
133,128,218,54
138,129,201,53
146,127,197,60
152,123,201,70
151,120,226,77
153,119,240,82
152,123,261,87
150,126,271,87
145,134,282,75
148,143,282,62
145,144,277,63
145,144,277,63
148,146,272,50
143,146,277,51
145,147,272,47
145,149,267,47
143,149,262,47
143,151,262,47
146,153,262,48
146,153,252,55
149,154,257,57
149,154,252,62
152,156,247,63
156,156,242,66
160,156,228,68
163,157,224,67
169,161,216,62
169,162,215,61
169,164,224,66
173,165,220,64
175,166,207,65
175,168,198,62
175,166,190,62
177,164,193,66
176,162,206,69
181,161,224,76
181,161,237,74
180,172,246,59
179,185,248,50
179,189,248,50
173,191,245,51
171,188,227,51
171,193,241,44
162,193,251,45
167,193,246,45
165,194,246,43
159,192,251,45
159,188,256,45
157,187,247,47
153,182,242,46
146,178,247,52
141,170,247,61
141,166,237,67
141,160,232,76
144,161,232,75
139,165,236,68
132,169,237,67
129,171,231,70
116,175,232,68
105,173,237,69
96,174,241,72
85,177,241,72
77,186,241,75
64,191,245,74
