231,102,118,84
231,102,118,84
230,102,119,84
230,102,119,83
230,103,119,83
231,104,119,82
231,104,119,82
231,104,120,83
232,105,120,83
234,106,119,82
234,106,119,82
234,106,119,82
234,107,119,82
234,107,119,82
234,108,119,82
234,109,119,82
234,109,119,82
235,111,119,81
233,112,120,81
232,113,119,82
231,114,119,81
231,114,119,81
232,115,118,80
232,116,118,80
232,117,118,81
232,118,118,81
232,118,118,81
231,119,119,81
231,120,117,81
230,120,118,82
231,121,118,81
231,121,118,81
233,122,118,81
233,123,118,81
233,124,118,81
232,125,118,81
232,125,118,81
231,127,118,81
231,128,118,81
231,129,118,81
231,129,117,80
231,130,118,81
232,131,117,80
232,131,117,81
232,131,117,81
231,130,118,82
232,131,117,82
231,132,118,82
231,133,118,82
230,134,118,82
230,134,117,82
230,135,117,82
230,135,117,82
230,135,117,82
230,135,117,82
230,135,117,81
230,136,117,82
230,137,117,81
229,138,117,81
229,139,116,82
228,139,118,82
228,140,118,82
228,141,118,82
228,141,118,82
229,143,118,81
229,143,118,81
230,143,118,82
232,144,118,82
233,145,117,82
233,147,118,80
234,148,117,80
233,147,118,81
234,149,117,80
235,149,117,80
235,150,117,80
234,150,118,80
235,151,117,80
235,152,117,79
235,152,119,80
236,153,120,80
236,154,120,79
236,153,122,80
237,154,120,80
236,156,118,78
236,157,118,78
237,157,117,77
235,157,118,78
235,157,116,80
234,158,117,79
235,158,116,79
234,158,117,79
234,159,116,78
233,159,116,78
233,159,116,79
232,160,117,79
232,160,116,79
232,160,116,79
231,160,116,81
232,159,112,85
238,156,105,93
238,157,105,92
241,153,100,98
249,149,91,102
255,146,85,104
260,140,82,107
260,140,82,106
265,137,78,102
270,135,77,101
272,132,75,101
271,130,81,99
271,130,81,100
269,127,84,99
267,125,87,97
263,124,91,96
263,121,91,96
263,121,91,96
261,120,94,94
259,120,96,91
258,119,97,93
258,118,98,93
258,119,98,92
257,118,99,92
257,117,98,93
256,117,97,93
254,116,98,94
254,116,98,94
248,116,100,96
247,118,98,95
250,120,98,96
252,121,98,97
251,121,100,97
247,121,102,98
242,122,102,99
240,124,102,100
240,125,102,99
239,125,103,99
240,126,102,97
236,124,105,98
235,125,103,99
237,127,105,98
238,127,104,98
237,128,105,98
230,130,107,99
226,134,105,99
227,137,104,98
227,137,104,98
230,140,105,96
236,138,103,96
237,137,104,96
236,137,105,94
236,137,105,94
236,138,106,93
235,138,107,93
232,138,109,92
229,138,110,92
229,138,111,91
224,139,112,90
224,140,110,89
221,141,111,88
221,141,112,87
221,141,112,87
219,140,113,86
218,139,112,87
217,139,113,86
216,140,114,85
217,140,113,85
217,139,114,85
219,140,114,84
220,139,113,83
219,139,113,83
219,139,113,83
220,140,113,83
222,141,114,82
224,142,113,81
224,142,114,82
224,142,114,82
225,143,113,81
226,144,114,80
228,144,114,81
231,145,114,81
232,145,112,81
232,147,112,80
232,147,113,80
234,145,115,81
237,144,114,81
237,144,113,80
239,144,113,81
240,145,112,81
239,145,113,81
239,145,113,81
239,145,112,81
240,145,113,81
239,144,113,80
239,144,113,81
239,143,112,81
239,143,112,81
239,143,112,81
238,142,113,82
238,142,113,82
238,141,114,83
238,141,114,83
240,142,113,84
241,143,113,83
240,144,113,84
240,146,113,83
241,146,112,83
239,146,113,84
238,148,113,83
238,148,113,83
238,148,113,83
238,148,113,83
238,149,113,83
239,150,113,82
239,151,113,83
239,151,113,84
240,152,112,83
238,152,112,83
237,153,113,83
236,153,117,86
239,149,117,94
239,149,113,95
248,146,98,102
256,140,87,109
262,136,81,111
268,131,76,114
268,131,75,113
268,128,75,112
268,123,75,111
268,120,75,110
268,117,74,109
268,117,74,108
266,114,76,107
263,111,79,107
260,108,83,106
259,105,84,105
259,105,84,105
256,101,87,105
253,99,89,105
250,99,92,104
249,98,94,103
249,98,94,102
251,97,97,101
255,96,99,100
254,96,100,100
251,98,101,100
251,98,101,101
250,101,102,101
246,103,105,99
241,104,106,98
235,104,107,97
236,104,106,97
235,104,106,97
234,104,108,97
233,103,107,96
230,102,107,94
230,102,108,94
230,102,108,94
229,102,109,94
226,102,110,94
223,102,111,94
224,102,110,94
224,103,109,93
224,103,109,92
224,102,110,92
224,101,110,92
224,101,110,91
223,101,111,91
221,102,112,91
218,102,113,91
216,103,112,91
216,103,112,91
215,103,112,90
215,102,112,90
214,101,113,89
214,100,112,89
214,100,113,88
215,99,113,88
217,99,113,88
219,100,113,87
217,100,115,87
217,101,115,86
214,101,115,86
212,100,115,86
211,99,115,85
212,97,114,85
212,97,114,85
211,96,114,84
210,95,114,83
209,94,115,84
209,95,114,83
209,95,115,84
210,96,115,84
211,97,115,83
211,98,114,82
211,98,115,83
211,98,114,83
211,98,115,83
212,98,115,83
213,98,113,83
212,99,113,82
213,99,113,83
212,99,113,83
212,99,113,83
212,99,113,83
212,100,114,83
212,100,113,82
212,101,114,83
213,101,115,84
214,103,114,83
214,103,114,84
215,104,115,83
213,104,115,83
213,103,115,85
214,103,114,86
213,103,115,85
213,105,114,84
212,106,113,83
212,107,112,84
212,108,112,84
213,109,112,84
213,109,112,84
213,110,112,84
212,110,112,84
214,112,111,83
214,113,110,82
213,112,111,83
213,113,111,84
213,115,112,84
214,116,113,83
214,117,113,83
214,116,113,84
214,117,113,84
215,118,113,83
216,121,113,82
216,121,112,83
216,122,111,82
216,123,111,81
216,124,111,82
216,125,111,82
215,125,113,83
215,125,114,82
215,126,114,82
216,127,114,82
217,127,113,83
217,127,114,84
217,128,114,83
216,130,114,82
215,131,114,81
215,132,114,81
214,133,114,81
215,132,113,82
214,133,114,82
213,134,114,82
213,135,114,82
213,137,114,81
214,137,114,81
213,139,114,81
214,140,114,81
214,141,113,81
214,142,113,80
213,143,113,80
213,143,113,80
213,144,112,80
213,144,113,81
213,144,113,81
213,144,114,81
213,145,114,80
214,145,113,80
214,146,113,80
215,145,113,80
215,145,113,80
215,145,113,79
215,144,113,79
217,143,113,80
218,144,113,80
218,144,113,79
218,144,113,79
218,143,112,79
218,143,112,79
218,143,113,79
218,143,113,79
219,143,113,79
220,143,113,79
221,143,113,79
221,143,113,79
221,144,113,78
222,143,113,78
223,143,113,79
223,142,113,79
223,142,113,79
223,142,113,79
223,142,113,79
223,143,112,78
223,144,112,78
223,145,112,78
223,145,112,78
222,145,112,79
222,146,112,78
222,146,112,78
221,146,112,79
221,146,112,79
220,146,112,79
220,147,112,78
220,147,111,78
219,147,111,79
219,147,111,78
219,147,111,78
219,148,111,78
220,148,111,78
219,148,111,78
220,148,111,78
219,148,111,78
218,148,111,78
217,148,111,77
219,149,109,78
219,150,109,77
219,151,109,76
220,152,109,76
220,151,109,77
221,151,108,77
221,151,108,77
221,151,108,78
221,152,109,77
223,153,107,77
224,153,107,78
224,154,107,77
224,155,107,76
224,155,106,76
224,155,106,77
224,156,106,77
225,156,105,77
225,156,105,76
225,156,106,77
225,156,108,79
228,154,104,86
228,154,105,86
235,151,93,92
245,147,76,96
252,143,62,97
259,138,57,99
259,138,57,99
259,134,59,100
259,129,62,98
260,126,64,97
259,123,71,96
259,123,71,95
259,121,75,95
259,119,78,94
258,117,80,94
255,115,85,93
256,115,84,92
253,114,88,91
250,115,92,88
247,116,95,88
247,115,97,89
247,115,97,90
245,114,100,90
239,116,102,90
237,119,102,91
240,121,102,90
240,122,102,89
239,119,104,89
237,114,104,89
240,105,103,90
247,101,104,93
247,101,104,93
244,103,106,91
234,98,108,89
234,98,106,96
235,107,106,95
236,108,105,93
240,111,108,93
244,116,107,90
243,113,107,90
248,117,108,92
248,117,108,91
249,114,108,90
243,112,110,88
241,114,109,88
244,113,109,88
244,113,110,88
239,111,113,87
233,114,112,89
233,114,110,87
232,111,111,85
232,111,111,85
228,111,112,85
228,109,111,84
229,106,112,84
229,106,112,83
227,104,114,83
229,100,112,84
228,99,112,83
227,97,113,82
227,97,113,82
226,96,113,82
225,96,116,82
224,96,119,87
227,94,113,95
228,95,113,94
234,94,99,99
241,92,84,103
244,89,72,106
243,87,66,108
243,87,66,108
240,85,67,106
236,82,68,105
233,81,69,103
230,77,72,101
230,77,72,100
225,73,75,101
223,70,77,100
219,67,81,101
216,66,85,101
216,66,86,100
215,66,88,101
212,67,93,99
211,68,96,99
212,71,97,100
211,70,98,99
213,73,98,100
214,77,99,101
215,80,101,101
218,82,102,102
218,82,102,103
219,85,104,103
221,89,104,103
222,92,104,102
220,95,107,101
220,95,107,100
220,98,108,99
218,101,109,100
218,104,109,101
216,107,110,99
216,107,109,99
215,109,109,101
214,113,109,99
213,116,110,102
211,119,111,102
212,119,110,103
211,123,110,101
210,127,110,98
208,129,111,97
208,132,110,98
208,132,109,98
207,135,109,97
205,137,110,96
204,139,111,96
202,140,111,95
203,141,110,95
201,142,111,95
201,144,111,93
201,146,111,92
201,147,111,93
201,147,111,93
201,149,111,92
202,151,112,91
203,153,111,90
203,155,112,89
203,155,112,88
203,155,111,89
203,158,111,88
202,160,112,86
202,161,111,85
202,161,112,85
202,161,111,86
203,162,110,86
200,163,114,87
199,164,117,92
199,164,116,92
203,164,110,100
211,161,95,105
210,153,86,114
209,148,81,118
209,148,81,119
209,141,77,121
208,138,75,118
208,133,75,118
205,128,77,118
205,128,77,118
203,123,77,118
202,120,80,113
200,117,82,111
198,115,85,109
197,116,85,109
194,114,89,111
193,112,88,108
191,111,94,107
190,109,96,106
190,109,96,108
187,108,99,107
185,107,101,105
185,106,101,101
185,105,102,100
184,106,103,100
184,105,105,100
184,104,105,100
184,104,106,98
185,104,107,97
185,104,107,98
185,103,108,98
184,102,109,100
183,101,110,100
184,99,108,100
184,100,108,99
183,99,109,100
183,97,108,101
183,96,108,100
183,95,108,99
183,95,108,99
182,93,109,100
183,92,108,101
182,91,108,100
181,90,111,100
180,90,111,100
180,89,111,100
180,88,112,99
180,87,112,98
181,86,111,99
181,86,111,99
181,85,112,97
181,85,112,99
180,84,112,95
180,84,112,94
181,83,111,95
179,83,113,95
179,83,112,95
179,83,112,95
180,83,111,94
180,83,112,94
179,82,113,94
178,81,113,94
177,81,113,93
176,81,114,93
176,81,114,93
177,81,113,92
178,81,113,92
177,82,114,91
179,82,112,91
179,83,112,90
179,83,113,91
179,84,114,90
179,84,113,90
180,85,113,90
180,85,113,90
181,86,113,90
179,87,115,90
181,88,114,89
181,89,113,88
181,89,114,88
181,89,114,89
181,90,114,89
182,91,113,88
182,92,114,88
182,92,114,88
181,93,114,88
181,94,114,88
180,95,114,87
180,95,114,88
180,96,114,87
179,96,115,87
180,97,113,87
179,96,114,88
179,96,114,88
179,96,113,87
178,97,114,87
177,98,115,87
177,97,115,87
177,96,115,89
177,97,115,88
176,96,116,88
178,95,114,88
177,94,115,88
177,93,115,88
177,93,115,88
177,92,115,88
176,91,116,89
177,92,115,88
176,92,116,88
177,92,115,88
177,92,115,88
176,92,116,89
176,93,117,89
175,93,117,88
177,94,116,87
177,95,116,87
176,93,117,90
175,95,116,89
174,95,116,89
174,96,116,88
174,97,116,88
173,97,116,88
173,97,116,88
173,98,115,87
173,98,115,88
173,99,114,87
172,99,114,87
171,99,114,87
171,100,114,86
171,100,114,87
171,100,115,87
169,100,116,87
170,102,117,87
172,103,117,87
172,102,116,89
174,103,114,88
174,104,115,88
173,105,115,87
173,107,114,86
173,106,114,87
173,108,114,86
174,110,113,85
175,110,113,84
174,111,113,84
174,111,114,84
173,112,114,83
173,112,114,84
172,113,113,84
171,113,113,84
172,114,113,83
172,114,112,84
172,115,112,83
172,116,112,83
171,116,112,84
171,116,112,84
170,117,112,84
170,117,112,85
169,119,112,83
169,121,112,83
169,120,112,84
168,121,113,85
170,123,112,84
171,124,111,83
172,124,109,83
173,123,108,85
173,124,108,84
172,124,108,84
171,124,108,85
170,125,109,85
170,125,109,85
170,126,109,85
170,127,109,84
171,128,109,84
171,128,110,84
171,128,110,84
171,129,110,84
173,129,109,84
174,129,108,84
174,130,109,85
174,129,109,85
174,131,109,85
175,132,108,84
174,133,109,84
173,134,109,84
173,134,109,84
173,134,110,84
172,134,110,84
172,135,110,84
172,136,110,83
173,136,108,83
172,137,109,83
171,138,110,84
170,139,110,84
168,141,111,82
168,141,111,83
167,141,111,83
166,142,112,83
165,143,114,82
164,143,114,83
164,144,114,82
165,144,113,82
167,145,111,81
167,146,111,81
167,146,111,81
167,146,111,81
166,146,113,81
166,146,114,81
166,146,114,82
166,147,114,82
166,147,115,83
166,149,114,82
168,151,113,82
168,153,113,81
168,154,112,81
168,154,112,81
169,155,112,81
169,156,113,81
168,158,113,80
166,159,114,80
167,158,113,81
168,159,112,81
171,162,109,80
171,164,108,79
171,165,108,79
172,165,106,79
170,166,108,79
168,168,110,78
168,168,110,79
168,169,109,78
168,169,110,78
169,170,109,78
169,170,108,77
169,170,108,77
170,170,107,77
169,169,107,78
169,170,108,78
169,170,109,78
169,170,109,79
170,170,108,79
170,171,108,79
170,170,108,80
170,170,108,81
171,171,108,80
171,172,109,81
171,172,109,80
172,173,108,81
173,174,107,80
174,174,107,80
175,175,106,80
175,175,106,80
175,175,106,80
175,176,106,81
175,178,106,81
175,180,106,80
175,180,106,81
174,182,107,81
175,180,106,86
203,170,71,102
208,152,54,122
207,152,55,123
211,138,51,137
210,126,53,133
212,115,51,127
215,107,52,117
215,107,52,117
208,101,60,97
202,94,77,76
195,72,84,103
203,37,65,142
203,37,65,141
219,1,45,162
232,1,28,131
235,1,25,99
233,1,29,70
233,1,30,68
230,1,32,41
230,1,36,18
231,1,35,17
231,1,35,17
231,1,35,17
231,1,35,17
231,1,35,17
231,1,35,17
231,1,35,17
231,1,35,17
221,1,62,33
220,1,78,71
199,1,101,104
191,23,99,106
190,24,99,105
185,59,94,106
186,89,80,105
185,106,65,110
172,110,81,133
171,110,82,132
165,116,86,153
157,133,77,171
149,159,74,161
149,176,68,144
149,176,68,144
148,187,67,133
151,195,65,125
154,204,63,116
160,214,58,106
159,214,59,106
167,223,59,97
176,228,59,92
193,225,54,95
205,217,56,103
205,216,57,104
213,201,62,119
215,187,66,130
231,174,59,113
244,166,55,106
243,168,55,104
253,152,59,105
259,142,60,100
268,132,61,98
271,125,62,97
271,125,62,96
271,118,62,96
272,115,62,98
272,108,68,102
273,101,67,102
272,104,69,99
272,98,72,112
271,97,72,108
267,97,73,105
262,97,76,105
262,96,77,106
254,96,83,107
253,100,86,102
252,102,86,101
250,103,88,102
250,103,88,101
251,104,87,100
250,104,88,99
245,105,92,96
245,104,92,98
243,105,94,96
245,106,92,94
249,107,91,95
250,108,91,96
249,111,92,94
249,109,94,97
251,112,92,99
254,111,92,101
255,111,91,98
260,112,88,92
260,112,86,92
260,114,86,90
260,109,87,86
266,112,82,74
269,109,82,78
269,110,81,77
270,108,79,77
270,112,80,71
271,111,81,76
268,110,87,79
268,110,87,78
269,108,87,85
273,108,86,86
272,105,87,88
265,105,94,91
262,104,96,92
260,106,97,93
256,105,100,92
251,104,104,92
251,104,103,93
246,104,103,93
242,103,103,93
239,106,103,89
236,107,102,88
236,107,102,88
226,107,106,87
221,107,106,86
214,107,110,85
209,106,114,86
209,106,113,85
206,106,113,85
205,107,114,85
201,107,118,85
198,107,119,85
198,108,119,85
197,109,119,85
197,109,118,85
196,109,118,85
196,109,118,85
196,109,119,84
195,109,120,84
195,109,121,85
193,108,124,85
193,108,124,83
193,108,124,82
194,107,124,84
194,107,124,83
193,108,125,82
194,108,124,82
194,108,124,82
195,108,124,81
196,109,123,80
197,109,123,78
197,110,124,78
197,110,124,78
198,110,125,78
198,111,124,78
195,112,126,78
194,112,126,79
195,112,126,79
194,112,127,80
191,112,126,80
190,111,125,79
190,111,126,79
191,111,125,78
191,110,124,77
190,109,124,75
189,109,126,74
189,110,126,72
189,109,125,72
188,111,125,71
185,109,129,71
184,110,130,68
183,109,131,67
183,109,132,68
184,109,130,66
183,107,131,64
182,107,133,64
182,106,132,63
182,106,132,64
181,105,131,65
180,105,133,66
179,105,133,66
179,105,135,66
179,105,135,66
179,105,135,66
180,105,135,64
181,105,135,64
180,104,135,64
180,104,135,64
179,103,135,64
179,103,134,64
178,102,135,63
178,100,137,65
179,100,136,65
179,99,135,66
179,99,134,65
179,100,134,64
179,99,135,64
179,99,135,64
179,100,136,64
179,99,137,65
181,99,136,66
181,98,136,67
181,99,136,67
180,97,136,67
180,96,135,67
179,96,136,68
178,96,136,67
178,96,137,66
178,96,136,65
178,95,136,64
177,95,136,63
175,93,137,64
176,93,137,64
176,92,138,64
177,90,138,66
177,88,138,66
177,85,138,68
176,86,138,67
176,84,139,66
177,84,139,65
178,83,139,66
180,83,138,66
180,83,138,66
183,83,137,65
183,82,137,65
183,79,137,65
183,76,136,66
183,76,136,66
182,74,137,66
182,73,137,66
182,73,136,66
183,72,136,65
183,71,137,67
183,70,137,66
183,68,138,65
185,67,138,66
186,64,138,67
187,63,137,68
188,62,136,67
190,61,136,68
191,61,136,69
192,60,136,69
192,60,136,69
191,60,137,68
192,59,136,68
193,58,136,69
192,57,136,68
192,57,136,67
192,56,136,67
192,56,136,67
193,56,136,67
194,57,135,67
194,57,135,67
194,56,134,68
194,56,134,67
195,57,134,66
196,56,134,67
196,56,134,66
198,57,134,66
199,57,133,66
200,56,133,66
200,56,134,66
201,56,132,66
201,55,133,65
202,55,132,64
202,55,131,63
202,54,131,62
202,55,131,62
202,53,131,63
203,53,131,63
203,54,131,63
204,53,131,63
204,52,130,64
205,53,129,62
205,53,129,61
204,51,130,63
206,51,130,63
206,52,129,62
206,53,129,61
206,54,128,61
206,54,128,62
206,55,128,62
206,55,127,61
206,55,126,61
206,56,126,60
205,55,126,61
205,54,125,61
205,54,125,61
205,53,125,61
204,53,126,61
203,53,126,61
202,53,126,61
202,53,126,61
201,53,126,60
201,53,125,60
200,53,123,60
200,53,123,61
201,53,122,61
201,53,122,61
201,52,123,60
201,51,123,59
203,49,123,61
203,49,123,61
204,47,122,61
204,46,123,62
205,45,123,62
205,44,123,62
205,44,123,62
205,36,123,69
207,36,122,69
202,35,127,69
200,36,131,70
199,35,132,70
199,41,135,70
200,47,137,68
208,54,131,71
216,67,122,62
217,67,121,62
222,74,116,63
225,80,111,60
226,83,109,59
229,81,108,64
229,81,108,64
227,75,112,75
224,72,117,79
216,68,125,84
207,66,135,87
207,66,135,87
199,62,144,92
194,60,149,96
193,59,150,99
194,63,149,97
194,63,149,97
196,71,145,91
201,78,138,85
205,79,134,84
210,84,129,83
210,83,129,83
212,87,125,82
216,88,121,82
222,89,115,83
226,90,112,82
226,90,112,87
230,89,108,86
234,89,105,86
238,88,101,87
241,87,98,86
242,87,98,86
243,87,97,85
246,86,96,84
246,83,96,85
246,80,96,87
246,80,96,87
247,79,97,88
246,76,97,90
244,77,98,90
243,76,99,90
243,76,100,90
243,76,99,89
240,78,101,87
237,79,102,85
237,80,101,81
237,79,101,84
237,78,102,84
236,77,103,82
235,77,103,79
234,78,104,78
234,79,103,78
232,77,104,78
230,79,105,75
231,78,104,75
230,77,105,75
230,78,105,75
230,78,106,74
231,78,107,72
231,77,107,72
231,74,108,74
232,74,108,73
232,65,109,82
231,62,113,86
223,61,124,89
221,58,130,94
221,57,129,95
220,56,134,99
220,59,136,101
224,64,134,101
228,71,131,98
229,71,130,99
234,80,126,95
240,84,122,95
244,88,120,94
249,90,116,95
250,91,115,94
252,93,115,93
256,94,112,92
258,94,111,91
260,93,110,90
260,93,109,90
260,91,110,89
262,89,108,89
264,88,107,88
264,86,107,88
264,86,107,88
264,85,105,88
262,85,105,88
261,85,104,88
259,85,103,88
259,85,104,87
255,86,104,87
252,87,105,87
249,87,106,87
245,86,106,87
246,87,106,86
244,87,106,85
242,87,106,84
240,88,105,84
236,88,106,84
236,88,107,84
233,85,106,84
227,84,109,84
223,87,107,85
223,90,107,84
223,90,107,84
223,89,107,84
223,88,108,84
225,89,108,84
226,90,108,84
226,89,108,84
228,89,108,84
229,90,108,83
230,89,108,83
230,89,109,83
230,89,109,83
231,90,109,83
230,90,108,83
229,89,109,83
228,90,108,81
228,90,109,81
227,89,109,81
225,88,110,81
223,87,110,81
222,87,110,81
222,87,110,80
220,86,110,80
218,85,110,81
214,84,110,80
214,84,111,80
214,85,111,79
214,85,111,77
214,83,111,78
213,82,111,78
212,82,110,77
212,82,110,77
211,81,110,77
212,81,110,77
212,80,111,77
213,80,111,76
213,80,111,76
214,80,110,74
214,79,111,74
214,79,111,73
214,77,111,73
215,77,111,73
215,77,112,73
216,77,112,72
217,77,111,72
218,77,110,71
218,77,110,71
219,76,109,72
219,73,113,72
219,72,113,67
217,74,114,60
218,75,113,58
218,75,112,55
217,77,109,50
216,76,106,49
212,75,104,50
213,75,103,50
208,74,106,56
203,72,108,61
199,70,109,67
197,68,108,72
197,68,108,72
197,67,106,76
196,66,103,80
195,67,101,81
192,66,101,88
192,66,100,88
191,66,100,92
190,67,100,94
190,67,99,97
190,69,99,96
190,69,98,96
190,70,100,96
190,72,104,95
189,73,109,94
189,73,115,92
189,73,115,93
189,72,118,92
189,71,121,91
191,69,120,90
191,67,123,91
191,67,122,91
191,65,123,90
192,64,123,91
194,62,122,91
195,60,122,92
195,60,123,92
196,59,124,92
199,59,123,92
201,60,124,91
202,60,124,92
202,60,124,91
203,59,124,92
205,59,124,92
207,58,123,93
208,57,123,92
208,57,123,92
209,56,123,92
210,55,123,92
210,53,123,92
210,53,123,94
210,53,123,94
210,53,122,94
210,52,122,95
210,52,122,96
210,52,123,95
209,52,123,95
208,51,125,97
207,45,125,108
209,39,118,118
216,38,105,123
216,38,104,123
226,39,88,128
236,44,69,126
237,53,63,123
238,63,63,116
238,63,63,115
240,69,66,112
236,73,73,110
233,75,79,110
233,80,82,107
233,80,83,108
233,83,86,106
232,85,91,106
231,88,95,103
231,89,98,101
231,89,99,102
232,90,102,101
233,91,106,98
234,91,108,96
233,91,111,96
234,90,110,96
238,89,107,97
242,89,105,97
243,91,106,95
243,94,108,92
243,94,107,92
245,94,109,92
245,94,110,91
245,93,111,91
244,92,112,92
244,92,112,92
242,92,113,92
243,93,111,91
242,94,112,90
242,94,112,90
240,96,113,89
238,97,112,89
235,98,112,88
232,99,113,88
232,99,113,88
230,100,113,88
230,102,114,86
238,106,116,89
246,111,116,86
246,111,116,85
255,112,117,86
262,114,116,85
269,110,116,85
272,108,114,85
272,108,114,85
271,104,114,84
272,102,115,84
276,101,116,85
273,98,116,86
273,98,116,86
267,91,115,86
265,91,114,86
264,86,114,87
271,77,118,86
271,77,117,85
282,74,120,87
293,66,116,86
282,68,121,89
260,75,125,87
260,75,125,86
241,81,124,86
234,87,118,86
237,81,119,83
244,78,118,83
244,78,118,84
249,76,118,83
245,74,118,83
242,76,117,83
242,78,119,84
242,77,118,85
245,82,119,83
252,84,120,82
257,84,118,81
258,86,118,83
258,87,118,82
257,88,118,81
253,85,118,81
252,84,117,81
253,85,117,79
253,85,117,79
259,80,121,80
264,76,120,80
264,71,120,80
263,69,120,80
262,69,120,80
262,69,121,80
261,67,123,80
262,66,123,79
266,65,125,78
266,65,125,78
272,64,126,78
273,65,127,78
270,64,127,78
265,65,127,78
265,65,126,77
263,66,126,79
263,69,125,78
264,69,125,76
263,70,125,77
263,70,125,76
258,72,125,76
257,73,125,75
260,76,126,74
263,80,127,73
264,80,126,73
262,82,126,73
257,84,126,73
253,88,126,72
253,92,127,71
253,92,127,71
258,95,127,70
260,97,127,70
258,100,127,68
246,103,129,68
245,103,130,67
237,107,127,70
239,111,128,67
245,112,128,68
246,115,127,68
246,114,126,70
240,118,128,67
235,119,127,66
233,119,126,65
231,120,126,64
231,120,125,64
229,119,126,63
225,118,125,64
219,116,127,65
215,116,127,64
215,116,127,64
214,115,128,63
214,114,127,63
211,114,128,63
211,114,126,63
211,115,126,62
211,113,126,63
209,114,128,62
209,113,128,61
209,113,129,61
210,113,128,61
213,112,128,61
213,111,127,61
210,110,128,61
210,109,128,61
211,109,128,61
214,108,127,62
215,109,127,62
215,109,127,62
216,110,126,61
216,110,126,61
217,110,125,60
216,111,125,60
215,111,129,62
215,111,128,61
215,111,127,61
216,111,127,61
216,111,127,60
215,110,127,62
213,109,127,61
213,109,126,62
211,108,127,62
212,107,127,62
214,107,126,62
215,107,126,61
215,107,126,61
215,107,127,61
216,106,127,61
215,106,126,61
215,106,126,61
215,106,127,60
216,105,127,62
216,105,127,61
218,105,126,59
218,104,126,61
218,104,127,61
218,103,127,61
216,103,128,61
215,103,128,60
215,102,127,60
215,102,126,61
214,102,126,60
213,102,127,59
214,101,127,59
215,100,127,59
215,100,126,59
215,99,127,60
215,98,127,60
216,98,126,58
217,97,127,59
217,97,126,59
218,97,126,58
219,96,126,59
220,95,126,58
220,95,126,58
220,95,126,59
219,94,125,59
219,95,124,59
220,96,126,58
222,97,125,59
222,97,125,59
223,98,124,59
224,99,124,59
225,100,123,59
224,101,124,59
224,102,124,58
224,103,123,58
224,104,123,58
224,105,123,59
222,106,124,59
222,106,124,59
221,108,124,60
222,110,124,60
223,111,124,59
221,112,124,59
221,112,124,59
217,113,124,58
215,114,123,58
215,115,123,60
215,117,123,59
215,117,123,60
215,119,123,59
216,120,123,59
216,122,123,59
217,123,123,59
217,123,123,59
218,124,123,59
218,125,122,58
217,126,122,58
218,126,122,58
218,126,122,58
219,126,122,58
218,126,123,58
218,126,122,58
218,126,122,57
218,126,122,57
217,127,121,56
216,127,120,55
216,128,121,56
217,128,121,57
217,129,121,56
218,128,121,56
217,128,121,56
217,128,120,55
217,127,120,56
217,127,119,55
217,127,119,54
217,126,120,55
217,126,120,56
216,125,120,55
216,126,121,55
217,125,120,55
216,125,120,55
214,124,120,55
214,124,119,55
214,124,120,55
215,123,119,55
214,123,119,55
214,122,119,56
215,122,119,55
215,122,119,55
215,121,120,56
212,120,120,55
212,119,119,56
213,119,120,56
213,119,120,57
213,119,119,56
213,119,118,56
212,118,118,56
211,117,119,57
211,117,119,56
211,117,118,56
211,117,119,56
210,115,120,56
210,114,119,57
210,115,118,56
210,114,118,56
209,113,119,57
208,113,120,57
210,108,125,62
210,108,124,61
220,107,117,56
228,107,107,47
227,107,104,43
226,105,99,43
226,105,99,43
224,102,98,47
222,101,100,49
220,98,105,53
219,93,111,61
218,93,112,60
216,87,114,69
214,83,117,68
217,81,118,67
224,80,111,68
224,80,112,67
236,80,102,68
249,80,99,86
256,80,94,89
254,79,99,91
254,78,99,92
252,78,105,94
247,77,114,96
245,78,119,96
244,81,126,94
244,81,126,94
245,83,129,94
249,86,130,92
255,89,126,92
257,95,125,90
257,95,125,89
258,102,125,85
261,104,124,83
262,103,124,83
258,103,123,83
259,104,122,83
257,104,121,82
257,104,120,85
255,104,121,85
254,104,121,85
254,104,121,85
255,102,121,85
255,102,119,84
254,103,118,82
254,102,118,82
254,102,117,82
256,102,117,82
258,100,118,82
260,100,118,82
261,99,117,81
261,99,117,81
260,99,118,81
259,98,119,81
260,98,119,81
262,101,118,81
262,101,119,81
258,103,118,79
253,102,119,77
251,100,119,77
247,98,121,78
247,98,121,77
240,96,122,78
240,95,124,77
246,93,120,76
243,91,122,76
243,91,122,76
237,88,122,74
234,88,122,74
233,88,122,73
230,88,121,71
229,88,122,71
225,90,124,71
227,91,124,70
233,94,122,71
228,96,123,71
228,96,123,71
227,97,123,72
229,98,125,72
234,99,122,71
233,100,123,72
233,100,123,72
234,101,124,73
232,102,124,74
229,103,124,74
229,104,124,74
229,104,124,74
230,105,124,75
228,105,124,75
228,106,124,75
229,106,124,75
229,106,124,75
227,106,124,75
226,105,125,77
228,104,124,77
228,104,124,76
228,104,124,76
228,103,125,76
230,103,124,75
228,102,123,74
226,101,125,74
226,101,125,74
227,100,126,74
228,99,125,75
225,99,125,74
223,98,124,74
223,98,125,74
224,97,126,74
225,96,126,73
224,95,124,73
223,93,124,74
224,93,124,74
223,92,125,75
222,92,125,75
223,93,125,73
225,92,127,74
226,92,126,74
229,93,124,74
229,93,124,73
229,93,125,74
229,94,124,72
229,94,124,72
229,93,124,73
231,92,124,73
233,92,123,72
231,91,123,72
231,91,123,72
229,90,123,72
227,88,124,72
227,88,123,71
227,87,123,70
226,87,124,70
227,86,123,71
228,85,122,71
228,84,122,71
229,84,121,70
229,84,121,71
229,84,120,71
228,83,121,71
228,82,122,70
230,82,121,71
230,82,121,71
229,82,120,70
229,81,120,71
230,81,120,70
229,81,119,70
229,81,119,71
229,80,119,70
229,79,119,71
229,79,118,71
230,79,118,70
230,79,118,70
231,79,118,70
230,78,118,70
230,78,118,70
229,77,117,72
229,77,118,71
230,76,117,72
231,76,116,73
231,75,115,73
232,76,114,73
232,76,114,73
232,78,115,73
234,80,114,72
235,81,113,71
233,83,113,73
233,83,113,73
232,84,113,72
231,85,113,72
231,85,114,71
231,85,114,72
231,85,114,71
231,84,114,72
232,85,114,71
232,84,113,72
231,84,114,72
231,85,115,71
231,84,114,71
232,84,114,71
232,83,113,72
232,82,113,72
232,82,113,72
232,81,113,72
231,80,114,72
231,79,113,73
230,79,113,72
230,79,113,72
229,78,112,72
228,77,114,72
229,77,113,72
229,76,113,72
229,76,113,72
229,75,113,73
230,75,112,73
229,74,112,73
227,68,119,76
227,68,119,76
216,60,137,86
215,52,140,106
219,54,139,113
219,55,139,112
235,63,129,113
238,67,130,114
238,75,137,111
270,85,107,109
271,84,107,108
286,87,92,112
294,92,86,111
300,101,81,100
305,103,80,97
305,103,81,97
311,104,76,96
321,105,66,94
318,104,69,71
314,104,96,86
314,103,95,86
309,102,104,86
307,99,111,96
307,95,113,108
310,93,115,121
310,92,115,121
314,96,114,126
320,104,111,124
327,113,106,122
333,120,98,117
332,119,98,117
335,129,99,112
340,138,92,103
347,144,88,100
350,141,92,99
351,140,91,99
354,136,91,99
354,134,91,96
353,127,92,99
348,123,95,97
348,123,95,97
345,119,96,95
342,115,95,95
342,105,88,91
343,99,90,86
343,99,90,85
340,93,88,84
332,88,89,82
321,82,94,80
313,75,98,79
313,75,98,78
304,71,104,75
298,70,115,77
290,66,119,84
280,65,125,87
280,66,125,86
277,64,127,85
276,74,129,74
279,81,128,66
283,89,127,63
283,88,127,63
290,91,124,62
297,95,121,59
303,98,118,57
309,99,115,57
310,99,114,57
316,99,111,58
321,99,109,59
326,101,106,59
332,101,105,58
333,101,104,58
337,101,104,56
343,102,101,56
345,102,102,55
347,101,103,58
348,101,102,58
350,101,102,58
351,102,103,57
353,102,102,58
354,103,105,57
354,103,104,56
357,104,104,55
359,105,103,55
360,105,104,55
361,104,105,54
362,104,105,54
363,103,104,55
364,102,104,54
364,101,105,54
364,101,106,53
364,101,106,53
366,100,105,54
366,99,106,55
367,99,106,54
371,97,106,55
371,97,107,54
373,98,108,54
373,99,107,54
373,100,107,54
376,100,107,54
376,100,106,53
382,100,107,53
381,99,109,53
377,97,108,52
377,97,108,52
377,97,108,52
380,97,107,54
379,96,106,54
375,85,105,66
372,80,100,70
372,80,102,71
369,83,99,69
368,88,98,70
373,93,92,68
375,91,90,68
375,91,90,69
378,89,86,74
384,88,83,75
395,87,74,82
399,89,70,87
399,89,69,87
382,88,80,74
379,74,81,85
382,69,86,90
390,69,83,91
390,69,84,91
405,74,69,91
414,87,65,87
425,90,54,85
433,95,52,84
432,95,52,84
442,97,45,83
448,98,40,80
453,98,36,80
449,98,36,80
449,99,36,79
447,101,35,77
443,100,39,82
445,102,38,84
446,104,38,85
446,104,38,84
442,105,41,85
437,105,43,94
433,111,46,94
430,114,49,105
430,114,50,107
431,119,51,106
429,121,53,99
428,124,54,96
428,128,56,97
428,127,58,99
429,130,62,97
433,131,63,98
432,135,65,97
434,136,66,98
434,137,66,98
432,140,66,95
429,140,67,95
426,140,68,95
425,138,69,95
424,138,71,96
425,138,72,96
425,138,73,94
424,137,73,94
423,136,75,93
423,136,74,93
424,134,74,93
423,133,74,94
422,129,76,99
424,125,73,106
424,125,72,106
421,124,72,106
424,121,63,110
419,121,60,111
413,121,62,112
413,122,64,111
412,132,62,112
408,130,62,116
402,135,65,114
395,142,71,109
395,144,72,107
390,145,72,104
387,147,71,101
384,150,73,100
382,153,68,99
383,153,67,99
382,155,67,98
381,155,69,98
381,154,69,99
382,154,69,96
383,154,69,97
385,154,69,95
387,152,69,94
391,151,69,93
393,148,69,94
393,148,69,94
393,147,70,94
393,147,71,93
395,147,71,93
396,147,72,93
396,147,72,94
395,146,72,96
394,146,74,96
393,147,74,95
394,150,73,92
394,150,73,93
397,150,76,92
394,152,75,90
390,154,75,89
392,152,73,88
391,152,75,89
