399,330,43,79
387,320,54,86
377,314,52,89
373,315,52,90
379,316,53,90
393,314,49,93
403,320,51,95
414,332,50,97
412,341,51,99
407,350,52,101
413,355,55,103
428,351,56,96
440,334,58,96
449,314,64,104
451,302,70,107
444,292,74,110
438,281,74,110
425,239,77,110
417,213,84,115
425,220,85,118
439,234,87,120
450,260,86,121
454,271,89,121
460,262,91,117
456,259,91,117
439,251,92,115
417,236,91,114
395,224,93,117
389,212,96,118
409,222,100,120
420,223,105,120
414,215,107,123
398,220,109,139
384,227,113,142
379,234,118,146
384,231,119,148
379,215,121,148
364,204,125,154
358,212,130,156
374,225,132,158
388,232,135,154
383,229,136,153
366,221,139,152
361,220,142,151
364,238,141,151
357,249,141,152
340,255,143,153
327,261,144,154
332,277,147,155
347,302,147,156
348,312,151,154
339,305,152,156
337,296,153,157
340,293,156,158
346,301,157,161
353,312,158,160
352,312,161,160
346,307,163,159
343,302,166,160
347,300,166,161
348,294,168,163
344,289,169,163
338,280,170,163
332,276,171,164
332,277,172,162
329,275,173,164
328,274,174,164
323,280,175,166
317,286,175,164
317,288,177,165
323,293,177,165
327,296,177,166
327,298,177,166
324,297,165,166
321,296,176,166
326,300,162,167
332,304,144,167
343,305,134,166
353,301,119,168
361,300,118,169
368,304,120,169
378,307,117,169
381,309,119,171
376,311,119,171
369,313,125,172
364,321,124,187
352,330,125,174
338,342,126,171
336,351,142,135
336,351,154,135
305,346,201,128
330,351,146,152
310,361,132,159
296,368,124,164
296,378,121,174
293,379,129,169
293,373,128,171
293,368,127,170
288,361,136,166
290,359,136,162
291,361,143,156
288,354,143,159
302,339,137,168
300,335,147,158
299,357,173,124
307,387,139,89
320,417,139,67
317,426,92,59
324,437,128,55
330,436,158,65
337,435,157,80
346,448,167,96
357,460,153,90
361,463,164,74
366,469,167,76
370,475,176,78
372,477,184,96
370,479,192,88
368,475,184,91
367,474,184,87
369,442,190,109
366,459,199,120
358,475,218,123
349,471,210,114
339,467,203,114
322,459,218,117
311,452,259,114
298,442,237,123
289,434,220,113
281,425,229,109
272,413,261,119
269,402,281,125
273,395,245,112
273,387,240,111
264,375,265,126
243,365,260,129
208,344,280,144
172,325,333,170
129,303,394,196
81,270,397,212
44,238,352,203
5,208,380,227
1,179,378,255
1,170,367,268
1,160,359,249
1,162,346,251
1,151,289,279
2,154,216,323
1,139,210,250
1,192,143,236
1,190,134,240
1,178,161,265
1,143,303,232
1,173,213,220
1,284,307,167
1,324,281,181
1,347,255,221
1,376,238,213
1,391,132,264
1,403,129,307
1,400,163,305
1,403,187,316
1,410,224,295
31,412,210,261
4,406,263,238
86,426,209,202
129,426,195,180
178,417,182,161
1,423,398,141
1,391,427,175
1,371,443,177
1,342,453,173
1,324,478,171
1,308,599,176
1,296,650,174
36,260,519,216
85,261,468,282
114,299,443,251
134,299,450,156
164,303,471,156
191,295,463,160
200,295,469,158
202,294,454,160
211,295,432,190
210,301,416,235
211,318,418,231
212,337,414,163
205,351,418,150
196,373,401,144
188,394,388,134
168,402,391,147
147,409,383,146
123,419,377,148
100,438,378,147
81,458,392,146
77,474,385,150
68,492,378,149
55,516,375,144
49,520,380,149
51,512,383,149
57,510,378,150
67,510,371,150
82,499,350,151
107,492,327,146
121,491,320,136
136,484,316,135
151,477,303,130
169,467,290,129
181,458,285,128
192,453,281,127
194,446,272,128
191,438,273,135
188,431,263,135
184,425,261,136
171,421,248,140
146,414,248,151
128,413,257,150
109,400,268,156
79,371,286,172
53,342,294,166
9,267,319,205
1,219,298,203
1,226,229,132
1,116,149,157
1,41,57,142
0,0,99,72
7,0,108,76
0,159,338,265
0,29,392,374
0,159,338,265
0,0,109,49
0,53,108,61
0,89,126,68
0,138,126,61
0,171,127,67
0,194,100,61
0,218,93,60
0,235,79,59
0,269,63,45
0,307,61,60
1,385,63,62
0,511,82,83
0,567,82,83
0,628,80,69
0,663,66,56
0,666,69,54
0,678,68,42
0,159,338,265
0,159,338,265
0,159,338,265
0,159,338,265
0,159,338,265
0,159,338,265
0,159,338,265
0,159,338,265
0,159,338,265
0,159,338,265
0,159,338,265
0,159,338,265
0,159,338,265
0,159,338,265
0,159,338,265
0,594,227,90
0,549,186,127
1,502,167,217
1,491,211,220
1,479,254,240
1,446,305,273
2,362,368,301
2,291,408,337
1,248,458,362
1,256,514,370
1,270,568,364
1,284,616,364
1,294,630,399
19,299,650,420
36,303,641,411
46,300,653,415
54,300,659,417
58,306,628,413
65,307,635,412
79,305,635,408
89,295,646,423
97,284,642,429
109,268,626,438
113,266,625,453
115,271,617,448
125,278,618,441
134,287,604,432
139,287,615,432
143,281,607,437
145,284,609,435
147,289,599,430
145,297,601,422
143,305,599,414
135,300,597,417
125,291,589,428
122,290,595,429
120,286,596,430
118,274,595,441
119,256,593,439
125,236,598,453
135,238,598,450
140,244,601,454
149,242,596,450
159,239,643,460
158,233,634,462
156,232,644,450
158,240,638,475
160,243,657,470
155,247,661,469
160,257,671,458
171,260,671,453
180,250,665,451
193,223,630,445
204,194,718,441
217,159,650,444
234,139,658,446
239,123,663,450
229,99,678,474
225,91,687,478
216,90,690,489
206,88,703,498
190,98,716,503
162,102,712,515
127,99,729,514
89,100,737,521
83,135,738,525
72,167,739,505
69,189,739,496
80,205,738,481
88,214,738,505
113,217,740,491
127,222,743,497
121,219,745,495
111,201,746,491
115,198,747,494
128,199,747,492
149,186,748,473
163,162,749,486
169,133,751,489
183,104,754,484
208,113,756,498
226,120,757,486
247,126,739,468
283,132,687,437
324,156,687,392
363,171,684,378
388,176,643,408
394,169,668,414
407,164,649,412
398,162,673,406
394,156,661,402
389,151,646,367
364,141,643,388
350,146,656,403
351,158,653,401
347,179,631,371
344,178,614,360
361,180,602,375
374,178,604,370
368,176,615,368
353,184,608,341
338,188,592,328
321,172,591,316
309,151,580,333
290,141,595,347
273,136,635,367
246,130,644,368
219,144,665,350
204,153,671,383
181,171,679,369
174,171,680,374
169,163,684,373
170,156,689,386
171,150,690,394
165,146,678,398
164,146,692,406
156,143,718,378
156,136,721,416
151,139,747,421
145,141,758,444
132,149,762,446
122,154,786,489
108,188,819,505
42,241,815,478
1,303,821,416
1,364,603,355
1,479,145,241
0,571,145,149
0,571,145,149
0,571,145,149
0,571,145,149
0,571,145,149
0,571,145,149
0,571,145,149
0,571,145,149
0,571,145,149
0,571,145,149
0,571,145,149
0,571,145,149
0,657,95,62
1,617,143,102
1,589,168,130
1,553,209,166
1,529,209,190
1,503,190,216
1,468,167,251
1,451,138,268
1,396,131,323
1,348,168,371
1,325,186,394
1,325,202,394
1,323,202,394
6,317,202,402
1,315,212,402
27,320,220,400
78,320,220,399
126,319,220,399
157,332,222,388
213,340,231,379
323,342,236,377
431,342,195,378
506,357,196,362
547,343,196,376
575,314,208,405
579,274,225,445
570,243,221,476
536,208,221,469
522,167,199,473
516,141,195,473
502,126,195,458
480,116,193,446
460,108,178,442
432,98,174,429
410,88,173,424
396,74,167,401
389,62,167,424
384,53,169,426
379,51,169,414
383,51,169,409
397,54,167,412
404,66,167,400
404,82,171,390
414,90,157,391
426,86,152,393
437,75,150,375
449,65,147,392
462,57,144,384
469,46,151,391
472,36,152,388
468,27,155,380
454,25,154,380
433,24,154,381
407,28,150,374
373,29,150,384
342,37,142,375
299,43,134,377
255,52,132,366
225,74,126,358
193,89,125,356
160,106,127,355
130,115,135,361
107,127,145,364
96,139,142,344
87,151,145,350
91,166,147,368
104,178,146,353
128,184,142,349
145,180,134,338
149,164,126,332
138,137,125,330
122,102,129,314
106,78,128,296
83,48,129,282
56,18,128,275
31,1,131,252
19,1,126,226
13,1,125,204
23,1,115,200
24,1,120,205
44,1,115,223
59,1,119,230
68,1,122,243
78,13,122,243
84,16,121,241
89,10,120,240
91,1,119,238
92,1,118,222
86,1,117,221
85,1,109,219
82,1,111,215
76,1,113,217
75,1,117,224
74,1,119,233
69,1,122,232
61,1,125,232
61,1,119,203
51,1,121,214
43,1,121,68
25,1,121,86
19,1,128,106
14,1,132,119
6,1,132,129
1,7,131,128
1,22,120,127
1,58,117,127
1,103,118,128
9,148,126,133
28,179,121,137
36,205,121,137
37,212,115,132
26,207,118,133
22,207,117,132
21,214,119,131
27,229,115,130
44,251,107,129
68,267,106,128
94,282,102,122
118,298,96,120
144,311,94,125
162,321,97,122
192,319,93,124
218,315,90,123
228,305,90,124
229,296,92,123
224,296,91,118
217,289,93,115
221,289,89,113
232,297,87,113
241,304,85,113
267,323,80,103
295,345,73,102
316,367,73,109
331,385,73,114
347,394,75,111
348,390,79,116
341,387,84,118
343,388,88,117
345,387,90,115
333,387,93,112
324,374,99,119
317,365,98,118
236,355,164,220
224,349,170,220
218,335,179,220
213,323,190,226
209,318,188,229
206,312,195,232
204,311,196,230
206,310,203,221
205,308,230,233
206,306,252,219
204,298,255,225
204,291,255,228
201,286,257,226
202,275,259,230
204,267,258,226
205,262,256,230
206,257,256,230
207,253,261,229
205,253,260,233
206,251,263,238
208,252,264,232
212,249,259,235
212,251,259,236
219,257,261,236
225,260,260,230
228,264,260,262
230,261,260,238
232,259,257,236
231,256,274,230
229,253,277,239
227,253,276,237
225,246,277,236
224,239,261,238
223,225,270,236
228,218,267,232
227,219,265,234
227,215,260,230
228,207,267,231
233,210,265,228
238,213,262,229
244,223,264,229
248,232,263,227
254,234,260,228
257,232,260,225
257,228,255,232
257,224,236,232
255,217,262,229
242,204,259,226
238,197,265,226
253,195,231,236
251,199,233,227
254,200,246,240
257,204,245,233
259,212,242,228
263,216,241,222
266,215,239,219
268,211,242,222
270,210,244,219
272,211,244,225
271,206,247,219
272,199,242,222
272,193,241,221
272,188,240,221
270,181,239,222
267,176,238,220
265,168,240,219
262,157,239,221
258,149,238,225
257,145,236,223
256,146,237,226
253,157,235,218
248,167,233,217
240,176,231,209
229,180,249,211
216,175,247,210
203,165,245,217
193,158,246,218
186,148,245,217
180,135,250,217
177,122,247,221
178,119,251,225
186,134,244,221
198,148,252,229
207,157,230,221
212,156,246,222
214,159,248,229
219,165,248,231
221,169,250,223
222,176,252,220
221,176,250,203
222,176,251,205
213,175,250,204
210,173,250,204
208,174,251,205
203,175,249,213
188,173,249,216
181,169,247,216
172,166,265,213
173,170,264,212
167,168,263,211
161,167,262,210
166,139,237,226
122,147,262,212
122,145,261,166
127,142,289,130
122,142,289,130
127,140,302,125
129,138,301,125
133,134,301,124
122,131,314,123
128,132,308,122
129,131,302,121
130,123,288,131
94,114,289,143
65,65,193,192
34,30,213,217
1,19,212,193
1,25,245,188
1,21,244,189
1,21,256,189
1,14,263,188
1,11,276,197
1,4,289,194
16,5,264,194
34,16,288,198
48,22,293,198
60,22,301,201
71,20,295,234
82,17,299,231
100,28,291,236
112,33,292,236
122,42,270,221
132,57,282,229
138,70,282,223
146,81,279,221
152,92,281,224
157,98,281,216
165,104,285,195
173,112,283,193
182,112,286,192
191,116,284,190
201,119,286,189
212,120,284,188
227,131,279,187
238,140,281,186
241,144,283,184
247,149,281,184
248,154,290,164
244,156,291,188
247,155,292,187
255,156,248,219
252,140,149,218
253,111,133,222
222,89,172,242
206,73,206,243
210,69,198,243
211,65,197,243
217,64,191,241
223,66,188,239
228,72,180,211
235,76,177,183
240,82,173,154
246,87,188,144
260,95,184,141
265,107,185,110
280,116,182,107
290,128,181,106
360,143,109,105
369,160,109,105
367,168,110,120
365,167,134,122
387,169,111,123
392,167,106,118
397,168,105,168
394,177,103,177
394,172,106,182
394,174,105,180
393,175,101,179
391,173,99,179
387,169,96,180
388,160,97,228
381,161,113,230
368,159,128,229
335,158,145,247
314,154,174,263
310,154,182,265
307,149,190,266
310,148,188,268
314,146,185,269
313,146,184,268
312,145,182,266
315,142,180,264
317,139,179,263
316,134,180,264
313,134,181,266
309,133,182,267
305,129,183,268
301,125,186,272
289,123,205,275
286,121,205,263
286,118,210,263
285,117,211,262
288,111,210,165
289,110,207,242
287,105,210,246
290,101,209,245
298,100,208,243
316,101,202,236
335,103,200,233
352,106,200,233
420,112,111,254
469,122,101,253
464,136,119,251
454,180,139,251
473,222,136,246
488,255,136,246
503,290,132,170
593,368,71,95
524,292,132,170
684,530,57,85
650,541,99,106
556,550,164,169
555,564,136,156
564,594,126,125
546,607,152,113
517,597,136,121
496,572,123,146
464,551,128,168
447,541,139,178
442,528,138,191
421,495,138,215
406,453,109,203
379,389,109,203
352,321,109,217
312,262,119,191
285,225,138,211
273,204,138,207
239,198,164,215
229,205,164,203
216,215,162,200
201,218,163,207
194,227,161,210
194,244,163,218
202,262,156,213
202,280,154,210
195,292,159,210
185,299,160,209
187,314,159,207
199,327,157,197
203,335,158,203
202,343,161,202
203,350,162,207
205,347,162,202
202,349,163,199
206,351,159,201
235,340,156,201
270,326,133,195
288,288,134,188
307,247,134,184
324,234,134,190
321,252,132,197
297,256,136,194
261,263,153,192
244,266,154,197
243,280,136,206
252,318,125,198
267,373,115,200
253,412,136,232
220,433,141,212
182,453,144,214
164,468,145,213
169,469,144,216
201,470,139,206
239,486,138,193
254,497,142,208
247,499,142,202
222,510,159,195
202,526,163,173
176,531,163,176
161,526,163,188
153,517,166,196
148,516,166,199
125,536,171,183
81,577,172,140
33,628,130,91
38,704,61,15
52,653,59,66
52,653,59,66
52,653,59,66
52,653,59,66
52,653,59,66
52,653,59,66
52,653,59,66
52,653,59,66
52,653,59,66
52,653,59,66
52,653,59,66
52,653,59,66
52,653,59,66
52,653,59,66
52,653,59,66
52,653,59,66
52,653,59,66
52,653,59,66
52,653,59,66
52,653,59,66
52,653,59,66
52,653,59,66
52,653,59,66
52,653,59,66
52,653,59,66
52,653,59,66
52,653,59,66
52,653,59,66
52,653,59,66
52,653,59,66
52,653,59,66
52,653,59,66
52,653,59,66
52,653,59,66
52,653,59,66
52,653,59,66
52,653,59,66
52,653,59,66
52,653,59,66
52,653,59,66
52,653,59,66
52,653,59,66
52,653,59,66
52,653,59,66
52,653,59,66
52,653,59,66
52,653,59,66
52,653,59,66
52,653,59,66
52,653,59,66
52,653,59,66
52,653,59,66
52,653,59,66
52,653,59,66
52,653,59,66
52,653,59,66
52,653,59,66
52,653,59,66
52,653,59,66
52,653,59,66
52,653,59,66
52,653,59,66
52,653,59,66
52,653,59,66
52,653,59,66
52,653,59,66
52,653,59,66
52,653,59,66
52,653,59,66
130,675,68,44
100,646,105,73
89,623,122,96
82,605,150,114
90,594,152,125
93,588,150,131
95,578,150,141
97,578,150,141
108,572,148,147
120,550,150,169
133,537,173,182
134,511,175,195
121,490,181,199
113,472,180,198
126,448,184,196
96,427,224,204
112,402,214,196
122,375,215,197
129,351,235,201
151,339,207,204
152,326,222,205
146,314,230,200
166,299,223,196
179,287,220,195
178,281,229,197
177,279,234,196
178,273,227,195
179,267,230,195
186,263,227,190
195,258,226,201
208,256,216,202
213,250,216,198
236,242,201,197
247,244,202,197
257,246,200,190
257,247,202,192
263,248,194,194
268,246,188,200
261,244,194,198
258,240,196,206
258,240,193,202
264,237,182,196
275,234,176,196
287,230,171,204
297,230,170,206
297,230,175,205
288,224,176,207
282,216,176,203
286,216,171,184
293,217,188,183
299,218,184,197
300,219,177,192
302,222,180,186
298,223,191,179
301,219,186,179
304,219,186,181
306,222,184,181
307,224,188,184
310,227,183,180
311,234,183,182
310,238,189,184
310,243,188,189
312,243,187,188
313,249,189,214
316,255,187,188
319,255,187,187
322,254,189,184
326,253,191,184
330,251,193,198
333,247,190,198
336,247,192,203
344,246,188,196
345,246,187,197
345,248,191,200
345,250,185,199
344,250,184,204
343,249,186,202
342,251,185,201
346,252,179,201
347,253,178,202
348,254,179,200
348,254,180,199
348,256,178,201
348,255,179,201
350,257,179,204
351,258,180,201
348,259,182,207
344,260,184,200
341,261,183,205
337,260,185,204
338,259,182,204
333,258,181,202
331,256,178,205
325,252,184,206
322,248,186,213
320,243,186,218
318,246,192,215
310,246,196,205
301,245,199,209
294,245,196,215
277,253,220,220
277,261,212,214
279,271,197,217
270,272,208,216
268,271,210,222
246,271,224,217
253,271,212,226
250,276,212,229
244,277,207,232
243,276,205,232
235,272,209,232
225,271,217,231
221,273,216,223
217,277,220,230
223,286,210,220
218,301,211,228
209,319,213,231
204,336,214,230
202,350,215,237
206,362,213,232
212,373,212,236
216,386,215,233
218,399,209,231
214,407,213,222
211,411,213,239
196,423,229,239
216,431,209,257
216,439,206,254
198,447,225,239
189,458,227,241
186,470,226,236
186,469,228,241
186,480,225,239
188,490,225,229
212,500,202,219
224,506,187,213
252,512,148,207
257,519,137,200
244,524,148,99
240,530,147,99
240,537,144,83
240,541,136,75
236,546,135,68
245,551,121,67
243,553,121,71
240,557,123,76
231,561,128,77
231,566,128,74
231,570,123,75
230,571,123,80
228,572,123,80
229,573,119,78
230,574,124,81
228,575,127,84
230,575,121,84
230,576,120,83
231,579,119,91
236,582,117,85
235,583,118,90
243,584,109,83
242,584,109,82
239,583,107,82
235,582,110,82
231,582,112,82
227,585,110,79
224,585,114,82
206,586,128,83
203,587,131,81
202,587,131,80
201,586,135,84
210,584,124,84
218,571,163,92
233,554,185,104
224,543,241,125
240,537,234,133
271,536,208,129
271,536,213,119
279,536,206,115
273,535,203,113
267,539,204,111
253,542,208,111
244,545,205,109
249,553,185,113
242,562,183,113
248,568,178,114
277,574,157,115
300,578,148,114
343,580,132,112
382,574,120,112
424,564,118,109
454,549,118,109
467,541,125,108
480,534,126,107
488,529,127,106
491,528,131,106
498,524,133,105
511,515,131,106
514,512,129,108
514,507,128,108
515,504,128,108
520,500,127,107
527,498,124,106
527,496,124,106
535,509,119,98
528,521,138,87
528,522,161,93
541,524,180,110
584,529,185,138
593,559,218,160
642,615,145,104
698,673,62,46
697,673,61,45
342,247,188,234
342,247,188,234
342,247,188,234
342,247,188,234
342,247,188,234
342,247,188,234
342,247,188,234
342,247,188,234
342,247,188,234
342,247,188,234
342,247,188,234
342,247,188,234
342,247,188,234
342,247,188,234
760,601,113,118
765,589,133,130
830,623,151,96
823,562,150,157
809,485,147,234
776,411,182,220
752,341,190,218
726,296,209,177
708,276,186,153
672,231,204,173
646,222,203,185
621,218,202,184
599,236,194,186
563,238,200,182
542,261,199,194
539,287,196,194
543,302,189,196
546,321,196,197
553,338,195,199
560,358,194,198
564,379,190,192
563,394,185,189
570,420,171,165
569,419,173,179
569,418,174,181
561,414,175,183
543,402,183,197
555,403,170,184
542,399,179,191
528,401,182,191
526,402,179,189
528,403,183,187
524,410,185,186
516,411,186,193
513,424,189,195
518,433,190,197
525,441,191,195
545,458,184,187
549,470,184,183
547,484,183,179
541,478,182,155
532,450,190,178
528,431,195,185
518,406,210,198
518,397,213,202
516,394,213,205
509,386,215,210
500,385,220,214
493,382,224,216
489,379,227,219
488,379,225,221
481,381,224,220
514,426,194,204
566,479,138,146
619,524,115,112
624,563,110,64
635,582,105,116
342,247,188,234
342,247,188,234
342,247,188,234
342,247,188,234
342,247,188,234
342,247,188,234
342,247,188,234
488,526,94,71
493,528,141,118
501,521,182,160
500,514,193,180
498,505,189,180
491,495,189,181
488,479,190,177
492,459,189,176
499,430,190,185
503,407,194,189
497,396,196,182
490,396,197,180
494,388,195,175
490,384,197,173
493,386,195,174
503,384,189,172
515,377,187,172
528,372,185,165
542,363,183,166
556,354,184,163
575,353,180,151
600,349,178,157
624,357,169,133
649,363,164,118
657,369,156,120
635,375,153,121
618,387,149,124
605,395,148,128
596,409,147,138
590,419,148,141
581,439,150,142
574,455,148,136
570,465,145,133
567,471,144,130
561,474,144,131
556,472,146,138
558,467,144,136
563,454,145,129
559,439,150,126
565,425,147,125
565,412,150,126
571,405,147,117
673,435,57,49
611,328,153,118
342,247,188,234
579,335,144,107
563,330,150,106
566,345,151,100
579,367,129,84
593,382,108,76
584,390,109,77
573,393,108,81
528,388,140,80
511,387,139,79
492,391,146,77
485,392,142,91
479,390,144,100
470,387,149,105
473,399,151,86
484,398,147,83
493,405,139,74
495,407,136,73
491,403,140,76
487,403,136,76
481,401,135,78
478,400,134,77
476,401,133,72
472,396,133,75
468,395,133,78
468,396,134,78
531,401,70,70
532,402,70,70
342,247,188,234
499,419,137,111
521,432,175,125
580,461,158,139
600,463,169,161
629,482,162,170
624,470,171,176
606,449,171,176
603,428,150,176
567,406,154,173
527,378,157,175
494,355,157,174
455,337,156,176
427,344,137,160
395,334,154,168
372,341,152,167
365,350,134,165
365,376,134,149
366,403,127,145
366,425,120,149
365,484,123,113
403,521,79,112
413,561,78,112
417,588,86,118
417,604,94,115
416,630,108,90
429,647,113,73
437,667,85,53
471,690,57,30
476,691,30,28
471,691,29,27
342,247,188,234
342,247,188,234
342,247,188,234
342,247,188,234
342,247,188,234
342,247,188,234
342,247,188,234
342,247,188,234
342,247,188,234
342,247,188,234
342,247,188,234
342,247,188,234
342,247,188,234
342,247,188,234
342,247,188,234
655,682,95,37
680,675,70,44
672,660,93,59
654,634,96,85
613,622,117,97
573,611,118,108
539,611,119,108
516,607,118,112
501,607,115,112
485,611,115,107
470,597,114,122
459,600,107,119
446,601,112,117
446,598,113,115
447,589,115,118
453,572,112,112
460,565,108,102
456,575,109,107
464,585,103,99
473,584,103,103
476,582,103,100
481,589,101,91
485,593,101,90
492,590,97,89
488,576,112,100
486,576,111,87
486,579,110,81
485,576,108,80
482,577,110,79
485,580,102,77
510,587,59,117
501,585,77,134
503,593,79,126
530,619,44,100
526,617,44,100
342,247,188,234
342,247,188,234
342,247,188,234
342,247,188,234
342,247,188,234
342,247,188,234
342,247,188,234
342,247,188,234
342,247,188,234
342,247,188,234
342,247,188,234
342,247,188,234
342,247,188,234
342,247,188,234
342,247,188,234
342,247,188,234
342,247,188,234
342,247,188,234
342,247,188,234
342,247,188,234
342,247,188,234
342,247,188,234
342,247,188,234
342,247,188,234
342,247,188,234
342,247,188,234
342,247,188,234
342,247,188,234
342,247,188,234
342,247,188,234
342,247,188,234
342,247,188,234
342,247,188,234
342,247,188,234
342,247,188,234
342,247,188,234
342,247,188,234
342,247,188,234
342,247,188,234
342,247,188,234
342,247,188,234
342,247,188,234
342,247,188,234
342,247,188,234
342,247,188,234
342,247,188,234
342,247,188,234
342,247,188,234
342,247,188,234
342,247,188,234
342,247,188,234
342,247,188,234
342,247,188,234
342,247,188,234
342,247,188,234
342,247,188,234
316,592,188,120
364,560,162,113
380,523,169,115
377,496,170,126
382,461,170,132
404,433,169,134
436,412,169,136
464,398,166,125
454,385,170,122
445,389,144,99
444,386,143,85
441,362,144,86
461,362,146,89
486,378,154,104
527,403,150,115
575,426,112,91
607,454,98,86
608,484,80,70
592,487,74,79
577,475,78,82
575,465,85,99
603,449,87,80
641,411,87,87
669,371,87,95
679,314,91,134
673,273,98,138
669,223,105,151
665,176,115,195
674,193,119,170
691,202,128,171
704,221,136,182
713,247,138,187
721,270,153,195
737,285,161,194
744,291,177,198
732,299,191,197
717,312,192,194
707,316,191,192
702,316,190,194
697,314,192,196
682,316,192,195
669,316,194,195
657,311,196,198
655,299,199,210
657,278,203,238
655,278,202,252
657,285,201,251
670,280,205,251
680,272,206,266
686,272,184,267
696,273,182,264
710,280,183,257
715,275,193,260
714,271,185,258
708,273,188,257
696,267,189,257
689,264,191,262
684,258,194,258
685,255,190,259
683,252,192,269
670,255,204,264
661,256,195,267
655,252,196,269
652,251,194,269
656,251,191,267
664,250,207,278
672,248,232,275
670,246,201,278
659,262,207,262
642,251,209,267
632,244,207,272
621,241,210,276
612,234,208,287
604,250,209,267
591,245,206,278
580,245,206,283
568,246,203,283
558,248,205,284
550,248,212,283
536,250,204,271
519,245,209,285
506,246,208,285
500,242,210,291
498,233,214,296
491,236,215,297
477,243,212,300
465,233,219,309
462,232,226,315
464,238,218,313
471,242,212,310
484,243,216,306
497,240,225,306
508,238,223,305
506,237,272,311
501,237,226,324
494,236,227,312
485,233,226,331
484,229,225,336
484,241,229,329
484,221,237,348
475,215,247,331
452,238,239,305
432,205,259,352
431,195,257,359
441,202,264,361
456,237,260,325
473,227,256,348
483,232,262,348
486,225,251,372
476,233,259,377
466,234,265,383
459,238,270,382
450,233,277,387
430,234,290,406
416,243,302,417
415,257,306,417
404,245,316,432
391,239,323,438
378,232,328,434
364,222,323,431
372,223,317,436
393,222,312,401
406,222,315,425
411,218,316,426
407,218,307,412
392,221,321,417
384,218,339,426
386,205,319,433
390,194,382,434
391,237,381,387
397,234,311,387
405,237,318,382
413,240,319,381
422,243,306,382
426,243,317,371
424,235,315,361
425,228,306,358
423,224,306,358
429,222,303,359
431,222,304,364
429,225,304,365
427,227,297,353
432,227,304,330
430,226,296,364
426,225,307,371
422,226,304,360
417,230,306,372
414,239,314,368
413,246,313,371
415,249,304,370
413,248,304,363
412,240,307,379
407,240,304,372
405,240,304,374
418,237,284,365
465,232,237,366
523,228,168,377
551,224,144,364
576,221,120,368
605,218,291,365
397,384,127,151
394,361,157,163
392,291,245,235
391,277,248,310
390,274,249,317
393,275,250,319
396,278,291,317
395,247,317,351
388,245,311,356
384,244,309,359
379,245,304,350
373,287,287,320
378,296,257,316
382,303,273,308
385,305,274,301
384,305,272,307
382,302,277,272
377,293,281,315
374,286,284,321
374,293,277,310
374,301,262,313
375,309,273,307
376,311,272,305
379,307,269,308
379,302,268,309
375,302,264,307
374,304,268,302
374,309,272,300
377,320,267,286
379,316,237,283
377,311,240,291
380,292,244,309
383,291,244,308
383,292,240,306
380,293,239,308
387,295,229,306
390,298,227,301
386,301,227,304
384,306,226,305
383,308,230,295
382,331,227,275
379,336,227,268
378,343,227,262
379,329,304,278
378,294,295,310
377,300,294,313
377,298,294,314
376,268,294,346
374,260,297,338
370,270,305,346
365,266,310,343
370,250,318,355
367,276,318,324
363,274,318,321
359,268,309,323
358,263,312,335
357,270,308,323
356,269,309,324
356,264,310,337
359,251,312,352
361,255,312,346
363,257,312,352
365,258,312,355
366,259,313,356
365,267,314,352
362,267,314,344
362,266,313,351
361,265,312,348
358,261,311,350
353,259,311,350
349,257,310,350
350,260,243,349
354,268,259,347
361,274,253,338
366,281,238,339
368,306,224,308
372,309,269,322
374,310,250,312
373,305,253,316
368,298,242,316
357,300,257,315
351,294,252,316
350,290,246,321
352,291,244,320
359,292,234,317
363,291,240,320
365,293,244,317
364,294,233,315
362,293,236,317
359,291,243,317
357,286,241,313
362,280,244,312
365,285,242,311
361,324,242,241
355,330,228,265
359,341,230,266
360,345,216,278
369,361,208,269
380,371,204,254
392,407,170,203
399,406,163,185
401,394,163,171
376,392,172,147
315,368,181,137
235,322,166,162
145,334,165,126
73,313,165,126
1,294,150,125
1,261,63,125
0,188,65,125
342,247,188,234
342,247,188,234
342,247,188,234
342,247,188,234
342,247,188,234
342,247,188,234
342,247,188,234
342,247,188,234
342,247,188,234
342,247,188,234
342,247,188,234
342,247,188,234
342,247,188,234
342,247,188,234
342,247,188,234
342,247,188,234
342,247,188,234
342,247,188,234
342,247,188,234
342,247,188,234
342,247,188,234
342,247,188,234
342,247,188,234
342,247,188,234
342,247,188,234
342,247,188,234
342,247,188,234
342,247,188,234
342,247,188,234
342,247,188,234
342,247,188,234
342,247,188,234
342,247,188,234
342,247,188,234
342,247,188,234
342,247,188,234
342,247,188,234
342,247,188,234
342,247,188,234
342,247,188,234
342,247,188,234
342,247,188,234
342,247,188,234
342,247,188,234
342,247,188,234
342,247,188,234
342,247,188,234
342,247,188,234
342,247,188,234
195,690,29,29
239,654,28,31
251,622,25,37
258,597,31,28
251,577,28,33
228,563,28,32
222,558,30,35
242,549,31,36
271,542,31,35
290,529,44,41
287,512,43,40
319,506,29,53
325,506,29,53
336,505,34,58
343,501,35,60
349,506,36,60
369,504,38,61
427,496,40,35
479,479,40,43
508,465,40,43
533,455,39,42
545,456,34,57
542,479,32,59
531,499,36,60
523,496,37,60
516,500,38,63
517,526,38,65
528,569,37,89
541,624,36,90
551,669,36,50
551,695,36,24
546,696,34,23
547,701,29,18
547,700,29,19
545,689,30,30
544,674,33,45
541,662,33,57
540,659,36,60
553,652,35,67
562,636,43,83
567,619,54,95
562,607,54,95
554,604,54,95
544,603,54,95
539,595,57,95
536,590,58,95
533,586,59,95
533,582,59,95
539,577,58,95
544,574,58,96
546,567,58,95
552,563,58,95
556,559,57,94
567,557,56,92
577,552,58,92
584,552,58,92
578,553,57,86
528,553,73,71
473,541,76,84
414,541,76,84
363,548,78,84
364,548,78,78
393,540,71,78
399,530,77,76
394,525,76,79
393,524,76,78
420,527,72,80
452,526,72,76
482,526,72,75
504,531,72,78
512,535,72,76
517,534,72,79
527,534,71,73
535,538,71,76
550,563,71,75
557,579,71,77
565,584,70,75
578,587,69,74
595,595,68,75
611,607,67,73
620,616,67,76
621,623,66,77
619,623,70,69
654,620,87,55
658,619,110,39
686,620,86,52
713,608,86,52
715,587,85,42
708,559,90,38
700,540,93,37
