363,152,101,361
364,156,97,358
364,159,96,357
365,159,95,360
366,158,94,360
367,159,93,359
367,159,93,359
369,160,92,358
368,162,92,359
371,161,91,358
371,161,91,358
370,161,91,359
369,161,91,359
369,161,91,359
367,161,91,359
369,161,91,359
368,160,91,359
367,162,91,359
366,164,91,359
365,164,91,359
366,165,91,359
371,167,91,359
371,167,91,359
373,167,91,359
373,172,91,359
374,171,91,359
373,176,91,359
370,178,96,358
369,178,98,358
373,179,97,357
372,182,98,357
372,183,99,357
375,185,98,356
375,185,98,356
375,185,98,356
376,187,98,356
377,187,98,356
378,188,98,356
378,190,100,356
379,189,100,356
379,189,100,356
381,190,101,355
381,192,102,356
382,192,103,355
384,193,103,356
387,193,103,356
388,193,103,356
388,192,103,356
390,191,103,356
390,191,103,356
391,191,103,356
393,190,103,356
395,191,103,356
391,193,107,356
391,193,108,356
392,193,108,356
391,195,110,356
390,198,110,356
390,199,110,356
390,199,112,356
388,198,112,357
387,200,114,357
385,201,115,358
383,203,115,359
387,203,112,359
386,201,112,359
387,202,111,359
386,200,110,358
385,200,110,361
385,200,109,360
386,200,109,360
383,199,109,360
382,199,110,360
380,199,110,360
378,197,110,360
377,197,111,359
377,197,111,359
374,195,111,359
375,195,111,359
373,195,111,359
374,195,111,359
372,196,111,360
373,196,111,360
372,196,111,360
372,196,111,360
368,198,115,360
366,199,117,360
365,199,119,359
365,200,119,358
365,201,121,357
364,203,122,358
364,205,123,355
363,205,127,354
364,206,126,353
364,206,125,352
366,206,125,351
367,207,124,350
368,207,124,349
367,207,124,349
368,207,128,348
369,207,128,348
370,205,127,347
373,207,126,346
373,205,129,346
373,206,129,345
374,206,132,344
375,205,132,343
375,205,133,343
377,206,135,343
380,205,134,342
385,204,134,338
391,204,133,333
391,203,133,333
394,205,134,330
402,206,134,328
408,206,133,330
416,205,132,330
423,207,134,328
423,207,133,327
432,207,132,326
439,210,131,325
449,209,132,324
455,211,132,322
462,211,132,321
463,211,131,320
468,212,130,319
473,211,132,318
479,211,131,322
486,209,131,322
490,210,131,321
490,209,130,322
495,208,135,321
501,207,134,320
503,205,134,320
507,205,134,321
509,205,133,319
511,205,132,322
514,204,131,321
516,204,130,323
519,201,130,324
521,201,129,323
524,195,129,326
523,195,130,325
530,191,130,325
533,190,133,330
537,188,136,332
540,187,138,339
543,186,141,343
540,186,142,343
541,186,143,344
545,186,146,348
546,187,150,358
546,185,151,360
548,182,151,367
549,182,157,369
553,180,160,375
551,177,165,383
552,176,167,383
552,175,169,384
554,172,169,395
555,169,176,403
560,168,176,404
561,164,185,416
561,163,184,421
563,161,184,422
563,158,191,434
566,156,191,437
566,154,191,444
569,153,185,446
568,152,185,446
568,150,185,455
571,148,185,470
576,145,185,480
573,145,185,482
574,142,185,488
572,138,185,491
567,138,225,495
566,137,222,495
565,137,219,495
565,137,218,496
563,143,218,420
562,142,218,420
564,146,220,420
562,147,217,421
558,146,217,420
553,150,218,417
550,151,217,416
551,151,216,415
547,153,218,414
543,152,217,414
535,153,221,414
533,152,221,414
531,152,218,415
531,150,218,414
528,150,218,445
527,151,217,444
527,151,217,444
527,151,218,444
528,150,217,443
528,150,217,443
528,150,216,442
531,151,218,441
529,154,216,441
529,155,217,439
526,154,217,441
527,153,217,441
526,157,217,441
525,158,217,441
526,162,219,440
521,161,222,473
519,161,222,473
519,161,222,473
516,162,222,473
515,162,222,489
512,172,222,486
512,173,225,486
511,172,229,486
510,171,229,486
508,173,232,486
507,172,232,486
506,173,232,487
505,172,232,487
503,173,244,487
508,172,241,487
508,172,241,487
505,172,241,487
512,173,241,488
512,172,241,489
512,172,241,490
513,172,241,490
514,174,240,489
514,174,242,488
519,175,241,488
518,175,241,488
519,175,241,488
521,176,241,488
523,178,241,489
525,180,241,489
525,179,241,489
527,182,240,488
525,185,240,488
525,185,239,487
525,187,239,487
522,188,239,487
522,187,239,487
522,190,239,487
519,189,239,487
518,188,239,487
517,188,239,487
514,190,239,488
512,190,239,489
509,190,243,488
510,189,243,488
510,188,243,488
507,189,242,487
506,188,242,487
505,186,242,491
502,186,241,491
503,183,241,492
503,182,239,491
498,183,239,491
503,183,237,493
502,183,237,493
501,182,237,493
501,184,238,492
501,183,238,492
497,185,238,492
500,187,237,491
498,187,237,491
497,188,240,491
494,192,242,491
494,192,243,491
492,193,242,491
494,193,242,491
491,196,242,490
492,198,244,488
488,198,245,488
488,197,245,488
487,199,245,486
486,199,245,486
484,199,245,486
484,198,248,485
476,198,257,486
475,197,257,486
472,195,257,485
470,195,257,483
469,192,257,486
467,190,257,486
469,191,256,486
468,190,256,486
471,188,252,486
475,189,251,481
478,186,245,481
486,186,235,480
491,185,228,480
491,187,228,479
489,185,227,479
487,186,226,477
485,183,226,477
485,185,225,476
482,188,223,473
482,188,224,474
480,187,224,474
476,187,221,473
477,187,218,472
471,186,216,471
467,185,216,470
467,185,215,469
461,184,215,469
459,182,215,469
458,181,216,469
452,180,215,467
449,179,210,467
444,174,211,468
442,173,207,468
437,169,206,470
440,169,203,477
441,170,198,476
438,167,192,477
437,166,188,477
435,164,186,477
432,164,185,475
432,163,183,475
430,163,183,473
428,161,183,474
429,165,183,470
427,162,183,471
426,162,183,471
426,163,183,470
423,160,183,471
421,160,182,471
420,164,184,467
419,162,184,468
418,165,191,463
417,164,191,463
419,164,189,462
421,164,188,462
422,166,185,461
421,167,185,458
428,167,185,458
427,166,185,458
427,164,185,460
430,163,185,460
429,162,185,461
430,161,185,461
431,161,185,461
431,160,185,461
431,158,185,462
433,158,185,462
435,156,183,468
439,155,180,469
442,154,180,471
442,157,177,468
451,156,171,468
459,155,165,469
465,155,161,469
472,156,155,465
472,157,163,465
471,156,163,465
471,158,170,460
470,158,166,462
470,161,164,458
469,164,164,455
473,165,161,454
474,164,160,454
472,167,163,450
478,166,168,452
477,164,170,454
476,169,170,449
479,168,163,449
479,167,163,449
476,169,159,450
480,168,157,450
478,169,163,449
479,169,168,449
476,167,166,452
475,166,166,452
476,167,161,452
474,166,155,453
474,165,150,455
473,164,150,325
470,163,152,324
469,163,154,323
473,163,153,322
475,163,152,320
480,162,152,320
472,162,161,259
468,159,167,262
467,162,167,262
468,162,167,262
469,166,167,262
468,164,167,262
467,168,166,261
466,167,166,296
466,166,166,296
468,165,165,295
469,167,164,294
468,167,164,294
469,166,164,294
468,166,163,293
469,166,162,292
469,164,162,292
466,161,163,295
466,161,163,295
467,160,163,296
469,160,162,295
470,159,162,295
471,157,162,295
469,157,162,295
469,154,162,295
467,152,162,319
478,153,156,319
477,148,155,319
478,146,155,319
479,144,157,323
489,148,150,311
488,151,149,309
489,151,149,309
491,149,148,265
490,150,154,284
489,148,155,286
492,147,155,287
489,143,164,288
487,142,165,291
487,142,164,290
483,138,169,291
484,137,171,291
481,134,173,291
477,131,175,292
475,128,179,293
474,127,179,293
471,123,187,293
471,118,187,293
469,112,188,295
470,109,188,296
469,102,189,298
471,101,189,298
472,98,189,298
472,94,189,298
472,89,189,298
462,83,206,326
455,80,209,327
454,79,209,327
453,79,212,328
454,77,210,328
458,77,206,329
458,79,202,330
459,79,202,331
458,78,203,331
457,80,204,328
458,81,202,328
461,79,203,323
466,86,195,315
473,85,199,309
472,84,199,309
470,91,202,304
472,91,200,303
469,91,199,302
475,93,203,581
471,95,204,578
473,95,204,579
475,98,204,578
471,98,205,579
470,100,205,577
468,100,205,579
475,100,194,580
473,102,194,579
469,100,195,583
473,101,194,585
472,100,194,585
472,99,195,588
470,103,200,585
466,101,200,586
470,102,198,587
465,103,200,587
464,102,200,587
467,102,198,588
465,105,198,589
465,106,198,590
467,112,198,583
467,113,198,584
469,114,196,584
468,116,196,585
464,118,196,583
461,118,196,585
463,124,194,583
461,128,192,579
462,128,191,579
460,128,191,580
459,132,191,574
458,133,191,575
454,134,191,572
455,135,188,573
454,136,188,571
450,136,188,573
452,134,185,575
454,134,182,576
453,135,179,575
454,133,175,576
454,132,175,576
450,132,174,577
449,129,173,578
447,127,172,579
446,127,169,579
446,125,167,579
446,124,167,579
445,122,167,580
446,122,167,578
444,120,167,579
446,118,167,580
446,116,167,581
445,119,167,577
446,118,167,578
449,117,167,578
451,114,167,579
451,120,167,570
449,121,167,564
448,121,167,564
455,119,170,564
454,118,170,564
454,116,170,561
460,114,169,561
460,114,169,561
460,113,169,561
459,110,169,561
465,109,169,561
469,106,167,561
471,102,167,561
475,100,167,561
475,102,167,561
478,97,167,562
480,93,167,562
480,89,167,562
482,86,167,562
483,83,166,561
485,83,165,560
488,83,165,560
490,81,165,552
490,78,168,552
492,76,169,551
492,73,170,552
491,72,170,552
490,69,171,552
493,73,171,546
494,72,170,546
497,73,170,545
496,72,170,545
495,71,170,545
494,74,172,541
498,75,169,537
498,78,167,534
498,76,166,533
498,80,166,531
501,79,164,531
501,79,164,529
501,78,161,529
502,77,160,528
500,75,160,528
502,76,159,526
503,76,158,525
501,71,159,528
504,70,155,530
504,67,154,529
503,68,152,528
504,67,152,528
504,65,152,528
504,64,149,529
503,65,150,549
503,64,168,551
504,66,178,543
505,67,199,543
504,67,197,548
506,70,200,546
506,73,180,547
508,76,162,542
507,81,158,543
511,83,144,544
511,85,143,544
510,91,144,544
512,96,144,545
513,100,143,544
515,102,143,545
514,108,143,533
513,108,143,533
515,109,143,534
514,113,145,530
517,114,143,532
522,116,143,534
521,116,143,534
520,116,143,534
526,117,140,535
528,117,140,535
529,118,140,536
530,117,140,539
530,122,140,535
533,121,137,535
536,119,135,537
537,123,133,538
541,125,131,541
541,125,132,540
543,125,132,541
542,124,132,541
541,123,132,541
543,126,132,542
548,127,130,542
547,128,132,543
549,128,131,544
549,134,131,536
550,136,131,534
552,137,131,535
553,138,131,536
556,139,131,536
555,145,131,519
554,145,131,519
554,144,131,519
552,143,131,519
551,145,131,518
550,147,134,517
550,146,136,517
550,145,136,518
547,143,132,518
547,144,131,517
546,144,132,516
551,144,127,515
549,142,127,517
549,142,126,516
546,139,126,518
545,140,126,520
547,140,125,519
544,139,125,519
543,138,125,519
542,136,125,523
540,138,125,527
543,138,120,527
542,137,120,527
542,141,120,526
540,141,120,527
539,141,120,527
541,144,124,528
537,145,127,530
536,145,127,526
538,142,126,526
537,150,126,517
538,152,129,516
535,150,131,517
535,154,131,513
535,153,131,513
533,157,131,507
538,157,129,507
538,158,129,507
538,156,130,507
540,158,130,508
539,157,130,508
537,156,130,508
542,154,130,508
542,155,130,508
542,153,130,508
543,152,130,509
545,151,130,509
545,150,129,509
543,146,128,510
548,144,125,510
548,143,125,510
548,142,125,510
547,145,125,508
548,144,125,508
546,145,125,505
546,145,124,504
548,145,121,503
547,147,119,501
546,147,119,501
546,147,119,501
543,150,119,498
546,151,115,497
546,153,113,498
544,152,113,491
543,148,113,493
542,147,113,494
542,151,113,492
541,150,113,493
539,150,113,493
538,145,113,493
537,144,113,493
536,143,113,493
537,142,112,494
537,139,110,495
536,138,110,495
533,135,110,496
532,134,110,496
530,134,110,496
529,132,110,496
526,125,110,505
524,124,110,506
522,123,110,505
525,124,110,503
522,121,110,505
520,121,110,506
517,119,112,506
516,119,112,505
512,117,113,506
513,117,113,506
513,116,114,507
511,115,114,508
510,114,114,508
508,120,114,499
507,119,113,498
512,118,111,498
510,120,111,497
509,118,111,498
508,119,112,496
506,116,112,497
506,115,112,497
511,114,110,497
508,114,110,493
508,110,110,495
511,110,108,495
509,107,108,496
512,103,107,496
511,102,107,496
511,101,107,496
512,98,107,497
510,91,107,503
511,91,107,503
515,91,107,499
514,91,108,499
513,89,108,499
513,89,108,499
513,87,108,499
517,86,108,499
516,86,108,499
515,86,108,496
516,88,108,496
519,86,107,497
518,88,106,494
519,90,106,494
517,88,107,495
516,87,107,495
519,91,109,493
517,94,109,490
518,92,109,491
519,91,109,491
521,91,109,491
520,94,109,489
521,93,109,489
522,93,109,489
527,91,106,489
527,87,106,496
529,90,106,496
528,89,106,496
528,88,106,497
529,88,106,497
533,87,107,497
533,87,107,499
536,89,107,500
538,90,107,500
540,91,107,500
542,92,108,501
542,91,108,502
544,93,108,499
544,94,107,496
543,96,107,494
548,98,107,495
548,100,107,495
549,102,108,492
554,104,107,492
556,108,108,488
557,110,108,488
556,107,108,488
557,111,110,488
556,112,110,488
559,111,110,488
561,112,110,488
562,115,109,484
563,114,109,484
566,115,107,485
566,116,106,482
565,115,106,482
569,115,104,483
569,114,104,483
571,111,104,484
571,111,104,484
572,112,104,484
573,107,104,487
573,106,104,488
573,106,104,488
574,105,104,489
574,107,103,490
574,107,102,490
578,108,101,487
577,107,101,488
578,109,101,485
576,111,101,481
578,113,101,479
578,114,101,479
577,115,101,478
577,116,101,478
579,118,98,478
578,117,98,471
579,117,98,471
578,119,98,467
575,120,98,467
574,120,98,468
573,119,98,469
574,119,98,469
572,117,98,470
571,117,98,470
572,115,97,470
574,113,97,471
571,111,98,474
573,108,98,476
572,107,98,477
571,106,98,477
569,103,98,478
569,102,98,478
567,101,98,479
567,100,98,479
565,97,98,480
565,96,98,480
565,95,98,480
564,94,98,480
563,93,98,480
566,92,102,480
565,95,102,477
565,96,102,477
565,96,102,477
564,96,103,478
565,99,104,478
563,98,104,479
564,97,103,478
563,99,104,475
562,102,104,473
562,102,103,472
563,102,103,473
564,103,103,473
566,104,102,472
568,105,100,472
568,105,100,472
569,104,100,472
570,101,100,473
571,102,100,473
572,100,100,474
572,102,99,474
572,102,98,473
574,103,98,473
573,101,98,474
574,103,98,474
572,101,98,476
573,100,98,476
573,100,98,476
573,103,98,476
573,104,98,476
573,104,98,476
574,106,98,473
573,107,98,473
572,108,98,474
572,110,98,474
570,112,98,474
570,114,98,474
569,119,98,467
571,119,98,467
570,117,98,468
570,121,98,470
569,124,98,465
568,122,98,466
566,123,98,467
566,124,98,467
565,124,98,469
565,122,97,467
563,123,97,468
563,121,97,467
561,121,97,468
561,121,97,468
559,122,97,468
557,119,97,469
557,118,97,469
553,119,97,469
553,117,97,471
556,117,97,471
555,119,97,474
555,117,97,474
556,116,97,474
554,115,97,475
555,117,97,474
554,119,97,472
556,117,97,473
556,119,96,472
556,121,96,470
559,124,96,471
557,126,96,468
556,128,96,467
558,129,95,465
561,129,95,465
561,131,95,466
564,131,95,468
567,134,94,460
567,134,94,457
571,134,93,460
573,133,93,458
581,135,93,460
588,132,93,467
593,130,91,467
592,129,91,467
596,130,91,467
597,132,91,468
604,133,94,470
606,132,94,466
610,132,94,467
609,132,94,467
610,133,94,468
612,133,94,468
615,134,94,470
618,132,94,470
622,136,94,464
622,135,94,464
623,135,93,463
626,139,93,465
626,139,93,465
628,142,93,465
627,145,93,466
628,145,93,466
631,144,93,458
631,150,93,458
633,151,95,458
634,152,95,459
635,153,95,460
635,156,95,461
635,154,96,466
635,153,96,469
635,152,96,469
632,148,96,471
631,147,96,481
625,140,96,486
622,131,99,503
610,128,105,513
611,129,103,513
605,123,105,525
601,119,104,531
597,108,109,537
593,103,111,551
588,94,116,560
587,93,116,560
585,85,116,572
580,84,124,580
579,76,124,590
574,75,129,592
569,71,130,604
569,70,134,607
566,66,136,616
567,66,136,616
561,66,137,614
561,65,137,614
559,69,136,613
558,67,136,613
557,66,137,613
558,67,137,613
557,68,136,609
558,66,136,610
558,65,136,610
558,65,137,610
557,61,137,611
558,63,137,608
557,60,137,608
558,57,137,609
557,56,137,609
559,56,137,609
562,53,137,610
563,51,137,610
564,49,137,611
566,47,137,612
566,46,137,612
567,45,136,612
569,45,136,613
571,44,134,611
574,45,134,608
573,46,134,604
576,46,134,603
577,46,136,601
580,48,136,601
580,48,135,602
581,50,135,604
580,51,136,597
582,53,136,599
580,53,136,599
580,55,136,594
582,57,136,595
581,59,136,592
580,58,136,592
582,61,136,589
581,61,136,587
580,61,136,586
580,61,136,586
579,61,142,588
577,59,143,587
576,60,143,588
575,60,143,585
573,58,143,586
573,57,143,587
573,54,143,589
571,55,143,590
568,55,144,591
568,56,144,591
568,56,144,591
566,58,146,590
565,57,147,590
563,57,147,591
563,58,149,591
562,58,152,591
561,59,153,592
559,63,154,590
557,65,155,590
554,66,155,586
554,69,156,588
553,72,157,584
550,72,157,585
550,72,158,585
547,74,159,587
548,74,159,585
546,77,159,581
545,78,159,579
543,75,160,581
543,76,160,583
541,77,160,581
544,77,161,584
542,75,161,583
542,75,161,582
541,74,161,580
542,72,161,581
543,74,161,582
542,74,161,584
542,73,161,586
541,73,161,586
537,75,161,587
538,75,161,588
538,77,161,590
536,77,161,591
537,81,161,585
536,81,161,585
534,82,166,587
533,81,167,588
531,81,179,590
528,80,187,591
531,92,180,576
530,95,180,573
528,94,189,575
528,95,190,576
528,104,190,568
529,102,190,573
528,99,187,575
528,103,180,572
527,103,183,573
527,104,180,574
525,103,177,575
525,104,175,576
522,104,168,576
521,103,167,576
521,101,168,577
520,103,168,579
518,102,169,580
524,101,163,583
523,101,164,584
523,102,164,584
523,102,164,585
523,102,164,586
522,105,164,587
521,108,164,588
520,108,164,583
519,111,164,583
517,114,164,584
516,116,164,580
513,115,164,579
516,117,163,577
513,118,163,573
512,120,163,572
513,121,163,572
511,122,163,572
511,123,163,572
508,123,163,573
508,123,164,576
507,122,161,573
509,123,159,574
506,122,159,575
506,121,159,575
505,119,159,576
505,118,154,577
505,116,153,578
504,115,152,578
503,113,151,579
504,112,149,579
502,110,148,580
500,107,148,581
498,111,148,581
497,107,147,584
495,105,147,579
495,104,147,579
491,108,147,571
491,109,147,571
489,110,147,571
487,113,147,568
485,110,147,569
484,112,147,568
483,113,147,568
480,116,147,565
481,117,145,563
479,118,153,563
477,117,153,563
477,117,159,563
477,117,159,563
472,116,158,562
471,115,156,562
468,116,153,560
468,116,154,560
468,112,155,563
466,112,153,562
464,111,158,561
465,109,151,565
464,106,146,566
462,105,151,566
461,104,151,566
462,103,146,567
462,101,142,568
463,101,144,568
465,101,139,568
463,100,138,567
464,100,137,567
464,100,137,567
463,100,136,567
466,99,136,567
464,99,136,567
464,98,135,567
463,99,135,567
463,101,135,568
462,103,135,568
463,104,135,561
462,105,135,561
467,106,135,558
467,107,135,558
466,106,134,554
469,105,134,554
468,104,134,554
471,102,134,555
477,103,134,559
477,103,133,558
480,102,126,558
483,101,123,556
483,100,122,555
485,100,122,555
486,96,123,553
485,97,123,553
488,97,123,554
487,99,122,552
491,98,122,554
490,100,120,553
490,100,119,552
492,101,119,552
494,101,119,557
490,104,119,557
489,106,118,556
490,107,117,555
489,108,117,555
489,108,117,555
489,110,117,555
491,111,117,555
490,114,115,555
491,117,114,555
490,117,113,554
489,117,113,554
490,117,113,555
487,117,113,556
487,118,115,555
487,116,115,555
485,117,115,556
485,117,115,556
485,118,114,554
484,117,114,554
482,119,113,553
480,118,113,553
480,118,113,553
479,118,113,553
478,119,115,554
477,120,114,553
480,121,114,554
479,120,115,555
480,122,114,554
479,121,114,554
479,121,114,554
479,125,114,555
481,129,113,554
479,127,113,555
480,131,112,549
481,130,112,549
479,130,112,550
480,134,111,547
475,138,119,543
476,139,118,542
476,141,118,541
475,141,118,540
476,144,118,539
476,145,117,537
476,144,120,537
480,145,120,537
480,143,120,538
480,143,119,538
482,142,120,540
480,144,120,540
485,142,119,541
487,142,119,542
490,141,116,543
489,141,116,543
492,141,116,543
491,142,116,543
492,142,116,543
494,144,116,543
494,143,116,543
495,144,116,544
499,145,116,544
499,148,116,545
499,148,116,545
500,151,116,545
499,151,116,545
499,152,116,545
500,153,116,546
502,154,115,545
503,157,115,542
502,158,115,543
504,160,115,544
506,162,114,543
507,163,114,543
506,163,114,543
504,163,116,539
506,162,116,539
506,164,115,538
507,163,116,537
507,162,116,537
506,162,116,537
505,161,116,537
505,159,116,537
511,160,114,536
509,158,114,537
511,159,113,536
510,158,113,536
510,157,113,539
510,157,115,542
510,157,115,542
512,156,115,542
513,160,115,542
513,159,115,542
512,159,115,542
516,160,115,543
515,167,115,535
520,168,115,534
521,168,115,534
522,169,118,534
521,169,118,534
527,170,113,531
528,171,113,531
531,172,112,529
532,173,111,528
536,176,110,527
536,176,110,527
535,174,113,527
538,174,113,527
538,175,113,527
541,174,112,526
544,171,112,529
543,170,112,529
546,169,112,529
546,167,112,529
553,167,114,529
553,164,113,530
557,164,114,530
557,163,114,531
557,161,114,535
562,159,114,535
563,161,114,536
564,159,114,537
566,159,114,537
567,164,114,528
569,164,114,528
570,162,113,527
571,164,113,527
571,163,114,525
575,165,114,526
575,165,114,525
575,166,114,526
579,164,113,525
579,169,114,525
579,171,114,525
582,174,114,525
581,173,114,525
581,173,114,523
582,172,114,523
583,175,113,520
583,177,112,518
584,174,113,517
584,173,113,524
583,170,113,526
585,172,113,527
583,170,113,528
583,170,113,529
582,168,113,529
582,167,112,529
581,163,112,530
581,163,112,530
580,162,112,528
582,161,110,528
579,162,110,530
579,161,110,530
580,160,110,531
580,161,110,533
578,159,110,533
577,158,112,535
575,160,112,536
576,160,112,536
577,159,111,536
576,158,111,536
576,160,113,536
573,159,113,536
574,161,113,537
574,161,113,537
572,162,113,538
573,161,113,538
573,160,113,538
567,158,121,538
568,157,121,537
567,158,123,536
565,159,124,536
566,157,127,537
565,152,127,537
565,152,127,537
565,153,129,536
565,153,130,535
562,152,133,535
561,150,135,535
561,146,135,536
561,146,137,532
559,145,139,532
559,145,140,532
561,143,140,532
556,142,145,532
556,140,145,532
558,139,145,531
558,139,146,532
557,138,146,527
556,137,148,527
556,136,148,528
553,136,158,533
554,133,169,538
553,133,189,532
553,135,188,529
551,134,194,527
553,135,198,527
549,133,200,524
548,130,204,524
549,130,201,524
548,129,201,524
540,133,196,518
538,134,198,526
536,133,183,530
534,132,177,522
530,130,182,522
531,130,180,524
527,129,184,522
525,126,186,527
520,127,191,527
517,126,191,528
516,125,191,528
515,124,196,528
515,125,195,527
513,123,195,527
509,123,200,527
506,123,200,527
503,123,204,527
502,122,205,527
498,123,205,526
498,121,205,527
498,121,205,526
493,122,209,525
492,121,209,524
486,122,214,523
485,122,214,523
483,121,215,522
483,121,215,522
483,122,217,520
474,127,225,519
473,126,224,518
472,128,223,517
466,128,228,517
465,130,230,517
467,129,230,517
459,129,234,516
460,128,234,516
460,128,233,515
453,127,239,515
452,126,241,515
453,131,241,511
453,131,243,510
455,131,243,510
454,132,245,510
451,133,252,510
450,132,252,510
450,130,251,509
449,133,256,509
449,132,258,509
450,131,261,508
450,131,261,508
449,130,261,508
450,128,264,509
450,127,264,509
450,127,266,508
453,125,267,508
453,125,268,508
452,124,269,508
452,126,271,507
452,125,275,463
453,125,275,463
454,124,275,463
457,121,277,450
456,120,279,450
456,120,279,447
456,119,279,447
458,120,281,459
456,118,281,460
454,119,291,486
453,119,290,485
451,118,290,485
453,117,291,486
454,116,296,487
453,120,296,487
455,119,298,508
454,121,299,508
452,120,302,508
453,121,338,508
453,121,331,505
451,122,331,506
452,121,312,506
452,121,312,505
452,122,311,504
449,121,315,504
450,124,318,504
442,124,324,504
442,124,324,503
442,123,325,503
444,123,325,503
443,124,326,503
439,124,330,503
437,125,330,502
436,125,339,502
435,124,339,502
434,124,342,503
430,125,351,503
431,124,352,503
431,124,361,504
431,125,361,504
430,124,361,504
423,123,372,504
427,124,372,504
427,122,372,504
431,123,372,504
429,124,372,504
428,123,405,504
427,124,394,504
429,127,393,504
429,127,401,504
431,128,399,505
430,131,397,504
429,130,399,504
431,130,392,504
432,131,369,504
430,136,347,504
434,138,346,503
436,137,347,502
436,136,349,502
445,138,348,501
448,139,344,507
452,138,343,506
455,141,342,505
459,142,345,499
459,142,345,499
461,141,345,499
466,144,345,499
468,143,345,499
472,145,348,499
474,146,349,498
474,146,349,497
477,146,349,497
480,146,348,496
482,145,357,496
491,149,357,496
493,150,357,496
492,149,357,510
497,149,357,508
501,151,364,510
504,151,366,515
509,154,365,514
518,156,392,514
517,155,396,514
524,159,403,513
527,159,410,513
534,163,404,511
536,164,418,511
541,168,413,510
541,167,420,510
544,170,418,508
549,174,422,545
555,177,397,543
562,179,399,541
566,189,387,530
565,188,388,530
568,193,381,527
573,197,377,523
575,205,361,515
581,210,361,510
584,217,357,503
590,223,350,496
594,234,347,486
600,241,344,479
603,253,343,466
606,261,342,458
614,268,340,449
613,268,341,451
618,276,346,444
622,282,352,438
626,290,358,430
629,291,352,428
631,299,357,420
630,298,357,420
633,306,362,414
640,315,369,405
643,318,373,401
645,325,377,395
647,332,383,387
648,332,382,387
647,337,385,383
638,338,394,381
640,338,394,381
631,342,398,377
623,340,398,379
613,337,401,382
601,339,405,380
594,340,406,380
593,339,407,380
585,344,408,376
575,341,412,378
565,343,416,377
556,345,401,374
551,345,394,374
549,347,393,372
550,346,374,373
545,348,371,371
539,341,372,378
534,333,376,386
532,325,383,394
531,324,386,395
533,312,398,407
536,302,404,417
535,289,429,430
530,280,434,439
531,274,439,445
532,273,439,445
533,274,440,446
545,268,404,451
550,270,384,448
552,271,377,448
570,278,350,442
569,277,350,441
585,287,342,432
594,274,332,445
609,279,330,441
612,284,321,436
621,270,317,449
621,269,317,449
636,270,318,450
646,275,298,445
624,257,312,462
625,251,280,468
626,252,266,467
626,251,266,467
637,258,256,462
639,261,256,459
624,249,251,470
619,245,240,474
618,233,246,486
625,247,245,470
624,240,245,479
628,242,245,478
636,246,245,474
640,251,245,469
654,253,245,467
653,252,244,465
655,260,244,460
662,260,244,459
665,265,244,455
680,253,236,466
688,256,235,464
687,255,235,463
691,266,236,454
695,270,236,450
696,273,243,447
699,279,249,441
698,289,248,431
705,289,242,429
705,295,241,425
700,298,240,422
695,302,239,418
687,307,232,413
673,315,233,405
653,315,254,403
641,315,253,402
624,320,252,400
606,318,258,398
593,337,260,382
581,339,259,381
579,339,263,378
570,350,264,369
561,348,263,368
546,348,262,371
538,350,262,370
536,351,262,369
535,350,263,368
529,349,261,368
528,346,250,367
524,347,245,372
520,342,244,377
521,329,237,390
521,328,236,390
518,323,233,391
520,322,227,390
520,321,225,398
515,317,225,398
524,315,215,397
512,314,223,397
516,306,216,413
528,305,204,412
524,300,213,413
537,298,202,413
533,294,204,413
535,293,203,413
532,289,202,412
541,287,200,432
540,284,208,412
544,283,203,436
549,275,203,444
548,275,202,443
550,271,202,443
557,271,202,443
560,263,204,448
577,264,204,456
587,266,204,453
586,263,204,456
573,250,218,469
574,248,218,469
594,268,208,451
600,263,208,452
603,267,208,452
602,266,208,452
604,264,208,453
604,260,212,459
610,261,212,459
615,259,212,458
619,262,212,458
633,272,197,447
636,273,196,446
646,265,192,454
652,277,193,439
653,279,194,440
659,282,194,438
655,282,194,437
654,286,196,433
661,290,197,430
665,292,196,428
667,291,197,428
676,303,183,416
676,303,182,415
660,269,213,450
668,272,212,447
672,261,210,458
673,264,212,455
671,269,214,450
672,268,213,451
677,264,210,455
683,264,209,455
682,265,207,454
685,263,205,456
680,297,209,422
681,297,210,422
681,296,218,423
683,295,212,424
682,295,214,424
682,298,216,421
684,297,214,422
683,299,214,420
675,298,216,421
670,299,213,420
670,301,213,418
662,302,217,417
659,302,216,417
656,304,219,415
640,296,226,423
642,295,222,424
642,296,224,423
640,294,223,422
641,296,222,421
637,294,222,425
638,299,223,421
634,298,225,420
634,298,223,419
632,299,223,419
640,312,214,407
639,319,215,400
641,319,218,401
642,328,217,391
643,334,216,385
644,338,215,381
646,339,210,380
647,341,210,378
652,333,207,386
656,337,205,382
655,336,205,382
654,331,204,388
658,330,202,389
661,309,198,397
663,304,198,415
664,295,197,424
663,290,197,429
662,289,197,430
661,291,196,428
661,280,206,439
674,274,196,445
673,279,196,440
669,280,200,439
676,262,196,457
671,281,195,438
674,281,200,438
678,292,199,427
677,284,201,435
677,284,200,434
678,281,200,438
678,273,200,446
682,272,205,447
683,264,205,455
682,263,205,455
691,262,198,457
694,251,194,468
694,250,193,469
698,247,193,472
697,241,190,478
696,234,192,485
696,234,191,484
694,233,190,483
700,229,190,483
700,229,189,482
700,230,189,482
699,229,189,482
699,229,188,481
699,255,195,464
702,255,188,461
699,260,188,460
695,259,188,460
698,259,187,459
697,258,187,459
696,257,186,457
695,256,185,456
694,257,185,456
692,255,185,457
691,256,185,457
691,256,184,456
690,255,183,455
689,254,183,456
686,252,183,456
683,247,183,456
683,269,191,450
683,269,190,449
680,270,190,449
676,271,190,449
674,262,184,457
675,270,188,449
677,271,190,445
677,271,189,448
676,268,188,451
672,265,188,454
676,263,188,456
673,256,188,463
673,245,188,474
673,237,188,482
668,222,186,497
662,208,190,511
662,214,188,505
656,215,187,504
652,221,187,498
652,230,186,489
650,230,185,484
644,229,185,490
642,229,185,490
638,215,185,504
636,216,184,503
636,216,183,503
632,215,183,504
632,214,182,504
628,217,181,503
627,225,181,494
615,239,192,480
615,239,191,480
611,238,191,481
612,238,192,481
610,251,192,468
609,255,192,464
605,254,191,465
608,254,190,465
608,257,189,463
606,257,188,461
603,258,187,460
605,263,186,457
604,260,186,459
603,259,186,459
604,268,186,451
602,267,185,452
607,267,185,452
609,268,185,452
606,266,190,453
605,265,189,452
605,266,189,452
606,266,189,453
606,266,189,453
608,274,188,445
605,273,188,446
604,272,188,446
604,270,188,446
601,277,187,442
600,277,186,441
602,275,185,444
602,278,184,441
602,278,183,441
611,275,180,440
609,277,179,442
609,276,178,442
610,263,178,456
607,260,189,459
610,247,185,472
612,236,184,483
611,247,184,472
611,248,183,471
612,251,183,468
615,255,183,464
614,252,183,467
615,249,183,470
615,258,183,461
614,257,183,461
616,252,186,460
614,253,186,466
617,250,184,469
613,253,184,466
614,253,183,464
614,253,182,466
611,252,182,467
609,257,181,462
608,255,181,464
615,249,182,470
615,248,181,469
614,247,181,469
613,243,181,476
614,242,181,477
610,238,181,478
623,238,176,478
623,229,176,490
624,228,176,491
623,225,176,492
622,200,176,519
620,188,176,531
621,190,176,529
618,196,176,523
620,200,181,519
622,213,181,506
627,216,176,503
627,213,175,503
630,217,173,502
628,220,173,499
627,219,173,499
630,228,172,491
630,227,175,490
629,223,175,496
637,226,171,488
636,232,170,487
635,231,172,488
640,232,170,487
636,232,169,487
637,231,169,488
638,234,168,485
639,231,167,487
639,231,166,487
639,231,166,488
634,235,170,484
635,243,172,474
636,245,177,473
633,247,176,473
633,247,176,471
632,246,176,469
638,247,167,468
633,246,175,473
636,245,172,474
635,247,175,472
635,247,175,471
630,247,177,470
629,247,179,470
626,246,176,470
625,249,175,470
621,244,175,475
621,239,173,480
623,241,172,478
618,241,171,478
616,242,170,477
616,247,169,472
614,245,170,474
615,246,169,473
618,248,167,471
618,243,166,476
617,235,168,484
608,230,169,489
617,229,169,490
617,229,169,490
617,229,167,490
618,226,167,493
621,224,169,495
621,225,168,494
625,226,169,493
625,224,167,495
626,224,166,495
630,219,170,500
629,215,171,504
627,217,170,502
624,218,169,501
620,211,172,508
616,213,177,506
620,216,175,503
614,214,181,505
618,216,182,503
618,215,180,504
615,216,182,503
619,213,180,506
617,214,184,505
618,211,178,508
624,209,186,510
623,209,184,510
621,220,186,499
622,206,188,513
624,219,188,500
623,220,191,499
624,220,194,499
625,218,192,501
623,216,191,503
626,218,191,501
623,217,194,502
620,215,199,504
619,214,202,505
614,216,206,503
613,217,208,502
608,218,213,501
606,208,210,511
610,207,214,511
614,199,212,520
608,199,213,520
607,198,214,521
611,205,213,514
617,206,209,514
622,201,207,515
626,208,207,511
629,209,209,511
631,218,208,501
628,216,210,503
632,219,210,501
629,220,212,499
658,230,188,489
658,232,188,488
657,231,188,487
657,232,187,486
662,234,186,485
663,236,185,483
665,238,184,482
669,241,183,479
669,241,182,477
668,243,181,476
673,243,176,477
677,252,173,467
681,256,173,463
681,259,172,461
681,259,171,459
684,260,170,458
685,260,169,457
686,265,168,455
686,266,168,454
688,268,168,452
687,270,167,449
685,270,167,449
690,272,177,448
701,272,169,446
700,280,166,439
698,278,165,441
699,276,164,443
696,275,164,444
698,271,165,448
695,270,166,449
693,271,169,449
694,266,168,453
694,265,168,453
692,263,167,456
693,267,166,452
693,267,165,451
690,265,170,454
686,259,170,454
687,260,169,459
686,260,166,458
686,256,165,463
686,255,164,463
686,255,166,464
683,248,166,464
684,248,165,471
683,245,168,474
686,243,171,476
686,247,170,472
683,245,170,474
684,239,173,472
685,239,172,480
683,234,175,485
682,232,175,485
682,232,176,487
679,225,178,494
679,222,178,497
673,218,179,501
671,210,180,509
667,210,182,510
666,209,183,509
663,204,183,515
666,209,180,510
658,209,180,511
653,207,179,509
648,208,178,511
647,207,178,512
644,208,182,511
640,209,183,511
638,207,184,511
638,206,185,512
641,211,185,508
642,210,183,509
641,210,183,509
645,211,183,509
652,208,183,509
654,213,186,506
658,216,185,504
657,215,185,503
655,219,188,501
654,220,191,499
657,225,193,495
656,228,196,492
654,233,195,487
654,233,198,486
642,228,212,491
641,230,213,490
644,251,213,468
644,251,212,468
647,256,213,464
646,255,214,463
647,254,216,465
651,255,216,465
656,256,216,464
656,255,216,463
660,259,217,461
659,261,216,458
658,262,219,457
658,263,221,456
659,262,221,455
659,261,222,458
660,259,224,459
660,259,224,458
658,261,223,457
658,257,222,456
660,258,222,457
660,257,221,456
661,258,221,456
660,257,226,462
661,261,226,458
667,260,222,459
667,259,222,459
665,254,223,459
665,255,223,459
664,254,229,459
662,253,230,459
664,251,231,461
665,249,233,470
665,250,233,469
662,250,233,467
661,249,233,467
658,246,232,466
650,242,245,477
646,241,245,477
644,238,245,477
642,242,249,478
642,242,248,476
641,240,250,479
641,237,249,477
639,239,254,473
636,237,253,480
635,233,254,485
634,233,254,485
633,233,253,484
629,231,258,486
628,234,258,485
621,233,256,484
622,235,255,482
622,235,255,481
619,233,255,486
613,232,255,486
611,235,254,484
608,233,253,483
609,235,252,482
608,234,252,482
605,236,251,482
605,234,250,482
607,237,253,482
604,236,253,482
609,235,249,482
608,234,249,483
615,234,242,485
613,227,242,492
614,235,242,485
612,235,243,484
615,236,243,484
615,227,242,492
616,237,241,482
617,237,241,482
618,239,240,481
616,237,241,480
618,237,241,481
625,242,237,477
629,243,236,477
629,244,236,476
634,244,236,475
641,244,234,473
648,249,236,470
647,248,237,470
647,247,238,470
647,247,238,470
644,264,240,455
649,262,238,455
649,266,238,453
649,267,238,453
652,269,237,451
651,270,236,449
651,273,235,446
652,274,240,446
657,271,240,446
659,273,240,446
657,271,242,446
659,270,241,445
659,270,240,444
660,272,240,443
660,272,239,439
661,275,239,439
659,274,238,445
659,275,242,445
663,275,238,444
659,287,238,432
662,281,233,438
659,276,236,443
653,274,237,443
650,271,236,444
649,270,238,444
643,261,239,458
641,262,240,458
633,260,241,458
631,257,243,457
625,256,244,463
625,256,243,463
625,255,242,464
620,252,240,465
617,243,241,476
615,236,242,483
610,254,242,465
611,250,241,468
608,250,242,468
607,246,241,473
602,247,240,467
595,254,242,465
593,252,241,467
593,252,240,467
588,251,239,468
585,249,241,470
580,249,241,470
577,245,241,474
575,244,240,475
575,244,239,475
572,245,239,474
570,241,238,478
566,239,237,480
565,237,237,482
564,235,237,484
563,234,242,485
564,234,242,485
563,233,244,486
567,231,244,488
573,228,244,491
569,224,244,493
568,224,244,494
574,229,241,490
576,232,242,487
580,235,241,485
581,236,241,483
584,241,241,478
583,240,241,479
584,246,240,473
591,244,244,473
597,260,243,459
604,267,242,452
608,271,245,449
607,270,248,448
609,283,252,436
630,285,234,434
657,285,211,434
661,293,208,426
662,292,206,426
661,291,206,426
667,299,205,420
668,302,204,418
661,303,214,416
660,310,213,409
660,311,209,408
660,311,208,407
663,312,207,407
663,311,205,408
641,308,221,411
640,308,220,410
641,304,219,409
641,299,218,420
640,300,218,420
638,295,217,419
638,293,216,426
635,294,215,425
641,290,205,429
640,289,205,430
639,289,204,430
629,281,204,438
626,279,204,438
625,281,204,438
623,278,204,438
622,277,204,438
620,275,204,438
619,278,204,441
615,271,203,448
617,270,203,449
617,271,200,448
616,270,200,449
616,267,200,450
618,267,200,451
616,262,200,453
620,260,200,454
624,259,200,455
623,258,200,456
622,255,200,464
620,252,200,467
624,256,204,463
623,252,204,465
626,252,204,466
628,251,204,468
625,251,203,468
626,253,206,466
629,253,206,465
629,254,206,465
631,257,208,462
630,260,209,459
633,257,209,460
646,256,208,463
647,255,208,464
648,257,208,463
646,257,208,462
645,257,208,462
651,268,213,451
651,270,213,450
651,272,213,448
653,275,213,445
650,278,213,442
649,277,215,442
649,276,215,443
651,278,215,442
653,276,215,442
652,274,215,443
658,275,215,444
657,274,215,445
660,273,215,446
667,265,214,446
664,257,214,448
668,249,214,450
677,240,213,479
677,239,213,480
