549,307,42,99
559,307,45,96
566,312,44,99
567,308,43,103
565,323,45,101
560,337,46,97
554,340,48,98
553,342,48,98
559,337,45,97
560,338,44,97
568,327,45,100
574,314,47,105
576,314,47,98
576,313,44,99
570,313,49,99
570,313,49,99
567,314,49,99
568,314,48,99
568,309,47,101
570,304,44,101
568,302,49,99
569,302,48,99
569,302,48,101
568,307,50,101
565,314,50,100
564,320,47,103
563,321,46,101
563,321,46,103
562,320,47,100
561,311,47,105
562,306,47,104
565,303,46,103
564,302,48,104
564,302,48,104
565,303,47,105
565,307,49,105
566,315,49,104
566,319,48,105
567,322,50,105
566,322,51,105
569,323,49,104
576,323,49,104
584,321,49,106
592,323,48,105
598,323,48,106
598,323,48,105
603,319,50,110
603,323,50,108
603,327,50,107
604,329,52,106
607,326,50,107
607,327,50,107
608,326,51,106
609,317,49,110
611,315,50,108
615,309,50,111
619,310,49,108
619,309,49,110
622,309,50,109
622,310,50,110
618,313,55,109
620,318,54,109
623,320,53,108
624,321,52,107
628,319,55,110
632,319,55,110
635,319,57,111
637,319,54,114
637,322,52,114
637,322,54,114
637,326,53,112
633,327,55,113
630,328,53,114
626,330,54,114
626,332,53,114
626,333,52,112
627,332,54,115
626,333,55,115
626,331,55,115
623,330,55,115
621,330,56,114
622,330,55,114
622,324,55,118
627,323,57,117
633,321,57,116
639,317,58,117
646,313,55,118
645,313,56,117
648,312,55,117
647,311,56,117
647,307,56,118
649,303,58,119
651,299,56,120
652,299,56,119
652,293,60,123
654,293,58,121
656,293,55,120
659,293,57,118
664,288,58,120
663,288,61,122
670,286,60,121
677,286,55,120
678,285,57,119
679,283,57,121
680,282,57,121
680,282,56,121
683,281,57,122
688,281,56,120
691,281,57,120
691,280,58,120
693,278,58,122
694,278,57,121
695,278,60,122
704,278,59,123
714,280,62,125
721,283,65,124
731,285,62,125
731,285,63,125
737,289,62,125
741,293,62,126
739,298,66,125
736,302,67,125
735,305,69,124
735,306,70,124
736,304,69,128
736,306,70,129
740,309,68,129
753,314,58,125
745,317,75,125
746,318,73,125
750,318,74,129
750,320,74,130
750,322,73,130
749,326,73,130
751,327,71,130
751,327,71,130
755,328,70,128
763,327,66,128
769,326,69,126
777,320,67,130
785,307,68,138
785,309,68,137
793,307,68,132
804,301,66,131
818,295,63,132
828,292,62,131
835,288,60,131
834,286,62,132
843,281,59,134
847,272,59,140
855,276,60,136
859,274,64,138
867,274,54,138
867,275,54,137
874,275,53,139
877,281,61,138
883,286,61,137
885,292,58,135
888,293,56,136
888,294,56,136
890,291,54,140
889,290,54,140
892,291,52,138
890,292,54,137
891,292,55,136
892,292,57,137
892,291,56,139
886,292,56,139
882,290,57,140
881,285,57,138
888,273,56,142
887,274,58,141
893,275,58,138
897,269,56,140
896,269,58,142
895,271,57,140
896,275,54,141
896,275,53,141
896,280,53,139
896,284,55,141
895,291,53,138
892,295,52,139
885,300,51,141
884,299,52,142
876,305,53,143
869,308,51,142
867,309,48,140
866,307,49,141
867,307,48,140
866,306,48,141
863,312,46,136
855,310,48,140
847,313,50,139
837,316,53,140
836,316,48,144
836,316,47,144
836,318,47,144
836,317,48,144
836,317,48,142
836,313,49,140
835,305,50,139
835,306,50,139
835,299,52,141
837,293,52,141
838,286,52,144
836,285,50,144
835,287,51,142
834,287,54,141
835,289,50,142
830,293,52,143
828,296,53,143
830,297,53,143
833,298,53,142
833,296,54,144
836,295,49,145
835,295,49,144
836,294,49,145
839,295,49,144
840,297,50,144
840,297,51,144
836,300,48,145
833,304,48,145
832,311,45,144
830,315,46,144
825,318,46,143
824,318,49,144
818,322,49,143
818,324,47,144
817,325,49,144
818,324,48,146
820,323,47,146
819,323,48,146
823,319,49,146
830,314,50,146
834,308,49,145
839,300,49,148
839,297,48,147
839,297,48,146
839,297,49,143
837,297,50,143
834,297,51,144
830,297,50,144
827,295,49,145
827,295,49,146
824,295,51,142
820,288,51,148
816,285,52,147
811,283,51,146
806,281,52,145
805,281,53,145
803,276,55,146
800,275,58,147
797,275,58,147
788,279,61,145
784,276,60,147
784,276,59,147
784,275,59,146
788,275,56,144
788,273,55,144
790,273,55,146
791,276,56,145
791,275,56,147
791,277,55,147
791,278,54,146
790,279,55,146
790,280,56,145
792,280,58,145
795,279,55,144
798,280,53,147
797,281,54,147
796,282,55,146
794,283,56,145
792,283,58,145
794,282,56,147
792,282,55,146
790,283,58,146
789,284,57,146
786,284,55,146
779,288,55,146
777,288,56,146
772,291,57,145
768,294,57,145
764,296,58,145
762,297,59,147
762,300,60,145
763,300,58,145
763,301,59,146
762,302,58,147
762,304,57,146
761,304,58,147
758,305,60,145
757,304,61,145
757,306,63,144
756,306,61,144
756,303,62,144
759,301,58,144
758,302,59,144
759,302,57,144
758,302,60,145
759,303,59,145
758,304,59,145
758,304,56,145
758,307,57,143
758,305,58,146
757,307,59,145
757,308,59,145
758,309,58,146
757,310,57,145
758,311,58,145
757,310,57,144
756,311,59,145
756,312,58,146
755,312,59,145
756,311,60,146
757,311,58,146
756,311,59,147
758,311,57,146
758,312,58,146
758,313,59,147
757,313,60,147
757,313,59,148
757,313,59,148
758,314,58,148
757,315,59,149
758,315,60,149
758,315,61,149
758,315,62,152
760,315,59,151
760,315,60,153
759,315,62,153
760,315,62,152
760,317,65,153
760,317,67,155
760,318,67,153
762,314,68,158
763,316,70,158
764,315,70,160
766,315,70,161
767,316,73,162
766,316,73,163
768,315,75,165
769,315,76,166
772,315,78,167
772,316,83,169
774,312,86,175
773,314,86,174
776,315,86,174
779,314,88,177
781,314,91,179
783,314,95,180
784,316,97,180
784,315,97,182
785,314,98,184
788,314,100,184
791,314,102,187
794,313,105,190
797,313,106,192
796,310,107,194
801,311,108,195
804,312,107,195
809,310,109,201
811,310,112,202
812,310,115,204
812,310,114,205
815,310,115,206
817,308,116,211
820,308,118,213
821,307,122,216
825,307,125,220
825,307,126,220
826,305,128,224
831,304,128,226
834,305,130,229
837,305,131,231
839,303,134,235
839,304,136,235
843,305,136,237
846,304,139,241
850,304,140,243
853,305,140,244
854,305,152,248
853,304,153,252
855,303,152,254
856,303,155,255
857,303,158,257
859,302,161,259
861,303,164,261
860,302,166,262
862,303,167,263
867,303,168,264
870,305,169,265
877,303,168,270
879,304,169,271
882,303,167,272
885,303,165,273
889,304,163,275
890,304,164,276
893,306,160,273
894,307,158,271
894,306,158,273
895,307,160,274
888,308,167,275
888,308,168,277
894,310,164,274
896,311,163,273
896,310,163,273
896,311,164,273
896,311,169,274
895,312,170,275
896,313,167,276
896,313,165,275
896,312,167,277
896,313,166,277
896,313,166,276
898,312,165,276
897,313,165,275
902,314,162,274
902,314,162,275
901,316,162,275
907,316,158,275
910,315,155,274
912,314,154,278
914,313,153,278
914,312,154,278
913,309,154,279
912,307,153,278
913,304,152,278
913,301,151,277
914,300,151,281
914,300,151,281
914,299,152,280
908,298,154,279
906,297,155,280
905,297,155,279
906,295,154,278
904,295,157,279
904,295,159,280
903,295,158,280
902,294,162,281
903,294,163,280
904,294,163,281
903,294,159,281
910,294,155,281
911,296,153,281
915,297,149,280
917,298,145,280
919,298,146,282
917,297,148,283
917,298,149,284
918,299,147,285
918,299,148,286
918,299,148,284
920,299,148,285
920,298,148,286
920,297,148,286
921,295,148,286
928,299,142,282
932,299,140,282
933,299,140,282
937,298,134,282
942,297,129,282
947,296,126,283
951,295,123,285
952,297,121,283
951,297,124,283
951,296,123,283
950,296,124,283
951,295,124,283
952,294,124,283
953,294,124,283
954,294,117,283
954,295,117,283
955,295,117,283
956,295,117,283
956,294,114,283
958,292,113,281
959,291,113,283
956,290,117,285
956,288,118,286
958,288,117,284
958,287,118,284
959,286,117,283
959,285,119,283
959,284,120,283
963,283,117,284
966,283,115,285
968,283,114,284
969,283,114,284
970,284,114,284
969,283,114,284
970,285,114,284
970,286,114,285
967,292,112,286
967,294,109,286
967,295,109,287
967,295,109,288
965,296,109,289
962,298,109,290
959,300,109,290
952,301,110,290
947,307,112,287
947,306,109,287
943,306,109,287
941,307,108,287
940,307,107,288
939,310,109,286
939,309,109,286
938,309,108,286
939,308,107,287
942,307,107,288
944,307,106,288
947,305,106,289
948,303,106,289
947,305,106,286
948,304,104,285
949,304,106,286
949,303,108,286
950,302,107,287
951,301,107,288
950,300,108,289
949,300,108,289
949,299,108,289
949,299,105,290
949,302,104,288
947,302,104,286
946,303,106,287
946,303,106,286
946,302,107,286
945,302,107,286
944,302,107,286
943,301,107,287
943,301,106,286
942,301,104,287
939,300,104,287
939,299,105,287
937,298,103,288
936,297,103,288
937,298,101,286
936,298,101,286
935,298,101,286
934,298,102,287
934,299,100,286
932,299,101,290
931,298,102,289
931,301,102,286
930,302,100,286
928,302,100,286
926,303,99,287
917,304,101,287
916,306,102,285
911,306,100,285
904,308,99,285
894,310,100,285
884,310,101,287
872,310,98,291
872,313,99,287
860,314,100,288
850,314,101,288
842,315,99,287
833,314,99,286
825,312,100,286
824,311,100,286
817,309,101,286
811,308,101,286
807,307,100,287
805,306,101,287
804,305,102,288
803,305,101,289
803,305,100,289
804,304,100,290
804,303,103,291
804,303,105,293
805,302,105,295
806,300,105,297
805,302,107,301
805,303,108,305
807,305,107,309
807,307,107,309
804,308,109,312
802,307,112,313
802,306,113,317
801,307,114,320
799,309,115,321
796,311,116,323
793,315,117,327
792,314,116,328
791,316,118,331
789,316,119,335
788,318,120,338
786,319,121,340
784,321,121,345
784,321,121,346
781,322,122,348
776,322,124,352
771,323,128,357
767,324,128,359
761,319,132,371
759,318,134,373
756,317,134,376
753,315,135,379
750,313,139,387
745,311,141,398
742,312,144,403
740,312,146,404
737,310,148,408
733,309,150,411
732,308,153,412
733,306,155,414
733,306,158,414
733,305,159,415
734,303,159,417
735,300,162,420
737,300,164,420
743,300,164,420
752,298,164,422
751,298,165,422
756,298,166,422
762,299,168,421
764,297,170,423
769,295,174,425
774,293,178,427
775,293,177,427
779,295,178,425
782,294,180,426
784,295,185,425
790,288,188,432
794,288,182,432
794,288,183,432
799,287,197,433
805,286,201,434
817,287,181,433
823,281,192,439
827,282,205,438
826,280,208,440
831,280,189,440
835,278,203,442
839,276,208,444
843,275,223,445
844,271,210,449
844,269,208,451
838,270,208,450
834,269,235,451
827,264,217,456
827,257,211,463
822,248,248,472
821,245,250,475
819,243,245,477
815,243,226,477
809,244,248,476
799,248,257,472
786,253,257,467
783,252,260,468
772,258,260,462
759,264,264,456
742,269,267,451
732,265,265,455
724,265,268,455
723,264,270,456
716,263,272,457
705,258,275,462
697,246,277,474
691,240,278,478
683,235,281,485
682,229,282,491
676,226,284,494
669,223,287,497
662,211,288,509
655,210,289,510
649,209,289,511
649,205,290,515
657,199,281,521
664,191,271,529
668,186,260,534
671,174,258,546
673,161,255,559
674,161,252,559
677,149,246,570
680,144,238,576
671,130,239,588
654,123,247,597
634,110,255,610
630,108,258,611
617,96,264,624
609,75,263,645
590,64,273,656
583,52,275,668
576,50,276,670
573,47,277,671
568,50,278,667
569,60,281,660
558,76,304,644
540,94,327,626
537,113,331,607
535,116,334,604
531,132,340,588
522,150,355,570
514,167,365,553
511,182,369,538
497,192,382,528
494,192,385,528
481,202,394,518
462,210,404,510
449,209,409,511
432,209,418,511
421,211,425,509
420,209,425,511
420,207,423,513
415,208,421,512
405,211,427,509
399,218,428,502
387,227,436,493
385,229,438,491
380,244,448,475
386,252,458,468
393,252,466,468
401,252,468,464
408,249,470,469
405,244,472,473
407,239,472,481
408,236,471,484
403,226,471,494
398,218,476,502
389,207,476,513
389,207,477,513
381,197,480,516
378,187,480,533
375,178,481,542
372,170,483,550
371,161,485,559
370,161,486,559
372,156,488,561
375,153,490,567
372,152,493,568
368,149,499,570
366,145,502,575
366,145,503,574
367,141,502,574
369,137,502,574
371,135,509,577
370,132,516,588
371,131,517,589
370,131,517,589
371,129,521,590
371,124,521,591
373,119,521,600
375,114,521,602
376,111,521,604
375,110,521,605
375,108,521,605
376,106,522,606
376,105,522,606
378,105,522,615
381,106,522,614
374,105,527,615
379,115,527,598
381,124,529,596
382,123,529,597
384,124,529,596
385,134,529,585
384,136,529,584
383,140,529,580
380,143,529,577
376,156,529,564
360,160,555,560
356,164,557,556
357,170,558,550
351,176,562,544
338,185,568,535
333,190,567,530
322,194,572,526
317,199,572,521
311,201,575,519
302,202,579,518
287,206,591,514
283,207,593,513
276,216,600,504
271,217,604,503
271,217,604,503
270,225,610,495
269,229,614,491
269,246,634,474
270,251,641,469
271,252,648,468
271,254,650,466
272,259,667,461
270,266,679,454
269,271,685,449
268,280,700,440
270,282,712,438
271,283,712,437
272,284,745,436
274,286,762,431
283,293,786,427
301,282,818,438
324,266,851,454
319,265,858,455
356,244,869,476
404,223,876,497
452,202,828,518
494,186,786,534
541,173,739,547
538,174,742,546
579,163,701,557
617,152,663,568
652,142,628,553
686,134,594,539
714,130,566,517
710,130,570,515
728,124,552,510
743,115,536,509
752,106,527,494
759,93,521,491
752,78,528,494
752,79,528,493
732,66,548,654
715,54,565,666
699,44,581,676
678,36,602,684
655,34,625,686
656,42,624,678
633,45,647,675
599,49,681,671
568,54,681,666
560,82,720,638
549,103,731,617
549,103,731,617
547,131,733,589
535,158,745,562
525,180,755,540
495,197,785,523
467,218,777,502
467,214,781,506
450,227,774,493
444,230,790,490
452,226,787,494
457,220,789,500
469,205,797,513
472,206,785,514
451,183,806,537
409,155,857,565
366,113,896,607
348,55,918,665
318,1,962,719
316,1,964,719
337,1,943,719
354,1,926,719
370,1,910,719
380,1,900,719
408,1,872,719
413,1,867,719
437,1,843,719
473,1,807,719
499,1,781,719
517,1,763,719
539,1,741,719
539,1,741,719
544,1,715,719
542,1,705,719
534,1,693,719
539,2,668,718
535,2,643,718
535,1,647,719
526,1,632,719
524,2,606,718
524,1,583,719
542,1,538,719
550,1,500,719
552,1,499,719
561,1,463,719
565,1,446,719
568,1,414,719
567,1,399,719
565,1,366,719
568,1,361,719
558,1,352,719
567,1,325,719
564,1,314,719
573,1,291,719
562,1,285,719
562,1,280,719
559,1,270,719
561,1,260,719
564,1,246,719
562,13,238,707
561,32,229,688
562,34,229,686
562,50,217,670
565,65,205,655
565,78,197,642
564,93,193,627
566,104,184,616
559,106,190,614
553,118,195,602
551,129,195,591
555,137,188,583
556,150,182,570
560,161,173,559
559,162,173,558
561,171,168,549
561,183,164,537
561,188,162,532
561,189,162,531
561,190,162,530
560,190,162,530
567,191,162,529
568,191,162,529
574,192,163,528
578,198,163,522
578,200,164,520
577,200,165,520
579,200,166,520
585,201,167,519
591,201,167,519
595,200,168,520
599,195,172,525
598,193,171,527
604,190,174,530
611,188,178,532
618,183,181,536
629,175,178,545
636,171,179,549
635,171,181,549
639,167,183,553
638,164,186,556
637,164,187,556
634,164,187,556
629,163,190,557
628,163,191,557
628,165,187,555
627,171,186,549
625,176,186,544
627,181,185,539
630,187,184,533
629,187,184,533
628,189,187,531
629,189,185,531
630,188,185,532
633,189,189,531
636,186,191,534
635,186,191,534
639,182,194,537
642,176,195,543
644,170,197,550
645,166,193,554
646,162,185,558
644,162,186,558
644,158,185,562
644,155,188,565
644,151,188,569
647,151,187,569
647,148,189,572
645,149,190,571
645,148,191,572
645,147,194,573
645,145,196,575
646,143,196,577
648,142,198,578
645,142,200,578
647,140,203,580
650,137,205,583
655,134,205,586
658,133,203,587
659,132,206,588
659,132,207,588
659,131,208,589
659,129,209,591
660,132,209,588
661,134,208,586
659,135,208,585
658,136,210,584
657,136,208,584
656,136,206,584
655,138,208,582
654,139,210,581
654,140,210,580
654,140,212,580
654,141,210,579
653,143,209,577
656,144,207,576
656,146,207,574
656,146,206,574
658,147,203,573
658,148,201,572
659,149,199,571
661,147,197,573
661,151,196,569
662,151,196,569
661,151,197,569
663,151,196,569
662,152,196,568
662,152,195,567
664,154,189,566
664,155,190,564
663,156,190,562
663,156,191,561
663,156,188,558
664,159,187,552
664,158,184,549
665,158,184,544
665,160,184,542
664,159,182,539
664,160,181,535
666,161,181,533
665,162,182,527
664,163,181,523
664,165,181,520
662,163,181,521
663,164,179,516
664,164,175,513
663,165,176,509
663,166,176,504
663,167,177,503
660,166,180,500
659,166,185,497
658,167,189,492
658,168,189,488
660,167,187,485
661,167,185,483
659,168,187,482
657,168,189,479
657,166,188,478
659,167,186,474
656,168,188,468
656,169,187,466
655,168,189,465
653,168,194,464
652,169,194,461
653,171,192,453
653,171,192,451
652,172,194,450
653,173,193,447
652,173,193,444
652,173,193,442
650,174,195,439
651,175,193,436
652,176,191,434
652,176,192,434
652,176,191,430
654,177,189,427
655,178,187,425
657,179,185,423
657,179,184,422
658,179,183,421
656,179,185,422
656,177,186,424
656,177,189,425
657,176,190,426
658,175,190,425
659,175,192,427
660,175,192,424
663,175,189,424
664,176,190,426
664,176,191,423
663,176,192,423
663,176,192,422
664,176,193,422
665,176,193,422
666,175,193,424
666,173,194,427
666,173,195,428
665,172,196,430
667,171,195,426
668,174,195,423
669,174,196,422
670,174,196,423
669,174,197,421
670,173,198,423
670,173,198,424
670,173,198,425
671,173,199,424
674,175,201,428
676,175,199,424
681,175,198,424
684,175,201,426
695,178,200,425
707,179,200,425
717,180,201,427
717,181,200,427
727,181,201,427
739,181,202,427
753,181,200,426
762,180,199,426
770,180,199,426
770,180,199,426
777,180,199,426
783,181,201,424
790,182,202,424
796,184,203,425
804,185,204,427
804,185,204,427
813,187,204,426
823,188,203,425
831,191,203,426
837,195,203,426
842,199,203,427
842,200,203,427
845,203,204,425
848,206,203,426
850,209,203,427
851,213,203,427
854,217,202,427
853,218,203,426
854,221,202,426
854,226,204,425
855,230,204,425
856,234,205,428
860,236,205,429
860,236,205,427
864,237,206,429
871,237,204,430
875,238,204,431
881,244,203,427
903,245,203,428
905,245,202,428
926,245,202,426
941,245,202,426
957,245,200,427
975,244,200,428
993,244,201,430
993,244,201,430
1006,244,201,431
1016,243,201,432
1023,243,201,432
1030,244,202,428
1026,246,202,429
1023,247,206,429
1020,250,207,426
1015,252,207,426
1013,254,207,427
1008,256,209,430
1002,258,209,430
1003,257,209,430
998,258,210,432
992,259,209,434
986,259,210,433
980,261,211,430
976,262,211,429
975,263,213,429
970,263,213,428
969,262,211,428
966,264,210,428
963,263,209,427
959,263,209,428
959,263,208,428
953,265,207,427
948,266,208,429
946,267,208,429
945,268,208,428
945,269,208,429
945,269,208,429
947,269,208,429
947,269,208,427
947,269,208,426
947,268,208,425
947,267,208,424
948,269,208,421
948,266,207,424
947,264,210,426
947,261,212,429
948,260,211,426
946,258,212,427
945,258,212,427
944,255,212,428
941,253,212,429
937,250,211,431
934,254,211,422
931,251,211,423
933,251,210,422
934,248,213,424
936,243,215,427
938,239,213,424
941,233,213,427
944,227,214,427
944,227,213,425
945,222,211,424
947,216,210,424
949,209,210,425
952,204,211,424
954,198,211,425
954,197,211,425
955,192,211,425
955,188,211,425
945,186,211,425
927,188,211,423
920,188,212,425
919,188,212,425
915,191,213,425
906,195,214,424
899,198,215,424
900,198,213,423
900,200,214,422
901,199,212,423
901,200,212,423
900,200,213,424
900,200,213,424
898,197,213,425
895,193,213,426
894,192,213,421
889,188,213,422
882,183,213,419
875,178,214,419
863,174,213,419
849,168,213,420
850,169,212,417
832,163,214,418
806,155,217,419
774,146,215,418
740,144,213,417
701,143,216,418
698,142,219,420
668,146,222,419
644,147,220,419
622,146,216,417
614,141,218,419
617,138,215,420
618,137,214,420
619,134,213,420
614,129,214,422
612,126,213,422
612,121,212,422
614,117,210,419
614,117,209,418
614,112,208,418
614,107,207,418
614,103,208,418
613,100,208,418
612,97,209,418
612,97,209,418
612,94,209,418
612,92,210,419
612,89,211,420
610,84,209,422
607,82,210,424
606,81,210,424
601,82,210,423
596,81,210,424
590,84,209,422
578,86,218,419
571,86,218,420
573,88,216,418
569,88,216,419
566,86,216,419
563,81,216,419
564,77,217,417
567,71,217,417
567,70,217,417
568,58,220,418
569,52,219,418
563,44,218,418
551,33,218,417
538,22,219,418
538,23,218,418
526,15,218,418
513,6,217,418
507,2,215,416
501,2,216,416
500,6,215,415
500,6,217,420
500,9,218,421
499,11,221,423
498,18,220,419
497,20,221,420
498,19,223,420
498,19,224,420
500,16,225,418
501,12,225,417
499,9,225,416
497,4,225,416
493,2,223,411
492,2,226,410
487,1,227,407
484,1,227,398
483,1,229,392
485,1,227,384
488,1,226,378
487,1,233,376
487,1,234,376
483,1,235,377
480,1,233,385
477,1,232,405
472,10,232,413
473,12,230,410
467,28,229,408
461,49,227,405
454,60,227,404
449,75,227,403
444,82,227,403
445,82,226,402
444,85,226,404
442,87,226,401
443,87,225,399
440,85,226,399
439,82,227,399
440,81,226,400
440,81,226,399
440,82,225,398
437,82,226,397
437,83,224,398
434,85,224,398
434,85,225,398
433,89,225,398
434,96,226,399
435,100,223,397
440,104,219,395
445,104,215,393
445,104,213,390
450,104,213,391
452,102,210,390
450,102,208,388
448,105,208,385
446,107,209,386
447,106,209,387
447,109,207,387
448,111,204,388
450,113,203,385
454,114,201,384
458,113,201,383
455,112,204,380
457,112,205,381
461,110,204,382
461,110,205,385
463,111,207,387
465,117,204,386
466,118,203,385
468,126,201,384
471,138,200,383
474,154,195,372
480,172,190,361
484,190,186,347
484,189,183,349
488,199,178,339
491,205,173,330
492,208,171,321
500,210,165,313
507,213,160,302
508,214,158,301
513,214,158,295
520,216,154,288
530,220,144,281
530,223,144,270
533,225,141,266
534,226,140,263
536,226,137,260
540,228,133,253
541,229,130,246
542,230,126,239
542,230,124,232
542,231,124,230
544,229,121,226
545,229,120,220
546,226,117,218
547,224,115,215
547,224,113,208
548,224,112,207
546,225,112,205
545,225,111,201
548,228,107,195
551,227,104,194
552,227,104,193
551,227,105,193
550,227,104,188
551,226,105,187
550,227,108,186
552,226,109,186
553,224,110,186
552,223,111,186
552,223,112,187
552,223,112,187
552,221,112,187
554,221,111,187
554,223,110,183
555,222,111,183
557,220,109,183
557,218,110,183
559,216,109,185
559,213,111,186
560,211,110,187
561,210,110,188
563,208,110,186
564,207,112,186
567,206,113,187
570,204,113,188
574,201,113,190
573,199,113,190
578,200,114,189
584,197,112,189
588,195,114,188
592,192,114,188
598,189,113,188
597,188,113,188
601,184,112,187
605,179,112,187
611,172,112,188
614,166,115,189
620,160,115,189
618,159,119,190
623,154,119,190
627,150,121,190
629,146,125,191
633,142,123,191
634,140,123,193
636,141,121,192
639,138,118,190
642,135,116,188
643,131,115,191
648,127,112,191
650,124,110,192
649,123,111,191
651,120,112,194
652,120,112,193
653,121,112,192
655,123,111,191
661,125,110,190
661,125,110,190
667,126,110,190
674,129,109,189
680,131,108,188
686,129,110,194
695,130,109,194
697,130,106,194
703,131,107,195
713,130,104,195
720,132,103,193
730,133,101,194
737,139,98,191
738,140,98,192
744,143,100,193
751,148,100,193
757,156,100,193
766,162,99,198
774,171,98,194
774,173,97,193
781,181,98,193
788,189,97,193
796,196,94,194
805,202,91,194
815,206,91,194
815,206,93,196
825,211,93,198
837,212,93,201
847,220,97,197
859,224,98,195
869,225,97,201
872,225,92,200
880,229,91,201
888,233,90,202
896,236,90,202
904,239,90,202
911,241,86,203
912,240,85,203
918,243,86,203
921,245,88,203
924,247,88,202
926,247,85,204
931,249,83,205
931,247,84,207
932,247,84,207
934,251,83,204
935,253,83,203
935,253,83,203
933,252,85,203
932,252,88,203
925,252,89,202
919,253,88,202
911,251,88,203
902,248,88,201
889,244,89,203
887,244,92,202
877,242,88,201
859,236,93,204
842,230,92,206
826,226,91,204
807,220,94,204
804,219,98,205
793,213,97,204
784,206,91,204
774,200,93,205
765,195,93,206
767,190,85,205
768,191,85,205
765,187,86,206
768,184,78,203
772,182,71,204
768,181,72,205
765,181,70,205
765,181,69,204
760,181,70,206
754,182,71,210
755,183,63,209
750,188,60,207
741,191,59,206
740,193,58,205
728,198,57,204
715,201,57,205
703,205,55,206
689,209,54,206
679,211,51,206
677,210,53,208
668,212,52,209
660,213,52,209
654,213,52,211
647,214,52,210
642,213,52,211
642,214,52,210
639,214,51,210
635,213,50,211
630,214,50,212
624,217,49,211
614,219,51,210
615,219,50,209
607,219,52,210
603,220,50,212
605,220,47,210
607,220,49,211
612,220,48,212
613,221,47,209
617,220,47,210
620,219,47,209
622,218,47,209
624,216,46,211
627,215,44,211
627,214,43,212
630,211,44,216
633,210,43,216
636,210,43,215
638,209,45,217
639,210,47,218
640,209,43,219
643,211,40,218
646,212,41,218
648,213,41,219
651,213,42,218
656,211,43,217
657,210,44,220
663,213,42,217
669,213,44,218
676,211,45,219
680,211,48,220
686,210,50,221
687,210,51,221
692,210,51,221
697,210,52,223
701,210,53,223
705,210,55,225
708,210,56,227
708,210,53,225
712,209,53,225
718,210,50,226
720,211,50,226
722,212,50,227
725,211,48,228
725,212,48,227
726,213,49,226
728,214,50,225
729,215,54,226
732,215,54,227
736,217,52,227
737,218,51,225
739,218,51,226
744,217,51,229
746,218,53,229
750,217,52,230
754,219,54,232
755,220,53,230
759,222,52,230
762,222,53,230
765,224,53,229
766,226,53,228
766,227,54,229
766,228,54,227
767,228,56,227
771,229,55,228
775,228,55,228
777,229,56,230
778,230,56,231
779,231,55,230
780,232,55,230
780,231,55,230
783,232,54,230
784,231,55,231
786,231,54,231
787,231,53,230
789,232,54,232
791,231,56,231
798,233,52,230
802,234,51,229
807,236,53,228
806,235,53,227
812,235,53,227
819,234,52,226
825,233,51,225
829,231,52,226
831,226,53,229
832,227,52,228
836,220,52,230
841,218,51,229
843,213,51,231
846,212,51,231
847,210,49,231
847,211,48,230
848,211,48,230
848,208,49,230
848,208,49,230
848,209,48,229
847,210,47,228
847,210,45,227
846,210,46,227
845,210,46,227
844,210,46,227
843,210,46,227
842,212,49,229
842,212,49,229
841,213,50,230
840,214,49,229
840,215,51,228
840,215,51,228
840,216,51,227
840,216,51,227
839,216,50,227
838,216,50,228
838,216,51,229
838,217,52,232
842,221,49,229
843,222,48,228
844,221,49,229
847,221,48,229
847,218,49,232
850,219,49,229
852,217,50,229
853,217,49,228
853,215,50,229
854,215,50,229
854,213,51,230
855,213,49,231
854,212,49,230
857,212,47,229
855,213,47,229
851,213,46,228
845,211,47,232
842,215,47,230
839,217,47,229
840,218,47,228
837,219,47,228
836,220,45,227
836,223,45,227
835,225,46,228
834,226,46,230
834,226,46,231
834,230,46,231
834,233,46,231
835,236,47,232
835,237,46,232
838,240,43,233
838,240,42,232
840,241,41,231
842,243,41,231
844,245,41,231
847,245,41,231
851,245,41,231
851,247,41,231
857,247,41,231
862,247,41,231
866,246,46,231
868,244,47,234
871,244,51,230
872,245,51,229
872,243,52,230
873,243,52,230
873,241,53,231
874,240,59,229
873,239,61,228
872,240,62,227
872,239,63,228
870,239,66,229
868,239,69,228
865,238,75,228
863,238,80,226
863,237,80,227
865,235,81,228
864,235,86,226
865,234,88,226
864,233,91,225
863,233,95,225
863,233,95,225
865,231,94,224
862,231,98,224
862,230,99,225
860,230,104,223
859,229,105,224
857,229,107,225
856,229,108,226
855,230,108,222
854,230,109,223
851,230,111,223
850,230,112,223
850,231,112,223
850,232,112,223
853,235,111,220
851,236,113,220
853,240,110,217
859,245,102,215
859,245,103,216
858,249,102,214
856,250,103,214
855,251,108,214
856,253,113,214
853,255,119,213
854,255,118,212
853,256,119,212
852,258,117,211
849,260,115,212
849,260,121,211
849,263,111,207
851,263,109,206
851,266,101,205
850,268,93,203
848,270,93,201
845,273,96,199
843,276,98,196
843,276,99,195
842,279,100,191
841,280,102,190
839,279,94,190
841,275,86,193
839,273,83,196
840,276,80,191
838,275,80,191
838,275,71,191
835,274,63,192
834,271,58,194
832,270,50,194
831,271,52,194
830,270,53,195
827,268,54,196
825,269,54,194
820,268,57,194
814,269,54,190
814,270,55,189
807,273,64,185
804,276,66,179
794,276,74,177
786,275,79,174
777,277,90,170
775,277,88,170
768,278,86,169
758,277,87,172
750,277,86,172
740,278,86,171
725,280,92,170
723,280,94,169
717,282,94,167
716,283,90,165
715,285,87,164
710,278,85,171
710,276,76,169
710,274,75,170
713,268,69,171
719,258,69,174
716,252,72,174
718,247,70,172
725,242,72,171
724,240,72,171
726,240,82,166
731,240,92,160
738,237,96,160
741,237,102,162
740,243,112,161
