240,98,80,73
241,101,79,76
236,104,84,76
234,108,83,75
233,111,84,76
234,114,85,74
235,115,85,74
238,117,83,74
240,117,82,75
239,119,85,75
238,120,85,74
237,120,86,74
235,120,86,74
234,121,82,73
233,121,83,73
235,120,83,73
235,118,83,73
236,116,84,74
237,113,84,75
238,111,85,75
239,110,84,75
239,109,83,75
239,108,83,75
240,107,83,75
241,108,83,74
242,108,82,74
244,108,81,74
244,109,81,74
245,109,82,75
246,108,81,75
248,109,81,75
250,110,81,75
250,110,81,74
250,108,82,75
248,109,81,75
245,109,82,76
243,111,82,76
242,112,82,76
242,113,83,77
242,113,84,78
241,113,82,76
241,114,83,77
242,115,80,73
241,115,81,74
240,114,81,74
238,114,83,73
237,113,83,74
236,112,85,75
237,112,82,76
237,112,82,76
238,112,81,75
239,112,80,76
236,112,82,76
236,112,82,77
234,113,82,75
235,114,83,76
236,114,83,76
237,114,82,75
238,113,83,75
240,113,83,75
241,112,81,73
242,112,81,74
242,111,82,75
240,111,82,75
241,111,82,76
241,109,82,76
242,109,82,76
244,109,82,76
244,108,82,76
244,107,83,77
243,109,83,74
244,110,82,74
244,110,83,75
244,110,84,76
243,110,85,77
241,110,82,76
238,112,82,74
237,114,81,73
236,115,82,75
235,115,83,76
235,114,82,76
234,113,83,77
235,113,83,75
235,113,82,74
235,113,83,75
232,111,84,76
231,111,86,74
229,111,88,74
229,110,89,74
227,110,91,76
227,110,90,77
225,109,92,78
229,98,87,90
231,92,86,97
239,86,78,102
241,80,77,110
246,70,72,118
246,67,71,121
247,65,70,123
245,66,70,123
245,66,70,125
241,65,73,129
228,67,84,126
224,68,89,127
220,69,93,125
221,70,95,125
224,75,92,121
227,77,90,119
231,80,86,118
232,83,114,117
232,86,115,113
232,90,116,110
240,91,110,111
237,93,111,110
238,94,111,108
239,97,110,107
240,100,94,105
241,102,93,103
242,104,91,101
242,107,92,99
237,110,94,95
237,110,94,95
237,111,94,94
238,109,92,95
237,108,93,96
237,109,93,96
237,109,93,97
237,109,94,98
238,107,92,101
237,104,91,103
237,102,90,106
241,99,87,108
242,97,87,111
245,95,86,111
249,87,82,120
248,81,83,126
247,79,85,126
247,79,85,127
249,78,84,127
251,78,84,130
252,79,83,129
253,82,82,127
254,86,82,124
256,90,80,121
257,93,80,119
258,95,79,117
254,99,81,113
250,99,85,116
248,100,87,115
241,104,91,111
241,109,91,106
240,111,90,104
239,110,89,103
237,111,86,103
236,113,85,101
233,107,87,107
236,107,85,106
236,102,86,115
236,103,87,112
237,101,87,115
236,95,89,120
238,93,87,122
240,89,87,127
242,87,86,128
243,87,88,127
240,85,89,130
243,83,88,132
247,84,84,133
249,81,83,136
248,81,85,137
250,81,83,137
252,79,82,140
253,79,82,141
253,79,83,141
250,78,88,144
249,79,91,141
250,79,89,141
251,80,88,141
250,80,90,142
249,79,92,143
250,79,91,142
251,79,92,143
250,81,93,139
250,82,93,138
249,82,92,138
248,84,91,137
248,86,93,136
247,87,92,135
247,87,93,135
247,87,92,134
246,86,96,134
245,89,100,131
244,89,102,131
244,88,101,131
244,89,101,130
245,90,101,129
244,90,100,129
245,90,97,130
246,90,95,129
247,90,96,129
248,92,97,129
249,92,98,129
249,93,97,128
248,93,96,132
248,94,95,129
246,98,94,126
247,99,93,127
248,100,93,126
252,105,94,122
249,104,92,123
250,105,93,122
249,104,94,122
248,102,93,127
250,113,91,115
249,110,93,118
250,112,92,115
251,113,88,112
251,114,88,112
250,113,89,111
251,114,87,112
251,115,88,110
252,116,87,109
251,117,87,109
250,118,88,108
250,117,87,109
250,117,87,109
250,118,87,109
249,119,87,108
249,120,88,108
247,120,88,107
246,120,88,107
245,120,88,107
245,119,88,108
246,119,88,106
245,119,83,107
244,119,84,108
245,120,82,108
245,121,82,107
245,122,83,108
243,124,84,106
244,125,81,104
244,126,81,104
244,126,82,105
244,127,82,104
244,129,82,102
244,130,79,102
245,131,75,100
245,131,73,99
246,133,69,98
246,133,66,97
244,133,68,96
244,134,67,95
245,134,66,94
247,133,65,97
248,132,64,95
248,131,64,98
249,130,64,97
249,129,62,98
249,129,63,98
249,128,63,98
249,128,63,99
251,129,62,97
252,129,61,98
252,129,60,98
254,128,59,99
255,129,59,99
257,130,59,97
257,131,59,95
257,134,58,92
257,136,57,91
256,137,58,91
256,137,58,91
257,137,57,90
248,138,64,89
246,139,66,88
246,139,66,87
243,140,68,89
242,139,67,89
242,140,68,88
242,141,70,88
243,142,68,87
244,143,67,86
243,143,67,86
242,144,67,85
242,144,67,86
243,144,67,85
244,144,68,84
244,144,69,84
246,145,68,83
247,145,68,84
247,145,68,83
247,144,67,85
247,143,68,84
246,142,69,85
246,142,68,84
245,141,69,85
245,142,69,84
245,143,70,83
245,142,69,85
245,142,69,84
245,141,69,85
245,141,70,84
245,141,69,85
243,141,71,85
242,141,73,85
242,140,73,85
241,140,73,84
244,139,71,84
244,139,71,83
245,139,72,84
246,139,72,83
245,138,73,84
245,138,73,84
243,138,74,84
242,138,74,84
242,139,73,83
242,138,74,84
243,138,73,84
243,138,73,84
243,137,74,85
243,137,73,84
243,137,74,84
243,137,73,84
242,137,75,84
242,137,75,82
241,136,75,83
240,134,74,83
239,132,75,83
239,130,76,84
239,128,75,85
242,127,73,85
242,127,72,84
241,128,74,82
240,128,74,82
238,127,75,82
237,126,74,83
240,125,71,83
240,123,72,84
240,121,73,85
243,121,73,83
245,120,74,83
247,118,74,83
251,119,75,84
254,121,74,83
257,121,73,83
257,119,72,83
261,119,73,84
267,120,72,84
272,123,72,85
274,125,72,83
274,126,73,84
270,130,75,84
265,132,75,83
258,133,75,83
250,136,75,83
248,138,75,83
252,137,72,81
255,132,72,82
256,130,73,83
256,129,74,84
254,129,74,83
254,128,74,84
255,128,74,84
254,128,74,84
252,129,73,83
251,126,73,84
251,122,74,83
251,120,75,84
250,120,75,85
248,119,76,84
246,118,75,85
245,120,74,83
244,121,74,84
242,122,76,83
240,124,76,83
237,125,77,85
235,127,78,84
234,128,78,84
234,127,76,85
235,127,76,84
237,128,74,83
239,128,75,84
240,125,75,84
240,124,76,85
239,122,76,85
239,122,77,85
241,122,77,83
242,120,77,83
244,120,77,84
244,112,77,91
244,95,78,110
246,95,73,110
250,95,70,109
255,89,66,118
261,87,61,121
268,87,54,120
273,87,48,120
267,84,61,124
276,84,56,125
275,85,59,123
277,86,62,122
276,89,66,120
277,91,67,120
274,94,73,118
273,96,73,117
272,102,75,110
273,107,77,106
271,111,83,103
270,116,87,99
271,120,81,95
270,119,84,96
270,120,83,94
270,120,80,94
272,118,78,95
272,117,76,94
269,118,75,94
270,118,72,91
268,119,72,92
266,118,71,93
263,117,71,94
261,116,71,95
260,116,71,95
258,115,71,95
257,116,70,93
257,117,67,93
256,117,66,93
255,117,66,95
254,117,67,95
253,116,68,96
253,116,67,96
254,116,66,97
255,117,66,94
255,116,66,95
255,116,66,95
255,115,66,96
256,114,65,97
256,114,65,98
257,114,64,97
257,116,64,95
258,116,64,96
258,114,65,97
259,114,63,96
258,113,64,97
258,113,65,96
258,114,65,95
258,115,65,95
258,114,64,95
256,113,70,97
256,114,68,96
257,114,66,97
257,113,67,98
258,113,65,96
257,112,71,96
257,113,71,96
256,113,71,98
256,113,74,97
256,113,75,96
256,113,74,98
257,113,71,97
257,113,72,97
257,114,71,97
256,114,73,97
256,115,73,97
256,115,65,97
256,115,66,98
255,116,68,95
254,118,70,94
253,118,70,94
252,118,71,95
251,118,73,96
251,119,83,94
250,118,84,95
251,119,82,95
250,119,83,95
251,118,81,95
250,119,81,94
249,119,83,95
249,118,83,95
249,117,83,96
249,117,83,96
249,116,83,96
248,116,83,96
249,116,83,96
249,116,83,96
249,116,83,96
247,116,83,96
247,116,83,96
248,116,82,96
248,115,82,97
249,116,82,98
249,115,82,96
249,115,81,97
249,116,80,95
249,117,79,96
248,117,80,95
249,118,79,94
250,118,78,95
249,119,78,94
250,119,78,94
248,119,77,94
249,119,77,94
249,119,77,95
249,119,78,94
249,119,79,95
248,119,78,95
248,119,77,95
248,119,77,95
249,120,77,94
250,119,78,95
250,119,77,94
249,118,77,94
249,119,78,94
248,119,79,95
248,120,79,95
248,119,79,95
249,120,79,95
249,120,79,95
250,119,77,95
250,118,78,96
250,118,79,96
250,118,79,96
250,118,78,95
251,118,76,95
251,118,75,94
251,119,74,93
252,120,73,92
253,121,73,92
253,121,72,92
254,122,71,91
253,119,69,95
254,120,69,95
254,119,69,96
254,118,67,97
254,119,68,98
253,118,68,95
253,118,67,94
253,119,67,94
253,120,66,93
252,119,67,95
254,119,67,95
255,119,67,95
254,120,66,95
255,119,66,95
255,120,66,95
254,120,65,95
254,121,65,95
253,121,64,96
253,120,65,97
253,120,66,96
253,120,67,97
253,120,67,97
253,120,61,96
253,120,62,97
252,119,59,96
252,119,59,96
254,120,55,94
255,121,55,94
255,121,56,95
254,120,55,95
255,121,55,95
253,122,55,93
252,121,55,93
252,122,57,95
253,122,57,95
253,121,57,95
254,121,56,96
254,120,57,97
254,119,57,96
255,119,57,98
255,119,57,97
255,119,58,96
256,120,58,97
255,120,59,96
256,120,52,96
255,120,53,96
255,120,54,97
256,120,54,95
257,121,53,94
257,121,54,95
257,121,54,95
257,122,53,96
256,122,54,97
256,122,53,95
257,122,51,96
257,122,51,95
257,122,51,95
258,121,50,96
258,119,51,97
258,114,52,98
257,111,53,102
258,103,54,108
259,105,56,107
259,107,53,105
259,91,55,122
259,77,53,135
258,77,53,135
258,75,52,137
258,74,50,138
259,73,48,138
260,76,47,135
261,75,47,137
262,75,47,138
262,76,47,137
262,80,49,133
263,82,50,131
263,84,50,129
265,85,50,129
264,89,52,126
264,91,52,124
264,94,51,121
264,96,50,120
263,99,50,117
262,97,51,120
262,99,53,117
263,100,51,117
262,100,52,117
263,102,43,114
263,106,43,111
264,108,42,109
264,107,40,109
263,107,41,109
263,108,41,108
264,109,40,107
264,110,40,106
264,110,39,106
265,111,39,105
264,111,38,104
265,112,38,104
266,112,38,104
266,112,39,105
266,112,38,104
267,112,38,104
267,111,39,104
267,112,38,103
267,112,38,103
267,112,38,102
267,113,40,102
269,114,40,102
269,115,41,101
269,116,41,101
269,116,42,101
267,117,44,99
266,117,45,100
266,116,45,100
266,117,46,97
266,117,47,98
266,117,48,96
266,117,48,96
268,119,47,94
268,120,48,95
267,119,49,96
266,120,49,94
264,119,49,95
263,119,50,93
262,118,50,94
262,118,50,94
262,117,50,95
262,116,51,96
261,116,53,94
262,115,53,94
262,115,54,95
262,115,54,94
262,114,54,95
262,114,55,96
262,114,55,96
263,115,54,93
264,116,54,93
266,117,52,94
266,119,51,94
266,119,52,93
268,119,49,94
266,120,52,94
265,119,54,94
266,118,53,96
268,117,52,95
267,115,53,96
266,119,51,93
264,118,52,94
264,120,53,88
263,120,55,88
262,120,56,89
266,116,52,92
264,112,54,97
260,107,59,103
258,104,60,106
260,103,61,109
262,106,58,105
270,107,50,106
271,107,49,105
269,107,50,105
268,107,51,104
267,106,52,105
266,105,52,105
265,105,53,105
267,104,56,109
268,102,56,108
268,100,57,111
273,99,52,111
268,108,55,101
257,113,66,95
254,114,68,94
254,115,69,92
254,115,69,93
252,114,71,92
253,113,67,94
275,112,43,93
280,112,38,94
279,112,36,96
275,113,38,96
273,115,39,94
272,116,39,93
270,116,40,93
268,116,40,93
249,115,61,93
250,115,60,94
250,115,61,92
251,114,58,91
250,116,60,88
251,119,57,85
253,122,57,84
251,122,56,82
252,123,55,81
252,123,55,81
252,122,54,84
250,120,54,86
251,119,46,87
252,113,43,94
247,111,46,95
249,109,46,97
247,109,46,98
243,110,48,97
235,110,56,97
236,110,55,97
237,111,54,98
235,110,56,98
235,111,56,98
233,110,57,98
232,112,57,95
228,114,64,92
227,115,68,93
226,115,71,93
225,115,75,94
225,115,77,95
225,116,77,93
225,117,77,89
227,118,78,91
230,118,78,90
228,116,86,91
229,116,84,91
230,113,86,93
231,112,66,93
231,111,67,95
232,108,67,97
232,108,69,97
229,108,71,96
228,109,71,95
227,110,70,94
225,110,65,94
223,110,66,94
215,110,73,93
213,112,71,91
211,112,68,92
213,115,64,87
212,116,64,89
210,117,64,87
207,120,65,84
206,121,65,83
204,121,64,84
202,122,63,83
194,123,70,81
193,123,71,81
194,122,70,82
188,122,71,83
186,122,71,83
184,122,71,82
183,122,71,80
190,121,68,81
186,120,69,83
183,119,70,81
182,118,71,80
181,118,68,84
184,118,67,81
186,118,66,80
177,117,71,81
176,115,71,82
176,116,71,83
176,116,70,83
176,118,73,82
176,118,70,82
176,118,67,82
175,119,67,81
174,119,66,81
174,120,66,81
174,121,65,79
175,122,65,79
177,122,63,78
176,122,67,79
175,122,67,79
177,122,64,79
177,122,65,80
176,123,66,79
175,124,66,80
174,124,67,78
175,125,65,77
175,125,66,76
175,125,64,77
174,123,63,77
173,124,64,75
175,117,63,74
177,112,62,73
176,111,61,72
176,111,60,71
179,112,59,70
182,112,59,70
188,112,62,71
192,111,62,71
193,110,61,71
191,109,61,72
185,110,61,72
179,112,60,71
175,115,61,74
173,117,61,74
176,121,59,74
179,123,58,73
183,124,59,72
187,123,59,72
192,124,59,71
195,123,59,71
197,121,59,71
198,118,59,71
197,113,56,70
195,110,55,72
194,109,56,73
193,109,57,74
192,109,55,76
191,109,56,77
192,114,55,73
195,113,50,72
194,117,50,66
194,118,51,67
194,117,50,66
193,120,48,66
193,120,48,66
191,119,48,66
192,119,47,65
193,120,46,64
194,119,45,63
194,101,47,79
194,101,47,79
200,103,42,78
201,104,42,78
202,104,42,79
203,102,41,82
203,101,43,84
202,101,44,85
202,102,43,85
203,103,42,82
206,103,39,81
208,104,39,82
209,104,37,81
211,109,37,75
212,109,37,75
213,109,38,76
213,109,38,75
214,110,38,75
214,108,38,75
211,107,46,81
212,107,45,83
214,108,44,84
214,108,46,82
214,111,51,80
214,107,51,84
216,111,52,81
215,110,60,82
214,113,64,81
219,112,62,83
217,118,65,78
217,121,69,74
217,124,70,70
218,125,69,69
216,124,68,71
210,125,72,71
206,124,75,71
201,125,77,70
198,126,82,68
202,127,81,66
200,126,80,66
198,125,80,65
204,125,76,65
207,120,68,70
204,119,70,71
202,117,72,73
204,114,70,75
209,112,67,75
214,112,65,76
218,108,67,79
223,105,65,83
224,104,64,84
224,105,64,84
226,104,65,85
225,104,67,86
225,103,68,87
225,104,67,86
224,105,70,85
222,105,70,85
223,106,68,84
227,107,66,84
227,108,63,83
226,109,63,82
226,109,63,82
225,110,62,81
224,111,64,79
222,112,63,78
220,115,62,76
218,116,66,77
217,117,67,77
216,117,67,75
215,118,69,75
214,123,70,71
214,128,74,69
216,129,75,67
215,130,75,67
214,130,75,67
216,130,77,66
216,131,77,66
218,131,75,65
210,134,88,62
215,129,85,67
219,130,82,66
225,127,79,68
229,123,79,70
229,120,79,70
229,119,78,74
230,118,74,76
235,117,68,77
236,115,67,78
236,114,65,81
237,114,59,80
237,113,55,81
238,113,52,80
237,113,53,81
239,112,56,83
240,103,57,92
243,110,58,87
244,109,59,85
245,111,52,82
245,111,51,83
244,110,52,84
244,109,52,84
244,109,52,84
244,109,52,84
244,110,52,84
245,109,52,84
245,108,52,86
241,107,61,88
240,106,62,89
242,101,63,93
243,100,64,94
241,99,67,94
240,98,68,95
238,96,69,95
236,95,70,96
240,96,69,95
238,98,70,95
237,99,70,95
237,100,70,95
234,99,72,94
233,100,72,92
230,98,81,93
228,96,83,95
229,95,87,96
229,97,88,92
228,97,93,90
232,96,97,93
235,95,91,95
246,94,81,95
265,93,60,97
278,91,58,98
282,92,55,97
287,90,50,98
289,89,51,99
290,89,50,100
293,89,47,100
293,86,54,102
292,86,59,102
292,87,63,102
292,89,62,102
291,89,73,103
290,91,80,101
288,93,82,100
286,94,84,102
283,95,89,99
282,97,91,102
281,98,95,103
279,101,98,101
277,103,103,100
277,103,104,100
274,104,102,101
277,104,98,99
279,105,93,100
282,102,91,104
278,101,89,108
272,101,87,107
265,100,88,108
260,100,87,109
253,101,85,108
248,101,85,109
244,101,86,111
241,102,96,111
233,103,104,111
226,106,114,109
222,108,116,109
217,109,117,108
213,115,119,104
211,117,121,106
208,118,122,102
206,119,127,98
201,119,125,98
201,118,122,96
199,114,121,97
201,110,114,98
205,107,111,103
209,106,103,104
208,98,102,110
210,96,98,113
211,92,94,115
210,89,96,118
210,85,92,121
207,83,90,122
205,82,91,121
204,79,92,124
204,79,96,124
205,79,97,125
204,79,99,126
203,79,103,124
204,79,106,124
205,85,105,119
208,88,107,115
214,89,107,113
217,91,107,111
216,92,106,110
218,93,109,109
219,93,109,108
219,93,108,106
224,93,107,106
211,92,119,107
223,91,106,106
220,90,105,106
218,89,104,109
214,86,104,111
218,85,95,113
203,82,106,113
201,79,106,118
197,77,109,120
195,75,109,122
202,75,105,124
202,74,101,123
209,75,121,125
213,77,118,124
219,80,114,122
226,80,110,122
228,80,107,122
229,82,111,120
232,83,91,120
247,83,79,120
253,89,74,113
255,92,93,111
256,93,94,108
259,92,91,107
260,91,89,108
259,92,95,106
253,99,101,100
249,104,101,95
256,105,100,95
263,107,91,88
267,109,90,84
269,110,90,86
267,111,93,87
265,107,101,92
281,106,92,92
281,105,96,92
284,104,97,94
287,103,96,102
290,102,96,90
296,98,90,84
294,96,90,84
295,96,91,85
298,97,91,79
296,98,100,76
299,101,96,72
297,107,102,70
296,107,106,67
296,109,106,69
299,108,105,74
303,109,104,71
305,112,106,83
304,114,104,80
302,112,103,83
300,108,101,83
300,105,99,88
302,105,96,85
304,104,95,84
306,104,96,85
307,103,98,86
309,102,102,87
309,103,106,86
309,106,110,83
308,109,112,83
309,111,110,83
311,113,110,82
314,107,110,88
316,103,107,94
309,103,111,92
306,95,113,101
305,93,116,103
304,86,112,112
302,83,112,115
299,81,112,117
296,81,111,119
305,80,102,117
305,80,103,118
307,75,100,124
305,76,96,121
302,72,99,125
302,72,105,124
310,72,101,125
310,70,105,126
309,70,113,124
312,69,115,125
318,70,118,125
326,71,111,123
330,73,108,123
332,75,107,123
333,76,106,122
329,75,111,122
338,74,104,122
322,73,124,123
322,72,124,124
321,69,125,124
331,68,113,132
339,66,104,130
344,67,95,127
337,66,100,126
336,65,104,127
334,64,106,127
329,63,110,125
327,62,114,124
324,61,117,121
321,61,120,118
316,60,121,125
315,61,123,130
328,61,116,130
298,63,148,129
300,65,147,127
302,67,149,124
331,65,119,123
339,65,109,122
325,62,126,127
323,63,128,125
321,63,131,123
334,62,117,126
342,62,110,127
341,61,111,127
340,62,109,127
340,62,108,127
336,63,111,126
331,65,117,125
318,67,128,123
325,67,123,122
334,69,114,121
339,70,107,121
345,72,98,118
348,72,95,117
351,73,93,117
355,73,88,116
357,73,83,115
359,72,76,115
360,72,73,115
361,69,70,118
362,68,67,119
365,67,63,119
365,65,62,121
365,64,62,122
367,64,60,123
372,65,52,123
373,66,50,121
374,71,46,116
372,77,49,110
372,81,51,106
374,87,54,102
376,96,54,94
378,107,54,81
381,113,54,73
384,113,57,74
389,111,54,74
389,109,56,76
388,106,59,77
389,104,61,80
388,99,63,82
389,94,61,85
389,88,59,91
388,80,59,100
388,72,60,105
385,67,76,114
384,62,78,119
380,57,83,123
375,53,88,127
369,52,92,128
362,49,82,120
339,44,97,119
337,44,102,119
336,45,103,121
334,46,103,120
333,46,103,116
334,48,99,111
335,51,94,113
345,54,78,114
348,57,75,116
351,62,74,112
353,65,73,103
352,69,78,105
349,70,84,103
349,71,87,104
352,71,97,106
350,72,88,116
354,73,84,118
357,78,82,108
352,79,83,107
349,83,83,103
320,72,101,111
313,72,99,110
308,72,96,111
304,71,96,111
302,70,96,111
301,69,92,112
301,66,94,114
301,65,92,116
302,62,103,118
299,60,107,124
298,57,100,123
297,56,97,121
294,56,91,122
292,56,90,123
292,56,89,122
287,58,97,119
285,60,85,117
275,62,95,114
272,63,98,114
268,64,100,114
265,65,97,112
261,66,101,111
257,69,103,108
254,69,118,109
251,69,118,108
250,68,106,109
248,68,102,110
248,67,92,110
247,63,93,113
247,61,90,115
244,58,93,118
244,56,94,123
241,57,95,123
238,59,98,123
237,55,98,128
235,58,103,123
234,59,104,124
226,61,100,125
221,64,103,121
216,68,110,119
212,72,112,118
205,74,113,118
203,79,114,112
208,80,110,112
203,83,107,99
211,82,94,104
209,81,88,111
195,81,101,111
192,80,104,111
193,76,100,114
193,73,99,117
191,72,101,118
191,72,99,120
189,72,100,121
191,73,103,116
197,74,104,121
205,75,103,120
212,75,95,126
221,76,90,124
216,79,94,122
221,79,101,124
210,80,110,122
203,85,115,116
202,85,117,117
202,84,116,116
192,85,107,116
187,88,109,110
182,89,110,110
178,88,107,111
173,88,107,111
170,88,108,111
167,86,106,114
167,85,107,114
169,81,107,115
171,81,103,121
177,78,98,118
179,76,95,124
179,74,94,120
182,74,95,121
187,75,91,119
188,70,90,121
179,70,104,120
178,70,105,122
177,75,102,117
177,79,98,114
177,82,100,113
174,85,102,110
172,87,101,107
171,89,98,106
169,90,97,106
169,90,95,101
176,87,90,112
181,89,86,107
186,86,80,111
188,86,79,110
187,83,81,113
189,81,83,113
191,81,84,114
193,81,84,113
198,81,84,112
196,82,73,111
190,84,77,108
189,82,75,110
186,84,77,107
183,86,82,105
182,86,79,105
179,88,83,102
176,88,86,99
178,87,85,100
179,87,83,101
179,89,80,100
179,90,79,98
180,90,77,96
182,91,73,99
182,89,70,101
181,88,72,101
181,89,71,101
181,90,70,101
180,92,71,101
180,92,73,101
181,92,74,102
181,92,84,101
183,94,84,101
183,95,90,101
183,97,91,100
182,99,71,96
182,105,72,89
182,107,79,85
182,106,80,86
182,104,79,86
182,103,79,85
180,102,80,85
178,101,78,85
178,100,77,83
173,99,73,82
172,96,69,85
171,96,71,86
172,95,72,87
175,93,71,88
175,91,72,91
177,90,70,92
178,89,69,95
178,90,69,95
179,91,67,95
182,93,65,94
185,95,64,95
188,96,64,95
191,99,62,91
192,100,60,90
187,101,64,91
184,102,66,88
185,104,66,86
185,106,62,86
182,105,64,85
182,103,64,85
183,103,61,86
180,103,61,88
180,103,60,87
180,102,62,86
181,102,61,88
180,99,59,89
179,100,64,89
179,100,62,88
179,100,62,87
180,100,60,88
182,99,59,89
184,101,57,89
185,102,57,89
185,102,56,89
186,102,56,87
184,102,53,86
175,98,63,90
173,98,64,90
175,99,61,87
174,100,64,85
174,100,64,87
173,100,65,86
175,101,64,85
176,101,63,84
156,101,79,83
155,100,81,83
173,110,64,73
173,110,66,76
175,110,66,74
173,109,69,74
174,108,68,75
174,106,58,54
173,106,57,56
163,96,59,62
163,98,59,64
164,99,59,64
164,98,60,65
165,98,61,66
165,97,61,66
164,96,60,65
163,95,61,66
162,96,60,64
162,96,60,64
162,96,60,64
162,96,60,64
151,93,66,65
153,94,66,65
152,92,65,64
152,90,66,65
152,89,64,66
150,90,64,64
150,89,65,66
151,87,66,68
174,116,51,37
178,116,51,37
179,115,50,37
178,113,50,37
178,112,50,37
179,111,50,37
180,111,50,37
179,110,51,38
177,110,50,38
174,110,49,37
174,110,49,37
174,110,49,37
174,110,49,37
174,110,49,37
174,110,49,37
174,110,49,37
174,110,49,37
174,110,49,37
174,110,49,37
174,110,49,37
174,110,49,37
174,110,49,36
177,109,49,37
177,109,49,37
177,109,49,37
177,109,49,37
177,109,49,37
177,109,49,37
177,109,49,37
177,109,49,37
177,109,49,37
177,109,49,37
177,109,49,37
177,109,49,37
177,109,49,37
177,109,49,37
177,109,49,37
181,86,46,59
179,86,46,59
178,86,46,59
179,88,45,58
181,90,46,57
182,90,46,57
183,89,46,57
182,89,46,57
180,91,45,56
179,91,44,55
180,91,45,55
181,90,45,54
183,88,46,55
184,87,46,55
185,86,49,57
185,85,49,57
187,83,50,58
188,83,51,59
189,85,51,59
192,86,50,58
191,87,49,57
192,87,49,57
193,87,48,56
193,88,47,58
194,89,45,58
194,90,45,58
196,90,44,57
196,92,43,57
198,96,42,57
200,98,41,55
200,98,42,55
201,99,42,55
204,100,42,55
203,101,43,56
203,101,43,58
203,101,43,58
203,101,43,58
202,101,43,58
201,100,43,58
200,100,43,58
199,100,43,60
198,100,43,60
197,100,43,58
177,109,49,37
177,109,49,37
177,109,49,37
177,109,49,37
177,109,49,37
177,109,49,37
177,109,49,37
177,109,49,37
177,109,49,37
177,109,49,37
177,109,49,37
177,109,49,37
177,109,49,37
177,109,49,37
177,109,49,37
175,108,49,37
175,109,49,37
175,109,49,37
175,109,49,37
175,109,49,37
175,109,49,37
175,109,49,37
175,109,49,37
175,109,49,37
175,109,49,37
175,109,49,37
175,109,49,37
187,112,43,62
187,113,43,62
187,114,41,63
187,114,41,63
186,114,41,63
183,115,40,62
178,115,40,62
170,114,40,61
160,115,40,62
154,116,39,61
149,115,39,61
146,116,38,60
143,116,38,61
142,116,38,61
148,119,40,61
149,120,39,60
151,121,39,60
152,121,38,59
153,121,38,60
154,120,38,61
155,120,38,61
156,121,37,60
157,122,41,57
156,122,41,57
154,123,41,57
153,123,41,57
153,124,41,57
153,125,41,57
153,125,41,57
154,125,41,57
155,125,40,55
155,125,40,55
154,126,40,55
154,125,40,55
153,125,40,55
151,124,40,55
145,121,40,55
145,121,40,55
145,121,40,55
145,121,40,55
144,121,40,55
143,121,40,55
144,120,40,55
144,119,40,55
143,119,40,55
142,118,40,55
142,118,40,55
141,118,40,55
142,119,40,55
142,119,40,55
142,119,40,55
139,119,40,55
137,119,40,55
135,119,40,55
133,119,40,55
131,118,40,55
129,118,40,55
128,117,40,55
125,115,39,53
119,112,40,54
113,111,40,54
110,109,40,54
110,108,40,54
112,108,39,53
113,108,39,53
113,109,38,52
113,110,37,51
113,111,36,50
113,112,35,49
112,112,37,52
110,111,37,52
110,108,36,51
110,104,36,51
108,103,36,51
104,103,36,51
100,104,36,51
98,104,35,50
99,105,39,55
99,105,38,54
103,103,37,53
107,98,37,53
108,96,37,54
109,96,36,53
110,97,35,52
113,96,34,51
116,96,34,51
117,97,33,50
116,96,33,53
116,98,32,53
112,100,32,54
107,102,32,55
103,106,33,56
102,107,33,56
101,107,33,56
100,107,34,57
99,107,33,56
99,107,34,57
99,108,33,56
97,108,32,55
97,109,31,54
98,110,30,53
98,109,30,54
98,108,31,56
99,107,35,58
100,107,36,60
101,107,37,62
100,106,38,64
100,106,38,64
104,108,39,65
106,108,38,64
106,107,37,63
108,107,37,59
109,107,37,59
110,107,37,59
110,106,37,59
111,108,36,58
111,109,35,57
111,109,34,56
110,108,34,56
109,106,34,56
105,105,34,56
102,103,35,59
98,100,35,59
91,98,35,59
85,98,36,61
79,99,35,61
76,98,36,63
77,96,37,64
81,96,38,66
86,96,39,68
94,100,36,62
96,101,36,62
100,103,36,63
105,106,36,63
108,109,36,63
112,113,35,62
116,116,34,61
118,118,34,61
114,119,39,61
112,118,38,60
111,117,37,59
111,116,38,59
111,114,38,59
110,112,37,58
107,110,37,58
103,109,37,58
101,108,36,57
99,108,43,59
96,106,42,58
95,104,42,58
95,104,43,59
95,104,44,60
93,106,42,60
93,109,42,60
97,111,41,59
102,112,40,58
105,115,40,58
107,118,39,56
109,121,38,55
110,123,37,54
108,123,38,56
106,122,37,55
105,124,36,54
105,126,35,53
105,125,35,54
105,125,35,54
106,123,35,54
107,123,35,55
110,122,35,55
112,122,35,55
112,123,34,54
112,124,33,53
109,126,35,56
110,128,35,55
112,126,35,57
110,125,33,56
109,123,34,58
111,120,34,57
110,117,34,57
108,116,34,56
108,117,34,56
107,116,33,55
185,111,43,62
185,111,43,62
185,111,43,62
146,118,32,58
145,118,32,60
143,117,35,64
148,116,36,64
149,120,33,61
133,120,52,63
133,111,59,69
143,112,55,72
140,112,59,75
140,113,57,74
136,114,60,76
132,122,62,71
129,129,63,82
125,134,67,81
123,138,70,81
118,142,77,80
111,148,80,80
104,149,79,80
98,154,88,76
91,155,92,74
94,148,84,84
92,148,84,83
98,148,79,83
95,146,82,80
97,145,84,88
99,144,79,88
105,139,74,96
105,138,76,95
105,139,77,89
105,139,78,90
104,138,79,91
110,138,74,93
111,138,74,94
113,141,80,94
116,141,84,98
118,142,89,94
121,142,91,94
132,142,84,95
132,141,85,94
134,141,86,94
135,140,89,94
148,138,86,93
147,138,84,95
155,138,78,94
148,135,83,95
156,133,74,98
153,129,73,98
152,126,72,100
151,123,75,99
149,122,75,99
148,123,75,96
153,122,75,95
155,119,76,97
158,118,75,100
159,116,77,100
152,115,88,101
150,116,92,98
158,113,96,99
159,110,98,101
160,116,99,94
162,115,108,95
161,114,111,95
169,113,116,96
173,112,112,96
188,111,100,98
200,111,93,99
201,110,90,102
204,106,92,102
202,102,91,103
199,99,91,104
200,98,93,106
197,98,94,106
190,99,97,109
189,100,98,107
186,101,103,108
182,101,109,107
183,103,115,104
188,103,117,105
192,102,116,105
201,100,116,102
207,96,107,102
211,94,107,104
212,95,108,105
218,97,102,106
214,99,101,106
213,101,102,108
221,102,95,112
216,99,92,114
211,101,96,110
204,104,95,111
197,106,94,113
197,107,85,112
188,109,87,118
182,111,92,120
178,112,113,119
175,112,121,118
173,111,127,122
179,111,117,121
186,122,104,113
193,123,113,112
201,124,114,110
204,126,114,104
209,125,114,104
215,123,113,103
227,122,96,103
234,120,102,104
238,118,103,107
244,114,99,109
248,113,93,110
246,111,91,111
245,108,90,111
244,107,96,111
244,104,96,109
245,101,96,109
248,98,97,98
247,103,95,93
247,101,98,91
247,99,101,91
247,99,101,90
259,102,94,89
263,106,96,101
270,108,93,100
273,111,94,94
276,111,92,94
282,112,91,93
290,112,85,94
293,111,82,96
302,108,87,100
306,106,89,102
312,106,91,103
315,106,93,103
318,104,97,102
323,103,96,102
326,104,100,108
329,102,103,111
333,103,109,112
334,105,113,111
340,107,113,110
343,110,114,111
349,111,110,108
354,113,106,106
367,117,95,101
373,114,110,103
374,112,114,105
374,107,117,108
374,104,121,111
374,100,125,117
377,99,121,118
376,95,120,119
374,94,119,121
370,94,122,123
367,94,123,119
365,92,120,120
367,91,118,121
372,89,117,130
376,90,115,128
384,90,111,126
385,90,111,123
388,89,111,123
395,89,113,123
401,88,109,121
404,85,104,125
410,82,99,126
415,78,97,130
417,75,99,134
422,74,97,133
424,70,94,139
424,69,93,138
423,68,92,137
429,66,80,140
428,64,80,140
427,63,87,140
425,63,94,138
424,64,96,136
426,64,91,136
426,67,90,133
424,69,88,136
423,70,88,135
423,76,90,129
426,82,92,125
428,87,89,121
429,88,92,120
430,94,94,115
438,96,89,112
440,98,90,112
441,98,91,110
452,96,83,113
456,90,83,118
457,87,81,121
461,80,82,129
467,78,81,131
477,73,75,138
480,71,70,139
486,70,66,142
493,67,56,147
494,65,57,152
492,63,57,154
493,63,53,154
492,63,54,156
491,60,56,156
485,59,60,157
483,60,62,156
477,61,69,155
471,62,76,153
464,64,78,151
460,65,78,151
456,65,84,151
453,64,87,151
451,65,90,150
449,65,93,150
448,65,95,149
446,63,97,148
445,61,98,147
442,59,109,149
438,56,105,152
433,54,105,152
430,52,104,152
429,51,105,153
429,50,105,153
429,49,105,153
429,48,105,153
427,48,106,154
426,47,115,156
423,49,119,155
421,49,119,155
419,49,118,156
416,49,119,157
414,48,118,155
410,48,119,156
411,47,121,156
413,47,121,156
416,47,120,156
416,46,121,157
416,46,121,157
416,45,111,155
414,46,114,154
414,46,114,154
415,45,112,157
414,44,115,158
414,44,114,157
414,43,116,157
415,42,116,157
416,41,113,156
417,39,112,159
419,37,112,158
420,35,114,158
424,31,111,161
425,30,122,162
425,31,125,161
425,31,133,161
425,31,137,163
425,31,140,164
425,33,143,166
425,32,143,162
424,32,144,164
423,33,145,164
421,35,147,164
419,41,149,156
418,42,150,155
418,40,150,158
416,41,152,158
415,42,153,158
415,42,153,159
414,41,154,161
414,41,154,161
414,41,154,162
413,41,118,165
410,46,121,161
410,45,119,161
410,44,119,163
407,44,123,162
406,45,126,160
406,44,132,161
406,43,138,160
406,44,141,158
407,44,140,157
407,45,142,156
406,45,139,156
404,46,128,156
403,46,125,158
401,45,124,159
402,45,121,159
403,45,120,156
403,45,121,157
402,45,121,157
401,46,122,159
401,47,123,158
401,48,123,158
401,50,123,158
403,50,124,159
404,51,124,157
405,51,125,158
407,51,124,157
407,50,126,159
408,49,131,156
408,49,138,156
407,48,147,156
405,47,152,156
405,47,151,156
404,48,152,157
403,48,153,158
402,49,154,157
399,50,156,157
400,50,153,157
399,51,149,156
398,52,148,155
397,53,147,154
398,52,142,156
400,51,137,157
401,51,134,156
402,51,129,155
402,52,123,158
402,53,124,158
401,54,123,160
400,56,122,159
399,57,125,158
397,58,127,158
398,60,128,157
398,61,130,156
398,62,129,158
399,62,130,158
399,62,130,158
399,63,132,157
399,63,132,157
399,64,132,157
398,66,133,157
399,65,131,157
400,65,132,158
402,65,128,159
403,64,129,160
404,65,125,160
404,66,123,159
404,67,123,158
405,66,122,157
404,66,125,155
403,65,125,155
399,63,125,159
398,65,126,158
398,65,126,158
398,65,126,159
399,65,126,159
400,67,126,159
399,67,126,159
399,68,126,159
400,68,126,159
400,69,126,159
400,70,126,157
400,69,126,157
399,68,125,155
397,68,125,155
398,68,126,156
400,68,125,154
401,65,127,156
402,63,128,157
402,62,129,158
400,61,129,158
397,61,129,157
399,60,124,157
399,57,125,156
400,52,126,157
402,48,128,159
402,48,128,159
401,48,128,159
402,49,127,158
403,50,126,159
404,52,125,159
404,54,127,156
406,53,128,158
408,52,128,156
412,51,128,156
415,50,129,155
416,49,130,156
416,42,128,155
414,40,127,156
411,39,126,157
407,40,126,157
402,42,124,157
395,42,125,156
389,44,125,156
386,47,122,155
382,50,123,156
380,52,123,155
379,53,126,155
378,54,127,155
377,54,126,156
376,53,127,157
375,53,128,156
374,54,127,155
374,54,126,155
373,54,127,155
373,54,128,155
374,54,126,155
374,53,125,154
373,54,126,153
372,54,124,153
370,54,124,153
368,55,125,153
366,54,124,156
363,55,124,156
360,56,124,157
362,54,120,160
361,54,119,159
359,54,120,160
358,54,120,161
358,53,129,162
362,53,129,162
364,52,134,162
362,52,137,162
360,51,140,162
359,51,141,163
358,52,142,163
357,52,142,161
357,51,134,161
356,50,124,160
355,49,117,163
355,47,115,164
356,46,114,164
356,45,115,165
357,44,114,165
358,43,113,165
359,41,113,166
360,39,114,167
363,37,113,167
365,37,113,166
366,36,113,164
366,35,114,165
366,34,119,166
365,34,123,166
363,34,126,166
365,33,127,166
365,33,129,165
365,34,132,166
365,34,135,165
365,34,136,165
365,33,134,165
365,33,132,165
364,32,128,165
364,32,120,165
363,33,108,165
363,34,105,165
361,34,107,166
360,34,107,166
359,33,108,168
358,34,109,168
357,34,108,169
357,34,109,169
356,33,118,170
356,35,119,168
355,35,119,167
355,34,117,167
356,34,115,166
356,34,115,165
356,33,114,166
356,32,111,167
354,33,112,167
352,33,110,166
349,33,108,165
346,31,107,166
347,30,106,166
350,30,108,167
352,31,106,168
354,31,105,166
354,33,104,164
353,34,105,164
353,34,106,164
353,33,107,165
354,33,108,165
355,34,107,164
356,33,107,165
356,32,106,166
356,32,107,167
354,31,109,166
350,33,112,164
349,32,116,164
347,32,121,164
347,33,123,164
346,34,124,164
345,33,126,164
346,32,125,164
347,31,123,163
347,30,122,164
347,30,118,165
348,32,112,164
347,33,112,163
346,34,113,164
346,34,112,165
347,35,111,165
346,36,111,164
345,36,113,164
345,36,113,164
343,36,115,165
342,37,114,164
343,38,112,164
344,37,111,164
344,37,110,165
344,37,110,166
344,37,111,167
343,36,111,167
343,36,111,167
343,35,112,168
348,34,106,167
349,34,107,166
350,34,107,166
351,34,107,167
350,34,109,167
350,34,110,168
351,33,108,167
351,32,110,168
351,31,109,169
351,31,108,168
351,31,108,167
353,30,105,167
354,29,102,168
355,30,101,167
356,31,100,166
356,31,98,165
356,31,97,164
356,30,97,165
355,29,97,166
354,28,98,167
353,29,99,167
353,30,97,167
353,30,96,168
351,29,98,171
352,30,97,168
353,31,96,166
353,32,97,166
353,32,96,167
353,33,97,166
352,33,98,167
351,32,98,168
350,33,100,168
350,33,103,168
350,33,106,167
350,33,111,168
353,32,110,167
352,33,114,166
352,34,114,165
351,33,116,167
350,33,118,166
350,34,120,166
350,34,121,168
350,35,121,166
351,37,116,165
351,39,112,163
351,41,104,162
350,43,107,160
349,44,108,160
348,44,107,160
346,45,109,161
343,46,111,161
339,50,111,153
338,53,111,149
336,54,130,150
334,55,137,148
332,56,140,148
333,58,144,145
332,60,140,145
330,61,140,143
328,63,138,141
327,65,142,138
326,66,139,139
325,67,136,136
324,68,134,137
323,69,133,136
322,70,125,134
321,69,121,134
320,69,123,135
321,69,122,134
321,69,123,134
325,70,119,135
327,69,117,137
327,69,120,134
329,69,120,134
328,69,122,134
327,69,107,135
326,69,106,134
326,69,104,135
328,69,102,135
328,69,101,134
327,69,101,133
328,69,99,133
328,70,98,133
327,70,100,133
327,70,101,134
326,70,101,133
325,71,102,130
324,73,102,127
323,74,98,126
323,77,97,123
319,83,102,118
317,87,106,115
316,87,109,116
315,88,112,115
312,91,102,113
311,93,101,103
305,96,105,99
304,96,107,99
301,97,109,97
300,97,111,99
300,96,109,100
299,96,108,97
299,95,101,98
296,95,100,100
296,95,106,100
294,94,111,102
292,94,112,100
290,94,111,101
290,91,109,102
289,87,111,108
290,86,109,109
286,85,97,110
283,85,96,109
282,83,98,112
282,80,98,116
283,82,96,113
282,83,96,113
281,87,97,109
279,89,97,106
259,90,105,105
260,95,98,99
261,102,92,91
262,103,89,88
263,104,87,86
261,105,90,87
255,104,96,88
254,102,94,87
252,100,93,88
250,99,94,89
247,97,84,88
243,97,83,89
239,97,82,90
239,93,78,95
235,91,80,97
235,84,82,102
232,80,82,109
231,76,82,113
228,72,80,116
227,69,80,120
225,67,83,121
224,66,85,124
222,68,86,120
216,68,98,120
202,69,116,117
199,72,114,115
200,72,113,115
196,78,127,107
195,80,128,107
195,80,112,107
196,80,98,106
191,98,109,87
189,98,102,87
189,99,99,85
189,101,98,84
190,103,95,83
191,104,93,81
191,104,89,80
192,103,86,81
188,102,87,82
188,102,88,84
190,101,85,84
196,101,81,84
204,100,86,85
213,100,89,83
222,100,89,84
226,98,92,85
229,98,92,87
229,95,108,93
227,93,113,96
223,91,112,98
223,92,112,101
227,91,106,103
229,90,106,105
230,84,108,111
235,84,102,111
234,83,104,108
230,81,109,109
230,79,107,110
231,77,107,112
233,77,107,109
237,77,105,109
236,75,101,113
236,72,101,114
235,73,100,112
234,75,99,110
233,74,101,111
233,72,102,113
235,71,103,111
235,71,103,113
235,71,102,114
234,71,102,115
232,71,102,112
233,70,103,114
235,70,102,113
236,70,102,114
233,71,106,112
233,70,103,116
236,71,100,112
239,71,99,112
243,71,97,113
250,70,92,115
253,70,89,118
267,67,76,120
270,67,72,124
270,65,74,124
272,64,75,125
277,64,74,125
281,67,73,126
282,68,70,126
283,70,69,124
283,71,69,123
283,72,71,122
283,72,72,121
283,72,72,121
290,73,62,121
287,75,65,118
285,76,66,117
285,77,63,114
285,78,63,113
286,79,62,113
285,81,61,111
283,83,62,111
281,87,62,107
280,89,62,106
279,90,63,105
279,91,64,103
280,92,70,102
280,92,70,102
282,93,67,101
284,93,66,101
285,94,65,103
286,94,61,102
286,95,60,101
286,97,62,99
287,97,61,99
289,94,55,102
285,92,60,104
284,91,59,103
285,79,60,117
294,72,53,122
296,62,53,134
296,60,51,135
296,58,50,137
295,56,50,138
292,55,53,140
295,54,49,139
295,54,50,139
295,53,51,140
295,52,52,141
294,53,51,141
294,55,52,139
294,56,50,138
294,56,51,140
294,65,51,128
295,70,48,124
292,74,52,121
290,76,55,118
291,86,64,108
290,95,65,99
290,103,64,91
288,105,67,88
287,105,66,89
284,106,66,88
283,107,69,87
283,105,72,89
282,102,73,91
281,99,76,94
281,93,77,100
281,87,77,108
281,78,75,114
281,74,75,119
282,64,75,127
281,64,76,127
282,65,77,127
281,65,77,128
281,65,75,128
281,68,79,124
280,69,82,124
279,73,85,120
277,78,90,115
277,85,97,107
277,87,99,105
277,97,107,94
276,99,106,95
278,103,111,91
279,106,116,87
278,112,120,83
278,114,125,82
279,114,124,82
280,113,125,82
281,110,126,84
282,108,126,86
289,100,116,92
292,95,108,100
283,89,106,105
279,86,110,108
295,79,91,114
294,79,87,117
289,77,78,120
270,75,97,121
269,75,97,119
269,76,98,117
268,77,100,117
282,78,89,114
287,79,84,113
291,81,81,112
297,83,79,112
300,86,78,113
306,78,76,120
308,80,79,118
281,82,107,116
281,83,112,115
305,81,90,116
316,83,82,115
331,81,72,118
334,80,74,118
338,79,71,119
340,79,75,118
342,78,76,119
343,78,76,119
342,78,76,118
338,79,77,119
333,80,80,118
329,80,84,116
325,81,93,115
321,83,97,112
318,84,95,112
318,85,92,110
316,88,92,109
319,93,89,102
319,94,88,102
322,95,81,101
318,96,83,98
318,94,79,100
319,92,75,101
326,93,65,101
330,95,58,99
331,96,53,100
332,98,52,100
331,99,52,102
333,98,49,105
331,99,48,103
327,100,51,103
327,101,50,99
331,102,59,100
330,102,61,97
331,104,62,96
335,109,58,94
337,111,55,94
339,113,53,92
339,115,54,88
340,119,52,85
341,123,50,81
340,124,53,81
341,125,54,79
342,125,54,79
355,118,42,84
355,111,47,92
355,111,49,94
352,109,53,97
351,108,54,98
349,105,59,99
348,103,68,101
346,101,73,102
347,99,75,105
346,97,68,107
345,94,73,111
343,95,74,108
343,92,74,111
342,90,76,112
342,90,77,113
341,90,77,113
341,90,77,114
340,91,83,110
338,92,87,110
337,93,93,109
337,95,97,112
333,95,103,110
333,97,104,110
331,97,108,109
329,98,113,110
326,99,116,106
324,98,116,107
322,98,118,106
321,97,119,106
320,96,118,108
321,95,116,109
320,94,112,106
319,94,108,105
318,94,102,106
318,94,101,106
317,94,101,109
319,94,101,109
320,93,101,108
320,94,101,107
321,95,102,108
320,95,106,107
321,95,108,108
322,93,109,109
322,92,110,110
323,90,107,108
324,90,104,108
324,90,105,111
323,89,108,110
324,89,108,110
323,88,107,112
323,88,107,112
324,88,97,112
324,89,98,113
323,89,98,110
323,90,96,110
323,91,96,110
323,92,95,110
323,93,95,110
324,93,94,109
323,93,96,111
322,94,100,110
322,94,105,111
323,95,109,111
324,95,112,109
324,95,116,110
324,95,116,111
323,94,117,114
322,94,118,111
322,94,115,110
323,94,118,112
323,95,119,110
323,95,117,109
320,94,119,110
320,94,115,110
321,93,111,108
322,94,110,108
323,95,100,109
323,94,95,107
323,94,95,108
326,93,93,107
327,93,94,106
327,93,94,108
327,93,92,106
327,92,91,109
328,91,91,108
328,91,91,108
329,91,91,108
328,90,91,109
328,91,91,109
329,91,89,109
329,90,90,110
330,90,88,110
330,90,88,111
331,89,89,110
333,89,85,111
333,90,82,110
337,88,76,111
338,88,73,112
338,87,75,111
340,87,73,112
342,86,70,112
342,87,70,112
343,86,69,112
343,86,69,112
343,86,69,112
344,86,69,112
345,85,68,112
345,84,68,112
345,84,68,112
345,84,66,113
344,84,66,113
342,84,70,112
340,85,73,111
338,85,78,112
337,85,79,111
335,84,82,111
333,84,83,111
332,84,84,112
331,84,86,112
330,85,85,112
329,87,84,112
329,87,84,112
328,87,86,112
329,87,86,112
330,86,87,112
331,86,84,112
331,86,75,113
332,86,71,113
333,87,64,114
333,87,63,112
332,87,65,112
333,86,66,112
335,86,70,111
336,87,71,111
338,87,68,110
337,87,70,111
337,88,67,112
337,89,67,112
337,89,63,112
337,88,63,112
338,89,62,111
339,89,61,111
339,88,62,111
340,88,63,112
341,88,62,113
341,88,61,111
342,88,60,111
343,88,59,111
344,89,59,111
343,89,59,111
343,89,59,111
345,88,59,111
345,88,60,111
344,87,61,112
342,87,60,111
340,87,61,111
338,87,61,109
338,87,59,109
339,88,59,109
339,88,58,109
338,88,60,111
336,88,59,110
334,89,59,109
333,90,60,108
333,89,61,109
333,89,60,110
333,89,61,110
333,90,62,111
333,90,62,111
335,91,64,110
336,89,63,110
337,89,63,110
336,88,62,110
337,89,61,110
337,89,62,109
337,89,62,109
336,88,62,109
336,89,62,109
337,89,62,109
336,88,62,109
339,88,73,109
344,86,73,108
347,84,73,108
350,82,76,108
352,81,76,108
353,81,79,109
353,83,79,110
352,85,80,110
350,86,81,111
351,86,76,110
349,87,77,108
350,86,72,110
350,86,71,110
350,87,67,109
349,87,63,109
349,88,61,108
347,88,64,109
347,88,66,110
346,88,66,110
346,88,64,110
345,88,64,110
345,88,62,109
345,89,62,109
344,89,62,109
344,89,62,109
343,89,62,109
343,89,62,109
344,89,62,109
344,87,61,109
344,86,63,109
345,85,64,109
345,84,65,110
345,84,66,111
345,85,64,110
345,86,65,110
345,87,65,110
345,87,64,108
345,87,65,109
345,87,64,109
346,86,62,109
346,86,62,109
343,87,62,110
342,90,62,109
342,90,62,108
341,90,62,109
