410,138,85,59
412,140,86,54
414,142,91,54
414,142,92,53
421,143,86,52
421,143,87,56
424,144,83,55
423,144,84,53
422,144,86,54
423,145,86,53
430,141,79,62
430,143,79,58
433,136,76,69
433,138,76,67
435,138,76,65
438,138,72,65
432,138,83,64
435,142,79,62
434,140,84,63
434,140,83,65
435,138,83,65
434,137,83,66
433,137,86,65
433,138,87,66
431,137,90,67
431,137,90,68
431,137,93,64
431,137,93,65
433,137,92,66
433,136,92,66
437,136,89,66
437,134,90,66
440,132,88,67
441,132,88,68
438,132,92,69
439,132,92,68
441,132,94,68
441,132,95,65
443,134,94,61
443,134,95,61
443,133,96,61
443,133,96,61
450,128,94,67
450,128,94,69
453,126,94,69
454,126,95,64
459,126,93,63
460,127,91,62
462,122,92,65
461,122,94,67
463,120,96,68
463,119,96,69
472,121,90,68
473,122,89,68
474,121,93,66
474,121,93,65
474,120,100,65
474,120,100,65
479,118,101,65
480,117,99,67
484,118,99,64
484,119,98,62
486,118,101,61
487,118,101,62
491,117,100,63
491,118,100,63
495,117,98,63
495,116,99,64
500,118,96,61
501,118,95,61
505,120,96,60
505,120,98,58
513,119,92,62
514,119,92,62
518,117,92,65
518,116,92,65
521,117,95,66
522,117,93,65
526,118,93,64
526,119,93,64
531,121,93,63
532,121,92,65
535,120,92,65
533,119,93,66
536,118,93,66
536,118,93,66
539,118,93,66
539,118,93,66
557,112,68,66
557,112,69,67
564,128,61,54
565,129,60,53
567,131,56,51
567,132,56,51
568,130,52,50
575,131,44,49
576,130,47,50
581,130,42,52
580,132,43,52
581,133,43,51
581,134,40,56
583,134,38,58
583,133,38,53
583,133,37,53
583,129,38,57
583,128,38,59
578,129,43,58
578,129,44,59
577,130,46,59
576,130,47,59
573,130,51,59
572,130,52,60
569,130,54,60
568,129,54,61
566,128,59,63
565,128,61,60
563,128,62,60
562,128,63,58
561,128,62,58
561,129,62,58
558,131,68,59
557,131,69,60
556,131,69,60
556,131,69,59
552,133,68,57
551,135,68,54
550,135,69,56
549,134,70,57
548,137,69,57
548,137,69,58
547,138,71,59
547,139,72,58
542,140,76,60
543,140,77,62
541,143,79,60
541,143,78,59
539,146,78,59
539,146,78,59
535,147,79,58
535,147,79,57
534,149,78,56
532,149,82,57
530,151,84,57
532,151,82,58
531,152,80,59
531,152,82,60
529,154,81,60
528,154,82,61
527,154,82,60
526,155,82,57
526,156,79,57
525,156,80,58
526,157,76,57
526,158,76,57
526,156,73,59
527,156,72,62
526,157,72,60
527,158,68,56
526,158,68,56
525,158,68,57
525,157,70,60
525,157,72,59
524,157,74,59
523,156,75,60
523,156,76,61
523,156,75,60
523,156,72,59
523,156,71,59
523,155,72,60
523,155,72,60
524,155,73,60
525,157,72,60
525,157,71,60
525,157,70,59
526,158,69,58
526,158,68,59
526,158,67,59
526,158,66,58
525,158,65,47
528,158,63,48
531,158,56,49
531,159,56,48
531,160,55,47
531,160,55,49
536,160,50,47
536,160,48,47
537,160,45,43
536,160,45,43
536,160,45,41
536,160,45,41
537,162,45,39
536,162,45,39
536,162,45,39
536,163,45,39
537,163,42,30
538,164,41,32
540,161,40,32
540,161,39,33
538,161,40,35
538,161,39,34
540,163,39,35
540,164,39,34
541,164,38,42
541,164,39,43
543,159,36,46
543,159,36,47
544,158,35,47
545,158,34,46
547,158,32,45
548,159,31,42
549,159,29,41
549,159,29,40
548,158,29,40
549,158,27,39
549,157,26,39
550,158,24,37
551,162,22,35
551,162,21,34
553,162,19,35
553,162,19,36
546,161,28,50
545,161,27,51
529,159,43,55
528,158,45,54
528,162,46,52
527,162,47,54
525,162,46,56
528,161,41,58
528,162,42,56
528,162,42,55
528,162,44,56
528,161,42,56
524,164,50,55
523,164,52,56
526,163,42,56
527,163,39,57
526,156,43,66
531,156,37,66
528,159,39,66
526,167,39,58
528,170,35,56
528,172,36,54
530,174,33,53
530,174,33,53
517,181,51,46
517,181,52,46
513,181,56,50
516,179,51,51
513,180,53,53
513,180,54,53
513,181,52,53
511,176,53,55
511,174,53,59
511,174,53,59
510,175,53,59
510,176,52,58
515,176,48,59
516,175,47,59
515,176,47,61
516,176,46,60
516,178,44,61
518,178,42,61
518,179,42,61
518,179,42,61
518,180,38,61
519,184,37,58
517,185,39,57
516,184,39,57
516,184,40,58
515,184,40,58
515,188,37,55
514,187,39,55
514,187,39,56
512,186,40,57
512,189,39,55
511,189,39,55
511,189,39,55
512,190,38,52
512,190,38,52
511,191,37,51
511,191,36,50
512,192,35,51
510,191,37,53
510,191,38,53
508,193,38,51
508,194,38,51
503,193,42,51
503,192,42,52
501,191,42,53
502,192,42,52
500,193,44,51
499,192,45,51
499,192,44,52
499,192,42,53
498,193,44,51
497,193,44,51
496,193,44,51
495,193,44,54
493,197,45,49
493,197,45,49
490,196,44,50
490,195,45,51
489,196,45,51
490,196,44,53
489,197,44,54
490,197,43,50
488,199,44,53
489,199,42,54
488,201,41,52
487,200,42,53
485,203,41,51
485,203,42,47
485,206,42,47
484,205,43,50
483,208,44,51
483,208,45,52
483,210,45,52
484,211,45,53
483,212,51,54
482,211,52,55
488,213,49,54
488,213,49,54
487,216,40,57
486,216,40,57
486,217,40,57
485,216,40,57
485,218,40,57
485,218,40,57
485,219,40,57
485,221,40,54
484,224,42,55
484,224,42,55
483,226,42,55
483,226,42,55
482,227,42,51
481,227,42,51
481,229,42,51
481,229,42,51
481,230,42,51
481,230,42,51
481,231,42,51
481,231,42,51
481,232,41,54
480,231,43,55
479,232,42,54
479,232,43,55
478,232,43,55
478,232,44,54
477,233,44,55
474,231,46,57
471,227,48,57
470,226,49,58
467,226,50,61
465,226,48,60
465,227,48,62
464,226,49,60
462,226,51,61
462,226,51,61
465,225,48,64
466,224,46,64
465,224,45,63
464,224,45,63
464,224,50,61
464,225,52,63
464,222,49,64
464,221,50,65
463,220,51,66
463,220,51,68
462,220,51,69
468,220,45,70
468,220,44,70
468,220,45,68
468,220,46,69
466,219,49,70
465,218,50,71
464,217,51,70
467,216,48,68
467,216,48,68
465,222,46,66
466,223,55,62
471,223,53,54
470,223,52,54
468,223,55,53
468,223,56,55
467,223,57,54
464,225,56,52
463,225,59,55
461,225,64,56
460,225,61,56
459,224,66,57
463,223,61,58
462,222,60,59
461,222,57,61
462,223,59,57
461,222,63,57
460,221,66,57
459,220,68,57
458,221,68,56
457,221,69,55
456,221,69,55
456,221,69,55
453,223,67,55
452,223,68,55
452,224,69,54
454,223,69,54
454,222,69,54
454,218,70,57
453,217,71,58
453,216,69,59
452,215,69,59
451,215,65,58
450,214,65,59
445,215,66,59
444,215,66,59
442,215,66,59
441,215,66,59
440,215,65,58
441,215,62,57
438,214,63,58
438,212,63,56
436,211,64,57
436,209,65,58
434,209,69,59
434,209,69,60
433,208,73,64
432,207,73,64
431,206,73,62
431,206,73,62
429,205,71,63
429,207,73,60
427,206,74,61
428,207,73,59
427,208,67,57
425,209,73,57
423,209,70,54
422,208,73,54
420,208,72,56
419,208,71,57
416,207,75,58
415,206,76,59
413,208,77,56
412,209,79,56
410,209,80,57
409,209,81,57
408,209,78,58
408,209,77,61
406,209,79,61
406,209,78,62
403,209,83,61
405,209,78,62
401,208,82,65
401,207,82,66
401,206,82,66
401,206,82,66
398,205,76,64
397,204,76,64
394,204,81,60
393,204,82,61
391,203,83,62
390,202,85,64
385,201,83,62
386,201,82,62
383,201,82,62
380,200,84,62
377,200,84,64
376,199,85,65
373,199,89,66
375,198,86,67
373,197,85,68
372,196,86,67
372,196,78,66
372,197,78,66
366,197,77,68
367,197,76,67
365,197,76,67
366,198,76,67
360,198,80,70
360,200,78,67
359,200,78,66
359,200,80,68
353,198,81,66
352,198,81,67
349,199,80,67
351,199,81,69
350,199,78,68
350,199,79,69
349,200,76,68
348,199,76,69
346,200,73,68
346,201,71,67
341,200,79,73
342,200,78,72
340,199,77,72
340,199,80,71
339,199,82,64
341,199,81,66
339,198,82,68
339,197,83,69
337,196,84,70
336,196,85,71
336,196,84,70
337,197,83,69
336,195,83,69
336,192,82,69
336,191,83,70
334,185,82,78
335,184,79,77
335,183,80,78
335,182,80,79
335,182,80,80
334,181,81,76
334,183,79,74
334,183,79,73
333,182,79,73
334,181,76,72
331,181,79,68
330,180,80,69
330,179,80,65
329,178,80,66
329,178,81,65
328,177,76,65
327,176,76,66
326,175,76,67
326,175,75,66
325,174,75,66
324,174,75,66
322,174,76,68
321,174,76,69
319,173,76,69
319,174,75,68
318,173,74,70
318,173,74,70
317,173,78,71
317,173,79,72
313,175,84,69
313,174,84,71
311,173,82,70
311,173,81,69
310,172,77,67
310,173,76,65
308,172,77,65
307,171,78,67
305,171,80,60
303,170,81,61
300,170,81,59
300,169,82,59
297,168,82,59
296,168,83,63
294,167,86,65
295,166,86,66
293,166,86,66
292,165,88,68
290,160,85,68
290,160,85,68
286,158,86,67
286,159,85,66
287,159,83,65
287,159,83,65
284,158,84,63
284,158,84,63
280,157,83,64
280,157,81,64
277,154,82,64
277,154,83,65
273,153,84,64
272,152,85,65
270,151,84,67
270,151,83,66
265,150,83,66
265,150,83,66
263,150,83,66
262,149,84,67
260,149,85,68
259,148,85,64
257,147,90,64
256,147,91,65
254,147,90,64
254,147,90,65
252,147,89,63
251,147,89,64
250,147,85,62
249,147,85,62
247,146,87,62
246,145,88,63
243,145,92,63
243,145,92,63
241,144,90,63
240,143,90,63
241,143,84,63
240,142,85,64
239,140,83,69
239,140,83,69
233,142,89,69
233,142,89,69
232,139,91,70
231,138,92,71
229,137,88,71
229,136,88,71
227,135,88,71
227,135,88,71
223,135,86,69
223,135,85,68
221,133,87,69
222,134,87,67
223,132,84,67
222,132,85,68
222,130,83,66
222,130,84,67
221,129,87,69
221,129,88,64
220,128,88,63
221,127,90,64
220,125,92,65
219,126,93,68
222,123,88,69
222,121,86,70
225,118,80,72
227,121,75,70
229,120,76,72
230,121,76,72
230,120,73,68
232,114,71,72
232,112,71,71
232,112,71,71
232,110,71,72
232,110,71,72
233,108,66,72
233,109,66,68
234,110,63,65
234,111,62,64
237,111,63,63
236,111,63,63
238,111,62,62
239,108,61,63
242,104,56,69
241,103,57,70
239,104,57,70
238,103,57,71
240,104,55,67
240,104,56,67
240,104,55,66
240,105,55,66
242,107,57,65
240,107,58,65
241,108,59,63
241,109,59,61
242,105,55,64
241,104,55,65
242,104,55,63
242,104,55,63
243,104,54,66
243,104,54,66
243,104,51,66
243,104,52,66
243,104,54,66
243,104,54,66
243,104,54,66
243,104,54,66
243,104,54,66
243,104,54,66
243,104,54,66
243,104,56,66
242,106,57,66
242,106,57,66
242,109,60,69
241,108,61,70
241,110,63,63
241,110,65,63
240,106,68,63
240,106,68,63
243,109,70,64
243,109,69,65
244,111,73,65
243,111,75,64
242,108,79,70
241,108,81,71
246,107,81,70
246,107,82,71
246,110,87,69
246,110,88,70
247,111,91,72
248,113,89,69
249,110,94,73
249,110,94,74
255,111,92,77
255,110,92,78
267,116,87,76
267,117,85,73
272,120,87,72
271,120,86,72
277,123,86,72
278,124,85,70
286,123,82,73
286,124,81,73
293,131,82,71
289,133,86,68
295,138,87,65
297,138,85,66
301,142,85,65
300,141,87,66
310,146,81,65
310,145,81,65
310,150,87,63
310,150,86,63
317,153,84,63
317,153,84,63
319,157,86,67
319,157,85,67
327,163,84,64
328,164,83,63
326,161,89,69
326,162,90,68
330,163,89,69
330,163,90,69
334,165,89,69
335,166,88,67
341,168,85,68
342,169,85,67
346,164,87,75
347,164,84,74
352,164,83,73
352,167,83,71
357,172,83,69
359,174,81,66
361,175,89,66
362,175,87,66
366,171,89,68
367,171,88,67
370,175,92,67
371,175,91,69
374,177,92,69
374,179,92,65
372,180,101,67
374,180,98,68
383,180,96,72
386,181,94,72
393,181,90,71
394,181,90,71
397,185,94,69
394,186,96,65
399,189,95,63
401,190,95,62
406,193,92,62
406,194,93,60
412,189,91,70
413,189,89,69
417,191,89,69
416,190,91,69
421,191,92,70
422,192,91,70
427,192,88,71
426,191,89,69
430,192,91,67
432,192,91,68
436,193,92,66
439,196,90,61
443,200,90,58
443,201,90,56
449,203,90,56
450,203,90,55
456,203,89,65
458,201,87,66
465,204,85,65
465,204,85,64
471,205,83,63
471,205,83,63
473,205,88,62
473,206,88,60
480,208,85,60
479,207,87,62
485,205,86,65
486,206,85,65
490,207,86,67
490,208,87,64
499,209,82,68
499,209,81,69
503,210,80,70
502,210,80,69
506,210,87,68
507,211,87,68
511,210,85,71
509,210,86,73
510,212,93,73
510,212,92,74
514,211,92,74
514,211,93,75
522,212,89,71
523,216,86,68
522,216,94,69
521,216,95,68
529,215,92,69
530,215,91,69
535,216,91,67
536,218,91,64
536,218,94,65
535,218,96,64
536,219,99,62
536,220,99,61
545,216,93,62
545,215,93,65
545,214,95,64
545,214,95,63
547,213,93,63
547,212,93,64
550,210,90,65
550,210,90,65
557,205,83,70
558,205,82,69
560,204,80,68
561,204,79,68
565,200,75,69
567,201,73,70
568,199,72,71
570,199,70,71
576,199,64,73
577,199,63,73
583,197,57,72
583,198,57,67
588,195,52,65
592,194,48,68
588,192,52,67
587,191,53,67
582,187,58,69
580,186,60,70
578,184,62,70
578,184,62,70
578,186,62,66
578,186,62,66
579,186,61,65
578,187,62,63
577,186,63,62
578,186,62,62
576,184,64,62
576,185,64,63
575,184,65,62
574,184,66,61
581,180,59,71
578,180,62,70
583,181,57,72
583,181,57,70
584,185,56,68
584,185,56,67
589,186,51,63
589,185,51,64
598,184,42,68
598,184,42,70
598,183,42,71
599,183,41,72
602,185,38,68
604,187,36,64
607,192,33,62
607,193,33,60
606,188,34,68
608,186,32,71
610,190,30,61
612,194,28,56
615,201,25,56
616,201,24,55
615,212,25,47
615,212,25,48
613,216,27,44
612,217,28,43
608,214,32,51
606,214,34,51
604,215,36,52
604,212,36,55
603,213,37,56
603,211,37,58
600,212,40,61
601,217,39,57
591,217,49,54
587,218,53,54
586,217,54,55
587,218,53,45
586,220,54,42
584,221,56,43
583,221,57,41
583,220,57,42
580,220,60,38
579,217,61,43
577,223,63,37
577,222,63,38
578,219,62,39
577,222,63,38
577,221,63,37
589,220,51,23
586,223,30,18
582,222,31,20
585,221,25,20
585,221,24,20
582,229,19,16
582,228,20,16
577,228,18,16
577,229,18,15
576,229,16,15
575,228,16,15
574,227,16,15
574,227,16,15
574,228,16,15
573,228,16,15
576,223,63,46
576,223,63,46
576,223,63,46
576,223,63,46
576,223,63,46
576,223,63,46
576,223,63,46
576,223,63,46
543,245,42,39
542,244,42,39
542,244,42,39
542,240,50,42
541,240,56,46
540,239,57,48
547,242,36,44
548,242,32,43
549,242,46,47
547,242,48,49
547,242,49,49
546,242,50,50
548,242,49,48
547,241,50,49
548,241,46,48
547,241,45,47
551,240,39,45
551,240,39,45
552,240,38,44
553,241,37,43
553,241,35,45
554,242,33,44
555,243,32,44
555,243,32,44
555,243,33,45
555,243,32,44
561,248,31,40
562,252,31,37
564,253,29,37
564,253,28,36
565,252,28,36
565,252,27,35
554,254,43,42
554,253,43,43
555,253,43,44
554,253,42,45
557,255,41,43
558,256,41,42
559,257,42,41
561,257,40,40
562,258,42,40
561,255,43,43
560,252,46,47
564,249,41,50
564,245,42,55
565,245,43,54
566,251,41,47
568,253,40,44
567,253,43,45
565,252,44,45
565,251,45,46
564,250,46,47
564,249,47,48
563,248,48,49
563,247,49,50
561,246,51,53
560,244,53,55
560,242,52,57
560,241,53,56
561,240,53,58
548,240,66,57
548,239,67,58
548,238,67,58
550,240,66,56
551,239,67,57
550,240,69,56
551,240,69,56
550,240,69,56
552,240,69,56
552,240,69,56
554,240,70,57
553,240,70,57
554,240,70,57
554,240,70,57
555,240,70,57
556,240,70,57
557,240,70,57
557,240,70,57
557,239,70,57
558,240,69,56
559,240,69,56
559,240,69,56
560,239,69,56
560,239,69,56
561,239,69,56
561,238,69,56
561,238,69,56
561,237,68,55
562,237,68,55
561,234,68,55
562,234,68,55
563,233,71,58
563,232,71,58
564,233,70,57
564,232,70,57
564,232,70,57
566,231,66,57
566,231,66,57
567,231,66,57
566,231,65,56
565,230,67,56
564,229,68,57
564,229,69,58
563,228,69,59
562,227,70,58
562,226,71,59
562,225,71,59
562,226,70,58
561,225,70,58
561,226,71,58
560,225,72,59
559,226,72,58
558,225,72,58
558,225,73,57
557,224,73,57
558,224,71,52
557,223,71,52
557,224,69,52
556,223,69,52
557,222,69,52
558,222,69,54
557,222,70,57
557,222,70,58
557,222,70,58
557,221,70,59
557,221,68,59
562,221,63,59
562,222,63,59
563,222,61,59
564,222,60,59
565,223,58,57
566,223,58,58
565,222,57,58
565,222,53,55
567,223,49,53
569,222,48,54
571,220,45,55
571,219,44,58
574,218,41,60
570,217,45,61
570,216,45,61
569,218,50,60
560,218,59,61
558,218,60,61
560,221,58,63
560,221,58,64
565,225,54,58
564,224,55,59
564,225,54,60
563,224,55,61
562,228,54,54
550,227,62,54
548,229,65,53
548,230,67,54
547,228,69,56
546,227,68,57
547,226,64,58
547,226,64,59
547,226,65,60
549,225,62,60
553,225,64,61
553,224,64,61
556,232,59,50
556,231,61,52
560,232,59,52
562,234,56,49
563,235,56,49
563,235,56,48
563,235,55,47
563,235,54,46
563,235,53,45
563,235,53,46
564,231,50,52
565,231,50,53
565,231,49,52
565,232,49,51
564,232,47,51
566,232,47,50
566,232,46,50
567,232,45,52
565,232,46,53
565,232,46,54
565,232,46,54
565,232,46,54
564,232,46,54
563,231,46,52
561,231,46,52
560,231,51,51
558,231,53,52
557,231,54,53
556,230,55,54
555,231,57,55
553,230,60,56
552,233,61,51
550,232,62,52
550,232,62,53
547,232,68,54
547,233,69,54
543,232,73,53
543,231,73,54
539,231,72,54
539,231,72,53
538,232,67,53
538,231,68,54
533,232,68,51
533,233,68,51
529,233,67,50
526,234,71,50
524,237,68,50
524,237,67,47
521,238,71,48
521,238,72,49
516,238,74,51
515,237,75,52
511,237,77,54
510,236,81,55
507,236,82,56
506,235,85,57
503,235,79,56
502,234,78,56
497,233,77,57
496,232,78,58
491,232,79,59
489,232,80,60
484,235,81,56
485,234,79,58
479,233,84,58
479,233,84,59
472,232,83,60
473,232,81,60
467,233,82,59
466,233,81,60
463,233,82,56
463,233,84,58
461,233,85,60
460,233,86,61
452,231,91,63
453,230,92,65
448,228,91,66
449,227,90,68
447,226,88,67
448,226,87,65
444,225,87,66
442,224,88,66
439,223,88,66
437,223,90,65
434,223,88,64
434,223,89,65
431,222,89,65
431,223,90,66
428,221,89,65
427,221,90,66
424,221,89,67
424,221,89,67
420,220,89,67
419,222,89,67
416,222,88,66
416,223,87,65
413,224,87,64
414,224,87,65
408,224,85,60
409,224,84,59
403,227,89,54
404,227,87,51
400,228,89,51
401,228,88,52
398,229,86,51
396,228,89,53
393,228,86,51
393,228,89,53
388,228,92,52
387,228,92,51
383,228,93,52
382,227,94,53
379,228,93,52
378,228,92,52
376,229,90,52
376,229,91,53
374,230,90,52
374,230,90,52
372,231,87,51
373,231,87,51
368,232,85,50
368,233,83,48
366,233,86,48
365,233,87,49
362,233,88,50
362,232,90,52
360,233,97,52
359,232,99,52
357,232,96,53
356,232,97,54
354,233,98,54
354,233,98,54
352,233,96,53
352,237,97,51
350,239,96,51
348,239,96,49
346,241,90,48
345,241,90,49
343,242,90,49
343,242,90,49
342,243,90,50
342,243,89,49
341,238,91,59
338,238,93,61
336,234,93,65
337,234,95,67
335,234,96,69
334,235,95,67
334,237,93,67
334,237,93,66
332,238,92,65
332,239,92,66
330,240,92,66
330,241,89,63
328,241,89,64
327,240,92,65
327,242,93,66
327,243,94,66
325,243,94,67
325,244,93,66
325,244,92,65
326,245,91,64
324,245,90,64
323,245,92,64
322,245,94,64
321,244,96,64
320,244,95,64
319,244,95,63
318,244,94,63
318,244,94,63
317,243,95,63
317,244,94,63
316,244,94,62
318,244,93,61
318,244,93,60
321,246,90,66
320,245,92,66
320,245,92,65
319,245,92,65
318,246,93,63
317,245,95,63
317,245,95,62
317,244,94,62
318,244,94,62
319,244,93,61
320,245,92,60
320,245,94,60
319,244,94,60
321,244,92,59
322,244,92,59
321,243,92,59
320,242,94,61
320,241,94,63
319,241,95,65
321,238,93,67
320,237,94,68
318,236,96,70
319,236,88,67
322,238,79,63
325,239,78,65
325,239,74,68
326,240,67,65
324,239,73,67
325,239,70,66
323,239,78,65
323,239,79,66
324,238,80,65
323,239,82,65
324,240,81,63
324,240,78,63
323,239,79,65
322,239,78,63
320,238,81,61
320,237,84,63
317,232,89,68
317,232,89,68
316,231,89,68
316,228,87,69
317,227,78,70
318,230,75,68
319,228,76,70
318,225,76,69
318,227,74,66
318,229,74,66
317,229,77,65
317,230,79,66
317,230,79,67
316,229,81,67
314,229,82,68
313,228,82,69
313,228,82,69
313,228,80,69
314,228,80,69
313,228,81,67
312,228,83,67
310,227,87,69
309,227,88,70
307,226,90,72
309,223,77,69
308,223,79,70
313,222,74,69
313,222,73,69
311,221,79,72
311,221,79,72
308,228,79,64
307,228,78,63
307,227,79,64
307,227,80,65
312,226,76,60
312,226,77,61
312,226,77,62
313,219,74,69
313,213,73,76
313,212,74,77
311,211,74,77
311,211,74,77
310,210,77,78
309,210,78,77
309,209,79,78
308,209,79,78
307,208,74,76
308,207,74,77
310,206,75,79
311,206,73,80
308,205,76,72
307,204,77,72
309,201,72,71
310,200,71,73
310,199,71,73
310,199,71,73
310,198,69,73
310,198,69,73
307,197,72,72
307,197,72,72
308,196,73,72
308,196,73,72
307,194,73,72
307,194,73,72
305,194,73,72
306,194,73,72
304,193,73,72
304,192,72,72
295,192,79,69
295,192,80,69
294,192,81,66
294,192,81,66
295,194,79,65
295,194,78,64
299,192,74,62
301,192,72,62
298,190,76,61
298,190,76,61
300,188,74,62
302,188,72,62
301,187,72,62
301,187,72,62
300,185,71,61
302,183,68,59
303,180,67,56
303,181,69,56
303,179,74,55
303,179,74,55
304,178,75,56
304,178,75,55
303,176,76,56
303,175,73,54
303,173,70,55
303,173,70,55
304,168,71,57
303,167,73,59
303,165,75,60
303,165,76,59
302,161,74,62
302,161,71,60
301,158,71,62
301,159,70,60
301,157,71,61
301,157,70,61
302,151,68,62
302,153,68,62
303,146,62,64
302,145,63,65
300,142,57,68
299,142,59,70
295,137,54,71
292,137,56,74
294,135,54,75
296,135,52,76
297,134,49,76
297,135,48,75
296,131,50,77
295,130,49,78
293,131,51,80
293,132,50,78
289,129,57,81
288,128,53,82
290,127,54,82
290,127,56,82
288,127,58,83
287,128,60,83
288,127,59,83
288,126,58,82
289,125,49,81
288,124,51,80
287,121,46,87
286,120,47,90
287,116,47,83
286,115,48,83
282,113,56,80
281,112,58,80
282,110,57,78
283,110,57,77
281,108,61,72
280,109,62,70
279,104,68,73
282,104,64,75
281,102,67,77
282,102,67,78
275,101,74,76
275,102,74,76
275,100,75,74
273,99,76,76
282,95,74,79
277,94,78,78
277,89,76,76
277,89,75,74
280,78,76,82
279,78,76,84
288,75,72,85
289,74,71,87
295,71,63,87
298,70,60,87
302,72,58,79
299,72,62,74
302,70,67,76
302,72,68,75
305,69,66,78
306,69,64,79
312,67,60,78
314,67,58,77
319,65,53,80
320,65,52,81
319,64,58,77
318,64,60,75
318,65,58,78
315,66,61,77
315,68,63,74
314,68,64,74
318,69,64,76
318,69,63,76
319,69,62,78
321,66,58,79
320,67,59,82
319,66,60,83
321,67,57,79
321,65,56,81
319,65,57,82
319,64,56,84
320,67,53,81
317,66,56,83
317,69,57,79
317,69,55,79
320,69,55,82
321,71,51,81
320,73,54,81
319,77,54,74
317,77,59,75
313,76,65,78
315,75,61,81
313,74,63,81
319,72,60,83
318,73,61,82
321,72,66,84
322,73,63,82
324,74,62,81
326,76,59,80
328,78,61,72
329,79,63,70
330,80,60,70
330,80,59,69
332,79,59,69
331,78,59,69
332,78,53,72
331,78,61,72
332,70,66,82
331,69,67,82
331,68,64,83
333,68,62,83
332,68,61,81
332,68,62,80
332,67,66,81
332,67,65,81
332,67,65,82
332,67,65,82
332,66,69,73
332,66,69,73
332,65,71,75
332,66,72,76
333,66,78,75
334,68,80,74
334,65,81,76
333,63,82,81
334,63,85,78
335,64,82,77
335,64,88,76
335,64,89,78
337,64,88,73
338,64,87,71
337,63,89,72
336,62,90,72
338,62,85,72
337,61,86,73
336,60,85,74
336,61,83,73
335,60,87,73
332,59,90,74
332,59,92,73
330,59,94,72
331,59,95,71
332,60,93,70
333,58,85,67
333,58,82,65
332,58,79,67
332,59,77,67
335,58,79,61
333,57,85,62
333,56,87,63
333,56,88,66
335,55,91,63
335,55,92,63
336,54,94,67
337,55,93,66
338,55,86,78
337,55,86,78
336,55,88,78
335,54,88,79
336,53,90,76
336,55,92,74
336,56,94,73
336,56,91,73
335,55,91,70
336,55,89,72
336,54,90,72
336,54,90,67
335,56,90,66
335,56,91,65
333,55,83,62
331,52,87,64
333,52,85,66
333,51,86,68
334,51,85,69
334,51,88,68
334,50,85,70
334,49,85,71
332,56,87,63
332,57,85,62
329,56,85,64
329,56,85,64
328,57,79,71
329,56,79,73
328,57,83,69
327,57,86,69
326,57,85,70
326,56,83,70
326,57,87,73
326,56,87,74
326,57,87,73
327,57,87,73
328,58,88,72
327,58,91,72
325,61,90,70
325,61,89,70
328,62,88,71
328,63,90,70
327,65,88,71
328,66,87,70
326,63,79,75
326,63,78,75
324,62,81,80
326,61,80,82
325,68,76,76
325,68,76,76
324,75,76,69
324,75,75,69
322,76,73,70
322,76,73,71
321,75,74,74
321,74,74,75
322,83,69,68
323,82,69,71
321,84,69,74
321,84,69,74
321,87,70,75
321,88,70,75
321,90,63,78
321,90,64,79
320,95,59,74
320,96,58,73
320,100,59,72
320,101,60,73
318,106,57,74
319,106,56,76
318,110,51,73
319,111,50,72
317,115,52,71
319,116,50,72
318,119,48,73
318,119,47,74
314,125,45,72
315,125,43,71
318,124,38,74
319,125,38,75
318,128,39,83
318,129,39,83
319,135,35,78
319,137,34,77
318,143,34,69
318,145,33,67
316,149,36,67
316,150,36,68
314,147,31,58
315,150,28,50
314,151,32,47
317,151,28,46
316,157,28,42
317,158,26,44
318,159,28,35
319,158,25,41
317,159,29,40
316,160,30,41
315,161,25,36
315,163,25,35
314,163,25,36
314,163,25,37
315,161,21,36
316,162,21,34
313,162,42,40
312,161,42,42
311,163,47,42
310,163,48,42
311,163,47,40
310,162,49,42
312,162,50,38
312,162,51,39
316,162,48,36
317,163,47,36
313,161,54,38
313,160,53,39
308,160,57,41
308,160,58,39
308,160,62,39
308,160,63,40
317,159,56,41
319,158,54,42
317,157,61,46
316,158,62,45
320,157,61,47
319,157,61,45
319,157,66,46
315,158,69,45
316,158,71,47
316,158,71,47
321,157,65,45
319,154,66,49
324,154,61,48
326,154,59,49
328,153,58,47
326,151,61,49
331,151,58,47
331,151,58,47
331,152,59,48
331,153,59,45
332,154,60,43
331,155,60,43
346,156,47,40
346,157,47,40
346,159,49,37
343,160,52,37
343,161,55,38
343,162,54,37
345,163,52,35
344,163,51,34
347,165,53,33
347,165,53,32
363,155,38,45
364,156,36,45
362,157,39,44
362,156,39,44
361,158,42,43
361,158,42,44
365,159,41,45
365,158,42,46
366,159,41,45
365,158,40,46
365,159,40,48
365,159,40,48
357,159,51,48
356,158,51,48
355,159,56,49
354,159,57,50
355,160,56,51
358,159,55,52
383,169,32,33
383,169,31,32
384,167,32,35
384,167,32,35
384,162,35,44
384,161,36,47
383,159,37,50
383,159,38,45
387,150,33,47
389,151,31,47
387,145,38,52
387,145,37,53
382,136,42,59
382,137,42,62
375,133,46,60
375,133,46,60
368,125,56,64
367,125,57,65
365,118,57,68
366,118,57,70
355,110,63,70
354,110,67,72
353,102,64,74
354,102,63,72
350,94,58,76
349,94,58,77
334,87,76,79
334,87,76,79
335,80,74,74
335,80,74,75
334,74,61,73
334,74,60,73
334,66,59,77
334,68,60,78
328,65,68,77
327,65,70,79
324,62,74,77
324,62,75,77
320,58,81,78
320,58,82,79
318,60,69,71
323,60,63,73
324,56,53,76
324,55,51,76
325,56,38,73
326,56,37,73
325,64,67,66
325,67,68,64
329,71,63,59
329,72,62,58
326,63,71,65
326,62,72,66
327,63,70,66
327,64,70,65
330,66,67,62
330,69,67,59
330,72,66,52
331,74,65,49
321,76,61,50
320,75,62,51
321,77,58,52
321,77,57,53
322,79,53,50
321,78,53,50
321,78,57,51
320,78,58,51
320,78,59,51
319,77,60,52
319,77,62,43
319,77,61,42
317,77,66,42
316,77,66,42
315,78,63,39
315,78,62,38
315,79,56,44
314,78,56,44
310,76,41,45
309,75,42,40
308,75,42,41
307,74,43,41
311,76,40,40
311,76,40,40
311,77,40,40
311,77,40,40
311,80,39,39
311,80,39,39
310,84,39,39
309,84,39,39
309,87,39,39
309,87,39,39
308,90,32,37
309,91,31,36
304,93,34,34
305,93,33,33
302,96,32,32
321,79,53,50
321,79,53,50
321,79,53,50
321,79,53,50
321,79,53,50
321,79,53,50
321,79,53,50
321,79,53,50
321,79,53,50
321,79,53,50
321,79,53,50
321,79,53,50
321,79,53,50
321,79,53,50
321,79,53,50
321,79,53,50
323,116,33,29
319,116,41,31
318,116,42,32
319,119,42,29
320,120,43,29
316,117,50,35
314,117,51,35
307,116,61,36
305,116,62,37
306,95,62,60
318,95,52,61
318,95,55,64
314,95,57,65
317,95,59,68
317,94,59,69
319,94,59,68
320,95,60,67
322,108,63,54
321,108,63,55
323,110,65,57
322,109,66,58
324,111,68,55
325,111,69,56
327,109,70,49
326,108,70,51
330,111,69,50
330,111,70,51
338,112,69,51
339,112,68,53
341,112,68,54
341,112,69,53
343,113,70,53
343,113,71,54
344,113,73,55
346,113,72,56
347,112,75,58
347,111,75,58
349,112,74,58
350,112,74,55
350,113,79,55
352,114,78,55
354,114,78,57
353,113,79,58
354,116,80,59
354,118,80,54
357,118,80,53
357,118,80,53
358,118,80,50
360,118,78,49
365,119,74,48
365,119,75,46
372,118,69,48
372,118,66,49
380,121,57,50
380,120,58,51
384,121,55,52
383,121,55,52
384,121,55,52
384,121,55,52
389,117,53,53
390,117,53,55
393,120,52,53
393,121,50,52
392,121,51,52
391,120,52,53
393,118,54,54
392,118,53,56
404,111,43,59
404,110,44,60
403,111,48,59
403,111,48,58
398,111,57,55
399,111,57,55
394,110,58,54
395,110,57,53
389,106,63,57
389,105,63,57
381,103,71,59
382,103,71,60
376,100,64,56
376,99,64,58
369,93,75,64
369,93,74,63
360,87,78,66
360,88,79,66
353,82,75,68
353,82,74,68
349,77,77,70
349,77,77,70
336,71,87,72
337,71,88,71
334,66,83,75
332,65,82,77
332,62,79,75
333,61,75,71
332,55,72,81
332,55,71,82
330,53,74,82
330,51,73,84
330,52,74,83
330,52,74,84
332,53,71,80
333,53,69,78
330,52,71,78
330,51,72,80
330,52,73,79
329,51,74,79
331,52,74,79
333,53,72,78
335,54,69,75
336,52,70,79
338,52,76,76
338,54,78,76
337,55,79,69
337,55,79,69
336,55,77,68
336,55,78,69
336,54,79,68
336,54,79,69
336,54,80,69
335,54,82,69
335,54,85,69
335,54,84,70
334,54,84,69
333,53,86,68
332,53,92,69
333,54,92,68
334,55,84,66
334,55,84,66
334,56,84,65
334,55,84,64
332,53,84,68
332,53,84,67
332,52,84,64
333,52,83,66
332,51,86,65
333,51,88,65
333,51,87,64
333,51,87,64
333,52,84,58
332,53,86,57
332,53,71,62
332,51,71,67
327,51,75,68
327,51,77,70
322,51,78,70
322,50,78,71
322,50,69,70
323,50,66,69
324,51,64,65
324,51,61,65
330,47,54,68
330,48,54,68
328,48,50,68
328,49,49,67
325,53,54,61
325,54,54,61
324,54,54,61
323,53,54,63
322,53,50,62
322,53,50,63
320,58,51,58
319,58,53,58
315,60,57,56
316,61,56,55
313,60,61,58
313,60,61,60
311,61,64,56
311,61,64,57
310,61,69,59
311,62,69,58
310,60,72,64
310,60,72,65
314,62,70,64
316,63,69,64
320,59,68,72
322,55,65,77
324,58,67,74
324,61,67,72
325,65,69,66
324,67,69,64
324,73,72,60
324,75,72,58
325,78,76,61
325,78,76,60
328,71,75,68
328,71,75,68
329,71,75,70
330,73,75,68
331,75,76,69
332,76,75,70
333,81,77,65
333,82,76,65
333,86,79,64
333,87,80,63
338,89,77,64
338,90,76,63
340,91,76,63
341,91,75,66
344,93,73,66
345,93,72,67
344,100,73,63
342,101,77,60
341,102,79,61
342,102,78,60
348,105,74,59
349,107,72,57
350,107,72,60
347,107,77,61
349,107,75,62
350,108,74,61
349,109,76,61
348,110,76,59
349,112,78,58
349,113,78,58
349,113,79,59
347,112,81,59
348,113,81,58
347,114,83,58
348,114,83,58
348,114,82,58
356,119,77,56
356,120,76,57
357,121,76,55
357,121,76,54
357,122,77,55
358,122,77,55
358,123,78,53
357,124,80,52
357,127,82,51
357,128,80,49
360,129,78,47
360,129,77,46
359,125,81,51
357,124,83,54
356,123,84,56
356,123,85,55
357,124,86,55
356,125,86,55
357,125,85,55
358,124,83,54
358,125,85,53
359,125,85,52
362,127,82,49
363,128,80,50
363,128,78,49
364,128,81,48
367,129,79,47
367,128,78,48
366,129,80,48
367,129,79,49
365,130,81,45
365,131,82,46
366,132,82,46
367,132,82,46
367,132,63,46
367,132,63,47
366,131,63,48
367,130,61,47
370,129,55,50
371,128,54,50
373,136,53,46
375,136,51,45
374,136,48,44
374,136,48,44
374,137,46,36
374,137,45,35
374,137,45,35
375,138,38,35
376,139,38,35
377,140,37,36
384,136,33,41
384,136,33,41
385,146,74,25
387,146,73,24
391,143,73,29
390,144,74,28
433,142,33,21
433,142,32,22
433,141,33,23
433,141,34,24
435,145,36,26
436,146,36,26
436,146,38,28
437,148,36,26
437,149,38,28
438,150,37,27
438,138,41,42
435,138,43,42
436,139,46,41
435,139,47,41
436,140,48,41
437,141,46,41
441,141,44,41
440,141,45,40
439,141,47,41
437,141,50,42
436,141,53,45
436,141,54,48
440,144,51,46
441,144,50,44
440,147,53,43
437,147,56,45
437,147,58,45
437,146,59,46
438,146,60,49
437,146,60,50
437,147,61,48
437,148,62,47
438,151,62,45
433,151,68,47
434,151,67,48
434,151,66,47
436,151,67,49
437,151,65,50
438,152,66,49
437,153,67,48
438,154,67,47
436,155,69,46
436,157,69,49
437,157,71,46
437,157,74,47
437,156,74,50
434,156,78,50
436,156,76,51
436,158,77,49
435,158,78,49
436,159,77,51
436,158,79,51
439,160,77,51
436,159,80,53
437,161,81,51
437,162,80,50
439,163,81,50
438,162,81,49
440,163,81,51
438,164,84,50
439,165,84,48
439,165,84,48
439,164,84,52
439,164,84,51
441,165,84,49
441,166,84,52
439,166,87,53
439,166,87,53
439,166,87,48
439,167,87,47
440,168,88,47
440,168,89,48
443,169,87,49
444,168,86,49
446,168,86,49
446,169,85,49
452,170,79,48
455,170,76,47
458,170,76,49
459,170,74,50
457,170,77,52
458,169,77,53
461,169,78,52
460,169,77,53
461,170,77,54
460,170,78,53
462,171,77,51
462,171,79,49
463,172,79,48
463,172,80,50
462,173,82,50
461,172,83,51
463,173,82,50
464,174,78,50
466,174,77,50
465,173,78,50
469,175,74,51
471,175,74,51
472,176,75,51
474,176,72,51
476,177,71,49
478,178,69,49
477,178,73,48
475,178,75,48
475,178,75,49
476,178,73,51
482,178,67,52
483,177,65,52
488,179,60,50
489,180,59,49
490,181,60,48
489,182,62,48
487,181,66,51
489,181,63,51
491,182,61,49
493,184,60,47
495,184,59,49
495,184,58,49
499,184,55,50
498,184,57,52
498,184,57,52
500,184,57,51
501,186,57,49
501,187,58,50
506,188,52,49
506,188,52,49
508,189,51,48
508,189,51,48
505,190,56,49
504,190,57,50
508,189,55,51
508,189,56,51
507,185,56,56
506,185,57,59
513,186,50,61
515,186,46,61
515,187,52,63
514,187,54,64
510,182,57,68
510,182,57,69
508,181,59,66
509,181,58,66
506,180,62,67
504,181,63,66
500,179,66,70
501,176,66,73
494,176,68,69
495,176,68,68
493,175,68,67
493,174,70,69
487,172,78,70
485,172,78,70
481,170,82,71
479,170,84,72
475,168,79,70
476,167,77,69
473,165,81,71
471,165,81,69
470,163,79,62
470,163,78,61
467,161,80,62
467,160,80,61
461,159,85,61
461,158,85,63
459,158,81,60
459,158,81,61
458,156,80,62
458,155,79,62
454,153,81,65
452,152,84,66
449,150,82,63
450,151,82,63
447,149,76,62
447,149,76,62
445,149,73,62
445,149,73,62
442,143,77,65
440,143,80,66
439,142,82,66
439,142,82,64
436,142,83,63
436,143,84,62
434,139,82,63
433,138,83,64
427,133,74,65
427,133,72,66
421,129,81,64
421,129,83,64
414,122,83,68
415,122,83,68
406,118,88,64
406,118,89,63
398,115,93,67
398,115,92,65
390,111,90,66
390,110,87,67
381,105,94,64
382,104,94,65
372,98,96,71
372,99,97,71
366,91,91,71
366,93,89,69
362,85,92,73
361,85,91,74
355,80,90,73
354,80,93,69
349,76,87,72
349,75,87,73
346,70,88,74
346,70,89,74
342,67,90,74
342,67,89,74
336,62,88,75
335,63,89,72
335,60,86,69
335,60,85,70
335,60,83,70
335,59,84,73
335,58,81,71
334,58,81,72
333,58,83,64
333,60,84,60
331,59,87,58
330,59,86,60
329,55,90,64
328,55,93,65
330,55,88,66
330,55,84,66
330,55,82,69
330,55,83,70
329,54,81,71
329,53,80,71
329,53,83,71
328,53,85,69
332,54,81,73
333,55,78,73
335,56,75,73
337,57,72,73
338,57,76,72
338,57,76,72
339,57,64,72
339,57,64,70
338,58,59,67
337,58,63,68
337,57,72,65
336,57,73,65
336,57,77,67
336,55,77,68
336,52,78,74
336,50,80,76
335,54,80,73
334,55,78,70
332,54,82,67
331,53,84,68
330,52,90,69
330,52,89,65
330,50,88,67
330,50,89,66
330,51,90,67
330,51,91,68
332,51,89,68
330,50,92,69
329,51,93,68
329,51,93,67
330,52,93,68
331,52,92,67
335,52,92,68
335,51,91,68
339,51,89,64
339,50,87,64
341,50,85,64
341,50,85,63
341,50,84,64
340,50,85,65
342,49,85,65
343,49,86,65
344,50,84,63
345,50,83,63
345,50,86,64
344,51,86,64
344,51,86,64
344,50,86,65
345,50,86,67
344,51,86,68
344,51,87,67
345,51,87,65
346,52,86,66
346,51,86,67
347,51,86,68
347,52,85,69
342,55,90,65
342,56,91,63
344,57,88,62
346,57,84,62
349,57,80,63
350,57,79,63
350,57,85,62
350,57,86,63
351,56,90,63
350,55,92,64
351,55,91,65
351,55,91,65
352,55,89,67
352,55,88,66
353,56,87,67
353,56,88,66
354,56,89,67
353,56,90,68
354,56,89,67
355,56,88,66
357,57,88,65
357,57,87,64
357,57,88,66
357,57,90,67
358,57,90,67
358,57,90,67
359,57,89,67
359,57,89,67
360,58,77,69
361,58,74,70
359,61,74,70
360,62,74,69
358,65,77,65
358,67,77,63
355,68,81,63
354,68,81,61
352,70,84,65
351,68,85,66
348,70,87,66
348,70,88,64
346,72,88,65
346,72,87,66
345,74,87,64
345,74,86,63
340,75,87,64
340,76,87,64
339,77,86,63
340,78,86,62
338,81,84,62
338,80,83,62
337,82,84,63
338,83,83,64
337,83,86,63
337,83,87,63
337,87,85,59
336,86,86,60
336,88,89,58
336,89,89,56
336,89,88,58
336,89,86,58
334,89,91,57
333,89,91,57
334,89,90,58
335,91,89,55
335,89,87,57
335,88,85,58
335,88,83,58
335,87,82,59
334,86,80,62
334,86,80,61
334,88,79,59
333,89,81,58
331,90,82,58
331,91,82,57
331,90,82,59
330,90,85,58
329,90,86,60
328,90,85,58
329,90,84,59
329,90,85,61
329,90,85,60
329,90,85,58
328,90,85,58
326,90,87,58
327,88,80,63
327,89,78,64
328,86,81,69
329,84,80,72
327,86,85,72
328,88,83,71
328,90,81,63
327,90,82,65
325,90,78,64
325,90,78,63
326,92,76,60
326,92,77,61
325,94,78,62
326,95,77,57
326,97,76,56
325,97,76,57
325,101,74,55
324,100,75,57
323,102,74,58
323,101,75,58
323,102,73,57
321,102,75,57
320,101,74,56
319,99,75,58
320,101,70,57
319,104,70,54
319,103,70,55
319,102,69,56
314,99,70,62
315,100,69,56
313,103,66,60
313,104,69,59
313,106,67,57
313,107,67,58
311,109,72,52
312,110,71,53
308,110,72,54
310,111,70,53
307,110,72,57
307,110,70,59
306,112,72,55
307,113,71,55
305,113,69,55
305,114,68,54
306,114,63,52
308,113,62,54
307,113,64,55
307,113,63,56
304,119,59,49
302,119,62,47
301,121,61,45
301,121,59,47
300,120,62,49
300,120,63,49
298,122,64,46
299,123,61,45
299,124,59,47
298,124,62,47
296,123,61,47
297,124,59,46
296,125,60,45
295,125,62,45
294,125,57,46
293,126,57,45
294,126,54,46
294,126,53,47
287,125,59,50
287,125,59,50
288,125,57,51
287,124,58,50
287,124,55,49
286,122,56,52
287,121,54,52
286,121,55,52
287,122,55,52
288,122,56,52
287,122,56,52
288,123,56,54
288,122,57,62
288,122,56,63
288,121,54,65
287,120,54,65
284,121,59,64
285,121,60,64
282,121,63,64
283,121,59,63
282,121,58,63
282,121,58,64
281,118,54,65
281,117,54,65
281,116,55,66
281,116,56,66
278,116,59,65
278,116,61,66
278,116,57,66
279,115,56,67
278,112,60,71
277,111,62,72
277,113,66,71
278,116,64,68
278,115,65,68
278,115,65,68
276,115,69,67
278,115,67,68
277,115,69,67
278,116,70,66
274,117,74,65
274,117,75,64
274,119,78,62
275,123,78,58
276,125,79,57
276,126,79,58
277,127,81,59
274,126,83,59
278,123,82,64
278,123,82,67
281,123,84,69
281,123,84,69
283,126,81,68
282,125,82,69
282,124,83,72
281,124,87,72
280,125,90,72
281,125,88,72
280,128,92,72
281,130,91,71
284,132,89,69
288,134,87,67
292,134,84,67
293,135,82,66
292,139,84,64
291,140,85,63
294,140,84,64
294,139,84,66
295,139,85,66
296,138,84,66
294,140,86,68
293,141,87,67
297,142,85,68
298,143,85,67
301,144,83,68
304,145,79,67
306,148,78,65
308,149,76,64
309,149,76,65
309,148,76,66
308,153,78,62
307,152,78,61
308,154,80,61
310,154,78,60
310,154,78,61
311,154,77,63
311,154,79,64
311,156,79,62
312,157,79,62
312,157,80,62
312,155,80,63
312,157,80,61
312,156,83,64
312,157,82,64
313,166,84,60
312,165,84,58
314,165,84,59
312,166,87,58
315,167,85,59
316,167,82,60
316,168,85,59
316,170,85,57
318,170,84,57
317,170,84,58
319,169,84,60
319,170,84,60
323,176,82,58
322,175,82,57
322,178,84,55
323,179,83,55
325,181,82,54
325,181,82,54
326,181,83,55
326,181,83,53
327,182,84,52
327,182,85,53
327,183,86,51
327,182,86,51
328,183,86,51
326,182,87,52
327,183,86,52
327,183,86,52
329,186,87,51
329,187,86,50
329,187,86,50
329,187,86,50
331,188,85,49
331,188,85,50
332,190,84,49
332,190,85,49
332,191,85,49
332,192,86,48
332,192,86,47
332,193,86,46
334,193,85,46
333,193,85,46
334,193,85,47
333,192,86,48
333,192,86,48
333,192,87,50
334,192,87,51
334,191,88,51
334,193,88,51
334,194,89,52
335,195,88,51
333,194,90,52
334,194,91,50
334,194,91,50
338,195,88,48
338,195,87,48
340,196,86,49
341,195,84,49
343,196,83,49
343,196,85,50
340,195,90,47
338,195,93,47
339,195,94,47
338,194,95,48
339,195,94,48
339,195,93,47
338,195,95,49
339,194,93,49
337,195,96,49
337,195,97,50
338,196,96,51
338,196,97,49
340,195,95,51
340,193,95,51
340,193,95,52
339,189,97,55
342,191,94,53
342,192,94,54
344,191,94,54
344,191,93,55
345,191,92,56
343,191,94,56
344,193,94,55
345,192,94,55
347,192,92,56
348,192,91,57
350,192,89,57
351,192,90,59
352,192,89,56
351,189,90,59
357,188,86,60
357,189,85,61
357,189,88,60
356,190,89,63
357,190,91,62
356,190,93,62
359,190,92,60
359,191,92,59
359,191,94,60
358,190,94,60
360,188,93,61
358,188,95,61
360,187,95,61
359,186,96,62
365,187,92,56
365,187,93,56
369,186,91,55
368,186,93,56
371,185,91,56
373,185,89,55
373,186,89,54
374,187,88,54
376,187,87,50
377,188,87,49
379,189,91,47
379,189,94,46
385,190,90,44
385,190,88,43
387,189,88,43
386,188,88,45
385,187,92,45
387,187,91,45
386,188,93,43
386,186,94,45
390,187,93,44
394,187,88,44
396,190,89,40
395,190,90,38
397,190,90,37
396,190,91,37
399,191,90,37
397,191,92,37
398,190,94,38
397,190,95,40
397,187,96,39
396,189,97,36
398,188,97,41
397,187,98,42
397,188,98,42
398,188,98,42
399,187,99,37
400,187,98,36
403,187,95,34
403,187,95,34
404,187,93,32
404,187,94,32
403,187,97,33
404,187,95,33
405,183,94,38
406,183,93,38
404,184,96,39
405,183,97,40
406,182,92,40
405,181,93,42
407,181,91,37
407,181,92,38
407,182,91,39
407,182,91,37
408,181,91,36
407,182,93,36
405,181,95,36
406,182,96,35
408,181,91,35
410,182,88,34
410,182,87,35
408,182,87,36
407,181,88,48
406,180,88,49
407,179,86,52
406,179,87,53
404,179,92,55
406,179,90,58
408,179,88,55
408,177,90,55
406,175,91,58
406,175,90,56
405,174,90,57
404,173,90,58
404,173,89,56
405,174,87,57
406,174,86,55
405,174,87,56
404,174,87,56
404,174,86,56
404,174,86,56
404,174,86,56
404,174,86,56
404,174,86,54
404,174,85,54
404,174,85,54
404,174,85,54
403,173,83,54
403,173,83,54
402,173,83,54
402,173,83,54
402,173,83,54
402,173,83,54
401,173,83,54
401,172,83,54
401,172,83,54
400,172,83,54
399,172,83,53
396,172,84,53
395,172,84,53
393,171,84,53
393,171,86,58
392,170,87,59
391,170,87,59
388,169,87,59
388,169,87,59
388,169,88,59
388,169,88,54
388,169,88,54
387,169,88,54
387,169,88,54
387,169,88,49
387,169,86,49
387,169,86,49
387,169,85,50
385,170,87,50
384,170,87,50
384,167,88,52
382,166,90,52
381,165,90,53
383,164,88,53
382,164,88,54
383,164,88,54
382,163,90,55
382,163,90,55
384,163,88,55
386,163,86,55
385,160,87,60
385,159,87,61
385,159,87,61
387,161,86,60
387,161,86,60
388,161,85,59
390,162,86,58
389,161,89,59
389,161,87,59
390,162,88,57
389,161,89,57
389,161,91,58
389,161,92,57
393,162,89,54
393,162,89,54
395,164,87,53
395,164,88,54
397,164,87,53
397,164,87,53
399,163,86,52
400,164,86,52
400,163,86,52
401,163,83,52
402,163,82,51
402,162,82,51
405,162,82,51
405,162,83,54
409,161,79,51
408,163,80,50
407,164,84,50
407,164,84,49
408,164,84,49
408,164,84,50
407,164,86,50
406,163,87,51
407,164,87,51
407,163,88,52
408,164,87,52
408,164,87,52
409,164,87,52
410,164,88,53
412,164,87,52
412,164,87,52
413,165,86,51
413,164,86,51
414,165,85,50
414,165,85,52
414,165,85,53
414,164,86,54
415,164,86,54
415,163,86,54
415,163,86,54
415,162,86,57
416,163,85,56
415,163,85,56
416,163,84,55
417,162,84,55
420,164,81,54
420,164,81,57
421,165,80,56
421,165,80,56
426,167,75,53
428,167,75,53
429,167,74,52
429,167,77,53
427,167,78,53
428,166,77,54
427,166,80,53
427,165,79,54
428,166,79,53
428,165,79,54
428,165,78,55
427,164,79,56
424,164,86,54
423,165,86,53
424,165,86,51
422,165,87,51
422,166,87,51
422,165,88,52
422,164,87,53
422,164,86,55
421,163,87,56
422,163,87,56
423,162,86,56
423,162,86,57
424,163,86,57
424,162,87,58
425,163,84,53
425,163,85,54
426,163,83,53
426,165,83,52
425,163,83,52
424,163,85,54
426,163,84,54
426,164,82,54
428,164,79,52
427,164,79,51
428,162,77,55
429,161,77,55
429,162,78,54
429,162,77,54
429,162,77,55
429,161,76,55
429,161,77,56
429,161,75,57
429,161,74,55
430,160,75,56
430,160,72,57
429,160,72,56
430,159,71,56
430,159,72,57
430,159,72,57
430,159,72,57
431,159,69,57
426,159,75,57
426,160,75,57
425,158,76,58
425,157,75,58
426,158,74,58
424,155,75,59
423,155,76,59
425,154,75,58
425,154,76,59
426,154,76,59
433,156,69,57
434,157,68,56
435,155,67,58
436,155,66,57
437,156,63,58
431,155,69,59
431,156,68,60
436,156,64,59
437,157,63,59
438,157,60,60
436,156,61,57
436,157,62,55
436,156,62,56
434,156,64,55
432,156,66,54
433,157,66,54
432,157,67,54
433,157,66,53
432,157,66,53
435,158,63,53
436,158,62,52
436,158,62,51
436,157,63,51
436,158,63,53
435,157,64,54
435,158,64,53
435,157,65,54
436,158,64,54
436,159,65,53
437,159,63,53
437,157,63,56
438,158,61,58
439,157,62,57
440,158,62,56
441,158,60,57
443,159,59,56
443,159,59,56
441,159,61,52
441,158,61,53
442,159,60,53
443,159,59,54
444,159,59,52
443,160,60,51
441,160,63,49
440,159,64,51
443,159,60,52
445,159,58,52
447,159,59,50
447,160,58,49
447,159,64,48
447,158,63,48
450,159,65,49
450,159,65,49
453,160,63,49
454,159,63,50
455,160,65,51
454,160,66,53
455,161,70,53
455,161,70,53
460,167,69,49
460,167,69,49
462,161,69,54
464,161,68,55
466,163,70,57
465,163,69,57
470,170,67,55
471,172,65,52
470,175,71,53
469,175,73,54
469,176,75,55
469,177,76,57
470,177,77,58
470,177,77,57
470,173,77,63
469,173,78,64
470,172,81,65
470,172,81,65
471,172,84,68
470,171,84,68
471,176,85,65
471,176,85,63
478,178,81,62
479,178,78,62
480,179,81,64
480,179,80,64
480,180,83,66
483,186,80,61
486,188,78,60
487,189,76,59
487,190,78,61
487,190,78,61
487,192,80,60
486,192,81,60
486,192,82,61
487,191,81,63
488,191,81,62
488,191,82,63
489,195,80,59
490,196,80,59
494,198,77,57
494,198,76,57
494,199,79,55
493,199,80,56
492,200,80,55
492,200,79,56
492,200,80,54
495,198,77,55
494,197,78,56
493,197,80,58
494,197,81,56
495,198,80,55
497,198,78,54
497,201,77,51
499,203,74,49
497,202,76,53
498,204,76,51
498,205,76,49
498,203,74,51
498,203,76,50
498,203,76,50
497,202,75,51
496,203,76,49
495,205,77,45
495,205,78,45
494,204,79,46
495,204,77,46
494,203,77,45
495,202,77,47
495,200,76,47
494,199,76,46
495,200,74,45
496,199,72,45
495,199,73,45
495,199,71,42
494,199,74,43
494,199,75,44
493,198,75,45
493,198,74,45
493,198,72,45
495,198,69,44
495,196,69,46
495,196,69,47
494,194,69,48
490,193,73,49
489,192,74,50
489,191,75,51
489,191,74,51
488,190,74,51
490,190,71,50
490,189,72,52
492,189,68,51
496,190,66,56
496,189,65,58
496,188,65,60
496,188,65,60
494,190,66,56
493,191,65,56
493,191,66,57
495,192,63,52
503,191,55,53
502,190,55,54
502,191,56,52
501,189,55,53
501,189,57,56
502,190,56,54
505,190,51,52
506,189,51,54
506,189,50,54
507,189,48,54
505,188,51,55
506,189,50,53
508,187,48,54
508,186,49,55
507,178,49,65
506,177,50,66
506,177,51,67
506,177,50,65
504,177,55,66
504,177,54,66
499,173,56,69
499,174,54,69
495,175,57,65
495,175,56,65
489,173,66,60
488,174,67,61
480,171,64,59
481,171,66,60
476,166,67,65
474,166,68,65
465,162,74,63
467,162,72,62
457,153,67,65
457,154,68,63
453,149,74,63
452,149,74,62
446,142,74,64
446,142,74,63
439,137,73,64
439,137,72,63
430,130,69,69
431,131,69,69
417,121,84,70
418,122,83,71
409,115,91,69
408,115,92,70
399,107,91,72
399,107,88,71
388,101,97,71
389,101,94,72
374,93,94,78
374,93,94,78
366,86,97,72
367,86,94,72
359,78,97,78
359,79,98,77
352,73,91,74
351,73,92,75
343,67,92,77
343,67,92,78
335,62,92,82
335,62,91,78
333,58,88,74
334,57,86,74
334,58,85,73
333,58,88,72
335,58,84,71
335,58,82,71
335,58,81,67
335,58,81,66
336,57,77,71
337,58,75,73
335,53,78,74
336,54,77,74
336,52,78,70
336,52,76,70
336,51,81,67
335,50,83,67
334,49,86,67
333,49,87,68
334,48,82,71
334,47,81,71
334,46,80,70
334,47,79,70
334,47,75,66
334,45,73,66
334,45,82,63
333,46,82,62
335,45,82,66
334,44,84,68
335,46,81,72
336,46,82,73
337,45,81,73
336,44,82,74
338,45,79,70
339,46,79,69
338,46,91,68
338,46,88,68
339,46,88,67
339,46,87,67
340,46,82,66
340,46,82,66
340,46,85,66
339,46,86,66
341,46,84,65
341,46,84,65
341,47,86,64
341,46,87,65
340,46,88,65
340,47,90,65
339,45,90,63
339,45,91,65
339,46,92,66
338,45,93,67
339,45,93,66
338,45,94,67
339,47,93,65
339,49,92,61
333,49,93,53
337,49,86,48
332,48,87,49
332,48,87,51
333,49,85,48
333,48,86,49
334,48,83,49
332,48,85,49
332,48,85,48
332,49,84,47
333,48,83,51
332,48,85,50
332,45,89,58
332,44,87,58
338,40,71,65
338,39,68,68
337,50,68,61
337,50,70,60
338,49,71,60
337,49,73,59
336,49,75,60
337,50,74,60
336,50,74,61
337,50,73,60
336,50,73,60
336,50,74,60
335,50,73,60
334,50,72,59
333,49,73,50
332,49,74,51
332,49,75,51
331,49,76,52
332,45,79,56
332,44,80,60
332,44,80,58
332,45,80,58
332,44,79,55
332,43,77,55
332,39,77,59
332,39,77,60
332,38,81,63
331,41,84,59
332,35,81,63
332,34,82,63
333,33,79,64
333,33,79,64
335,33,76,65
334,33,77,66
333,33,82,66
333,31,82,66
332,31,81,66
333,31,80,66
333,32,86,65
333,32,87,66
332,40,85,59
332,41,85,57
330,32,81,74
330,32,80,75
332,33,76,77
332,32,75,77
333,43,73,66
334,43,72,65
332,41,69,71
332,41,68,71
329,42,67,72
329,42,67,72
327,44,72,72
328,44,72,72
327,47,63,73
329,47,60,71
328,50,60,70
327,52,60,68
325,44,64,81
326,46,62,76
325,48,58,81
325,47,57,85
325,57,51,68
325,57,51,68
323,66,49,62
323,67,49,63
324,65,45,66
324,65,45,67
321,66,45,69
321,65,44,70
319,69,43,68
319,69,42,69
323,80,38,61
324,80,38,61
320,82,39,60
319,82,40,61
319,75,42,71
318,75,43,71
318,77,44,71
320,77,43,70
320,79,46,69
320,79,46,69
319,92,50,62
318,93,51,60
318,94,52,62
316,96,53,59
314,90,56,68
315,92,56,67
313,92,59,70
314,93,58,68
314,95,62,67
314,97,64,67
310,97,68,68
312,98,67,67
314,97,67,69
315,97,65,69
317,97,66,69
318,97,66,70
318,98,67,69
318,99,67,69
318,100,69,65
320,101,67,65
321,105,69,59
320,107,68,55
320,109,72,57
320,110,72,61
320,112,73,58
320,113,74,56
321,114,77,55
321,114,76,56
321,115,78,58
321,115,78,56
324,115,76,57
322,116,80,57
328,120,74,52
329,122,74,50
331,123,74,53
330,123,76,53
330,124,77,52
329,124,78,53
331,125,77,52
333,126,77,51
335,125,76,52
333,124,80,53
334,124,81,54
335,124,80,55
336,124,80,55
336,125,81,54
338,126,81,54
339,127,80,53
340,129,81,51
339,130,82,50
340,132,83,48
340,131,82,47
340,132,84,45
339,131,85,46
340,131,85,47
340,131,86,48
339,132,87,48
339,131,87,48
342,133,85,46
341,132,86,46
340,133,89,45
340,133,88,45
341,133,89,44
341,134,89,44
342,133,88,44
342,132,88,45
343,133,87,44
344,133,87,44
345,132,88,45
344,131,89,46
346,132,87,44
346,132,87,44
346,132,87,43
346,132,88,43
347,132,89,42
346,132,90,43
347,132,90,43
347,132,89,43
348,132,89,43
355,133,82,38
357,134,79,37
359,135,78,38
359,134,78,39
357,134,80,39
356,134,82,38
354,134,83,38
356,133,83,38
357,133,83,38
359,133,80,36
361,133,77,38
362,133,77,38
363,133,78,38
361,131,78,40
358,129,82,42
359,128,81,42
357,128,84,43
357,127,85,44
373,130,66,41
385,130,55,40
389,130,51,41
390,129,49,40
389,128,50,41
391,131,49,39
389,131,51,39
391,131,48,37
392,130,47,35
391,130,50,38
391,130,49,37
390,130,51,36
390,131,51,36
390,131,49,35
390,132,49,35
389,129,50,38
389,129,50,38
390,128,49,36
390,129,49,36
390,128,49,36
390,128,48,35
389,128,49,34
390,129,48,32
390,128,48,32
391,129,48,32
392,129,47,31
393,130,46,30
390,126,49,31
389,126,51,34
391,126,49,34
391,127,49,35
392,127,48,34
392,128,48,33
394,127,47,32
393,126,48,33
393,124,48,33
393,125,49,33
393,125,49,32
393,125,48,31
394,126,48,29
395,127,48,29
395,124,48,28
394,125,49,28
393,125,50,29
394,124,49,31
395,124,48,32
395,126,49,28
394,125,50,29
393,125,50,29
396,126,49,27
396,126,48,26
397,127,47,25
397,125,48,26
398,126,47,25
399,126,47,25
397,126,49,26
398,126,47,25
398,126,46,24
367,126,79,28
367,125,79,28
367,126,79,29
368,127,78,29
368,127,78,28
370,125,77,32
369,126,78,30
369,126,78,30
369,127,78,30
376,128,72,27
377,128,71,25
379,127,70,24
380,128,69,26
381,127,67,24
382,127,67,24
385,127,63,23
389,127,59,24
402,126,47,19
402,127,46,21
402,126,47,22
402,126,46,22
402,126,46,22
402,126,45,22
402,126,45,22
402,126,45,22
402,126,45,22
402,127,47,22
402,127,47,22
402,126,47,22
393,125,57,25
393,124,57,26
393,125,57,27
393,125,57,25
393,124,58,26
393,124,58,25
388,126,62,24
388,125,63,25
388,124,63,25
388,124,62,25
387,124,64,28
384,124,67,28
383,124,70,29
383,124,70,29
388,123,66,28
388,123,66,27
389,123,66,28
391,123,63,28
390,123,63,28
390,123,63,29
390,123,65,31
390,123,65,31
390,122,69,39
389,121,70,40
389,122,70,41
388,121,70,45
388,121,71,47
387,120,72,48
390,120,70,48
390,119,69,49
390,119,69,51
398,119,62,50
396,120,65,50
395,120,65,49
397,120,64,50
397,119,64,51
398,119,65,52
398,119,66,53
398,119,66,54
398,118,66,55
399,119,66,55
399,119,66,55
400,119,66,51
401,120,64,49
402,121,64,48
401,121,65,50
401,121,66,50
401,121,66,51
401,121,66,52
400,120,66,53
401,121,66,50
401,121,67,51
403,123,67,50
404,124,66,49
403,125,68,47
402,125,69,48
402,124,68,47
403,123,67,48
404,124,67,47
405,124,66,47
406,123,65,47
407,124,64,46
404,124,68,46
403,123,70,49
403,123,70,46
404,123,69,46
406,123,66,45
404,124,68,44
405,124,68,45
404,123,70,47
404,123,71,46
404,123,72,45
405,123,71,45
406,124,70,46
406,123,70,46
405,123,71,47
406,123,70,48
409,123,67,48
408,123,68,47
409,123,67,47
410,123,66,48
410,123,66,50
410,123,68,49
409,123,70,48
410,122,70,49
412,123,68,49
413,123,67,50
413,122,66,50
415,123,65,49
416,123,64,49
417,123,64,49
416,123,66,50
416,124,66,48
416,123,65,48
416,124,67,48
416,124,66,48
415,123,67,49
414,123,67,50
415,123,67,51
415,124,67,53
415,123,68,50
414,122,69,51
415,123,67,51
415,123,67,51
416,124,67,49
416,124,66,48
417,122,67,50
418,123,66,51
418,124,65,52
418,124,65,51
417,124,67,51
414,123,68,52
415,124,69,53
415,123,69,54
415,123,70,55
417,124,69,53
418,125,69,51
419,125,68,49
419,126,69,49
419,126,69,50
420,126,69,51
420,126,69,51
421,126,69,50
421,126,69,50
422,126,69,50
422,126,70,50
422,126,71,51
422,123,70,52
422,123,71,53
423,122,70,53
425,123,68,52
425,123,67,52
428,124,66,51
429,125,65,50
428,123,67,51
428,124,67,50
427,125,69,48
426,124,71,51
426,125,71,52
426,125,72,54
426,124,71,55
425,124,73,55
425,123,51,53
425,122,50,53
427,122,46,54
426,121,45,53
426,121,44,55
425,120,44,56
427,134,40,40
426,134,40,40
431,135,39,40
442,151,21,27
441,150,21,27
441,150,21,27
489,126,26,20
490,127,24,21
486,127,32,25
486,126,33,23
482,125,40,24
483,126,39,23
462,126,60,41
462,126,60,41
462,125,61,44
463,124,62,47
462,123,64,50
463,123,63,50
461,123,63,50
460,122,68,50
464,122,66,52
464,121,66,52
467,120,65,52
468,120,64,51
474,121,60,51
475,120,58,51
475,121,60,50
475,122,61,48
472,121,65,48
471,122,66,47
474,121,64,50
472,120,66,54
477,120,64,48
474,120,65,50
476,120,65,50
478,119,64,52
478,118,66,53
477,117,68,54
477,118,70,52
476,118,71,52
476,118,75,51
475,118,76,53
475,117,77,54
474,117,78,55
474,119,79,55
475,118,79,53
475,116,81,56
474,116,80,56
473,116,83,55
473,115,82,56
474,116,84,54
471,116,87,54
471,116,88,55
471,115,88,56
477,113,86,58
475,112,88,58
475,112,88,59
473,111,92,61
478,113,89,58
479,112,87,59
480,111,87,60
480,111,87,60
480,111,89,59
479,112,91,57
481,112,92,57
480,112,92,57
482,113,91,56
483,112,90,56
485,112,91,55
484,111,91,56
489,112,89,54
495,114,82,51
495,107,83,61
496,106,83,61
502,107,77,59
503,108,75,58
502,105,79,61
503,107,77,59
504,107,78,59
504,108,79,58
504,104,82,60
503,102,83,62
503,101,84,63
504,103,84,63
506,105,81,59
506,106,81,57
507,103,81,57
508,104,80,58
511,103,77,58
511,102,77,59
512,101,79,60
513,101,80,59
516,101,78,59
515,102,79,58
517,100,78,60
516,99,78,60
518,98,77,62
517,100,77,59
520,99,76,58
520,98,77,59
522,98,75,59
523,99,75,60
523,99,77,60
523,99,76,59
523,100,78,57
523,100,77,58
527,100,73,57
527,100,72,58
529,99,68,57
529,99,68,57
531,97,69,59
532,97,68,58
532,96,70,59
532,96,71,60
533,96,71,61
533,94,71,63
533,94,71,63
535,95,70,62
537,96,68,61
538,97,67,59
537,98,65,57
537,99,66,56
537,100,65,54
537,100,66,55
538,102,63,53
540,102,61,52
545,103,57,50
545,100,57,54
547,101,54,57
548,101,54,59
544,100,57,58
547,101,54,56
549,102,51,54
550,100,51,59
550,101,50,57
550,101,51,56
549,99,51,59
550,98,51,59
549,97,52,59
548,97,53,60
549,99,53,59
548,100,56,61
549,100,56,59
549,100,57,59
550,101,56,57
551,101,55,59
552,100,53,58
554,100,52,58
553,99,53,59
552,98,54,59
552,97,56,60
551,98,55,59
551,98,56,59
550,99,57,61
549,100,63,61
548,100,63,59
547,101,65,58
547,101,65,59
546,101,69,59
544,101,69,59
544,103,70,58
545,104,71,56
544,106,72,52
544,107,72,50
542,107,74,54
541,107,74,58
541,105,74,61
542,104,73,60
541,103,73,62
541,103,74,61
540,103,74,60
540,103,75,61
539,103,77,61
538,103,77,62
536,104,80,63
536,104,81,64
535,104,81,65
534,103,82,66
532,103,85,66
532,103,84,66
531,105,84,64
530,105,85,64
529,105,85,65
529,104,85,65
529,104,84,64
529,105,83,63
529,106,82,61
526,105,88,61
526,105,87,60
527,105,85,62
527,109,82,57
527,109,82,56
527,109,81,58
523,109,84,58
523,103,82,63
526,106,78,60
523,107,81,59
522,107,82,58
522,108,83,56
524,108,80,56
522,109,82,55
521,109,82,56
521,108,79,55
522,107,76,57
521,107,74,57
520,108,74,56
519,109,76,53
519,109,76,54
517,109,79,55
518,108,79,57
516,110,82,55
511,109,87,56
510,109,87,55
510,109,86,54
507,111,89,53
504,111,91,54
499,111,96,54
498,110,95,54
500,110,92,57
502,111,90,55
503,111,89,60
504,112,88,60
508,111,82,59
509,110,81,61
509,113,82,59
509,113,82,56
508,112,82,58
507,111,85,59
507,112,82,56
507,112,82,55
503,112,82,53
504,113,81,51
503,115,80,50
499,116,84,51
496,117,85,50
500,117,81,50
499,117,81,51
497,119,83,49
498,117,82,53
498,118,83,52
499,119,81,51
496,119,87,51
497,117,82,52
498,116,81,54
497,118,81,53
496,120,84,50
496,117,84,55
496,117,83,54
494,118,85,57
494,118,86,56
494,119,85,55
495,119,83,56
495,118,79,58
494,119,77,54
494,118,79,56
495,118,80,58
494,117,79,56
495,117,77,57
494,120,77,55
494,121,78,58
493,122,76,55
494,122,74,56
494,121,72,58
494,121,73,57
494,123,70,57
493,123,70,57
493,125,70,56
493,125,71,56
493,125,66,57
492,126,69,55
491,126,71,55
492,123,70,59
492,121,70,59
492,121,69,57
493,121,73,59
493,123,72,56
493,122,71,55
493,122,71,56
493,122,69,55
494,122,68,55
493,121,70,53
493,121,71,52
494,119,71,54
494,119,71,54
495,119,70,53
495,119,70,54
494,120,70,53
495,119,71,54
495,118,72,53
496,119,71,54
496,116,70,57
496,116,70,57
498,114,68,59
495,114,70,59
497,112,68,61
498,113,67,62
498,112,67,64
498,112,66,65
498,111,68,63
498,111,68,64
498,112,69,63
499,110,67,65
499,112,68,60
499,112,67,59
499,114,66,56
499,114,65,56
500,115,67,54
499,114,68,54
499,113,66,55
499,113,65,54
502,111,61,56
502,111,62,56
503,110,61,56
502,110,61,57
499,110,62,56
499,111,60,53
498,114,63,53
498,115,64,52
501,113,57,54
499,114,59,55
498,112,56,58
498,112,56,58
502,111,53,57
502,110,52,57
500,111,50,57
499,111,51,54
499,112,50,54
498,112,52,55
499,114,52,51
499,114,48,49
500,112,49,50
499,111,49,50
494,112,59,52
493,112,60,53
493,114,55,50
493,114,55,50
495,112,54,48
495,112,55,51
494,115,58,49
494,116,58,49
490,115,65,48
490,115,64,48
490,114,68,48
489,113,68,49
493,114,68,52
493,113,67,52
494,113,68,51
495,113,67,52
495,114,69,51
494,115,70,49
495,114,70,50
494,113,72,51
491,114,76,52
491,114,76,52
490,113,78,54
489,112,79,55
489,110,83,58
490,110,83,55
490,109,85,53
491,108,84,54
492,107,84,56
491,107,84,58
493,107,83,57
493,107,83,57
494,107,84,54
493,107,85,54
494,107,85,52
494,109,85,52
495,110,85,49
497,107,84,52
497,107,84,52
497,107,83,51
497,107,86,49
496,107,87,48
497,107,89,47
499,107,87,47
499,107,88,44
497,107,89,43
496,106,91,44
496,107,91,44
500,108,89,42
501,108,86,43
503,106,83,44
503,106,84,48
505,108,83,47
504,108,84,48
504,108,85,49
504,108,85,49
506,108,84,50
505,107,84,50
506,108,85,49
506,108,85,49
508,108,83,47
510,108,80,47
510,107,79,49
510,106,78,48
511,104,79,46
510,104,81,45
510,106,80,41
510,106,78,40
509,106,80,40
508,107,80,40
509,106,80,40
509,106,80,40
510,105,78,40
511,105,76,40
514,104,71,40
515,104,70,40
514,103,71,41
514,102,72,43
511,101,74,43
510,102,75,43
511,101,73,44
511,103,73,45
513,103,69,47
515,103,65,47
516,100,63,51
517,100,63,51
517,98,63,53
518,98,63,55
518,96,63,58
519,96,62,59
518,94,62,61
518,93,62,61
517,93,62,61
517,94,63,62
517,94,62,63
517,94,63,64
517,95,62,60
517,96,64,60
517,96,61,60
518,97,60,57
518,96,60,58
519,97,59,57
519,96,58,57
519,97,59,56
518,96,58,57
516,96,61,57
515,96,62,56
516,96,61,56
517,97,60,54
518,98,60,54
519,99,58,52
519,98,56,53
520,98,55,54
521,97,53,55
521,96,54,53
520,96,55,55
521,96,53,55
521,96,52,55
521,97,54,54
520,97,55,53
520,98,55,52
519,98,56,52
520,97,56,53
520,97,57,53
517,99,60,54
516,98,63,52
517,98,62,52
518,98,60,54
521,98,55,53
522,98,53,54
522,98,52,52
522,99,55,51
520,99,55,48
521,99,54,50
521,100,54,50
520,98,55,51
521,98,55,51
521,97,54,52
521,97,55,50
521,97,57,50
521,97,52,50
521,96,52,49
521,96,51,50
521,96,50,50
520,96,52,49
520,96,54,48
519,97,54,47
519,97,53,47
519,96,53,48
520,95,51,46
522,93,49,53
522,92,50,52
521,91,53,52
521,91,53,53
523,91,52,50
527,93,45,48
529,93,43,48
528,93,45,50
528,92,46,52
528,91,45,53
522,90,54,56
523,90,52,59
520,91,52,53
519,91,53,55
513,88,58,57
512,88,60,58
512,86,59,61
513,86,60,62
511,91,62,57
510,92,64,61
509,94,63,62
509,94,63,59
507,98,64,56
505,98,66,55
505,99,66,54
506,99,64,55
503,100,67,56
503,100,67,57
501,100,67,53
500,100,68,56
499,98,68,56
499,98,68,60
498,98,65,58
498,99,66,56
497,99,65,55
497,100,65,53
496,101,66,54
495,101,66,53
493,102,68,52
493,102,68,51
492,101,67,52
493,101,66,52
492,102,66,51
491,101,67,51
490,102,67,51
488,102,69,51
487,104,69,50
489,105,68,49
488,104,68,50
487,104,69,49
487,105,68,48
486,104,71,48
485,106,72,48
484,106,73,48
484,105,74,51
485,105,72,49
482,105,73,52
481,103,73,52
481,103,72,54
481,104,75,54
478,107,76,50
478,109,76,48
477,97,77,63
478,97,74,63
472,94,80,66
473,94,80,66
470,94,83,65
470,94,82,67
465,98,86,62
466,98,85,62
463,102,79,59
464,105,77,56
459,99,76,60
458,99,77,60
455,103,78,60
455,105,79,57
451,105,80,56
450,106,82,54
448,106,82,54
446,105,85,56
442,106,89,55
443,107,87,54
441,109,87,53
439,111,90,50
439,112,90,50
439,111,89,51
437,112,89,51
437,113,88,50
433,114,89,50
434,118,88,47
432,119,85,46
431,119,87,44
431,120,87,34
431,121,87,33
429,121,88,32
428,122,87,32
426,122,88,33
426,122,91,33
425,122,92,34
425,122,89,36
422,122,91,36
421,121,92,37
419,122,93,38
418,121,93,39
419,121,92,40
418,120,93,41
416,121,93,42
415,120,93,42
414,121,93,40
413,120,94,41
413,121,94,39
413,121,93,39
413,121,93,39
411,121,93,39
411,122,83,39
411,122,81,38
409,122,81,35
410,122,80,34
407,118,80,43
408,116,77,45
401,115,78,42
402,116,77,41
400,113,81,45
399,113,83,47
396,110,84,47
396,108,84,49
388,104,83,49
389,104,79,50
385,98,84,52
383,100,87,49
378,96,88,52
377,95,90,53
373,91,83,57
372,90,83,60
366,84,87,63
366,84,87,63
360,79,82,64
360,80,82,66
354,75,75,70
354,75,75,71
350,71,79,70
350,70,80,72
346,67,81,73
346,67,82,74
342,63,85,76
342,63,84,76
337,59,87,78
336,60,88,75
333,57,88,75
331,56,92,74
330,57,86,71
331,56,84,69
331,56,81,67
332,56,79,66
331,55,70,66
331,54,69,66
332,55,75,63
332,55,76,64
332,54,76,64
332,54,89,63
333,53,91,65
333,52,92,67
332,51,94,65
334,52,90,63
336,51,88,65
336,51,94,63
337,50,92,65
337,49,92,68
337,47,92,72
337,47,92,71
341,48,85,61
340,49,82,60
341,49,80,60
341,49,79,63
341,49,80,63
342,48,81,67
343,48,78,62
343,49,78,61
344,49,82,62
343,48,85,62
343,47,85,62
344,48,84,61
345,50,82,50
345,50,78,53
345,50,81,55
345,50,82,57
346,51,83,56
346,51,87,59
347,51,87,51
348,51,88,52
349,51,87,53
349,50,88,54
350,50,89,51
351,51,88,50
351,51,88,53
351,52,88,48
354,53,75,51
356,53,74,52
357,52,70,58
357,52,70,60
358,49,76,60
358,49,76,58
358,48,83,59
358,48,85,61
360,46,83,58
361,45,81,59
362,45,79,58
363,46,78,57
364,46,77,56
364,46,76,56
367,47,74,57
367,47,74,58
369,48,70,53
370,48,68,53
380,48,58,54
379,51,60,52
381,51,54,48
380,51,55,48
380,51,50,47
381,50,50,45
380,55,52,27
380,55,51,26
379,53,47,25
379,54,47,23
383,51,38,22
384,52,37,21
393,49,24,26
393,49,23,26
396,56,20,25
397,55,19,24
396,53,19,24
395,52,19,24
391,48,19,24
391,48,19,24
391,48,19,24
391,48,19,24
391,48,19,24
391,48,19,24
371,99,32,24
369,97,33,24
361,97,43,29
361,97,43,29
355,96,50,31
355,96,49,33
355,95,52,38
355,95,50,38
356,99,50,38
356,100,49,37
359,99,48,40
357,99,50,41
359,100,51,42
359,100,51,43
360,98,53,49
359,97,54,50
360,98,53,50
359,97,53,54
360,97,50,57
359,96,51,58
363,96,49,59
363,97,48,59
367,98,47,60
368,98,48,60
370,99,46,59
370,99,45,58
368,103,50,53
369,104,48,51
369,105,50,49
369,107,50,47
369,108,46,47
368,107,47,49
368,107,47,49
369,107,47,51
370,108,46,47
371,109,47,46
371,111,55,43
371,111,57,44
377,113,50,42
378,113,51,42
378,110,48,45
378,110,49,47
377,113,50,42
377,114,50,41
376,116,51,38
376,117,49,36
375,118,39,37
375,118,40,38
375,120,40,37
375,120,40,37
375,121,39,35
374,121,46,37
373,120,46,37
373,120,46,36
371,120,52,37
370,121,51,37
368,124,56,33
368,124,55,33
366,121,58,36
367,122,57,35
367,117,60,38
366,117,63,40
366,119,65,41
367,118,63,42
365,117,71,42
366,117,69,42
368,117,67,41
368,117,67,40
370,117,67,39
370,116,68,40
373,113,69,42
373,112,68,43
399,113,46,36
399,113,46,35
403,118,44,32
405,118,41,32
399,111,51,47
403,110,46,51
401,113,48,53
401,113,49,54
403,113,49,42
401,114,49,37
405,115,47,38
406,115,46,38
402,115,55,40
404,115,54,41
402,116,57,44
403,116,55,46
403,118,59,45
401,117,60,46
401,120,62,44
401,120,63,45
403,121,62,43
404,121,60,42
419,121,48,42
419,121,47,42
420,121,47,42
420,121,48,44
420,121,48,43
419,120,52,43
417,119,56,44
419,121,53,40
420,120,53,41
420,120,52,44
398,117,77,45
398,117,77,47
397,117,79,45
397,118,79,44
398,121,78,43
397,121,79,42
397,122,80,43
399,121,80,41
398,120,80,43
399,120,81,44
399,119,82,47
399,119,81,48
400,119,80,48
401,119,79,46
402,119,79,49
402,119,80,50
401,121,82,47
401,121,81,48
403,123,79,46
403,124,79,40
403,125,79,35
402,125,81,38
403,124,81,40
403,123,80,38
403,122,81,40
403,122,82,39
405,120,81,41
404,119,81,43
405,119,82,42
405,120,82,44
404,120,85,41
404,120,86,42
405,121,85,41
405,121,85,42
406,122,85,43
406,121,84,43
407,122,83,42
407,122,84,42
406,123,86,43
407,124,85,42
409,125,84,44
409,122,85,48
410,121,84,48
409,121,85,50
409,121,86,51
409,121,87,52
410,121,88,53
410,121,87,46
410,120,87,49
410,119,88,50
410,120,89,50
410,120,89,52
409,121,91,50
409,121,91,48
409,122,91,46
409,122,92,49
411,121,89,48
411,121,90,51
413,121,87,51
413,120,87,53
414,119,88,55
413,119,88,54
413,120,89,54
414,120,89,54
414,122,90,53
414,122,90,51
415,122,89,52
415,121,90,54
416,121,89,55
416,120,89,55
417,119,90,55
415,119,92,55
415,120,93,55
416,120,93,55
418,120,91,56
418,120,91,56
419,120,90,56
417,119,93,58
418,119,92,59
418,120,92,58
418,120,93,57
419,119,92,58
419,120,92,58
420,119,92,60
420,120,92,59
420,121,93,58
419,122,95,56
419,122,96,55
421,122,96,55
421,120,93,55
422,120,92,57
423,120,92,57
425,121,91,57
426,121,89,58
427,122,88,56
428,123,87,55
429,124,89,54
429,123,88,54
429,123,90,56
428,123,90,54
432,123,88,54
432,123,87,53
433,124,85,51
433,124,87,54
435,124,86,53
435,124,84,55
433,124,88,55
433,124,89,56
435,124,87,59
434,123,87,57
434,124,89,54
435,126,87,52
437,126,87,52
437,124,87,54
438,126,87,53
438,126,86,53
439,127,86,51
439,125,86,54
435,125,91,55
436,125,90,53
437,126,90,53
436,126,92,52
436,126,91,53
436,127,91,52
438,127,89,50
437,125,90,52
438,125,89,52
437,126,91,54
436,128,92,50
436,126,92,52
436,127,92,52
436,126,91,52
436,127,93,52
436,127,92,51
437,128,92,49
435,129,94,48
436,128,93,49
436,127,93,51
438,127,91,52
438,127,90,52
439,128,88,51
438,127,90,52
438,128,91,52
440,129,89,52
439,129,90,52
439,129,91,53
440,130,91,49
440,129,91,50
441,130,91,49
441,130,90,50
442,130,88,52
443,129,87,51
444,130,87,52
444,130,87,52
445,130,86,51
445,129,86,53
445,129,86,54
447,129,86,53
448,130,81,52
448,130,81,54
447,130,83,53
446,130,85,55
445,130,87,55
446,130,86,55
448,130,85,54
448,130,85,54
447,131,86,53
447,131,86,52
447,132,85,51
447,132,86,53
447,132,87,53
447,132,87,54
448,133,85,54
449,132,83,55
450,132,83,53
451,132,82,54
451,132,82,55
451,131,83,56
453,132,81,56
451,131,82,58
451,131,82,57
450,132,83,57
450,134,85,55
451,134,84,55
451,135,84,53
449,134,85,55
451,134,85,56
450,133,84,56
457,132,79,54
457,132,79,55
459,133,77,54
457,133,79,53
460,135,80,52
459,135,80,53
460,135,79,51
459,134,80,50
461,137,80,48
462,137,78,45
462,138,80,41
464,138,77,41
464,140,78,39
464,140,79,40
464,140,79,38
465,140,78,36
465,138,80,39
465,138,82,40
469,138,76,37
470,139,75,36
482,140,67,32
482,140,66,31
486,141,63,30
487,142,62,29
487,143,68,29
486,143,69,30
489,143,70,32
488,143,72,34
490,143,48,32
490,143,48,32
496,143,45,30
496,143,44,28
514,144,26,16
514,144,26,16
517,145,25,15
528,146,14,12
532,146,12,11
531,146,13,11
533,146,13,11
533,146,13,11
533,146,13,11
533,146,13,11
533,146,13,11
533,146,13,11
533,146,13,11
533,146,13,11
533,146,13,11
533,146,13,11
533,146,13,11
533,146,13,11
533,146,13,11
533,146,13,11
533,146,13,11
533,146,13,11
537,146,13,11
533,146,13,11
533,146,13,11
533,146,13,11
533,146,13,11
533,146,13,11
531,185,62,32
534,181,61,42
536,182,54,39
535,182,55,39
538,184,54,37
536,185,56,36
539,186,56,36
540,186,57,35
540,187,59,36
541,188,58,35
543,191,70,33
543,191,70,32
543,185,70,41
543,185,70,41
543,182,71,45
542,181,72,49
547,182,70,48
548,187,69,41
542,184,77,45
541,183,77,46
542,184,79,47
542,184,79,47
541,190,81,45
540,190,83,45
543,192,81,43
543,197,80,36
546,198,80,34
547,199,78,32
550,200,77,34
553,201,74,34
554,200,73,33
555,201,73,34
558,201,72,38
558,201,70,40
557,200,73,42
564,201,67,41
565,201,68,42
559,202,74,41
557,201,77,42
556,200,78,43
555,200,78,42
555,200,78,43
559,201,72,43
558,200,73,42
558,200,73,42
561,201,71,43
558,202,74,46
558,202,74,45
556,199,77,49
556,199,77,49
558,199,76,51
557,200,77,51
558,201,75,50
558,201,73,48
558,202,74,45
558,200,74,53
561,201,71,49
561,201,71,49
561,201,71,49
563,201,71,48
563,201,71,48
563,201,72,47
562,201,72,47
562,201,73,48
561,200,74,48
560,200,75,47
560,199,75,46
561,198,74,46
561,198,74,47
561,197,74,48
565,203,71,45
566,204,69,43
564,205,73,41
564,205,74,40
560,205,77,41
560,205,76,41
563,203,75,44
562,202,76,43
562,202,75,42
562,200,73,52
561,200,74,54
558,203,78,51
558,202,79,51
558,202,79,51
560,202,78,52
560,202,78,52
560,202,78,51
559,201,79,52
562,201,75,53
563,200,73,52
565,200,70,51
565,200,68,50
563,200,71,50
563,199,71,50
563,199,71,51
563,199,71,51
564,199,71,51
565,199,70,50
564,198,70,53
568,197,66,53
569,196,65,55
568,195,67,57
569,195,65,55
569,195,64,53
569,195,63,53
574,196,59,53
577,196,55,54
578,196,55,54
580,196,53,53
581,196,52,53
579,195,55,54
578,196,54,55
578,196,54,54
578,195,54,54
578,195,54,54
578,195,54,54
575,194,61,52
575,192,62,54
572,191,64,53
570,190,66,53
568,189,67,52
567,188,67,52
567,191,66,52
569,191,62,53
570,195,62,50
570,195,60,48
571,196,58,47
571,195,57,48
571,193,57,50
571,192,56,51
570,190,56,53
571,190,56,54
569,190,64,52
569,190,65,52
568,191,64,51
568,190,63,50
568,190,63,50
568,190,62,49
567,190,61,48
567,190,61,48
569,191,59,46
569,191,60,47
569,189,62,50
569,189,63,50
568,188,61,49
568,188,61,49
565,188,62,48
563,187,63,49
561,186,64,49
561,186,63,48
561,187,64,46
563,189,63,45
563,189,65,45
564,187,63,47
564,186,64,48
565,185,63,48
565,186,62,47
565,187,64,46
563,188,55,44
563,188,55,44
578,186,39,46
580,185,37,45
580,184,34,44
578,183,35,44
577,182,36,41
577,182,35,40
576,181,34,39
577,183,33,38
577,183,32,37
577,183,31,36
577,184,30,35
577,184,29,34
573,183,37,35
572,183,36,34
572,183,37,35
572,183,37,35
571,182,36,35
571,182,36,35
570,181,36,35
570,181,36,35
569,180,36,35
569,180,35,34
568,181,34,34
568,181,33,33
567,181,33,34
567,181,32,33
566,180,33,32
566,180,32,32
569,181,30,31
569,180,29,30
570,180,29,30
571,181,29,30
571,180,29,30
571,180,29,30
570,180,29,30
559,173,37,35
552,172,43,29
552,172,43,29
547,170,49,35
548,171,48,35
547,171,49,36
547,171,46,36
547,172,45,37
547,172,45,37
546,172,45,38
546,172,44,38
545,172,44,39
544,171,44,39
543,171,45,40
543,170,46,40
542,170,47,41
541,169,47,42
540,170,44,45
539,169,45,46
538,169,45,47
537,168,45,48
537,173,47,47
536,173,48,46
539,171,44,48
539,171,45,49
539,172,41,49
538,172,40,50
537,172,42,50
536,173,43,48
536,173,42,48
535,173,42,49
535,172,40,50
535,171,39,51
535,172,39,51
535,172,38,52
536,173,39,51
535,172,40,52
535,171,41,53
538,170,52,53
538,169,52,53
537,168,52,54
538,169,49,54
540,169,47,55
543,169,45,52
547,170,42,53
547,170,38,53
547,170,37,51
547,169,43,51
547,169,43,51
545,189,43,35
549,189,42,34
548,188,41,33
538,170,36,54
519,172,36,41
519,172,35,39
520,174,29,36
520,175,27,35
520,171,27,38
521,172,26,39
520,168,32,44
520,168,31,44
519,169,26,41
519,170,25,40
520,174,18,35
519,174,19,34
519,176,18,29
519,176,18,29
519,178,19,30
519,178,15,29
516,179,15,30
538,170,36,54
538,170,36,54
538,170,36,54
538,170,36,54
538,170,36,54
531,166,30,32
528,167,34,30
526,167,33,29
526,167,36,31
526,167,40,38
525,166,41,39
524,165,38,40
525,164,38,42
525,165,38,34
525,165,38,34
519,166,35,36
519,166,35,36
519,165,34,36
519,165,35,38
518,163,36,40
518,162,36,41
517,162,37,46
517,162,37,47
516,164,38,47
514,164,39,47
514,165,39,46
513,164,40,47
513,165,40,47
515,165,38,46
516,166,36,45
517,167,36,44
517,166,34,44
516,166,34,44
516,166,35,44
516,166,36,46
516,166,35,45
516,166,35,45
516,166,40,46
515,165,40,47
514,164,42,48
516,164,39,49
516,166,38,47
517,166,37,45
509,162,46,48
510,163,43,49
512,165,41,48
513,163,40,49
513,163,40,49
511,163,44,50
501,165,55,49
504,166,50,47
503,168,51,45
504,164,50,48
506,167,50,46
507,167,47,47
505,166,48,50
505,165,49,51
506,163,48,54
506,164,49,53
505,164,51,61
504,164,52,62
504,165,53,63
504,165,53,65
508,165,47,62
509,165,45,60
510,166,47,63
508,165,49,64
507,167,49,63
507,166,46,63
506,168,47,61
505,168,47,61
504,169,48,60
503,170,49,61
504,171,48,58
504,171,49,57
507,171,47,58
508,169,47,60
508,170,47,59
508,170,47,59
510,170,45,57
511,170,44,53
510,170,45,52
510,169,45,52
509,169,46,51
508,169,47,51
507,170,48,52
508,170,48,51
508,171,46,50
508,170,46,51
508,170,46,50
509,169,45,51
508,169,47,51
507,169,47,51
506,169,49,51
506,169,48,52
507,169,47,51
506,168,48,52
506,167,48,53
506,167,48,53
505,167,50,54
504,167,50,55
504,168,52,54
504,167,51,53
502,168,54,53
502,168,54,53
501,169,54,52
500,169,57,52
499,168,57,52
498,166,58,54
497,165,56,54
497,163,57,55
496,163,57,56
495,163,58,57
495,164,57,56
495,163,59,54
494,163,58,56
494,163,57,55
493,163,57,55
492,161,57,59
491,160,56,57
490,160,57,56
488,160,60,59
488,160,60,57
487,160,60,57
488,160,58,56
487,159,57,59
486,159,59,58
485,158,60,61
486,158,58,61
485,159,59,61
485,159,58,60
483,158,61,61
482,158,62,63
480,157,65,64
481,157,65,63
481,154,60,64
482,155,58,63
482,155,57,63
482,154,57,65
483,155,56,64
484,156,56,64
483,157,55,55
483,157,55,56
482,157,55,56
481,157,57,54
481,157,59,53
481,156,57,55
481,155,57,57
481,155,57,56
481,156,57,55
480,156,58,55
481,156,59,55
480,156,59,56
482,156,59,56
483,156,59,55
483,156,58,56
484,157,59,52
485,154,58,53
484,153,57,54
482,153,62,52
480,153,65,53
481,153,59,55
481,153,58,54
481,152,60,54
481,153,61,52
483,153,55,53
483,152,56,54
484,152,55,55
483,152,53,56
484,151,52,56
484,151,52,56
484,151,53,55
484,151,54,54
485,152,54,53
486,152,54,49
488,153,52,48
489,153,50,47
490,152,47,48
490,153,47,50
489,152,50,52
488,152,50,49
488,151,51,52
488,150,54,51
488,151,53,52
488,152,52,52
487,152,55,51
487,151,56,51
488,152,54,50
488,152,53,49
487,152,52,48
486,152,53,47
487,153,53,46
488,153,52,45
489,154,49,44
487,153,51,45
487,152,52,46
486,151,52,45
486,151,55,47
485,150,56,48
489,157,48,42
489,156,48,43
492,157,45,43
492,156,47,45
493,156,45,46
493,155,43,44
485,156,56,42
484,156,58,44
483,157,59,43
481,156,61,45
481,155,62,46
481,155,63,48
479,154,68,51
478,152,68,52
477,151,70,54
477,152,71,54
477,152,71,54
476,152,71,53
477,152,70,52
481,153,69,50
482,153,69,50
483,153,69,50
484,153,69,50
484,153,69,50
485,153,69,50
483,153,74,52
482,153,75,52
482,153,76,53
482,152,77,54
481,153,75,54
481,153,76,55
482,153,76,52
482,153,77,53
481,152,78,52
482,153,78,52
484,153,77,54
489,154,73,53
489,154,72,52
496,156,67,50
496,156,65,48
495,156,69,50
495,155,68,52
495,154,69,53
495,153,70,54
495,152,71,55
491,154,75,51
493,157,72,49
494,156,71,48
492,156,74,49
491,156,74,50
492,157,75,50
492,157,76,51
493,157,75,51
493,158,74,49
495,158,74,48
493,158,75,49
494,157,77,49
493,157,78,50
494,157,78,50
497,157,74,50
500,157,73,49
500,157,74,50
501,157,74,50
500,156,73,50
501,157,74,51
503,156,71,51
505,157,70,53
505,156,69,52
504,156,73,53
505,157,73,52
505,157,74,54
506,157,74,54
506,157,72,55
507,156,73,56
507,156,74,54
506,156,75,55
506,156,74,56
509,155,71,55
511,155,70,54
511,157,69,55
514,155,67,53
514,156,66,52
516,158,65,51
516,157,64,50
516,157,68,49
516,156,69,50
516,155,67,54
516,154,66,55
518,154,66,55
520,154,63,53
539,155,46,55
540,154,44,56
541,154,43,57
543,152,41,57
540,153,44,57
539,152,45,55
541,155,45,42
541,155,45,42
543,156,44,41
544,156,44,41
545,156,43,40
545,156,43,40
546,157,42,39
545,156,42,39
545,156,41,38
546,157,40,37
546,157,39,36
547,158,38,35
548,158,38,35
549,155,41,39
549,155,40,38
550,156,40,38
550,156,40,37
548,156,42,38
548,156,40,38
525,154,64,37
522,157,69,34
524,157,67,34
524,155,72,37
525,155,70,37
526,155,70,36
525,155,71,36
526,155,69,34
526,156,69,34
526,156,69,34
526,156,69,34
525,155,72,39
523,154,74,41
523,153,74,42
523,153,73,44
521,152,75,47
521,153,77,45
521,153,77,44
522,153,76,45
523,154,75,42
523,154,73,40
525,153,74,42
525,153,74,42
522,153,77,43
521,152,78,43
519,152,79,44
520,152,78,45
521,152,76,44
520,152,79,43
521,152,79,43
519,152,82,43
519,152,82,43
519,152,82,44
518,152,82,42
517,152,82,42
518,152,82,42
517,152,82,42
523,152,80,45
524,151,78,45
522,152,81,45
521,151,81,45
521,152,82,46
519,151,85,48
519,150,84,47
520,150,82,48
525,151,78,46
525,151,77,46
526,151,77,45
526,151,76,44
527,151,76,44
527,151,76,44
528,152,76,44
528,152,76,44
529,152,75,43
530,154,74,42
531,155,74,41
531,155,74,41
531,152,74,43
531,152,74,43
530,153,67,43
529,154,67,42
529,154,59,41
528,154,59,41
528,154,62,40
529,155,61,39
532,155,59,40
532,155,58,39
536,159,56,36
537,160,54,35
539,157,53,37
539,157,53,37
539,156,56,33
539,156,56,33
539,156,57,34
540,156,58,35
543,158,55,39
543,157,54,41
546,159,52,41
547,159,49,39
551,161,46,36
552,162,44,35
550,160,46,37
552,158,47,41
554,163,45,41
553,161,47,47
553,161,50,48
553,162,49,47
553,163,49,45
553,164,50,43
553,164,49,42
558,166,45,40
560,169,43,39
560,170,43,38
561,173,41,35
561,173,40,34
564,175,40,32
564,175,39,31
564,175,68,57
563,175,69,58
563,176,69,58
564,176,70,58
582,196,54,42
582,196,54,42
582,197,54,42
582,197,54,43
582,198,53,44
581,197,54,45
581,198,55,46
582,199,54,45
581,201,57,48
580,201,57,48
579,201,58,49
578,200,59,49
574,205,63,47
573,205,63,47
573,207,63,45
572,206,64,47
566,207,73,50
565,207,72,49
568,205,70,53
568,204,71,54
568,205,71,59
568,205,72,59
567,201,71,63
568,202,72,62
566,202,73,61
566,201,73,61
565,201,73,61
567,202,71,60
577,205,60,58
577,206,59,57
580,208,55,54
580,208,53,54
581,209,54,55
582,210,55,54
582,211,58,58
582,212,58,59
583,213,57,57
583,213,57,58
583,214,57,58
584,215,56,58
584,216,56,58
584,216,56,58
584,217,56,58
584,216,56,54
579,214,61,55
578,213,62,56
583,213,57,56
583,212,57,57
584,212,56,56
584,211,56,57
578,210,62,62
577,210,63,62
578,211,62,63
579,212,61,63
580,212,60,62
579,216,61,57
579,216,61,55
578,216,62,54
577,216,63,53
576,217,64,55
584,216,56,56
583,215,57,57
585,215,55,58
586,217,54,55
588,215,52,58
588,214,52,59
589,213,51,59
589,214,51,58
589,215,51,56
590,214,50,56
589,214,51,56
589,213,51,56
588,213,52,57
587,212,53,56
585,214,55,54
585,216,55,50
585,216,55,49
584,215,56,50
582,215,58,50
581,215,59,51
581,213,59,53
583,212,57,56
582,211,58,56
582,210,58,57
582,209,52,56
581,208,53,56
581,208,53,56
581,208,53,56
580,207,54,55
581,208,54,53
581,208,55,52
581,208,55,52
580,207,56,54
579,206,57,55
579,206,58,56
579,206,55,54
576,208,58,52
576,209,58,51
577,209,57,50
576,209,59,51
575,208,59,50
574,208,61,51
572,207,61,52
571,206,62,52
570,207,62,52
569,207,63,52
567,204,65,56
567,204,65,60
565,203,67,63
566,204,66,61
565,206,68,59
565,206,67,57
563,208,69,57
562,209,70,56
561,210,72,56
561,210,73,56
559,211,76,56
559,211,76,54
557,212,78,55
556,213,80,54
555,214,80,53
554,214,81,52
554,215,81,51
554,213,81,52
553,211,78,58
554,211,76,57
551,211,80,56
551,211,81,57
550,210,80,58
550,210,80,59
549,210,82,58
548,207,85,61
547,207,87,62
545,209,89,61
544,212,91,63
543,213,91,62
541,215,92,59
541,215,91,56
540,216,87,52
540,216,86,51
540,217,85,49
540,217,83,47
540,215,83,49
539,214,84,53
539,212,86,55
539,210,87,60
538,210,89,62
537,210,89,64
536,215,85,61
537,216,83,59
535,218,78,57
535,222,76,53
533,220,77,55
532,219,77,55
532,219,79,57
532,218,79,58
530,219,79,57
530,219,79,57
528,220,79,57
530,222,78,52
528,223,78,50
528,223,79,50
526,225,78,50
526,224,77,51
526,223,75,52
526,223,74,53
526,222,75,54
526,222,75,54
524,221,76,52
525,222,74,51
525,221,74,51
525,221,75,50
518,220,80,49
520,220,81,51
518,220,82,49
520,221,79,49
521,220,77,53
518,219,80,53
518,218,79,53
519,217,76,54
519,216,77,55
519,215,73,59
520,214,71,59
520,213,71,60
520,215,67,55
520,215,67,55
519,214,66,54
519,215,66,54
518,214,66,54
518,214,66,54
519,214,66,54
519,214,66,54
518,213,61,54
519,213,61,54
522,217,60,53
524,214,55,54
523,214,55,54
524,213,55,54
523,213,56,58
526,212,53,61
525,211,53,62
525,211,54,63
524,212,54,63
525,212,52,63
525,213,52,63
525,212,52,63
525,213,52,63
527,213,52,63
526,212,50,63
524,212,50,63
523,211,50,63
521,211,54,63
520,211,55,64
519,210,56,65
518,211,55,62
518,211,56,63
518,210,56,63
518,210,56,63
519,210,56,63
517,210,56,61
518,210,56,61
517,210,56,61
517,210,55,60
516,210,58,60
516,209,58,58
515,209,58,58
516,209,58,58
517,209,58,58
523,208,49,50
523,208,49,50
523,207,49,50
524,208,49,50
523,207,46,50
522,206,46,50
518,206,51,49
517,205,52,50
517,205,53,51
516,204,53,52
516,204,53,53
516,204,58,53
517,205,57,52
516,206,56,51
516,207,55,50
515,207,55,50
515,207,55,50
516,207,55,50
517,207,55,50
518,208,55,50
515,210,55,50
514,210,55,50
514,211,55,50
513,211,55,50
514,212,54,49
514,212,54,49
518,215,54,49
518,215,54,49
520,217,53,48
520,217,53,48
521,218,52,47
521,218,52,47
521,219,51,46
521,220,51,46
522,221,51,46
521,221,51,46
523,219,61,46
523,219,61,46
523,219,61,46
523,219,60,45
522,218,65,42
522,218,65,42
521,218,70,46
520,217,71,47
520,217,69,51
520,217,68,50
520,217,68,50
519,219,69,48
519,219,69,48
520,219,69,48
521,220,68,46
521,220,66,45
521,220,67,46
522,219,65,47
523,220,66,47
523,220,66,47
523,220,65,48
522,219,66,49
521,219,66,49
524,218,63,49
524,218,63,49
523,217,64,50
524,218,64,51
523,217,65,52
524,217,66,53
523,216,66,54
523,217,66,54
525,218,63,51
526,218,62,51
525,217,63,52
525,218,61,50
525,217,63,50
525,217,64,51
525,217,65,52
525,216,66,53
525,216,67,54
525,216,67,53
525,216,68,53
525,217,64,53
525,217,61,50
526,217,59,48
525,216,60,48
524,215,61,49
523,214,61,50
523,214,62,51
523,214,59,51
522,213,60,52
521,212,61,52
521,211,61,51
522,211,60,50
521,212,61,51
520,211,61,52
522,214,55,49
521,213,57,51
521,213,58,52
520,212,59,53
520,211,60,53
521,211,61,53
524,208,59,53
524,208,59,54
524,207,59,54
524,207,59,55
523,208,59,55
522,208,59,55
521,206,59,56
521,205,59,56
522,204,59,56
523,204,58,56
523,203,59,56
522,202,40,56
520,202,42,58
520,202,42,59
519,201,42,59
518,200,42,60
517,200,43,61
517,200,42,59
516,199,43,60
515,198,44,61
515,197,43,61
515,198,43,61
513,197,55,59
513,196,55,59
512,199,56,57
511,199,57,59
510,198,58,57
510,199,61,55
509,198,62,56
508,197,63,56
511,197,62,56
511,197,63,56
509,196,68,56
510,196,65,55
511,195,65,57
511,195,64,57
511,194,65,57
510,193,66,58
510,196,75,57
509,195,76,58
510,195,76,58
508,194,75,57
511,194,74,57
510,193,75,58
513,194,73,56
514,192,71,58
514,193,73,57
514,192,73,57
514,193,72,57
515,193,73,58
514,193,72,58
513,193,72,57
513,193,74,56
514,193,73,57
514,192,71,56
515,191,71,56
516,191,70,56
516,191,70,56
517,192,69,56
517,192,68,56
517,192,68,53
518,191,68,51
518,191,69,51
518,190,68,52
516,189,70,52
516,189,68,52
515,188,69,53
515,188,69,52
515,188,70,53
515,189,70,53
515,189,70,53
515,189,70,53
515,189,70,41
515,189,70,40
515,189,70,39
517,190,64,40
517,190,67,39
517,190,67,38
516,190,66,38
516,189,65,39
518,189,67,40
515,189,66,39
516,185,59,43
516,188,58,39
518,187,57,40
517,186,57,41
518,188,57,39
520,188,54,39
519,187,54,39
519,186,55,37
519,186,55,36
519,188,54,36
519,187,53,35
519,185,52,38
518,185,53,43
519,185,52,42
519,184,53,41
518,184,52,42
519,184,52,42
517,184,54,41
517,183,53,41
517,183,53,39
517,183,52,40
517,183,53,40
516,183,53,41
514,182,54,41
515,184,54,40
513,184,56,39
513,183,58,39
513,183,58,39
513,184,58,39
514,184,57,38
515,184,55,36
514,180,56,43
516,179,56,44
517,180,56,44
516,179,57,44
516,178,57,45
513,177,59,46
514,177,61,46
513,176,61,46
514,178,60,44
514,177,61,45
515,178,60,44
515,177,60,45
515,177,59,45
515,177,63,46
515,178,64,47
516,179,60,45
514,179,61,43
516,179,61,45
515,178,61,47
516,178,60,47
516,177,62,48
515,178,65,49
514,178,65,49
513,177,65,49
514,177,65,49
514,177,65,48
515,178,66,46
514,177,66,46
513,176,66,46
513,176,63,45
513,176,64,45
514,176,64,44
515,176,63,43
515,176,62,42
515,176,62,42
515,175,61,41
516,176,61,42
515,175,61,44
514,175,61,45
513,174,61,49
512,173,62,50
515,172,58,52
514,172,58,52
515,172,58,51
514,171,59,52
514,171,60,53
515,172,60,52
515,171,61,53
514,170,62,54
515,172,61,51
515,172,61,51
514,171,62,52
514,172,60,51
515,172,60,51
515,172,59,51
516,172,60,52
515,171,59,51
515,170,60,52
514,169,61,53
514,168,61,54
516,173,57,51
517,173,56,50
517,173,57,49
517,173,58,48
517,173,58,48
516,172,59,49
515,172,59,49
515,172,60,50
514,171,62,50
513,170,63,51
512,169,64,51
512,168,65,51
513,169,63,49
514,169,64,50
514,170,64,50
521,171,55,49
522,171,55,49
522,170,56,50
522,170,56,51
522,169,57,52
521,169,58,53
522,168,58,54
522,168,58,54
521,169,58,51
520,168,59,52
518,167,60,53
516,170,62,51
516,171,65,49
516,172,65,49
516,171,64,48
515,170,65,49
516,169,65,49
515,170,65,49
516,170,65,49
515,169,64,49
516,169,65,50
516,168,65,51
517,168,65,51
518,169,61,49
518,169,60,48
518,169,59,48
518,169,59,48
518,169,59,48
518,169,59,48
517,168,60,49
516,167,61,50
515,166,62,51
518,168,59,49
518,169,59,49
518,169,59,49
517,168,59,49
519,168,58,48
519,167,58,48
520,167,58,48
519,167,58,48
519,167,58,48
519,166,58,48
519,165,57,47
518,165,57,50
519,166,56,49
518,166,56,49
516,166,58,49
516,166,58,49
516,166,58,49
517,168,57,47
518,169,56,46
517,168,56,46
518,169,56,46
517,168,54,45
516,168,55,46
517,169,56,45
518,168,56,46
518,167,57,47
518,168,57,47
517,167,57,47
517,167,57,47
522,169,53,46
523,170,52,45
525,167,48,49
525,167,48,50
525,167,48,49
524,166,49,50
523,165,50,51
523,167,52,47
523,166,54,47
523,165,55,48
524,166,55,48
524,167,56,49
523,166,56,49
523,167,56,49
522,166,58,49
522,166,58,48
524,170,56,46
524,171,55,45
524,171,54,44
525,169,55,48
526,168,54,50
527,168,52,51
526,167,53,52
525,166,54,52
526,168,54,51
525,168,55,52
528,168,52,52
528,168,52,52
527,167,52,52
527,168,52,52
527,168,52,52
527,168,52,52
528,167,52,52
528,168,51,53
528,167,50,53
527,167,50,53
526,166,50,53
526,167,49,52
526,167,49,52
526,167,49,52
526,167,49,52
525,167,49,52
525,167,49,52
525,167,49,52
525,167,49,52
525,167,49,52
525,167,49,52
524,168,49,52
524,167,49,52
524,167,49,52
524,167,49,52
524,166,49,52
525,167,49,52
525,167,49,52
525,167,49,53
525,167,48,52
524,166,48,52
524,166,47,51
524,165,47,51
525,170,47,48
523,170,47,48
522,169,47,48
522,168,47,48
522,167,47,48
522,168,47,48
522,168,47,48
522,168,47,48
524,167,49,48
523,167,49,50
523,167,49,50
524,166,49,48
523,167,50,48
523,167,50,48
522,166,50,48
523,166,50,48
524,166,50,48
523,165,50,48
523,166,50,48
522,168,52,46
521,169,52,46
522,168,52,46
521,169,52,46
522,170,50,44
522,171,50,44
522,170,50,44
522,169,50,44
521,168,49,44
522,168,49,44
522,168,49,44
522,170,48,43
522,170,48,43
522,170,48,43
522,171,48,43
523,171,48,41
523,171,48,41
524,171,47,40
524,168,46,45
523,168,47,44
524,167,46,44
525,168,45,44
524,167,46,45
524,166,46,46
524,166,47,46
525,167,47,47
524,166,48,48
524,165,49,48
525,168,46,45
525,168,46,45
524,167,47,45
522,169,48,40
522,169,48,39
523,169,48,39
526,168,44,40
526,168,44,39
525,167,43,39
527,168,40,37
527,168,40,37
527,167,40,37
528,166,39,36
528,165,39,36
528,165,38,36
531,168,38,30
532,169,36,28
532,168,26,21
532,168,25,21
532,169,26,22
532,169,25,22
532,168,26,22
532,168,27,23
531,167,28,24
532,167,26,24
532,168,27,24
532,168,27,24
532,168,26,24
532,168,28,24
532,168,29,25
532,166,26,26
532,168,26,23
532,168,26,23
532,168,27,23
532,168,28,24
531,169,29,20
531,169,29,20
531,168,29,20
529,170,32,21
531,169,29,21
531,169,29,21
531,168,29,21
532,170,28,19
532,168,28,21
532,168,28,20
532,167,28,20
532,167,27,21
531,168,26,20
532,168,25,19
532,167,25,20
532,167,24,18
533,168,22,17
533,168,23,16
533,169,23,16
533,169,22,15
533,168,22,15
533,167,22,15
534,168,22,10
538,167,19,10
537,167,19,9
536,166,19,9
533,167,23,16
533,167,23,16
533,167,23,16
533,167,23,16
533,167,23,16
533,167,23,16
533,167,23,16
533,167,23,16
533,167,23,16
533,167,23,16
533,167,23,16
533,167,23,16
533,167,23,16
533,167,23,16
533,167,23,16
533,167,23,16
533,167,23,16
533,167,23,16
533,167,23,16
533,167,23,16
533,167,23,16
533,167,23,16
533,167,23,16
533,167,23,16
533,167,23,16
532,166,23,16
532,166,23,16
532,166,23,16
543,164,22,18
541,161,25,20
543,161,21,20
543,161,24,20
549,164,17,16
548,163,18,17
553,165,12,15
552,164,13,16
552,162,13,16
552,162,13,16
552,162,13,16
552,162,13,16
552,162,13,16
552,162,13,16
552,162,13,16
552,162,13,16
552,162,13,16
552,162,13,16
552,162,13,16
552,162,13,16
552,162,13,16
552,162,13,16
545,162,20,29
552,162,13,16
552,162,13,16
552,162,13,16
552,162,13,16
539,158,30,43
539,159,32,41
539,159,31,40
537,158,31,40
536,157,34,41
537,158,35,43
538,157,33,43
535,159,36,43
535,159,36,43
538,160,32,43
538,160,31,42
538,161,31,43
539,162,30,42
540,162,30,42
535,163,35,42
534,163,35,42
533,163,34,41
532,163,35,42
531,164,38,40
531,158,37,51
531,158,38,51
530,158,40,50
531,158,39,50
529,158,43,49
528,157,44,50
524,157,49,54
521,157,53,57
520,157,53,57
517,158,54,58
517,158,56,61
515,158,57,59
515,158,56,60
516,158,56,60
509,158,63,61
509,159,63,61
510,159,64,62
510,159,62,62
511,159,62,62
512,160,61,63
508,161,64,58
507,161,64,58
506,161,67,59
506,160,68,60
507,160,66,60
508,161,65,60
519,161,54,58
518,160,55,59
520,159,54,60
519,159,55,60
519,158,55,60
521,159,52,62
522,158,50,63
521,159,52,65
520,159,53,62
520,159,54,61
520,159,54,61
520,158,54,62
521,159,52,59
521,159,52,59
522,159,51,59
522,158,53,61
523,159,50,60
524,159,50,60
524,159,49,59
525,159,49,59
526,160,48,58
524,159,48,58
524,160,48,59
524,161,48,59
525,162,48,59
523,162,48,59
523,160,49,59
522,159,53,61
524,159,50,60
525,159,49,60
526,159,48,60
526,159,49,61
527,160,48,60
527,160,49,58
528,161,49,59
528,161,48,56
530,161,45,57
530,159,45,60
530,159,46,60
531,158,46,62
531,158,47,61
531,158,45,60
534,159,42,59
534,159,40,57
534,159,42,59
535,160,41,61
535,159,41,59
535,160,42,58
534,160,43,58
533,160,44,56
533,159,43,58
533,160,43,58
534,160,42,58
534,161,42,58
534,161,43,59
533,160,43,60
533,160,44,59
531,159,46,61
529,159,47,60
527,159,49,61
529,159,47,62
530,158,47,63
529,158,46,64
527,158,47,63
528,159,46,60
527,158,47,61
526,159,50,59
526,158,53,60
525,158,54,60
526,159,54,57
525,159,55,58
528,158,53,57
528,158,53,59
528,157,54,58
528,158,54,59
527,158,54,58
527,161,55,56
527,161,55,57
