905,282,157,173
904,280,157,177
903,281,157,177
902,282,157,177
901,281,157,177
900,280,157,177
899,279,157,177
898,278,159,177
897,277,160,176
896,279,162,173
895,283,166,167
894,282,166,167
893,281,166,167
892,283,165,166
891,282,165,166
890,281,167,166
890,282,168,165
890,281,167,164
890,281,168,163
890,280,168,162
889,279,168,162
889,280,169,161
889,279,169,161
888,279,170,161
887,277,170,161
887,278,171,160
886,277,171,159
886,278,173,158
886,277,173,158
885,276,173,158
884,278,175,158
886,277,176,159
886,277,174,160
887,276,174,160
887,275,174,159
888,277,173,159
889,276,172,159
888,276,172,159
889,277,171,159
891,278,171,159
891,277,170,159
891,279,169,158
894,277,168,160
893,277,168,160
894,277,168,160
894,277,168,160
895,277,167,160
896,277,167,160
897,277,165,160
898,277,163,160
898,277,163,160
900,277,162,160
899,277,162,160
900,278,160,157
899,280,161,156
900,279,160,156
899,278,159,155
899,278,160,157
901,278,159,157
901,278,159,157
900,278,159,157
900,279,159,157
901,279,159,157
903,279,159,157
903,278,158,158
903,278,157,158
903,278,157,160
903,277,157,160
903,279,158,157
903,278,159,157
903,277,160,160
903,278,160,161
903,277,160,161
903,277,159,160
903,277,161,159
904,277,163,158
904,277,164,157
904,276,165,160
904,277,165,159
904,277,166,159
904,278,166,159
906,277,166,157
906,278,166,158
906,278,166,157
906,277,166,159
907,276,165,159
907,275,165,159
907,277,165,158
907,276,165,158
907,277,165,156
907,276,166,158
906,277,167,154
905,276,169,154
906,277,168,154
905,276,168,155
907,275,166,153
907,276,166,156
907,276,166,154
907,275,167,154
906,276,168,153
906,274,169,156
906,275,169,154
906,274,169,156
907,273,169,155
907,273,169,155
908,273,168,154
909,274,167,153
909,273,166,152
908,274,167,151
907,274,168,150
907,273,168,153
907,272,168,153
907,273,168,152
907,271,170,153
906,271,170,153
901,270,177,154
900,270,176,153
899,270,178,153
899,268,180,155
898,268,181,155
898,267,181,156
897,270,181,154
895,268,181,156
895,268,184,156
894,269,184,154
894,269,183,154
893,268,185,154
890,266,188,156
889,266,188,157
889,266,189,156
889,266,189,158
887,266,189,157
888,266,189,156
889,265,188,158
889,264,188,158
889,264,187,160
888,264,186,161
890,264,183,160
889,263,183,162
890,263,181,163
891,263,181,163
892,263,179,164
892,263,179,163
893,263,179,164
894,263,177,163
894,263,175,164
894,264,173,161
894,264,173,162
894,264,172,160
895,263,169,163
896,263,168,163
895,263,166,163
898,263,163,162
898,264,162,161
899,264,161,161
899,265,160,161
900,266,158,160
900,267,157,159
899,268,156,159
898,269,154,158
887,270,163,156
895,275,153,159
891,276,155,165
891,277,154,164
891,279,155,167
890,280,155,136
889,281,156,131
888,281,157,130
891,281,158,128
896,283,155,125
901,283,152,122
906,288,149,115
905,289,152,113
900,290,159,109
899,293,161,109
887,296,177,111
887,298,182,115
890,297,180,120
894,297,181,125
895,297,181,129
899,293,180,139
904,291,176,146
903,289,177,154
905,289,177,156
905,294,180,155
905,302,186,150
905,304,188,151
905,309,192,151
905,315,195,146
912,320,193,144
916,333,193,135
916,335,206,134
924,333,200,140
927,329,191,143
926,326,189,148
925,330,189,145
924,334,189,141
922,334,189,141
924,332,191,143
917,332,197,143
916,332,199,142
915,335,201,143
914,337,203,143
913,338,203,143
910,341,206,140
909,343,206,140
909,346,208,142
909,348,208,140
909,353,208,135
905,351,212,138
905,355,211,135
905,356,210,134
902,356,213,135
901,358,214,133
900,358,213,132
899,360,213,130
898,360,213,131
897,362,213,128
896,362,214,132
897,361,212,131
896,361,211,134
895,370,212,129
895,369,212,129
894,371,212,129
894,373,211,127
893,377,210,123
892,373,211,128
893,373,210,128
892,378,210,122
893,378,209,124
893,378,208,122
892,378,207,123
894,378,206,122
899,379,201,125
904,383,197,120
904,382,197,123
903,383,197,122
902,384,197,122
901,381,198,124
900,380,198,124
899,381,200,125
898,381,202,125
901,382,198,123
900,382,198,123
901,382,196,123
902,381,195,123
901,383,195,120
905,382,190,120
904,382,191,123
904,382,189,123
905,383,188,122
904,382,188,122
903,384,188,122
902,384,188,122
901,383,188,126
901,383,189,127
900,382,190,128
900,381,189,129
900,380,188,130
899,382,189,129
898,382,189,130
897,383,190,131
897,382,190,130
896,382,190,131
896,378,190,135
895,377,190,137
896,380,190,135
896,382,189,133
895,381,188,135
895,378,187,138
895,380,187,135
890,381,190,136
889,381,190,136
890,380,189,138
890,379,188,138
890,379,187,137
891,378,184,137
892,377,182,138
892,376,182,138
892,377,179,137
891,376,178,138
890,375,177,137
890,374,176,137
890,373,175,138
890,372,174,139
890,371,174,140
889,370,174,140
890,369,171,140
890,369,170,140
891,369,168,139
893,368,166,139
893,367,164,138
893,366,164,138
895,367,161,137
894,366,160,137
896,365,157,136
896,366,157,136
896,366,156,135
896,366,155,134
896,364,154,135
898,363,153,134
899,363,152,135
899,363,151,134
901,359,149,138
901,360,148,137
903,360,147,136
903,361,146,136
902,361,147,135
901,361,147,134
900,361,148,133
903,361,145,132
903,361,144,133
905,361,143,133
906,360,141,134
906,360,140,135
908,359,138,135
907,358,138,134
909,358,135,134
908,357,134,135
909,357,133,135
911,358,132,135
910,358,132,135
913,357,129,134
914,357,129,134
915,357,128,135
914,357,128,135
917,356,125,134
918,355,123,136
920,354,121,136
920,353,121,136
920,353,121,138
920,353,121,138
920,353,121,138
920,354,120,137
919,355,119,136
919,355,118,135
918,356,118,134
917,355,119,136
916,355,120,135
916,354,120,136
916,353,119,135
915,353,120,135
914,352,121,134
913,351,121,135
912,350,121,135
911,349,122,136
910,348,123,136
910,349,124,136
909,348,125,135
906,347,127,134
906,347,129,133
905,346,129,134
905,345,128,133
904,344,129,132
904,343,130,134
904,342,130,133
903,341,131,135
902,340,131,134
901,342,132,134
903,342,129,133
904,341,128,132
901,342,131,131
900,342,131,130
901,342,130,131
900,342,133,131
899,341,133,132
900,340,133,132
899,341,133,132
899,341,132,131
898,341,132,131
897,342,134,130
896,342,136,130
898,342,136,130
897,341,135,131
898,340,134,132
897,339,133,133
897,338,135,133
898,339,135,133
898,338,134,132
898,340,134,131
898,339,136,132
898,339,137,132
897,337,139,132
897,336,141,132
897,334,142,132
897,334,143,131
897,334,144,131
897,332,145,131
898,332,146,132
900,330,145,131
901,328,147,131
902,326,147,131
903,325,148,131
903,324,147,132
903,325,149,131
903,324,151,131
903,324,152,131
903,323,154,131
902,324,155,130
902,323,155,130
900,322,157,130
901,324,157,129
900,323,159,129
899,320,160,131
899,319,161,131
899,321,161,130
898,320,162,130
896,320,164,131
895,319,165,130
895,320,166,129
894,319,166,129
893,318,167,129
892,319,167,128
890,319,169,130
890,318,170,129
887,319,172,129
886,318,172,128
885,318,174,129
884,318,176,130
881,317,177,131
880,316,177,130
880,315,178,131
880,314,179,133
880,313,179,133
878,314,181,133
877,316,182,132
874,315,186,131
874,316,185,130
874,316,186,130
874,315,186,130
874,314,187,129
874,314,187,130
872,313,188,131
871,312,190,130
870,313,192,129
869,313,193,129
868,312,193,129
867,311,196,129
868,312,195,129
867,311,195,129
866,310,196,129
865,310,196,129
864,309,198,129
863,310,197,128
865,309,196,128
864,310,197,128
865,310,197,128
865,310,196,127
864,309,197,128
864,308,197,129
863,307,197,129
864,306,197,129
863,308,199,128
862,308,200,127
863,309,200,126
863,308,200,126
863,309,199,125
863,308,199,125
863,307,201,127
862,306,201,129
861,306,201,128
861,307,200,127
861,307,202,127
861,306,203,129
860,307,204,128
860,306,206,127
860,307,206,127
860,306,206,127
857,305,209,129
857,306,209,129
857,305,212,129
857,304,213,129
857,305,214,129
855,305,216,127
855,304,217,128
853,305,219,127
853,304,219,127
851,303,219,127
851,304,223,128
852,304,223,127
852,303,224,128
852,303,223,127
851,302,225,128
851,303,227,127
849,304,228,127
849,303,230,129
849,303,230,128
849,302,230,127
848,302,232,127
848,301,232,126
848,301,233,128
845,301,236,128
845,300,237,129
845,300,237,130
847,301,235,128
847,302,234,127
847,302,234,126
847,301,234,129
847,300,233,130
847,302,233,128
847,302,234,127
846,303,234,127
846,302,235,128
845,304,235,127
845,303,234,127
845,305,234,126
845,304,235,127
845,305,234,127
845,304,234,128
845,303,234,130
846,302,233,131
848,301,231,132
848,301,230,133
848,301,229,133
848,301,228,133
858,300,219,135
862,300,213,135
865,300,211,135
864,300,210,136
867,302,207,135
867,302,206,134
867,302,205,134
867,302,206,133
867,304,206,133
869,304,205,132
869,304,205,133
869,304,205,133
872,304,205,134
872,304,205,134
872,303,205,137
872,303,204,134
872,303,204,138
872,303,203,137
874,303,203,137
875,302,204,137
875,301,203,138
876,301,202,138
876,303,202,138
876,304,202,138
876,303,201,138
876,303,201,139
876,302,203,139
876,302,202,140
877,301,203,141
877,303,203,141
877,302,203,141
876,302,202,140
880,304,198,139
880,305,197,138
880,304,197,139
880,302,198,142
879,302,197,141
878,304,196,140
877,304,199,140
877,304,199,141
879,306,198,139
878,306,198,140
878,306,198,139
878,306,198,139
878,307,197,138
873,306,201,140
874,307,202,140
878,308,197,138
878,308,197,139
877,308,198,138
877,309,197,138
879,309,194,138
879,308,193,140
883,307,191,141
883,307,191,141
886,307,188,143
886,310,188,143
888,310,186,142
888,311,186,142
886,310,188,141
882,310,192,141
881,311,191,142
880,311,191,142
879,310,191,144
881,310,190,143
881,309,190,145
880,309,190,144
879,308,190,145
878,309,190,144
879,311,189,144
878,311,189,144
877,310,189,143
874,312,191,143
873,311,191,144
872,311,191,144
872,313,192,143
871,312,192,144
870,311,192,146
867,310,196,147
866,309,196,147
865,310,196,149
865,309,197,149
863,308,198,150
862,307,198,151
861,308,198,151
861,308,197,150
861,307,198,149
860,306,199,152
860,305,199,154
859,305,199,153
861,304,199,155
860,303,198,156
859,303,198,156
858,305,200,155
857,305,199,154
856,303,198,156
859,303,198,156
859,302,198,156
863,302,194,156
861,302,192,158
860,302,192,158
863,300,194,161
862,300,194,161
862,296,194,165
863,296,192,165
862,296,191,164
861,296,191,164
860,298,192,164
861,299,189,163
862,301,189,163
856,301,193,163
855,301,193,163
853,302,194,163
851,303,195,162
849,306,195,159
847,306,196,159
845,306,198,159
843,308,200,157
841,308,201,158
839,310,204,157
837,310,204,156
835,310,206,155
834,313,209,155
832,314,208,154
835,315,207,153
837,318,206,153
841,318,204,152
843,322,200,147
848,322,195,146
852,322,190,143
855,323,186,142
854,323,186,142
853,323,186,142
853,323,183,142
852,324,183,142
852,328,179,138
855,328,171,137
847,330,180,137
846,330,179,136
840,335,184,130
839,335,184,129
839,335,183,128
835,338,185,123
830,338,187,120
829,338,187,118
822,338,189,114
818,337,191,114
817,336,195,114
817,336,195,119
817,335,203,121
823,335,201,120
830,335,194,127
838,335,186,135
842,332,183,134
844,330,182,139
844,330,182,139
843,331,180,144
842,331,180,144
845,330,175,143
845,330,174,142
845,330,173,141
844,330,172,140
843,329,172,139
841,329,171,138
841,329,171,138
842,330,164,137
842,329,163,138
841,328,163,138
841,327,165,138
841,330,170,134
839,329,176,134
838,333,183,129
841,333,180,129
841,332,179,130
841,331,178,129
842,331,173,125
843,331,176,128
844,331,177,127
851,331,171,126
857,331,167,126
863,338,159,118
874,341,147,115
877,347,146,110
873,352,150,107
872,352,150,110
874,351,151,111
874,351,151,111
873,351,148,111
875,351,148,111
877,348,148,113
878,350,147,108
880,349,143,108
879,350,143,108
878,350,148,107
874,351,151,107
876,352,149,109
873,352,151,108
875,356,149,104
875,358,151,105
872,358,154,107
872,360,154,105
871,360,154,105
870,359,154,105
875,361,148,105
878,361,145,105
875,361,148,105
875,364,148,103
877,366,145,103
877,366,144,102
874,368,145,100
874,366,144,101
874,368,142,102
875,368,140,102
873,368,142,102
877,367,139,106
878,367,139,108
887,367,131,110
892,367,128,116
906,367,115,116
915,367,112,116
920,366,108,118
930,366,104,118
932,368,104,121
932,369,104,121
928,368,109,124
924,370,116,124
926,370,117,124
925,370,117,124
924,370,119,129
921,367,119,129
918,370,123,128
921,370,121,128
916,370,144,128
918,370,143,128
918,368,143,133
917,368,143,136
910,368,154,136
910,368,154,136
910,363,156,143
910,364,156,143
906,369,161,139
907,369,163,139
910,371,160,141
916,375,147,137
918,375,147,137
923,383,142,127
928,387,142,123
931,392,135,118
933,392,135,118
943,393,125,118
956,395,103,119
961,396,100,119
964,394,97,122
967,395,95,130
970,401,94,123
970,398,93,127
982,403,88,124
984,410,85,116
985,414,78,116
988,395,76,138
992,395,77,138
985,386,77,143
981,386,86,146
982,391,82,139
982,391,86,142
988,390,84,142
984,383,84,148
982,382,87,150
984,381,86,153
982,380,91,152
982,379,88,155
981,378,89,160
982,380,89,154
985,376,88,157
987,375,87,157
987,378,89,154
985,384,91,145
985,380,93,150
989,380,89,147
986,377,92,150
984,371,94,157
988,374,90,154
987,372,90,156
987,372,92,159
986,371,93,156
989,374,91,159
992,369,87,163
991,368,91,159
989,368,95,163
993,370,89,159
994,368,89,159
995,370,89,156
990,373,95,156
988,372,97,156
989,372,97,156
991,372,95,156
991,372,95,156
991,371,95,156
992,373,97,153
995,372,97,156
993,370,99,156
989,366,107,166
989,365,107,166
989,364,107,166
991,365,107,166
990,364,107,166
991,364,107,162
991,363,107,162
994,362,107,162
994,361,107,162
996,363,107,162
997,362,107,162
997,361,107,162
997,363,107,158
997,362,107,158
997,361,106,157
997,363,106,154
996,363,106,154
999,362,105,153
999,361,105,153
999,361,105,153
999,361,104,152
999,360,104,152
999,359,104,152
999,359,103,151
999,361,102,150
999,360,102,150
1000,359,99,150
999,361,99,147
1002,360,97,147
1002,360,97,147
1002,360,97,147
1002,360,96,146
999,362,98,145
997,362,100,144
998,362,104,143
994,362,103,142
994,361,103,141
993,362,106,141
993,362,106,141
992,362,106,141
992,362,107,140
992,362,108,139
991,361,108,139
996,361,105,139
996,360,105,139
996,360,105,139
999,360,105,139
998,360,105,139
1000,362,105,139
999,361,105,139
998,361,105,139
997,360,105,139
1000,361,105,139
999,361,105,139
999,362,105,139
999,362,105,135
998,362,105,135
1000,362,106,134
999,362,106,134
998,362,108,134
997,364,109,134
996,363,112,134
995,363,112,134
994,363,114,134
993,363,114,134
994,363,114,134
993,362,114,134
992,361,114,134
989,363,116,134
990,363,115,133
990,363,115,133
988,365,117,133
988,367,118,132
987,367,117,131
986,367,119,131
987,367,119,128
987,367,119,128
986,367,119,128
987,369,118,127
986,369,118,127
983,369,121,127
982,369,121,127
982,369,121,127
982,369,123,127
985,369,119,127
981,369,119,127
984,371,120,127
981,371,125,127
981,371,125,127
981,373,127,127
981,373,127,127
982,374,128,127
982,374,128,127
982,374,128,127
982,374,129,126
983,377,132,126
983,377,132,126
983,377,132,126
982,379,133,126
982,381,134,125
982,381,134,125
982,382,134,125
982,382,134,126
982,384,135,125
982,382,135,130
982,382,137,129
982,384,137,129
983,384,136,128
982,384,137,128
981,384,139,130
981,384,139,130
981,384,140,129
980,387,141,128
980,387,140,127
979,387,141,126
979,387,140,127
977,387,141,129
977,387,142,131
974,387,145,132
973,387,146,133
967,387,153,135
967,387,152,136
965,387,154,136
964,386,156,136
962,389,159,136
962,389,163,136
959,389,166,136
958,388,169,136
956,393,172,130
955,395,175,127
955,394,177,130
954,396,180,130
953,394,182,131
950,393,185,133
947,393,189,134
946,393,192,134
945,392,194,138
942,392,195,137
941,392,194,136
940,392,196,138
939,394,198,137
937,394,202,137
935,394,206,136
933,397,209,135
929,397,215,134
928,397,217,133
927,399,217,134
926,396,217,136
925,396,219,136
924,396,218,135
922,399,222,134
921,399,223,133
920,399,224,134
919,399,223,133
916,399,225,134
915,399,227,133
914,399,228,136
913,399,228,135
912,399,227,134
911,399,226,133
910,402,228,132
909,402,230,134
909,402,232,133
909,402,233,136
907,404,234,135
906,404,236,134
905,404,235,133
904,404,235,133
904,408,234,132
903,409,235,131
903,409,234,130
902,409,235,129
902,409,236,130
903,409,235,130
904,409,235,130
905,409,235,132
906,409,236,132
905,408,238,132
906,410,240,132
907,410,240,131
908,409,240,131
909,410,241,130
910,409,240,129
911,407,240,131
914,406,240,131
916,405,241,131
919,403,241,131
922,400,241,131
926,397,240,130
930,397,242,129
934,394,241,128
938,391,243,127
941,387,243,127
944,383,243,127
947,382,243,127
949,378,245,132
951,374,245,130
953,370,245,130
954,366,244,129
954,362,248,129
957,357,246,131
958,354,246,131
957,350,248,131
957,348,250,131
957,344,250,131
957,340,250,131
956,336,245,131
957,332,252,133
957,327,253,133
956,322,254,133
955,317,255,133
960,311,253,135
960,306,253,135
960,300,253,135
961,294,255,135
963,288,255,135
967,282,257,135
969,277,257,135
971,271,256,134
973,266,256,134
975,260,256,134
977,255,259,134
987,254,255,134
990,246,255,140
994,241,255,140
1002,236,254,139
1014,234,254,141
1021,231,245,140
1028,227,248,139
1034,225,246,143
1041,222,239,144
1047,220,233,144
1062,218,217,147
1069,214,211,146
1076,212,204,149
1083,212,197,150
1090,210,189,150
1092,207,188,156
1095,211,185,155
1096,213,184,158
1097,214,182,163
1097,216,182,165
1100,220,180,164
1104,224,175,167
1104,225,175,170
1107,229,172,170
1108,233,172,170
1111,239,169,173
1116,242,163,172
1118,246,162,171
1120,249,160,176
1121,251,158,175
1122,254,157,174
1122,257,156,173
1122,258,157,177
1122,259,157,176
1123,258,157,176
1125,257,155,179
1127,254,153,181
1128,254,152,181
1130,254,149,185
1140,257,139,182
1131,252,149,185
1136,252,143,191
1145,252,134,188
1148,252,131,191
1153,251,126,193
1159,250,120,195
1161,248,118,194
1164,247,116,194
1173,247,106,193
1176,247,103,193
1180,247,99,188
1182,248,94,182
1188,249,92,177
1195,250,82,173
1204,254,75,171
1211,256,69,169
1222,266,57,160
1228,267,51,113
1240,272,39,101
1248,275,31,93
1257,281,22,66
0,0,0,0
0,0,0,0
0,0,0,0
0,0,0,0
0,0,0,0
0,0,0,0
0,0,0,0
0,0,0,0
0,0,0,0
0,0,0,0
0,0,0,0
0,0,0,0
0,0,0,0
0,0,0,0
0,0,0,0
0,0,0,0
0,0,0,0
0,0,0,0
0,0,0,0
0,0,0,0
0,0,0,0
0,0,0,0
0,0,0,0
0,0,0,0
0,0,0,0
0,0,0,0
0,0,0,0
0,0,0,0
0,0,0,0
0,0,0,0
0,0,0,0
0,0,0,0
0,0,0,0
0,0,0,0
0,0,0,0
0,0,0,0
0,0,0,0
0,0,0,0
0,0,0,0
0,0,0,0
0,0,0,0
0,0,0,0
0,0,0,0
0,0,0,0
0,0,0,0
0,0,0,0
0,0,0,0
0,0,0,0
0,0,0,0
0,0,0,0
0,0,0,0
0,0,0,0
0,0,0,0
0,0,0,0
0,0,0,0
0,0,0,0
0,0,0,0
0,0,0,0
0,0,0,0
0,0,0,0
0,0,0,0
0,0,0,0
0,0,0,0
0,0,0,0
0,0,0,0
0,0,0,0
0,0,0,0
0,0,0,0
0,0,0,0
0,0,0,0
0,0,0,0
0,0,0,0
0,0,0,0
0,0,0,0
0,0,0,0
1254,414,25,93
1233,400,46,123
1219,385,60,138
1207,365,72,162
1193,358,86,172
1175,335,104,199
1160,320,119,231
1144,320,135,240
1127,314,152,257
1116,312,163,262
1098,312,180,262
1079,313,200,266
1058,313,221,270
1040,323,239,262
1022,326,257,267
1009,326,257,269
988,333,257,262
973,331,256,263
960,333,256,260
941,340,274,258
931,339,274,258
921,341,282,260
911,342,288,261
900,342,296,261
889,344,306,261
880,344,315,261
868,347,323,261
861,345,323,261
856,349,333,261
850,350,338,260
841,353,347,260
836,354,350,260
832,355,353,260
829,359,355,261
826,361,356,261
823,363,356,261
822,367,363,261
821,368,362,260
816,373,375,260
815,376,380,260
812,378,384,260
811,379,389,260
810,380,393,260
809,382,397,256
808,383,399,252
803,386,405,250
800,386,410,250
797,386,415,250
794,390,421,250
791,391,425,250
789,392,428,250
787,395,432,250
784,397,438,250
781,398,439,250
781,402,439,250
779,404,441,250
778,408,445,250
775,409,445,250
775,413,445,243
772,415,448,243
769,415,448,243
767,415,449,243
769,417,448,239
769,418,448,239
768,418,448,235
769,422,448,230
768,425,448,226
774,426,448,223
774,420,448,228
778,419,446,228
782,420,443,226
784,418,443,226
788,416,442,226
793,416,440,223
796,413,439,223
798,410,439,223
800,407,439,223
804,404,439,227
808,400,439,227
811,397,438,226
818,399,432,229
821,396,431,228
824,393,430,231
826,391,429,232
828,390,428,231
831,388,427,234
833,389,426,231
836,387,427,231
839,386,428,231
843,386,425,230
845,386,423,229
849,385,422,228
851,386,421,230
854,389,414,226
856,389,410,226
860,392,407,225
862,391,405,221
866,392,398,218
869,391,395,217
873,393,392,215
880,396,387,211
886,396,382,209
893,398,377,207
900,399,372,205
905,400,370,199
910,397,369,198
917,391,362,198
921,389,358,194
923,385,351,192
924,382,346,188
922,377,342,187
920,373,341,187
922,374,332,180
919,371,327,179
918,370,324,177
917,368,321,172
913,365,315,170
912,364,312,166
910,360,309,166
909,356,305,164
905,352,304,163
903,348,297,163
900,347,294,160
898,346,290,158
897,345,288,156
896,343,284,155
895,341,283,154
896,341,281,151
898,341,278,148
900,340,273,150
900,338,272,151
902,339,271,149
903,337,270,148
903,335,269,148
905,333,267,149
907,331,265,148
910,329,264,149
911,329,263,147
912,327,263,147
914,325,262,146
916,324,261,145
921,323,262,147
922,322,259,149
925,321,258,150
925,320,257,151
926,319,257,152
928,318,256,152
930,317,258,152
932,316,263,151
934,317,269,153
936,318,272,155
938,319,271,157
940,321,269,160
943,329,269,165
943,329,268,164
941,340,268,169
943,345,268,170
945,349,276,169
946,354,281,175
947,360,286,176
948,365,294,178
943,370,306,178
942,376,322,181
937,382,335,179
936,385,341,179
932,388,347,176
928,391,351,177
924,394,355,175
921,396,358,175
918,398,361,176
916,400,363,178
910,402,363,178
907,403,364,182
903,404,364,182
898,405,364,182
892,405,364,182
888,405,364,184
883,405,364,185
878,404,362,186
874,403,362,186
870,402,362,186
864,401,362,186
858,399,363,186
852,397,363,186
846,395,365,186
843,395,365,184
837,392,362,180
833,389,358,179
826,386,356,178
818,383,352,178
811,381,344,178
805,378,342,178
798,376,342,178
791,373,341,176
786,370,341,176
780,367,341,176
774,364,341,176
767,363,341,174
764,360,338,174
759,358,333,172
753,357,330,171
749,356,324,168
743,353,321,166
739,350,319,164
734,346,314,164
731,343,308,164
728,340,306,164
723,337,306,164
719,335,305,163
716,333,304,166
716,333,301,164
713,331,300,163
710,332,296,160
709,330,291,159
707,331,287,155
705,333,280,150
704,332,274,150
703,331,267,153
702,330,263,157
701,329,260,158
702,327,260,161
703,326,260,162
703,325,263,163
707,317,259,163
708,314,257,165
709,313,257,168
710,306,257,176
711,305,261,178
710,306,265,179
711,306,268,180
713,305,270,181
711,304,274,183
710,303,274,183
709,300,281,183
708,297,284,183
707,295,287,186
706,294,290,187
705,292,294,188
704,291,297,191
702,291,299,194
699,292,304,196
695,293,309,197
691,295,310,203
689,298,316,203
687,301,320,205
686,303,325,205
685,304,328,210
681,306,332,211
678,305,336,213
673,304,336,213
668,301,338,212
657,300,346,215
656,301,348,214
651,299,348,214
640,296,350,215
636,298,349,213
630,298,349,214
624,299,351,214
618,302,350,213
614,304,351,213
612,304,352,216
609,300,353,216
600,297,365,218
614,291,353,220
623,285,347,221
628,280,340,219
624,272,345,220
626,267,344,222
630,258,343,225
626,254,349,224
631,246,344,228
635,241,344,229
635,236,343,229
636,232,341,229
636,221,340,236
636,221,339,233
636,220,338,232
634,219,338,232
631,219,336,231
634,218,326,231
626,218,332,231
628,219,322,231
627,221,328,233
626,221,326,235
621,224,334,232
624,221,326,237
624,222,328,237
623,222,330,238
622,223,330,238
622,225,331,239
624,225,338,240
626,233,340,237
627,237,343,235
632,240,343,232
634,235,348,237
640,237,342,236
642,240,348,234
644,242,348,232
652,241,342,234
655,241,345,231
652,242,353,231
655,242,354,232
654,241,361,233
660,240,360,234
666,239,363,232
671,238,363,235
667,238,371,235
674,239,367,235
674,242,373,233
681,241,370,225
684,240,374,181
689,239,371,183
690,238,377,183
697,231,374,189
699,230,366,189
701,225,373,193
704,222,372,200
710,221,365,194
713,221,363,195
710,219,361,196
710,217,360,195
709,216,360,195
708,215,351,195
707,215,343,194
707,216,339,193
708,217,333,192
711,217,331,191
707,216,339,191
709,220,344,183
706,222,351,181
708,223,357,180
702,221,372,182
702,220,378,182
703,220,378,182
704,219,378,182
704,218,378,182
704,216,378,182
704,215,378,182
700,213,382,182
699,210,384,182
695,208,384,182
690,208,388,178
682,207,394,178
679,206,402,178
679,207,400,177
679,208,400,185
679,211,395,184
679,211,386,183
678,212,377,182
687,216,364,196
689,217,368,201
681,217,380,201
682,221,383,201
682,220,384,201
683,220,384,201
684,222,388,196
685,226,390,191
686,225,393,191
687,224,396,191
688,223,398,191
689,219,400,192
688,218,402,197
689,217,404,197
691,214,408,199
693,216,410,199
695,214,413,199
697,209,413,202
699,209,424,202
701,209,428,205
703,208,432,207
704,206,437,207
705,205,443,207
706,204,445,207
706,203,445,207
707,202,447,204
707,201,447,201
707,201,447,203
706,201,450,205
706,201,450,207
706,203,450,205
706,203,450,204
706,203,452,206
707,203,460,206
717,202,456,209
728,209,459,209
724,219,461,186
733,223,459,182
744,228,452,177
756,228,439,178
766,229,422,179
775,234,400,175
782,238,384,174
790,242,365,185
801,243,357,188
804,244,358,188
814,249,353,191
818,250,361,191
822,250,377,191
826,250,389,196
830,250,395,196
834,251,408,196
835,252,417,200
836,252,425,201
839,252,434,201
842,250,437,206
842,249,437,208
844,250,436,208
846,251,434,208
848,253,432,208
851,254,429,208
860,254,419,208
868,253,409,208
875,253,404,208
877,253,403,208
885,253,394,208
887,253,393,208
889,253,391,208
902,252,377,211
904,251,376,211
910,250,369,214
912,250,368,214
920,248,359,230
921,248,359,231
928,247,351,235
931,246,349,238
939,244,340,239
942,243,338,240
945,242,335,240
948,241,332,243
950,240,330,243
952,242,328,240
954,241,326,242
956,239,324,242
958,238,322,243
961,237,319,243
971,236,308,243
975,235,303,243
981,234,298,243
982,233,298,243
986,232,292,246
988,231,292,248
994,230,283,248
996,230,283,248
995,230,283,248
996,230,283,248
1003,230,275,254
1004,229,275,254
1007,228,271,257
1009,228,269,257
1009,226,269,257
1013,225,266,259
1014,225,266,259
1017,225,262,259
1017,222,262,259
1022,219,257,259
1022,216,257,259
1023,213,257,259
1024,208,256,259
1027,207,252,258
1028,203,252,261
1029,201,251,261
1032,197,247,261
1033,193,247,261
1036,192,243,258
1036,189,243,255
1036,187,242,254
1038,185,239,254
1040,183,239,254
1040,181,239,254
1041,182,239,247
1041,180,238,247
1043,180,236,245
1043,181,236,243
1043,180,236,243
1044,180,236,243
1045,178,235,240
1046,179,234,240
1047,178,233,235
1048,177,232,235
1049,179,231,233
1056,181,223,233
1056,182,223,233
1055,182,223,233
1055,181,223,233
1055,187,224,233
1055,187,224,233
1054,187,225,233
1053,187,225,238
1058,187,221,238
1057,187,221,238
1056,187,221,238
1065,193,214,238
1067,193,212,238
1067,193,212,238
1074,193,205,240
1074,193,205,240
1074,193,204,239
1082,195,197,242
1081,195,198,242
1080,195,198,242
1085,195,194,242
1082,196,197,242
1087,196,192,243
1085,196,192,243
1089,196,190,245
1091,196,188,245
1094,196,185,244
1093,196,186,249
1097,196,182,250
1096,196,182,250
1099,195,179,250
1101,199,177,244
1100,198,177,244
1104,200,175,246
1103,201,175,246
1102,200,175,246
1106,199,173,246
1105,204,173,246
1104,204,173,246
1106,204,173,246
1106,204,172,245
1105,206,172,245
1110,206,169,245
1109,208,168,243
1108,208,171,243
1111,208,168,242
1103,209,176,242
1102,209,176,242
1098,209,181,242
1097,209,181,242
1094,208,185,242
1092,208,185,242
1090,207,189,242
1088,208,189,240
1085,208,194,240
1083,208,194,240
1081,207,198,240
1080,206,199,240
1078,208,201,240
1076,207,201,240
1074,207,205,240
1072,210,207,240
1070,210,209,240
1068,210,211,240
1070,212,209,238
1070,211,209,238
1074,211,205,238
1074,211,204,238
1073,210,206,239
1072,210,206,239
1071,210,208,239
1071,210,207,241
1074,210,205,241
1073,212,205,238
1074,211,205,238
1074,210,205,238
1074,210,205,240
1076,211,203,240
1076,211,203,240
1075,210,203,240
1076,210,203,240
1077,210,202,240
1076,210,202,240
1076,210,202,240
1076,210,202,240
1075,209,202,240
1077,208,202,239
1077,207,201,238
1076,210,201,234
1078,211,199,234
1077,211,199,234
1076,211,199,234
1080,213,199,231
1078,213,198,230
1079,212,200,232
1077,212,202,231
1076,212,203,230
1075,212,203,230
1074,211,205,230
1074,210,205,230
1072,209,207,230
1071,208,206,229
1070,207,207,237
1072,206,207,237
1071,206,207,239
1072,206,207,237
1071,208,207,235
1070,207,209,235
1069,206,209,237
1070,205,209,237
1069,205,209,238
1068,207,209,236
1075,206,204,236
1075,206,204,236
1074,206,204,236
1073,206,204,236
1068,210,211,239
1067,210,212,234
1064,211,215,234
1068,211,211,233
1067,211,212,235
1067,211,212,235
1066,210,212,235
1065,210,214,235
1065,210,214,235
1064,210,215,235
1063,210,216,235
1063,210,216,235
1063,210,216,235
1069,210,210,235
1069,215,209,234
1069,216,208,233
1069,216,207,232
1069,219,206,231
1069,220,205,231
1073,220,201,231
1073,220,206,230
1073,221,206,230
1076,221,203,230
1076,221,200,229
1077,221,199,228
1078,220,199,228
1079,220,199,228
1081,223,198,230
1081,223,198,230
1082,223,196,229
1087,223,191,228
1088,224,190,227
1097,224,181,226
1105,224,173,225
1111,224,168,224
1115,224,163,229
1119,224,160,229
1110,224,169,228
1111,224,168,229
1112,224,167,228
1113,224,166,227
1114,224,165,226
1115,224,164,225
1116,223,163,228
1122,229,156,223
1126,228,153,222
1127,227,153,222
1127,226,152,222
1128,226,151,221
1128,226,151,221
1132,230,147,221
1134,230,145,221
1135,230,145,221
1136,230,144,221
1137,230,143,221
1137,230,142,221
1136,233,142,221
1133,233,142,221
1132,240,146,211
1133,240,146,211
1134,240,146,211
1134,242,145,207
1135,241,142,206
1138,240,141,205
1140,244,139,202
1143,244,136,202
1144,244,136,202
1145,244,135,202
1149,243,130,202
1150,249,130,202
1150,249,129,200
1152,248,127,200
1152,255,127,195
1155,254,124,194
1155,253,124,194
1155,257,123,193
1155,256,122,192
1155,255,124,192
1155,255,123,191
1155,255,122,190
1157,259,122,189
1159,259,120,189
1159,262,120,186
1158,262,118,186
1158,262,117,185
1163,262,111,184
1162,262,117,184
1164,262,115,184
1164,262,114,183
1164,261,115,182
1164,261,115,181
1164,263,115,180
1164,264,115,180
1164,265,115,180
1164,265,115,180
1165,266,114,180
1166,266,113,179
1167,266,113,179
1168,266,111,178
1170,265,109,179
1175,264,104,180
1176,263,103,181
1177,263,103,181
1178,262,101,180
1181,263,98,172
1180,264,99,171
1181,264,98,170
1182,264,97,169
1185,264,94,168
1185,263,94,168
1187,262,92,168
1187,262,92,168
1190,264,89,165
1190,264,89,165
1190,264,89,165
1190,264,88,160
1190,265,88,159
1193,265,85,158
1193,264,84,157
1193,264,86,156
1195,265,84,156
1196,265,83,160
1196,265,82,162
1201,265,78,162
1202,265,77,161
1202,265,77,161
1202,267,77,161
1202,268,76,159
1202,268,77,159
1204,267,75,159
1204,269,74,158
1207,268,72,158
1207,267,71,160
1207,268,70,161
1207,267,70,161
1207,266,70,161
1206,265,73,161
1205,266,73,157
1210,265,69,156
1209,265,68,155
1209,266,70,154
1209,266,70,153
1209,266,70,152
1211,266,68,152
1211,267,68,152
1211,267,68,152
1211,267,68,152
1211,267,67,151
1211,267,68,143
1213,267,66,141
1213,267,66,140
1215,267,64,140
1215,267,63,140
1217,267,62,140
1217,267,62,137
1217,267,62,137
1217,267,62,137
1219,269,60,135
1219,269,60,135
1221,269,58,135
1223,269,56,135
1223,269,56,135
1223,269,56,135
1223,269,56,135
1223,269,56,135
1223,269,56,135
1223,269,56,135
1223,269,56,135
1223,269,56,135
1223,269,56,135
1227,269,52,135
1227,269,52,135
1227,269,52,135
1227,269,52,135
1227,269,52,135
1227,269,52,135
1227,269,52,135
1227,269,52,135
1227,269,52,135
1227,269,52,135
1227,269,52,135
1227,269,52,135
1227,269,52,135
1227,269,52,135
1227,269,52,135
1227,269,52,135
1227,269,52,135
1233,273,46,135
1233,273,46,135
1235,277,44,125
1237,277,42,125
1243,281,36,113
1245,281,34,105
1245,281,34,105
1257,285,22,95
1257,285,22,91
1261,288,18,83
1263,292,16,73
1266,298,13,64
1270,307,9,42
0,0,0,0
0,0,0,0
0,0,0,0
0,0,0,0
0,0,0,0
0,0,0,0
0,0,0,0
0,0,0,0
0,0,0,0
0,0,0,0
0,0,0,0
0,0,0,0
0,0,0,0
0,0,0,0
0,0,0,0
0,0,0,0
0,0,0,0
0,0,0,0
0,0,0,0
0,0,0,0
0,0,0,0
0,0,0,0
0,0,0,0
0,0,0,0
0,0,0,0
0,0,0,0
0,0,0,0
0,0,0,0
0,0,0,0
0,0,0,0
0,0,0,0
0,0,0,0
0,0,0,0
0,0,0,0
0,0,0,0
0,0,0,0
0,0,0,0
0,0,0,0
0,0,0,0
0,0,0,0
0,0,0,0
0,0,0,0
0,0,0,0
0,0,0,0
0,0,0,0
0,0,0,0
0,0,0,0
0,0,0,0
1264,362,15,53
1264,362,15,53
1262,362,17,66
1258,362,21,66
1256,362,23,66
1255,362,24,66
1253,362,25,66
1253,362,26,66
1248,362,31,83
1245,362,34,83
1240,362,38,83
1238,362,41,83
1238,362,41,83
1238,362,41,83
1228,362,51,102
1226,362,53,110
1223,362,56,111
1217,362,62,124
1212,362,67,124
1210,362,69,124
1204,362,75,132
1199,362,80,134
1194,362,85,138
1189,362,89,143
1185,362,94,148
1179,362,100,152
1178,362,101,152
1175,362,104,152
1170,362,108,159
1154,362,125,159
1157,362,122,163
1156,362,123,163
1153,362,126,167
1151,362,128,167
1147,362,131,174
1143,362,135,174
1140,362,139,174
1138,359,141,179
1132,359,147,179
1132,356,147,182
1125,355,154,182
1123,353,156,186
1118,353,161,186
1116,351,163,186
1111,351,168,192
1108,351,171,196
1105,348,174,196
1098,347,181,202
1095,347,184,202
1095,342,184,207
1091,342,188,212
1089,342,190,212
1084,339,195,218
1078,339,201,218
1072,339,207,224
1069,336,207,229
1064,332,215,234
1058,332,221,234
1054,331,225,236
1051,331,228,238
1047,327,232,242
1043,322,236,244
1039,322,240,252
1036,320,240,253
1035,320,244,253
1029,320,250,259
1025,320,254,259
1023,315,256,267
1022,313,256,269
1019,313,260,271
1014,313,265,271
1011,316,268,267
1008,316,271,267
1005,316,274,267
1004,316,275,267
1004,316,275,267
998,316,281,267
996,316,283,267
996,316,283,267
991,316,288,267
991,316,288,267
986,316,293,267
984,316,295,267
981,316,298,267
978,316,298,267
978,316,301,267
974,316,305,267
974,316,305,267
971,316,308,267
968,320,311,263
965,320,314,263
964,320,315,263
964,322,315,263
962,322,317,263
962,322,317,263
960,324,317,261
960,324,319,261
960,324,319,261
960,324,319,261
960,324,319,261
960,329,319,257
960,329,319,257
958,329,321,250
956,329,323,250
956,329,323,250
956,324,323,249
956,324,323,247
956,326,323,245
956,326,323,245
956,326,323,245
956,326,323,245
951,324,328,245
951,324,328,245
951,324,328,245
951,321,328,246
956,321,323,246
956,321,323,246
956,321,323,246
960,318,319,246
966,318,313,246
966,318,313,246
966,318,313,246
969,318,310,246
969,315,310,241
975,315,304,241
978,311,300,241
979,311,300,241
979,311,300,241
979,311,300,241
988,309,291,241
988,309,291,241
988,309,291,241
988,306,291,241
988,306,291,241
988,306,291,241
988,304,291,241
988,304,291,241
988,304,291,241
988,301,291,241
990,301,289,241
990,298,289,241
990,298,289,244
990,295,289,247
999,295,280,249
999,292,280,249
999,292,280,251
999,292,280,252
999,290,280,253
999,290,280,253
999,290,280,253
999,290,280,255
1006,288,273,255
1006,288,273,257
1015,288,264,257
1015,288,264,258
1015,288,264,259
1019,288,260,259
1019,288,260,260
1019,288,260,260
1019,288,260,260
1019,288,260,260
1022,288,256,262
1022,288,256,262
1022,288,256,262
1022,288,256,262
1027,288,252,262
1027,290,252,260
1027,290,252,260
1027,290,252,260
1027,290,252,260
1027,290,252,260
1027,291,252,260
1027,292,252,256
1032,292,247,256
1032,292,247,256
1032,292,247,256
1037,292,242,256
1037,292,242,256
1037,292,242,256
1037,292,242,256
1037,292,242,256
1037,292,242,256
1037,292,242,256
1037,292,242,256
1043,291,236,256
1046,291,233,250
1046,291,233,250
1046,291,233,250
1050,292,229,242
1050,292,229,242
1053,290,226,236
1056,290,223,236
1056,290,223,236
1064,288,215,234
1064,288,215,234
1064,288,215,234
1066,288,213,234
1066,286,213,234
1070,286,209,234
1070,284,209,234
1075,284,204,234
1075,284,204,234
1075,284,204,234
1075,284,204,234
1075,284,204,234
1075,284,204,234
1078,284,201,234
1078,284,201,234
1078,284,201,236
1078,284,201,238
1078,282,201,239
1078,282,201,241
1078,282,201,241
1078,282,201,241
1078,282,201,241
1078,282,201,241
1078,282,201,241
1078,282,201,241
1078,282,201,241
1078,282,201,241
1078,282,201,241
1078,282,201,243
1078,282,201,245
1078,282,201,247
1078,282,201,247
1078,283,201,246
1078,283,201,246
1078,283,201,246
1078,283,201,251
1078,283,201,251
1078,283,201,251
1078,283,201,251
1078,283,201,253
1078,283,201,253
1078,283,201,256
1078,283,201,257
1078,283,201,257
1078,283,201,257
1078,283,201,264
1078,283,201,267
1078,283,201,269
1078,283,201,271
1078,283,201,270
1078,283,201,272
1078,283,201,277
1078,283,201,279
1078,283,201,277
1078,283,201,280
1078,283,201,284
1078,283,201,286
1078,283,201,288
1076,291,203,278
1076,290,203,276
1075,291,204,277
1076,293,203,274
1075,287,204,283
1074,292,205,275
1074,292,205,275
1074,292,205,275
1074,292,205,275
1074,292,205,275
1074,292,205,275
1074,292,205,275
1074,292,205,275
1074,297,205,271
1074,297,205,271
1073,297,206,272
1073,297,206,272
1073,301,206,272
1077,301,202,272
1077,301,202,272
1077,301,202,274
1077,303,202,274
1077,304,202,274
1077,304,202,271
1081,304,198,271
1083,306,196,267
1083,306,196,268
1087,306,192,268
1090,309,189,261
1090,311,189,258
1090,311,189,258
1095,311,184,256
1095,311,184,253
1095,311,184,253
1095,311,184,253
1095,311,184,253
1095,311,184,253
1099,311,180,253
1099,311,180,253
1099,314,180,251
1099,314,180,251
1099,316,180,245
1102,316,177,245
1102,316,177,245
1102,316,177,245
1102,316,177,245
1102,316,177,245
1102,316,177,245
1102,320,177,242
1102,320,177,239
1102,323,177,237
1106,325,173,234
1106,325,173,234
1106,325,173,234
1106,325,173,232
1110,325,169,232
1110,325,169,227
1115,330,164,222
1115,330,164,222
1120,330,159,222
1120,330,159,222
1120,333,159,221
1127,335,152,220
1127,335,152,220
1131,340,148,218
1131,341,148,218
1137,342,142,218
1137,342,142,218
1137,346,142,216
1137,346,140,216
1141,350,138,213
1141,350,138,213
1145,350,134,213
1148,357,131,210
1148,359,131,208
1152,360,127,208
1152,363,127,207
1152,363,127,207
1152,367,127,206
1152,369,127,205
1156,371,123,205
1156,371,123,205
1156,376,123,202
1156,376,123,201
1156,376,123,201
1156,380,123,201
1159,384,120,201
1159,386,120,201
1159,387,120,201
1159,387,120,201
1159,389,120,201
1157,390,122,201
1156,390,123,201
1156,390,123,202
1156,390,123,205
1156,390,123,205
1156,393,123,205
1156,394,123,205
1159,395,120,205
1159,395,120,203
1159,395,120,203
1159,395,120,203
1159,397,120,203
1159,397,120,203
1159,399,120,203
1162,399,117,203
1165,400,114,203
1165,400,114,203
1168,400,109,203
1170,403,109,203
1173,406,106,199
1173,406,106,198
1181,406,98,198
1181,409,98,200
1181,411,98,198
1181,411,98,198
1186,417,93,192
1189,418,90,192
1189,418,90,192
1189,419,90,192
1191,421,88,192
1191,421,88,192
1194,421,85,192
1194,421,85,192
1194,421,85,192
1194,421,85,192
1194,422,85,192
1197,422,82,192
1197,422,79,192
1197,422,79,192
1199,425,80,189
1199,425,80,161
1199,425,80,161
1199,425,80,161
1199,425,80,161
1199,425,80,161
1199,425,80,161
1199,425,80,161
1204,425,75,158
1204,425,75,158
1204,425,75,158
1204,425,75,158
1204,425,75,158
1204,428,75,155
1207,428,72,155
1207,428,72,155
1207,428,72,155
1209,428,70,155
1209,431,70,152
1209,431,70,152
1209,431,70,152
1209,431,70,152
1213,432,66,152
1213,432,66,152
1213,432,66,152
1213,432,66,152
1213,434,66,152
1213,436,66,150
1217,436,62,150
1219,436,60,146
1219,436,60,146
1223,436,56,146
1206,436,73,146
1202,436,77,146
1199,438,80,146
1190,438,89,146
1186,438,93,146
1186,440,93,143
1186,440,93,143
1186,440,93,139
1184,442,95,136
1184,442,95,134
1181,446,98,130
1177,450,102,126
1179,450,100,126
1179,450,100,126
1179,450,100,126
1176,450,103,126
1176,455,103,120
1172,455,107,120
1172,455,107,120
1172,455,107,120
1170,455,109,120
1170,451,109,129
1175,444,104,182
1175,441,104,182
1175,436,104,185
1175,436,104,185
1175,430,104,197
1175,430,104,198
1175,430,104,198
1175,430,104,201
1175,430,104,205
1175,430,104,210
1175,427,104,215
1174,429,105,214
1174,436,105,210
1174,436,105,214
1174,447,105,207
1169,452,110,207
1165,452,114,217
1155,460,124,219
1150,460,129,219
1146,468,133,222
1139,468,140,224
1133,475,146,224
1129,471,146,226
1120,471,159,236
1114,479,165,233
1114,482,165,235
1101,487,178,229
1099,494,180,223
1097,493,178,226
1097,502,178,217
1097,502,182,217
1097,509,182,210
1097,519,182,200
1096,519,183,200
1096,519,183,200
1096,529,183,190
1096,538,183,181
1096,540,183,179
1096,540,183,179
1100,543,179,176
1100,543,179,176
1103,543,176,176
1103,543,176,176
1108,543,171,176
1112,542,167,176
1117,542,162,176
1129,542,150,176
1129,543,150,176
1135,537,144,182
1140,537,139,182
1140,537,139,182
1140,533,139,186
1140,533,139,186
1140,530,139,189
1138,526,141,193
1138,522,141,197
1132,519,147,197
1122,515,157,204
1114,511,165,208
1114,511,165,208
1110,503,169,216
1110,493,169,226
1110,489,169,216
1105,479,174,216
1105,475,174,205
1105,470,174,205
1105,467,174,205
1105,465,174,205
1110,465,167,205
1112,463,167,205
1112,463,167,205
1120,463,159,205
1125,460,152,205
1120,458,159,205
1120,458,159,205
1128,454,149,205
1138,451,141,202
1143,445,136,203
1139,445,140,196
1139,445,140,196
1139,436,140,196
1139,434,140,196
1140,429,137,196
1140,428,137,196
1140,428,139,192
1140,420,139,192
1137,420,142,187
1137,413,134,187
1137,410,134,187
1132,405,137,187
1132,397,136,191
1128,393,140,191
1128,385,140,191
1122,380,151,191
1122,374,157,196
1122,374,157,196
1122,368,157,196
1119,366,160,196
1119,363,160,196
1119,361,160,196
1127,361,152,196
1127,361,152,196
1127,361,152,196
1127,361,152,196
1127,361,152,200
1127,358,152,203
1127,355,152,205
1127,353,152,208
1134,353,145,208
1139,353,140,208
1139,353,140,211
1150,353,129,211
1150,354,129,215
1155,354,124,215
1157,360,122,219
1157,362,122,219
1160,365,119,217
1160,367,119,217
1160,367,119,215
1160,365,119,215
1158,365,121,215
1150,360,129,215
1150,360,129,215
1141,354,138,214
1141,354,138,214
1141,346,138,214
1144,344,135,214
1147,342,132,214
1153,339,126,214
1153,339,126,214
1162,337,117,214
1172,337,107,214
1172,337,107,214
1172,337,107,214
1172,337,107,214
1176,339,103,214
1176,339,103,214
1176,336,103,214
1176,333,103,214
1176,333,103,216
1176,333,103,216
1176,333,103,216
1172,330,107,216
1172,330,107,216
1168,325,111,216
1166,321,113,219
1166,318,113,219
1166,311,113,219
1166,307,113,219
1166,304,113,220
1166,304,113,220
1164,300,115,225
1164,302,115,225
1160,302,119,225
1162,302,117,225
1162,304,117,231
1162,305,117,231
1167,305,112,233
1174,309,105,239
1172,314,107,239
1177,317,102,239
1177,319,102,239
1180,324,99,239
1185,332,94,237
1191,339,88,237
1199,351,80,231
1199,358,80,231
1209,365,70,223
1208,375,70,217
1211,378,68,219
1213,402,66,198
1213,405,66,198
1213,411,66,197
1213,411,66,197
1213,411,66,197
1213,411,66,197
1211,411,68,197
1209,411,70,197
1209,413,70,192
1209,413,70,185
1209,403,70,181
1209,399,70,183
1209,392,70,183
1209,389,70,183
1209,387,70,183
1209,384,70,183
1209,378,70,174
1203,365,76,182
1203,356,76,182
1203,350,76,182
1203,345,76,182
1203,338,76,182
1203,334,76,182
1199,326,80,182
1195,317,84,182
1192,317,87,180
1187,305,92,184
1183,294,96,191
1180,294,99,191
1176,284,102,191
1169,279,110,195
1169,276,110,195
1169,276,110,195
1163,270,116,199
1159,262,120,208
1157,258,122,209
1154,258,125,209
1151,252,128,213
1151,252,128,213
1147,252,132,208
1145,249,134,209
1145,249,134,209
1145,249,134,211
1145,249,134,214
1145,249,134,211
1145,249,134,211
1142,249,137,211
1141,249,138,211
1141,249,138,211
1141,249,138,211
1141,249,138,211
1141,249,138,213
1139,249,140,213
1138,250,141,216
1138,253,141,216
1138,255,141,216
1138,257,141,216
1138,260,141,216
1138,263,141,213
1138,263,141,212
1138,263,141,212
1138,263,141,212
1138,263,141,212
1138,263,141,212
1138,263,141,212
1138,263,141,212
1138,265,141,212
1138,265,141,212
1138,267,141,212
1138,268,141,212
1138,269,141,212
1138,271,141,212
1138,271,141,212
1138,271,141,212
1138,271,141,212
1138,271,141,212
1138,273,141,212
1138,274,141,212
1140,275,139,212
1140,276,139,212
1140,278,139,212
1140,280,139,212
1140,282,139,212
1140,282,139,212
1140,282,139,212
1140,285,139,212
1140,285,139,212
1140,288,139,212
1140,291,139,212
1140,293,139,212
1140,295,139,212
1143,296,136,212
1143,296,136,212
1146,299,133,212
1146,300,133,212
1143,302,136,208
1146,303,133,208
1146,304,133,208
1146,305,133,208
1148,305,131,208
1148,307,131,208
1148,307,131,208
1146,309,133,208
1146,309,133,208
1147,311,132,208
1150,311,129,208
1150,311,129,210
1150,311,129,210
1151,311,128,210
1154,315,125,210
1152,318,127,207
1152,320,127,206
1149,320,130,206
1149,320,130,206
1149,320,130,206
1149,322,130,206
1145,322,134,206
1141,322,137,206
1141,322,138,206
1141,322,138,206
1141,322,138,206
1139,322,140,206
1139,322,140,206
1136,322,143,206
1136,322,143,206
1132,322,147,206
1132,322,147,212
1131,324,148,210
1128,326,151,210
1128,326,151,210
1122,326,157,210
1122,326,157,210
1119,326,160,210
1115,328,164,210
1113,329,166,210
1111,329,168,210
1109,329,170,210
1106,329,173,210
1103,331,176,210
1100,332,179,210
1098,330,181,212
1095,330,184,212
1092,330,187,212
1088,330,191,212
1086,332,193,212
1084,332,195,212
1080,329,199,217
1080,331,199,217
1078,331,201,217
1078,331,201,217
1078,331,201,217
1082,331,197,217
1082,331,197,217
1082,333,197,217
1082,335,197,217
1082,335,197,217
1082,335,197,217
1082,336,197,217
1082,337,197,217
1082,339,197,214
1085,339,194,214
1085,342,194,212
1088,342,191,212
1088,343,191,212
1088,343,191,216
1088,343,191,217
1088,344,191,217
1088,346,191,217
1088,346,191,217
1088,346,191,217
1092,347,187,217
1092,347,187,217
1092,350,187,217
1092,350,187,217
1092,350,187,217
1092,351,187,217
1092,352,187,217
1092,352,187,216
1087,353,192,216
1087,354,192,216
1087,354,192,213
1087,356,192,213
1087,356,192,213
1087,356,192,213
1089,356,190,213
1091,356,186,213
1091,356,188,213
1091,356,188,213
1091,356,188,213
1091,358,188,213
1091,360,188,213
1089,360,190,213
1089,360,190,213
1089,360,190,213
1089,360,190,213
1089,360,190,213
1092,360,187,213
1096,363,183,211
1096,363,183,211
1096,365,183,209
1096,367,183,207
1101,369,178,207
1101,369,178,207
1101,369,178,207
1101,369,178,207
1101,369,178,207
1101,369,178,207
1101,369,178,207
1101,372,178,207
1108,374,171,207
1108,374,171,207
1114,374,165,207
1114,374,165,207
1114,374,165,207
1114,374,165,207
1120,374,159,207
1120,374,159,207
1124,376,155,207
1124,376,155,207
1124,378,155,207
1130,380,149,205
1130,383,149,205
1130,384,149,204
1130,385,149,203
1133,385,146,202
1133,385,146,202
1133,385,146,202
1133,385,146,202
1136,387,141,200
1136,387,143,200
1139,390,140,200
1139,390,140,200
1139,390,140,200
1143,392,136,197
1143,394,136,194
1143,394,136,194
1148,394,131,194
1148,394,131,194
1158,394,121,194
1158,394,121,194
1164,394,115,191
1166,396,113,190
1166,398,113,187
1169,398,110,187
1177,412,102,172
1181,411,98,174
1186,418,93,166
1192,415,87,164
1200,418,79,160
1205,421,74,155
1208,425,71,150
1213,431,66,144
1218,434,61,140
1224,440,55,136
1229,448,50,127
1229,448,50,127
1232,448,47,127
1236,452,43,124
1239,454,40,122
1242,454,37,122
1244,455,35,122
1246,455,33,122
1247,456,32,122
1250,459,29,120
1250,459,29,120
1250,459,29,120
1250,459,29,120
1250,465,29,114
1252,468,27,109
1255,469,24,102
1255,469,24,102
1255,469,24,102
1255,471,24,99
1255,471,24,98
1255,473,24,93
1255,473,24,90
1259,478,20,73
1261,480,18,65
0,0,0,0
0,0,0,0
0,0,0,0
0,0,0,0
0,0,0,0
0,0,0,0
0,0,0,0
0,0,0,0
0,0,0,0
0,0,0,0
0,0,0,0
0,0,0,0
0,0,0,0
0,0,0,0
0,0,0,0
0,0,0,0
0,0,0,0
0,0,0,0
0,0,0,0
0,0,0,0
0,0,0,0
0,0,0,0
0,0,0,0
0,0,0,0
0,0,0,0
0,0,0,0
0,0,0,0
0,0,0,0
0,0,0,0
0,0,0,0
0,0,0,0
0,0,0,0
0,0,0,0
0,0,0,0
0,0,0,0
0,0,0,0
0,0,0,0
0,0,0,0
0,0,0,0
0,0,0,0
0,0,0,0
0,0,0,0
0,0,0,0
0,0,0,0
0,0,0,0
0,0,0,0
0,0,0,0
0,0,0,0
0,0,0,0
0,0,0,0
0,0,0,0
0,0,0,0
0,0,0,0
0,0,0,0
0,0,0,0
0,0,0,0
0,0,0,0
0,0,0,0
0,0,0,0
0,0,0,0
0,0,0,0
0,0,0,0
0,0,0,0
0,0,0,0
0,0,0,0
0,0,0,0
0,0,0,0
0,0,0,0
0,0,0,0
0,0,0,0
0,0,0,0
0,0,0,0
0,0,0,0
0,0,0,0
1253,535,26,82
1250,530,29,93
1247,530,32,98
1243,530,36,98
1243,530,36,98
1241,530,38,102
1240,528,39,105
1236,528,43,105
1236,528,43,105
1236,528,43,105
1235,528,44,105
1235,528,44,105
1234,528,45,105
1233,528,46,105
1230,528,49,111
1230,522,49,112
1228,523,51,116
1223,523,56,121
1223,523,56,121
1223,523,56,121
1219,521,60,121
1217,521,62,121
1212,521,67,121
1211,515,68,131
1207,506,72,138
1201,502,78,142
1201,490,78,155
1191,488,88,155
1191,487,88,155
1189,485,90,156
1179,486,99,156
1179,484,100,160
1173,478,106,165
1173,478,106,165
1173,473,106,174
1169,473,110,174
1168,468,111,180
1168,468,111,180
1168,468,111,180
1168,468,111,180
1168,468,111,180
1168,464,111,183
1168,464,111,183
1168,464,111,183
1160,461,119,183
1160,461,119,183
1160,456,119,187
1160,453,119,189
1160,451,119,189
1160,451,119,189
1155,451,124,189
1155,451,124,189
1150,446,129,192
1150,445,129,192
1150,445,129,192
1150,442,129,192
1150,442,129,194
1150,444,129,194
1150,444,129,194
1150,444,129,194
1150,444,129,194
1147,444,132,194
1147,444,132,194
1147,444,132,194
1147,444,132,194
1147,444,132,194
1147,444,132,194
1147,444,132,194
1147,444,132,194
1147,444,132,194
1147,444,132,194
1150,444,129,194
1150,444,129,194
1150,444,129,194
1150,444,129,194
1150,444,129,194
1150,444,129,194
1150,444,129,194
1150,444,129,194
1150,444,129,194
1150,444,129,194
1150,444,129,194
1150,445,129,194
1150,445,129,194
1150,445,129,194
1150,445,129,194
1150,445,129,194
1142,445,137,193
1142,445,137,193
1142,445,137,191
1142,445,137,191
1142,445,137,191
1139,445,140,191
1139,445,140,191
1139,445,140,191
1139,445,140,191
1139,445,140,191
1139,445,140,191
1139,445,140,191
1139,445,140,191
1139,445,140,191
1139,445,140,191
1139,446,140,192
1139,446,140,192
1139,446,140,192
1139,446,140,192
1139,446,140,192
1139,446,140,192
1139,446,140,192
1139,446,140,192
1139,446,140,192
1139,446,140,192
1139,446,140,192
1139,446,140,192
1139,446,140,192
1139,446,140,192
1139,446,140,192
1139,446,140,192
1139,446,140,192
1139,446,140,192
1139,446,140,192
1139,446,140,192
1139,446,140,192
1139,446,140,192
1139,446,140,192
1139,446,140,192
1142,444,137,192
1142,441,137,192
1142,441,137,192
1142,441,137,192
1147,441,132,192
1147,441,132,192
1147,441,132,189
1147,441,132,189
1147,441,132,189
1150,437,129,189
1150,437,129,189
1147,437,132,189
1150,432,129,189
1150,432,129,189
1150,432,129,189
1147,432,132,189
1150,432,129,189
1147,432,132,189
1147,432,132,187
1150,427,129,187
1150,427,129,188
1150,426,129,189
1147,422,132,192
1147,421,132,192
1147,421,132,192
1147,421,132,192
1147,421,132,192
1147,419,132,192
1145,419,134,192
1145,419,134,192
1142,419,137,192
1142,419,137,192
1142,419,137,192
1142,419,137,192
1138,416,141,192
1138,416,141,192
1138,416,141,192
1134,416,145,192
1134,409,145,196
1134,409,145,196
1134,409,145,196
1134,409,145,196
1134,409,145,196
1134,407,145,199
1128,407,151,199
1128,407,151,197
1120,407,159,197
1120,405,159,197
1120,405,159,197
1120,405,159,197
1120,405,159,197
1120,404,159,197
1117,404,162,197
1117,404,162,197
1117,404,162,197
1117,404,162,197
1111,404,168,197
1111,401,168,197
1111,401,168,197
1111,401,168,197
1108,399,171,197
1108,399,171,197
1108,399,171,197
1108,399,171,197
1108,399,171,197
1108,399,171,197
1108,399,171,197
1108,399,171,197
1108,399,171,197
1107,398,172,197
1107,398,172,197
1107,398,172,197
1107,398,172,197
1107,398,172,197
1107,395,172,197
1107,395,172,197
1107,395,172,197
1107,395,172,197
1107,395,172,197
1107,395,172,197
1107,393,172,197
1107,393,172,197
1107,393,172,197
1107,393,172,197
1111,393,168,197
1115,393,164,197
1115,393,164,197
1117,393,162,197
1117,393,162,197
1117,393,162,197
1117,393,162,197
1117,393,162,197
1117,393,162,197
1117,393,162,197
1117,393,162,197
1117,393,162,197
1117,393,162,197
1117,393,162,197
1117,393,162,197
1113,391,166,197
1116,391,163,197
1113,391,166,197
1116,390,163,196
1114,390,165,195
1111,390,168,195
1111,390,168,195
1111,390,168,195
1111,390,168,195
1108,390,171,195
1108,390,171,195
1101,388,178,195
1101,388,178,195
1096,388,183,195
1096,385,183,192
1096,385,183,192
1096,385,183,192
1096,385,183,192
1091,385,188,192
1095,385,184,192
1091,385,188,189
1091,385,188,188
1088,385,191,188
1088,385,191,188
1088,383,191,188
1087,384,192,188
1087,384,192,188
1087,384,192,188
1087,384,192,188
1087,384,192,188
1087,384,192,188
1085,385,194,188
1085,385,194,188
1085,387,194,188
1085,387,194,188
1085,387,194,188
1093,387,186,225
1085,389,194,224
1085,389,194,224
1085,389,194,224
1085,389,194,228
1089,389,190,224
1089,391,190,223
1089,391,190,224
1089,393,190,221
1089,393,190,221
1089,394,190,219
1089,394,190,218
1089,394,190,219
1089,394,190,219
1089,394,190,216
1089,394,190,216
1089,394,190,215
1085,394,194,214
1089,389,190,219
1089,387,190,220
1093,387,186,218
1089,387,190,217
1089,387,190,216
1089,387,190,214
1086,374,193,226
1085,387,194,211
1080,372,199,224
1081,373,197,218
1085,369,193,220
1081,369,197,220
1081,367,197,219
1079,367,200,219
1073,363,206,211
1073,355,206,211
1077,353,202,211
1073,351,206,211
1081,347,198,209
1083,347,194,209
1083,339,194,209
1086,338,193,204
1090,336,189,204
1086,335,193,202
1086,332,193,201
1086,331,193,199
1086,330,193,199
1086,329,193,198
1090,329,189,195
1090,329,189,194
1090,322,189,194
1092,322,187,194
1088,322,191,194
1092,322,187,194
1088,323,191,194
1088,324,191,192
1086,324,191,192
1084,322,194,191
1084,322,195,191
1084,322,195,191
1082,321,197,191
1082,319,197,191
1074,320,205,191
1074,320,205,191
1071,318,208,194
1064,319,215,194
1061,319,218,203
1058,319,220,203
1061,319,218,203
1061,319,218,203
1061,319,218,203
1055,319,224,205
1053,319,226,205
1053,318,226,205
1046,318,233,205
1041,318,239,205
1043,314,236,205
1043,314,236,205
1043,314,236,205
1042,312,237,205
1037,312,242,205
1037,309,242,205
1033,309,246,205
1033,306,246,205
1033,303,246,205
1033,301,246,205
1039,297,240,204
1022,294,255,211
1022,291,257,214
1022,288,257,214
1022,285,257,218
1022,283,257,218
1022,283,257,218
1022,280,257,218
1022,278,257,218
1022,277,257,219
1022,277,257,219
1022,273,257,219
1022,273,257,219
1022,273,257,216
1022,273,257,216
1022,273,257,221
1016,280,263,221
1016,290,263,221
1016,293,263,221
1016,294,263,219
1016,294,263,209
1016,294,263,208
1016,300,263,209
1016,305,263,206
1016,309,263,206
1005,315,274,206
1006,317,273,204
1005,324,274,203
1005,330,274,200
1008,334,270,200
1008,337,271,201
1008,339,271,201
1014,341,265,201
1014,343,265,201
1014,344,265,201
1014,346,265,201
1014,348,265,201
1014,348,265,201
1014,349,265,201
1014,349,265,201
1014,349,265,201
1014,349,265,204
1011,349,268,204
1011,347,268,204
1008,347,271,204
1008,347,271,204
1008,347,271,204
1008,344,271,204
1008,341,271,204
1008,341,271,204
1008,336,271,204
1008,334,271,204
1008,333,271,204
1008,331,271,204
1002,331,277,204
1002,331,277,204
995,329,284,204
990,329,289,204
989,330,290,204
987,330,292,204
983,330,296,204
981,330,298,204
978,330,301,204
978,328,301,204
973,328,306,204
971,326,308,204
968,328,311,204
968,328,311,204
962,328,317,204
956,323,323,204
953,322,326,204
963,320,316,204
961,319,318,204
963,319,314,204
957,319,318,204
956,319,316,204
954,316,315,204
948,313,321,204
947,311,318,204
946,308,315,204
946,306,314,204
943,306,311,204
941,303,311,204
938,303,311,204
934,303,311,204
929,303,311,204
925,303,311,204
922,303,311,204
920,303,311,204
918,303,311,204
916,303,311,204
914,301,311,204
911,301,311,204
911,300,311,204
911,300,311,204
908,300,311,204
907,300,311,204
906,298,311,204
903,298,311,204
899,296,311,204
899,296,311,204
897,296,311,204
896,295,311,204
894,295,311,204
894,294,311,204
893,294,311,204
892,294,311,204
891,294,311,204
890,294,311,204
889,294,311,204
889,292,311,204
884,292,311,204
883,292,311,204
883,288,311,204
882,288,311,204
880,288,311,204
876,288,311,204
872,288,312,204
871,287,312,204
870,287,312,204
868,284,312,204
866,282,312,204
864,280,312,204
862,278,312,204
860,276,312,204
858,276,312,204
856,274,312,204
852,273,312,204
849,270,312,204
846,270,312,204
843,270,312,204
840,267,312,204
840,265,312,204
836,265,312,204
835,263,312,204
834,262,314,204
834,262,314,204
834,260,314,200
834,260,314,200
832,260,314,200
831,262,314,198
829,262,314,198
826,262,314,198
825,262,318,198
825,262,318,198
825,259,318,195
825,257,318,195
825,254,318,198
825,254,318,198
825,254,318,198
825,254,320,198
825,254,322,198
825,254,324,198
825,251,326,198
825,249,327,198
825,248,327,198
825,248,327,198
825,247,327,198
823,247,327,198
821,247,327,198
820,250,327,198
819,252,327,198
818,251,327,198
815,251,327,201
812,253,327,201
812,254,327,201
810,257,327,201
810,257,327,201
810,259,327,201
808,261,327,201
806,262,329,201
805,262,330,201
805,262,330,201
805,262,330,201
805,262,330,201
805,262,330,201
805,264,330,201
805,264,330,201
805,264,330,201
805,264,330,201
805,264,330,201
805,264,330,201
805,264,330,201
805,264,330,201
805,265,332,203
805,265,332,203
805,265,332,203
804,265,332,203
804,265,332,203
804,265,332,203
804,265,332,203
804,265,332,203
804,265,332,203
804,265,336,203
804,265,336,203
804,265,336,205
804,265,336,205
804,265,336,205
804,265,336,205
804,267,336,205
804,268,336,205
804,268,336,205
804,268,336,205
804,268,336,205
804,268,336,205
804,268,336,205
811,268,329,205
811,270,329,205
811,270,329,205
811,270,329,205
811,270,329,205
811,270,329,205
811,270,329,205
810,269,331,205
810,269,331,205
810,269,331,205
810,268,331,207
810,268,331,207
810,268,331,207
810,268,334,209
810,268,334,209
810,268,336,209
810,268,336,209
810,268,336,209
810,268,338,209
810,268,338,209
810,266,341,209
810,267,341,209
817,267,337,209
813,267,344,209
820,267,337,209
813,270,346,209
819,266,339,209
817,266,339,209
815,266,339,209
814,266,339,209
814,266,339,209
814,266,339,209
814,266,339,209
814,266,339,209
814,266,339,209
814,266,339,209
814,266,339,209
814,266,339,209
815,266,343,209
815,261,343,209
818,259,343,209
819,259,343,209
820,255,343,209
821,254,343,209
821,254,343,209
812,252,343,209
817,251,336,209
817,248,336,209
815,247,336,209
815,247,336,209
812,247,336,209
812,245,336,209
812,247,336,209
808,247,336,209
808,248,335,206
808,248,335,206
808,248,335,206
808,248,342,206
808,248,343,205
808,248,344,205
809,249,344,205
810,249,344,205
811,245,344,205
814,245,344,205
814,245,344,205
814,245,344,205
807,245,351,205
807,245,351,205
807,245,351,205
807,243,351,205
805,243,351,205
812,243,344,205
812,243,344,205
812,243,344,205
812,243,348,205
814,245,348,202
815,245,348,202
818,245,348,201
821,245,348,202
825,245,348,202
825,245,348,199
830,245,348,199
836,250,348,193
846,254,348,192
854,258,348,190
862,260,346,190
864,263,351,190
870,267,351,190
879,270,351,190
886,272,351,190
894,273,351,190
908,275,346,190
922,275,339,190
930,282,342,190
944,282,335,190
953,282,326,190
956,284,323,187
961,284,319,187
974,283,305,187
975,283,303,187
979,285,300,192
985,285,288,192
996,285,277,192
996,285,277,192
1005,290,274,190
1010,291,269,190
1013,291,266,190
1013,293,266,190
1018,293,261,190
1023,294,256,193
1026,294,253,195
1031,294,248,195
1031,294,248,195
1036,294,243,195
1036,294,243,195
1036,294,243,195
1036,294,243,195
1036,294,243,195
1036,294,243,195
1044,294,235,195
1044,294,235,195
1049,294,230,195
1053,294,226,195
1053,294,226,195
1060,292,219,192
1059,289,220,192
1059,289,220,192
1059,291,220,192
1055,289,224,192
1055,289,224,192
1055,289,224,192
1053,289,226,192
1053,289,226,189
1051,291,226,189
1051,289,228,189
1049,289,230,194
1047,289,232,194
1045,289,234,194
1045,289,234,196
1045,287,234,196
1040,287,239,196
1038,287,241,196
1038,287,241,196
1034,287,245,196
1033,287,246,196
1033,284,246,196
1032,284,247,196
1032,284,247,196
1032,284,247,196
1026,284,253,196
1026,284,253,196
1026,284,253,196
1026,284,253,196
1026,284,253,196
1031,282,248,196
1031,282,248,196
1031,282,248,198
1033,282,246,198
1036,282,241,198
1036,282,243,198
1038,282,241,198
1038,282,241,198
1038,282,238,198
1038,282,238,198
1038,282,238,198
1043,282,236,198
1043,282,236,198
1043,282,236,198
1043,282,236,198
1040,282,239,198
1040,282,239,198
1040,282,239,198
1040,282,239,198
1040,282,239,198
1031,282,248,198
1031,282,248,198
1027,282,252,198
1027,282,252,198
1027,282,252,198
1025,285,254,196
1022,285,257,196
1022,285,257,196
1022,286,257,196
1022,288,257,196
1022,288,257,196
1019,288,260,196
1017,288,262,196
1015,288,264,196
1018,288,261,196
1019,288,260,196
1021,288,258,196
1021,284,258,196
1021,284,258,196
1021,284,258,196
1021,280,258,196
1024,281,255,196
1027,276,252,205
1027,272,252,212
1027,270,252,213
1027,269,252,213
1029,267,250,213
1029,267,250,213
1029,267,250,213
1030,267,249,213
1030,267,249,207
1031,267,245,207
1035,267,244,203
1035,267,244,203
1035,267,244,203
1035,267,244,203
1035,267,244,203
1035,267,244,201
1035,267,244,201
1032,267,247,201
1032,267,247,201
1032,267,247,201
1030,267,249,201
1030,267,249,201
1030,267,249,201
1027,267,252,201
1027,268,252,201
1027,268,252,201
1027,268,252,201
1027,268,252,201
1027,268,252,201
1027,268,252,204
1027,268,252,204
1027,268,252,204
1027,268,252,204
1027,268,252,204
1027,268,252,204
1027,268,252,204
1032,268,247,204
1032,268,247,204
1032,268,247,204
1037,268,242,204
1032,268,247,208
1032,273,247,206
1032,274,247,205
1034,275,245,204
1034,275,245,204
1034,275,245,204
1034,275,245,211
1034,275,245,213
1034,275,245,216
1034,275,245,216
1034,275,245,219
1034,275,245,220
1034,275,245,220
1034,275,245,221
1039,275,240,221
1039,275,240,221
1034,279,245,216
1034,279,245,216
1034,279,245,216
1039,281,240,212
1034,281,245,208
1034,281,245,206
1034,281,245,206
1029,284,250,206
1029,286,250,206
1029,288,250,203
1029,288,250,203
1029,290,250,200
1029,290,250,200
1029,292,250,200
1029,294,250,200
1029,296,250,200
1029,296,250,198
1029,295,250,198
1029,295,250,198
1029,295,250,202
1029,295,250,202
1027,298,252,200
1027,303,252,195
1027,303,252,195
1027,303,252,195
1027,303,252,195
1027,303,252,195
1027,306,252,195
1024,308,255,195
1022,311,257,191
1022,311,257,191
1020,311,259,191
1018,311,261,191
1018,311,261,191
1018,311,261,191
1018,311,261,191
1018,313,261,191
1017,313,261,191
1016,313,263,191
1016,313,263,191
1016,313,263,191
1016,313,263,191
1016,313,263,191
1015,316,264,191
1015,317,264,191
1015,318,264,191
1015,319,264,191
1015,320,264,191
1015,320,264,191
1015,320,264,191
1015,320,264,191
1015,320,264,191
1015,320,264,191
1015,320,264,191
1009,320,270,191
1009,320,270,191
1009,320,270,194
1009,320,270,194
1009,320,270,197
1009,320,270,197
1009,320,270,197
1009,320,270,197
1009,320,270,197
1009,320,270,197
1009,322,270,197
1009,323,270,197
1009,323,270,197
1009,325,270,197
1009,325,270,197
1009,325,270,197
1009,325,270,197
1007,325,272,197
1007,325,272,197
1007,325,272,197
1005,325,274,197
1005,328,274,197
1003,328,276,197
1003,328,276,197
1002,328,277,197
1002,328,277,197
1002,328,277,197
1001,328,277,197
1001,328,277,197
1001,328,277,197
1001,331,277,197
1007,331,272,197
1007,331,272,197
1007,331,272,197
1007,331,272,197
1007,331,272,197
1007,331,272,197
1007,331,272,197
1016,333,263,197
1016,333,263,197
1016,333,263,197
1019,333,260,197
1013,333,266,197
1019,333,260,197
1019,333,260,197
1021,333,258,197
1015,331,264,197
1021,331,258,197
1021,331,258,197
1021,331,258,197
1026,331,253,197
1026,331,253,197
1026,331,253,197
1029,331,250,197
1024,329,254,197
1029,329,249,197
1029,329,249,197
1029,329,249,197
1035,330,244,197
1035,330,244,197
1035,330,244,197
1034,330,245,197
1039,329,240,194
1038,329,241,194
1038,329,241,194
1038,329,241,194
1038,329,241,194
1041,329,238,194
1041,329,238,194
1041,329,238,194
1036,329,243,191
1036,327,243,191
1036,327,243,191
1036,323,243,191
1036,325,243,191
1036,326,243,191
1036,326,243,191
1036,326,243,191
1036,326,243,191
1036,326,243,191
1036,326,243,191
1036,326,243,194
1032,328,247,194
1032,328,247,194
1032,330,247,194
1030,330,249,194
1030,330,249,194
1025,334,254,194
1025,334,254,194
1025,336,254,194
1025,336,254,195
1025,336,254,195
1022,336,257,195
1022,339,257,195
1022,342,257,195
1027,344,252,193
1031,344,248,196
1036,344,243,196
1042,344,237,196
1051,344,228,196
1053,342,226,196
1056,342,222,199
1056,342,222,199
1059,343,220,199
1061,343,218,199
1065,343,214,199
1065,343,214,199
1065,343,214,195
1069,343,210,195
1076,339,203,195
1076,339,203,195
1072,337,207,195
1072,337,207,195
1076,337,203,195
1083,334,196,195
1083,334,196,195
1083,334,196,195
1086,330,193,191
1089,325,190,195
1089,325,190,195
1089,325,190,193
1091,325,188,191
1093,322,186,191
1093,322,186,191
1097,322,182,191
1097,318,182,191
1102,318,177,191
1102,318,177,191
1102,314,177,191
1104,314,175,191
1104,312,174,191
1106,312,173,191
1106,309,173,191
1110,309,169,191
1112,309,167,188
1112,306,167,188
1112,306,167,188
1116,304,163,188
1119,302,160,188
1119,302,160,188
1119,302,160,188
1119,302,160,188
1123,296,156,191
1123,296,156,191
1123,296,156,191
1123,296,156,191
1125,296,154,190
1125,296,154,190
1125,296,154,190
1125,296,154,190
1125,296,154,190
1125,296,154,190
1125,296,154,190
1129,296,150,190
1129,296,150,190
1129,296,150,190
1129,296,150,190
1129,296,150,190
1129,299,150,190
1133,299,146,190
1133,299,146,190
1133,299,146,190
1133,299,146,190
1133,299,146,190
1133,299,146,190
1133,299,146,190
1133,299,146,190
1133,299,146,190
1133,299,146,186
1133,299,146,186
1133,299,146,186
1133,299,146,186
1133,299,146,186
1138,299,141,186
1138,299,141,186
1138,299,141,186
1140,301,139,186
1140,301,139,186
1143,301,136,186
1143,301,136,186
1143,301,136,186
1143,301,136,186
1148,301,131,186
1152,301,127,186
1152,301,127,186
1154,301,125,184
1154,301,125,184
1157,301,122,184
1157,301,122,184
1159,301,120,180
1162,298,116,184
1162,298,116,184
1162,298,116,184
1162,298,116,183
1162,298,116,183
1162,298,116,181
1162,298,116,180
1162,298,116,180
1164,294,114,180
1167,296,111,180
1167,296,112,180
1167,296,112,180
1167,293,112,180
1165,291,114,182
1165,291,114,182
1165,288,114,185
1163,288,116,185
1163,288,116,185
1163,288,116,183
1163,288,116,183
1163,288,116,181
1163,284,116,181
1163,281,116,181
1163,279,116,181
1168,276,111,181
1173,276,106,181
1173,271,106,181
1175,271,104,181
1176,266,103,181
1180,266,99,181
1182,264,97,181
1188,266,91,179
1191,266,88,175
1199,270,80,170
1205,273,74,165
1208,273,71,162
1211,274,68,157
1215,275,64,154
1217,275,62,152
1216,275,63,148
1216,275,63,148
1220,278,59,146
1220,278,59,143
1220,278,59,143
1220,275,59,141
1220,273,59,141
1220,272,59,141
1220,271,59,141
1220,271,59,141
1220,269,59,141
1220,267,59,141
1225,267,54,141
1226,266,53,133
1230,266,49,133
1231,266,48,133
1232,266,47,133
1233,266,46,133
1235,266,44,133
1236,266,43,133
1236,271,42,127
1238,269,40,127
1238,269,40,127
1238,269,40,127
1235,269,43,127
1235,269,44,127
1233,264,46,134
1233,264,46,134
1233,264,46,134
1233,264,46,134
1233,264,46,134
1233,264,46,134
1229,264,50,136
1229,264,50,136
1229,266,50,134
1229,266,50,134
1229,267,50,133
1229,268,50,133
1229,269,50,133
1229,274,50,122
1229,274,50,122
1226,274,53,122
1226,276,53,119
1220,276,59,118
1220,278,59,116
1219,278,60,116
1217,278,62,116
1216,278,63,116
1216,274,63,111
1216,273,63,111
1216,271,63,111
1216,273,63,109
1214,273,65,109
1214,273,65,106
1214,271,65,106
1214,271,65,106
1213,271,66,106
1213,271,66,106
1213,269,66,106
1213,269,66,106
1213,270,66,106
1218,271,61,104
1220,271,59,104
1220,273,59,104
