621,257,341,356
607,251,356,361
600,247,359,363
611,221,365,379
620,198,367,382
620,172,380,395
619,170,380,395
664,148,327,419
660,128,329,422
686,95,312,450
722,74,277,464
730,58,267,466
730,57,267,466
744,49,247,468
768,39,219,470
768,22,220,472
762,4,221,476
770,1,200,478
770,1,199,477
766,1,191,480
766,1,191,456
751,1,239,443
743,1,236,446
742,1,236,446
737,1,237,433
727,1,256,435
713,1,290,423
703,1,305,402
692,1,313,405
691,1,313,405
679,2,321,406
678,2,321,407
674,1,337,407
665,3,361,408
663,2,365,409
662,2,368,409
656,1,374,402
655,1,375,403
656,1,352,370
645,1,395,371
628,1,439,368
627,1,439,368
605,1,406,357
586,1,399,374
572,1,410,391
559,1,411,414
558,1,411,414
550,1,428,430
541,1,432,432
533,1,444,433
511,5,462,422
497,1,475,426
496,1,475,426
497,1,452,447
493,1,453,461
479,17,445,443
469,30,506,398
449,44,501,400
448,54,487,363
436,71,485,365
437,93,487,354
434,111,500,332
421,132,526,284
403,144,528,284
402,143,528,284
389,156,530,285
386,167,529,227
378,179,544,226
365,191,536,225
364,191,536,207
358,179,536,224
353,176,525,233
342,176,524,244
337,186,510,233
320,173,532,246
320,173,531,245
307,173,531,245
320,159,519,271
314,158,518,287
307,161,476,287
314,154,476,288
313,153,476,288
323,154,477,287
338,149,475,300
345,146,475,305
360,132,435,322
362,115,476,335
361,114,476,335
400,117,343,335
406,116,344,336
412,120,337,333
406,116,368,336
405,144,368,303
408,167,393,274
408,181,417,248
413,173,448,248
415,167,450,248
413,161,427,248
412,160,427,248
410,124,451,306
410,125,475,307
409,125,481,288
405,126,482,288
399,130,480,287
399,129,479,286
399,113,480,310
398,119,482,324
395,111,486,355
396,114,430,413
395,113,430,413
399,113,402,440
402,110,402,451
369,110,402,451
382,107,403,452
373,94,341,429
353,93,353,429
369,91,341,438
369,86,354,438
385,82,346,439
400,80,351,442
445,80,328,443
444,79,328,417
407,72,379,413
440,80,365,350
445,78,373,353
446,87,372,319
438,73,395,320
438,73,395,320
440,55,407,322
452,65,420,287
465,67,420,287
475,74,416,253
474,73,416,253
474,67,417,254
485,71,418,254
481,92,453,235
485,95,454,235
485,90,457,236
484,89,457,236
483,86,458,236
477,81,448,236
470,73,444,226
442,51,444,239
432,39,443,239
431,38,443,239
418,26,443,239
405,1,420,252
402,1,433,252
419,1,393,266
412,2,394,267
412,1,394,267
437,2,373,261
442,7,374,261
439,1,374,281
454,1,356,283
454,1,355,282
460,1,356,286
462,2,356,295
476,1,347,304
504,1,331,308
512,1,329,318
512,1,328,317
521,1,309,326
540,1,294,325
531,1,294,336
524,1,295,363
547,1,295,370
547,1,294,369
563,1,282,364
641,1,209,365
647,2,214,366
628,1,228,372
633,1,228,383
632,1,228,383
633,1,228,422
635,1,229,442
636,1,229,466
654,1,214,489
654,1,213,488
660,1,212,504
661,1,212,517
662,1,212,528
669,1,212,547
671,1,212,553
670,1,212,553
687,1,202,571
682,1,207,580
681,1,210,595
683,3,211,597
678,1,221,604
677,1,221,604
663,1,241,613
652,8,255,612
630,56,267,552
578,56,314,552
559,56,330,554
558,56,329,553
549,91,330,523
522,108,351,526
479,133,393,502
470,120,394,520
469,120,405,520
453,122,426,522
437,128,427,522
421,167,476,497
354,171,527,498
336,190,504,501
335,189,503,500
312,187,505,502
294,181,507,504
267,215,564,443
233,217,615,445
205,263,631,411
204,262,631,411
196,325,618,373
171,345,659,352
163,349,686,353
158,353,705,354
152,352,717,354
150,393,746,321
162,396,751,322
186,395,755,324
206,394,757,325
220,391,758,325
219,426,758,294
238,427,758,281
245,421,758,281
257,420,757,280
267,422,771,279
282,422,771,279
281,421,789,279
294,420,789,279
299,418,775,278
300,403,763,283
300,395,762,286
295,393,752,298
294,391,752,298
298,370,735,320
330,367,699,320
353,352,658,336
359,333,629,355
360,334,627,353
359,288,619,390
339,254,620,419
318,216,660,461
293,199,675,464
263,180,677,490
262,179,677,490
239,165,635,492
221,150,633,493
196,110,637,533
162,100,600,495
139,93,605,504
139,91,605,515
107,88,606,522
91,93,606,533
70,92,604,549
53,92,602,559
42,95,516,573
41,94,525,596
37,90,500,597
25,84,506,598
17,85,476,585
14,110,433,510
13,109,433,527
14,110,432,476
14,90,433,489
8,63,436,508
8,28,437,522
5,10,343,523
4,9,343,523
1,1,327,462
1,1,327,448
1,1,328,375
42,1,331,358
36,1,336,305
35,1,336,305
35,1,338,261
15,1,396,182
34,1,425,82
38,1,421,81
38,1,421,81
38,1,421,81
38,1,421,81
38,1,421,81
0,0,0,0
0,0,0,0
0,0,0,0
0,0,0,0
0,0,0,0
0,0,0,0
532,2,114,45
553,3,187,55
553,3,187,55
504,1,251,93
498,1,265,108
507,1,277,134
521,1,277,151
512,1,315,155
511,1,315,155
518,1,315,155
518,1,315,155
509,2,314,154
502,1,313,159
502,1,313,159
498,1,311,158
489,1,299,153
476,1,299,149
474,1,300,149
459,1,302,150
459,1,301,149
464,1,290,143
470,1,287,153
471,1,287,163
503,1,243,164
490,1,243,183
509,1,220,183
512,1,220,211
524,1,269,271
527,1,263,270
521,1,285,270
512,1,318,270
511,1,318,270
510,1,320,271
510,1,342,324
506,4,342,338
465,1,394,327
464,1,393,326
452,1,392,283
440,1,392,283
440,1,392,301
435,1,415,323
437,1,443,343
436,1,442,342
424,1,442,367
382,1,487,357
363,1,454,348
359,1,447,368
351,1,434,395
350,1,433,394
331,1,446,433
302,1,433,476
328,1,414,511
335,1,413,517
339,1,413,528
339,1,412,527
334,1,403,527
325,2,383,500
321,1,382,502
312,4,358,518
311,3,357,517
302,1,356,522
290,1,354,521
295,1,329,524
292,1,327,523
291,3,326,528
290,2,326,528
291,1,294,527
318,12,268,519
326,92,266,410
306,192,289,324
322,1,287,545
321,1,287,545
324,1,304,545
324,3,315,545
320,1,327,545
314,1,328,514
308,1,328,506
307,1,328,506
313,1,328,506
309,1,369,473
309,1,368,472
302,8,368,472
301,1,368,470
303,1,368,470
305,1,368,416
310,1,341,182
309,1,341,182
290,1,357,182
289,1,356,181
288,1,313,165
269,1,277,139
274,1,262,102
289,1,246,83
295,1,215,81
294,1,215,81
331,1,215,415
302,1,237,415
297,41,352,378
300,16,353,416
304,64,373,401
304,64,372,400
301,57,356,419
308,24,361,435
324,3,350,405
351,8,351,406
351,8,350,381
346,38,335,380
330,17,483,443
332,9,447,477
333,12,416,495
344,1,397,494
343,1,396,493
375,1,366,489
392,1,365,488
411,1,366,438
427,8,391,437
426,23,407,436
425,22,406,435
420,2,425,459
423,1,456,476
430,3,458,498
401,10,489,498
393,8,502,499
392,7,502,499
387,13,437,500
371,1,459,513
395,1,538,467
392,1,512,434
392,1,512,434
383,3,469,434
379,1,466,446
372,1,479,446
368,3,476,446
336,3,476,479
336,3,475,478
301,1,475,478
311,2,412,478
306,1,410,477
306,1,410,477
309,1,407,448
309,1,397,447
308,1,395,447
311,1,406,444
311,2,402,443
312,5,403,442
310,1,416,442
310,1,416,441
320,1,582,440
319,1,617,440
315,1,631,440
312,1,639,441
312,1,626,440
311,1,632,482
323,1,686,524
352,1,712,560
371,1,730,575
385,1,728,591
384,1,728,591
393,1,742,598
430,1,733,619
430,18,735,620
424,36,811,631
439,54,827,650
448,55,812,652
401,78,879,642
402,92,877,628
387,92,893,628
410,118,870,602
389,129,891,591
388,129,892,591
370,134,910,581
356,118,924,592
343,115,924,592
332,112,880,591
331,111,880,591
308,113,883,593
270,22,902,698
253,14,901,697
280,1,899,696
287,1,898,695
286,1,898,695
314,1,901,714
320,1,902,715
315,44,904,648
311,36,905,648
333,30,906,648
333,29,905,647
331,23,905,647
325,19,906,647
319,99,908,592
315,97,910,593
309,93,911,593
308,92,911,593
303,100,910,556
299,97,911,556
291,98,913,557
286,97,940,558
285,115,941,558
275,138,944,514
273,136,945,514
264,120,947,515
260,119,948,515
259,113,948,515
258,112,949,515
258,85,950,537
251,73,951,538
261,55,952,538
264,58,952,538
268,55,953,538
267,54,953,538
284,56,955,539
285,57,955,539
290,58,955,539
293,57,953,538
279,17,951,581
278,16,951,581
265,1,904,536
263,2,905,455
272,1,910,478
275,1,920,477
274,1,920,477
240,4,938,477
233,5,940,478
236,7,940,438
236,5,941,438
219,5,941,438
218,4,940,437
226,1,965,438
212,1,974,438
224,1,974,438
244,1,974,397
251,2,973,396
251,2,973,396
260,2,973,420
276,1,996,431
282,6,995,430
289,1,991,430
299,1,981,437
298,1,981,437
309,2,971,436
325,1,955,435
360,1,920,427
382,1,898,427
381,1,897,426
402,1,878,407
435,1,845,405
445,1,835,404
438,1,842,404
449,1,831,404
448,1,831,404
457,4,823,404
469,6,811,414
485,7,795,415
499,1,781,416
499,1,781,417
498,1,781,417
469,1,811,418
470,1,810,419
447,1,833,420
432,1,848,408
431,1,849,409
430,1,849,409
435,1,845,410
426,1,849,412
395,1,885,445
380,1,900,456
379,1,900,456
357,3,923,457
313,1,967,458
311,1,969,470
309,1,971,490
334,1,946,501
333,1,946,501
316,1,964,502
282,1,998,503
259,1,1021,516
224,1,1056,528
218,1,1062,528
217,1,1062,528
245,1,1035,528
251,1,1029,528
261,1,1019,528
252,1,1021,529
252,2,1028,530
251,1,1029,530
230,3,1050,531
236,5,1044,531
275,7,1005,531
281,7,999,531
280,1,1000,531
283,1,997,531
281,1,999,531
282,1,998,531
284,1,996,531
307,1,973,545
306,1,973,545
310,1,970,563
325,1,955,589
330,1,950,599
330,1,949,611
328,1,948,611
327,1,948,611
334,1,946,610
345,1,935,610
338,1,935,610
346,1,934,610
328,1,952,609
327,1,952,609
331,1,949,608
334,1,946,607
333,1,944,606
339,1,941,592
354,1,926,585
342,1,938,584
331,1,949,583
300,1,980,582
326,2,954,582
390,2,890,608
389,1,890,608
461,1,819,612
402,1,878,559
181,1,1099,558
208,1,1072,557
305,1,973,577
304,1,973,577
308,1,972,653
291,1,989,586
298,1,982,507
469,4,811,506
433,1,847,508
432,1,848,508
363,1,917,509
357,7,914,507
355,10,911,515
355,12,910,514
354,11,910,514
372,7,899,513
369,1,898,512
384,1,896,511
385,1,895,544
394,1,886,570
393,1,886,573
432,1,848,591
484,16,796,532
451,7,829,531
413,5,827,502
437,3,843,500
436,2,843,500
421,1,843,500
409,1,842,475
350,1,867,473
341,1,866,472
340,1,866,472
405,1,780,472
354,1,847,471
356,1,845,411
374,1,812,402
388,1,812,399
388,1,811,398
377,1,811,398
379,1,801,406
382,1,827,405
376,1,821,404
366,1,811,403
366,1,810,402
418,1,778,385
404,2,763,385
390,1,763,372
357,1,754,372
321,1,787,428
320,1,787,428
355,19,730,378
382,24,729,377
402,21,690,414
414,24,632,448
414,24,631,447
421,28,621,463
425,32,620,462
431,28,611,446
428,38,611,446
437,35,612,446
438,24,611,457
434,1,561,488
444,1,512,479
446,1,511,493
442,1,510,505
443,2,509,514
442,1,509,514
448,2,481,513
446,2,480,513
439,1,479,512
420,1,478,511
405,1,477,510
405,1,476,509
401,1,476,509
392,1,476,509
406,1,489,502
404,1,521,502
404,1,521,502
397,1,522,502
376,1,525,509
371,1,525,509
371,1,481,496
375,1,489,496
375,1,488,495
374,1,498,495
378,1,471,495
359,1,458,481
340,1,451,493
330,1,451,516
330,1,450,515
338,1,468,532
339,1,467,531
335,2,458,534
288,1,458,549
289,1,451,554
289,1,450,553
263,1,446,570
263,1,464,577
266,1,483,577
271,1,428,578
270,1,445,578
309,1,358,580
305,5,374,570
298,1,354,580
296,1,356,596
295,1,356,606
294,1,356,606
342,1,295,612
332,1,296,623
318,1,338,633
314,1,338,633
338,1,312,629
334,19,314,610
345,20,293,614
353,29,270,608
372,31,260,616
380,43,258,606
380,49,258,606
380,49,257,608
382,49,256,605
386,63,251,580
383,65,254,577
382,70,257,579
383,69,256,583
389,74,251,579
389,75,254,574
380,76,259,572
389,99,252,542
387,75,257,572
386,74,262,570
382,72,275,572
382,84,278,560
377,88,289,550
374,97,288,554
369,122,299,531
369,121,298,530
353,128,308,529
330,131,334,538
320,139,329,545
316,194,333,500
311,201,338,505
310,200,341,507
293,212,364,508
292,212,379,508
291,220,400,500
288,233,415,487
287,233,424,487
288,242,439,478
288,247,454,473
286,252,465,468
283,258,465,462
279,258,470,462
278,257,470,462
276,281,473,439
270,298,487,422
256,306,489,414
239,334,489,386
236,339,478,381
235,340,478,380
236,356,459,364
232,359,458,361
228,361,459,359
271,383,405,337
266,387,406,333
265,386,406,333
267,387,408,333
274,388,408,332
280,389,400,331
281,404,403,316
280,404,403,316
270,406,423,314
270,413,424,307
272,423,433,297
282,439,433,281
293,440,434,280
293,442,434,278
300,483,434,237
321,483,434,237
329,481,441,239
336,538,439,182
345,546,432,174
344,546,432,174
344,554,427,166
365,560,361,160
379,578,288,142
366,578,292,143
366,578,292,143
366,578,292,143
366,578,292,143
366,578,292,143
366,578,292,143
366,578,292,143
366,578,292,143
366,578,292,143
366,578,292,143
366,578,292,143
366,578,292,143
366,578,292,143
366,578,292,143
366,578,292,143
366,578,292,143
366,578,292,143
366,578,292,143
366,578,292,143
366,578,292,143
366,578,292,143
366,578,292,143
366,578,292,143
366,578,292,143
366,578,292,143
366,578,292,143
366,578,292,143
366,578,292,143
366,578,292,143
366,578,292,143
366,578,292,143
366,578,292,143
366,578,292,143
652,694,47,24
670,680,52,38
682,674,65,46
682,674,64,46
690,655,164,65
230,625,668,95
226,614,671,106
239,598,673,122
249,587,672,133
248,585,672,135
253,577,672,143
257,574,671,146
274,567,667,153
278,525,665,195
384,488,573,232
383,487,572,233
426,466,531,254
452,460,519,260
460,455,526,261
473,454,526,266
472,453,526,266
479,454,527,266
538,433,454,287
537,398,456,322
539,372,457,348
538,349,458,371
538,348,458,371
571,331,429,389
601,321,399,399
626,311,376,409
646,303,359,417
658,294,359,426
657,293,359,426
666,285,354,435
701,277,323,443
717,271,317,449
720,261,317,459
723,262,313,458
723,261,313,458
723,255,311,465
737,245,301,475
740,245,298,475
750,243,298,477
749,242,298,477
749,226,306,494
755,207,307,513
758,187,305,533
778,185,294,535
786,172,293,535
786,172,292,534
798,175,291,535
806,164,291,536
814,151,292,538
842,139,281,536
841,116,281,557
841,115,281,557
843,89,293,567
844,86,291,558
863,77,280,558
861,68,280,558
860,60,279,557
873,60,274,556
872,52,274,556
868,42,274,556
866,23,274,556
866,4,274,557
866,4,273,556
862,1,273,556
875,1,261,557
874,1,261,555
874,1,261,555
877,1,261,540
876,1,261,540
877,1,261,521
888,1,261,512
892,1,261,508
882,1,271,506
868,1,290,513
867,1,290,513
866,1,290,492
865,1,283,490
868,1,283,483
868,3,283,474
859,1,284,474
858,1,284,474
857,1,284,473
855,1,299,473
854,1,299,460
852,1,300,437
851,1,313,437
848,1,314,422
849,1,314,396
847,1,315,387
835,1,317,381
830,1,320,355
829,1,320,355
826,1,335,336
818,1,338,316
808,1,341,318
802,1,344,306
796,1,345,293
795,1,344,292
785,1,361,275
782,1,361,260
774,1,362,258
769,1,360,257
771,1,358,247
771,1,357,246
765,1,357,234
764,1,357,213
767,1,358,187
715,1,375,180
715,1,374,179
689,1,375,156
667,1,392,159
662,1,398,128
662,1,400,109
659,1,400,99
658,1,400,99
667,1,393,96
667,1,393,96
667,1,393,96
667,1,393,96
667,1,393,96
667,1,393,96
667,1,393,96
667,1,393,96
667,1,393,96
667,1,393,96
667,1,393,96
667,1,393,96
667,1,393,96
667,1,393,96
667,1,393,96
373,1,261,36
372,1,260,35
354,1,259,43
346,1,251,43
343,1,250,44
342,1,250,45
342,1,250,45
341,1,249,44
339,1,249,56
339,1,249,73
318,1,259,111
312,1,259,126
298,1,259,132
297,1,259,132
290,1,258,131
285,1,257,140
280,1,257,149
279,1,257,149
276,1,257,155
276,1,257,155
276,1,256,154
274,1,256,165
272,1,256,174
271,1,256,180
270,1,256,180
267,1,256,194
270,1,256,194
269,1,255,210
275,1,255,243
261,1,279,272
261,1,278,271
262,1,279,273
275,1,279,296
281,1,276,298
295,1,262,316
299,1,262,325
299,1,261,324
325,1,257,339
327,1,256,356
328,1,268,370
335,1,248,406
340,1,248,429
340,1,248,429
343,1,248,441
351,1,248,462
356,1,247,461
361,1,246,482
361,1,245,481
349,1,261,490
343,1,278,508
348,1,278,509
355,1,294,508
362,1,309,496
361,1,309,496
366,1,332,497
372,1,375,500
378,2,392,516
375,1,410,517
367,1,430,530
366,1,430,530
371,1,437,540
375,1,449,541
361,3,468,555
362,6,469,556
334,9,516,557
333,8,516,557
327,61,538,504
334,83,553,479
323,112,597,442
336,116,608,442
335,115,608,451
339,135,629,451
340,158,628,439
357,181,623,434
377,229,611,402
378,275,617,368
377,274,617,368
387,291,621,368
416,353,598,315
428,370,598,315
435,406,606,308
440,499,606,221
439,498,606,221
449,498,628,219
500,502,587,218
504,503,593,217
506,490,594,230
532,482,587,238
536,479,583,241
538,463,569,257
553,436,570,284
552,404,572,316
574,365,568,351
574,364,567,350
599,324,537,365
623,306,525,371
670,303,501,388
693,282,486,415
719,272,470,416
718,271,470,430
765,262,433,456
776,248,434,472
781,206,418,504
783,177,421,509
803,138,415,515
802,137,415,515
828,127,389,542
902,108,316,567
917,92,317,569
915,64,298,588
921,30,290,591
921,30,289,590
927,1,301,578
924,1,301,579
917,1,301,580
914,1,301,580
913,1,301,580
940,1,286,543
937,1,285,539
921,1,309,539
902,1,318,541
892,1,318,542
892,1,317,541
891,1,317,530
898,1,317,505
908,1,317,506
903,1,317,482
891,1,317,461
891,1,316,460
866,1,336,445
856,1,337,417
873,1,304,428
877,1,304,423
868,1,305,425
867,1,305,425
861,1,307,428
846,1,309,412
837,1,312,395
825,1,313,388
824,1,313,388
812,1,314,379
805,1,313,360
789,1,317,345
777,1,321,345
761,1,323,332
761,1,322,331
740,1,330,330
721,1,336,313
696,5,339,316
676,1,358,297
666,1,379,297
666,1,378,296
648,2,397,296
642,1,412,297
631,1,415,287
626,1,428,255
618,1,430,242
617,1,430,242
595,1,459,241
579,1,459,219
602,1,443,211
578,1,445,201
577,1,445,201
553,1,446,188
521,1,447,199
495,1,449,212
437,1,489,224
409,1,518,231
408,1,518,231
376,1,556,238
350,1,596,238
340,1,602,244
336,1,603,262
326,1,604,278
325,1,604,278
335,1,609,278
323,1,633,278
302,1,644,278
292,32,646,278
299,47,646,239
298,46,646,247
306,58,645,245
331,68,645,234
328,80,646,234
333,87,646,234
333,86,646,233
330,104,647,214
318,107,650,214
309,106,674,214
290,104,698,214
282,102,700,214
283,101,704,214
290,98,708,214
292,95,711,214
289,91,717,214
287,86,721,214
285,80,723,214
284,79,723,214
281,76,724,214
276,82,725,214
274,80,726,214
274,78,726,214
267,81,726,214
266,72,726,214
264,71,727,214
258,72,728,214
249,72,729,242
234,70,731,247
233,69,731,247
226,67,736,249
218,66,740,262
215,65,741,262
219,66,743,263
220,66,745,263
219,65,720,263
217,64,704,270
214,62,705,280
214,61,706,280
209,60,708,280
208,58,710,280
206,57,711,285
203,39,676,308
200,39,675,308
199,40,676,308
201,39,657,309
218,36,627,323
217,35,627,323
209,33,628,323
206,32,614,324
202,28,616,325
195,14,628,340
197,13,628,340
195,9,629,361
209,8,573,377
207,9,574,386
223,10,575,406
218,22,576,407
217,21,576,407
212,31,578,408
212,37,579,409
206,36,581,410
205,27,576,411
201,11,564,434
200,10,564,434
202,1,515,451
198,1,493,469
195,1,495,471
186,9,424,472
179,15,426,474
178,14,365,474
172,14,354,487
186,2,308,512
185,1,302,520
178,1,272,541
177,1,295,542
178,1,278,550
178,1,285,570
179,1,282,583
181,1,282,598
165,1,260,590
164,1,260,590
172,4,293,590
170,5,302,592
182,15,303,605
167,26,334,605
152,189,376,447
151,188,376,447
169,203,377,448
181,207,377,448
153,113,434,529
224,149,399,483
155,232,491,436
154,231,491,436
175,331,548,354
191,382,579,338
235,467,583,253
268,511,607,209
267,510,607,209
312,514,617,206
346,506,622,213
376,492,625,228
414,474,626,246
603,443,445,276
603,442,444,275
604,426,452,294
608,400,452,320
611,394,452,326
613,378,465,342
611,383,464,337
610,384,464,336
611,394,464,326
611,367,464,353
688,366,375,354
705,375,375,345
731,382,375,338
730,381,375,338
768,413,375,307
808,426,375,294
838,421,375,299
847,438,374,282
847,437,374,282
857,432,376,288
857,418,375,302
851,418,375,302
853,419,375,301
854,436,374,284
854,438,373,282
856,439,372,281
848,433,371,287
845,417,370,303
864,397,337,323
860,386,337,334
860,386,336,333
851,376,334,344
841,363,333,357
864,351,309,369
865,342,309,378
866,348,297,372
866,348,296,371
865,336,303,384
864,325,303,395
852,327,324,393
852,322,336,398
851,321,335,399
857,315,335,405
856,324,335,396
856,316,335,404
855,293,335,427
856,294,335,426
856,308,335,412
853,292,325,428
848,294,306,426
842,280,306,440
838,259,292,461
830,254,281,466
830,253,281,466
829,252,280,465
824,254,292,466
817,254,291,466
792,252,290,468
785,255,289,465
784,257,288,463
773,251,287,469
763,236,287,484
755,216,287,504
772,204,284,508
771,203,284,508
764,192,290,499
778,174,271,483
778,155,260,469
770,128,267,468
773,108,261,469
774,107,259,468
764,92,263,469
756,70,267,472
750,50,279,474
740,17,293,495
732,4,292,494
731,3,292,494
723,1,309,494
706,1,322,493
695,1,322,493
676,1,323,474
666,1,326,468
665,1,326,468
658,1,326,453
654,1,326,452
648,1,326,431
643,1,326,430
642,1,326,430
635,1,339,430
628,1,339,431
621,2,353,433
612,1,353,446
614,1,353,463
613,1,353,463
610,1,354,464
607,1,354,465
601,1,355,438
595,1,355,419
591,1,355,418
590,1,355,418
584,1,356,417
578,1,357,408
571,1,358,410
563,1,359,384
555,1,359,367
554,1,359,367
545,1,358,365
537,1,357,363
551,1,348,356
541,1,349,350
540,1,349,350
536,1,350,350
540,1,350,350
538,1,350,329
548,1,349,328
535,1,362,328
534,1,362,328
523,1,388,321
515,1,388,321
507,1,391,316
502,1,390,314
494,1,391,314
493,1,391,314
491,1,361,314
501,1,353,314
494,1,355,314
490,1,354,313
488,1,351,299
487,1,351,299
526,1,334,299
526,1,322,291
541,1,322,298
541,1,322,284
540,1,306,284
538,1,307,272
566,1,277,263
559,1,266,241
560,1,265,221
558,1,264,203
558,1,263,202
570,1,248,202
561,1,232,175
554,1,218,175
546,1,217,177
541,1,216,178
540,1,216,178
530,1,217,179
526,1,212,178
522,1,210,178
527,1,209,177
523,1,214,169
523,1,213,168
518,1,227,168
525,1,226,154
513,1,225,153
504,1,226,154
504,1,226,154
495,1,226,154
491,1,225,153
488,1,224,152
488,1,224,152
485,1,223,140
484,1,223,139
477,1,222,129
469,1,221,110
476,1,220,122
483,1,220,104
483,1,220,80
482,1,219,79
470,1,224,80
462,1,224,72
462,1,224,72
470,1,224,117
474,1,223,161
473,1,223,161
472,1,242,197
477,1,253,197
464,1,268,206
452,1,238,206
452,1,237,205
445,1,248,212
441,1,221,213
440,1,222,242
436,1,242,243
436,1,255,245
435,1,255,245
439,1,317,267
444,1,339,312
445,6,353,335
446,30,353,342
447,66,349,341
446,65,349,308
447,59,350,307
463,67,350,303
469,87,382,268
458,118,394,250
464,125,394,250
463,124,394,250
467,105,395,250
469,106,396,250
506,96,394,282
527,105,375,282
526,104,375,282
550,144,364,268
552,146,365,268
553,149,365,291
570,151,366,313
580,167,367,314
579,166,367,314
588,166,368,315
607,185,355,309
605,185,355,324
606,187,355,346
615,188,355,367
615,188,354,366
613,191,355,376
610,191,356,381
613,169,357,401
606,161,358,410
607,139,358,437
606,117,358,465
605,102,359,486
600,113,360,487
601,103,360,500
599,78,360,517
598,77,360,518
609,72,324,518
609,53,324,535
624,51,297,551
604,76,315,521
609,73,315,521
608,72,315,521
636,78,296,510
626,70,300,505
649,100,268,458
645,150,267,406
641,176,267,383
640,175,267,383
630,219,284,346
608,207,306,364
604,186,307,388
587,179,327,389
569,184,343,390
568,183,343,390
563,198,353,375
533,224,353,375
507,226,348,359
474,236,373,348
473,235,373,348
462,231,375,350
452,253,405,310
444,287,423,278
440,298,424,278
439,292,425,278
439,291,425,278
433,284,426,278
420,274,415,279
417,263,441,296
412,249,443,297
409,233,444,304
408,232,444,314
406,217,452,334
412,194,456,347
415,182,374,347
407,158,366,347
435,138,338,357
438,139,338,357
461,122,347,357
447,120,347,357
468,112,301,357
477,90,246,357
476,95,246,357
471,80,212,375
480,68,211,385
469,73,173,371
466,72,173,372
474,71,173,372
474,70,173,372
498,71,154,372
495,75,154,367
497,79,153,366
503,81,153,366
497,85,158,365
497,84,158,365
509,82,157,364
506,79,168,364
509,75,175,363
503,93,200,296
508,90,221,277
508,89,220,276
522,83,234,275
525,94,253,239
531,93,266,239
533,92,267,239
533,92,266,238
527,89,279,238
528,87,280,238
525,87,280,205
521,87,292,205
518,85,293,158
517,94,293,143
512,95,305,143
509,94,314,143
502,91,326,145
490,83,339,154
491,82,340,154
490,81,340,154
491,82,352,161
493,80,353,171
493,79,364,171
492,78,369,171
494,90,370,172
493,89,370,172
498,87,370,172
500,85,371,172
502,85,371,172
524,88,348,172
523,66,348,197
526,70,348,197
524,74,349,197
525,77,349,197
521,81,358,197
519,85,361,197
518,84,361,197
517,85,362,197
511,101,370,198
511,100,371,198
508,97,371,198
514,95,371,198
513,94,371,198
540,95,346,198
541,95,346,198
551,109,348,184
551,108,349,184
551,107,349,184
549,107,350,184
560,107,351,184
561,97,353,186
561,96,360,186
562,93,361,186
561,92,362,187
560,90,363,187
558,91,363,187
558,88,376,201
557,75,378,214
557,70,379,225
556,69,381,225
542,64,394,238
531,60,394,238
523,54,394,238
514,45,397,252
506,34,398,253
506,33,398,253
504,19,393,262
484,4,407,280
477,1,408,264
468,1,420,255
467,1,420,255
467,1,421,255
499,1,406,232
529,1,407,189
534,1,410,125
753,1,252,96
752,1,252,96
759,1,253,79
755,1,253,78
765,1,254,78
776,1,255,97
798,1,255,126
797,1,254,125
809,2,254,153
816,1,254,169
815,1,254,190
821,1,268,213
832,1,268,250
831,1,269,250
829,1,269,273
822,1,269,291
801,1,269,296
812,1,269,320
811,1,268,319
796,1,268,349
790,1,268,386
788,1,268,419
779,1,267,439
767,1,267,440
766,1,266,439
758,1,273,453
752,1,292,479
748,1,301,516
749,1,302,543
747,5,302,543
746,4,302,543
724,10,326,543
718,19,325,542
712,3,325,543
708,8,325,569
688,34,326,571
687,33,326,571
680,34,335,585
660,48,334,584
643,42,381,583
628,51,381,583
627,50,381,583
623,53,380,582
617,40,381,614
597,50,419,633
592,63,419,633
582,50,420,635
581,77,420,608
575,74,422,611
567,89,421,610
555,95,422,612
551,159,439,561
547,160,440,560
546,159,440,560
544,161,440,559
544,162,454,558
540,164,453,556
541,171,453,527
563,248,414,435
562,247,414,435
565,223,417,456
580,207,443,471
591,193,451,498
603,177,452,510
602,176,452,510
605,187,454,481
597,173,373,481
571,170,346,449
543,177,397,453
540,177,415,454
539,177,415,454
500,178,458,455
494,179,485,455
490,178,498,456
492,189,500,458
490,186,503,461
489,185,525,461
451,183,556,463
442,175,574,467
423,185,557,470
414,199,559,472
401,198,571,472
375,206,601,494
346,282,632,400
370,264,634,401
398,281,586,401
347,315,584,400
346,314,584,400
343,316,585,401
353,317,588,403
344,315,591,405
339,298,547,407
341,329,551,388
340,328,551,388
313,367,556,352
280,367,559,353
263,368,559,352
261,368,570,350
265,371,568,349
264,370,568,349
258,369,569,349
246,351,572,369
214,349,537,371
200,350,537,370
200,350,536,369
190,352,535,368
191,403,533,317
186,404,532,316
183,404,532,316
181,393,534,317
181,393,534,326
177,391,536,327
170,394,537,326
168,399,496,321
173,396,493,324
170,403,492,317
169,402,492,317
166,415,492,305
162,415,493,305
162,428,493,292
161,440,494,280
154,453,468,267
153,452,468,268
127,460,468,260
129,465,468,255
133,461,467,259
135,462,466,258
135,462,465,257
137,464,466,256
140,446,391,274
153,445,391,274
160,446,391,274
157,448,354,272
156,447,354,272
158,448,355,272
157,460,355,259
159,462,355,258
178,461,356,259
173,461,282,259
172,460,282,259
175,461,282,259
169,461,283,259
166,463,283,257
163,469,243,251
165,473,240,247
164,472,240,247
158,478,240,242
148,484,240,236
142,487,240,234
142,487,240,234
142,487,240,234
142,487,240,234
142,487,240,234
142,487,240,234
142,487,240,234
142,487,240,234
142,487,240,234
142,487,240,234
142,487,240,234
142,487,240,234
142,487,240,234
142,487,240,234
142,487,240,234
142,487,240,234
142,487,240,234
142,487,240,234
142,487,240,234
142,487,240,234
142,487,240,234
142,487,240,234
142,487,240,234
142,487,240,234
142,487,240,234
142,487,240,234
142,487,240,234
142,487,240,234
142,487,240,234
142,487,240,234
142,487,240,234
142,487,240,234
142,487,240,234
142,487,240,234
142,487,240,234
142,487,240,234
142,487,240,234
142,487,240,234
142,487,240,234
142,487,240,234
142,487,240,234
142,487,240,234
142,487,240,234
142,487,240,234
142,487,240,234
142,487,240,234
142,487,240,234
142,487,240,234
142,487,240,234
142,487,240,234
142,487,240,234
142,487,240,234
142,487,240,234
142,487,240,234
142,487,240,234
142,487,240,234
142,487,240,234
142,487,240,234
142,487,240,234
142,487,240,234
142,487,240,234
142,487,240,234
142,487,240,234
142,487,240,234
142,487,240,234
142,487,240,234
142,487,240,234
142,487,240,234
142,487,240,234
142,487,240,234
142,487,240,234
142,487,240,234
142,487,240,234
142,487,240,234
142,487,240,234
142,487,240,234
142,487,240,234
142,487,240,234
142,487,240,234
142,487,240,234
142,487,240,234
142,487,240,234
142,487,240,234
142,487,240,234
142,487,240,234
142,487,240,234
142,487,240,234
142,487,240,234
142,487,240,234
142,487,240,234
142,487,240,234
142,487,240,234
142,487,240,234
142,487,240,234
142,487,240,234
142,487,240,234
142,487,240,234
142,487,240,234
142,487,240,234
142,487,240,234
142,487,240,234
142,487,240,234
142,487,240,234
142,487,240,234
142,487,240,234
142,487,240,234
142,487,240,234
142,487,240,234
142,487,240,234
142,487,240,234
142,487,240,234
142,487,240,234
142,487,240,234
142,487,240,234
142,487,240,234
142,487,240,234
142,487,240,234
142,487,240,234
142,487,240,234
142,487,240,234
142,487,240,234
142,487,240,234
142,487,240,234
142,487,240,234
142,487,240,234
142,487,240,234
142,487,240,234
142,487,240,234
142,487,240,234
142,487,240,234
142,487,240,234
142,487,240,234
142,487,240,234
142,487,240,234
142,487,240,234
142,487,240,234
142,487,240,234
142,487,240,234
142,487,240,234
142,487,240,234
142,487,240,234
142,487,240,234
142,487,240,234
142,487,240,234
142,487,240,234
142,487,240,234
142,487,240,234
142,487,240,234
142,487,240,234
142,487,240,234
142,487,240,234
275,2,156,38
269,2,162,38
280,4,186,42
280,4,201,47
269,2,327,56
269,1,326,66
265,2,326,66
264,2,325,69
262,1,359,69
252,1,358,68
249,1,358,56
245,1,206,50
245,1,210,50
258,1,161,41
262,1,142,32
278,1,109,27
287,1,91,26
273,1,112,26
282,1,109,26
334,1,57,26
237,1,345,26
237,1,345,26
237,1,345,26
237,1,345,26
237,1,345,26
237,1,345,26
237,1,345,26
237,1,345,26
237,1,345,26
237,1,345,26
237,1,345,26
237,1,345,26
237,1,345,26
237,1,345,26
237,1,345,26
237,1,345,26
237,1,345,26
237,1,345,26
237,1,345,26
237,1,345,26
237,1,345,26
237,1,345,26
237,1,345,26
237,1,345,26
237,1,345,26
237,1,345,26
237,1,345,26
237,1,345,26
237,1,345,26
237,1,345,26
237,1,345,26
237,1,345,26
237,1,345,26
237,1,345,26
237,1,345,26
237,1,345,26
237,1,345,26
237,1,345,26
237,1,345,26
237,1,345,26
237,1,345,26
237,1,345,26
237,1,345,26
237,1,345,26
237,1,345,26
237,1,345,26
237,1,345,26
237,1,345,26
237,1,345,26
237,1,345,26
237,1,345,26
241,6,348,26
241,6,348,26
241,6,348,26
241,6,348,26
241,6,348,26
241,6,348,26
241,6,348,26
241,6,348,26
241,6,348,26
241,6,348,26
241,6,348,26
241,6,348,26
241,6,348,26
241,6,348,26
241,6,348,26
241,6,348,26
241,6,348,26
241,6,348,26
241,6,348,26
241,6,348,26
241,6,348,26
241,6,348,26
241,6,348,26
241,6,348,26
241,6,348,26
241,6,348,26
241,6,348,26
241,6,348,26
241,6,348,26
249,9,345,25
255,13,340,24
255,13,340,24
255,13,340,24
255,13,339,23
253,21,339,23
253,21,339,23
253,21,339,23
253,21,339,23
253,21,339,23
253,21,339,23
253,21,339,23
253,21,339,23
253,21,339,23
253,21,339,23
253,21,339,23
253,21,339,23
253,21,339,23
253,21,339,23
253,21,339,23
253,21,339,23
253,21,339,23
253,21,339,23
253,21,339,23
253,21,339,23
253,21,339,23
253,21,339,23
253,21,339,23
253,21,339,23
253,21,339,23
253,21,339,23
253,21,339,23
253,21,339,23
253,21,339,23
253,21,339,23
253,21,339,23
253,21,339,23
253,21,339,23
253,21,339,23
253,21,339,23
253,21,339,23
253,21,339,23
253,21,339,23
253,21,339,23
253,21,339,23
253,21,339,23
253,21,339,23
253,21,339,23
253,1,339,55
253,1,339,80
252,1,339,80
184,2,435,78
175,2,446,134
174,2,448,134
176,1,468,134
178,1,491,202
177,1,491,202
240,2,431,202
239,1,432,202
235,1,432,202
351,2,345,202
458,1,192,86
462,1,192,86
466,1,184,71
539,1,87,71
253,21,339,23
253,21,339,23
253,21,339,23
253,21,339,23
253,21,339,23
253,21,339,23
253,21,339,23
253,21,339,23
253,21,339,23
253,21,339,23
253,21,339,23
253,21,339,23
253,21,339,23
253,21,339,23
253,21,339,23
253,21,339,23
253,21,339,23
253,21,339,23
253,21,339,23
253,21,339,23
253,21,339,23
253,21,339,23
253,21,339,23
253,21,339,23
708,246,124,120
708,246,124,120
709,242,165,161
722,233,166,195
725,233,165,214
741,238,165,235
755,233,165,271
755,233,164,270
742,223,194,315
738,223,216,353
746,207,194,372
766,215,202,396
770,236,217,412
769,235,217,412
764,252,217,428
769,276,217,437
765,283,230,437
721,300,276,420
717,308,295,412
717,308,295,412
718,312,308,408
712,314,309,406
710,320,309,400
712,348,308,372
711,347,308,372
713,352,308,368
712,358,298,362
706,366,299,354
691,343,314,377
691,363,314,357
690,364,314,356
697,366,298,354
693,370,299,350
651,376,356,344
613,377,402,343
546,378,482,342
545,377,482,342
533,385,482,335
533,454,482,266
527,462,495,258
522,472,493,248
513,486,493,234
512,485,493,234
511,490,506,230
507,491,506,229
524,492,496,228
514,494,495,226
513,493,495,226
493,495,495,225
494,465,496,255
489,461,450,257
488,462,452,258
479,460,453,259
478,461,453,259
473,488,454,231
469,490,454,230
465,550,477,168
456,552,476,167
452,533,493,187
451,533,493,187
443,535,491,185
434,535,491,185
436,531,490,184
433,535,491,184
438,536,492,184
435,537,492,183
450,551,471,168
452,553,471,167
449,554,472,166
448,554,473,166
447,554,473,166
445,549,474,171
443,555,475,165
439,556,477,164
439,557,478,163
432,558,478,162
431,559,478,161
441,638,291,82
418,625,315,95
441,647,249,73
425,634,284,86
417,615,325,104
414,620,316,100
413,616,316,104
410,616,318,104
408,612,318,108
404,628,318,92
401,629,317,91
400,628,317,91
400,631,318,89
410,631,312,89
407,630,313,90
409,631,313,89
408,630,313,90
406,631,314,89
403,633,314,87
405,632,316,88
402,628,321,92
412,628,318,92
433,627,318,93
436,634,291,86
437,635,281,85
446,638,281,83
253,21,339,23
253,21,339,23
253,21,339,23
253,21,339,23
253,21,339,23
253,21,339,23
253,21,339,23
253,21,339,23
253,21,339,23
253,21,339,23
253,21,339,23
253,21,339,23
253,21,339,23
253,21,339,23
253,21,339,23
253,21,339,23
253,21,339,23
253,21,339,23
253,21,339,23
253,21,339,23
253,21,339,23
253,21,339,23
253,21,339,23
253,21,339,23
253,21,339,23
253,21,339,23
253,21,339,23
253,21,339,23
253,21,339,23
253,21,339,23
253,21,339,23
253,21,339,23
253,21,339,23
253,21,339,23
253,21,339,23
253,21,339,23
253,21,339,23
253,21,339,23
253,21,339,23
253,21,339,23
253,21,339,23
253,21,339,23
253,21,339,23
253,21,339,23
253,21,339,23
253,21,339,23
253,21,339,23
253,21,339,23
253,21,339,23
253,21,339,23
253,21,339,23
253,21,339,23
253,21,339,23
118,100,184,82
118,100,183,81
109,101,165,88
106,98,166,95
101,93,191,106
100,84,189,116
99,83,189,116
94,85,187,115
90,95,170,113
84,95,166,110
91,80,157,97
86,73,156,83
86,72,155,82
117,71,125,81
129,64,109,68
120,61,108,67
253,21,339,23
253,21,339,23
253,21,339,23
253,21,339,23
253,21,339,23
253,21,339,23
253,21,339,23
253,21,339,23
253,21,339,23
253,21,339,23
253,21,339,23
253,21,339,23
253,21,339,23
253,21,339,23
253,21,339,23
253,21,339,23
253,21,339,23
253,21,339,23
253,21,339,23
253,21,339,23
253,21,339,23
253,21,339,23
253,21,339,23
253,21,339,23
253,21,339,23
253,21,339,23
253,21,339,23
253,21,339,23
253,21,339,23
253,21,339,23
253,21,339,23
253,21,339,23
253,21,339,23
253,21,339,23
253,21,339,23
253,21,339,23
253,21,339,23
253,21,339,23
253,21,339,23
253,21,339,23
253,21,339,23
253,21,339,23
253,21,339,23
253,21,339,23
253,21,339,23
253,21,339,23
253,21,339,23
253,21,339,23
252,20,339,23
147,2,60,23
134,2,98,32
110,1,149,43
104,2,158,45
96,1,219,63
96,1,226,62
102,1,227,79
64,1,254,99
59,1,280,122
30,1,299,144
29,1,299,144
23,1,300,157
17,1,317,175
7,1,336,185
2,1,335,206
1,1,335,232
1,1,335,232
1,2,335,259
1,4,314,308
1,2,283,348
1,1,274,397
1,1,289,422
1,1,289,423
1,1,297,406
1,1,299,388
1,1,300,368
1,1,287,370
1,1,287,350
1,1,287,350
1,1,283,351
1,1,283,338
1,1,281,336
1,1,280,325
1,1,280,325
1,1,258,302
1,1,259,294
1,1,248,286
1,1,248,285
1,1,246,283
1,1,245,282
1,1,243,282
1,1,242,264
1,1,244,266
1,1,189,266
1,1,189,266
1,1,189,266
1,1,191,258
1,1,198,239
3,1,197,212
1,1,197,186
1,1,198,193
1,1,198,193
1,1,197,217
1,3,197,217
1,1,197,218
1,1,164,218
1,1,163,217
1,2,170,216
1,1,198,215
2,2,281,215
1,1,338,256
1,1,369,282
1,1,369,282
1,1,371,283
4,1,392,306
1,1,410,307
1,1,427,325
1,1,443,326
1,1,443,326
5,2,443,326
1,1,443,326
2,1,465,325
11,1,466,335
12,1,484,354
12,1,483,353
1,1,519,378
1,1,550,399
1,3,569,399
11,19,570,399
14,9,570,399
32,18,570,399
43,64,571,357
53,64,571,350
69,64,571,350
89,60,571,326
89,59,587,326
101,66,588,317
119,62,607,318
125,88,608,299
142,89,623,299
157,116,623,253
156,115,623,253
179,120,625,254
178,133,626,254
173,144,627,254
196,140,628,254
206,128,610,254
205,127,610,254
244,118,595,254
274,121,594,253
286,111,573,235
339,86,545,234
338,85,545,234
358,74,544,247
370,57,523,264
435,52,475,264
440,51,475,277
443,49,475,279
442,48,475,279
442,43,490,278
442,42,496,278
444,59,497,267
447,58,497,267
454,54,507,266
453,53,507,266
457,51,507,266
457,50,516,266
459,48,516,266
460,43,516,266
454,45,517,277
453,44,517,277
450,43,517,277
443,42,518,288
442,41,518,288
443,35,519,288
442,34,519,314
440,29,520,314
433,24,521,314
