112,48,45,25
112,50,45,23
111,50,46,22
111,50,47,22
111,50,47,24
111,49,47,24
111,50,47,23
111,50,47,23
111,50,48,24
111,50,48,24
111,50,48,24
111,50,48,24
111,50,48,24
111,50,48,24
111,50,50,24
111,50,50,24
111,50,50,24
111,50,50,24
111,50,50,24
111,50,50,24
111,50,50,24
111,49,50,25
111,50,51,24
112,50,50,25
112,50,50,25
112,50,50,25
112,50,50,25
112,50,50,25
112,50,50,25
112,50,50,27
114,51,48,25
115,51,47,25
113,50,50,27
112,50,50,27
112,50,50,27
112,50,53,27
112,50,51,28
112,50,50,27
112,51,54,25
113,51,54,25
115,51,51,24
121,51,45,26
119,51,48,25
119,51,49,25
119,51,49,25
119,51,49,25
119,51,51,26
119,51,50,26
119,51,49,26
119,51,49,26
119,51,50,26
120,50,50,28
121,51,48,26
121,51,49,27
121,51,50,28
120,50,51,29
122,51,48,28
121,51,50,28
121,50,49,31
121,51,50,27
121,52,49,26
124,51,48,29
123,51,49,28
125,52,46,27
124,51,49,29
125,51,47,28
123,51,50,31
125,51,49,31
125,51,49,30
125,52,49,28
125,52,49,27
125,52,49,28
125,51,49,29
126,52,49,28
125,52,50,29
127,53,48,27
127,51,49,29
127,51,50,29
127,51,50,29
129,52,48,29
127,52,51,29
128,52,50,28
127,52,51,29
127,52,50,29
128,52,49,29
127,52,51,29
128,52,50,30
128,52,50,30
128,52,50,30
128,52,50,30
128,52,50,30
128,52,50,30
128,52,50,30
128,52,50,30
129,53,49,28
129,53,49,28
131,53,47,27
129,53,50,29
132,53,47,27
132,54,47,26
132,53,48,27
132,53,49,27
132,53,48,27
131,53,50,27
131,53,49,27
130,53,51,27
131,54,51,26
130,54,52,26
132,54,51,26
132,54,52,27
131,54,53,26
131,54,54,27
131,54,55,27
134,55,52,26
134,54,51,27
134,54,52,28
134,53,52,29
136,53,50,29
136,54,50,29
136,54,51,29
136,54,49,29
136,54,50,28
136,54,50,30
136,55,50,28
136,55,51,29
136,55,52,28
136,55,51,28
136,55,52,29
136,55,52,29
136,55,52,29
136,55,52,29
136,56,52,30
136,56,52,30
136,56,54,29
136,56,55,29
136,56,55,29
136,56,55,29
138,57,54,28
139,55,54,30
141,56,51,28
142,56,50,28
142,55,50,28
142,55,50,28
142,55,51,29
142,55,51,29
142,55,51,28
142,56,51,27
143,57,50,28
142,55,52,29
142,55,52,29
142,56,51,28
142,56,52,28
145,56,49,27
143,56,52,28
143,56,51,28
145,57,49,26
144,57,51,27
144,56,50,28
144,56,50,28
147,57,47,25
148,56,46,28
148,56,48,30
148,56,47,29
151,57,44,28
152,57,42,30
152,56,44,30
152,56,45,30
152,56,44,30
152,56,45,30
151,56,46,32
151,56,46,31
151,56,48,31
151,56,48,31
151,56,48,31
151,56,48,31
151,57,47,28
151,56,46,28
151,57,48,28
150,57,51,29
150,58,51,28
152,57,49,29
152,57,48,30
152,57,49,30
152,58,49,28
153,58,48,30
153,58,47,29
154,58,46,29
154,58,48,29
155,58,47,29
155,59,47,28
155,58,47,30
155,58,47,30
155,58,48,30
155,59,47,29
155,59,47,29
154,58,49,29
153,58,50,30
153,58,50,31
153,58,51,32
152,58,52,31
152,58,53,28
151,58,55,28
151,58,56,29
152,57,56,30
153,57,56,30
153,57,58,30
153,57,57,31
153,57,58,32
153,58,58,32
154,58,57,31
154,58,56,30
154,58,57,31
154,58,58,30
154,58,57,31
153,58,57,31
153,58,59,32
156,58,56,30
157,58,54,29
157,58,55,31
157,58,54,30
157,58,53,30
158,59,52,29
159,59,50,30
158,59,51,29
158,59,51,28
161,60,51,27
162,59,49,26
162,59,47,27
162,59,47,28
162,59,47,28
162,59,47,29
163,59,46,29
164,59,45,30
164,59,46,29
164,59,46,29
164,59,46,29
164,59,46,29
166,60,44,29
166,61,43,28
167,62,43,27
167,62,44,26
167,62,45,26
168,62,45,26
168,60,44,30
169,61,46,28
170,62,46,26
170,62,46,26
169,62,47,25
169,62,47,25
169,62,47,25
169,62,47,25
171,63,43,23
173,63,41,24
172,61,43,27
173,61,40,27
173,56,41,31
174,56,41,30
174,56,41,30
174,56,41,30
174,56,41,30
176,55,42,33
176,55,42,33
176,55,42,33
177,54,40,34
177,54,40,34
177,54,42,34
177,54,42,34
177,54,42,34
177,54,44,36
178,55,43,34
177,53,48,37
180,53,47,37
180,54,46,35
179,55,48,35
180,53,46,38
180,53,49,37
182,54,47,36
182,53,47,36
182,53,47,35
182,54,48,34
182,53,49,36
182,54,50,33
183,54,47,33
183,53,48,35
183,54,48,33
184,53,49,35
183,54,50,33
182,54,51,32
183,53,52,34
182,54,53,33
183,54,52,34
184,53,50,33
185,53,51,32
185,53,51,34
186,53,50,32
185,53,52,32
185,53,51,33
187,53,48,34
188,53,47,32
188,53,47,32
187,53,48,33
186,53,49,33
188,54,47,32
188,54,47,33
188,54,46,31
187,55,45,29
187,55,48,30
186,55,48,30
186,55,47,29
186,55,47,29
186,55,47,29
186,55,47,29
186,55,47,29
186,55,47,29
190,56,37,32
190,57,39,27
190,53,47,30
191,49,47,30
189,56,38,29
189,56,38,30
189,56,38,30
190,56,39,28
190,50,46,32
190,50,49,32
190,50,48,33
190,50,49,32
190,50,49,32
192,51,49,31
192,51,48,32
192,51,48,32
192,50,48,33
192,50,48,33
193,50,47,33
193,50,48,32
194,50,47,32
193,49,48,34
193,49,49,34
195,50,47,33
195,49,48,34
194,49,48,33
195,49,48,33
195,49,48,34
200,49,43,31
198,49,45,31
198,49,44,32
200,48,42,34
199,48,44,33
200,48,43,32
200,48,44,31
200,48,44,31
201,48,43,30
201,48,45,31
202,48,43,32
202,48,42,31
202,48,43,31
202,48,44,31
203,48,42,29
203,48,42,29
203,48,42,29
204,48,41,29
204,48,41,29
204,48,41,29
204,48,41,29
204,48,41,29
204,48,41,29
204,48,41,29
204,48,41,29
204,48,41,29
204,48,41,29
204,48,41,29
204,48,45,29
204,48,43,29
204,48,46,29
206,48,42,29
207,48,40,29
207,48,41,29
207,47,42,28
207,48,42,27
207,48,42,27
208,48,41,26
208,48,41,26
208,48,41,26
208,48,41,26
209,48,40,26
209,48,40,26
209,48,40,26
209,48,42,26
209,48,43,26
208,47,43,27
208,47,43,28
208,47,43,27
208,47,45,27
208,47,45,27
208,47,44,27
208,47,46,25
208,47,44,25
208,47,44,26
208,47,45,26
208,47,45,26
208,47,45,27
208,47,46,26
209,47,44,26
209,47,44,26
209,47,46,27
209,47,46,27
209,47,46,26
209,46,48,28
209,46,48,29
209,46,47,28
209,46,47,28
208,46,49,28
207,46,51,28
207,46,50,28
208,46,50,27
207,46,52,27
207,46,51,28
208,46,50,28
208,46,50,28
207,46,52,28
207,45,51,30
207,45,51,29
207,45,52,29
208,46,50,28
207,46,51,28
206,46,53,28
206,46,53,28
206,46,53,28
208,47,51,26
208,47,50,27
208,47,51,27
208,47,51,26
208,47,52,26
208,47,50,26
208,47,50,26
207,47,51,25
207,47,51,25
205,47,55,26
206,47,53,25
206,47,52,25
206,47,52,25
208,48,50,23
208,48,51,24
208,48,51,24
208,48,51,24
209,48,49,23
212,49,46,22
212,49,46,22
212,49,46,22
212,49,46,22
214,48,44,23
214,48,44,23
214,48,44,23
216,49,42,21
216,49,42,21
216,49,42,21
216,49,42,21
216,48,42,23
216,48,42,23
216,48,42,24
215,48,44,24
216,49,45,23
216,49,44,23
216,48,43,24
216,48,42,24
216,48,43,24
217,49,41,23
217,49,42,23
217,49,42,23
217,49,43,23
217,48,44,23
220,49,42,22
220,49,42,22
220,49,42,22
220,49,43,22
222,50,41,21
222,49,40,21
220,50,43,22
222,49,41,22
222,49,41,22
222,49,41,22
222,49,41,22
223,50,39,19
224,50,39,20
224,50,39,20
223,49,39,22
221,49,41,22
223,50,39,22
223,49,40,23
225,50,38,22
225,49,39,22
225,49,38,23
225,49,38,23
226,48,37,26
226,48,37,24
226,48,37,24
226,49,37,21
225,50,38,18
225,49,38,22
225,50,38,20
225,50,38,21
225,50,38,20
226,49,37,20
226,50,37,20
226,50,36,21
225,50,39,20
225,50,38,20
226,50,37,21
226,50,37,22
226,49,38,23
226,49,37,21
226,50,37,20
225,50,39,22
225,50,40,23
225,50,39,21
225,50,39,21
224,50,41,21
224,50,42,23
224,50,40,22
224,50,40,22
224,50,40,22
225,50,41,24
225,50,40,23
225,50,40,23
225,50,40,23
225,50,40,23
225,50,40,23
225,50,40,23
224,50,42,23
224,50,42,23
225,51,41,22
225,50,40,22
225,50,40,22
224,49,42,23
227,50,38,22
227,50,38,22
226,50,38,21
226,50,38,21
226,51,38,21
226,51,39,22
226,51,39,22
225,51,39,22
225,51,40,23
225,50,39,24
225,50,40,24
225,50,39,24
227,51,37,22
226,50,40,23
226,50,39,23
226,50,38,24
226,50,37,24
224,50,42,24
224,50,41,24
224,50,41,24
225,51,40,23
225,51,39,23
225,51,40,23
225,51,40,23
225,51,41,24
225,51,41,25
226,51,39,24
225,51,40,25
225,51,40,25
225,51,39,24
225,51,40,25
227,52,38,24
226,51,39,26
225,51,39,25
226,52,38,25
226,52,39,26
225,52,40,27
225,52,39,26
225,52,39,25
225,52,39,26
225,52,40,27
225,52,40,27
225,52,39,27
225,52,39,27
225,52,39,27
225,52,39,27
226,52,36,30
226,52,35,28
226,52,35,28
226,52,35,28
226,52,35,28
226,52,35,28
226,53,35,28
226,53,35,28
226,53,35,28
226,53,35,28
226,53,35,28
226,53,35,28
225,53,36,28
225,53,36,28
225,53,36,28
225,53,36,28
225,53,36,28
225,53,36,28
225,53,36,28
225,53,36,28
225,53,36,28
225,53,36,28
225,53,38,29
227,54,36,28
227,54,36,28
227,54,36,28
227,54,36,28
227,54,36,28
225,55,38,27
225,55,38,27
225,55,38,27
225,55,38,27
225,55,38,27
225,55,38,27
225,55,38,27
225,54,36,27
225,54,36,27
225,54,36,27
225,54,36,27
225,54,37,27
225,54,37,27
225,54,38,27
225,54,38,27
225,54,38,27
225,54,38,27
225,55,38,26
225,55,38,26
225,55,38,26
226,56,38,26
226,56,38,26
226,56,38,26
225,57,39,25
225,57,40,25
225,57,40,25
225,57,40,25
225,57,40,25
225,57,40,25
225,57,40,25
225,57,41,25
225,57,41,25
224,57,42,25
224,57,42,25
224,57,42,25
224,57,43,25
224,58,42,24
224,58,42,24
227,58,40,23
227,58,40,23
227,58,40,23
230,59,37,21
231,59,36,22
231,59,36,22
231,59,36,22
231,59,36,22
231,59,36,22
231,59,36,22
231,59,36,22
231,59,36,22
231,59,36,22
231,59,38,23
231,59,38,23
231,59,38,23
231,59,38,23
231,59,38,23
231,59,38,24
231,59,38,24
231,59,43,24
231,59,43,24
231,59,44,24
231,60,42,22
231,60,43,23
231,60,43,23
231,60,43,23
231,60,43,23
231,60,44,23
231,60,44,23
231,61,44,22
231,61,44,22
231,61,44,22
231,61,44,22
229,62,45,22
228,62,44,22
228,62,44,22
228,63,46,22
228,63,45,22
228,63,45,22
228,63,45,22
228,63,45,24
228,63,45,24
228,63,45,24
228,64,46,23
232,64,41,23
232,63,42,25
230,64,44,23
230,64,43,23
229,65,42,22
229,65,42,22
243,64,31,22
241,65,36,21
241,65,36,21
241,65,37,24
241,65,37,24
240,65,37,24
240,64,36,24
240,64,36,24
240,64,36,24
240,64,36,24
233,65,43,23
233,65,43,23
234,66,42,21
234,66,42,21
234,66,42,21
236,66,39,21
235,66,39,22
235,66,39,22
235,66,39,22
235,66,41,22
235,66,41,22
237,66,39,23
237,66,39,23
237,66,38,24
237,66,39,24
237,66,46,24
236,66,46,24
236,66,47,26
236,66,47,26
237,67,44,23
237,67,45,24
237,67,45,24
241,67,41,24
240,67,43,24
240,67,43,24
239,67,45,24
240,67,42,24
237,67,45,24
246,69,36,26
246,69,36,26
246,69,36,26
248,67,34,28
248,70,34,24
248,69,34,25
248,69,34,27
248,69,34,26
247,68,38,27
248,68,36,27
248,68,37,27
248,68,39,28
248,68,39,28
248,68,39,28
248,68,39,29
247,67,41,30
248,66,40,30
247,68,39,29
247,68,39,29
247,69,39,28
248,68,39,30
248,68,38,31
248,71,39,26
248,72,38,26
248,73,39,25
249,74,37,25
249,73,37,26
249,73,37,28
250,74,36,25
250,75,36,24
251,73,35,28
251,75,35,25
251,75,34,27
251,75,35,27
250,76,38,26
250,75,40,28
249,76,41,26
248,77,42,25
248,77,42,26
247,77,43,26
247,77,42,26
253,77,39,27
252,78,41,25
253,76,40,29
253,76,39,28
251,76,42,28
255,76,37,23
249,74,44,26
250,76,44,26
251,75,41,31
251,75,41,31
253,76,38,30
258,78,34,28
257,79,34,29
257,79,35,29
256,78,36,30
257,80,35,28
257,80,35,29
257,80,35,29
256,79,38,29
256,80,40,28
255,80,40,28
255,80,39,29
255,80,36,28
255,80,35,31
255,80,36,30
259,81,31,28
260,82,30,29
260,83,32,27
260,82,31,29
261,83,30,29
261,83,31,29
263,82,31,30
263,83,31,29
263,83,32,31
263,83,33,30
264,84,32,29
263,84,32,29
263,84,33,29
263,84,34,30
264,85,34,29
264,85,34,29
264,86,34,28
264,86,34,28
265,86,34,30
267,87,31,28
267,87,32,28
267,86,32,28
265,87,35,29
264,86,35,24
266,88,34,21
264,88,38,21
264,87,38,23
264,87,37,22
265,88,37,22
265,88,36,21
265,87,37,22
265,86,38,24
266,88,37,23
267,87,37,25
268,88,37,22
268,88,38,23
271,88,34,23
272,89,34,21
272,90,34,21
272,89,35,23
272,90,33,26
272,90,33,25
272,90,34,25
272,90,33,25
273,90,33,25
273,90,33,26
273,89,33,28
272,89,34,31
272,89,34,31
270,88,36,31
271,88,41,30
269,88,45,31
269,89,45,28
269,89,45,31
267,89,48,30
269,89,42,25
271,90,42,25
271,89,43,25
270,88,43,26
275,89,37,26
275,88,38,27
275,89,38,26
275,87,38,27
276,87,38,29
276,88,39,28
277,87,39,28
278,88,37,27
276,88,39,26
278,88,37,29
278,87,38,28
277,88,38,28
278,89,37,27
277,99,41,18
279,100,39,16
278,99,42,17
286,100,32,16
286,100,32,16
286,100,32,16
286,100,32,16
286,100,32,16
290,97,29,19
290,97,29,19
289,97,31,18
289,96,31,20
289,96,31,20
290,96,30,20
290,94,29,21
290,94,28,21
290,94,28,21
290,94,28,21
292,94,26,20
292,94,26,20
292,94,26,20
292,93,27,23
294,94,25,22
294,94,25,22
294,94,25,22
294,94,25,22
297,95,33,33
293,95,37,34
293,95,37,34
293,95,37,34
293,95,37,34
293,95,37,34
293,95,37,34
293,95,37,34
294,93,41,37
294,93,41,37
294,93,41,37
295,92,39,39
295,92,39,39
297,93,37,39
299,97,36,35
302,100,34,31
303,100,33,32
304,101,32,31
304,101,33,32
304,99,31,36
304,99,31,36
303,100,30,35
303,100,30,35
303,99,33,35
303,99,33,35
305,99,31,36
305,99,31,36
305,99,28,37
305,99,28,37
303,98,32,38
303,98,32,38
307,100,28,35
309,100,28,38
309,100,28,38
309,100,28,38
309,100,28,38
309,99,30,40
309,99,30,40
309,99,30,41
309,99,30,41
309,99,30,41
309,99,30,41
311,101,27,41
311,101,27,41
311,101,27,41
311,102,27,41
311,102,27,41
311,102,27,41
311,104,27,39
311,105,27,38
311,104,27,39
311,104,27,39
311,105,27,38
311,103,28,41
311,106,28,37
311,108,28,35
311,108,28,37
311,108,28,37
311,108,28,37
311,108,28,37
311,108,30,37
311,108,30,37
311,108,32,37
311,108,32,37
311,109,32,36
311,109,32,36
311,109,34,38
312,109,32,39
312,110,32,37
312,110,33,36
313,108,32,41
313,108,32,41
313,108,32,41
315,109,31,38
315,109,31,38
315,109,30,39
317,109,29,40
318,111,28,38
318,113,28,37
318,113,28,37
318,113,28,37
318,113,28,37
318,112,29,41
318,113,31,36
318,113,31,36
318,113,31,36
318,113,31,36
318,113,31,36
320,113,29,32
320,113,29,33
319,113,31,32
319,113,31,31
319,113,31,31
319,113,31,31
319,113,31,31
319,113,31,31
322,113,31,33
323,114,29,30
324,115,28,29
324,115,30,30
324,115,30,31
324,115,31,31
323,118,31,27
324,121,30,25
324,122,30,24
324,122,30,24
324,122,32,24
324,122,32,24
324,122,32,24
325,123,31,23
325,123,31,23
324,123,35,24
325,123,33,24
325,124,30,23
326,124,31,23
325,124,32,23
326,124,31,26
327,123,30,27
328,125,28,24
328,122,30,29
328,119,31,30
328,120,32,30
329,119,31,31
330,119,32,30
330,120,31,29
330,120,32,29
331,120,32,29
331,120,33,29
331,120,34,29
331,120,34,29
332,120,32,35
333,121,31,30
333,121,32,30
333,121,32,30
334,121,31,31
334,121,31,31
334,121,31,31
335,122,34,31
335,122,34,31
335,122,34,31
337,124,32,29
337,124,32,29
337,124,32,29
337,124,33,31
337,124,33,31
338,128,31,27
338,128,31,29
338,129,31,28
338,129,31,26
337,129,33,29
338,129,32,29
340,130,30,27
340,130,30,27
340,130,30,27
340,128,30,31
340,128,30,32
340,128,31,30
341,129,28,31
340,129,30,32
341,130,29,29
341,130,28,29
342,130,27,30
342,130,28,29
342,130,28,29
342,130,28,29
343,130,27,31
343,130,27,31
343,130,27,31
343,130,27,24
343,130,27,24
343,130,27,24
344,131,26,23
344,131,28,23
344,131,26,23
344,131,26,23
346,133,24,21
346,133,24,21
346,133,24,21
346,133,26,21
346,133,26,22
346,132,26,22
346,132,26,22
346,132,26,23
346,132,29,22
346,132,28,22
346,132,29,24
348,133,26,27
348,133,26,28
348,133,26,29
348,133,26,28
348,134,26,26
347,133,28,27
347,133,27,27
347,133,27,28
347,133,27,28
348,133,29,28
348,133,28,29
350,134,26,28
349,134,29,29
349,134,29,29
349,134,29,29
350,133,28,33
350,133,28,33
350,133,28,29
350,133,28,29
351,133,31,30
351,134,30,31
351,134,32,30
351,134,31,30
351,134,31,30
351,134,32,31
351,134,32,31
351,134,33,28
351,134,33,30
351,134,33,31
353,135,31,28
353,135,31,29
353,135,31,29
354,135,29,30
354,135,29,30
354,135,29,28
354,135,30,30
355,135,28,30
355,135,27,29
355,135,28,31
355,135,28,32
354,135,28,32
354,135,28,31
354,135,29,33
356,131,27,37
356,131,28,37
356,131,28,37
356,131,28,37
356,131,28,37
356,131,28,37
358,136,27,32
358,136,27,32
358,136,27,32
358,136,27,32
358,136,27,32
358,130,28,39
358,130,28,39
358,130,28,39
358,130,28,39
358,130,28,39
358,130,31,41
358,130,31,41
358,130,31,41
358,133,33,37
357,134,34,35
357,133,35,37
357,133,35,37
357,134,34,36
357,135,35,34
358,135,35,35
358,135,35,35
358,134,35,36
359,134,35,37
359,135,35,34
359,135,35,35
359,135,36,36
359,135,36,35
359,136,37,34
361,136,35,34
361,136,35,35
360,136,36,36
360,136,36,35
359,136,38,34
361,137,38,34
360,137,39,34
360,136,40,36
358,137,40,34
359,137,40,33
358,137,41,35
358,136,42,35
359,136,41,35
358,136,43,36
358,137,43,35
359,137,43,35
359,137,43,35
359,137,43,35
361,136,43,36
354,137,49,35
354,137,49,36
354,137,49,36
354,137,49,36
353,137,52,35
354,137,52,36
354,137,52,36
354,137,52,36
354,137,52,36
354,137,52,36
354,137,52,36
354,137,52,36
354,137,52,36
356,138,52,35
357,138,51,35
357,138,51,34
357,138,51,34
358,138,51,36
359,139,51,33
359,139,52,34
359,138,51,35
359,138,51,35
359,138,52,36
359,138,52,35
361,139,49,35
361,139,49,35
361,139,49,35
361,139,49,35
363,139,47,35
361,139,50,35
360,139,50,36
361,139,50,37
361,139,51,37
361,139,50,36
361,139,51,36
361,139,51,36
361,139,52,38
361,139,51,38
361,139,52,39
361,140,52,37
361,140,52,37
361,140,52,38
361,140,53,37
361,140,53,37
362,140,52,37
361,139,55,39
361,139,56,40
361,139,54,39
362,140,53,38
362,139,53,40
362,139,54,40
362,139,54,40
362,139,54,40
362,139,54,40
362,139,54,40
360,139,57,41
360,140,57,41
360,141,58,41
360,140,58,41
360,140,58,42
360,140,58,42
360,140,58,42
360,140,58,42
360,140,58,42
360,140,58,42
360,140,58,42
360,140,58,42
360,140,58,42
360,140,58,42
360,140,58,42
360,140,58,42
360,140,58,45
360,140,58,43
360,140,58,44
360,139,59,46
360,139,59,48
365,139,54,38
365,139,55,44
366,138,55,47
364,139,58,45
363,139,58,45
362,139,60,47
362,138,61,45
361,138,63,48
361,138,63,47
361,138,63,48
360,138,64,47
360,138,64,47
360,138,64,47
360,138,64,47
360,138,65,47
360,138,65,48
359,138,65,48
358,137,68,49
358,137,68,49
355,138,72,47
355,138,72,47
357,138,70,47
357,138,70,47
357,138,70,47
357,138,70,46
364,138,66,48
364,138,66,48
366,138,64,48
366,138,64,48
366,138,64,48
366,138,64,48
366,138,64,48
366,138,64,48
365,137,66,50
365,137,66,50
365,137,66,50
365,137,66,50
365,137,66,50
365,137,66,50
362,136,72,47
362,136,72,47
362,136,72,47
362,136,73,47
362,136,73,47
362,136,73,47
365,137,71,44
365,137,71,44
366,137,70,46
366,137,70,46
366,137,70,46
366,137,70,46
366,137,70,46
361,137,76,44
361,137,76,46
361,137,76,46
361,137,76,46
361,137,76,46
361,137,76,46
360,137,79,46
360,136,78,48
360,136,79,47
360,136,79,47
360,137,78,46
360,137,79,46
360,137,80,47
360,137,81,47
360,137,81,46
359,136,82,47
359,136,80,47
363,136,77,46
363,135,78,47
363,136,79,45
363,135,79,47
362,135,81,46
362,135,80,46
362,135,80,46
362,136,81,46
362,135,81,47
362,135,81,47
362,135,81,47
362,134,80,48
362,134,81,49
362,136,80,45
362,135,80,46
360,134,83,49
361,134,82,48
361,135,82,47
359,135,87,47
359,135,87,47
359,135,87,47
358,135,89,47
357,135,89,49
357,135,89,49
358,135,88,49
358,136,87,49
357,136,87,50
358,134,87,53
359,134,85,52
359,135,85,51
359,135,85,52
359,135,85,52
360,134,84,52
360,134,84,53
360,134,84,53
360,134,84,52
362,134,83,52
363,135,82,50
363,134,81,53
363,133,82,55
363,133,82,55
363,133,82,55
363,133,82,55
363,133,82,55
363,132,82,54
363,132,82,54
362,132,82,54
362,132,82,54
362,132,82,55
361,132,83,55
360,132,83,54
361,133,83,53
361,133,83,53
361,132,83,54
360,132,83,54
360,132,82,54
360,132,81,53
360,131,80,56
360,132,78,54
360,132,79,54
360,133,79,53
360,133,79,53
360,133,79,53
360,133,80,53
360,133,81,54
358,133,81,53
357,132,83,57
357,132,83,58
357,132,82,55
356,132,81,56
356,132,81,55
354,132,83,59
352,132,85,52
353,132,84,57
353,132,86,56
352,132,85,58
352,129,83,61
352,131,83,58
351,131,83,58
352,132,81,56
350,131,81,56
345,131,88,58
345,131,88,56
346,131,87,55
346,131,87,56
346,131,87,57
346,131,87,56
346,131,86,57
346,131,87,59
345,130,88,58
345,130,87,59
344,130,88,58
343,130,88,58
343,130,89,58
343,130,89,59
343,130,87,57
343,130,86,57
343,130,85,58
343,130,84,58
342,130,84,59
339,131,82,57
337,131,83,57
340,130,83,57
341,130,82,57
340,130,83,58
340,130,83,57
340,130,83,57
338,129,86,57
339,130,86,56
337,130,87,56
336,129,88,55
335,129,91,57
336,129,90,56
336,130,89,55
333,130,91,54
333,130,89,53
332,129,88,56
333,128,86,58
333,128,86,58
333,129,86,56
333,129,86,56
333,129,85,56
333,129,85,56
332,141,71,44
332,141,71,44
332,143,70,42
332,142,71,44
330,142,72,44
331,141,71,45
331,141,71,45
331,141,71,45
331,142,72,43
331,142,71,42
330,142,74,41
330,143,72,42
329,142,73,43
330,143,71,44
330,143,71,43
326,142,70,44
326,142,70,44
323,142,74,44
323,143,70,42
323,143,71,43
323,143,70,42
323,142,69,43
323,142,69,43
323,141,64,43
323,140,64,45
324,140,62,44
323,140,64,43
321,139,68,45
320,139,66,45
320,140,67,44
320,139,64,45
321,140,62,44
321,139,64,45
321,139,63,45
321,138,64,45
321,138,65,46
321,138,61,47
318,139,66,45
317,139,67,44
317,139,67,45
319,139,65,44
319,139,65,44
319,139,63,45
319,139,64,45
319,139,65,46
318,139,65,45
318,139,68,45
317,139,64,45
316,139,69,45
316,139,69,46
315,139,68,45
314,139,73,46
314,140,70,45
312,139,68,45
311,138,66,47
312,138,67,48
312,138,66,47
312,138,68,48
312,138,68,48
312,138,68,48
309,138,76,47
308,138,73,48
307,137,70,48
307,137,70,48
307,137,70,48
307,137,70,48
307,137,70,48
307,137,79,49
307,137,79,49
307,137,79,49
305,137,77,48
305,137,77,48
305,137,77,48
305,137,77,48
303,136,75,50
303,136,75,50
302,135,70,51
302,135,73,52
302,135,73,52
302,135,73,52
302,135,73,52
302,135,73,52
302,135,73,52
302,135,73,52
302,135,73,52
302,135,73,52
302,135,73,52
302,135,73,52
302,135,73,50
302,135,69,50
302,135,69,50
302,135,69,50
302,135,65,50
302,135,65,50
302,135,67,50
302,135,71,50
302,126,89,58
302,126,88,58
302,126,88,58
302,126,88,58
302,126,88,58
299,126,92,58
299,126,92,58
299,126,92,58
298,126,92,57
298,126,92,57
298,126,92,57
298,126,92,57
298,126,92,57
298,126,92,57
298,126,92,57
298,126,92,57
297,123,91,55
297,123,91,55
297,123,91,55
297,123,91,55
297,123,91,55
297,123,91,55
297,123,91,55
290,123,92,59
290,123,92,59
290,123,92,59
286,123,96,59
286,123,96,59
286,123,96,59
286,123,96,59
286,123,96,59
286,126,96,53
282,127,99,51
282,127,99,51
282,127,99,51
282,127,99,51
282,127,99,50
282,127,98,54
282,127,98,54
282,127,98,54
282,127,98,54
282,127,96,54
282,127,96,54
282,127,95,54
282,127,95,54
282,127,95,54
282,127,94,52
281,128,95,51
279,128,97,53
279,128,96,54
276,128,99,51
276,128,99,52
276,128,98,52
272,128,101,54
272,128,101,52
270,128,101,54
270,129,102,51
269,129,103,51
269,129,103,52
267,129,105,51
266,129,105,51
265,129,106,53
267,129,103,51
265,129,105,52
265,131,105,49
264,131,105,50
264,131,105,50
264,132,105,49
264,132,105,49
264,132,104,49
264,133,103,49
264,133,103,48
264,133,103,48
263,133,104,48
262,133,104,48
260,133,105,49
262,133,104,48
261,133,104,48
261,133,103,50
261,133,102,50
261,134,101,48
260,135,102,48
261,135,100,48
261,135,99,47
259,135,101,47
260,135,102,48
260,136,100,47
261,136,99,47
261,137,98,45
259,137,101,44
258,137,101,45
257,137,102,45
256,137,102,46
255,137,103,46
254,137,104,46
253,137,105,46
252,137,107,47
251,137,106,47
252,137,106,47
252,137,107,48
252,137,107,48
252,137,107,48
252,137,106,48
251,137,107,48
250,137,107,48
250,137,108,50
251,137,107,50
250,137,108,50
250,137,108,50
250,137,108,51
250,137,108,51
251,137,107,51
250,137,108,50
249,137,107,50
249,137,107,50
249,137,107,50
250,137,106,50
250,137,105,51
251,137,103,52
251,137,103,50
251,137,102,51
256,139,97,49
256,139,96,49
256,139,96,49
255,139,97,49
254,139,96,49
253,139,96,48
255,140,96,46
255,140,96,46
255,140,96,45
256,142,89,40
256,142,89,41
255,142,90,38
255,142,88,39
255,142,90,39
255,142,90,37
255,142,90,37
255,142,90,37
255,142,87,35
255,142,87,35
255,142,88,36
255,142,87,35
255,143,87,35
255,143,87,34
255,145,86,32
255,148,92,29
254,152,94,26
254,149,92,28
254,149,91,28
254,152,90,27
254,150,89,30
257,149,89,32
257,149,88,33
257,149,86,26
257,149,86,28
256,150,89,29
257,150,87,30
257,150,88,32
258,150,87,30
259,150,86,29
259,150,85,29
270,160,73,21
270,160,70,24
270,160,69,23
270,160,69,23
271,165,67,20
283,164,54,20
283,164,56,20
283,164,54,20
282,164,57,20
281,164,53,20
281,164,56,21
282,164,58,21
278,151,62,32
276,149,63,32
275,149,64,32
274,149,65,33
273,151,64,31
272,152,64,31
271,152,66,32
271,152,66,32
271,152,66,32
271,151,68,33
272,151,64,31
272,151,64,31
272,151,64,31
272,151,64,31
266,151,72,34
266,152,71,31
267,153,71,33
266,153,72,33
266,153,72,33
266,151,72,35
266,151,65,35
272,152,66,35
272,152,66,35
272,152,66,35
272,152,66,35
272,152,62,34
272,152,62,34
272,152,62,34
272,152,62,34
272,152,62,34
272,152,62,34
272,152,62,34
272,152,62,34
272,152,57,36
272,152,57,36
272,152,57,36
272,152,57,36
272,152,57,36
272,152,57,36
272,152,57,36
272,154,58,39
272,154,58,39
272,154,58,39
272,154,58,39
270,153,61,41
282,161,47,36
282,161,47,36
282,161,47,36
282,161,47,36
282,161,47,36
282,161,47,36
282,161,47,36
282,160,47,36
282,160,47,36
282,160,47,36
282,160,47,36
282,160,47,36
282,160,47,36
282,160,47,36
282,160,47,36
282,160,47,36
282,160,47,36
282,160,47,36
282,160,47,36
282,160,47,36
282,160,47,36
282,160,47,36
282,160,47,36
282,160,47,36
282,160,47,36
282,160,47,36
280,161,51,38
280,161,51,38
280,161,51,38
280,161,51,38
280,161,51,38
280,161,51,38
280,161,51,38
280,161,48,40
280,161,44,40
280,161,44,38
280,161,42,39
280,161,42,39
280,161,42,39
280,161,42,39
278,162,42,37
278,162,42,37
278,162,42,37
278,162,42,37
278,162,42,37
276,163,44,36
275,164,43,35
274,164,43,35
274,164,43,35
274,164,43,35
274,164,43,35
274,164,43,35
274,164,43,35
274,164,43,35
272,164,45,35
272,164,45,35
272,164,45,35
272,164,45,35
272,164,45,35
272,164,47,36
271,160,50,38
271,160,50,38
271,160,50,38
271,160,50,38
271,160,50,38
271,160,50,38
271,160,50,38
271,159,46,41
271,159,43,39
271,159,40,40
272,164,37,35
271,164,38,36
270,164,38,37
269,164,38,37
269,164,38,37
269,164,40,38
269,164,40,38
269,164,40,38
267,163,42,39
266,163,41,38
266,163,40,37
266,164,40,37
265,164,40,37
266,165,39,36
265,165,43,36
265,166,42,35
269,167,38,33
270,168,36,34
271,168,34,34
270,168,34,34
270,166,34,36
270,166,36,36
271,166,35,35
273,166,34,35
273,166,34,36
274,166,33,37
274,166,33,37
274,166,33,37
271,166,35,36
270,166,34,36
269,166,35,37
269,166,35,37
269,166,37,38
269,166,37,38
269,168,35,34
269,168,36,40
269,168,36,39
269,168,36,39
269,168,36,39
269,168,36,41
267,169,38,39
267,169,39,41
267,169,38,42
267,169,37,41
265,169,41,41
265,169,41,43
265,169,40,42
265,169,41,43
265,169,41,44
265,169,41,43
263,169,42,43
263,169,42,43
263,169,42,45
263,169,43,45
263,169,43,44
263,169,43,45
261,169,45,43
261,169,45,43
259,170,48,41
259,169,47,43
259,169,47,43
257,165,49,53
257,165,49,51
257,165,48,51
257,165,48,51
256,165,51,50
256,166,50,49
255,165,49,49
255,165,49,49
255,165,50,50
254,164,50,50
254,164,50,50
252,165,51,50
252,164,50,51
252,164,50,50
252,165,50,50
252,165,50,50
252,165,49,50
250,165,48,50
250,165,49,49
250,165,50,51
249,165,51,52
249,164,50,53
250,165,47,53
250,165,47,55
250,165,47,55
250,165,47,56
250,165,49,55
249,165,48,54
249,165,48,53
249,165,47,51
249,165,46,55
250,164,44,57
249,164,46,54
249,164,44,55
249,165,42,55
249,165,42,55
249,165,42,55
248,166,43,55
247,166,41,56
247,167,40,42
247,167,40,42
247,167,40,42
247,167,40,42
247,167,40,42
247,167,40,42
247,167,38,43
244,165,40,44
244,165,40,44
243,165,41,44
242,164,42,46
241,165,42,45
239,164,43,47
237,163,45,47
238,163,43,47
238,163,43,47
239,164,42,47
238,162,43,49
243,162,37,49
243,162,37,49
244,162,35,52
244,162,35,54
244,161,35,53
244,161,36,55
241,160,38,56
241,160,36,59
241,160,37,58
243,160,34,60
243,160,34,60
245,159,29,62
245,158,31,62
245,158,31,62
247,158,29,60
247,158,29,60
245,159,37,55
245,159,37,55
245,158,38,53
242,160,42,49
242,160,42,51
242,160,41,51
241,161,42,49
241,162,42,48
239,163,46,47
238,163,48,45
238,162,48,48
237,163,49,47
236,163,50,47
235,163,52,48
234,163,53,48
234,163,53,48
233,162,55,50
234,162,54,49
232,163,55,48
233,162,54,50
232,163,56,48
231,164,57,47
232,168,56,43
230,168,58,43
229,169,58,42
228,168,60,43
228,169,60,43
227,169,61,44
227,169,61,43
227,169,61,44
227,169,60,43
225,169,61,43
225,169,62,43
224,168,64,45
224,168,64,45
222,168,65,45
222,168,64,44
222,167,64,45
220,168,66,51
218,167,67,49
217,168,67,48
215,169,71,48
215,169,71,47
215,169,71,47
213,171,71,47
213,170,74,45
213,171,74,44
208,171,78,43
207,171,78,42
209,171,79,42
207,172,81,42
207,172,81,42
206,173,81,42
204,173,80,41
203,174,80,43
202,173,82,46
203,173,80,45
202,171,80,47
201,171,80,52
203,168,79,54
202,169,81,54
203,168,83,54
202,166,84,56
203,165,84,56
202,162,87,59
201,162,88,56
202,161,89,58
201,162,91,54
201,162,91,51
199,160,93,53
199,160,93,53
198,161,96,53
197,160,96,53
197,160,97,55
194,160,100,55
193,161,103,54
193,165,103,50
191,165,107,50
190,168,108,49
188,168,109,55
188,169,110,54
186,170,112,53
185,170,112,53
184,170,114,53
185,170,113,55
185,170,113,56
185,169,113,54
186,169,104,54
186,168,104,55
186,168,104,51
186,168,104,50
186,168,104,51
186,167,98,51
186,167,98,51
186,167,98,51
186,169,94,49
185,169,95,49
185,170,93,49
184,171,89,48
183,170,90,49
182,171,92,49
181,171,91,49
180,171,92,48
180,171,88,51
180,170,85,53
179,170,87,56
180,170,71,57
180,170,69,56
180,172,68,54
180,171,65,51
178,172,65,48
176,173,64,46
177,173,64,54
176,172,60,58
176,172,59,57
176,172,77,57
176,172,76,57
181,173,72,53
181,173,71,55
181,173,73,53
180,173,72,53
181,173,71,51
181,174,71,48
175,173,80,49
176,174,73,48
176,174,71,48
176,175,69,48
176,173,68,51
179,174,65,49
176,173,69,51
174,174,70,50
173,174,71,51
173,175,71,48
173,174,71,50
173,175,66,50
172,175,64,49
171,175,65,48
167,176,68,47
166,175,69,49
166,175,70,50
161,176,73,48
163,177,70,48
161,176,70,49
160,175,71,50
159,175,71,50
159,176,67,49
159,175,67,50
159,175,68,51
158,174,67,60
158,176,64,57
155,176,66,57
150,175,68,60
152,176,67,58
152,175,42,58
155,175,39,57
155,175,38,57
154,175,40,57
156,204,38,27
156,203,38,29
154,203,40,30
154,203,47,30
154,203,48,29
154,203,48,29
152,200,46,32
152,200,45,32
152,201,42,31
152,201,42,34
154,202,40,33
154,202,45,33
152,201,46,36
153,201,47,34
152,201,47,35
152,201,40,37
153,200,41,37
154,200,41,35
154,199,38,35
153,198,40,37
154,198,40,34
153,198,39,35
153,198,39,36
154,198,36,35
154,198,37,35
154,197,35,36
153,197,36,36
153,197,36,36
152,197,37,37
151,195,37,39
150,196,28,38
151,195,27,40
151,195,28,39
148,195,31,40
148,195,30,40
148,194,30,41
147,193,32,41
147,193,32,41
147,193,32,43
147,193,31,43
144,193,35,43
141,192,37,44
142,192,37,45
143,191,37,45
143,191,37,44
143,190,36,42
143,190,35,43
144,190,35,42
143,190,56,42
142,186,57,45
141,187,62,47
141,188,59,48
138,188,59,54
139,188,56,54
139,189,55,55
137,189,56,57
136,189,56,57
129,188,62,60
128,188,62,60
127,187,63,63
127,188,62,63
125,188,63,62
124,188,64,62
124,188,62,62
122,188,65,63
121,188,65,58
120,188,65,57
120,188,64,57
120,189,65,57
118,189,67,56
117,189,67,57
117,190,67,56
117,190,66,56
116,190,66,56
114,191,68,56
114,190,68,57
113,190,68,59
112,190,68,58
111,190,69,59
112,191,68,57
112,189,68,58
112,189,67,59
112,187,67,60
112,188,66,61
112,188,66,61
112,187,66,62
112,186,65,62
112,187,65,63
112,187,65,63
112,187,65,63
112,187,65,63
110,189,66,60
110,191,65,58
110,192,66,59
110,192,64,57
110,197,64,52
109,198,64,51
108,198,64,50
108,198,65,52
108,198,65,53
107,198,65,53
107,198,67,53
105,196,68,55
105,196,68,56
104,195,66,57
101,195,70,55
101,193,67,58
101,193,64,57
99,192,63,57
99,191,61,57
98,191,60,57
98,191,59,57
96,191,57,56
96,191,57,56
96,191,55,56
97,190,50,52
96,193,45,49
96,194,40,48
96,195,38,45
96,194,40,45
96,194,39,44
96,195,37,41
95,194,41,43
95,194,40,40
95,195,41,37
95,195,41,34
95,195,41,34
95,194,41,35
94,195,42,34
93,197,35,32
92,198,37,55
92,198,38,57
92,198,40,58
92,199,41,58
92,199,41,61
92,199,42,64
91,209,44,57
91,209,45,61
88,209,38,54
88,207,37,57
85,201,40,65
84,201,41,64
85,200,39,65
85,201,39,64
85,199,37,66
85,197,38,76
83,195,43,78
81,195,44,77
80,196,49,74
80,198,50,74
78,202,54,71
78,201,54,73
78,199,54,75
78,199,58,75
77,200,60,73
76,199,62,75
76,199,62,75
76,199,62,75
77,200,62,73
77,200,62,73
78,200,62,74
78,200,63,74
65,200,80,74
65,200,79,74
65,200,79,74
64,200,80,74
63,200,82,73
62,200,84,73
60,200,86,73
59,200,88,73
58,200,90,74
57,201,90,73
57,201,90,73
55,200,93,74
55,202,94,73
55,202,94,73
52,202,101,73
51,202,102,73
52,202,101,74
53,204,100,72
51,204,103,72
50,204,105,73
49,204,106,74
50,205,105,72
50,205,107,73
49,205,107,74
48,205,108,73
48,205,110,73
47,205,111,74
46,205,112,74
45,204,115,76
47,204,114,76
47,204,114,77
46,204,115,78
45,204,115,78
43,208,118,73
43,208,118,73
40,210,121,73
41,212,119,70
39,212,121,72
38,212,121,72
37,212,123,73
36,211,125,74
35,211,123,73
34,210,124,77
33,212,125,75
32,211,127,77
31,211,129,79
31,212,127,79
33,213,127,78
34,214,126,76
34,214,126,75
34,214,127,77
31,214,130,77
30,214,131,78
31,215,131,77
31,215,131,77
31,215,132,79
31,215,132,78
32,217,131,77
32,217,131,78
32,217,131,78
33,217,130,79
33,217,129,79
34,218,128,79
34,218,129,79
33,218,130,80
33,218,130,80
33,218,132,81
33,218,132,81
33,218,134,81
35,219,132,82
35,219,133,83
36,219,131,82
36,219,131,82
35,219,133,84
35,219,133,84
36,220,134,83
37,221,130,83
37,222,130,82
37,222,130,82
41,223,127,82
41,223,127,82
42,224,127,83
42,224,127,83
43,226,126,82
45,224,123,85
45,225,122,83
45,225,122,83
43,226,125,83
46,227,123,84
49,226,119,85
49,227,118,83
50,227,120,86
50,227,119,85
48,228,121,85
48,228,122,85
48,228,122,85
53,229,117,84
57,231,114,85
58,232,113,83
58,232,116,84
56,233,119,83
56,233,120,83
56,234,121,82
57,234,121,82
57,236,122,82
54,237,118,81
54,237,117,82
52,236,118,81
52,237,118,81
50,239,119,79
49,240,122,80
49,240,122,80
49,240,121,79
49,240,121,80
47,240,125,80
47,239,123,81
47,239,123,81
47,238,124,82
47,238,126,82
47,238,125,81
47,238,125,82
47,238,125,82
48,240,124,80
48,240,125,80
48,240,124,80
49,241,123,79
49,241,123,79
49,241,124,79
50,241,121,79
50,241,121,79
50,241,121,79
50,241,121,79
50,241,121,79
50,241,121,79
50,241,121,79
50,241,121,79
51,243,120,77
51,243,120,77
51,243,120,77
51,248,120,72
51,250,121,70
52,251,120,69
52,252,121,68
52,253,121,67
51,253,122,67
51,253,122,67
51,253,122,67
50,253,122,67
50,255,122,65
50,255,122,65
47,255,125,65
47,255,127,65
47,255,127,65
47,255,127,65
47,255,126,65
45,255,128,65
45,255,128,65
43,257,132,63
43,257,132,63
44,255,130,65
44,256,133,64
44,256,132,64
43,256,133,64
44,256,138,64
44,256,144,64
44,256,134,64
44,255,134,65
44,257,135,63
43,257,136,63
43,257,136,63
43,257,136,63
43,257,136,63
43,257,137,63
43,257,137,63
43,257,137,63
39,257,144,63
39,257,144,63
39,257,144,63
39,257,144,63
39,257,144,63
43,259,147,61
43,259,148,61
47,259,147,61
48,259,146,61
48,259,145,61
48,259,145,61
53,259,141,61
53,259,141,61
52,259,145,61
55,259,142,61
55,259,140,61
57,259,137,61
63,258,134,62
63,258,132,62
61,258,136,62
61,258,137,62
59,260,140,60
58,259,141,61
57,259,142,61
53,259,148,61
53,259,150,61
52,259,151,61
51,259,153,61
50,259,156,61
49,258,159,62
50,258,161,62
61,258,150,62
60,258,154,62
61,258,156,62
62,258,155,62
63,258,156,62
63,258,155,62
63,258,156,62
63,258,157,62
62,258,160,62
62,258,162,62
62,258,162,62
62,258,163,62
62,258,164,62
62,258,164,62
62,258,164,62
63,258,162,62
63,258,162,62
63,258,162,62
63,258,162,62
57,258,169,62
58,258,168,62
55,258,173,62
53,258,175,62
52,258,178,62
50,258,180,62
49,258,183,62
48,257,186,63
47,257,188,63
47,257,189,63
47,257,190,63
46,257,191,63
47,257,194,63
49,257,193,63
55,257,189,63
56,257,187,63
56,257,189,63
57,257,189,63
61,257,186,63
63,257,184,63
64,257,186,63
65,256,186,64
68,257,184,63
67,257,187,63
72,256,183,64
74,255,180,65
74,255,183,65
75,254,183,66
77,254,182,66
77,254,181,66
78,254,181,66
82,254,179,66
84,254,177,66
86,254,176,66
87,254,177,66
87,254,179,66
90,254,176,66
92,254,175,66
93,254,175,66
97,254,172,66
100,254,169,66
102,254,168,66
105,254,165,66
106,253,166,67
112,253,160,67
116,253,157,67
117,253,158,67
118,253,158,67
123,251,154,69
124,251,157,69
124,251,158,69
132,251,153,69
131,249,155,71
132,250,156,70
132,250,157,70
130,250,160,70
130,252,161,68
134,251,159,69
135,251,161,69
130,251,169,69
129,251,170,69
129,251,171,69
127,251,175,69
128,248,177,72
126,249,179,71
125,249,180,71
124,249,184,71
123,249,184,71
122,249,187,71
122,246,189,74
117,246,197,74
115,246,198,74
114,246,202,74
113,245,204,75
112,245,205,75
111,245,209,75
111,245,211,75
109,243,216,77
109,243,216,77
109,243,219,77
109,243,221,77
84,243,249,77
84,243,251,77
82,243,253,77
82,243,255,77
85,243,255,77
86,243,256,77
87,243,257,77
86,243,259,77
86,243,260,77
86,243,263,77
85,243,265,77
87,241,266,79
85,241,269,79
91,241,264,79
92,241,262,79
92,241,265,79
104,238,257,82
104,238,257,82
98,237,267,83
90,237,277,83
87,237,284,83
82,236,292,84
83,236,292,84
81,235,296,85
79,235,302,85
78,232,305,88
78,231,307,89
78,231,311,89
80,230,311,90
80,230,313,90
79,227,315,93
81,226,318,94
81,225,321,95
83,223,319,97
83,222,321,98
86,221,321,99
88,220,321,100
88,220,323,100
88,219,325,101
89,217,325,103
90,215,325,105
90,215,329,105
92,212,329,108
94,211,329,109
96,210,328,110
96,209,330,111
98,209,329,111
99,204,331,116
99,203,333,117
99,203,336,117
99,201,338,119
100,201,339,119
103,198,337,122
103,197,339,123
105,197,340,123
105,195,340,125
104,193,344,127
105,192,343,128
108,191,346,129
112,190,344,130
113,189,341,131
115,189,340,131
117,189,338,131
118,187,339,133
121,187,342,133
121,186,341,134
121,184,344,136
124,183,344,137
125,182,345,138
127,181,344,139
128,181,344,139
129,180,346,140
131,179,345,141
133,178,346,142
134,177,346,143
135,177,344,143
135,176,345,144
135,176,345,144
135,174,345,146
138,174,342,146
139,172,341,148
139,172,341,148
139,172,341,148
139,172,341,148
139,172,341,148
139,170,341,150
139,170,341,150
142,169,338,151
142,169,338,151
144,169,336,151
144,169,336,151
144,169,336,151
144,167,336,153
144,166,336,154
144,166,336,154
150,166,330,152
152,166,328,148
153,163,326,147
157,164,323,145
158,164,322,143
158,164,322,145
160,162,320,147
161,162,319,144
163,162,317,145
163,162,317,143
163,162,317,145
163,160,317,148
163,160,317,147
163,161,317,146
163,161,317,146
165,161,315,145
168,161,312,146
173,160,307,147
173,160,307,149
170,159,310,158
168,156,312,164
168,154,312,166
169,155,311,165
171,154,309,166
173,153,307,167
173,153,307,167
192,154,288,166
192,155,288,165
192,155,288,165
196,155,284,165
197,155,283,165
199,155,281,165
199,155,281,165
201,154,279,166
203,154,277,166
203,152,277,168
