387,172,185,96
389,175,190,103
391,175,194,110
386,172,203,101
391,177,200,87
394,173,185,89
398,167,180,100
398,172,185,98
397,175,180,93
395,175,200,103
391,176,206,101
391,170,211,114
394,169,194,123
393,169,185,125
385,173,184,103
386,174,182,100
389,173,176,99
390,175,171,100
392,173,169,108
394,174,166,94
395,160,173,112
396,156,183,116
398,156,187,124
398,156,191,124
397,152,193,132
400,140,205,144
401,136,204,143
402,127,203,143
403,118,201,157
398,107,203,174
401,99,201,185
408,96,193,184
415,95,188,181
418,108,185,169
423,117,186,154
431,122,179,142
434,123,179,139
434,101,176,160
437,99,175,171
443,104,174,173
438,120,172,160
445,112,169,167
448,95,168,171
453,94,167,157
460,96,165,154
464,123,144,140
472,123,139,127
477,124,133,128
470,107,133,153
477,105,127,159
481,102,129,165
487,102,138,167
480,104,143,166
483,115,137,153
486,117,137,149
493,115,136,149
479,98,153,148
508,98,129,159
510,98,142,150
506,96,154,151
497,95,152,160
495,94,152,160
495,94,146,159
488,84,145,164
486,84,145,166
482,86,149,162
476,88,153,160
473,85,161,163
470,86,164,160
466,83,164,164
463,82,158,169
469,86,149,167
465,108,138,151
461,113,135,153
456,117,131,157
446,118,126,160
439,119,121,162
436,120,117,160
417,123,124,147
406,126,129,150
401,129,133,151
406,103,130,182
401,109,131,178
396,123,132,163
384,128,132,167
384,135,131,171
380,128,150,189
371,131,148,191
380,121,158,204
372,115,160,212
369,113,152,215
367,100,143,234
368,106,133,237
368,106,130,239
366,109,122,241
365,109,115,242
365,115,113,241
364,114,114,244
360,116,119,248
359,118,114,258
348,120,128,264
346,124,127,263
341,130,128,256
334,142,131,236
335,120,131,261
333,126,136,261
340,124,132,268
335,131,136,270
327,136,146,272
326,139,140,278
323,141,138,281
299,171,160,257
295,175,162,246
290,173,167,246
289,163,174,259
285,159,182,264
305,160,157,259
271,169,187,254
275,184,182,245
276,179,183,263
266,190,186,263
257,215,192,241
247,218,200,236
257,222,190,230
259,220,195,237
235,220,225,245
255,224,217,253
256,252,215,218
259,254,214,219
247,246,231,231
242,264,236,217
212,272,265,203
193,296,285,182
180,323,301,159
171,336,311,159
164,345,321,151
173,329,317,182
175,329,318,177
176,333,329,193
190,353,318,164
189,370,323,150
189,382,326,151
185,382,326,152
181,388,330,149
178,386,337,155
175,379,347,165
164,374,352,173
162,372,352,171
195,367,325,166
202,366,328,155
195,368,338,160
208,365,330,171
214,364,323,183
240,365,299,192
245,360,290,208
231,360,299,222
228,364,304,211
229,363,302,226
226,364,305,218
228,359,303,218
228,357,300,223
221,359,304,221
220,362,311,218
218,363,314,223
219,369,314,221
217,371,321,218
224,368,311,216
232,370,304,213
231,369,311,212
232,370,307,215
232,369,302,218
231,365,306,217
232,366,306,214
233,369,309,210
233,373,307,205
234,378,309,207
234,376,312,183
231,375,316,185
230,378,317,193
251,382,299,178
249,365,307,197
260,371,301,195
262,366,296,192
262,374,292,166
261,378,293,165
266,380,289,162
277,367,289,177
276,363,292,194
287,365,264,207
325,384,208,204
319,354,250,219
314,329,260,240
313,325,260,234
333,327,239,198
334,327,249,208
355,308,224,240
363,304,220,249
403,305,180,248
399,307,186,246
397,305,189,247
386,299,200,248
382,287,203,260
385,284,219,282
405,273,204,278
405,275,203,240
418,278,179,237
451,275,150,247
464,273,140,234
485,276,133,192
481,272,131,230
475,274,141,232
475,281,143,238
477,284,139,248
479,283,137,261
476,278,141,268
484,277,146,271
488,283,141,265
502,285,134,263
509,283,125,264
519,284,120,249
538,288,110,250
540,294,105,250
550,296,89,240
548,289,106,251
548,290,116,240
546,286,108,243
546,277,109,266
543,276,110,268
541,277,114,253
551,275,108,248
560,268,101,245
564,263,100,247
567,260,101,249
568,261,106,251
567,256,108,257
570,256,103,257
571,254,100,255
573,254,98,249
571,253,99,245
574,252,98,239
575,245,103,240
561,245,121,240
573,237,104,256
568,234,105,262
570,234,111,237
582,235,104,228
581,239,106,225
584,239,106,224
583,233,107,237
572,231,114,248
571,229,115,246
578,229,105,247
580,227,104,242
578,226,107,242
579,231,112,241
566,228,123,241
568,222,121,245
578,222,111,243
581,228,102,234
582,226,101,233
574,218,113,247
576,220,112,246
576,217,110,248
577,217,104,246
579,225,96,238
573,225,105,232
571,219,109,240
567,207,117,248
568,207,107,250
571,210,108,246
570,211,108,242
569,205,105,239
569,209,96,238
565,206,98,244
562,201,98,247
561,198,100,239
563,196,102,241
561,202,110,241
563,203,112,244
556,195,112,247
555,190,112,248
559,188,110,250
565,191,108,232
565,193,113,235
563,186,116,242
564,179,115,249
570,183,109,245
578,188,100,236
578,191,104,229
579,179,106,255
579,176,104,232
580,170,103,236
578,174,104,234
579,174,105,236
589,174,92,235
583,176,102,233
589,171,99,230
587,169,99,217
587,160,102,222
588,160,105,225
588,159,105,216
589,159,107,214
584,164,109,225
580,152,110,218
586,152,111,218
590,152,117,204
594,146,112,215
602,137,101,223
592,136,107,219
594,138,102,213
596,142,106,204
602,137,106,208
603,138,107,199
598,140,110,199
586,141,113,187
586,135,120,187
592,129,122,190
600,133,121,188
598,129,137,191
598,130,142,185
594,135,143,170
597,133,140,176
597,134,137,186
598,130,145,199
600,122,144,210
603,128,137,192
596,127,135,195
599,131,132,192
601,136,134,185
603,128,130,189
604,129,124,185
605,138,120,170
601,119,120,187
606,126,110,188
596,133,111,192
592,143,109,196
590,135,109,192
589,139,100,184
589,137,99,183
587,140,98,180
586,143,97,178
579,140,104,182
569,141,106,184
571,149,99,177
570,159,99,172
570,155,96,173
566,156,100,173
563,157,100,176
572,159,95,177
570,158,92,177
556,161,104,193
550,154,104,201
557,158,102,202
555,158,98,201
554,171,93,196
554,167,91,195
554,164,99,196
552,163,97,196
522,162,118,203
530,166,110,207
527,177,100,193
524,165,113,182
530,172,100,182
528,180,97,176
522,157,108,196
520,166,107,193
517,174,102,207
511,182,96,194
511,175,113,202
522,168,103,185
523,168,105,172
519,169,96,182
519,165,97,189
518,168,99,189
516,154,116,191
522,149,109,183
526,155,100,182
528,153,103,181
525,158,111,202
526,157,117,188
525,139,126,204
524,137,133,205
525,137,130,208
539,142,97,197
542,141,94,183
518,137,126,182
522,135,130,188
528,127,135,188
529,134,143,182
530,136,132,180
529,124,119,195
524,127,133,189
520,129,141,166
518,118,147,181
520,121,160,185
522,121,163,187
527,123,152,186
528,122,137,189
523,127,137,186
524,115,147,190
515,116,158,192
511,120,162,194
517,124,164,183
500,128,177,179
511,103,173,186
506,107,170,189
500,109,162,193
516,114,136,175
512,119,142,181
507,126,147,179
505,126,140,185
498,127,150,198
495,134,153,188
471,126,177,194
466,135,178,188
464,146,189,183
463,134,186,184
476,139,154,186
476,157,145,186
486,156,134,165
466,162,150,169
457,154,161,170
458,160,167,173
453,155,172,186
451,162,171,178
449,180,161,156
435,182,172,161
438,165,206,162
438,179,180,190
436,173,173,187
431,190,181,167
429,189,185,169
421,180,203,176
417,188,194,167
416,195,188,158
423,191,191,151
427,187,187,152
429,188,199,152
433,177,210,171
441,179,211,182
442,184,208,185
444,176,190,163
448,188,178,162
450,187,187,161
449,184,192,162
452,163,191,162
454,166,193,138
455,179,196,134
460,147,190,157
465,158,205,156
466,166,206,153
468,175,200,139
481,183,180,137
495,166,171,135
496,167,184,148
504,153,170,166
521,143,156,173
519,147,160,171
519,133,162,177
535,134,148,175
542,125,144,159
543,123,142,159
544,138,141,123
507,141,176,127
514,151,169,125
516,150,160,134
531,126,151,147
546,135,131,146
546,139,129,110
575,130,101,120
574,134,96,122
565,127,102,111
555,139,121,111
553,148,123,109
559,148,121,100
560,121,134,125
550,135,150,132
547,148,130,132
564,118,134,132
566,127,118,134
567,141,117,124
565,148,118,121
562,149,123,113
567,150,128,102
566,145,133,113
568,149,132,117
566,148,135,111
569,150,129,92
592,136,106,111
596,135,106,119
603,140,103,120
617,140,93,89
618,146,92,89
604,120,113,107
602,128,122,107
581,133,142,107
593,135,127,102
596,134,117,101
614,137,101,99
610,115,117,104
607,108,121,112
623,106,105,115
644,103,87,118
648,102,82,117
648,102,78,118
650,85,78,121
653,87,80,122
655,82,87,123
662,80,83,117
671,72,81,113
673,68,96,109
682,123,89,94
694,124,81,83
706,119,72,86
712,117,76,90
713,118,85,99
721,122,93,105
726,117,82,89
731,123,82,80
747,141,71,67
748,111,82,104
769,118,96,90
769,114,96,97
768,125,95,93
785,140,59,71
787,138,59,71
792,136,58,70
794,136,58,68
801,140,57,67
807,142,57,58
814,126,64,63
815,124,73,65
813,117,77,69
819,121,73,59
824,120,77,36
821,120,76,35
829,119,76,35
821,117,80,37
829,115,78,58
829,106,76,60
829,98,73,63
846,99,57,75
841,96,57,75
760,53,98,63
755,56,99,62
747,43,98,78
739,40,99,93
730,57,126,91
721,43,126,88
707,46,142,75
700,46,143,71
700,49,134,81
695,53,133,86
685,54,139,86
691,51,130,83
684,53,133,79
684,67,135,64
679,70,134,64
659,63,92,63
657,69,91,62
638,60,90,61
636,64,90,61
642,58,87,69
635,62,90,71
636,64,92,73
636,68,90,73
628,73,89,72
612,75,89,72
609,76,92,72
615,83,93,73
618,88,85,72
624,89,74,61
623,92,71,60
621,96,70,59
621,96,70,59
619,104,74,62
615,108,78,65
613,109,79,66
619,114,79,66
620,115,78,65
618,115,78,65
611,126,87,68
610,126,87,68
611,132,87,68
609,134,68,68
604,139,62,69
604,141,62,69
607,145,61,56
609,151,59,56
609,153,55,54
613,152,52,51
608,154,57,60
718,175,43,30
725,169,42,29
725,165,42,29
724,156,43,30
727,155,44,42
729,149,44,58
727,148,44,58
588,154,89,59
590,156,81,56
597,156,68,45
595,157,68,54
608,157,70,56
610,156,70,56
635,154,57,50
611,150,70,51
622,150,72,53
630,153,72,53
632,153,72,53
636,159,71,41
635,157,71,45
622,155,70,51
622,154,71,54
621,156,68,49
634,149,68,49
630,149,67,48
621,149,67,48
638,138,57,47
627,138,57,55
627,139,56,54
630,143,59,50
631,144,61,52
629,146,61,56
628,147,60,55
626,151,58,53
624,153,58,53
619,155,56,51
612,156,55,50
604,160,54,49
598,160,52,47
591,160,52,47
592,162,50,45
590,162,50,45
589,161,49,44
589,162,49,44
587,160,48,43
586,160,48,43
582,158,48,43
581,157,48,43
579,156,48,43
579,152,48,43
578,153,47,42
564,153,46,41
550,148,47,42
536,150,48,43
535,148,50,45
521,149,50,45
511,148,53,47
501,147,53,47
490,147,52,46
478,147,53,47
658,119,91,57
658,116,91,57
661,113,91,57
663,109,91,57
665,106,92,57
442,140,56,50
442,136,55,49
442,135,55,49
440,133,55,49
434,135,55,49
430,134,55,49
427,132,55,49
425,130,55,49
432,126,54,48
431,125,53,47
427,125,53,47
423,124,53,47
614,82,58,23
615,76,59,29
618,75,59,29
620,72,59,34
619,66,62,42
618,63,60,45
617,63,59,45
616,67,62,38
612,61,62,38
612,60,61,37
612,54,69,41
610,53,73,43
609,53,72,42
605,57,72,42
603,57,72,42
608,61,67,42
612,64,67,42
611,65,69,43
580,67,108,71
575,71,108,71
574,68,112,68
577,65,101,62
580,88,95,55
575,90,95,55
571,90,95,55
566,93,95,55
562,93,100,58
557,103,110,76
558,105,109,76
566,110,109,57
577,111,109,59
581,101,108,63
584,109,107,58
580,112,120,66
585,115,132,60
592,116,131,61
610,132,117,61
611,140,119,63
611,129,138,87
620,128,147,89
638,126,127,89
640,138,120,59
640,137,115,58
653,129,114,58
662,122,111,58
667,118,111,60
662,123,129,63
660,125,134,83
655,121,146,79
652,111,148,94
644,99,160,110
644,100,169,118
651,103,127,104
648,106,119,67
635,95,111,93
636,90,105,121
625,81,120,102
618,73,133,113
610,83,135,112
600,77,132,74
603,71,118,77
583,63,145,105
578,64,120,82
569,67,126,82
554,64,148,69
553,61,168,69
557,59,171,71
530,52,201,73
508,47,227,78
516,36,184,93
516,23,162,117
508,54,62,59
502,50,65,62
497,42,80,70
492,45,83,75
500,60,84,78
500,60,108,78
481,55,126,78
487,60,124,79
514,69,74,65
495,79,73,64
500,84,73,64
507,85,96,73
495,91,122,74
512,104,142,74
521,100,159,87
524,113,197,83
534,117,180,83
552,128,185,92
550,154,197,73
559,160,171,72
553,152,210,87
562,162,177,75
561,168,119,68
569,179,145,67
575,191,159,73
578,198,201,72
575,200,210,86
576,204,218,98
580,220,210,77
585,232,210,80
601,217,217,93
606,214,229,106
614,233,226,84
603,235,232,84
606,238,232,89
606,249,219,74
609,258,155,78
616,262,138,77
621,266,133,77
626,258,161,76
625,263,161,66
632,259,175,81
636,261,192,81
630,269,215,81
632,273,233,91
634,281,215,91
639,278,174,111
610,276,235,101
614,289,223,79
622,289,197,85
636,289,195,94
630,280,243,115
633,268,140,129
632,301,141,106
615,304,235,110
603,326,235,82
600,320,207,80
603,331,185,82
600,334,197,80
603,328,189,91
606,333,140,64
593,333,144,62
592,334,212,96
590,312,212,104
588,319,130,96
587,326,151,91
580,327,154,83
586,324,148,101
584,304,151,122
580,306,159,77
568,314,146,76
566,312,152,77
579,318,149,69
577,322,174,89
556,297,125,112
555,292,151,110
559,295,145,117
551,298,165,134
549,300,124,117
548,287,122,123
559,275,129,134
544,262,125,104
539,275,113,106
538,269,114,117
542,269,109,118
544,262,106,103
527,242,105,123
522,240,140,129
522,238,119,144
521,244,132,142
513,245,151,138
516,247,142,123
515,225,131,152
517,226,142,145
515,221,138,131
507,210,117,138
509,213,110,143
511,214,110,146
515,216,102,154
515,203,97,150
513,205,96,154
514,217,92,147
515,222,94,146
516,206,96,153
514,207,90,162
514,207,88,163
513,213,82,165
512,222,88,162
510,231,84,151
509,224,83,152
508,231,83,148
505,225,90,160
496,236,102,163
497,246,97,159
491,254,99,152
482,255,111,136
487,253,108,146
479,252,117,150
469,244,125,140
467,247,119,124
464,246,117,126
476,255,104,125
474,264,107,122
469,244,106,141
464,246,111,131
460,248,116,127
456,248,115,122
433,238,143,123
430,238,147,114
428,241,145,110
427,250,144,105
423,223,155,156
420,239,152,137
418,239,161,137
415,237,157,142
413,227,156,146
411,222,156,140
407,214,162,136
391,213,183,133
389,248,183,98
381,242,191,104
376,243,191,102
380,246,183,98
380,255,181,91
381,252,187,84
379,237,186,94
380,235,187,94
374,243,193,86
379,251,186,68
383,249,187,68
375,247,189,69
366,237,192,79
364,253,193,72
360,238,189,68
358,234,195,70
353,222,208,80
357,211,205,82
353,204,210,90
350,201,214,94
350,204,208,90
365,194,197,86
370,193,189,86
378,192,184,83
382,196,181,81
384,200,181,80
390,195,186,86
366,188,212,88
366,179,211,88
375,168,201,92
391,177,193,111
391,186,193,111
390,197,193,99
360,194,221,81
360,188,222,82
360,183,217,98
417,164,158,115
415,157,165,124
416,173,161,121
419,172,162,119
434,166,144,135
446,153,129,154
448,151,127,146
474,160,100,138
491,155,81,139
490,150,81,141
491,139,81,152
496,130,88,161
499,133,88,159
479,139,118,158
490,150,112,150
482,147,127,151
491,147,125,149
503,164,119,131
497,140,129,150
501,133,138,170
507,125,145,177
516,121,152,165
502,121,190,161
511,127,198,158
514,127,213,160
532,132,201,162
547,127,200,171
543,125,218,144
546,133,215,133
556,133,214,136
562,130,204,146
569,127,199,156
562,132,204,167
571,141,192,161
565,145,212,133
572,144,212,134
586,155,209,119
582,156,226,144
577,158,249,156
583,169,250,135
586,176,217,113
589,177,217,119
589,192,208,99
593,200,197,111
584,207,208,112
585,204,211,113
587,202,214,115
578,211,218,117
573,221,220,118
587,231,224,139
581,229,223,138
574,222,225,138
571,214,223,131
565,214,228,126
568,204,238,127
557,219,245,135
558,225,244,147
561,226,165,134
571,217,153,133
562,206,174,140
563,206,177,127
561,200,179,141
559,195,134,151
557,195,123,155
555,222,143,137
551,215,144,145
550,208,127,146
550,201,123,155
551,197,143,165
549,191,143,166
549,189,142,169
547,180,133,166
542,167,119,172
543,199,91,172
540,189,91,173
537,189,89,175
535,178,87,165
534,178,87,165
533,166,87,178
530,162,85,182
527,157,86,196
525,152,85,199
517,182,100,163
514,177,99,157
510,174,99,154
501,163,111,167
499,164,112,180
492,174,112,174
482,161,122,164
474,161,136,146
470,165,140,149
462,164,139,155
449,178,143,156
442,170,153,154
431,174,161,129
421,166,168,132
396,158,196,135
392,154,187,134
385,154,192,137
382,157,194,138
367,166,202,129
359,175,207,118
358,177,199,100
381,150,191,122
371,154,200,120
366,155,197,120
362,156,186,110
369,151,189,108
376,149,187,108
368,171,195,95
368,169,194,95
372,167,193,103
356,153,209,110
348,148,210,112
343,144,222,105
340,142,224,102
337,132,221,123
337,150,220,102
326,140,237,103
328,128,239,107
344,120,230,110
344,121,225,118
347,128,223,108
347,126,224,101
349,124,227,85
363,112,219,85
380,106,211,91
369,98,210,91
367,88,225,91
370,90,225,93
370,110,225,67
366,101,238,64
356,93,249,65
355,83,250,65
358,74,250,59
360,69,251,56
360,66,243,67
350,72,267,79
343,67,282,80
346,53,282,82
360,48,267,84
368,41,265,94
352,55,282,90
356,53,282,90
360,49,275,89
367,42,273,87
385,31,246,89
391,26,243,95
394,18,242,100
402,20,237,101
410,15,229,102
402,13,235,102
403,12,233,101
408,11,228,101
414,10,223,101
421,12,220,104
434,11,209,99
445,19,201,109
452,18,190,108
429,5,211,118
429,15,211,111
430,11,208,111
442,9,201,105
444,11,200,96
450,45,195,95
449,54,195,95
448,52,193,95
451,52,190,96
451,52,186,91
449,52,195,91
447,49,194,98
446,46,189,103
449,45,185,103
450,47,182,107
466,44,168,120
462,42,161,126
488,42,137,137
484,37,128,153
491,45,125,157
490,44,122,150
490,42,130,159
497,47,120,152
498,59,117,132
494,74,117,133
492,77,114,134
481,70,136,146
477,75,147,149
476,83,142,141
481,98,141,120
473,100,141,122
478,91,147,115
478,85,147,123
474,91,143,130
467,94,154,132
457,101,174,137
456,106,158,134
454,109,155,123
455,117,173,111
456,115,165,103
458,110,162,98
443,127,176,99
431,121,177,105
436,123,186,107
444,125,175,97
455,132,175,82
458,138,175,74
445,144,180,75
446,129,181,84
444,134,180,88
444,135,183,89
447,126,183,91
451,120,181,95
457,120,168,98
465,132,164,60
467,125,175,72
470,112,182,88
471,109,184,93
474,99,184,117
469,92,211,119
474,116,208,95
476,112,212,95
477,109,211,98
482,106,204,100
488,101,215,95
493,97,187,106
486,126,199,87
491,120,187,87
494,114,179,89
494,106,175,97
493,101,167,108
489,98,161,110
491,94,158,121
492,124,156,71
483,119,161,69
487,115,168,81
490,111,168,84
490,108,160,110
492,102,166,121
514,98,148,129
514,95,132,136
515,92,129,145
507,108,137,150
506,108,139,151
506,109,137,149
504,114,124,138
503,117,109,137
504,108,119,155
503,102,115,163
502,99,123,160
501,104,117,169
495,113,118,175
493,119,124,172
493,108,134,174
501,110,146,166
501,105,142,165
502,107,130,158
494,109,146,151
487,112,145,142
482,118,147,139
475,134,158,130
464,141,177,87
459,135,171,96
453,133,184,108
442,137,204,108
428,147,210,105
424,153,210,101
421,150,215,103
448,154,185,102
446,155,186,101
403,174,230,90
404,173,240,88
415,161,231,82
428,161,212,81
426,160,208,89
422,160,231,116
403,159,240,122
403,160,238,120
413,160,221,116
422,159,215,113
422,160,213,109
421,157,211,98
416,156,215,100
421,159,213,95
426,157,207,84
428,161,202,97
429,159,205,102
429,158,204,100
430,157,201,97
428,157,198,89
425,152,197,100
425,169,205,96
428,162,204,92
428,158,202,90
427,154,195,101
436,156,187,91
438,152,184,92
437,147,184,92
442,145,182,94
450,141,178,104
424,146,214,107
421,138,219,108
426,132,233,103
428,141,217,81
435,144,210,92
442,142,201,99
450,143,192,100
455,138,194,100
448,138,193,100
449,144,189,84
451,149,194,82
451,137,194,79
454,131,199,93
457,125,194,101
460,122,189,101
465,117,186,101
464,119,182,100
465,135,180,91
472,133,170,68
474,128,166,66
473,127,172,77
449,122,206,93
448,116,208,97
451,125,204,91
457,125,202,118
455,141,201,103
452,136,200,89
454,137,201,81
470,131,191,87
469,128,183,87
472,120,180,92
472,114,178,95
473,114,189,100
472,109,194,110
473,134,184,94
478,134,186,93
468,125,201,106
469,132,215,109
471,132,217,110
476,129,192,110
479,126,187,108
480,117,192,113
499,116,173,110
506,128,161,93
515,134,150,100
518,137,160,103
506,129,175,119
521,128,154,118
523,129,161,121
543,128,139,121
549,126,135,122
561,123,124,137
567,133,121,129
573,132,123,128
576,128,164,130
581,125,135,130
586,122,134,121
595,119,127,120
608,114,110,115
615,127,109,115
611,126,127,125
617,126,108,125
621,125,107,122
627,123,104,121
633,119,103,120
644,119,99,119
650,121,99,121
656,132,78,124
662,132,78,126
664,131,78,127
656,130,84,121
663,133,93,150
667,135,90,137
672,138,92,140
673,140,88,145
671,148,84,142
674,149,83,136
661,150,96,130
664,149,102,126
667,151,105,118
669,157,102,111
670,160,105,104
663,163,112,92
661,161,120,90
665,157,115,92
670,159,111,96
663,160,130,105
671,158,134,105
670,158,150,96
671,154,151,95
668,155,160,92
661,146,163,91
661,141,164,93
666,138,159,91
671,150,153,89
667,146,133,87
665,143,132,87
664,140,144,94
665,132,144,96
664,132,149,93
659,139,162,86
659,138,162,81
657,134,171,81
657,132,171,81
658,130,178,80
655,124,184,84
656,121,182,92
649,121,193,88
641,122,204,83
643,121,200,79
644,124,194,76
639,124,202,74
638,125,201,73
641,125,194,80
642,122,193,67
624,119,210,67
626,112,209,70
630,105,203,69
631,104,201,70
614,103,217,78
613,111,214,73
616,107,204,74
621,106,188,78
617,109,187,74
620,111,186,68
601,109,198,71
605,107,196,69
608,105,196,70
606,99,196,69
606,94,189,69
607,85,188,74
603,89,191,77
598,90,181,75
599,88,178,77
601,89,173,86
603,82,172,84
598,84,185,85
597,78,163,83
600,83,166,79
585,76,180,77
584,75,183,82
584,74,169,74
589,74,166,76
592,69,178,79
592,70,178,80
595,73,175,82
583,71,182,67
584,76,184,69
585,77,186,70
591,78,182,71
584,71,182,74
581,71,184,76
581,69,185,75
582,68,185,76
586,74,181,74
587,74,177,73
585,73,176,73
587,74,176,70
599,75,160,71
585,75,176,61
584,75,177,77
603,77,157,76
609,81,155,71
604,83,151,71
595,82,153,79
601,80,146,73
605,81,128,72
601,71,147,74
600,71,147,78
606,71,143,78
611,69,140,77
607,62,154,79
612,64,123,75
610,59,125,76
613,57,137,75
614,52,141,77
612,48,137,77
613,45,138,82
618,42,136,81
617,43,120,79
617,39,120,79
620,38,109,78
619,33,109,78
609,24,127,89
614,28,128,91
626,28,124,86
629,24,124,87
622,21,125,82
626,22,129,81
620,13,140,80
623,8,146,82
628,11,139,81
637,13,131,79
641,15,132,77
628,7,159,89
623,8,129,69
620,7,126,68
626,3,111,62
627,3,136,86
632,3,130,72
644,6,111,74
634,12,110,62
634,14,118,57
636,17,117,51
635,15,121,70
624,19,131,68
623,22,131,69
619,20,127,72
611,21,133,69
610,20,133,69
610,20,134,69
609,23,144,63
618,30,155,73
618,31,124,66
611,26,145,60
592,22,164,59
602,18,162,63
622,18,144,63
612,15,124,63
613,15,123,62
617,16,123,62
613,7,122,61
586,5,121,69
594,4,121,69
593,1,120,70
595,1,120,72
598,1,101,57
601,1,102,66
580,1,142,66
583,1,143,72
582,1,144,74
586,1,80,73
585,1,101,73
573,1,101,73
571,1,101,73
572,16,90,74
572,14,74,78
576,14,74,79
562,14,78,83
569,14,79,84
562,15,79,84
562,15,81,86
562,19,81,86
563,24,81,86
552,8,81,86
555,9,81,86
551,13,81,86
552,18,81,86
555,27,82,87
557,30,83,88
544,1,83,92
550,2,83,92
547,2,83,94
548,2,84,97
547,1,84,102
546,10,72,80
533,40,64,63
535,49,63,62
537,59,62,61
543,65,62,61
526,60,61,60
404,131,61,36
404,131,61,36
404,131,61,36
404,131,61,36
404,131,61,36
404,131,61,36
404,131,61,36
404,131,61,36
404,131,61,36
404,131,61,36
404,131,61,36
404,131,61,36
404,131,61,36
404,131,61,36
481,116,63,41
491,115,59,50
493,119,58,49
488,105,58,49
490,110,57,48
404,131,61,36
404,131,61,36
404,131,61,36
404,131,61,36
404,131,61,36
404,131,61,36
404,131,62,37
404,131,61,36
404,131,61,36
404,131,61,36
404,131,61,36
404,131,61,36
404,131,61,36
404,131,61,36
404,131,61,36
404,131,61,36
404,131,61,36
404,131,61,36
487,80,58,52
489,79,58,52
488,78,58,52
489,72,60,54
487,72,63,57
492,74,63,57
491,76,63,57
495,76,62,56
495,74,62,56
501,75,62,56
496,76,62,56
488,78,62,56
490,77,63,57
497,81,63,57
500,83,66,60
501,84,69,62
503,80,69,62
501,74,69,62
498,74,68,61
500,84,63,58
505,80,58,60
506,79,58,60
501,79,58,60
501,79,57,59
502,75,57,59
506,73,56,58
511,81,56,44
510,82,55,44
507,74,56,57
502,71,56,61
506,70,56,61
501,63,56,52
507,63,56,53
500,65,56,53
506,64,56,53
492,108,61,26
499,80,53,58
507,73,55,60
506,69,56,61
507,72,55,60
498,62,55,60
404,131,61,36
404,131,61,36
404,131,61,36
507,93,47,23
510,85,47,40
510,76,56,46
515,79,62,46
404,131,61,36
404,131,61,36
404,131,61,36
503,65,79,43
507,72,68,43
515,54,67,62
507,46,66,39
404,131,61,36
404,131,61,36
404,131,61,36
404,131,61,36
508,41,56,45
524,44,39,54
527,51,39,54
515,52,37,42
518,47,36,40
515,45,60,40
517,49,59,51
520,47,58,59
525,48,57,59
529,45,60,53
529,49,59,45
530,52,58,44
516,40,60,48
534,43,53,60
541,44,52,59
542,39,50,51
551,46,50,51
545,25,52,73
547,26,55,75
547,25,55,78
551,25,55,79
552,50,55,79
555,53,54,78
556,44,53,77
546,35,52,76
547,35,55,77
548,32,55,77
550,22,55,78
553,5,66,89
553,5,67,85
547,4,73,86
547,17,73,102
552,14,66,103
556,11,64,103
558,7,61,103
558,3,60,102
559,12,59,115
559,10,58,119
561,14,57,115
560,11,59,117
552,18,69,101
555,8,68,112
559,14,70,102
566,19,65,92
569,24,64,110
567,29,63,109
568,36,62,105
569,47,61,103
570,49,61,101
574,45,61,107
562,38,65,115
561,38,65,115
566,51,60,95
568,49,58,110
569,53,65,110
568,57,62,103
571,60,58,97
571,58,57,93
569,64,61,107
568,56,61,109
570,60,60,108
572,70,59,102
573,72,58,92
573,68,55,91
572,66,55,91
568,66,57,91
576,60,55,111
565,60,55,119
565,64,54,120
567,48,54,119
572,74,53,107
570,72,56,107
574,73,55,106
573,76,55,95
575,75,55,90
577,72,54,86
584,74,54,83
580,68,54,83
588,67,53,82
600,83,53,83
606,78,59,85
613,73,59,85
619,69,59,85
627,66,58,86
635,67,56,82
655,65,50,73
665,65,50,73
679,61,51,75
690,53,59,93
701,47,63,93
718,42,68,86
