748,352,202,275
741,345,199,280
734,339,199,281
739,337,198,285
746,339,194,283
748,338,194,284
753,340,194,287
770,343,194,288
784,344,194,290
776,343,193,289
765,344,192,288
768,347,192,288
774,352,191,287
769,354,192,286
759,355,192,286
757,356,192,286
758,356,191,285
755,355,190,284
752,355,190,284
752,352,189,283
751,347,193,283
751,344,194,283
752,340,194,283
754,338,193,282
758,335,192,281
762,332,193,281
759,332,192,284
758,330,191,283
761,330,192,282
766,327,192,281
769,323,194,281
772,321,194,282
779,322,196,284
785,323,198,287
787,323,198,287
787,325,199,287
789,326,198,287
789,326,197,286
788,324,196,285
792,325,195,284
797,324,194,283
799,324,193,282
793,321,192,281
791,320,191,280
794,322,191,283
796,325,190,282
794,325,190,282
791,324,190,287
790,331,190,287
786,332,191,286
777,332,190,285
773,336,190,285
774,344,190,288
770,349,190,289
763,348,190,288
757,349,189,288
754,351,188,287
748,352,189,286
744,355,189,285
741,358,189,284
736,357,188,285
733,357,189,285
732,358,189,284
731,357,188,285
733,355,188,285
739,354,188,285
744,347,188,285
746,342,188,286
750,340,189,286
752,339,188,285
752,337,188,285
754,336,188,285
758,337,188,285
761,337,188,285
758,337,188,285
754,338,187,284
752,339,187,284
749,340,186,283
745,341,186,283
741,342,185,282
739,340,185,282
738,340,184,281
739,338,183,280
737,336,183,280
737,335,183,280
737,336,183,280
737,336,183,280
736,335,186,280
733,332,186,280
731,332,186,280
735,334,185,279
736,334,184,278
731,332,184,278
733,332,183,277
736,334,183,279
732,334,183,279
732,334,184,279
737,336,183,280
738,336,183,282
734,334,184,281
730,334,184,283
728,336,183,283
721,335,182,283
711,334,184,282
712,335,185,281
708,334,184,280
702,332,183,279
698,331,183,279
696,329,184,278
694,327,184,278
694,328,185,278
697,328,184,278
694,327,184,278
690,327,183,277
689,327,183,277
690,327,186,279
689,327,186,280
690,328,185,279
690,328,184,278
694,329,184,278
702,331,184,277
700,332,184,276
697,333,185,278
698,334,185,278
697,335,185,278
693,334,185,278
693,336,184,277
698,337,184,279
696,336,184,278
693,335,184,278
695,335,184,278
695,336,184,278
692,335,183,277
696,335,183,277
705,335,182,276
700,329,181,277
694,323,181,277
699,325,183,277
706,329,182,276
698,327,183,276
689,326,184,276
690,330,183,275
690,332,185,281
686,333,184,281
683,334,184,281
683,335,184,281
683,335,183,280
682,336,184,280
684,337,183,280
684,337,182,279
691,337,198,302
691,338,199,301
694,330,238,366
694,329,238,366
695,330,237,365
699,330,260,387
698,328,260,387
697,329,259,388
711,325,297,393
712,327,296,392
713,328,295,391
716,326,316,393
721,327,315,392
719,325,314,393
720,325,315,392
720,327,316,391
713,327,318,390
696,324,317,394
698,324,313,393
711,324,312,392
711,318,311,400
706,313,314,404
715,312,316,406
723,313,315,405
715,312,314,404
709,310,313,407
717,309,313,407
717,313,312,406
714,314,311,405
716,310,311,407
729,309,311,407
738,312,310,406
737,313,309,405
737,312,309,405
740,312,309,405
724,313,318,404
702,310,318,407
692,312,315,406
697,314,314,405
693,318,313,402
679,317,310,401
676,317,308,400
683,318,308,401
693,319,310,400
700,317,309,401
702,314,312,403
711,312,312,403
725,311,313,405
731,309,313,408
733,308,313,408
739,309,312,408
743,310,314,408
742,310,313,407
737,307,314,409
741,307,315,410
746,306,315,411
746,304,315,413
737,303,319,415
739,305,319,414
752,305,321,413
754,307,323,413
751,307,322,412
759,308,322,411
765,308,321,410
763,306,320,411
765,301,324,416
769,297,325,420
759,289,329,429
757,283,331,434
760,284,332,434
763,283,333,433
763,282,333,437
763,282,335,437
765,285,334,435
743,284,335,435
715,279,338,440
704,275,338,443
702,275,332,443
704,278,329,442
721,281,329,439
729,286,327,433
730,288,327,432
729,291,326,427
719,293,328,426
720,298,330,420
725,306,330,413
718,306,330,413
709,299,330,419
715,300,325,419
724,300,327,418
718,296,327,424
718,298,327,421
721,299,325,420
717,294,324,424
716,289,325,430
719,290,325,430
725,289,325,430
727,286,325,432
719,288,327,431
714,289,327,431
720,290,327,430
716,292,329,427
694,289,333,429
695,286,329,433
695,284,329,433
680,283,334,435
670,287,330,433
657,282,335,432
658,281,334,437
665,280,335,436
666,278,334,438
669,272,333,437
686,266,333,437
701,265,332,436
688,261,343,435
680,251,341,435
693,245,333,427
720,248,332,422
726,252,340,415
711,249,347,411
699,244,347,410
705,246,337,409
709,248,344,410
701,247,351,413
691,243,352,417
690,241,358,417
684,238,361,417
684,233,362,421
696,233,362,421
703,231,364,421
702,228,361,421
687,227,367,421
684,230,366,420
682,231,368,419
670,235,368,416
672,236,372,409
672,237,373,398
670,237,376,398
665,238,378,401
656,235,376,401
656,230,373,401
662,227,374,401
665,226,375,402
664,224,377,403
674,220,378,403
674,218,382,405
660,218,391,405
655,223,402,405
663,226,413,396
667,224,419,396
667,223,424,396
664,223,433,396
663,224,441,396
666,224,445,395
667,220,444,394
669,216,444,394
668,216,444,394
668,217,440,393
669,219,439,392
670,220,439,392
672,221,440,392
673,221,438,391
673,221,439,390
679,221,438,389
684,221,437,388
685,218,437,387
685,217,438,386
686,217,438,385
683,216,438,384
679,217,437,383
680,220,437,382
680,222,436,381
675,227,441,380
675,228,442,379
680,231,444,379
676,231,448,378
677,235,452,377
685,239,456,376
680,241,463,375
668,249,466,374
663,253,470,374
661,259,469,373
658,262,472,372
653,264,473,372
648,267,468,363
655,272,467,364
656,276,460,363
639,277,460,366
637,281,442,372
656,287,428,374
658,287,416,373
651,285,406,372
651,279,401,372
666,277,400,371
685,274,383,372
687,270,377,376
682,269,376,379
685,270,375,379
684,273,377,379
679,275,384,382
681,275,383,383
677,282,383,384
670,287,393,383
666,286,397,382
661,284,400,381
654,282,400,381
653,277,402,380
649,269,403,380
642,262,402,379
627,258,405,378
629,253,403,377
629,247,399,376
609,241,417,376
607,238,415,375
596,234,422,374
591,230,421,373
587,235,422,372
587,237,424,371
594,239,423,370
600,239,419,369
603,239,407,368
605,238,400,367
618,238,386,366
625,233,374,374
638,235,357,373
649,236,348,372
661,234,330,375
652,233,329,375
640,230,326,374
641,230,319,377
649,226,310,381
655,229,308,381
653,227,306,392
646,226,300,391
640,222,298,390
647,221,294,390
653,218,293,394
656,218,292,393
659,216,288,392
660,215,282,391
664,210,282,391
656,202,283,400
656,199,285,398
655,198,285,402
655,197,284,404
655,195,284,404
658,195,284,404
662,195,283,401
662,194,282,400
662,199,281,385
667,200,280,384
672,201,278,383
667,200,279,377
667,199,278,378
670,201,280,372
672,203,279,371
667,200,281,371
669,199,281,371
677,199,280,370
682,200,280,370
682,200,280,370
679,204,285,370
684,206,285,367
688,210,286,362
690,213,286,362
687,212,286,355
689,213,290,355
693,216,295,355
700,218,294,354
694,217,297,350
690,217,301,350
699,218,298,347
695,218,302,344
690,217,300,344
696,220,299,347
706,221,296,347
714,218,289,343
719,217,284,343
731,216,280,343
738,216,275,343
739,212,272,343
749,211,267,343
759,212,267,349
759,211,263,347
758,211,260,347
766,213,252,346
774,215,241,347
774,215,239,347
780,215,234,350
789,217,229,350
793,216,219,350
797,214,216,350
806,215,214,350
811,217,210,350
817,216,205,350
822,216,200,350
828,217,196,350
836,216,193,350
837,217,193,350
839,215,192,350
842,213,192,350
845,210,191,350
844,208,192,350
847,205,196,350
846,204,197,349
843,205,199,349
849,204,199,343
851,202,200,335
854,202,204,334
865,207,203,330
874,207,203,330
884,206,202,330
890,208,202,329
900,209,198,327
904,210,197,327
908,211,201,327
913,212,202,327
916,211,203,327
918,210,201,327
917,213,201,327
916,213,197,325
919,212,198,325
921,212,198,325
920,213,198,323
924,211,200,323
927,208,201,322
933,208,203,322
939,207,205,322
943,207,206,322
945,208,211,321
956,209,207,320
958,209,207,320
955,207,208,319
952,210,212,318
952,212,218,318
957,213,220,317
957,216,222,316
959,219,222,316
969,222,207,315
977,228,196,314
978,233,188,308
975,234,186,304
977,236,184,313
983,237,183,313
982,237,185,313
982,237,186,312
984,237,189,311
988,231,189,309
1000,224,190,309
1010,222,192,312
1010,225,191,312
1010,225,191,313
1020,226,195,313
1030,229,197,313
1031,231,197,316
1033,232,199,315
1035,233,199,319
1036,234,200,322
1036,234,200,323
1037,233,202,323
1038,231,203,323
1036,230,204,326
1033,232,204,327
1035,235,207,328
1033,234,210,325
1032,235,216,319
1031,234,221,311
1029,236,223,309
1028,235,227,304
1037,234,234,299
1047,236,233,299
1047,236,232,298
1050,237,230,296
1067,238,212,295
1077,238,202,294
1083,239,196,293
1093,243,187,293
1096,246,183,293
1097,251,182,293
1096,254,183,289
1100,255,180,288
1097,254,182,285
1095,254,184,286
1094,259,185,285
1091,260,188,287
1088,260,191,288
1090,262,189,287
1090,262,189,288
1086,262,193,288
1086,263,193,289
1090,264,189,290
1093,262,186,291
1093,260,186,290
1097,264,183,287
1099,263,181,286
1099,261,180,292
1099,264,181,291
1099,268,180,291
1100,271,180,291
1094,272,185,291
1091,274,189,290
1093,274,186,289
1097,274,182,288
1102,274,177,287
1104,276,175,286
1108,278,172,284
1112,280,167,283
1113,278,166,282
1116,278,163,281
1121,277,159,281
1121,276,158,279
1118,273,161,279
1119,273,160,278
1122,274,158,277
1125,274,155,276
1128,273,152,275
1129,272,151,275
1132,271,148,275
1140,271,140,274
1141,269,139,274
1139,268,139,274
1142,270,138,273
1147,269,133,274
1150,266,130,256
1152,266,128,255
1155,268,125,254
1155,268,124,250
1153,267,127,249
1153,268,126,248
1155,268,125,247
1158,269,122,246
1165,269,115,244
1166,271,114,244
1170,274,110,243
1175,272,105,243
1182,274,98,239
1182,275,97,238
1189,276,91,232
1195,276,85,224
1201,274,79,225
1205,275,75,223
1205,274,75,218
1210,276,69,212
1213,274,67,211
1215,273,65,209
1218,275,62,206
1220,276,60,205
1225,278,55,198
1231,278,49,195
1239,281,41,192
1241,283,39,190
1243,283,37,186
1243,283,37,185
1243,282,37,185
1243,277,37,187
1243,278,37,189
1238,277,42,199
1238,278,42,201
1244,278,36,193
1241,278,39,199
1239,280,41,202
1244,284,36,201
1246,285,34,200
1241,286,39,204
1236,285,43,210
1240,285,40,210
1240,281,40,210
1229,275,51,205
1222,268,58,205
1230,270,50,205
1242,273,38,205
1238,270,41,206
1223,258,57,203
1208,249,72,205
1205,246,75,204
1206,244,74,203
1200,244,80,212
1187,243,93,214
1174,242,105,214
1164,237,116,219
1150,236,129,242
1140,240,140,242
1135,245,145,241
1126,248,154,241
1112,251,167,253
1099,257,181,252
1080,257,200,252
1066,258,214,251
1060,258,220,248
1052,256,228,246
1043,252,236,245
1039,249,241,244
1035,246,245,243
1031,244,244,242
1035,240,241,241
1045,236,235,240
1054,232,226,240
1057,226,223,240
1064,221,216,239
1073,220,207,238
1080,219,200,237
1086,217,194,241
1094,214,186,243
1096,214,183,242
1097,213,182,242
1099,213,181,245
1096,216,183,246
1090,219,189,245
1085,219,194,245
1087,220,193,246
1091,219,189,245
1094,213,186,244
1092,208,187,244
1101,206,179,245
1108,203,172,245
1111,197,169,244
1112,194,168,248
1117,188,163,249
1121,188,159,251
1116,187,164,250
1112,187,168,253
1116,189,164,254
1115,191,164,253
1112,193,168,253
1114,193,165,254
1119,197,160,253
1119,197,161,253
1119,194,161,252
1129,195,151,255
1139,199,141,235
1141,200,139,229
1140,198,140,230
1143,197,137,235
1157,197,123,231
1160,197,120,235
1154,196,125,238
1153,195,127,237
1156,194,124,236
1158,193,122,241
1160,192,120,238
1162,190,118,237
1167,186,113,237
1169,184,111,239
1166,185,114,239
1172,184,107,225
1179,181,100,220
1179,174,101,220
1182,176,98,218
1183,178,97,217
1177,179,103,216
1173,181,106,217
1172,183,108,217
1168,186,112,218
1154,185,125,234
1146,184,133,237
1148,189,131,237
1143,190,136,238
1131,190,149,240
1120,195,160,239
1109,198,171,261
1096,206,184,260
1081,213,199,254
1074,216,206,254
1064,215,216,253
1054,215,226,252
1044,219,236,254
1028,220,246,253
1010,220,246,252
992,219,246,252
975,219,247,251
965,219,246,250
952,219,245,249
931,219,244,248
910,220,243,248
888,223,242,249
861,226,241,248
835,227,239,248
819,233,238,249
801,240,237,248
779,242,236,247
759,247,235,246
738,249,234,245
721,251,233,244
707,251,232,243
696,249,231,242
685,249,230,241
671,251,229,240
656,249,228,239
644,246,227,238
634,244,230,237
626,245,229,236
613,246,229,239
597,245,228,242
581,244,227,242
567,244,226,242
555,246,228,241
539,248,230,240
519,247,229,240
505,248,228,239
492,248,229,238
472,245,228,240
454,242,229,239
439,241,232,238
428,236,231,237
412,230,230,236
395,229,234,240
386,232,234,239
384,234,232,238
386,228,231,241
385,225,227,239
387,220,222,238
392,218,219,237
396,217,215,236
391,211,209,235
428,230,165,217
476,250,117,193
360,198,233,240
360,197,235,240
361,195,235,233
351,190,235,223
345,184,235,172
348,181,237,164
345,179,234,153
328,178,234,146
312,181,237,140
307,182,86,103
298,179,90,99
286,172,92,102
274,170,99,106
271,170,100,111
266,167,102,114
264,164,107,132
264,164,113,137
257,160,125,145
253,154,133,150
252,145,136,162
245,141,147,165
235,140,156,161
221,138,166,161
209,138,175,157
198,141,187,156
180,143,196,152
162,145,207,152
157,147,210,152
156,149,213,152
151,150,215,152
137,151,219,149
134,154,223,149
133,162,231,149
127,167,231,150
113,168,235,150
108,168,237,153
103,168,237,162
97,175,235,164
85,179,245,166
79,180,246,175
74,180,246,181
60,181,246,183
48,182,249,186
49,181,249,203
45,180,249,206
34,179,249,209
31,179,251,209
28,179,252,213
25,178,251,213
25,178,251,213
18,177,250,212
15,178,250,214
14,181,250,214
11,181,250,214
6,183,250,215
2,187,250,215
1,190,251,215
1,191,251,216
1,193,247,216
1,198,243,216
1,197,233,215
1,196,227,214
1,198,227,214
1,200,222,216
1,200,218,217
2,200,215,218
1,198,213,219
2,195,213,219
2,192,216,219
1,189,215,218
1,188,215,219
2,187,216,220
2,181,220,220
1,174,220,221
2,171,222,220
2,169,227,220
1,168,229,218
1,166,233,218
1,166,246,218
8,172,255,219
16,172,255,219
22,175,255,219
35,177,253,220
51,179,253,220
65,181,252,220
80,183,250,220
90,182,249,219
103,186,248,220
115,187,248,220
128,186,247,219
139,186,246,218
148,183,245,217
159,183,245,219
178,182,243,218
189,180,242,217
203,180,242,217
215,180,241,216
235,181,240,215
252,183,240,214
262,184,239,213
266,180,238,212
278,174,238,212
291,169,235,211
295,164,235,211
298,158,235,211
300,155,234,210
294,158,234,210
290,165,235,210
269,170,234,209
240,163,237,209
238,162,238,209
240,169,237,208
227,176,238,207
226,174,238,206
238,171,240,209
250,167,239,209
256,162,239,209
273,161,238,209
292,165,237,208
295,169,237,208
302,173,237,208
323,179,237,208
344,181,236,207
351,179,235,206
355,174,234,206
358,171,232,205
361,167,231,204
362,165,232,203
367,167,232,203
376,167,232,207
380,162,232,208
386,156,232,208
394,155,231,208
392,152,230,207
394,154,231,208
398,158,231,208
399,164,230,207
401,165,229,212
400,163,228,211
393,162,228,214
388,165,229,215
383,166,228,215
383,168,228,216
385,172,229,217
381,172,229,217
377,173,229,217
370,171,229,216
368,169,229,216
372,170,229,216
371,175,229,217
366,177,229,217
366,175,229,216
367,178,229,215
363,179,228,214
359,179,230,213
359,179,229,212
358,180,228,214
354,182,229,214
349,181,230,214
347,179,230,214
343,178,230,213
339,178,230,213
340,179,229,212
340,178,229,213
339,177,228,212
335,176,227,211
335,174,229,210
337,176,231,210
332,179,231,210
320,181,231,210
321,184,231,210
328,189,232,209
322,188,231,209
309,184,232,210
306,179,233,210
311,177,232,209
311,176,232,209
310,178,231,208
310,179,231,208
309,180,230,207
305,181,230,207
304,182,231,207
305,183,230,206
303,183,231,205
305,182,231,204
308,183,232,204
307,182,232,203
308,178,231,202
310,177,232,205
310,175,232,204
304,175,231,203
302,174,231,204
302,174,231,203
303,174,230,202
301,172,231,201
301,172,231,203
301,172,230,202
301,169,231,203
303,169,231,203
302,168,231,202
301,165,230,201
301,162,230,200
302,161,229,202
308,162,228,202
309,159,228,201
310,158,227,202
312,160,227,202
314,160,228,206
316,161,224,209
315,160,223,209
313,160,223,208
314,163,224,208
315,164,224,214
314,163,224,213
304,163,236,213
283,165,259,215
270,167,269,215
259,167,279,215
258,167,280,217
261,169,276,217
257,170,278,216
254,169,278,216
262,170,275,216
264,172,272,216
256,172,275,216
255,173,277,216
258,172,277,215
258,170,273,214
257,171,267,213
260,171,263,212
261,171,260,212
263,170,255,212
262,170,252,212
261,171,252,212
264,171,248,212
263,171,248,212
264,171,248,219
267,171,242,218
265,169,239,218
261,168,245,218
259,168,248,218
259,168,248,222
259,168,252,224
256,168,254,219
254,168,259,218
256,168,261,217
254,168,264,218
252,167,265,226
234,171,287,225
223,172,302,226
203,172,323,225
190,176,332,221
186,178,335,222
191,178,334,221
187,176,334,222
183,174,333,222
180,175,332,223
179,174,328,226
177,173,323,226
180,174,317,225
181,175,314,224
178,175,313,224
177,175,318,223
176,174,322,222
185,176,322,223
192,176,325,222
197,174,324,221
193,173,326,224
190,171,326,224
192,169,323,225
182,165,322,224
187,164,319,227
192,168,315,226
190,170,307,226
185,171,302,223
175,172,301,223
166,175,306,220
160,177,308,219
154,178,311,217
155,180,307,216
158,185,306,215
159,189,305,215
159,189,304,214
160,191,300,213
157,193,295,216
155,192,289,216
158,192,288,215
162,196,283,214
155,194,273,213
154,193,266,212
156,193,263,211
151,196,253,213
135,195,246,212
134,193,248,213
144,192,247,213
143,188,250,213
144,187,249,212
146,187,252,214
151,187,252,213
149,188,253,213
139,192,253,216
132,194,257,215
125,199,258,216
119,200,259,215
113,203,262,214
105,204,263,216
99,204,269,215
95,204,269,214
89,202,270,213
86,196,273,217
84,192,274,217
86,188,275,216
92,188,275,219
91,186,272,219
86,185,272,218
87,187,272,218
85,190,272,222
87,196,268,216
89,198,267,216
91,199,270,217
86,202,275,216
81,203,278,216
82,203,284,214
81,203,285,214
78,205,284,208
74,205,286,207
75,205,286,202
80,204,280,201
72,203,280,200
72,205,278,197
77,203,274,196
78,200,273,195
85,196,263,195
90,196,264,194
98,197,261,194
106,197,261,194
114,198,260,193
121,203,259,192
125,203,257,195
134,203,253,195
144,204,254,197
152,207,251,197
160,210,251,195
166,213,250,195
170,217,250,194
172,219,249,193
171,219,250,193
175,219,251,193
180,221,252,196
179,224,253,196
176,226,254,196
178,226,255,196
183,227,256,196
180,227,255,196
178,227,258,193
183,228,259,193
186,228,257,191
181,227,259,191
181,229,261,190
187,230,262,186
190,229,261,188
192,230,262,188
192,231,263,187
193,233,262,186
190,233,262,185
186,233,264,187
183,235,261,187
174,234,261,187
171,233,261,187
174,232,259,187
171,230,257,187
167,227,256,187
168,227,256,188
169,225,257,188
169,223,256,191
170,223,254,195
170,224,253,197
169,224,253,197
172,225,252,198
172,226,244,200
169,229,244,200
169,231,245,199
171,232,239,198
168,230,231,200
164,228,228,200
158,228,224,201
148,230,223,202
139,234,215,203
127,237,214,203
113,238,213,203
103,241,217,202
97,242,216,201
88,240,221,200
84,239,221,201
79,235,222,200
79,232,225,202
78,234,226,201
76,233,226,200
76,234,228,199
73,234,230,200
69,234,231,199
68,235,231,201
66,234,231,201
62,232,230,203
59,234,232,202
59,237,233,203
58,239,232,202
53,239,232,204
47,238,229,204
45,242,229,203
48,241,228,201
50,238,223,200
46,233,223,203
46,227,220,202
54,223,217,204
59,222,214,209
60,224,212,209
64,225,209,208
66,223,207,210
64,218,202,210
65,216,206,210
72,216,202,210
64,215,201,211
64,215,201,211
77,218,199,213
70,218,204,212
67,214,203,215
77,214,204,215
81,213,203,214
78,210,202,213
84,208,201,212
91,207,203,211
95,203,201,211
99,201,200,217
109,203,198,217
115,204,196,216
113,203,194,216
112,205,194,216
113,206,190,216
112,207,192,219
109,209,189,219
108,212,188,219
112,213,188,219
112,212,186,219
111,209,184,225
112,209,179,225
113,206,177,224
118,205,177,224
126,204,176,222
132,203,176,222
135,202,175,221
137,200,174,224
140,200,174,224
142,198,173,224
141,196,172,223
145,195,171,223
149,194,170,222
149,192,169,221
151,191,171,221
157,191,170,220
158,191,170,222
159,191,170,222
163,191,176,221
166,190,180,223
170,190,180,223
178,190,179,225
177,191,185,224
178,191,187,223
184,191,185,223
188,190,185,224
190,191,185,225
192,192,184,224
197,193,180,223
200,193,178,222
205,193,173,221
205,194,173,222
207,197,172,221
207,198,171,220
208,199,171,220
211,202,171,220
213,203,171,220
214,203,170,219
216,205,169,218
217,206,168,218
221,206,168,218
222,208,167,220
223,207,171,223
229,208,170,222
232,205,169,223
237,204,169,223
241,204,169,223
247,204,169,223
253,204,169,223
258,204,169,223
265,205,169,223
273,207,169,223
278,208,171,223
286,207,171,225
301,208,170,224
311,208,169,223
314,206,170,222
320,204,176,221
327,201,175,220
330,198,174,219
332,195,177,219
334,194,183,220
342,191,185,219
350,188,187,219
359,184,186,221
367,178,186,221
374,172,185,220
387,167,184,219
397,164,185,220
397,161,184,220
398,161,184,220
403,157,181,220
417,158,175,219
419,158,171,228
419,162,162,230
422,168,157,236
421,178,156,235
413,185,155,226
410,189,154,225
410,193,154,228
417,195,148,232
418,197,148,231
412,199,148,231
403,206,152,231
391,211,157,230
366,206,161,229
347,202,163,233
339,207,163,235
339,213,164,233
336,213,165,233
336,211,169,233
345,214,170,234
353,221,170,234
362,228,172,233
367,229,179,233
359,218,179,224
341,200,184,228
339,198,189,231
351,206,194,232
351,209,199,231
353,209,199,233
357,212,199,230
360,210,199,229
360,207,201,232
370,214,203,237
372,216,200,240
373,217,196,245
376,220,196,250
382,223,192,251
386,227,186,250
385,230,182,247
388,230,178,243
395,230,173,244
392,232,175,244
388,231,174,244
385,228,176,244
384,227,176,244
378,224,176,244
373,224,176,244
379,225,176,244
381,226,175,243
379,229,175,243
382,232,175,243
390,234,174,242
400,233,173,241
409,232,173,241
413,230,172,240
414,226,174,240
416,218,178,243
418,210,181,243
418,206,184,243
418,204,187,246
415,207,190,246
404,212,196,248
397,216,197,248
392,217,196,249
389,223,198,249
384,229,199,249
374,233,198,248
364,235,198,248
354,240,197,247
351,241,188,247
347,240,183,261
344,240,178,276
339,240,177,277
332,238,175,282
319,237,179,284
308,236,183,288
310,237,185,291
308,235,181,293
302,232,169,293
300,232,171,293
303,232,173,293
303,230,176,293
306,229,176,293
311,231,176,293
315,229,180,290
316,220,182,290
323,212,182,290
335,208,182,290
340,206,182,290
343,200,186,293
346,198,188,293
344,199,191,293
340,201,194,294
336,204,199,294
336,205,199,294
337,206,202,294
338,205,203,294
336,203,206,294
333,204,208,294
330,205,212,294
328,204,215,294
324,204,217,294
323,204,218,294
322,204,218,296
325,204,212,300
330,203,208,305
336,201,201,307
336,199,197,311
333,198,194,314
332,196,192,314
332,195,192,311
332,194,194,311
333,197,193,305
330,196,196,305
329,195,195,302
329,196,194,302
330,198,193,302
329,199,194,302
328,199,194,302
328,200,195,302
328,199,195,302
330,198,195,302
333,198,194,301
334,199,194,301
336,198,195,301
339,199,195,301
340,198,195,301
343,198,200,297
344,198,202,297
340,196,209,297
337,195,215,297
339,195,216,297
338,196,218,297
335,195,218,297
333,195,224,297
333,196,225,297
334,198,222,297
340,199,221,307
347,199,219,307
353,199,219,313
357,198,213,318
363,197,211,322
370,196,207,327
373,197,207,334
377,196,203,338
383,195,198,338
388,194,194,341
392,195,189,342
391,194,191,342
