312,116,332,587
312,116,332,602
312,116,332,602
312,116,332,602
312,101,332,619
304,101,332,619
304,101,332,619
304,101,340,619
304,101,340,619
304,101,340,619
304,101,340,619
304,101,340,619
304,101,340,619
304,101,340,619
304,101,340,619
304,101,340,619
304,101,340,619
304,101,340,619
304,85,349,634
304,101,349,619
304,101,367,619
304,85,367,635
304,85,367,635
304,85,376,635
304,85,376,635
304,80,376,640
304,80,376,640
304,80,376,640
304,64,376,656
304,64,376,656
304,64,376,656
304,64,385,656
304,64,385,656
304,64,395,656
294,64,405,656
294,47,405,673
274,47,426,673
274,47,437,673
274,47,437,673
263,47,437,673
263,47,448,673
263,47,448,673
263,30,448,690
263,30,448,690
263,30,448,690
263,30,448,690
263,30,448,690
263,30,437,690
263,47,437,673
263,47,437,673
252,47,448,673
252,47,448,673
252,47,437,673
252,64,426,656
230,47,448,673
219,47,448,673
208,47,459,673
185,64,470,656
173,47,482,672
173,47,470,672
161,47,470,672
150,47,481,672
150,47,469,672
126,47,492,672
113,47,529,672
113,63,542,655
99,63,583,655
99,63,598,655
99,63,613,655
83,63,628,655
83,63,644,655
66,79,677,639
59,73,691,647
76,73,657,647
60,73,673,647
60,73,673,647
60,73,673,647
60,73,673,647
60,73,673,647
60,73,640,647
60,73,640,647
76,73,608,647
76,56,623,663
76,56,623,663
76,39,623,680
76,39,639,680
86,32,620,688
86,32,636,688
80,25,649,695
91,18,645,702
85,11,642,709
85,11,642,709
85,1,642,719
85,1,642,719
69,1,658,719
69,1,658,719
69,1,658,719
69,1,691,719
51,1,708,719
51,1,708,719
51,1,726,719
51,1,744,719
51,1,744,719
32,1,744,719
32,1,744,719
13,1,763,719
13,1,763,719
13,1,763,719
13,1,744,719
1,1,755,719
1,1,755,719
1,1,755,719
1,1,755,719
1,1,755,719
1,1,755,719
1,1,755,719
1,1,736,719
1,1,736,719
1,1,736,719
1,1,736,719
1,1,736,719
1,1,736,719
1,1,736,719
1,1,736,719
1,1,718,719
1,1,718,719
1,1,718,719
1,1,718,719
1,1,718,719
1,1,718,719
1,1,718,719
1,1,718,719
1,1,718,719
1,1,718,719
1,1,718,719
1,1,711,719
1,1,711,719
1,1,711,719
1,1,711,719
1,1,711,719
1,1,729,719
1,1,729,719
1,1,729,719
1,1,729,719
1,1,729,719
1,1,729,719
1,1,711,719
1,1,711,719
1,1,693,719
1,1,676,719
1,1,659,719
1,1,643,719
1,1,627,719
1,1,596,719
1,1,567,719
1,1,539,719
1,1,512,719
1,1,487,719
1,1,475,719
1,1,475,719
1,1,487,719
1,1,506,719
1,1,531,719
1,1,558,719
1,1,586,719
1,1,616,719
1,1,616,719
1,1,616,719
1,1,616,719
1,1,609,719
1,1,618,711
1,1,618,719
1,1,644,719
1,1,644,719
1,1,660,719
1,1,677,719
1,1,694,719
1,1,694,719
1,1,694,719
1,1,711,719
1,1,711,719
1,1,741,719
1,1,741,719
1,1,741,719
1,1,760,719
1,1,760,719
1,1,760,719
1,1,779,719
1,1,779,719
1,1,760,719
1,1,760,719
1,1,760,719
1,1,760,719
1,1,779,719
1,1,779,719
1,1,779,719
1,1,779,719
1,1,798,719
1,1,798,719
1,1,818,719
1,1,838,719
1,1,838,719
1,1,838,719
1,1,859,719
1,1,859,719
1,1,880,719
16,1,887,719
16,1,887,719
38,1,865,719
38,1,887,719
38,1,886,719
38,1,908,719
61,1,885,719
61,1,885,719
61,1,884,719
61,1,884,719
61,1,906,719
61,1,883,719
61,1,883,719
61,1,883,719
61,1,883,719
61,1,883,719
70,1,866,719
70,1,866,719
79,1,849,719
88,8,874,705
97,15,900,691
84,1,904,719
84,1,950,719
84,1,973,719
108,1,972,719
108,1,972,719
132,1,972,719
125,1,974,719
139,1,977,719
165,1,907,719
171,1,802,719
197,1,802,719
203,1,802,719
209,1,822,719
235,1,822,719
219,1,843,719
224,1,864,719
224,1,886,719
224,1,886,719
246,1,886,719
246,1,886,719
246,1,886,719
246,1,908,719
223,1,931,719
223,1,931,719
223,1,931,719
223,1,931,719
223,1,931,719
223,1,931,719
223,1,931,719
223,1,931,719
223,1,954,719
223,1,978,719
223,1,978,719
249,1,1002,719
249,1,1027,719
275,1,1005,719
301,1,979,719
301,1,979,719
321,1,959,719
321,1,959,719
331,8,940,705
347,1,929,719
347,1,933,719
347,1,933,719
347,1,933,719
347,1,933,719
347,1,933,719
347,1,933,719
370,1,910,719
370,1,910,719
378,1,902,719
378,1,902,719
378,1,902,719
378,1,902,719
378,1,857,719
378,1,878,719
378,1,878,719
378,1,877,719
378,1,877,719
378,1,898,719
378,1,898,719
378,1,902,719
378,1,902,719
378,1,902,719
378,1,902,719
378,1,902,719
378,1,902,719
378,1,879,719
378,1,857,719
378,1,836,719
378,1,815,719
378,1,795,719
378,1,795,719
378,1,775,719
397,1,737,719
404,1,723,719
411,1,691,719
418,1,677,719
408,1,681,719
415,1,651,719
422,1,638,719
429,1,625,719
429,1,609,719
429,1,609,719
429,1,594,719
383,1,623,719
367,1,639,719
351,1,639,719
335,1,655,719
335,1,655,719
335,1,639,719
335,1,638,719
335,1,638,719
335,1,622,719
335,1,606,719
335,1,606,719
305,1,637,719
305,1,637,719
289,1,637,719
273,1,653,719
273,1,653,719
273,1,636,719
273,1,636,719
273,1,636,719
273,1,636,719
273,1,636,719
273,1,636,719
289,1,605,719
289,1,590,719
289,1,590,719
304,1,575,719
318,1,561,719
332,1,561,719
346,1,547,719
360,1,533,719
373,19,520,701
423,19,470,701
435,19,458,701
412,19,481,701
374,19,518,701
361,19,531,683
348,19,558,666
320,35,601,649
305,35,616,665
274,35,631,665
274,35,631,665
258,35,647,665
242,35,663,665
225,35,680,665
225,35,680,665
208,35,697,665
191,35,714,665
155,35,750,665
155,35,750,665
136,35,769,665
117,35,769,665
117,35,769,665
98,35,788,665
98,35,788,665
98,35,788,665
98,35,788,665
98,35,788,665
98,35,788,665
98,35,788,665
98,35,788,665
98,52,788,664
137,52,749,664
137,52,749,664
118,35,768,664
118,52,768,664
118,35,749,664
137,52,749,664
137,52,749,664
137,52,730,664
137,52,730,664
137,52,730,664
137,52,730,664
137,52,730,664
137,52,730,664
137,52,730,664
137,52,730,664
137,52,730,664
137,52,730,664
137,52,730,664
173,52,712,664
191,52,677,664
191,52,660,664
191,52,677,664
208,52,660,664
208,52,660,664
225,52,644,664
225,52,644,664
257,52,628,664
288,52,612,664
303,52,597,664
333,52,582,664
362,52,567,664
376,52,553,664
390,52,553,664
418,52,539,664
431,52,539,664
431,68,552,647
445,68,552,647
445,51,552,663
445,51,566,663
445,34,580,680
445,34,566,680
445,17,566,703
445,17,566,703
445,17,566,703
445,1,566,719
445,1,566,719
445,1,566,719
445,1,566,719
431,1,580,719
431,1,580,719
431,1,595,719
416,1,610,719
401,1,625,719
401,1,641,719
385,1,657,719
369,1,673,719
369,19,690,701
369,19,690,701
352,19,690,701
335,19,725,701
335,19,725,701
335,36,725,683
335,36,725,683
317,36,743,684
317,18,762,701
317,18,743,701
317,18,762,701
298,18,762,701
298,18,762,701
298,18,762,701
298,18,762,701
298,1,762,718
298,1,762,718
298,1,743,718
298,1,762,718
298,1,762,718
306,8,728,704
306,1,728,719
324,1,710,719
342,1,692,719
325,1,709,719
270,1,745,719
232,1,783,719
212,1,803,719
171,1,844,719
171,1,843,719
127,1,864,719
105,1,885,719
105,1,884,719
105,1,884,719
127,1,862,719
105,1,884,719
105,1,884,719
105,1,862,719
290,1,685,719
144,1,814,719
144,1,813,719
124,1,833,719
60,1,897,719
1,1,955,719
1,1,955,719
73,1,863,719
95,1,862,719
181,1,799,719
290,1,686,719
324,1,669,719
357,1,636,719
357,1,636,719
341,1,652,719
341,1,668,719
341,1,668,719
341,1,668,719
341,1,668,719
341,1,685,719
341,1,685,719
341,1,685,719
342,1,702,719
342,1,702,719
342,1,684,719
342,1,684,719
342,1,684,719
342,1,667,719
342,1,684,719
342,1,684,719
342,1,684,719
342,1,684,719
342,1,684,719
342,1,684,719
342,1,667,719
359,1,650,719
359,1,650,719
359,1,666,719
359,1,666,719
359,1,666,719
359,1,683,719
342,1,700,719
342,1,700,719
349,1,686,719
332,1,703,719
332,1,703,719
332,1,685,719
349,1,651,719
349,1,651,719
349,1,635,719
349,1,619,719
349,1,604,719
349,1,619,719
349,1,604,719
349,1,604,719
349,1,604,719
349,1,604,719
319,1,619,719
319,1,634,719
319,1,618,719
288,1,649,719
288,1,649,719
272,1,648,719
255,1,681,719
238,1,698,719
238,1,681,719
204,1,715,719
204,1,715,719
204,1,732,719
187,1,769,719
187,1,750,719
170,1,772,719
140,1,815,719
140,1,815,719
140,1,815,719
120,1,835,719
120,1,835,719
120,1,835,719
99,1,856,719
99,1,835,719
99,1,835,719
99,1,814,719
99,1,812,719
100,1,811,719
80,1,831,719
80,1,831,719
80,1,831,719
80,1,831,719
80,1,810,719
80,1,817,719
80,1,816,719
80,1,816,719
80,1,836,719
80,1,836,719
80,1,836,719
101,1,815,719
121,1,795,719
121,1,795,719
129,1,779,719
205,1,722,719
241,1,686,719
241,1,686,719
241,1,686,719
258,1,668,719
258,1,668,719
258,1,668,719
241,1,685,719
241,1,685,719
224,1,702,719
206,1,738,719
206,1,738,719
168,1,775,719
128,1,814,719
78,1,877,719
78,1,876,719
56,1,898,719
56,1,897,719
56,1,896,719
57,1,895,719
58,1,917,719
59,1,916,719
60,1,892,719
83,1,891,719
83,1,913,719
83,1,890,719
84,1,889,719
85,1,888,719
86,1,910,719
63,1,932,719
40,1,955,719
16,1,1003,719
16,1,1002,719
1,1,1042,719
1,1,1042,719
1,1,1068,719
1,1,1068,719
1,1,1095,719
1,1,1085,719
1,1,1112,719
1,1,1112,719
1,1,1112,719
1,1,1140,719
1,1,1140,719
1,1,1140,719
1,1,1140,719
1,1,1168,719
1,1,1168,719
1,1,1168,719
1,1,1197,719
1,1,1186,719
1,1,1186,719
1,1,1216,719
1,1,1216,719
1,1,1216,719
1,1,1216,719
1,1,1215,719
1,1,1237,719
1,1,1237,719
1,1,1237,719
1,1,1251,719
1,1,1251,719
2,1,1250,719
18,1,1250,719
18,1,1250,719
18,1,1250,719
18,1,1249,719
18,1,1262,719
18,1,1262,719
18,1,1262,719
50,1,1230,719
50,1,1230,719
50,1,1230,719
50,1,1230,719
50,1,1230,719
50,1,1230,719
50,1,1230,719
50,1,1230,719
50,1,1230,719
50,1,1230,719
50,1,1230,719
50,1,1230,719
50,1,1230,719
50,1,1230,719
50,1,1230,719
50,1,1230,719
50,1,1230,719
50,1,1230,719
50,1,1230,719
50,1,1230,719
50,1,1230,719
50,1,1230,719
50,1,1230,719
50,1,1230,719
50,1,1230,719
50,1,1230,719
50,1,1230,719
50,1,1230,719
50,1,1230,719
50,1,1230,719
50,1,1230,719
50,1,1230,719
50,1,1230,719
50,1,1230,719
50,1,1230,719
50,1,1230,719
50,1,1230,719
50,1,1230,719
50,1,1230,719
50,1,1230,719
50,1,1230,719
50,1,1230,719
50,1,1230,719
50,1,1230,719
50,1,1230,719
50,1,1230,719
50,1,1229,719
50,1,1229,719
50,1,1228,719
50,1,1197,719
50,1,1197,719
50,1,1197,719
50,1,1197,719
50,1,1167,719
50,1,1167,719
50,1,1167,719
21,1,1196,719
21,1,1196,719
21,1,1196,719
21,1,1166,719
21,1,1166,719
21,1,1166,719
1,1,1161,719
1,1,1135,719
1,1,1135,719
1,1,1107,719
1,1,1081,719
1,1,1082,719
1,1,1056,719
1,1,1083,719
1,1,1073,719
1,1,1089,719
1,1,1061,719
1,1,1051,719
1,1,1041,719
1,1,1014,719
1,1,989,719
11,8,969,705
1,1,994,719
1,1,985,719
1,1,999,719
1,1,989,719
1,1,1004,719
1,1,994,719
1,8,984,712
1,1,1000,719
1,1,990,719
1,1,981,719
1,1,981,719
1,1,980,719
1,1,956,719
1,1,955,719
1,1,954,719
1,1,978,719
1,1,978,719
1,1,1002,719
1,1,1002,719
1,1,1027,719
1,1,1027,719
1,1,1026,719
12,1,1051,719
24,1,1051,718
37,1,1051,718
50,1,1025,718
60,8,980,712
70,1,937,719
56,1,919,719
47,1,889,719
55,1,881,719
64,1,886,719
73,1,869,719
82,1,873,719
81,1,895,719
81,1,895,719
96,1,880,719
105,1,862,719
105,1,862,719
114,1,845,719
123,1,849,719
132,1,832,719
140,1,816,719
148,1,800,719
148,1,800,719
168,1,780,719
168,1,780,719
168,1,780,719
168,1,780,719
168,1,780,719
168,1,761,719
168,1,761,719
168,1,761,719
168,1,742,719
168,1,742,719
168,1,723,719
168,1,723,719
168,1,723,719
168,1,723,719
168,1,723,719
168,1,705,719
168,1,705,719
168,1,687,719
168,1,687,719
168,1,687,719
168,1,687,719
168,1,670,719
168,1,670,719
168,1,670,719
168,1,670,719
168,1,670,719
168,1,653,719
168,1,637,719
168,1,637,719
168,1,621,719
168,1,621,719
168,19,621,701
168,19,621,701
168,36,621,684
152,36,637,684
136,36,653,684
120,53,669,667
120,53,669,667
120,69,669,650
143,76,656,637
150,82,643,638
157,73,646,647
157,73,646,647
173,79,630,640
173,79,630,640
173,79,614,640
188,79,599,640
188,79,599,640
188,95,599,624
188,79,599,640
188,79,599,640
188,79,599,640
188,95,599,625
188,95,599,625
188,95,599,625
188,95,599,625
188,94,599,625
188,94,599,625
188,94,599,625
188,94,599,625
188,94,599,625
188,94,599,625
188,94,599,625
188,94,599,625
188,94,599,625
188,94,599,625
188,94,599,625
188,94,599,625
188,94,599,625
188,94,599,625
188,94,599,625
188,94,599,625
188,94,599,625
188,94,599,625
188,94,599,625
188,94,584,625
188,94,584,625
188,94,584,625
188,78,569,641
188,78,555,641
188,78,528,641
188,78,515,641
201,78,465,641
201,78,442,641
201,78,431,641
201,78,420,641
212,78,410,641
222,78,400,641
222,78,400,641
232,78,390,641
232,78,390,641
242,78,390,641
242,78,390,641
242,78,390,641
262,78,371,641
271,78,362,641
271,78,362,641
280,78,353,641
280,78,353,641
280,94,353,625
280,94,353,625
289,94,353,625
289,110,353,610
298,110,344,610
298,110,344,610
298,110,353,610
298,110,353,580
298,110,353,551
298,110,362,551
316,110,353,551
316,110,353,524
316,123,353,524
316,123,362,498
316,123,371,498
316,123,371,510
316,123,380,510
316,123,380,510
316,110,380,523
316,110,380,523
316,110,409,523
293,110,486,523
293,110,486,523
293,110,536,523
293,110,536,523
279,110,577,523
279,110,591,523
279,110,591,523
279,110,606,523
279,110,621,523
279,110,637,523
263,110,653,523
263,110,669,523
263,110,669,523
263,110,686,523
263,110,686,523
263,110,686,523
263,110,686,523
263,110,686,523
263,110,686,523
263,110,669,523
263,110,652,523
263,110,652,523
263,110,636,523
263,110,636,523
263,110,636,523
263,110,620,523
263,110,620,523
263,110,620,523
263,110,620,523
263,110,620,523
263,110,605,523
263,110,605,523
263,110,605,523
263,110,605,523
263,110,590,523
263,110,605,523
263,110,605,523
263,110,590,510
278,110,561,510
278,110,561,510
278,110,528,510
278,110,528,510
278,110,528,510
278,110,502,510
278,110,502,510
278,110,489,510
278,110,477,510
278,110,477,510
278,110,477,510
278,110,489,510
278,110,501,510
278,110,514,510
278,110,540,510
278,110,554,510
278,110,568,510
278,110,568,510
278,110,568,510
278,110,582,510
278,110,567,510
278,110,567,510
278,110,567,510
278,97,539,523
278,97,539,523
278,97,539,523
265,97,539,523
265,97,539,523
265,97,512,523
265,97,499,523
265,97,499,523
265,97,499,523
265,97,499,510
265,97,499,510
265,97,499,510
253,84,498,510
253,84,486,510
253,84,486,510
253,84,486,497
253,84,486,497
253,84,474,496
253,84,474,496
253,84,474,496
253,84,474,496
253,84,417,497
253,84,407,497
253,84,397,497
253,84,387,497
263,84,377,485
263,84,377,497
272,84,368,497
272,84,377,497
272,84,377,497
291,84,368,497
300,84,368,497
300,84,368,485
300,84,377,485
300,84,396,485
310,84,406,485
330,84,396,485
330,84,406,485
340,84,406,485
350,84,406,485
350,84,406,485
350,84,416,485
361,84,416,485
362,84,426,485
351,84,437,485
351,84,448,485
351,84,448,485
351,84,459,485
351,84,448,485
351,84,448,485
351,96,448,461
362,108,448,461
362,108,482,461
362,108,482,461
362,108,506,461
362,108,519,461
362,108,532,461
362,108,532,461
362,108,573,461
362,108,545,461
362,108,559,461
362,108,559,461
362,108,559,461
348,96,559,461
348,96,559,449
348,96,587,449
348,96,587,438
348,96,587,449
348,96,587,438
348,96,587,438
348,96,587,438
348,96,587,427
333,96,587,427
333,96,587,416
333,96,587,416
333,96,587,416
333,96,587,426
333,96,587,416
333,96,587,416
318,96,587,416
318,96,558,416
318,96,558,416
318,106,558,416
318,106,558,437
318,106,558,437
318,106,558,437
318,106,558,437
318,106,558,437
318,106,558,437
318,106,558,437
318,106,558,437
318,106,558,437
318,106,558,437
318,106,558,437
318,106,558,437
318,106,572,437
318,106,558,437
318,106,558,437
318,106,558,415
318,106,558,415
318,106,558,415
318,106,558,415
318,106,558,415
318,106,558,415
318,106,558,415
318,106,572,415
318,106,558,415
318,106,558,425
318,106,572,425
318,106,572,425
318,106,586,425
318,106,586,425
303,106,586,436
318,106,586,425
318,106,586,425
318,106,586,425
318,106,586,425
303,106,586,436
303,95,586,447
303,95,571,447
303,95,571,447
303,95,571,447
303,95,571,447
303,95,571,447
303,95,571,447
303,95,571,447
303,95,585,447
303,95,585,447
303,95,585,447
303,95,585,447
303,95,585,447
303,95,585,447
303,95,585,447
303,95,585,458
303,95,585,458
303,95,585,458
303,95,570,458
303,95,584,458
303,95,584,458
303,95,584,458
303,95,584,458
303,95,584,458
303,95,584,458
303,95,584,458
303,95,584,458
303,95,584,458
303,95,584,458
303,95,569,458
303,95,569,458
303,95,569,458
303,95,555,458
303,95,541,458
303,95,541,458
303,95,514,458
303,95,501,458
303,95,501,458
303,95,488,458
303,95,488,458
303,95,476,458
303,95,476,469
303,95,464,469
303,95,441,469
303,95,430,469
303,95,409,469
303,95,399,469
303,95,379,469
303,95,370,469
303,95,352,469
303,83,335,480
303,83,335,480
303,83,327,480
303,71,319,492
303,71,319,492
303,71,319,492
303,71,319,492
303,71,319,492
295,71,327,492
287,71,327,504
279,71,335,504
271,58,343,517
262,58,334,517
244,45,342,530
244,45,342,530
244,45,342,530
209,31,359,543
209,31,368,543
200,17,377,557
200,17,377,557
200,17,386,556
200,17,376,556
200,17,376,556
200,3,385,570
200,3,385,570
200,3,385,570
200,3,385,570
190,3,394,570
180,3,404,570
180,3,404,570
180,3,394,570
170,3,384,570
160,3,384,570
150,3,394,614
150,18,404,629
150,49,414,644
150,49,424,671
129,75,424,645
129,91,445,629
129,107,479,613
117,107,503,613
117,137,516,583
112,146,539,574
112,132,539,574
98,132,566,588
83,132,580,588
98,132,566,588
98,101,566,618
112,85,566,635
126,85,566,635
126,69,630,651
126,53,662,667
126,36,696,684
137,29,710,691
137,29,710,691
148,22,706,698
148,22,706,698
155,11,692,709
172,11,709,709
190,11,744,709
190,11,801,709
211,11,884,709
211,11,952,709
211,1,1051,719
238,1,1042,719
238,1,1042,719
238,1,1042,719
213,1,873,719
213,1,769,719
194,1,750,719
176,1,731,719
158,1,749,719
139,1,807,719
119,1,827,719
99,1,868,719
99,1,889,719
76,1,934,719
76,1,934,719
76,1,934,719
77,1,933,719
54,1,956,719
54,1,932,719
30,1,955,719
31,1,978,719
7,1,978,719
1,1,982,719
1,1,982,719
1,1,1058,719
1,1,1084,719
1,1,1084,719
1,1,1057,719
1,1,1031,719
1,1,1031,719
1,1,1005,719
1,1,1005,719
1,1,1005,719
1,1,1005,719
1,1,1005,719
1,1,1005,719
1,1,1019,719
1,1,1019,719
1,1,1035,719
1,1,1024,719
1,1,1024,719
1,1,1023,719
1,1,1023,719
1,1,1022,719
1,1,1021,719
1,1,1021,718
1,1,1021,719
1,1,1021,718
1,1,1021,718
1,1,1021,718
1,1,1021,718
1,1,1021,718
1,1,1021,718
1,1,1021,718
1,1,1021,718
1,1,1021,718
1,1,1021,718
1,1,1021,718
1,1,1021,718
1,1,1020,718
1,1,1020,718
1,1,1020,718
1,1,1019,718
1,1,1044,719
1,1,1044,719
1,1,1044,719
1,1,1044,719
1,1,1044,719
1,1,1018,719
1,1,1017,713
1,1,992,713
1,1,992,713
1,1,992,713
1,1,992,713
1,1,992,713
1,1,992,713
1,1,967,713
1,1,943,719
1,1,910,719
1,1,900,719
1,1,891,719
1,1,883,719
1,1,904,719
1,1,918,719
1,1,917,719
1,1,917,719
1,1,917,719
1,1,894,719
1,1,894,719
1,1,894,719
1,1,894,719
1,1,894,719
1,1,894,719
1,1,894,719
1,1,894,719
1,1,894,719
1,1,894,719
1,1,872,719
1,1,872,719
1,1,894,719
1,1,963,719
1,1,1036,719
1,1,1062,719
1,1,1062,719
1,1,1035,719
1,1,1035,719
1,1,1035,719
1,1,1061,719
1,1,1034,719
1,1,1033,719
1,1,1059,719
1,1,1059,719
1,1,1059,719
1,1,1059,719
1,1,1085,719
1,1,1085,719
1,1,1085,719
1,1,1168,719
1,1,1197,719
1,1,1197,719
1,1,1196,719
1,1,1226,719
1,1,1225,719
1,1,1225,719
1,1,1225,719
1,1,1256,719
1,1,1255,719
1,1,1254,719
1,1,1253,719
1,1,1253,719
1,1,1252,719
1,1,1252,719
1,1,1252,719
1,1,1221,719
1,1,1221,719
1,1,1221,719
1,1,1221,719
1,1,1221,719
1,1,1221,719
1,1,1221,719
1,1,1221,719
1,1,1221,719
1,1,1221,719
1,1,1221,719
1,1,1221,719
1,1,1221,719
1,1,1221,719
1,1,1221,719
1,1,1220,719
1,1,1220,719
1,1,1190,719
1,1,1190,719
1,1,1190,719
1,1,1190,719
1,1,1190,719
1,1,1190,719
1,1,1190,719
1,1,1190,719
1,1,1190,719
1,1,1190,719
1,1,1190,719
1,1,1190,719
1,1,1190,719
1,1,1205,719
1,1,1205,719
1,1,1205,719
1,1,1205,719
1,1,1228,719
1,1,1228,719
1,1,1228,719
1,1,1239,719
1,1,1250,719
1,1,1249,719
1,1,1248,719
1,1,1279,719
1,1,1279,719
1,1,1279,719
1,1,1279,719
1,1,1279,719
1,1,1279,719
1,1,1279,719
1,1,1279,719
1,1,1279,719
1,1,1279,719
1,1,1279,719
1,1,1279,719
14,1,1266,719
14,1,1266,719
14,1,1266,719
30,1,1250,719
30,1,1250,719
57,1,1223,719
57,1,1223,719
73,1,1207,719
103,1,1177,719
103,1,1177,719
132,1,1148,719
161,1,1119,719
172,1,1108,719
210,1,1070,719
221,1,1049,719
233,1,1047,719
270,1,1010,719
270,1,1010,719
295,1,985,719
305,1,966,719
291,1,989,719
301,1,979,719
311,1,960,719
335,1,945,719
345,1,935,719
354,1,926,719
377,1,903,719
386,1,894,719
386,1,894,719
385,1,895,719
407,1,873,719
416,1,856,719
416,1,855,719
416,1,834,719
437,1,813,719
437,1,813,700
437,1,812,719
437,1,812,719
437,1,792,719
437,1,772,717
418,1,772,719
418,1,753,719
399,1,753,719
373,1,734,719
347,1,752,719
321,1,752,719
295,1,733,719
269,1,751,719
269,1,751,719
224,1,769,719
206,8,773,705
180,8,812,705
180,8,812,712
188,1,796,719
188,1,796,719
188,1,796,717
188,1,796,717
188,1,796,719
168,1,816,719
168,1,815,719
147,1,856,719
126,1,877,719
104,1,898,719
127,1,875,719
128,1,896,719
150,1,852,719
150,1,873,719
194,1,830,719
194,1,830,719
194,1,830,719
215,1,809,719
235,1,789,719
235,1,809,719
235,1,808,719
235,1,808,719
235,1,808,719
235,1,808,719
235,1,808,719
255,1,788,719
255,1,788,719
255,1,788,719
255,1,788,719
255,1,808,719
255,1,788,719
255,1,808,719
275,1,788,719
275,1,768,719
275,1,775,719
294,1,775,719
294,1,794,719
299,1,813,719
309,1,833,719
263,1,901,719
249,1,924,719
226,1,970,719
202,1,1019,719
202,1,1044,719
203,1,1069,719
203,1,1069,719
203,1,1069,719
230,1,1050,719
256,1,1024,719
256,1,1024,719
282,1,998,719
307,1,973,718
306,1,974,719
355,1,925,719
377,1,857,719
377,1,836,719
377,1,815,719
357,1,815,719
357,1,815,719
357,1,815,719
357,1,835,719
357,1,856,719
357,1,877,719
357,1,877,719
357,1,899,719
357,1,921,719
357,1,923,719
357,1,923,719
357,1,923,719
357,1,923,719
334,1,946,719
334,1,922,719
334,1,899,719
334,1,876,719
334,1,854,719
334,1,833,719
334,1,833,719
334,1,812,719
314,1,832,719
314,1,832,719
314,1,832,719
314,1,832,719
314,1,832,719
314,1,811,719
314,1,811,719
294,1,831,719
294,1,831,719
294,1,831,719
294,1,831,719
294,1,831,719
294,1,831,719
273,1,852,719
273,1,852,719
273,1,852,719
273,1,831,719
273,1,831,719
273,1,831,719
273,1,830,719
273,1,829,719
252,1,848,719
252,1,827,719
252,1,806,719
272,1,766,719
272,1,766,719
272,1,766,719
272,1,765,719
272,1,765,719
272,1,765,719
272,1,765,719
272,1,765,719
272,1,765,719
272,1,765,719
272,1,765,719
272,1,765,719
272,1,765,719
272,1,764,719
272,1,764,719
272,1,764,719
272,1,764,719
253,1,783,719
253,1,783,719
253,1,783,719
253,1,783,719
253,1,783,719
253,1,783,719
253,1,783,719
253,1,783,719
253,1,783,719
253,1,763,719
272,1,744,719
272,1,744,719
272,1,744,719
272,1,744,719
272,1,744,719
272,1,763,719
272,1,744,719
291,1,725,719
291,1,725,719
291,1,725,719
291,1,725,719
291,1,725,719
291,1,725,719
291,1,725,719
291,1,725,719
291,1,725,719
291,1,725,719
291,1,725,719
291,1,725,719
291,1,725,719
291,1,725,719
291,1,725,719
291,1,725,719
291,1,725,718
291,1,725,718
291,1,725,718
291,1,725,718
291,1,743,718
272,1,781,718
272,1,801,718
272,1,821,718
272,1,842,718
251,1,863,718
251,1,863,718
251,1,885,718
251,1,863,718
251,1,863,718
251,1,862,718
251,1,861,718
229,1,905,718
229,1,905,718
229,1,905,718
229,1,905,718
208,1,904,718
208,1,903,718
185,1,926,718
185,1,903,718
185,1,902,718
162,1,925,718
162,1,902,718
162,1,901,718
139,1,924,718
116,1,947,718
116,1,946,718
92,1,970,718
92,1,970,718
68,1,994,718
68,1,993,718
68,1,992,718
68,1,991,718
69,1,1015,718
69,1,990,718
44,1,1040,718
44,1,1040,718
44,1,1040,718
44,1,1014,718
18,1,1065,718
18,1,1065,718
18,1,1065,718
18,1,1065,718
18,1,1065,718
18,1,1065,718
18,1,1065,718
18,1,1065,718
18,1,1062,718
18,1,1061,718
18,1,1061,718
18,1,1088,718
18,1,1088,718
18,1,1088,718
18,1,1087,718
18,1,1086,718
18,1,1086,718
18,1,1086,718
18,1,1086,718
18,1,1086,718
18,1,1086,718
18,1,1086,718
18,1,1086,718
18,1,1086,718
18,1,1086,718
18,1,1086,718
18,1,1086,718
18,1,1086,718
18,1,1086,718
18,1,1085,718
18,1,1085,718
1,1,1102,718
1,1,1101,718
1,1,1073,718
1,1,1073,718
1,1,1073,718
1,1,1073,718
1,1,1073,718
1,1,1073,718
1,1,1072,718
1,1,1045,718
1,1,1045,718
1,1,1045,718
1,1,1045,718
1,1,1045,718
1,1,1045,718
1,1,1019,718
1,1,1019,718
1,1,1019,718
1,1,1019,718
1,1,1019,718
1,1,994,718
1,1,994,718
26,1,994,718
26,1,994,718
26,1,994,718
26,1,994,718
26,1,994,718
26,1,994,718
26,1,994,718
51,1,969,718
51,1,969,718
51,1,969,718
51,1,969,718
51,1,993,718
51,1,993,718
51,1,993,718
51,1,1018,718
51,1,1018,718
51,1,1018,718
76,1,993,718
76,1,993,718
76,1,993,718
76,1,993,718
76,1,993,718
76,1,993,718
76,1,993,718
76,1,992,718
76,1,992,718
76,1,1017,718
101,1,992,718
101,1,992,718
101,1,992,718
101,1,992,718
101,1,992,718
101,1,992,718
101,1,992,718
101,1,992,718
101,1,992,718
101,1,992,718
101,1,992,718
101,1,992,718
101,1,992,718
101,1,992,718
101,1,992,718
101,1,991,718
101,1,991,718
101,1,1016,718
101,1,1016,718
101,1,1015,718
101,1,1015,718
101,1,1040,718
101,1,1040,718
101,1,1040,718
101,1,1014,718
101,1,1014,718
101,1,1014,718
101,1,1014,718
101,1,1014,718
101,1,989,718
101,1,989,718
101,1,989,718
101,1,989,718
101,1,989,718
101,1,989,718
101,1,989,718
76,1,1014,718
76,1,1014,718
76,1,1014,718
76,1,1014,718
76,1,1014,718
76,1,1014,718
76,1,1014,718
76,1,1014,718
76,1,1039,718
76,1,1039,718
76,1,1039,718
76,1,1039,718
76,1,1039,718
76,1,1065,718
76,1,1065,718
76,1,1065,718
76,1,1065,718
76,1,1092,718
76,1,1092,718
76,1,1092,718
76,1,1092,718
76,1,1091,718
76,1,1118,718
76,1,1118,718
76,1,1118,718
104,1,1090,718
104,1,1117,718
104,1,1117,718
104,1,1117,718
104,1,1117,718
104,1,1117,718
104,1,1116,718
104,1,1144,718
104,1,1144,718
133,1,1115,718
133,1,1115,718
133,1,1115,718
133,1,1115,718
133,1,1115,718
133,1,1115,718
133,1,1115,718
133,1,1115,718
161,1,1087,718
161,1,1087,718
161,1,1086,718
161,1,1113,718
161,1,1085,718
161,1,1112,718
189,1,1084,718
216,1,1064,718
216,1,1037,718
216,1,1037,718
216,1,1037,718
242,1,1037,718
242,1,1037,718
242,1,1037,718
268,1,1012,718
268,1,987,718
268,1,987,718
293,1,987,718
293,1,962,718
293,1,962,718
341,1,915,718
364,1,892,718
386,1,869,718
428,1,826,718
428,1,805,718
428,1,785,718
448,1,765,718
467,1,746,718
467,1,727,718
474,1,713,719
474,1,695,719
464,1,698,719
447,1,715,719
447,1,697,719
444,1,704,719
444,1,686,719
444,1,686,719
444,1,669,719
457,1,659,719
448,1,662,719
439,1,665,719
446,1,652,719
453,1,639,719
460,1,626,719
466,1,614,719
481,1,599,719
487,1,587,719
493,1,575,719
485,1,578,719
491,1,581,719
497,1,584,719
482,1,598,719
482,1,613,719
497,1,583,719
497,1,583,719
497,18,583,701
497,18,568,701
497,18,568,701
483,18,582,701
498,19,567,701
498,19,581,701
498,36,581,683
498,18,596,700
498,18,596,700
498,18,581,700
498,18,581,702
498,18,581,702
498,18,581,702
498,18,581,702
513,18,566,702
513,18,566,702
513,18,566,702
513,18,566,702
513,18,566,702
513,18,566,702
513,18,566,702
513,18,552,702
513,18,552,702
513,18,552,702
513,18,552,702
499,18,552,702
499,18,552,702
472,18,609,702
472,18,594,702
457,18,624,702
457,18,656,702
424,18,724,702
406,36,761,684
406,19,780,701
386,19,860,701
342,19,926,701
365,19,915,701
352,8,928,712
384,15,896,698
371,4,909,716
371,4,909,716
371,4,909,716
399,11,881,702
380,11,900,709
380,11,900,709
380,11,900,709
380,28,900,691
357,28,923,691
357,28,923,691
357,45,923,674
357,45,923,674
357,45,923,674
334,45,946,674
334,45,946,674
334,45,946,674
334,45,946,674
334,45,946,674
334,45,946,674
334,45,946,674
325,39,955,681
316,49,964,671
316,49,964,671
316,49,964,671
316,49,964,671
316,49,964,671
316,49,964,671
291,49,988,671
291,49,988,671
291,49,988,671
291,49,988,671
266,49,1014,671
266,49,1014,671
266,49,1014,671
266,49,1014,671
266,49,1014,671
266,49,1014,671
266,49,1014,671
266,49,1014,671
266,49,1014,671
266,49,1014,671
266,49,1014,671
266,49,1014,671
266,49,1013,671
266,49,1012,671
266,49,1012,671
266,49,1012,671
266,49,1012,671
266,49,1012,671
266,49,1012,671
266,49,1012,671
266,49,1012,671
266,49,1012,671
266,49,961,671
266,49,961,671
266,49,825,671
266,49,745,671
266,49,726,671
266,49,726,671
266,49,726,671
266,49,726,671
266,49,726,671
266,49,726,671
266,49,726,671
266,49,744,671
266,49,744,671
266,49,744,671
266,49,744,671
266,49,744,671
266,49,763,671
266,49,763,671
266,49,763,671
266,49,763,671
285,49,744,671
285,49,744,671
285,49,763,671
285,49,763,671
285,49,763,671
285,49,763,671
285,49,782,671
285,49,782,671
285,49,782,671
285,49,782,671
285,49,782,671
285,49,802,671
285,49,802,671
285,49,802,671
285,49,802,671
285,49,802,671
285,49,802,671
285,49,802,671
285,49,802,671
285,49,802,671
285,49,802,671
285,49,822,671
285,49,801,671
285,49,821,671
285,49,821,671
285,49,821,671
285,49,821,671
285,49,821,671
285,49,800,671
285,49,800,671
285,49,800,671
285,49,800,671
285,49,800,671
285,49,800,671
285,49,800,671
285,49,800,671
285,49,800,671
245,49,841,671
245,49,820,671
224,49,840,671
224,49,839,671
225,49,838,671
246,32,817,688
266,32,797,688
286,32,777,688
286,32,777,688
286,32,777,688
286,32,777,688
286,32,777,688
286,32,777,688
247,32,816,688
247,32,816,688
247,32,815,688
247,32,795,688
247,32,815,688
185,32,878,688
185,32,878,688
163,32,900,688
141,32,923,688
164,32,900,688
141,32,923,688
164,32,900,688
164,32,899,688
164,32,877,688
164,32,877,688
186,14,855,706
165,14,855,706
165,14,855,706
165,14,855,706
165,14,855,706
165,14,812,706
145,1,811,719
125,1,831,719
146,1,810,719
146,1,810,719
126,1,830,719
126,1,829,719
105,1,849,719
126,1,828,719
126,1,828,719
126,1,828,719
126,1,828,719
126,1,828,719
126,1,828,719
126,1,828,719
126,1,828,719
147,1,807,719
167,1,787,719
167,1,767,719
186,1,748,719
186,1,748,719
186,1,748,719
186,19,748,701
186,19,748,701
186,19,748,701
186,19,767,701
186,19,767,701
186,19,767,701
186,37,767,683
186,37,767,683
186,37,767,683
186,37,767,683
186,37,767,683
186,37,767,683
186,37,786,683
186,37,786,683
186,54,786,666
186,54,806,666
207,54,805,666
227,54,804,666
227,70,804,649
227,86,824,634
227,86,824,634
227,102,824,618
227,102,845,618
248,102,823,618
248,102,822,618
248,86,843,633
248,86,843,633
248,86,842,633
248,86,842,633
248,86,863,633
248,86,862,633
248,70,862,649
248,70,862,649
248,53,861,667
249,53,882,667
249,53,882,667
249,36,882,684
249,36,882,684
249,18,882,702
249,18,882,702
249,18,882,702
249,1,881,719
249,1,881,719
249,1,881,719
249,1,881,719
249,1,881,719
249,1,881,719
227,1,903,719
227,1,926,719
227,1,926,719
227,1,926,719
227,1,926,719
227,1,926,719
227,1,926,719
227,1,926,719
227,1,926,719
227,1,926,719
227,1,926,719
227,1,925,719
250,1,902,719
251,1,924,719
251,1,924,719
251,1,900,719
251,1,923,719
274,1,900,719
274,1,899,719
274,1,898,719
274,1,898,719
274,1,898,719
274,1,898,719
274,1,898,719
274,1,898,719
274,1,897,719
274,1,897,719
274,1,897,719
251,1,919,719
251,1,919,719
251,1,919,719
251,1,919,719
251,1,919,719
251,1,919,719
251,1,919,719
251,1,919,719
228,1,942,719
228,1,942,719
228,1,942,719
228,1,942,719
228,1,942,719
228,1,942,719
228,1,942,719
228,1,942,719
228,1,942,719
228,1,942,719
228,1,942,719
228,1,942,719
228,1,942,719
204,1,966,719
204,1,966,719
204,1,966,719
204,1,966,719
204,1,966,719
204,1,966,719
204,1,966,719
204,1,966,719
204,1,966,719
204,1,942,719
204,1,942,719
204,1,942,719
204,1,942,719
204,1,942,719
204,1,942,719
204,1,942,719
204,1,942,719
204,1,942,719
204,1,942,719
204,1,941,719
204,1,941,719
204,1,941,719
204,1,941,719
204,1,941,719
204,1,941,719
204,1,917,719
204,1,917,719
227,1,894,719
227,1,894,719
227,1,894,719
227,1,894,719
227,1,894,719
227,1,894,719
227,19,894,701
205,19,916,701
182,54,939,666
182,54,939,666
182,54,916,666
182,54,915,666
182,70,915,649
182,70,915,649
182,53,914,667
159,36,913,684
159,36,912,684
150,11,930,709
150,11,930,709
150,11,907,709
150,1,907,719
150,1,907,719
150,1,907,719
151,1,906,719
151,1,883,719
152,1,882,719
152,1,882,719
152,1,860,719
152,1,860,719
173,1,818,719
173,1,816,719
173,1,836,719
173,1,857,719
173,1,857,719
173,1,836,719
173,1,836,719
173,1,795,719
193,1,756,719
184,1,759,719
184,1,740,719
192,1,743,719
192,1,743,719
192,1,743,719
192,1,743,719
192,1,743,719
192,1,762,719
192,1,762,719
200,1,747,719
200,1,785,719
200,1,804,719
200,1,824,719
221,1,824,719
229,1,849,719
229,1,870,719
238,1,874,719
247,8,878,712
247,1,900,719
247,1,899,719
247,1,898,719
256,1,902,719
243,1,929,719
243,1,929,719
220,1,952,719
196,1,1000,719
196,1,1000,719
196,1,1000,719
182,1,1030,719
167,1,1060,719
178,8,1039,712
152,8,1092,712
152,1,1092,719
152,1,1092,719
152,1,1092,719
152,1,1092,719
152,1,1091,719
152,1,1064,719
163,8,1042,712
163,8,1068,712
163,8,1068,712
163,8,1095,712
163,26,1094,694
163,26,1094,694
163,26,1094,694
163,9,1094,711
163,9,1093,711
163,27,1117,693
163,27,1116,693
163,8,1116,712
163,8,1116,712
163,8,1116,712
163,8,1116,712
163,8,1116,712
191,8,1089,712
191,8,1089,712
191,8,1089,712
191,8,1089,712
191,8,1089,712
191,8,1089,712
191,8,1089,712
191,8,1089,712
191,8,1089,712
191,8,1089,712
191,8,1089,712
191,1,1089,719
191,1,1089,719
191,1,1089,719
191,1,1089,719
191,1,1089,719
191,1,1089,719
164,1,1116,719
164,1,1116,719
164,1,1116,719
164,1,1116,719
164,1,1116,719
164,1,1116,719
164,1,1116,719
164,1,1116,719
164,1,1116,719
164,1,1116,719
164,1,1116,719
164,1,1116,719
136,1,1144,719
136,1,1144,719
136,1,1144,719
136,1,1144,719
136,1,1144,719
136,1,1144,719
136,1,1144,719
136,1,1144,719
136,1,1144,719
136,1,1144,719
136,1,1144,719
136,1,1144,719
136,1,1144,719
136,1,1144,719
136,1,1144,719
136,1,1144,719
137,1,1143,719
137,1,1143,719
137,1,1143,719
137,1,1143,719
137,1,1143,719
137,1,1143,719
124,1,1156,719
124,1,1156,719
124,1,1156,719
124,1,1156,719
124,1,1156,719
124,1,1156,719
124,1,1156,719
124,1,1156,719
124,1,1156,719
124,1,1156,719
124,1,1156,719
124,1,1156,719
124,1,1156,719
124,1,1156,719
124,1,1156,719
124,1,1156,719
124,1,1156,719
154,1,1126,719
154,1,1126,719
154,1,1126,719
154,1,1126,719
154,1,1126,719
154,1,1126,719
182,1,1098,719
182,1,1098,719
182,1,1098,719
182,1,1098,719
209,1,1071,719
209,1,1071,719
209,1,1071,719
209,1,1071,719
236,1,1044,719
236,1,1044,719
236,1,1044,719
236,1,1044,719
236,1,1044,719
236,1,1044,719
236,1,1044,719
209,1,1070,719
236,1,1044,719
236,1,1044,719
236,1,1044,719
236,1,1044,719
236,1,1044,719
236,1,1044,719
236,1,1044,719
236,1,1044,719
236,1,1044,719
236,1,1044,719
236,1,1044,719
236,1,1044,719
248,1,1032,719
248,1,1032,719
248,1,1032,719
248,1,1032,719
248,1,1032,719
248,1,1032,719
248,1,1032,719
248,1,1032,719
248,1,1032,719
248,19,1031,701
248,19,1031,701
248,19,1031,701
248,19,1031,701
248,19,1031,701
248,27,1031,693
248,27,1031,693
248,39,1031,681
248,39,1031,681
248,39,1031,681
248,39,1017,681
248,39,1017,681
248,39,1017,681
248,39,1017,681
248,39,1017,681
248,39,1017,681
248,39,1017,681
248,39,1017,681
248,39,1017,681
248,41,1013,679
248,41,1013,679
248,41,1013,679
248,41,1013,679
248,41,1013,679
248,45,1007,675
248,45,1007,675
248,45,1007,675
248,45,1007,675
248,45,1007,675
248,45,1007,675
248,45,1007,675
248,45,1007,675
248,45,1007,675
248,45,1007,675
248,45,1007,675
248,45,1007,675
248,45,1007,675
248,45,1007,675
248,45,1007,675
248,45,1007,675
248,45,1007,675
248,39,1007,681
248,39,1007,681
248,39,1007,681
248,39,1007,681
248,39,1007,681
248,39,1007,681
248,39,993,681
248,25,993,695
248,21,993,699
248,21,993,699
248,16,993,704
248,16,993,704
248,10,993,710
248,10,981,710
248,10,981,710
248,10,981,710
248,10,981,710
248,10,981,710
248,10,981,710
248,1,981,719
248,1,981,719
248,1,981,719
248,1,981,719
235,1,994,719
235,1,994,719
235,1,994,719
235,1,994,719
235,1,994,719
222,1,1007,719
222,1,1007,719
222,1,1007,719
201,1,1002,719
201,1,1002,719
201,1,1002,719
201,1,1002,719
176,1,1002,719
176,1,1002,719
176,1,1002,719
176,1,1002,719
151,1,1002,719
151,1,1002,719
151,1,1002,719
151,1,1002,719
126,1,1029,719
126,1,1029,719
126,1,1029,719
126,1,1029,719
115,1,1040,719
115,1,1040,719
115,1,1034,719
115,1,1034,719
115,1,1034,719
115,1,1034,719
115,1,1034,719
115,1,1034,719
115,1,1025,719
126,1,1014,719
126,1,1014,719
126,1,1014,719
126,1,1014,719
136,1,1004,719
136,1,1004,719
136,1,1004,719
151,1,993,719
161,1,983,719
167,1,977,719
179,1,965,719
189,1,955,719
200,1,944,719
213,1,931,719
230,1,914,719
240,1,904,719
267,1,877,719
279,1,865,719
301,1,843,719
364,1,781,719
384,1,761,719
403,1,742,719
422,1,723,719
422,1,723,719
422,1,705,719
440,1,705,719
458,1,670,719
458,1,670,719
458,1,653,719
474,1,653,719
490,1,621,719
490,1,621,719
506,1,605,719
506,1,590,719
506,1,590,719
506,1,590,719
506,1,575,719
506,1,575,719
506,1,575,719
506,1,575,719
492,1,589,719
492,1,589,719
492,1,589,719
492,1,604,719
492,1,589,719
498,1,577,719
498,1,577,719
490,1,580,719
496,1,582,719
481,1,611,719
481,1,611,719
481,1,611,719
481,1,611,719
481,1,611,719
481,1,611,719
481,1,611,719
481,1,611,719
481,1,611,719
481,1,611,719
481,1,626,719
481,1,610,719
466,1,625,719
482,1,625,719
482,1,609,719
482,1,609,719
482,1,609,719
482,1,609,719
467,1,624,719
467,1,624,719
467,1,624,719
483,1,608,719
483,1,608,719
483,1,608,719
483,1,608,719
483,1,608,719
483,1,608,719
483,1,608,719
468,1,623,719
468,1,623,719
468,1,623,719
468,1,623,719
468,10,623,710
468,10,623,710
468,10,623,710
468,10,623,710
468,14,623,706
468,14,623,706
468,14,623,706
468,14,623,706
468,14,639,706
468,14,671,706
468,14,671,706
414,14,758,706
395,14,796,706
333,1,879,719
287,1,970,719
101,1,1152,719
1,1,1279,719
1,1,1279,719
1,1,1279,719
1,1,1279,719
1,1,1279,719
1,1,1279,719
34,1,1246,719
96,1,1184,719
66,1,1214,719
52,1,1228,719
52,1,1228,719
24,1,1256,719
24,1,1256,719
1,1,1279,719
1,1,1279,719
1,8,1279,712
1,1,1279,719
1,1,1279,719
1,1,1279,719
1,1,1279,719
1,1,1279,719
1,1,1279,719
1,1,1279,719
1,1,1279,719
1,1,1279,719
1,1,1279,719
1,1,1279,719
1,1,1279,719
1,1,1279,719
1,1,1279,719
1,1,1279,719
1,1,1279,719
1,1,1279,719
1,1,1279,719
1,1,1279,719
1,1,1279,719
1,1,1279,719
1,1,1279,719
1,1,1247,719
61,1,1126,719
117,1,1043,719
193,177,943,543
376,191,749,529
376,204,730,516
376,217,712,503
394,229,677,490
386,254,660,466
410,266,627,454
386,289,642,431
377,311,658,409
377,342,674,378
360,370,674,350
360,396,641,324
360,412,625,308
354,425,638,295
348,422,651,298
342,434,647,286
358,434,647,286
368,431,627,289
362,428,640,292
356,410,653,310
344,396,679,324
361,396,662,324
361,396,662,324
372,393,658,327
366,372,671,348
377,369,667,351
371,366,680,354
364,363,694,357
364,363,711,357
357,360,743,360
331,357,777,363
323,354,773,366
336,360,768,360
309,357,802,363
309,357,822,363
301,354,838,366
293,351,855,369
285,348,872,372
285,339,872,381
285,339,871,381
277,335,866,385
269,331,883,389
260,327,901,393
251,323,896,397
251,323,896,397
251,313,896,407
242,309,891,411
233,295,886,425
224,291,904,429
238,287,876,433
229,283,893,437
220,279,888,441
211,275,906,445
202,282,901,438
193,278,919,442
184,274,937,446
199,281,908,439
190,266,926,454
181,262,921,458
172,258,916,462
163,254,934,466
154,250,953,470
169,246,924,474
160,242,942,478
151,237,937,483
142,232,956,488
142,232,956,488
142,232,956,488
142,232,956,488
142,220,956,500
142,220,956,500
142,220,956,500
142,208,956,512
142,208,955,512
142,195,955,525
142,195,954,525
142,169,953,551
142,169,952,551
142,140,951,580
142,140,950,580
142,126,950,594
142,126,950,594
142,126,950,594
142,110,950,610
142,95,950,625
142,79,950,641
142,79,950,641
142,79,950,641
142,61,950,659
142,61,950,659
166,61,926,659
166,61,926,659
166,44,926,675
166,27,926,692
166,27,925,692
189,27,902,692
189,27,925,692
189,10,924,710
189,10,924,710
189,10,923,710
212,10,900,710
212,10,900,710
212,10,900,710
212,10,899,710
212,10,920,710
235,10,897,710
235,10,897,710
235,10,897,710
235,10,919,710
235,10,918,710
235,10,941,710
235,10,941,710
235,10,941,710
235,10,941,710
259,10,917,710
259,10,917,710
259,10,917,710
259,10,940,710
259,10,940,710
259,10,917,710
258,10,939,710
258,10,939,710
258,1,939,719
258,1,939,719
258,1,939,719
258,1,939,719
258,1,939,719
258,1,939,719
258,1,939,719
258,1,939,719
258,1,938,719
258,1,938,719
258,19,938,701
258,37,938,683
258,37,938,683
258,37,938,683
258,37,938,683
258,37,938,683
258,37,938,683
258,37,938,683
258,19,938,701
258,1,938,719
258,1,938,719
258,1,938,719
234,1,985,719
234,1,960,719
234,1,960,719
258,1,960,719
258,1,936,719
258,1,936,719
281,1,936,719
281,1,936,719
281,1,936,719
304,1,890,719
304,1,890,719
304,1,890,719
304,1,890,719
304,1,868,719
304,19,867,701
326,19,845,701
326,36,845,684
326,36,866,684
326,19,910,701
326,19,954,701
326,19,954,701
326,19,954,701
326,1,954,719
302,1,978,719
316,1,964,719
318,1,962,719
318,1,962,719
331,1,949,719
331,1,949,719
307,1,973,719
307,1,948,719
307,1,948,719
307,1,924,719
330,1,901,719
330,1,901,719
330,1,878,719
308,1,900,719
308,1,900,719
308,1,900,719
308,1,900,719
308,1,923,719
308,1,923,719
308,1,946,719
284,1,993,719
284,1,993,719
284,1,993,719
284,1,993,719
284,1,993,719
284,1,996,719
284,1,996,719
284,1,996,719
284,1,996,719
284,1,996,719
284,1,996,719
284,1,996,719
284,1,979,719
284,1,979,719
284,1,955,719
284,1,947,719
284,1,923,719
284,1,923,719
284,1,900,719
284,1,900,719
284,1,900,719
284,1,900,719
284,1,900,719
284,1,899,719
284,1,889,719
284,1,889,719
284,1,889,719
284,1,889,719
284,1,889,719
284,1,888,719
284,1,910,719
284,1,910,719
284,1,910,719
284,1,910,719
284,1,933,719
284,1,933,719
284,1,933,719
284,1,933,719
284,1,933,719
284,1,933,719
284,1,956,719
284,1,956,719
284,1,956,719
260,1,1004,719
260,1,1004,719
235,1,1029,719
209,1,1055,719
209,1,1055,719
183,1,1081,719
183,1,1097,719
183,1,1097,719
183,1,1097,719
156,1,1124,719
156,1,1124,719
156,1,1124,719
156,1,1124,719
156,1,1124,719
156,1,1124,719
127,1,1153,719
127,1,1153,719
127,1,1153,719
127,1,1153,719
127,1,1124,719
127,1,1124,719
127,1,1124,719
127,1,1124,719
99,1,1151,719
99,1,1151,719
99,1,1122,719
99,1,1122,719
99,1,1122,719
99,1,1122,719
99,1,1122,719
99,1,1122,719
99,1,1122,719
99,1,1122,719
99,1,1122,719
99,1,1122,719
99,1,1122,719
100,1,1150,719
100,1,1150,719
100,1,1150,719
100,1,1150,719
100,1,1150,719
100,1,1150,719
100,1,1149,719
100,1,1178,719
100,1,1178,719
100,1,1178,719
100,1,1178,719
100,1,1178,719
100,1,1178,719
100,1,1180,719
100,1,1180,719
117,1,1163,719
117,1,1163,719
126,1,1154,719
126,1,1154,719
126,1,1154,719
126,1,1154,719
126,1,1154,719
126,1,1154,719
126,1,1154,719
