346,35,69,103
348,35,71,107
342,35,79,107
349,35,73,107
351,35,72,107
352,35,71,107
351,35,70,107
345,35,75,107
357,35,65,107
351,35,70,107
351,35,70,107
357,35,65,100
351,35,75,99
350,34,72,94
348,33,78,96
354,26,75,105
354,26,75,105
354,26,75,113
354,26,75,113
360,25,71,115
360,25,71,115
358,25,76,107
358,25,71,115
358,25,76,107
365,25,71,107
365,25,71,106
365,25,71,107
365,25,76,107
365,25,71,106
365,25,71,106
365,27,71,107
365,35,66,93
363,31,64,94
361,37,69,88
355,52,74,86
354,74,76,68
354,94,76,55
359,103,76,56
361,108,73,38
357,111,74,41
357,111,74,41
354,112,73,38
354,112,73,40
354,112,73,38
354,112,74,41
354,115,75,39
355,119,74,41
355,128,75,46
355,126,75,40
354,122,77,47
353,122,68,42
353,122,73,42
353,125,79,48
353,128,79,48
353,131,79,39
353,131,73,36
353,131,73,36
353,129,73,39
353,129,73,41
352,132,81,46
352,135,81,49
352,138,75,49
352,138,70,49
352,138,65,49
352,138,70,49
352,138,75,49
353,139,68,48
353,139,64,48
360,138,75,41
361,135,64,45
355,135,64,45
349,143,72,47
349,140,72,44
350,140,71,53
357,140,71,43
357,142,71,46
353,142,61,49
358,142,61,53
353,145,67,49
356,147,62,47
353,149,62,47
354,150,66,46
356,151,60,47
360,149,64,46
360,150,60,48
357,150,60,49
357,150,60,49
357,150,60,49
357,150,61,50
363,148,65,47
361,148,65,49
366,149,60,48
361,149,65,48
361,149,65,48
361,149,65,45
361,147,65,47
364,147,59,48
364,147,59,48
364,147,59,48
364,147,59,46
364,147,59,46
364,147,59,46
367,147,60,47
373,147,60,47
380,150,59,46
398,153,56,48
401,156,56,48
409,161,53,50
416,168,52,49
421,170,50,52
425,176,53,55
435,186,51,53
442,196,50,52
440,200,51,45
446,211,51,43
451,221,52,58
454,228,44,54
462,240,51,45
462,247,52,49
468,255,53,50
471,266,53,50
477,280,54,48
485,288,54,48
489,297,54,48
482,305,49,46
495,317,50,46
499,324,44,39
499,326,49,43
501,332,49,43
503,341,49,43
507,344,47,41
512,347,46,40
512,349,47,41
513,360,45,39
513,365,45,39
511,371,44,38
509,376,43,35
509,381,43,32
510,386,42,31
499,437,41,30
496,440,44,32
492,444,47,34
488,447,51,37
486,456,51,37
482,462,55,40
478,465,57,42
474,469,60,45
471,475,61,46
474,479,59,42
470,485,60,43
469,488,53,41
464,499,56,40
457,506,54,37
452,510,57,39
448,517,59,41
444,522,61,43
441,528,61,39
438,534,61,39
441,537,55,39
438,540,56,40
437,542,58,42
438,545,57,41
438,547,57,41
435,547,58,42
435,547,58,42
435,547,58,42
435,547,55,38
436,544,54,37
436,544,54,37
436,546,54,37
437,549,53,36
437,551,53,36
434,553,53,36
434,555,54,37
431,554,57,39
434,557,57,39
433,559,59,41
433,558,57,44
432,560,59,46
432,562,60,47
432,564,61,48
432,565,62,49
432,565,59,47
429,565,59,47
430,566,58,46
431,567,57,45
432,568,56,44
433,569,55,43
434,570,54,42
435,569,53,43
438,567,54,46
439,568,53,45
440,569,52,44
441,570,51,43
442,571,50,42
443,572,48,40
449,554,53,59
449,554,53,59
449,554,56,59
446,554,59,59
446,554,59,59
446,554,59,59
446,554,59,59
446,554,62,59
446,554,62,59
446,551,62,62
446,551,62,62
446,551,62,62
446,545,62,65
446,545,62,65
446,545,62,65
446,545,62,65
452,548,59,62
452,548,59,62
455,548,59,62
455,548,59,59
463,544,55,61
464,545,54,60
465,546,53,59
467,544,56,63
466,539,59,67
466,539,60,61
466,536,60,61
466,533,60,61
465,532,62,63
469,533,58,59
467,534,59,57
468,535,58,56
466,534,62,53
464,533,62,55
461,530,62,55
458,530,63,53
458,525,63,56
458,521,64,57
458,518,64,57
460,514,67,59
464,511,67,59
473,512,64,57
479,508,67,59
483,502,73,64
487,496,79,69
498,498,73,63
497,488,72,63
503,489,71,57
503,482,71,57
506,477,72,58
508,472,76,58
510,470,81,60
507,468,86,62
510,467,89,60
519,463,82,60
525,459,78,60
524,453,83,63
536,454,78,60
546,456,68,56
551,449,69,57
553,446,69,57
556,442,70,58
560,439,74,58
561,435,75,59
567,431,75,60
576,437,71,52
581,430,74,52
593,426,72,52
598,418,72,54
606,416,72,57
607,409,69,57
610,394,73,57
614,383,78,57
615,377,82,60
626,377,77,61
635,376,73,59
643,379,71,59
651,383,69,58
648,389,73,62
653,395,69,59
655,397,73,63
657,399,77,67
660,405,71,61
659,408,74,63
659,412,75,64
660,417,73,62
658,418,76,60
655,421,74,60
655,424,75,61
656,428,73,60
654,430,74,63
654,433,75,64
655,429,74,63
652,424,70,59
648,413,69,58
637,392,76,65
639,380,73,62
636,368,72,61
641,355,72,65
645,354,69,64
644,350,69,62
645,343,68,61
641,338,69,62
633,329,70,69
616,333,74,72
590,333,75,73
567,328,77,74
559,317,69,85
566,307,58,85
564,295,58,90
562,290,57,92
553,290,61,92
534,287,59,98
514,286,61,100
490,282,64,100
464,279,68,96
445,279,68,96
433,277,68,100
428,283,66,98
417,292,71,100
407,298,74,108
396,308,79,110
387,327,74,104
373,338,77,107
367,363,80,111
357,379,82,113
353,398,79,109
342,414,79,109
335,423,81,117
338,433,75,108
336,429,83,115
341,434,83,121
346,439,83,121
346,444,83,121
335,444,85,119
321,442,88,124
309,441,90,126
308,445,98,129
313,445,96,129
319,445,98,129
331,452,104,125
350,451,106,122
367,453,105,119
380,452,107,124
395,450,105,122
402,446,105,122
408,444,109,133
420,442,108,126
436,440,97,129
432,449,101,124
416,453,107,131
402,453,114,131
389,449,115,134
373,454,120,137
354,463,125,139
341,472,126,134
332,466,123,148
327,476,122,142
325,473,127,148
330,470,132,154
339,462,129,151
341,439,137,163
352,424,135,157
362,410,125,151
369,386,124,151
375,362,125,160
371,342,131,164
383,325,129,161
385,313,132,160
373,302,144,160
372,299,144,151
365,294,147,154
346,292,157,154
334,294,161,154
321,296,167,151
314,290,165,148
318,286,157,148
315,285,148,148
305,284,151,141
289,281,163,144
285,281,160,144
277,289,167,144
269,297,170,144
271,306,167,141
270,312,171,144
280,319,169,141
290,329,166,141
300,334,166,140
303,337,160,138
303,340,160,138
303,337,160,141
303,334,160,143
303,329,160,143
300,324,166,146
299,323,169,144
291,323,177,144
293,325,174,143
297,328,167,143
292,334,167,139
292,333,161,144
283,337,167,147
269,336,178,146
267,333,178,150
267,327,178,148
272,326,177,151
277,323,175,149
284,322,175,152
289,309,179,158
294,303,180,158
307,299,170,153
307,291,171,153
309,284,165,153
304,285,172,153
301,282,167,154
311,284,161,143
313,286,168,140
319,289,169,143
322,296,172,146
333,306,166,140
341,314,166,140
349,314,163,136
348,313,166,136
348,313,162,138
347,320,163,141
347,328,163,141
346,335,166,144
346,343,166,144
343,357,156,136
344,369,150,131
335,384,150,131
335,401,150,131
332,408,156,143
337,420,154,135
345,420,154,135
350,425,160,147
349,424,163,158
358,424,163,166
355,430,170,173
354,429,173,176
344,409,185,189
329,403,196,201
314,409,204,195
320,415,186,187
315,412,185,194
329,385,165,216
331,387,162,223
341,387,162,223
348,383,169,232
359,383,169,220
373,388,162,211
379,384,162,220
386,380,159,207
401,376,157,215
398,362,163,224
398,352,163,224
398,342,160,224
384,327,167,233
379,324,161,230
374,325,155,222
374,325,158,222
374,320,158,227
374,320,158,227
374,331,158,227
374,331,158,227
374,331,158,227
382,331,143,226
382,331,143,226
382,331,143,226
382,331,143,226
382,331,143,226
382,331,143,226
382,331,143,226
382,331,143,226
382,331,143,226
382,331,143,226
382,340,150,217
382,340,150,217
382,340,150,217
384,344,147,221
387,349,141,212
390,353,136,225
392,355,133,221
395,360,128,223
392,365,129,225
389,370,130,227
392,375,125,218
383,379,132,221
386,384,127,212
390,390,120,200
381,392,127,222
376,392,133,217
373,396,134,219
361,403,145,216
351,403,148,216
341,403,152,216
331,403,148,216
336,409,137,204
336,409,139,204
331,403,147,216
340,401,145,209
351,401,142,209
361,391,143,199
366,385,149,211
373,381,153,209
380,375,161,200
395,367,159,205
412,362,150,202
426,356,140,204
426,346,140,204
422,350,145,196
421,339,141,200
423,332,138,196
425,334,135,192
418,334,142,192
417,332,145,186
410,332,145,195
413,336,153,187
412,334,156,201
409,339,154,199
409,348,154,199
400,357,154,199
388,352,160,207
375,358,166,215
361,364,173,224
345,357,180,226
349,362,173,217
346,369,177,226
344,367,184,219
342,365,188,223
340,374,192,216
350,374,182,216
352,376,178,223
352,376,173,212
338,372,180,221
331,369,176,209
325,369,174,215
315,369,174,215
305,369,183,215
297,373,179,209
300,379,169,207
282,389,186,207
270,397,190,211
276,403,179,199
278,401,175,199
278,401,175,209
276,405,179,207
276,413,179,199
278,415,175,195
268,415,184,205
251,417,189,201
244,421,182,203
235,425,175,205
225,425,175,205
215,425,175,205
205,425,184,205
198,429,186,197
188,429,187,197
178,419,187,207
167,429,189,197
155,427,198,199
142,425,202,204
142,425,198,204
146,429,190,196
150,433,177,188
150,433,177,188
139,431,181,202
127,429,194,198
127,429,186,194
127,429,186,198
129,431,186,194
139,431,181,192
151,433,177,188
149,431,181,202
147,429,185,206
147,429,185,206
138,439,185,186
138,439,185,186
138,439,185,186
138,439,185,186
147,439,185,186
138,439,185,186
138,439,185,186
138,439,185,186
138,439,185,186
138,439,185,186
138,439,185,186
138,439,185,186
138,439,185,186
138,439,185,186
138,439,185,186
136,437,189,190
132,433,197,188
132,433,197,188
142,442,197,179
142,442,197,179
140,451,201,174
138,448,205,170
134,448,213,170
152,443,196,171
148,440,204,171
164,440,191,170
160,442,195,167
171,439,185,165
176,439,187,167
186,439,180,163
187,433,184,166
181,430,191,173
191,434,181,164
194,437,180,159
194,429,180,159
203,429,176,159
201,428,180,162
201,428,180,162
206,423,171,157
206,424,171,154
206,424,171,154
206,424,171,154
205,423,174,157
204,422,177,160
215,418,172,154
214,417,175,157
212,416,179,160
215,411,174,155
214,410,181,158
223,410,177,158
221,409,181,161
221,409,181,161
221,409,181,161
230,409,174,161
232,411,170,158
234,416,167,152
236,418,164,155
236,421,164,152
230,424,168,149
230,424,168,149
230,424,165,149
230,424,161,149
229,423,164,152
228,422,167,155
225,419,170,161
236,413,161,154
233,408,168,157
232,408,171,158
231,411,174,153
228,406,181,153
225,401,188,157
242,400,173,160
239,405,180,149
237,396,184,152
244,395,188,155
242,394,192,158
240,401,196,145
244,400,190,148
244,393,190,148
244,393,190,148
244,393,190,148
244,393,190,148
244,393,190,148
244,400,190,148
246,402,179,145
248,404,175,142
250,406,174,139
243,405,175,142
243,405,175,142
243,405,175,142
243,405,175,142
243,405,175,142
243,405,175,142
243,405,175,142
243,405,175,142
245,407,172,139
245,407,172,139
245,411,172,146
245,411,172,146
245,411,172,146
245,411,172,146
245,411,172,146
245,411,172,146
247,421,169,150
249,431,166,147
252,427,160,148
247,430,154,149
250,441,155,143
248,445,146,135
251,449,147,137
248,453,139,142
250,455,143,139
245,457,154,143
247,459,148,140
234,461,155,144
226,461,163,151
226,461,163,143
226,461,163,143
226,461,163,143
226,461,163,143
226,461,163,143
226,461,163,143
226,461,163,143
226,461,163,143
226,461,163,143
226,461,163,143
226,461,163,143
226,461,163,143
228,463,160,140
228,463,160,140
220,463,168,147
222,465,165,144
224,467,162,141
224,467,162,141
224,467,162,141
224,467,162,141
224,467,162,141
224,467,162,141
216,467,162,141
216,467,170,141
216,467,163,141
216,467,163,141
216,467,160,141
216,467,160,141
208,467,167,141
208,467,170,141
208,467,170,141
208,467,170,141
208,467,170,141
208,467,167,141
208,467,167,141
208,467,167,141
208,467,167,141
208,467,167,141
208,467,170,141
207,466,173,144
206,465,176,147
209,469,187,156
218,486,187,148
227,495,177,141
227,495,177,141
225,501,181,137
225,501,181,137
229,512,174,132
229,512,174,139
229,512,171,139
229,508,171,136
229,505,171,139
229,505,168,139
231,505,165,141
233,504,162,138
226,504,165,133
233,501,158,141
225,498,168,135
224,492,165,140
228,492,165,132
230,483,168,135
229,465,171,138
229,439,171,146
229,413,171,145
231,387,168,149
231,368,168,156
235,352,153,150
237,335,150,147
237,317,150,147
237,307,150,147
236,304,153,143
238,298,150,126
253,283,143,126
249,267,152,131
248,263,155,132
248,256,161,134
250,257,161,137
260,260,158,132
270,266,149,124
280,269,140,119
285,268,143,124
287,266,140,125
280,264,147,134
280,274,147,131
282,283,144,128
285,295,145,123
287,305,140,121
290,315,133,116
293,324,126,111
282,331,135,114
273,335,140,112
275,336,137,110
264,337,148,113
264,337,145,119
264,337,145,119
264,336,139,117
263,335,139,115
263,330,137,115
248,324,150,123
237,324,156,120
234,314,155,128
229,316,161,122
227,312,157,118
229,302,154,128
228,288,157,129
230,278,160,136
227,268,174,131
229,248,181,144
242,227,179,151
240,206,187,154
256,201,172,142
279,184,158,131
279,167,158,131
285,158,161,126
291,154,164,121
298,148,167,124
299,149,151,116
308,143,151,123
309,136,152,130
314,132,152,135
315,130,152,132
318,128,152,143
319,132,150,134
321,135,151,132
326,135,148,130
322,139,154,128
321,139,154,128
321,137,154,128
318,137,157,128
315,137,157,128
315,137,154,128
316,138,152,127
316,137,149,130
309,140,156,130
309,137,156,136
309,140,156,125
311,142,153,127
311,142,153,127
311,142,153,127
311,142,153,127
311,142,153,127
311,142,153,127
314,144,153,127
314,142,153,127
314,142,153,127
311,142,153,127
311,142,156,127
313,141,150,127
313,144,150,124
313,146,150,122
313,146,150,122
313,146,150,122
313,146,150,122
313,146,150,122
313,146,150,122
321,150,144,124
320,150,150,130
314,155,161,137
314,163,164,143
312,180,166,141
309,197,170,138
304,214,171,139
299,230,171,142
302,248,161,131
293,248,164,133
279,230,175,137
288,202,166,125
288,174,166,128
288,149,166,128
290,133,163,125
292,126,160,123
294,121,157,127
297,124,159,128
299,126,165,125
305,128,161,128
305,131,162,124
304,130,165,126
306,131,170,124
323,132,175,122
323,144,175,122
325,155,172,118
327,163,166,111
327,165,169,113
329,166,166,111
331,167,155,109
330,163,166,114
327,155,173,119
333,143,171,126
333,141,171,126
333,141,154,120
333,141,154,120
333,141,154,114
333,147,154,114
335,154,151,112
335,161,159,118
335,163,175,122
336,168,158,130
338,180,163,124
338,190,163,122
330,201,171,134
330,213,171,137
330,229,171,129
330,234,171,132
332,246,168,134
332,260,168,137
324,266,175,134
326,278,172,131
328,293,165,131
320,303,173,138
320,311,170,138
314,320,174,143
312,327,173,140
313,335,170,142
307,341,174,139
309,347,164,138
300,346,175,148
289,353,179,143
286,356,179,143
280,355,181,146
282,358,176,144
278,362,176,140
282,362,172,140
282,362,169,140
282,365,167,140
282,362,167,140
282,362,164,140
282,362,164,140
284,371,161,137
276,371,164,137
276,371,164,137
276,371,164,137
268,371,172,137
268,371,169,137
259,371,172,137
259,371,172,137
259,371,172,137
259,371,172,137
259,378,172,137
259,371,172,137
259,371,172,137
259,371,165,137
250,378,172,137
250,378,172,137
250,378,172,137
250,378,172,137
250,378,172,137
250,375,172,140
250,378,172,137
250,378,172,137
250,378,172,137
250,378,172,137
250,378,172,137
250,385,172,144
241,385,179,144
250,385,172,144
249,387,175,144
249,390,175,141
243,395,179,153
246,400,175,147
248,402,172,144
250,405,169,147
252,410,166,149
256,415,155,158
265,423,143,155
248,435,155,163
248,447,152,167
250,460,143,160
242,470,143,160
234,476,143,168
224,483,146,171
214,490,149,174
205,499,149,174
203,508,149,174
203,522,140,164
203,521,132,165
203,522,133,169
201,528,131,170
206,532,126,163
194,536,140,173
194,536,140,173
194,536,140,173
200,536,140,173
198,536,147,173
197,535,150,176
201,529,146,171
198,526,152,178
195,523,158,185
204,516,155,181
201,513,161,188
208,511,164,192
207,504,167,176
213,510,165,174
210,507,163,172
216,506,166,166
208,505,177,169
206,504,181,163
206,496,181,163
215,496,172,163
224,496,163,163
224,496,163,163
224,496,163,163
224,496,163,163
224,488,163,163
232,488,157,163
232,488,160,163
229,477,160,170
229,477,160,170
229,477,162,170
229,477,162,170
228,476,165,173
227,475,168,167
224,472,166,174
221,469,173,163
218,466,171,170
217,465,174,156
216,456,177,167
234,456,159,167
234,456,159,159
234,456,159,159
234,456,159,159
233,455,162,162
233,449,162,160
233,447,162,154
233,447,162,154
233,447,162,154
233,447,162,154
233,447,162,154
233,447,162,154
233,447,162,154
233,447,162,154
249,439,146,154
249,439,146,154
249,439,146,154
249,439,146,154
249,439,146,154
249,439,146,154
249,439,146,154
249,439,146,154
249,439,146,154
249,439,139,154
249,439,139,162
249,439,139,162
249,442,139,159
249,447,139,154
249,447,139,154
249,447,139,154
249,447,146,162
249,447,146,162
249,450,146,159
249,447,146,162
249,447,142,162
249,447,145,162
249,447,146,162
249,447,146,162
249,447,146,162
249,447,146,162
249,447,146,162
249,447,146,162
249,447,146,162
249,447,146,162
249,447,146,162
249,447,146,162
249,447,146,162
249,447,146,162
249,447,146,162
249,447,146,162
249,447,146,162
249,447,146,162
249,447,146,162
249,447,146,162
249,447,146,162
249,447,146,162
249,447,146,162
249,447,146,162
249,447,146,162
249,447,146,162
249,447,146,162
249,447,146,162
249,447,146,162
249,447,146,162
249,447,146,162
249,447,146,162
249,447,146,162
249,447,146,162
249,447,146,162
249,447,146,162
249,447,146,162
249,447,153,162
249,447,153,162
249,447,153,162
249,447,153,162
249,447,153,162
249,439,153,162
249,439,153,162
249,439,153,162
249,439,153,162
249,439,153,162
249,439,156,162
264,439,147,162
264,439,147,162
264,439,147,162
264,439,145,162
264,439,145,162
264,439,145,162
264,439,145,162
264,439,145,162
264,439,145,162
264,439,145,162
264,439,145,162
264,439,145,162
264,439,145,162
264,439,145,162
264,439,145,162
264,439,145,162
264,439,145,162
264,439,145,162
264,439,145,162
264,439,145,162
264,439,145,162
264,439,145,162
264,439,145,162
264,439,145,162
264,448,145,170
264,448,145,170
271,448,145,170
271,448,145,170
271,448,145,170
271,448,145,170
271,448,145,170
271,448,145,170
271,448,145,170
271,448,145,170
271,448,145,162
271,448,138,162
271,448,138,162
271,448,138,162
271,448,145,162
271,448,145,162
271,440,145,170
271,440,145,170
271,440,145,170
271,440,145,170
271,440,138,170
271,440,138,170
271,440,138,170
271,440,145,170
271,440,145,162
271,440,145,162
271,440,145,162
271,432,145,162
271,432,152,170
271,432,146,170
271,432,146,170
271,432,149,170
271,432,146,170
271,432,143,170
271,432,143,170
271,432,141,170
271,432,138,170
271,432,138,170
271,432,138,170
271,432,136,170
264,432,141,170
264,432,141,170
264,432,144,170
264,432,144,170
264,432,144,170
264,424,144,170
264,424,138,170
264,424,138,170
264,424,138,170
264,424,141,170
264,424,138,170
264,424,138,170
264,433,137,162
264,433,137,162
264,433,137,162
264,433,137,162
264,433,137,162
264,433,137,162
264,433,137,162
264,433,137,162
264,433,137,162
264,425,137,170
264,425,137,170
264,425,137,170
264,425,137,170
250,425,144,170
250,425,144,170
250,425,144,170
250,425,144,170
250,425,144,170
250,425,144,170
250,425,144,170
250,425,144,170
250,425,144,170
250,425,144,170
250,425,144,170
249,424,147,173
249,424,147,164
249,424,147,164
256,416,147,164
256,416,147,164
256,416,147,164
256,416,147,164
256,416,147,164
256,419,144,161
256,419,144,161
258,421,141,158
258,421,141,158
260,428,138,158
262,430,135,155
264,432,132,152
264,432,132,152
257,431,135,161
257,431,135,161
260,431,135,165
262,432,135,160
265,432,135,160
265,432,135,160
261,432,142,168
264,432,142,168
264,432,142,168
264,432,142,168
264,432,142,168
264,424,142,168
264,424,142,168
264,424,142,168
264,424,142,168
264,424,142,168
264,424,142,168
264,424,142,168
264,424,142,168
264,424,142,168
264,427,142,165
264,427,142,165
264,427,142,165
264,427,142,165
264,427,142,165
264,427,142,165
264,431,142,161
264,431,142,161
264,431,142,161
264,431,142,161
264,431,142,161
264,434,142,158
264,431,142,169
264,434,142,166
264,434,142,166
264,436,142,164
264,436,142,164
264,440,142,160
264,440,142,160
264,441,142,167
264,441,142,167
264,441,142,167
264,441,142,167
264,441,142,167
264,441,142,167
264,441,142,167
264,441,142,167
264,441,142,167
257,441,142,167
264,441,142,167
264,441,142,167
264,449,142,167
264,449,139,167
264,449,139,167
257,449,142,167
257,449,142,167
257,449,142,167
257,449,142,167
257,449,142,167
257,449,142,167
257,449,142,167
257,449,142,167
257,449,142,167
257,449,142,167
257,449,142,167
257,449,142,167
257,449,142,167
257,441,139,167
254,438,139,174
253,428,136,177
244,417,146,163
244,407,146,157
249,395,149,154
254,385,147,150
261,377,147,145
266,376,150,137
268,375,153,129
276,375,155,132
278,377,158,126
277,383,162,132
282,395,156,118
284,396,153,116
267,400,170,120
271,403,163,115
274,405,157,111
262,407,166,112
265,409,160,113
267,410,157,117
261,411,162,121
263,412,164,125
263,412,160,125
263,412,160,125
263,412,160,125
263,412,164,125
263,417,164,120
263,417,160,120
263,417,164,120
263,418,161,123
263,418,165,125
263,418,165,123
263,418,165,123
263,418,165,123
263,418,165,123
263,418,165,123
263,418,168,123
263,418,165,123
263,418,168,120
261,417,170,123
260,416,173,122
259,415,176,126
261,404,175,137
259,403,179,137
259,395,182,134
261,394,182,137
259,393,186,140
259,384,186,140
261,377,182,137
261,369,182,137
259,359,205,154
259,349,206,154
270,347,198,154
270,347,202,151
270,347,206,148
270,347,206,142
270,347,206,143
272,363,207,126
303,363,182,129
303,369,182,129
309,379,179,122
309,379,179,122
307,378,183,124
309,379,179,122
318,379,179,122
318,385,179,122
327,391,179,122
318,385,179,128
318,385,179,128
327,385,179,128
327,385,179,128
336,385,172,128
336,385,168,128
336,385,168,128
336,385,175,128
336,385,168,128
336,385,172,128
338,387,172,125
343,397,168,118
340,393,177,128
348,404,176,130
357,413,171,129
366,415,169,128
366,415,173,129
371,420,179,135
364,409,192,145
364,409,192,145
368,412,185,139
373,416,186,146
363,416,194,146
363,416,194,146
363,416,194,146
361,415,198,149
359,414,202,152
376,412,190,143
370,408,202,152
374,405,193,145
370,394,201,151
376,391,197,157
386,391,190,143
384,381,194,146
380,378,202,152
382,373,198,149
405,376,182,143
390,372,200,150
390,372,200,150
387,370,206,154
402,373,191,166
402,379,187,169
404,386,187,166
406,393,183,159
412,401,176,147
416,407,169,138
418,409,166,142
412,411,166,153
412,411,169,161
412,411,173,161
414,413,172,158
414,413,172,150
414,413,172,150
414,413,176,150
414,407,176,153
414,413,176,150
414,413,176,150
419,409,174,158
410,412,185,155
410,409,185,158
410,409,185,158
405,405,194,166
405,405,194,166
401,403,194,160
387,401,202,163
395,397,193,166
391,394,197,166
387,391,197,169
382,386,200,172
376,390,195,162
375,389,191,161
371,387,190,158
369,383,183,164
358,378,187,174
342,383,198,178
330,391,202,182
320,397,210,182
308,405,214,186
304,410,201,175
290,407,209,182
282,409,205,178
287,413,195,169
287,421,191,169
289,423,191,166
293,409,195,176
288,406,211,183
300,397,209,181
315,402,200,173
326,395,197,171
332,382,205,178
348,387,193,168
352,373,205,178
368,378,193,168
378,369,195,169
389,370,193,167
397,369,195,169
409,363,191,166
427,362,193,168
425,352,197,171
435,352,197,171
433,351,201,174
429,348,209,181
440,363,205,171
455,368,194,164
461,367,186,168
470,373,181,167
462,370,185,167
466,370,178,168
457,367,185,174
455,365,185,174
455,365,182,171
457,364,174,171
457,364,171,171
436,365,189,171
436,368,189,167
436,365,185,171
427,368,189,164
427,368,189,164
425,364,193,170
425,360,189,174
425,360,182,174
425,356,171,188
432,355,162,207
432,355,157,207
432,355,149,203
432,359,149,203
432,359,149,203
432,359,149,203
432,359,149,199
432,359,149,199
434,361,146,195
434,363,146,187
434,364,146,180
434,364,146,180
434,361,146,181
436,363,143,177
435,358,147,178
437,356,144,178
427,357,151,179
414,355,159,183
418,354,156,182
417,357,153,186
417,353,153,190
411,357,153,186
411,349,153,201
411,347,153,205
411,357,153,205
405,354,165,191
410,356,162,187
409,364,156,171
412,376,150,164
401,378,154,178
391,376,157,182
388,373,163,189
375,368,163,204
378,372,163,204
384,370,160,210
384,370,160,210
384,369,160,206
379,368,163,209
379,363,163,214
379,361,163,218
379,359,163,218
376,363,163,214
378,359,163,214
374,359,163,214
378,359,163,214
373,357,166,222
368,362,173,217
367,365,176,218
371,367,169,218
371,368,173,206
376,374,163,194
370,376,154,190
361,385,139,201
342,382,151,217
328,377,159,233
331,373,150,250
331,378,150,245
331,383,150,244
343,383,142,243
343,383,142,243
343,383,142,243
343,383,142,243
343,383,142,243
343,383,142,243
357,383,142,243
364,383,142,243
371,383,142,243
371,383,142,243
371,383,142,243
371,388,142,229
371,383,142,233
371,395,148,219
375,400,147,214
378,401,141,232
380,401,133,238
374,415,119,229
368,415,121,229
366,411,126,238
366,411,126,238
366,411,126,238
364,414,130,233
364,414,130,233
364,414,130,233
364,426,130,233
364,409,130,245
364,409,130,245
363,407,133,250
362,405,136,255
361,403,139,260
361,416,139,234
361,398,145,246
360,409,151,251
371,419,152,231
371,419,152,231
377,412,156,239
381,424,148,225
387,426,124,221
388,439,122,217
388,434,122,228
390,432,118,233
379,420,118,233
379,426,118,245
379,414,130,245
386,414,130,245
383,418,130,228
385,417,125,227
380,412,133,222
385,411,133,218
385,411,133,218
385,400,133,218
391,402,137,214
391,402,137,214
388,402,144,214
388,402,144,214
388,402,144,214
394,400,147,218
381,402,159,214
381,403,159,192
384,407,153,185
376,407,153,185
368,416,153,185
368,416,153,185
375,414,156,189
375,414,156,189
375,414,156,189
375,409,156,198
375,409,156,198
375,409,156,198
375,419,156,198
375,419,156,198
383,419,156,198
382,417,159,202
381,415,162,206
381,415,162,206
381,415,162,206
381,415,162,206
384,413,173,210
384,413,173,210
386,415,162,186
386,415,162,186
386,424,170,195
385,422,141,209
384,420,144,213
377,409,147,228
377,414,151,235
385,421,145,234
387,424,141,240
387,424,141,240
387,424,141,240
387,424,141,240
387,424,141,228
387,424,141,239
387,424,148,239
387,424,152,227
387,424,155,216
387,424,161,227
395,424,168,227
395,424,171,227
397,426,165,223
399,428,149,219
399,428,140,241
399,428,129,241
401,431,127,236
401,431,129,243
400,429,135,243
400,429,139,253
400,429,142,252
400,442,142,239
400,442,142,239
400,430,142,239
400,442,148,229
400,442,149,227
399,440,157,232
399,440,157,232
398,438,163,237
398,438,166,237
398,438,168,237
400,441,160,232
402,444,142,227
404,446,139,223
403,444,142,227
402,442,138,232
401,440,141,237
400,438,144,230
400,438,144,230
402,441,148,225
402,441,148,225
402,441,148,225
402,441,148,225
402,430,155,225
402,430,155,225
412,432,152,221
418,432,152,204
421,434,156,186
421,434,156,175
423,445,153,173
419,449,147,174
416,446,150,181
415,444,147,179
415,444,150,186
406,442,159,198
405,440,162,214
413,440,162,219
413,440,162,219
413,438,162,234
413,438,162,234
421,438,162,234
424,454,156,193
426,456,153,180
412,458,156,194
403,458,152,196
397,450,155,218
397,450,155,227
397,450,152,227
397,450,155,241
397,450,155,246
397,450,155,248
405,450,152,255
404,448,151,247
404,448,157,247
406,463,154,230
408,455,151,236
400,455,151,248
384,453,154,253
384,453,154,253
384,453,157,253
392,453,154,253
392,453,154,252
392,453,154,252
392,453,162,265
392,453,162,252
392,453,162,252
392,466,162,239
394,457,151,246
394,469,151,234
394,457,143,257
394,457,143,256
394,457,143,256
394,457,143,256
393,455,146,248
392,466,149,240
392,466,149,240
399,464,152,245
399,464,152,233
407,464,152,210
407,464,152,200
407,474,152,181
402,476,156,186
393,474,159,200
393,464,159,210
392,462,162,214
392,462,162,203
400,462,154,213
402,464,151,219
402,464,151,219
402,464,151,228
401,462,162,226
401,462,162,211
403,464,159,197
405,466,156,193
396,466,156,213
395,464,143,228
392,460,149,236
400,461,149,248
400,461,156,247
400,461,156,247
408,461,156,247
416,461,156,247
416,461,156,247
416,461,156,247
416,461,141,247
415,459,137,252
414,457,133,244
414,457,147,244
413,455,143,249
412,453,146,241
412,453,153,253
412,453,161,253
412,453,161,240
412,453,161,240
412,453,145,240
414,456,128,235
413,454,124,240
413,454,124,240
412,464,126,245
412,464,132,245
412,464,139,245
411,462,142,238
410,460,145,243
410,460,145,243
410,472,152,219
410,472,160,208
410,472,160,208
410,472,160,198
412,474,157,175
414,476,154,172
405,476,154,190
405,467,154,190
413,467,146,190
413,467,146,209
413,467,153,209
413,467,153,219
415,469,150,226
415,471,150,224
415,476,158,219
424,481,140,190
424,481,140,190
426,483,133,186
412,483,135,215
406,483,140,215
419,481,126,219
419,492,126,219
419,492,126,219
426,505,130,204
428,507,146,210
428,507,150,210
428,507,136,210
430,509,144,206
432,511,141,202
432,511,141,202
432,511,127,201
431,499,130,215
431,499,130,215
431,499,137,215
433,490,147,222
433,490,151,230
433,490,163,230
433,490,163,230
433,490,152,230
433,490,137,230
433,490,134,230
433,490,132,230
432,488,129,232
432,488,129,232
432,488,142,232
432,488,142,232
434,480,150,238
434,480,158,238
434,480,161,238
434,492,161,226
434,492,161,226
434,492,153,184
434,488,145,189
434,483,145,193
436,485,142,198
433,481,148,195
432,479,143,199
432,479,150,219
434,481,147,237
434,481,150,239
434,481,156,236
434,481,162,236
434,481,162,236
436,484,151,198
438,486,141,202
431,486,148,204
430,484,143,208
429,482,140,219
429,482,137,223
429,482,139,223
429,482,148,234
429,482,153,234
429,482,156,234
429,482,161,234
429,482,158,234
437,482,135,234
437,482,133,234
437,482,130,234
437,493,125,222
440,487,123,224
440,487,130,224
440,476,140,235
442,479,144,241
442,479,157,241
442,491,169,229
441,489,179,222
443,491,175,218
445,493,126,225
448,498,121,216
448,498,140,222
448,498,140,222
447,496,155,219
446,483,161,230
446,483,161,230
446,483,161,230
446,483,161,230
446,483,161,230
446,483,161,230
446,483,161,230
446,483,169,230
446,483,169,230
446,483,169,230
446,495,160,218
446,495,160,218
446,495,160,218
446,495,160,218
446,495,157,207
446,495,157,207
445,493,150,211
444,491,145,215
443,489,145,219
440,485,151,219
437,481,151,214
434,475,155,212
431,471,161,221
428,467,160,216
428,467,160,208
428,467,160,208
430,469,157,204
432,481,154,200
434,482,151,227
437,487,145,218
439,489,142,214
441,491,139,221
441,491,139,221
440,478,142,224
439,476,145,228
436,472,151,214
433,468,142,212
433,468,135,201
435,470,139,197
435,470,132,197
437,481,129,193
437,480,129,203
434,483,130,205
430,485,133,211
421,481,138,209
418,477,138,206
418,477,137,206
418,487,130,196
416,483,135,204
419,487,130,196
419,497,130,196
419,497,130,196
413,497,130,196
415,499,127,192
409,489,127,192
410,491,125,197
410,491,125,197
410,491,125,197
410,491,130,199
410,491,131,199
410,493,131,195
412,493,128,193
411,491,138,197
413,493,135,185
413,482,142,195
415,480,139,195
418,480,139,195
415,476,139,199
422,476,139,189
422,476,139,189
422,476,139,189
422,476,139,189
419,472,145,178
418,470,148,182
415,476,154,171
412,473,160,178
411,471,163,173
411,471,163,173
411,471,163,173
411,471,163,173
414,475,162,166
416,477,156,163
415,476,152,166
412,473,149,173
409,470,143,162
402,462,146,162
404,454,143,176
404,454,150,174
397,451,150,177
397,449,158,178
397,447,158,184
397,447,166,184
397,447,174,184
397,447,174,175
406,447,165,175
406,447,157,175
406,447,157,175
406,447,157,175
405,445,160,188
404,443,171,192
403,441,174,196
402,449,177,181
427,451,155,181
426,454,158,189
425,460,161,185
424,458,164,189
424,458,164,189
424,464,164,174
424,469,164,178
424,469,164,178
424,464,164,174
418,462,161,175
418,462,161,184
418,468,161,169
418,463,161,174
418,463,161,174
417,462,164,177
408,458,167,174
416,456,163,178
416,456,163,174
415,456,164,171
414,455,167,174
413,454,170,177
413,454,170,168
413,454,170,168
439,446,145,176
439,446,152,167
439,446,144,167
439,446,144,167
439,438,144,175
439,438,148,172
439,438,143,166
439,438,143,166
439,434,150,172
439,433,150,171
439,433,150,171
454,430,135,174
454,430,135,174
454,430,135,174
454,430,135,192
453,436,145,188
453,428,145,196
453,436,145,188
453,438,145,186
453,438,145,186
453,438,145,186
453,438,145,186
455,440,148,186
452,444,148,186
451,446,151,183
465,452,139,179
464,450,142,183
463,452,145,183
463,452,145,187
463,448,145,187
463,455,145,183
463,457,145,187
465,459,142,174
464,450,145,160
461,447,151,166
475,437,154,161
479,421,155,162
486,409,150,157
490,396,159,167
490,377,159,167
490,366,151,193
478,363,157,191
473,358,151,183
464,365,154,169
466,375,151,150
450,383,159,150
440,382,162,153
430,389,165,148
418,386,181,146
415,398,179,137
413,404,183,126
411,403,187,129
411,403,187,129
411,403,187,129
411,403,187,131
413,404,192,131
415,405,188,129
417,406,193,131
419,407,189,140
421,409,185,140
419,408,189,146
419,408,189,146
419,408,189,146
419,408,189,146
417,407,193,142
417,407,193,142
419,409,189,139
419,409,189,139
419,409,189,139
417,401,193,149
415,400,197,152
413,399,201,155
413,399,191,155
411,398,195,150
413,400,179,170
418,414,162,176
420,410,151,210
417,418,149,218
422,424,140,215
425,437,135,217
428,441,124,199
428,441,124,199
428,441,124,180
428,450,124,180
428,450,124,180
427,448,126,184
427,457,126,175
427,457,126,175
427,457,139,175
426,446,142,179
433,446,142,179
432,444,138,183
439,444,138,183
439,444,138,183
439,444,145,183
439,444,145,192
439,444,145,192
441,446,157,188
443,448,154,175
445,459,151,163
448,462,151,157
450,464,141,162
450,464,132,162
449,455,137,173
448,454,140,176
448,454,140,204
450,456,144,210
450,456,144,210
450,456,151,210
450,456,151,210
450,456,151,210
450,467,151,200
452,469,141,160
455,464,136,178
441,464,129,187
441,464,129,206
447,464,116,205
446,462,118,219
452,462,118,219
455,467,113,232
456,470,111,227
456,470,117,238
462,470,123,226
463,472,121,222
458,474,125,218
459,476,129,225
452,476,122,225
452,476,122,225
463,474,118,230
463,474,118,230
469,474,122,229
464,476,128,236
464,476,134,236
464,476,134,236
464,476,134,224
467,492,123,204
468,494,115,210
468,494,104,210
468,494,94,210
467,492,86,214
467,492,82,214
467,492,82,214
468,494,80,221
469,496,86,217
469,496,86,217
471,500,83,219
471,500,83,219
463,500,92,219
458,500,92,219
459,513,90,204
455,513,95,204
449,511,102,208
449,511,102,208
445,523,105,194
445,523,116,194
446,525,120,190
447,527,124,186
448,529,122,182
448,529,141,182
451,524,136,175
453,526,140,163
453,518,140,171
446,518,140,171
443,515,132,178
441,503,129,185
440,502,126,180
438,508,131,196
437,506,134,200
450,506,127,200
469,506,115,200
469,516,115,200
469,516,130,200
469,516,133,200
471,518,130,177
465,500,130,177
459,500,130,195
451,508,133,189
451,508,120,198
450,506,122,212
455,504,118,216
455,515,118,205
455,505,124,215
454,503,126,217
461,505,124,213
462,507,122,209
462,507,122,209
462,507,116,209
445,497,122,219
445,508,122,208
445,508,122,208
451,498,116,218
451,498,122,218
452,511,126,203
452,511,132,203
452,511,132,203
454,513,129,199
456,515,108,195
456,515,108,205
456,515,97,205
455,513,89,207
454,511,91,209
452,507,95,210
453,509,98,205
454,511,96,205
454,511,101,207
454,511,101,207
454,511,101,207
454,511,101,207
454,511,96,207
454,511,96,207
454,511,96,207
454,511,96,207
454,511,96,207
455,513,100,203
456,505,101,209
459,507,105,205
460,509,108,211
461,511,119,207
461,511,129,207
463,513,132,174
463,513,137,157
465,523,135,149
465,523,135,158
454,518,132,167
453,517,142,170
455,519,139,165
454,518,142,168
454,526,142,176
461,526,142,176
461,526,142,176
461,534,142,159
463,520,139,164
449,520,142,172
442,522,136,161
441,505,131,181
440,503,128,185
439,501,128,219
454,503,116,215
455,505,114,211
455,516,119,200
456,518,118,196
457,520,116,200
458,522,114,196
453,514,112,206
444,512,103,200
439,512,103,208
439,512,107,208
439,512,114,208
438,510,125,210
438,510,125,210
440,512,123,206
440,512,119,206
439,510,109,210
431,510,104,210
438,559,91,157
430,558,93,160
430,558,98,160
429,557,100,163
430,559,103,160
429,558,110,162
428,557,112,157
428,549,118,165
427,540,120,176
427,540,120,176
432,538,116,180
432,538,116,171
431,520,118,192
431,520,118,192
431,520,124,192
431,520,144,192
433,522,148,153
435,524,145,150
438,527,139,151
433,530,134,160
426,530,134,160
428,532,131,149
426,529,136,161
439,528,132,178
439,536,132,174
441,538,129,154
441,538,129,139
440,537,125,135
404,543,128,145
410,542,135,148
431,542,112,163
430,541,114,174
430,541,121,174
437,543,123,171
438,545,121,175
439,547,119,172
436,551,114,165
429,551,114,165
427,548,112,172
421,548,119,172
438,547,109,173
439,549,107,162
440,519,110,193
441,521,108,189
440,519,110,193
440,519,110,193
428,517,112,197
428,517,112,197
427,515,108,201
426,513,114,195
427,515,125,191
425,511,130,199
425,511,130,199
425,511,133,189
425,511,137,189
425,511,144,189
425,492,148,198
425,492,151,198
425,492,156,198
425,482,159,179
425,482,159,170
422,479,157,177
419,476,149,193
419,476,137,193
419,476,140,193
418,484,143,187
418,484,143,187
420,486,140,202
422,488,144,208
424,490,141,204
424,490,134,204
413,488,134,218
422,486,121,222
428,497,114,211
428,497,114,211
440,499,112,207
441,511,110,203
425,511,110,203
425,511,110,203
425,511,110,203
425,511,116,203
430,509,118,207
430,509,118,197
430,509,124,197
430,509,130,197
429,507,133,201
427,503,138,199
426,511,141,183
426,511,134,183
426,511,134,183
426,511,134,183
425,509,137,187
432,509,136,187
432,509,136,187
432,509,138,187
432,509,138,187
432,509,136,187
432,509,133,187
432,509,134,187
432,509,137,187
432,509,137,187
432,509,137,187
432,509,137,187
432,509,137,178
432,509,137,178
432,509,137,178
432,500,144,187
431,498,147,191
431,488,156,164
433,490,151,161
433,490,151,161
426,492,141,166
426,492,127,174
425,491,130,186
425,491,130,186
424,489,140,181
426,491,143,195
426,491,144,195
429,495,136,196
431,497,128,192
433,499,125,179
419,497,128,192
415,499,125,188
415,499,125,197
440,497,110,181
448,506,110,181
456,506,110,181
456,506,110,181
453,510,106,174
430,510,106,174
429,527,108,177
428,525,110,181
446,514,112,185
445,511,117,192
446,513,115,188
445,511,110,192
445,511,106,192
445,511,102,192
444,509,100,196
442,505,106,204
461,515,101,175
467,513,103,179
473,511,105,174
480,511,105,157
481,483,114,178
481,483,120,178
479,463,125,194
478,443,128,198
483,439,133,206
482,437,136,210
482,437,136,171
482,446,136,154
482,446,129,154
458,445,132,173
450,444,135,167
476,441,108,165
474,430,125,190
479,438,125,175
473,438,125,175
454,438,131,184
446,438,131,184
449,442,126,177
468,442,103,195
478,440,100,189
478,440,100,189
478,440,100,189
479,442,98,194
474,452,98,184
474,452,98,184
479,452,98,184
480,454,92,180
480,454,94,180
482,458,88,180
476,460,83,191
465,460,85,187
465,460,86,187
464,458,92,191
464,458,101,191
463,456,108,176
462,445,110,189
461,443,118,193
456,436,122,198
455,434,137,192
451,429,139,176
451,438,137,159
447,433,133,169
450,437,123,179
449,435,118,192
448,433,126,188
447,431,129,190
447,431,129,200
447,431,123,200
447,431,117,210
447,431,117,221
447,431,117,221
447,431,117,221
447,431,117,221
447,431,117,221
476,464,95,199
476,494,95,162
471,486,105,179
471,486,105,179
476,486,105,179
471,486,105,179
470,484,96,174
469,483,93,177
468,481,96,172
476,483,104,161
483,467,109,178
484,469,107,175
485,471,116,172
486,473,120,153
481,460,118,150
474,451,126,161
474,443,126,169
460,443,126,177
459,441,116,181
459,441,116,172
458,440,118,193
458,440,118,213
457,438,114,217
457,438,114,217
457,438,114,223
456,436,116,221
456,436,116,221
456,436,116,221
456,436,116,221
456,436,116,221
462,436,121,221
486,447,104,199
486,447,104,199
487,459,102,195
483,461,100,191
482,459,102,195
482,459,102,195
489,457,104,199
496,455,111,203
504,455,111,193
504,455,122,193
504,455,122,175
504,447,122,165
503,446,124,160
496,446,125,168
487,445,129,171
491,445,125,179
502,445,113,170
500,442,118,177
501,444,110,183
501,444,110,192
488,440,117,200
498,438,105,214
497,436,97,217
497,436,97,217
498,438,95,213
498,438,95,224
498,438,95,235
497,436,102,217
497,436,107,217
498,438,110,224
499,440,103,220
509,462,88,199
509,462,84,199
505,462,88,199
510,464,90,195
514,462,107,199
513,460,109,183
500,457,131,171
502,459,128,160
502,459,128,160
490,459,137,168
487,458,136,171
495,458,126,180
508,448,114,175
510,457,110,175
498,455,123,188
489,455,128,197
483,455,126,197
486,455,115,197
491,455,100,197
495,453,102,201
496,455,100,197
484,457,118,202
497,457,108,202
521,438,97,211
521,438,97,211
521,438,97,222
521,438,88,222
521,438,75,222
508,440,90,218
509,442,107,214
500,455,128,190
500,445,148,209
497,441,154,208
493,445,163,169
492,444,150,163
489,441,150,170
496,457,136,156
495,456,125,165
495,456,125,151
508,464,118,151
513,471,110,170
504,475,117,163
504,475,106,171
504,475,106,180
505,477,104,167
505,477,99,167
506,471,97,172
506,471,102,172
511,471,106,172
512,473,110,169
512,481,116,161
512,481,110,161
511,480,106,164
511,480,101,164
511,480,101,164
511,480,106,164
511,472,117,164
511,472,123,172
510,471,125,143
509,463,128,146
511,465,119,143
500,465,119,143
493,472,119,143
494,488,117,126
506,482,106,132
506,482,106,153
502,484,104,157
498,486,102,162
497,477,104,165
497,477,115,157
497,469,121,165
497,461,127,173
503,461,121,173
503,461,115,173
503,461,121,181
502,452,123,189
502,452,116,193
502,442,111,203
502,432,105,203
503,434,114,199
511,448,121,191
511,448,127,181
511,448,127,181
511,448,127,147
504,462,130,150
504,462,130,143
498,469,130,136
491,462,130,157
504,462,117,149
511,464,104,153
512,466,102,174
502,466,107,183
497,466,107,174
496,465,109,177
500,462,107,166
494,461,120,169
488,461,132,169
488,461,132,169
501,469,119,161
508,479,117,150
508,479,117,153
508,479,117,159
508,479,106,165
508,479,100,157
513,471,100,165
513,471,111,157
512,470,124,160
513,472,122,157
507,464,135,157
507,456,122,142
507,456,116,142
491,458,123,160
496,457,114,155
496,457,108,155
485,465,108,163
486,467,106,176
481,467,106,176
480,465,108,171
479,464,110,174
479,464,114,174
479,464,114,174
472,464,121,175
484,471,118,160
495,470,108,163
495,470,113,163
489,478,119,155
494,477,104,158
494,477,109,158
494,477,116,158
494,477,118,158
502,479,130,140
493,469,142,161
492,468,131,141
485,461,131,141
485,461,124,148
473,463,128,145
471,460,126,151
472,455,124,155
491,455,101,163
476,457,116,168
472,459,114,173
469,459,111,173
476,456,101,182
484,456,101,180
474,456,111,171
474,456,117,171
479,455,113,174
479,455,119,174
479,446,119,174
478,445,121,186
478,445,120,186
478,445,116,186
478,445,109,186
478,445,109,177
479,447,130,174
481,440,133,180
483,442,136,167
483,442,134,151
482,441,132,154
482,441,125,162
475,451,123,167
481,468,111,143
490,464,106,144
485,464,106,144
482,467,114,160
478,469,110,149
483,468,106,160
481,465,99,158
480,464,97,153
475,464,101,153
475,464,101,153
480,464,106,153
491,482,99,135
486,482,104,135
486,482,104,149
478,481,106,160
477,480,103,155
476,479,95,158
482,481,98,155
482,481,98,155
483,483,96,152
476,475,101,168
478,479,97,161
466,476,101,168
466,476,101,168
466,468,101,176
465,466,103,180
465,466,103,180
464,464,105,184
464,464,105,175
464,455,105,184
464,455,110,193
464,455,110,193
464,455,110,183
464,455,110,183
464,446,110,202
464,446,110,202
464,446,110,201
464,446,110,201
464,446,110,201
462,442,108,189
459,438,109,191
459,420,109,200
460,414,102,196
466,400,95,192
466,385,95,192
466,370,89,165
466,371,89,141
466,365,95,115
476,332,98,137
485,346,111,134
494,348,128,148
503,372,128,148
509,410,144,117
509,439,144,117
501,461,147,102
490,483,153,86
478,484,150,84
462,477,153,86
457,472,150,88
456,458,141,90
448,445,144,90
448,431,144,99
450,424,142,97
441,422,148,106
443,423,145,104
453,431,139,96
469,428,134,99
465,432,141,102
464,429,143,104
464,429,146,104
466,435,140,97
465,434,137,99
464,437,134,99
458,441,137,99
457,446,134,100
451,455,138,96
454,461,138,101
451,467,138,101
451,473,138,96
455,476,133,96
443,481,143,97
453,484,135,93
453,484,135,93
452,483,135,100
451,482,135,102
450,481,137,104
449,480,140,106
448,479,150,108
452,477,141,112
451,476,144,108
448,474,150,118
447,473,177,120
449,474,157,137
468,476,146,141
468,476,146,141
468,476,153,141
470,478,150,138
470,471,150,145
473,474,151,139
473,466,151,146
472,457,154,149
472,456,154,142
466,442,160,162
466,433,159,162
498,424,130,162
501,419,125,156
499,409,130,162
495,405,138,163
498,400,141,149
502,397,138,147
501,388,141,150
500,372,145,161
513,369,135,152
513,369,135,160
513,375,132,160
513,383,132,160
515,392,132,157
508,400,132,157
499,398,142,152
494,402,143,153
488,411,140,150
477,416,146,156
476,423,143,151
481,435,140,149
483,437,137,146
478,432,141,150
480,434,138,154
480,434,138,154
480,434,138,162
480,434,138,162
480,434,138,162
480,434,138,162
480,434,138,162
480,434,138,162
480,434,138,162
480,434,138,162
480,434,138,162
480,434,138,162
482,444,135,159
472,447,143,161
475,458,139,155
477,459,136,152
472,468,133,149
474,470,130,153
474,470,130,153
474,461,130,162
466,458,137,164
460,457,144,158
450,453,149,157
447,452,150,157
447,454,147,154
448,457,145,155
452,457,144,162
458,454,137,162
461,457,132,156
460,448,135,167
460,448,135,159
447,448,149,159
449,450,146,156
451,452,143,161
451,452,143,161
451,452,136,169
451,452,136,169
451,452,136,161
451,452,143,161
450,451,146,172
449,450,142,175
449,459,142,166
449,459,142,166
449,459,142,166
449,459,142,166
456,467,142,166
456,467,142,158
456,467,135,158
456,475,135,150
458,477,132,147
453,479,135,151
453,471,135,159
453,471,135,159
452,470,131,162
450,467,136,153
448,456,141,159
457,458,138,156
454,455,144,162
453,445,147,165
453,445,140,165
450,442,146,172
450,442,146,163
450,442,146,155
450,442,146,155
450,442,146,155
452,444,143,152
452,444,143,152
454,453,140,149
454,453,140,149
454,453,140,156
456,455,137,161
445,457,147,158
447,458,144,164
450,463,145,164
445,465,142,161
448,468,136,163
452,473,128,162
443,470,133,169
441,467,138,176
438,473,137,174
440,475,134,171
439,474,137,174
439,474,130,174
439,483,130,165
441,485,127,162
412,482,150,167
425,481,134,164
425,481,134,164
425,481,127,164
411,488,143,158
411,488,143,158
410,487,146,169
410,487,139,169
410,495,139,161
410,495,139,161
410,495,145,161
410,495,150,161
420,497,144,158
419,496,145,153
419,488,152,161
419,488,152,161
419,488,160,161
416,476,166,160
415,466,169,163
414,456,172,166
414,456,172,166
416,458,169,155
418,460,174,152
418,460,174,152
418,460,174,152
418,460,174,152
418,460,179,152
418,460,183,152
418,460,185,152
418,460,183,152
418,460,187,144
418,460,192,144
416,459,196,147
416,459,208,147
416,459,212,147
416,459,216,147
416,459,216,147
416,459,216,140
416,459,216,140
414,458,209,136
410,446,213,141
408,435,210,144
406,431,203,140
402,426,200,139
415,431,176,127
406,429,186,131
404,424,188,142
394,439,188,124
389,443,184,119
381,453,182,115
377,460,175,113
372,464,176,114
384,474,160,105
384,474,160,100
400,474,144,100
399,468,147,102
398,467,150,104
400,468,147,102
400,468,147,106
400,468,147,102
400,473,147,102
393,473,147,102
393,473,147,102
392,472,150,104
391,471,153,106
390,465,156,108
390,465,148,108
390,465,148,103
390,465,157,103
390,465,155,103
390,461,158,107
390,459,158,111
390,465,161,103
390,465,163,103
390,465,163,103
390,465,163,103
390,465,163,103
389,464,166,105
388,463,169,107
388,463,169,102
387,462,172,104
389,463,169,102
397,463,169,102
396,462,163,99
396,462,163,99
393,460,170,103
385,449,167,112
385,445,170,112
389,439,172,114
387,435,177,116
397,430,176,117
406,425,180,117
419,418,181,119
417,417,192,121
417,411,201,127
428,415,207,138
445,407,201,154
454,418,201,170
447,435,219,176
449,461,220,176
454,480,222,186
456,506,214,173
456,529,209,173
441,539,213,180
449,560,190,159
455,566,172,153
445,566,169,153
429,566,176,153
419,566,176,153
424,566,166,153
421,565,162,153
430,568,156,144
430,568,148,144
430,568,148,144
430,568,148,144
429,567,151,147
429,567,151,147
429,567,151,153
431,569,148,144
433,571,152,148
435,573,149,131
435,573,149,131
435,573,149,131
435,566,149,150
435,566,149,151
435,566,149,151
432,555,155,165
431,554,150,166
430,553,161,163
429,552,164,166
428,551,167,161
425,548,165,168
425,548,173,159
427,550,170,141
424,547,177,134
428,550,170,140
421,552,167,151
421,544,160,157
435,533,157,167
434,523,160,184
436,525,157,189
436,525,157,189
435,523,160,183
432,520,158,181
435,524,152,174
450,523,141,170
449,522,136,171
451,524,133,168
453,526,130,157
453,526,130,149
455,528,133,146
457,530,130,143
457,509,130,166
456,508,133,161
455,499,136,155
445,502,144,156
448,505,138,143
450,507,135,147
453,510,130,141
456,513,131,136
455,505,126,139
455,505,124,132
454,504,124,135
452,474,124,162
451,473,113,157
450,472,115,160
450,457,110,160
449,456,106,163
450,450,104,160
450,443,104,160
448,425,106,174
446,414,105,181
443,401,110,192
442,391,109,206
447,392,105,200
456,380,96,198
453,366,98,209
452,367,98,202
479,359,70,202
480,354,65,198
475,395,65,159
471,389,72,159
467,388,73,162
466,402,76,138
461,399,79,144
460,396,82,150
460,396,82,150
461,398,80,147
461,398,80,147
461,398,80,147
460,397,82,150
460,397,82,150
460,397,82,150
459,396,84,153
454,396,89,147
459,396,84,153
459,396,84,145
459,396,88,145
458,395,90,148
457,394,97,151
466,393,89,154
466,393,89,146
465,392,96,149
464,391,93,144
463,390,95,140
462,389,92,136
460,387,96,134
458,378,100,139
455,374,106,141
457,377,97,136
454,373,98,137
457,371,92,129
463,386,88,112
465,388,85,108
465,388,85,108
465,388,85,108
464,387,83,110
463,386,85,112
463,386,85,112
463,386,85,112
463,386,89,112
463,386,89,112
463,386,89,112
463,386,89,112
463,386,89,112
462,385,94,114
477,385,79,114
477,385,81,114
476,384,80,116
475,377,78,118
474,376,78,120
474,376,80,120
475,377,76,118
477,380,72,113
479,382,68,109
473,381,72,111
475,383,70,107
471,384,69,105
467,385,71,116
465,386,71,116
462,387,70,114
452,388,77,116
449,390,78,115
447,392,79,113
443,391,84,117
444,391,85,120
441,391,87,120
438,392,89,120
436,394,91,119
432,395,93,115
429,394,94,113
429,392,88,114
433,391,90,110
434,392,88,108
433,405,83,102
435,397,88,108
436,398,86,106
434,389,87,124
432,392,88,119
431,401,87,118
434,406,82,117
430,406,82,117
421,409,86,112
421,408,86,114
417,408,88,114
418,408,81,114
413,408,85,114
415,410,82,110
409,411,82,108
411,411,80,108
409,404,83,112
405,389,85,127
405,351,85,170
404,350,87,173
404,357,87,156
404,363,87,156
404,369,87,156
403,366,89,159
403,373,93,153
402,367,95,156
401,372,97,155
405,384,104,143
421,390,104,140
427,392,100,143
433,398,104,145
441,406,106,148
449,414,104,151
446,428,120,152
453,444,120,152
451,447,135,158
449,461,143,164
430,474,167,166
421,494,167,166
406,509,174,180
378,532,200,180
362,553,207,161
346,564,206,152
327,579,215,138
308,586,223,133
299,598,233,118
294,607,228,113
292,617,224,100
282,611,183,102
284,612,182,100
289,615,163,99
288,614,166,101
277,612,173,105
276,604,176,107
276,596,215,118
273,584,206,133
275,568,207,148
275,550,209,167
271,523,222,192
282,498,227,204
289,478,236,188
303,451,236,180
319,415,226,171
322,365,234,178
330,318,232,181
339,267,232,167
341,218,235,161
359,184,218,153
379,145,197,145
364,91,209,154
354,53,209,154
342,16,213,165
346,1,198,139
331,4,190,121
327,2,184,97
335,4,162,83
335,1,141,77
332,1,147,73
329,5,150,74
335,7,150,74
345,1,165,78
345,4,171,104
347,3,168,117
354,3,165,132
359,3,161,153
359,3,164,154
362,2,165,158
363,3,168,173
369,4,162,187
381,16,156,173
381,28,159,166
379,38,163,171
379,38,163,171
379,47,163,171
379,56,163,171
379,65,163,171
379,74,163,171
379,74,171,171
379,83,171,171
379,92,171,171
381,105,168,168
381,123,168,168
381,141,175,168
393,151,166,176
399,164,166,164
402,178,170,165
401,193,173,163
400,200,167,158
400,204,164,154
396,204,163,150
394,203,163,152
391,200,165,155
391,200,165,153
388,197,169,151
388,197,162,143
388,197,162,150
380,197,166,150
377,197,165,150
372,199,168,147
373,199,168,147
373,199,168,154
368,204,171,151
369,204,172,151
371,210,176,152
374,215,174,153
374,218,174,147
379,220,171,144
386,220,165,144
385,220,170,144
385,213,175,159
385,213,175,159
385,213,175,151
388,213,170,151
388,213,171,159
390,215,172,156
390,215,172,156
390,215,172,156
397,215,165,148
397,215,165,148
397,215,165,148
397,215,165,155
396,214,168,158
393,211,165,164
391,210,163,151
388,210,162,151
385,221,163,145
385,219,167,145
390,218,165,147
392,220,165,146
395,221,162,153
391,221,165,154
401,221,156,154
401,221,156,154
401,221,156,154
390,223,164,151
393,223,161,151
393,226,171,151
391,225,185,148
394,225,190,155
390,225,196,163
394,228,193,155
394,225,189,155
398,225,186,155
407,227,178,160
409,229,175,157
411,231,181,154
411,231,181,154
411,231,181,154
413,233,177,151
413,233,177,151
415,235,174,148
417,237,173,145
416,239,172,142
416,233,174,157
419,239,177,148
419,239,184,142
419,239,193,142
419,239,193,142
419,239,193,142
419,239,193,142
419,239,193,142
421,241,189,139
423,243,185,136
425,245,181,140
425,245,181,140
425,245,190,147
425,245,190,147
423,244,201,150
421,243,207,138
419,235,211,141
417,234,204,144
417,234,188,144
417,234,184,144
419,236,180,148
430,238,176,145
430,238,176,145
430,238,176,145
430,238,185,152
430,238,194,152
430,230,194,152
430,238,184,152
421,238,184,152
423,233,180,149
423,233,180,149
423,233,180,149
423,233,180,149
423,233,189,149
423,233,198,149
433,233,196,149
433,233,193,149
433,236,178,146
433,233,174,149
433,233,168,149
435,235,165,146
433,234,165,156
433,242,168,148
433,242,172,148
433,242,179,148
433,242,188,148
433,242,188,148
433,242,188,148
433,242,173,148
424,242,179,148
424,242,179,148
424,242,179,148
424,242,179,155
424,242,179,147
422,241,183,150
422,241,190,150
422,241,202,143
420,240,206,139
418,239,210,142
418,239,210,142
418,239,200,142
418,231,190,149
418,231,179,154
420,232,177,153
420,233,177,157
420,236,177,157
418,240,190,142
418,240,200,142
418,240,210,142
420,242,202,139
422,239,192,156
424,239,179,159
426,240,175,161
428,242,175,163
430,246,177,163
431,252,177,157
434,252,179,154
434,260,186,151
434,260,188,154
434,260,188,154
434,260,188,154
434,260,179,154
434,260,179,154
436,270,175,143
436,278,175,143
438,288,172,140
447,289,163,140
449,301,152,137
449,318,152,137
448,334,147,147
448,355,147,147
450,374,144,144
439,394,145,152
433,405,142,149
425,413,142,149
417,413,135,149
412,431,124,136
416,431,104,148
411,437,102,145
404,440,104,146
394,442,108,146
390,442,103,149
383,448,103,147
386,443,99,150
386,438,99,150
383,432,105,150
382,425,112,154
379,421,119,158
380,418,117,157
379,422,121,152
378,423,123,155
376,420,132,153
393,417,117,146
393,414,122,151
391,414,121,149
390,413,123,144
390,413,123,144
389,412,125,140
390,414,123,137
389,423,125,140
393,427,118,132
388,435,122,129
374,433,130,132
366,432,140,135
357,431,143,138
348,430,146,141
365,433,120,136
359,440,126,143
353,440,132,143
352,446,142,146
351,445,145,149
348,450,143,140
358,453,130,135
360,462,127,132
363,465,128,127
366,468,123,128
351,465,137,136
354,468,132,131
356,470,129,128
352,472,132,131
345,465,139,144
338,465,146,151
338,465,146,143
338,465,146,143
338,472,146,136
338,465,153,136
338,465,153,136
335,463,159,141
332,460,157,147
331,450,160,142
328,447,166,141
327,439,161,144
327,431,161,137
329,438,158,127
346,430,142,127
346,429,135,121
348,423,132,119
355,416,132,119
357,410,123,111
354,412,118,112
354,412,118,112
347,411,120,114
347,411,120,114
347,411,120,114
346,410,122,116
346,410,122,116
346,410,122,116
345,409,124,118
333,403,130,118
332,402,133,120
334,403,130,118
333,402,141,120
336,405,144,115
339,401,142,111
339,401,142,111
339,401,142,111
339,401,142,111
339,401,142,111
339,395,142,117
338,394,145,119
338,394,152,119
338,394,152,119
338,394,152,119
338,394,152,119
330,394,152,119
338,394,152,119
338,394,152,119
338,394,152,119
338,394,152,113
337,386,163,121
336,377,166,123
335,366,169,131
343,356,169,131
342,338,181,141
342,321,190,148
358,306,179,153
365,293,183,156
360,276,194,166
360,264,194,166
360,264,194,166
368,271,188,161
370,282,195,158
370,291,193,158
370,291,193,150
381,293,189,147
387,285,187,161
389,296,183,158
391,307,179,155
393,309,184,152
395,311,180,149
395,311,180,149
397,314,176,153
397,323,176,153
397,340,167,145
399,342,172,149
403,345,165,143
405,347,162,140
404,339,165,143
404,331,165,143
404,321,165,143
396,296,173,150
398,269,170,147
398,224,170,147
397,185,164,150
400,143,158,184
402,104,155,171
401,84,152,168
399,45,152,168
388,9,152,168
376,1,155,160
369,3,155,135
374,1,147,116
386,2,138,114
387,3,138,112
387,3,138,112
377,1,141,117
383,1,144,118
388,2,150,136
397,3,149,150
400,3,147,156
400,3,144,162
403,3,141,156
410,1,138,165
411,1,141,173
412,3,147,172
419,4,144,183
424,1,142,189
434,18,138,189
446,40,135,185
461,62,143,196
474,105,133,192
474,168,138,171
474,221,138,154
466,270,141,157
452,307,149,162
442,343,145,170
428,386,146,168
428,415,137,189
415,439,132,173
405,451,132,169
399,463,124,153
393,466,122,154
386,472,122,150
379,471,131,145
376,471,134,142
374,470,135,139
382,467,130,145
382,467,130,138
382,474,137,131
381,473,140,127
380,472,136,130
379,471,139,140
378,470,142,143
385,470,142,143
385,470,142,143
385,470,142,143
385,470,142,143
385,470,142,143
385,470,142,143
385,470,142,143
385,470,136,143
385,463,136,143
384,462,139,146
383,455,139,158
383,452,142,158
383,452,145,158
383,452,148,158
383,452,148,157
383,452,148,154
386,456,142,156
367,460,151,155
378,459,139,154
383,462,134,155
383,462,134,155
383,462,134,155
383,462,134,155
383,462,134,155
383,462,134,155
383,462,134,155
383,470,134,147
383,470,134,147
383,470,141,147
383,470,141,147
383,470,147,156
383,470,150,156
383,473,150,150
380,474,153,154
371,477,162,154
369,474,165,154
373,476,165,154
382,479,155,154
365,479,171,157
385,479,152,166
385,479,152,166
385,479,152,166
385,479,152,166
384,478,163,169
384,478,160,169
383,477,159,172
383,477,163,172
383,477,166,172
383,477,166,146
383,477,166,140
382,476,169,143
382,476,169,143
382,483,162,150
382,483,162,158
382,483,158,158
382,483,161,158
382,483,161,158
382,483,169,158
382,483,169,166
382,483,169,166
382,483,177,180
382,483,177,183
386,486,177,163
390,481,163,162
392,483,160,159
382,482,147,181
382,509,147,155
404,508,122,158
404,508,122,158
405,510,120,179
408,514,115,172
406,502,120,188
394,502,126,197
394,502,126,187
394,502,126,187
394,502,126,187
394,502,126,187
394,502,126,187
394,502,126,187
394,502,126,187
388,502,126,187
388,502,131,187
387,500,137,191
381,500,149,181
380,498,152,185
379,496,155,189
386,494,143,193
386,494,143,193
386,494,143,174
386,494,149,149
386,494,142,134
368,510,136,116
361,510,136,116
363,504,133,126
363,523,133,108
376,523,114,125
376,523,114,131
387,523,120,138
388,525,118,156
396,527,116,153
397,529,120,150
398,531,124,140
398,531,137,133
401,534,125,99
394,533,116,91
369,519,126,100
338,513,132,110
325,524,132,110
346,520,105,131
346,520,105,131
345,519,107,134
362,527,100,131
361,526,102,134
360,525,104,137
360,525,104,137
371,527,107,134
373,517,103,129
375,520,107,130
372,475,122,171
372,475,122,171
373,477,120,168
373,477,132,168
373,477,139,168
373,477,139,168
373,477,139,168
373,477,139,168
373,481,148,182
373,494,153,168
373,494,153,168
375,496,174,173
377,490,171,187
377,490,171,187
377,499,147,187
370,499,147,187
363,499,147,187
363,499,147,187
363,499,147,187
363,499,147,187
370,499,147,187
377,499,147,187
376,497,150,191
375,495,159,195
375,495,162,195
375,495,164,195
375,495,161,195
375,495,144,195
366,495,138,195
365,493,134,189
365,493,139,189
365,493,147,198
372,493,144,188
374,495,145,184
374,504,152,184
374,497,152,184
373,497,155,179
372,491,158,183
371,489,161,178
368,486,168,176
365,483,175,174
362,484,182,177
360,478,186,167
358,480,200,175
358,480,200,168
358,476,198,175
377,476,180,168
377,477,180,167
377,477,180,163
377,486,180,154
377,486,198,154
377,486,188,154
377,486,197,154
377,486,178,154
377,486,161,154
377,486,145,170
392,486,137,170
394,481,134,167
394,476,134,170
393,474,144,177
392,468,147,178
392,465,156,181
392,465,170,185
401,463,175,187
399,458,183,189
397,466,196,179
397,466,186,179
399,468,164,175
401,470,161,163
403,472,143,160
403,456,143,176
439,445,102,180
440,438,100,194
446,426,89,192
451,425,88,190
456,424,83,179
462,422,85,192
468,420,83,186
470,419,86,175
476,410,84,179
483,403,76,179
494,439,68,144
497,432,62,147
496,439,65,131
496,439,65,131
496,441,65,126
496,440,61,116
495,438,59,121
495,438,57,118
492,437,55,120
494,441,53,116
487,442,59,119
484,442,62,119
474,443,64,117
469,443,64,106
465,443,64,91
448,443,82,86
421,443,90,90
412,443,104,90
405,441,108,94
418,439,96,98
432,439,78,98
432,444,78,98
433,450,76,96
433,450,76,96
434,451,75,94
442,451,75,94
442,451,75,94
443,447,74,75
422,448,73,86
403,448,85,78
384,447,92,85
393,447,92,94
411,446,77,96
410,445,79,98
410,445,79,98
427,441,71,102
427,441,71,102
427,441,71,102
427,441,71,102
427,440,72,104
427,439,69,106
427,439,69,106
424,438,67,108
424,438,67,108
424,438,64,108
424,438,64,103
424,438,64,103
424,438,67,103
424,438,64,103
438,439,57,101
442,439,57,101
441,440,62,99
446,441,64,97
444,441,66,89
444,437,67,92
444,396,70,123
458,396,56,111
445,397,65,109
416,423,87,81
396,422,98,87
392,423,96,94
392,423,96,94
409,423,78,94
414,423,78,104
420,429,76,102
436,430,61,100
441,432,59,96
439,434,63,93
433,434,66,97
425,424,67,96
417,423,68,100
404,422,72,107
376,421,102,114
384,421,84,114
392,414,86,116
392,414,86,122
393,415,84,120
402,422,82,118
402,422,82,118
401,421,84,120
400,420,90,122
400,414,90,128
409,414,81,128
409,414,77,128
415,414,76,128
408,406,83,138
407,405,85,141
406,404,87,144
415,404,75,137
415,404,75,137
414,403,77,140
414,403,77,140
437,403,63,133
438,406,61,128
442,405,62,124
410,405,92,112
412,408,88,119
398,406,92,124
397,405,94,126
406,405,85,120
406,405,85,120
432,405,66,120
433,406,65,124
434,407,64,122
438,408,63,120
438,408,63,120
447,408,57,108
410,407,92,116
404,407,92,116
379,428,91,114
349,435,111,120
349,435,111,126
350,436,109,124
361,436,98,124
360,429,105,126
359,428,107,129
356,418,114,137
367,411,93,137
369,414,93,132
367,405,97,137
365,402,101,143
374,399,90,142
375,401,88,132
379,400,84,125
376,389,86,135
382,378,84,146
385,366,91,158
392,388,88,123
396,386,92,128
400,384,82,133
405,383,88,129
410,382,90,132
416,375,81,132
422,375,81,132
413,374,83,122
406,375,89,126
399,374,96,129
393,374,96,129
393,374,96,129
399,374,96,129
407,376,94,126
435,377,79,124
444,389,77,122
461,392,74,117
473,398,82,115
486,406,82,108
498,388,73,126
499,393,76,132
501,401,73,140
500,411,69,139
492,411,75,150
499,415,77,153
498,381,79,188
