52,446,270,136
56,445,270,123
58,442,270,111
65,437,272,106
70,436,273,104
76,436,270,105
86,451,272,102
96,464,269,122
99,491,274,137
111,500,265,147
109,499,284,143
126,489,278,120
126,467,306,103
157,456,291,98
173,444,309,114
184,444,324,114
209,452,314,110
225,458,298,110
222,451,303,123
208,431,309,152
196,404,294,176
184,395,279,185
155,404,293,194
142,417,278,194
129,430,278,194
115,443,278,194
115,453,278,166
99,441,306,142
111,429,291,135
122,418,294,135
128,406,300,149
140,389,294,153
149,366,294,173
149,352,288,180
167,344,266,184
170,315,251,202
179,272,227,258
201,253,195,274
225,286,191,284
251,322,205,262
327,350,169,261
413,396,131,243
455,422,136,234
489,434,177,232
511,439,197,223
533,443,229,203
538,433,248,209
550,431,248,199
550,409,248,209
550,397,248,219
538,375,260,230
538,375,247,230
526,375,246,242
526,375,246,242
514,375,258,230
512,373,263,235
459,373,290,235
459,373,262,235
420,373,289,212
391,371,275,191
365,375,275,164
353,376,275,134
336,375,254,137
326,344,254,159
315,322,241,159
316,295,218,184
317,275,196,213
306,264,179,213
306,253,153,247
303,258,135,247
296,267,135,259
310,285,132,271
335,318,129,271
371,351,113,262
420,387,115,243
442,427,185,210
465,460,234,194
474,472,277,188
499,470,283,192
515,457,282,192
538,452,261,177
552,442,256,183
565,421,243,192
577,397,233,192
577,377,226,202
577,359,219,202
573,344,219,210
573,344,210,210
559,342,221,214
546,352,225,224
537,366,232,225
544,385,225,223
469,419,280,212
431,464,280,192
403,483,266,164
372,471,258,181
344,470,255,174
334,481,238,162
309,488,250,149
311,495,225,125
307,474,226,133
294,438,226,177
293,402,221,230
311,379,187,254
337,370,156,269
368,367,125,275
401,376,105,269
437,394,88,258
438,413,158,257
462,439,222,232
461,473,288,203
456,500,321,195
476,494,302,187
481,474,311,199
510,444,281,199
510,407,281,199
513,382,275,195
513,357,260,214
526,344,242,214
526,330,235,210
524,319,230,229
524,330,228,229
513,341,239,228
493,358,254,207
480,399,254,169
458,426,249,128
401,432,241,131
342,392,241,159
257,336,241,159
161,308,258,188
148,308,258,197
175,308,271,197
200,318,271,197
199,308,252,207
161,308,230,207
112,298,221,200
67,298,239,213
48,298,258,213
82,298,241,223
153,298,217,230
250,298,167,232
345,298,120,232
390,308,118,227
415,319,109,224
414,326,132,227
398,339,133,231
385,376,135,225
367,429,151,219
356,504,174,211
356,548,174,170
360,565,143,154
369,584,140,136
372,587,135,131
388,586,125,128
395,563,125,156
408,537,125,155
416,496,105,152
418,452,105,152
413,407,110,168
419,385,104,159
420,370,103,166
420,370,105,156
418,378,109,154
418,398,109,141
420,420,98,130
419,444,109,135
419,463,102,144
412,486,111,144
405,501,111,146
406,510,109,152
398,514,113,158
397,513,117,168
392,500,123,172
392,483,119,179
392,474,123,167
370,458,142,160
384,438,128,160
388,414,123,157
388,397,116,147
386,368,118,153
390,329,115,163
394,287,105,190
380,241,110,216
347,196,127,240
315,198,168,208
315,201,179,177
347,202,188,173
381,227,207,164
391,295,240,123
406,341,230,88
381,353,245,81
344,301,235,140
307,233,222,217
269,184,222,264
291,145,200,277
304,129,190,291
336,113,162,282
340,107,170,282
355,104,152,274
365,104,143,276
364,104,135,273
346,115,122,276
319,137,117,254
289,148,111,264
266,176,112,238
250,213,125,186
250,264,152,133
242,299,176,115
240,338,188,150
240,355,188,201
232,394,184,217
239,415,181,244
230,452,188,244
211,465,207,239
177,490,233,172
148,506,242,108
134,484,247,99
134,453,230,93
128,386,244,119
126,329,244,152
138,299,232,133
138,274,220,126
138,264,230,117
147,252,220,117
177,261,184,154
170,282,186,173
181,301,175,200
183,324,173,212
177,347,179,221
170,371,186,232
161,393,201,231
151,420,226,219
140,432,237,197
128,442,249,178
123,447,247,168
111,455,247,152
111,455,246,137
98,457,238,133
96,453,243,117
88,447,229,105
83,438,233,90
83,429,243,86
86,423,243,81
87,406,250,88
100,391,238,92
100,363,238,104
100,336,238,115
112,327,226,115
112,327,226,115
135,345,200,77
146,331,215,94
183,342,183,118
178,354,203,124
188,354,203,161
208,360,209,168
218,367,249,168
242,378,285,168
282,395,266,152
338,412,228,156
412,403,137,151
418,394,136,139
378,387,135,132
334,379,145,209
313,372,151,216
303,353,179,229
308,338,202,264
346,323,186,269
344,305,194,279
326,285,198,255
293,249,198,245
253,222,188,240
187,207,221,245
145,194,239,244
145,181,239,244
158,180,239,220
170,165,239,209
182,148,238,198
206,143,204,178
206,155,192,138
206,168,204,145
206,204,214,176
206,261,214,203
211,318,206,222
219,361,199,250
219,404,199,260
221,434,199,230
194,462,215,157
180,473,225,88
178,432,215,104
176,376,215,132
186,323,206,157
188,280,204,181
198,252,194,181
200,240,200,177
210,240,190,151
210,241,196,129
220,238,181,130
238,251,167,130
238,271,159,158
238,297,159,182
230,333,159,182
230,356,159,210
222,380,156,227
208,407,158,229
202,421,163,236
190,446,185,227
171,457,198,224
158,457,203,224
143,459,206,224
128,464,211,213
104,468,224,195
92,469,226,179
77,467,234,161
62,461,246,147
57,454,246,131
46,449,246,120
39,442,248,100
38,437,247,87
38,432,236,74
42,423,236,66
45,408,232,63
54,393,211,75
64,377,214,86
71,363,218,99
75,351,223,120
88,348,208,130
96,352,196,127
101,369,185,130
101,407,184,128
90,450,179,120
76,479,176,141
61,496,177,154
62,494,177,154
68,469,176,153
85,440,172,148
98,410,165,144
111,386,159,146
125,367,152,146
135,351,152,151
150,340,143,154
174,319,137,159
200,299,150,169
228,285,156,178
258,261,167,188
291,247,174,188
325,240,176,188
354,227,180,190
379,224,183,190
408,223,183,189
406,227,209,184
421,230,222,177
436,233,229,177
450,241,229,173
481,246,222,173
504,250,221,177
520,261,224,171
531,276,225,171
542,284,225,171
554,302,225,160
575,315,214,154
587,327,214,154
599,342,218,148
609,355,218,147
615,369,222,144
624,385,222,144
632,405,225,144
637,423,225,144
636,425,225,144
629,410,220,142
620,384,214,137
613,365,211,133
609,355,210,134
609,350,210,134
611,350,211,134
616,353,212,135
623,358,213,135
632,365,213,135
642,374,214,136
662,402,215,127
686,452,217,130
707,529,218,137
725,603,214,115
747,676,97,43
0,0,0,0
0,0,0,0
0,0,0,0
0,0,0,0
0,0,0,0
583,664,159,54
517,596,269,120
432,526,281,183
273,448,331,185
144,382,338,204
68,356,380,188
128,356,350,196
252,356,322,196
359,356,273,196
403,348,232,188
392,329,232,196
361,315,219,216
351,312,205,220
362,335,189,220
386,346,189,247
427,336,161,257
438,325,155,257
444,314,149,267
446,317,146,262
441,306,140,262
435,285,140,262
430,284,134,262
425,284,134,262
415,284,139,262
398,283,160,251
398,222,153,265
401,147,147,292
407,116,130,304
407,116,127,287
407,128,122,292
407,152,122,292
417,169,117,297
424,169,122,297
446,163,120,297
469,151,122,316
481,154,120,304
486,151,122,316
480,172,129,309
455,210,142,303
433,237,145,297
393,264,154,303
340,267,163,309
283,267,170,321
251,257,139,334
217,257,145,333
204,257,151,326
208,270,153,339
235,283,154,345
286,283,144,359
332,290,144,331
366,290,146,338
392,290,141,324
392,290,161,318
406,293,155,312
408,296,155,306
411,302,161,294
415,291,157,306
424,288,154,300
426,291,154,294
434,294,151,288
430,286,160,293
432,289,157,287
434,292,160,281
436,295,157,275
444,298,154,270
452,290,154,275
446,301,157,275
452,290,151,275
447,301,151,264
417,322,170,234
389,362,177,176
356,341,170,190
327,332,147,179
297,334,162,175
294,363,156,168
302,403,159,152
292,434,201,146
292,446,226,135
301,416,231,160
319,393,231,160
339,383,230,173
372,397,221,153
384,431,230,100
412,415,211,112
444,389,198,139
452,374,182,139
450,359,161,150
456,335,131,162
449,312,136,190
438,304,165,190
434,304,178,190
396,294,217,190
396,283,208,190
396,287,208,175
396,280,208,175
404,280,208,175
404,280,208,175
379,290,243,175
368,287,243,175
357,291,243,182
346,302,243,189
346,313,233,204
346,328,242,212
346,340,232,220
346,352,232,211
346,352,241,219
346,361,241,228
346,361,241,237
358,355,240,241
391,355,221,231
391,361,226,213
409,365,208,181
403,364,204,177
415,366,208,167
415,386,208,151
417,403,204,150
421,398,196,162
421,398,200,156
419,384,203,159
419,377,199,159
419,377,212,130
414,366,216,138
410,357,225,138
410,346,234,150
410,334,243,159
400,328,243,165
400,315,238,172
389,315,233,193
372,313,229,197
378,321,194,205
367,313,186,222
367,317,179,222
367,313,186,240
369,316,189,235
385,312,174,230
377,310,177,225
384,310,173,225
386,308,167,225
379,308,177,243
379,308,181,243
379,313,188,238
387,318,173,229
359,318,202,243
359,323,194,229
364,332,158,224
351,337,185,233
347,337,193,233
347,322,193,248
339,318,201,243
343,313,205,229
343,313,209,220
339,307,213,211
339,303,213,215
320,296,240,215
313,290,240,224
271,299,270,219
270,286,203,246
231,310,195,256
184,359,199,256
171,385,198,246
211,369,182,251
262,337,196,261
277,316,229,231
277,298,229,213
283,270,195,217
266,244,159,230
226,230,144,248
173,231,144,263
109,255,189,268
101,298,201,268
133,320,213,273
204,343,184,272
246,343,167,278
258,355,154,255
228,357,184,246
192,356,187,241
181,332,198,222
192,320,198,222
187,339,218,209
178,376,231,181
166,428,236,174
166,484,236,154
206,496,218,139
250,445,213,153
287,357,200,209
309,253,192,264
313,195,188,285
309,182,192,279
305,195,180,285
284,235,187,252
265,280,188,233
254,329,187,206
261,352,191,205
278,340,198,218
299,325,198,231
316,310,206,244
331,310,210,244
360,320,193,254
380,320,182,269
399,339,186,280
431,352,182,280
443,358,193,274
462,367,185,268
470,370,196,263
472,373,193,263
464,373,201,262
462,370,196,262
466,373,189,252
444,376,201,256
442,374,201,256
442,374,201,256
450,374,193,256
452,377,189,256
454,375,193,262
458,380,193,252
460,373,197,257
464,378,200,247
466,373,208,272
476,370,200,267
488,370,196,267
494,368,192,262
498,363,192,262
510,358,184,262
512,361,187,267
514,359,190,262
514,365,190,272
514,365,190,272
510,359,198,272
510,360,190,261
495,343,182,261
474,303,164,266
459,285,155,271
459,263,161,271
459,274,161,250
442,274,188,240
383,270,220,221
316,285,203,196
267,242,187,212
257,235,172,188
281,240,172,166
290,240,172,166
250,244,172,166
199,268,172,166
181,302,165,169
201,337,201,153
207,363,235,141
225,345,275,178
258,345,275,193
292,353,286,185
330,397,264,142
352,421,291,123
388,420,257,116
409,396,237,150
449,378,189,112
451,375,154,118
440,353,125,121
398,334,122,199
351,316,133,200
313,305,135,204
286,296,141,212
293,288,141,200
333,278,132,200
384,270,124,204
431,269,124,196
473,261,124,196
471,240,131,208
476,231,126,200
476,231,126,200
477,233,124,196
473,231,126,200
471,231,119,200
466,237,122,196
431,216,136,200
340,177,194,212
194,128,250,224
77,65,310,262
50,65,322,262
92,96,309,223
136,100,285,219
163,91,284,223
163,64,284,236
149,45,278,251
149,45,273,251
138,46,278,260
122,57,261,260
122,51,261,266
106,57,266,260
82,62,276,255
76,67,282,250
76,67,271,250
57,78,276,240
51,78,282,240
51,78,276,240
40,78,282,240
29,78,282,240
18,78,282,240
18,83,271,235
7,88,282,221
2,80,276,221
2,80,260,216
2,71,239,215
1,71,239,215
3,63,221,211
1,63,208,206
3,68,192,211
3,101,173,199
3,151,159,194
1,231,161,179
3,317,175,152
27,439,236,253
153,449,196,271
145,449,200,260
349,407,243,240
349,407,243,240
442,388,263,188
537,332,228,163
467,314,228,157
383,304,202,187
383,304,198,187
287,308,162,195
214,428,205,133
210,425,213,135
275,477,216,149
348,486,225,229
365,490,203,134
418,415,237,194
467,386,231,165
467,382,236,165
518,379,217,209
509,379,226,217
480,386,213,221
455,391,185,212
408,389,148,208
320,377,157,238
323,377,154,238
184,385,157,215
139,404,173,198
174,423,153,186
216,400,183,223
269,387,198,236
300,407,214,209
286,384,209,221
256,369,209,217
218,359,201,225
179,369,196,225
150,397,184,212
109,436,195,199
78,445,210,229
109,502,228,202
267,494,185,202
267,494,193,202
412,393,217,227
422,385,212,214
422,385,195,214
424,384,191,178
433,354,187,182
435,322,183,178
435,322,183,178
458,283,146,174
449,283,146,174
449,283,146,174
449,292,146,174
449,292,146,174
449,292,143,174
440,280,143,174
417,285,137,229
353,347,140,263
318,390,146,263
326,384,161,253
355,318,167,273
380,279,170,290
411,255,157,290
417,255,157,290
417,243,157,290
411,243,145,290
405,243,145,290
399,243,145,290
393,243,139,290
393,243,139,290
393,243,133,290
366,277,133,290
307,330,149,284
239,498,149,220
182,621,143,95
187,670,117,47
205,659,117,59
216,594,142,124
219,519,142,198
207,453,218,240
194,403,255,249
186,376,260,249
170,365,254,254
153,365,254,254
136,375,244,234
110,370,249,239
70,348,275,244
65,318,286,244
72,285,298,244
95,264,303,230
113,239,321,225
144,230,334,225
186,248,333,207
250,270,282,207
334,307,249,207
418,367,239,183
443,378,239,183
438,375,249,190
424,385,244,194
422,414,249,175
422,428,239,175
404,448,254,165
388,435,249,168
356,398,243,171
333,344,243,184
333,297,198,199
285,257,223,224
291,227,197,242
271,220,197,237
267,215,182,252
279,215,182,252
305,215,182,252
357,217,182,252
430,218,168,242
485,237,197,242
500,270,197,214
464,290,205,197
432,290,197,189
399,290,197,197
389,306,197,189
389,298,197,189
397,280,197,189
413,265,197,189
428,255,197,181
461,252,197,181
506,259,174,167
536,263,154,148
562,271,163,134
554,267,219,142
575,269,215,156
570,302,228,172
574,337,224,198
563,355,237,210
563,378,228,210
538,392,246,210
519,411,255,210
486,460,276,209
447,508,260,205
321,595,276,118
217,640,285,79
98,642,144,76
4,642,150,76
1,583,87,137
5,507,55,195
5,437,56,150
5,305,78,162
6,176,140,182
118,123,177,182
201,123,242,142
263,134,272,131
284,123,272,126
296,102,251,126
264,91,256,140
254,112,246,124
242,141,236,124
242,201,217,105
225,290,254,123
255,362,244,123
288,403,235,128
291,414,230,125
291,405,239,135
269,378,244,144
299,332,216,182
299,278,201,205
318,245,162,205
344,163,140,222
350,136,89,231
350,104,76,240
302,80,103,260
237,126,135,270
200,217,153,275
229,311,185,286
272,358,193,269
309,367,209,264
340,324,226,281
378,289,226,281
401,257,222,275
418,227,222,275
418,199,222,275
414,186,222,275
392,173,222,275
401,160,201,275
383,149,213,275
357,149,212,275
303,171,195,275
210,215,153,286
97,249,166,286
46,226,173,297
67,178,187,297
137,142,187,274
192,120,219,233
245,120,219,206
264,111,237,190
303,119,210,182
295,122,218,179
295,126,214,175
295,119,209,182
285,119,201,182
272,126,178,174
235,168,167,160
187,180,157,164
133,206,151,167
114,238,154,181
152,249,148,204
205,249,142,184
235,253,145,177
241,262,148,181
222,291,163,177
213,333,150,191
155,370,187,212
170,386,172,220
194,373,172,220
223,368,170,216
246,345,166,216
269,333,153,207
286,314,150,203
302,299,153,186
334,272,153,182
370,254,159,179
399,242,193,172
473,262,209,155
523,272,245,136
558,302,270,168
576,338,275,157
549,354,275,170
488,352,269,174
455,336,219,183
417,318,185,183
377,293,171,206
353,280,160,206
344,284,154,194
323,296,160,194
314,327,160,190
301,352,166,194
318,354,153,194
328,329,182,210
328,318,186,210
317,301,201,227
288,312,226,227
255,324,244,227
217,324,259,227
193,299,254,222
177,255,252,208
182,180,263,217
179,127,284,208
228,109,273,184
273,124,252,156
273,124,252,156
254,113,252,156
219,113,252,156
189,125,252,182
219,161,214,213
253,229,223,196
286,331,305,181
336,382,311,181
357,398,317,174
372,379,298,185
371,386,298,192
331,400,304,196
321,417,298,192
314,421,286,185
317,423,280,181
326,409,275,185
339,396,286,185
349,367,286,200
398,334,248,208
398,306,258,204
419,286,242,234
419,263,242,225
419,254,242,234
409,276,242,234
380,317,242,253
348,364,224,233
324,370,220,228
306,379,220,202
269,403,238,172
238,453,252,144
212,498,252,156
201,498,252,175
218,458,247,165
234,405,242,162
235,364,252,155
255,335,232,126
255,316,232,111
264,334,232,115
294,380,241,124
342,452,241,129
388,523,255,122
405,590,259,110
415,591,248,106
394,581,263,108
365,558,252,121
336,514,252,131
304,435,242,131
298,293,193,189
275,182,185,221
247,130,171,239
218,125,148,230
177,137,136,229
150,146,134,230
150,152,129,234
159,171,134,225
163,208,154,199
156,257,188,175
140,304,215,158
141,347,242,152
179,368,262,178
210,380,306,217
248,380,332,192
288,372,331,192
343,372,305,181
377,367,271,177
380,364,266,167
342,373,261,151
290,397,250,199
288,436,240,199
283,487,254,203
323,475,244,203
365,409,225,203
356,342,225,165
348,299,274,178
359,311,308,139
382,338,301,154
382,350,301,173
379,349,295,176
353,342,294,183
321,337,288,201
268,352,293,205
205,350,249,209
213,331,172,188
198,302,155,170
197,251,161,163
214,193,148,156
208,142,173,169
252,93,153,166
281,58,159,176
338,58,172,183
452,112,165,169
556,230,129,138
644,267,117,124
631,288,126,137
587,282,142,137
528,268,157,137
470,264,173,143
426,258,188,135
396,259,191,135
361,266,215,143
342,277,233,117
313,274,237,94
323,271,214,103
331,212,201,182
356,155,145,265
402,170,98,299
437,245,163,281
518,327,203,239
607,366,228,225
653,361,228,234
665,333,224,239
643,310,242,254
631,298,233,259
607,306,224,254
548,314,233,254
488,320,242,243
427,307,232,233
387,279,197,242
313,252,189,242
298,223,148,242
226,223,180,272
173,256,187,283
121,369,187,231
55,458,187,226
52,561,218,156
107,534,218,182
182,483,154,237
224,421,164,283
243,380,177,282
241,345,181,271
228,316,181,243
201,273,208,243
208,215,217,206
249,159,188,174
276,126,156,161
246,120,156,161
181,120,156,161
89,104,130,181
54,124,133,243
117,167,130,229
199,204,138,224
248,250,249,236
300,334,297,226
348,388,291,235
357,427,303,225
357,436,303,225
327,439,309,221
281,456,309,216
232,479,256,220
225,504,131,206
244,518,121,198
311,531,128,182
355,535,150,182
369,531,162,189
386,533,162,185
382,522,161,197
348,505,168,207
338,472,174,215
329,406,172,219
303,327,182,224
278,266,186,211
243,271,186,206
176,361,186,206
116,452,186,206
114,471,179,198
149,436,182,202
165,388,194,194
186,339,194,198
170,311,218,182
172,283,218,213
184,268,236,196
196,244,245,150
207,206,235,186
235,149,177,240
242,139,130,260
247,176,150,207
303,183,110,232
362,239,172,293
434,321,238,266
506,360,242,251
554,372,237,255
584,373,214,260
569,388,227,245
533,408,236,245
429,428,299,208
416,436,244,192
362,453,239,160
295,459,259,120
257,437,254,100
244,385,253,104
232,312,257,145
231,270,247,163
231,220,227,183
249,154,174,260
271,154,151,260
304,157,152,248
338,147,158,258
385,122,152,268
408,101,146,268
431,101,135,268
425,112,135,268
414,112,140,268
411,115,142,263
405,126,148,263
398,115,166,252
402,126,194,252
414,158,218,232
409,195,245,251
422,235,245,251
415,268,255,251
428,301,255,251
421,310,270,266
432,339,259,266
430,363,216,271
422,415,202,255
428,403,175,260
439,370,161,260
441,349,155,255
443,352,161,230
440,377,155,211
430,397,161,211
430,397,158,211
429,412,164,198
426,418,171,198
441,436,161,187
449,451,164,176
458,451,157,190
458,443,223,198
456,449,227,210
442,436,206,206
407,407,198,223
376,382,218,219
374,351,205,223
364,315,235,246
368,279,235,277
377,290,234,255
396,310,253,235
406,329,253,217
394,336,238,221
392,355,243,207
392,355,243,207
397,359,234,199
375,363,253,183
358,360,257,172
361,357,252,150
328,350,273,144
295,334,273,138
285,302,242,144
259,267,247,147
249,230,237,193
249,184,210,264
257,195,171,297
325,231,145,297
452,279,118,296
544,354,198,251
610,376,241,251
646,379,245,246
664,384,254,236
674,384,244,236
679,380,244,218
692,382,229,205
694,372,229,193
699,364,225,186
701,352,217,182
668,327,244,208
678,304,234,208
678,292,224,208
678,263,215,208
682,248,207,216
679,237,207,216
666,235,211,220
656,237,215,216
623,250,247,212
591,267,272,216
570,299,267,220
542,310,262,216
501,314,262,216
453,316,257,220
412,316,257,211
391,316,237,203
372,316,227,187
363,305,227,165
353,304,227,114
353,300,246,82
351,279,261,84
351,258,231,102
349,229,227,126
340,220,227,126
340,220,222,126
340,205,218,142
314,201,240,166
314,188,173,236
289,254,144,245
285,305,175,255
348,357,161,245
417,377,161,265
493,382,124,287
543,374,145,281
561,363,202,275
578,352,246,253
610,328,251,248
616,311,256,243
626,284,256,233
618,264,251,237
621,267,246,214
619,277,241,218
631,316,236,214
616,364,260,210
603,422,287,214
603,516,287,197
614,647,105,71
0,0,0,0
0,0,0,0
0,0,0,0
0,0,0,0
0,0,0,0
0,0,0,0
0,0,0,0
0,0,0,0
98,692,74,26
135,654,74,60
174,655,56,60
215,644,64,61
0,0,0,0
0,0,0,0
0,0,0,0
259,690,43,26
0,0,0,0
0,0,0,0
0,0,0,0
0,0,0,0
0,0,0,0
0,0,0,0
0,0,0,0
0,0,0,0
0,0,0,0
0,0,0,0
0,0,0,0
0,0,0,0
0,0,0,0
0,0,0,0
217,669,224,48
229,578,280,142
215,501,273,182
223,432,242,146
215,367,237,143
237,335,212,117
248,306,204,170
257,298,200,167
279,287,184,183
308,285,199,190
332,300,242,205
383,325,272,197
427,341,283,197
419,343,288,193
431,343,277,193
428,341,282,197
423,337,281,205
426,363,264,171
414,385,264,123
393,340,253,133
380,323,279,141
400,316,296,144
452,342,269,138
484,380,274,135
507,388,263,138
502,377,252,147
489,357,247,147
479,354,237,147
457,349,246,159
435,337,271,162
433,356,287,165
436,378,292,175
433,367,280,194
430,365,269,190
421,340,273,194
403,308,284,194
416,279,262,194
380,239,247,190
340,186,219,231
295,204,219,240
277,262,219,240
302,303,219,240
321,315,219,230
345,312,219,221
348,281,228,217
348,250,228,230
332,228,224,225
332,216,224,234
332,204,224,234
332,201,224,225
344,198,224,207
356,198,242,199
381,214,242,162
405,225,242,156
408,236,252,144
418,252,252,127
428,267,252,127
438,299,252,127
448,359,252,122
468,486,262,84
466,496,288,132
460,523,277,137
438,556,288,137
410,559,277,148
390,509,251,206
371,444,217,236
341,398,208,276
345,387,234,254
372,410,268,220
393,401,279,211
401,383,278,220
398,373,295,224
401,326,277,278
434,337,235,267
443,337,235,267
443,337,244,267
443,348,244,227
382,345,203,214
334,300,195,261
247,308,195,251
235,308,173,241
249,286,153,231
249,276,159,231
236,268,172,240
236,294,186,240
236,308,186,250
236,320,209,250
246,330,213,255
265,349,200,260
277,383,208,240
279,407,220,245
289,405,233,250
299,391,237,245
310,385,223,231
312,400,228,226
288,415,228,226
265,432,219,217
261,422,194,244
255,376,190,259
255,324,182,249
266,241,175,249
287,148,149,269
305,83,107,269
318,72,95,258
318,41,99,268
308,10,103,290
295,2,105,295
257,2,149,359
244,16,137,359
222,59,137,359
217,102,148,331
217,128,173,330
226,144,191,324
226,157,207,299
226,157,215,299
226,143,224,299
226,129,233,299
235,141,252,265
245,162,262,244
245,214,241,216
235,257,197,225
238,301,148,243
246,358,131,233
256,380,126,233
260,380,131,233
254,378,145,228
248,368,145,228
230,368,151,228
206,366,154,233
183,366,154,233
166,353,154,233
143,323,154,233
97,301,167,252
29,281,174,273
16,260,171,268
41,242,188,284
57,214,188,284
55,198,184,278
36,187,184,278
24,176,184,278
4,179,187,284
1,196,149,307
4,258,95,313
0,0,0,0
0,0,0,0
0,0,0,0
0,0,0,0
0,0,0,0
0,0,0,0
0,0,0,0
0,0,0,0
0,0,0,0
0,0,0,0
0,0,0,0
373,589,246,128
366,482,304,231
342,495,310,217
293,553,291,159
285,544,248,165
284,464,224,234
304,375,179,238
298,287,152,238
280,226,152,248
250,196,158,268
197,228,185,290
122,298,225,267
95,385,225,289
122,411,183,289
145,412,176,277
161,403,187,272
163,385,183,278
139,371,159,295
107,398,197,277
139,471,205,240
214,545,189,172
358,658,57,60
0,0,0,0
0,0,0,0
0,0,0,0
0,0,0,0
298,609,177,104
274,531,184,181
274,560,199,154
255,655,223,62
239,668,197,49
237,594,226,125
266,501,231,194
289,454,217,214
319,463,221,201
315,488,263,189
271,514,243,175
187,505,253,204
130,441,238,243
105,369,238,187
146,264,220,173
209,190,203,187
306,177,191,195
423,212,159,180
530,310,147,135
646,319,107,120
631,354,136,124
610,348,138,137
558,321,146,145
530,300,138,132
504,277,127,122
430,243,167,117
395,219,188,148
384,185,192,157
369,185,192,163
468,161,100,61
500,167,82,85
556,221,105,193
574,314,176,221
604,373,218,226
624,396,231,213
608,390,235,226
586,383,239,240
573,373,249,221
558,375,254,225
548,390,259,212
540,418,249,180
521,425,239,146
414,427,313,127
396,418,301,104
352,401,319,106
321,393,312,108
335,388,292,115
321,350,298,142
393,316,253,224
446,329,263,252
479,385,313,237
550,439,319,214
638,442,312,218
677,439,288,236
665,430,300,245
662,425,288,245
651,400,293,240
651,372,293,240
665,366,264,217
676,362,234,200
592,386,225,163
490,375,212,166
375,354,234,179
262,335,253,183
203,323,263,183
198,302,263,183
225,275,274,179
289,178,233,271
289,124,262,282
299,101,262,282
299,63,283,282
310,48,261,271
317,56,222,271
326,89,174,212
328,97,148,212
334,105,136,212
334,113,136,212
339,130,136,204
323,130,159,204
319,132,169,200
272,124,241,200
197,140,271,216
163,149,239,199
134,141,229,207
122,137,229,191
111,141,248,169
101,135,258,150
101,124,258,150
80,117,279,138
47,106,314,144
10,100,326,144
4,117,319,133
5,133,281,113
2,147,234,112
2,161,150,116
1,179,113,116
1,212,83,97
2,264,62,82
5,285,63,94
4,211,156,181
72,157,159,252
196,177,140,223
272,177,170,189
318,165,184,189
333,150,156,204
329,166,144,180
302,178,127,180
240,202,137,202
185,234,167,210
155,264,174,236
179,275,160,236
260,284,160,236
353,284,166,236
412,271,166,236
407,245,150,241
339,223,165,227
255,200,165,227
214,178,178,266
248,184,178,311
287,198,171,311
294,235,151,311
234,272,139,311
151,347,149,283
94,437,163,250
92,480,173,236
157,492,173,228
257,474,166,246
326,443,173,266
372,391,184,294
400,322,184,306
398,260,180,300
355,240,184,271
288,198,184,282
227,170,177,271
154,170,157,260
107,171,145,270
91,204,134,259
122,235,134,269
186,266,134,269
204,287,183,258
204,287,250,219
204,253,250,194
192,211,240,165
202,155,240,165
221,122,250,158
241,103,260,158
304,103,230,146
314,103,230,146
312,102,235,149
300,95,240,152
310,89,240,152
300,83,240,152
300,77,250,164
320,64,230,177
329,64,195,207
321,75,195,215
337,103,166,215
357,129,141,224
380,156,152,252
404,169,152,262
415,190,158,272
415,210,164,272
422,232,161,272
435,243,167,251
446,243,167,251
460,253,181,251
474,264,188,251
486,266,188,251
515,280,199,246
531,300,199,218
552,302,195,214
561,300,199,218
593,309,199,209
599,324,203,204
614,330,207,208
614,338,224,200
623,354,224,200
621,362,224,192
596,368,228,204
570,368,228,196
556,362,198,208
528,356,198,199
517,345,206,199
533,334,182,199
531,328,185,195
539,328,192,203
557,330,196,207
600,338,181,191
632,335,181,191
663,335,196,191
705,333,177,180
736,331,181,184
768,331,174,184
799,331,167,184
829,338,154,184
845,333,151,180
848,333,157,180
847,331,160,184
830,322,160,184
809,320,160,184
803,322,157,180
785,315,163,180
774,306,163,180
758,297,170,195
755,277,163,211
718,265,198,210
720,256,194,198
720,246,194,198
720,246,194,198
724,260,179,190
708,289,186,214
656,390,245,182
553,484,371,182
406,522,379,198
319,470,343,245
256,338,274,316
245,134,223,355
254,29,214,340
271,15,231,266
280,26,240,217
299,26,188,192
268,41,154,200
234,86,163,200
234,120,190,208
270,172,218,208
315,222,255,192
356,260,255,184
388,282,226,163
397,282,226,169
377,271,235,169
366,257,208,176
336,257,200,162
326,253,192,156
328,245,188,153
319,245,196,153
310,260,204,153
317,294,180,153
297,342,187,165
282,389,172,193
267,427,172,226
256,418,179,235
257,378,194,207
270,307,179,191
261,243,178,207
251,218,185,199
231,212,196,195
231,225,204,195
231,252,204,195
247,283,212,203
272,294,195,203
274,307,191,199
274,307,191,199
274,307,176,199
253,323,183,199
246,331,176,207
264,350,135,250
294,370,171,270
363,348,164,270
396,325,184,270
383,285,180,254
333,244,180,264
230,244,228,243
168,254,232,224
119,281,256,175
129,288,245,189
151,254,255,167
185,210,250,151
198,160,270,163
272,120,248,163
326,85,219,176
423,92,165,176
540,184,122,98
632,171,137,110
626,201,154,139
585,203,151,136
574,175,121,113
553,154,123,110
571,163,138,141
603,179,155,168
614,225,155,137
582,214,158,145
577,192,93,131
445,200,113,159
376,216,155,162
278,252,174,178
170,321,174,157
35,425,220,157
26,454,220,177
115,399,195,177
184,356,195,177
204,339,195,157
213,339,203,151
214,354,211,184
219,386,219,156
222,441,246,156
230,500,241,193
201,535,222,178
154,600,192,116
0,0,0,0
0,0,0,0
0,0,0,0
0,0,0,0
0,0,0,0
0,0,0,0
0,0,0,0
422,563,184,153
417,449,215,271
432,389,202,299
449,363,194,276
453,369,186,254
455,377,182,249
452,387,189,244
452,393,189,229
442,379,185,234
429,375,189,239
427,361,193,234
414,344,217,239
398,305,246,244
384,257,272,244
384,223,217,249
402,203,225,229
439,151,221,234
479,105,187,274
511,95,172,274
541,96,162,274
574,105,161,279
599,117,161,279
608,123,181,268
618,126,191,263
635,141,202,258
645,139,206,263
649,144,219,253
649,144,214,253
647,152,218,258
632,135,223,274
617,130,227,268
601,114,232,273
585,98,237,278
576,90,210,267
558,75,197,272
538,68,193,283
539,65,164,245
519,63,160,250
501,73,157,250
490,78,145,235
486,73,128,240
476,87,121,226
466,92,111,212
457,109,103,188
444,117,111,196
427,125,120,196
405,133,135,204
385,141,140,212
370,149,140,212
327,149,170,212
290,149,187,212
242,157,211,204
208,157,198,204
160,165,198,212
128,182,152,212
83,224,111,195
7,286,141,187
7,405,106,165
7,511,106,152
7,564,154,149
35,564,228,149
197,546,175,164
323,513,175,184
381,481,194,188
404,466,202,188
391,453,202,188
324,433,223,192
247,420,227,173
173,403,245,180
151,401,260,176
161,352,250,206
218,344,250,190
262,344,281,182
300,360,281,189
339,372,281,174
351,372,281,174
357,369,270,167
346,344,270,203
357,303,239,228
367,285,203,247
367,305,187,219
360,331,194,202
368,358,210,194
377,369,214,198
386,392,218,202
384,402,218,202
395,407,182,206
405,364,244,246
460,364,264,246
551,377,259,241
593,377,249,231
643,382,239,213
646,384,234,197
585,394,229,185
514,386,228,205
449,411,237,181
379,457,283,157
348,505,300,136
352,536,271,133
333,548,277,152
322,562,277,158
322,562,277,152
319,561,294,155
328,549,300,152
343,485,294,137
343,485,294,137
326,425,294,143
294,371,281,149
231,315,270,171
199,260,203,208
174,221,169,243
167,188,166,267
196,95,166,326
223,81,163,326
237,64,176,314
264,45,176,320
278,32,198,306
294,19,206,306
296,22,210,265
296,22,214,254
327,27,179,249
336,40,168,234
329,55,161,230
325,92,137,224
296,136,140,216
270,176,134,220
237,222,160,220
227,241,151,225
270,246,151,220
336,233,145,220
369,228,151,234
368,235,154,230
346,255,157,234
302,300,181,220
273,340,167,238
260,395,136,268
260,458,136,257
285,494,130,218
315,503,130,209
356,487,135,226
392,465,135,254
423,445,135,264
449,443,132,269
460,486,132,219
440,507,132,213
440,507,137,213
421,507,154,213
412,482,154,213
381,416,173,249
368,254,156,309
368,254,156,309
356,131,144,321
339,92,150,334
339,92,144,334
281,92,138,334
244,105,132,334
208,68,174,334
208,28,174,361
222,14,142,319
239,1,154,282
257,4,180,203
292,5,187,180
281,1,199,184
330,2,233,218
369,30,211,236
386,77,211,236
357,131,237,236
357,131,237,236
310,215,266,217
310,215,261,217
240,285,293,200
216,285,299,192
180,247,299,225
163,194,287,248
163,155,281,238
192,137,275,238
224,142,281,233
245,169,292,203
276,213,292,172
304,258,304,155
320,296,304,137
320,326,316,129
335,351,310,126
332,364,316,129
329,379,309,143
317,391,309,143
290,401,315,146
254,401,302,152
218,389,290,152
186,361,272,167
184,322,277,163
199,283,277,153
199,283,277,153
236,261,272,145
258,270,261,139
269,283,266,137
290,301,261,126
321,314,231,131
345,330,226,133
355,362,217,116
373,383,217,118
382,401,217,118
371,404,230,120
338,405,253,149
321,419,248,146
290,429,258,146
277,428,242,149
277,407,242,161
309,372,214,174
322,363,214,160
336,346,210,163
348,339,210,160
358,336,210,153
370,340,198,144
378,340,206,150
394,364,198,153
415,394,198,135
425,426,202,138
410,428,210,133
385,416,202,133
336,382,232,156
299,336,227,168
262,270,214,218
212,246,227,222
182,248,232,223
151,265,261,182
151,283,261,164
173,287,241,154
202,275,205,148
227,258,171,134
239,231,160,134
255,209,157,139
272,195,160,142
299,192,156,145
317,200,156,145
335,218,156,145
347,236,156,145
357,242,175,145
369,264,182,145
389,286,182,145
389,286,182,145
407,343,193,154
401,346,209,167
413,358,205,164
423,368,213,164
423,361,213,164
419,364,213,158
413,372,226,155
411,371,231,158
421,371,231,158
431,381,231,152
434,393,235,149
448,408,235,143
462,421,226,137
467,428,244,143
484,432,230,135
496,443,243,132
511,445,253,137
524,457,248,151
528,479,257,151
553,486,258,160
582,499,248,160
597,514,247,157
607,523,257,168
625,540,252,159
636,560,252,147
649,579,247,133
653,603,241,115
661,640,214,80
695,698,154,21
0,0,0,0
0,0,0,0
0,0,0,0
0,0,0,0
626,638,103,82
385,665,163,51
353,448,191,263
377,319,169,274
392,240,176,296
399,224,156,262
388,224,162,262
362,245,162,262
323,287,175,262
285,328,161,231
263,328,181,205
279,310,199,197
316,301,199,193
335,300,220,171
370,318,224,157
384,338,232,160
407,355,223,170
426,385,223,128
437,409,210,125
429,423,218,158
412,435,214,168
397,437,218,235
353,437,275,235
322,409,239,254
269,390,229,221
223,375,248,204
181,378,243,225
97,405,284,207
23,433,319,183
17,421,325,159
115,375,239,143
189,307,180,137
229,264,153,154
255,241,162,154
268,223,169,163
302,212,149,163
307,205,161,163
316,205,161,163
325,205,161,163
327,207,158,160
341,215,158,160
336,235,164,154
352,268,167,160
347,310,184,166
347,362,199,159
355,396,199,159
353,405,207,165
373,405,215,165
396,405,215,165
419,405,215,165
436,408,228,161
458,415,228,166
471,430,237,167
482,449,252,157
498,461,247,154
509,461,247,154
527,464,237,148
550,464,246,148
580,471,236,148
616,488,236,166
651,525,236,166
664,582,241,132
686,651,197,66
0,0,0,0
0,0,0,0
0,0,0,0
0,0,0,0
0,0,0,0
0,0,0,0
0,0,0,0
0,0,0,0
0,0,0,0
0,0,0,0
0,0,0,0
0,0,0,0
0,0,0,0
0,0,0,0
0,0,0,0
0,0,0,0
0,0,0,0
0,0,0,0
168,523,183,195
266,320,194,263
310,270,181,259
325,282,189,259
332,305,195,267
341,270,205,293
364,238,219,293
395,248,228,266
423,285,220,202
463,321,188,184
461,396,215,202
490,463,193,212
500,561,192,156
509,612,176,103
513,614,169,99
503,573,161,143
497,525,152,161
488,522,119,114
474,424,162,169
459,381,165,164
459,355,163,171
449,308,157,197
440,290,158,186
440,279,152,186
440,279,152,178
463,271,133,162
473,271,133,162
489,271,138,176
505,263,138,176
521,261,141,180
538,259,141,180
556,274,144,184
571,309,146,177
567,344,146,177
546,368,150,197
538,432,147,193
529,479,158,204
502,561,190,155
507,578,158,139
479,484,173,233
480,371,161,274
484,282,145,279
489,235,136,242
489,225,136,242
491,228,133,237
488,245,130,227
478,259,130,223
468,259,130,223
468,268,130,214
447,279,141,232
434,304,159,241
408,342,186,222
397,382,193,231
386,416,222,236
383,431,255,231
398,416,250,226
414,403,250,226
414,394,260,235
412,392,265,230
399,392,265,221
412,382,260,200
397,344,254,196
426,270,165,204
443,228,152,216
453,225,140,216
453,234,140,183
425,251,151,176
378,249,173,187
324,239,176,207
278,226,176,215
255,194,176,224
250,170,195,203
295,152,173,195
334,147,177,176
366,149,167,173
366,169,160,166
329,197,166,187
278,260,172,187
240,331,179,194
237,431,172,172
260,536,178,140
293,634,178,82
0,0,0,0
0,0,0,0
0,0,0,0
0,0,0,0
0,0,0,0
0,0,0,0
0,0,0,0
0,0,0,0
270,615,161,101
233,483,162,190
196,370,160,216
184,316,154,225
179,282,154,208
189,268,154,200
212,268,151,204
234,268,157,204
261,279,160,203
283,277,166,207
295,236,173,242
304,182,170,256
311,141,170,277
311,119,170,277
331,97,170,277
331,97,202,266
331,118,227,245
331,147,246,245
341,186,246,245
351,225,246,245
351,274,246,245
331,336,266,245
342,396,255,245
325,472,260,240
332,518,209,195
341,473,182,239
347,406,176,219
390,366,173,215
414,367,173,215
415,390,187,177
415,390,201,185
414,370,208,187
435,348,263,177
480,314,248,188
493,315,264,203
505,329,264,199
544,348,224,195
540,366,224,203
545,373,215,195
545,373,215,203
556,370,211,203
564,342,203,198
575,318,194,232
589,318,194,251
632,333,194,251
638,360,214,246
638,348,197,246
626,336,205,246
626,326,205,256
636,349,209,261
648,371,209,241
641,366,200,251
641,385,192,241
629,397,192,241
613,402,200,251
603,405,196,246
602,412,185,241
584,402,185,251
570,405,208,251
568,415,208,241
567,425,204,240
565,435,208,235
565,456,208,217
567,485,204,200
573,494,184,204
565,512,173,192
508,529,214,160
444,510,241,160
397,490,245,163
359,456,230,160
317,430,229,153
287,396,234,156
247,379,238,153
213,392,238,153
165,441,257,159
114,517,267,179
100,527,272,183
137,451,272,183
193,368,222,176
211,289,222,198
247,162,205,251
270,95,205,271
311,76,189,240
345,60,189,230
367,78,182,212
370,78,185,204
378,78,174,196
378,78,174,196
378,70,160,220
365,80,159,220
355,93,159,220
342,137,163,220
322,172,166,229
315,190,163,229
315,199,166,229
315,208,166,229
332,218,156,248
345,218,156,258
355,226,162,253
372,237,159,253
392,249,156,252
408,260,169,242
419,281,176,242
448,292,176,242
469,303,183,242
488,321,194,237
518,321,194,228
549,321,194,224
566,348,210,206
594,349,218,203
616,365,227,187
627,369,227,183
634,374,236,190
637,380,231,190
626,388,240,198
609,386,235,202
618,376,196,206
582,361,204,214
561,345,188,223
543,337,184,222
528,337,184,236
516,337,192,236
507,351,188,231
494,424,183,226
494,424,183,226
482,476,187,231
425,533,256,174
394,587,256,131
340,554,241,157
289,443,206,223
256,344,190,232
249,286,161,205
245,251,161,185
251,231,160,136
248,185,157,159
228,179,174,165
221,192,173,168
221,201,167,168
238,201,154,168
270,188,170,182
295,198,203,182
320,205,199,175
343,201,191,175
351,208,191,189
351,208,191,204
359,200,162,221
349,182,156,230
339,173,130,230
329,145,120,230
316,133,129,235
311,123,140,244
314,123,143,225
316,134,152,212
322,148,152,208
310,175,171,204
297,241,161,188
278,294,161,173
257,349,178,180
204,416,225,180
179,472,253,187
181,507,253,194
193,519,253,194
215,488,253,194
215,439,253,186
235,370,224,218
271,296,195,218
291,165,184,261
329,100,184,261
367,72,167,251
393,72,157,251
417,83,145,231
421,105,145,231
431,137,139,231
445,159,133,231
451,206,174,245
478,242,179,262
490,303,201,219
497,374,232,193
569,391,171,130
576,398,125,150
575,401,117,146
580,386,109,161
572,371,107,158
568,366,105,155
569,352,103,152
576,337,103,152
585,325,99,146
598,318,97,143
601,322,98,135
611,322,101,143
610,334,111,137
608,345,121,142
575,361,175,122
519,378,208,152
451,335,228,241
357,306,272,284
266,325,326,243
216,395,324,159
211,471,303,155
302,478,240,236
347,503,231,214
375,515,254,158
426,440,245,221
515,369,156,300
573,393,194,259
628,426,212,221
635,414,223,222
607,392,230,222
563,375,203,226
467,365,172,234
362,365,180,247
283,392,174,232
248,415,167,223
225,428,174,223
205,432,204,223
182,439,220,232
164,467,203,197
175,440,211,205
197,396,203,222
227,368,195,222
255,336,199,218
266,319,215,217
273,335,202,221
289,370,158,204
321,352,157,212
364,317,160,216
391,272,157,212
415,243,142,199
417,224,123,166
410,216,121,176
410,216,121,176
411,218,119,173
411,218,124,173
416,226,124,173
420,236,126,190
395,241,140,227
366,308,140,227
329,351,143,241
325,345,151,255
371,307,145,265
405,266,142,260
432,247,139,255
444,229,141,260
444,239,141,250
432,237,144,245
410,246,162,217
400,246,162,217
390,237,162,217
378,235,165,221
366,251,168,225
317,293,171,230
253,356,151,230
193,389,145,203
144,399,142,199
113,381,191,211
113,373,169,219
113,373,169,219
123,364,176,228
120,364,190,228
128,364,206,228
128,346,232,228
128,319,251,228
128,306,271,228
128,284,282,228
128,261,305,228
142,256,305,228
156,243,317,228
174,243,317,228
245,243,280,210
298,256,248,210
338,306,229,186
417,338,179,165
411,337,172,179
412,352,158,172
406,377,161,175
377,402,177,146
333,406,188,168
319,389,166,185
271,352,186,209
230,317,202,232
193,282,214,248
166,252,201,248
151,240,194,247
139,218,186,267
139,216,186,257
144,194,186,257
163,194,186,247
204,189,171,252
288,198,158,257
349,234,188,232
386,274,192,202
336,287,192,198
268,297,196,168
220,310,212,168
231,313,215,155
259,312,220,143
297,312,203,124
319,300,215,132
339,299,224,124
354,289,228,132
372,250,197,184
420,244,196,170
463,210,196,207
521,235,196,199
539,286,208,159
551,316,202,176
543,335,202,176
530,358,202,176
507,376,214,191
476,413,232,195
426,496,232,195
293,601,184,115
0,0,0,0
0,0,0,0
0,0,0,0
0,0,0,0
0,0,0,0
0,0,0,0
0,0,0,0
0,0,0,0
0,0,0,0
0,0,0,0
0,0,0,0
3,9,146,172
76,8,191,152
152,9,222,153
191,31,254,135
247,51,240,119
256,51,240,119
247,42,240,119
207,32,230,119
189,59,214,112
199,119,206,92
202,184,222,104
229,248,222,116
250,300,226,124
269,326,226,134
279,364,226,134
290,365,231,131
293,352,235,168
296,321,230,165
296,275,203,186
296,238,159,201
295,191,149,218
295,134,143,240
295,76,149,240
295,47,143,260
284,5,149,270
260,5,149,304
236,54,161,304
236,127,204,304
269,176,221,279
317,206,221,279
350,206,221,279
375,215,221,247
387,203,221,247
394,188,212,252
381,175,212,252
368,152,203,252
355,126,207,252
343,106,207,247
339,89,207,252
309,87,228,257
255,95,228,272
186,115,211,288
127,115,203,300
143,103,203,300
192,67,195,300
254,79,195,245
299,96,195,245
330,104,176,204
330,104,173,204
320,104,173,204
284,139,195,192
272,173,146,150
237,191,155,147
186,208,171,138
109,222,185,162
26,273,185,162
3,318,148,190
3,338,151,214
24,336,187,218
76,340,187,201
81,350,191,218
31,373,187,209
4,410,153,212
1,410,152,217
5,378,200,217
47,336,234,217
113,334,225,199
150,345,220,195
160,384,212,207
151,416,207,207
177,409,199,211
229,372,183,207
294,340,162,207
338,317,162,190
365,306,175,182
386,298,175,155
406,284,175,143
429,276,189,143
455,279,213,137
504,299,217,119
540,348,235,119
547,415,240,126
509,423,235,145
459,385,221,169
385,346,203,152
351,299,165,177
315,276,146,192
306,276,152,192
306,308,152,192
306,355,152,192
319,397,168,177
328,385,181,187
340,353,177,190
346,357,199,198
324,378,224,175
288,363,228,185
267,312,201,208
205,277,222,220
179,223,222,228
188,162,222,219
224,109,222,219
268,100,222,190
327,110,172,171
336,119,172,171
340,116,146,184
322,144,129,233
320,191,131,251
327,265,190,250
370,332,274,228
401,350,271,219
425,353,270,202
425,354,267,206
417,358,257,198
405,365,257,198
395,382,252,194
378,378,252,202
380,369,231,198
380,349,205,236
373,350,190,231
392,351,185,245
436,353,178,235
432,340,205,242
460,325,167,237
466,304,167,237
475,278,164,232
476,268,164,232
460,269,200,279
426,296,214,296
392,335,210,290
343,353,215,284
329,346,191,289
322,330,185,259
322,315,186,227
303,304,185,220
280,311,201,201
257,338,198,178
237,372,225,160
244,361,213,141
256,325,213,141
270,289,211,142
281,263,215,145
291,263,215,145
312,284,215,135
358,330,215,135
381,434,237,104
398,519,237,104
386,548,237,104
364,513,226,122
336,435,212,123
302,313,223,150
284,214,205,169
270,151,198,199
270,128,193,190
277,129,185,176
267,137,195,176
257,140,195,176
245,150,195,176
227,168,195,162
200,204,206,146
174,234,226,137
189,236,226,135
211,232,241,140
227,221,241,146
248,231,241,135
268,264,217,124
289,293,207,142
316,323,234,179
328,337,262,193
372,339,265,161
375,341,280,172
422,356,257,185
421,369,243,186
395,395,254,188
351,433,264,196
283,513,269,196
191,605,176,111
107,662,129,54
60,666,124,52
31,638,115,82
13,593,143,118
17,511,155,135
44,393,163,142
87,299,163,142
123,230,163,142
154,184,165,149
192,165,149,152
228,165,149,152
270,181,124,149
335,205,124,149
439,245,124,149
600,313,66,44
600,366,126,141
553,384,145,138
483,383,116,125
401,366,107,130
312,368,147,165
305,363,147,165
305,363,189,171
304,369,201,134
304,369,201,99
302,360,218,98
293,333,220,120
326,291,184,165
354,250,120,240
368,306,109,210
424,348,90,163
479,398,168,223
548,467,201,179
593,451,199,184
605,436,211,184
602,419,221,186
584,414,235,197
554,407,244,205
527,419,244,205
488,421,230,232
441,404,222,248
395,391,218,243
380,376,194,232
343,363,194,206
319,346,202,181
292,310,197,176
281,288,177,165
249,257,175,202
219,255,167,218
179,263,167,249
142,334,166,241
84,416,188,221
102,511,189,206
173,532,173,188
300,508,141,207
346,507,141,207
337,516,141,204
279,523,169,194
218,493,192,226
212,413,188,227
219,302,170,222
225,228,164,181
224,189,144,152
216,217,138,152
168,264,140,197
118,377,135,238
141,438,181,248
207,434,260,260
278,416,262,226
332,404,247,231
341,426,252,217
324,469,257,213
288,491,273,217
251,540,250,179
217,580,171,138
214,599,169,120
241,647,172,70
302,662,165,53
301,634,168,82
323,619,169,94
341,600,175,120
354,581,170,138
353,567,158,151
328,547,171,171
300,522,173,188
278,457,176,204
276,374,175,212
276,310,175,196
276,301,175,195
264,347,175,195
244,401,161,195
233,408,164,199
241,375,167,203
243,343,164,199
245,325,161,195
247,342,158,176
227,365,185,169
220,392,208,144
229,383,216,189
235,341,234,250
278,311,212,230
307,299,220,170
316,287,247,118
316,247,278,128
364,216,209,227
392,225,128,255
428,275,131,230
480,389,221,203
555,450,244,207
584,446,235,207
584,434,235,207
584,422,235,207
582,420,240,211
580,424,235,215
577,460,235,215
543,504,244,176
479,531,269,147
423,543,274,122
351,543,279,108
295,524,272,96
238,491,272,96
212,423,236,201
216,336,201,186
234,252,196,214
281,209,196,214
320,175,196,214
347,158,196,214
355,158,196,214
402,158,141,214
402,167,147,241
402,186,147,231
392,186,147,231
382,204,147,222
364,213,179,231
328,241,245,231
338,269,225,231
338,318,225,231
338,330,225,231
349,351,221,226
346,392,212,217
318,451,243,235
309,548,187,161
306,559,223,156
346,537,211,172
394,480,185,214
419,440,169,239
444,432,152,237
434,432,154,226
434,443,151,223
424,431,154,227
424,408,154,227
437,400,137,218
447,400,134,218
439,410,148,201
458,446,148,178
476,492,177,175
473,532,229,165
427,585,328,124
444,583,363,137
448,619,328,100
420,586,353,130
414,515,328,200
414,454,322,196
415,388,290,226
389,350,299,220
404,339,275,202
407,341,270,198
404,366,265,194
407,387,245,175
405,410,235,161
403,409,231,160
397,398,235,157
389,379,239,154
376,362,249,154
360,337,254,157
335,306,264,163
312,274,264,170
321,255,234,170
316,245,216,173
305,223,207,224
299,210,162,257
299,268,162,241
318,316,182,241
435,339,142,241
533,397,202,241
594,429,261,218
620,414,256,217
633,398,231,217
623,380,236,231
621,378,226,200
610,378,222,177
597,376,217,181
593,369,208,181
578,356,208,185
556,349,212,181
543,336,216,185
529,319,225,193
515,306,230,197
501,304,240,201
501,315,235,197
494,342,230,189
484,371,234,200
472,393,239,225
390,417,301,229
393,415,277,207
381,399,266,183
366,383,265,153
361,365,250,116
354,344,245,114
334,333,245,107
320,322,235,109
292,304,230,114
283,275,208,136
269,243,195,187
248,228,159,228
231,256,133,228
211,308,155,246
249,328,143,261
337,361,105,293
428,389,121,292
493,431,179,248
533,463,224,243
583,475,238,229
623,471,238,224
631,449,252,211
629,397,262,215
637,351,237,219
642,307,210,228
640,281,214,233
640,281,214,233
668,360,258,199
688,490,306,225
0,0,0,0
0,0,0,0
0,0,0,0
0,0,0,0
0,0,0,0
0,0,0,0
0,0,0,0
0,0,0,0
0,0,0,0
2,534,17,59
3,472,31,66
4,440,49,50
1,425,49,50
1,425,49,50
1,440,43,50
1,463,32,50
0,0,0,0
0,0,0,0
0,0,0,0
0,0,0,0
0,0,0,0
0,0,0,0
0,0,0,0
0,0,0,0
0,0,0,0
0,0,0,0
0,0,0,0
0,0,0,0
0,0,0,0
0,0,0,0
0,0,0,0
488,638,74,82
434,479,335,235
458,396,308,284
479,353,278,282
502,350,258,276
489,368,267,246
487,379,272,251
487,389,267,231
471,392,266,231
465,396,255,236
429,411,266,236
398,416,266,255
364,466,271,212
354,447,266,200
384,405,261,184
423,355,245,177
463,335,240,169
499,342,230,153
545,359,221,147
568,398,234,138
561,403,239,132
554,376,234,161
528,340,234,177
520,335,234,160
520,334,234,151
533,367,238,128
552,405,238,128
562,419,248,133
560,413,233,135
532,410,242,150
502,365,256,175
471,335,277,182
440,318,283,168
410,302,289,167
371,288,312,177
408,279,276,196
405,270,271,208
407,278,271,208
420,278,255,208
433,241,230,221
433,208,225,221
442,181,234,239
430,189,249,254
425,238,229,224
425,313,216,233
394,420,206,201
361,448,184,237
344,460,173,251
344,449,166,232
357,415,159,241
361,389,168,241
364,378,192,226
353,355,215,211
348,327,228,217
343,313,236,187
354,299,236,187
375,303,227,187
371,297,249,156
385,297,254,156
404,309,263,156
425,330,268,149
447,380,268,137
453,469,303,110
463,537,316,131
460,563,328,135
454,579,328,136
459,594,328,121
447,594,328,121
430,554,314,141
424,475,248,223
358,404,219,264
305,383,217,270
296,401,250,242
321,441,265,207
360,444,265,196
361,424,265,196
357,423,280,164
363,429,297,158
366,363,303,230
361,367,299,236
371,362,291,225
348,334,275,235
288,264,255,232
230,221,232,236
202,227,200,214
210,254,200,223
212,280,212,245
197,285,212,240
197,283,208,230
184,281,210,250
192,309,195,240
211,375,208,245
242,433,233,243
288,449,220,243
303,442,216,231
289,413,220,236
274,346,201,236
272,290,165,225
245,244,156,204
255,230,138,164
284,159,138,201
313,92,95,246
306,32,91,256
292,1,103,251
256,1,120,244
214,1,157,320
181,135,157,257
170,217,148,247
158,279,192,275
170,279,205,275
196,250,219,275
226,200,225,270
242,175,234,253
258,175,240,206
258,193,250,164
258,193,250,164
258,216,250,142
258,276,250,141
258,276,250,141
276,306,216,151
278,339,214,186
293,367,185,194
281,371,189,202
279,369,167,206
278,367,158,210
278,383,158,206
280,401,155,198
281,416,155,202
281,436,144,206
281,445,136,206
271,457,144,206
273,471,141,202
263,471,151,202
263,462,151,202
272,457,148,198
274,420,145,194
270,376,154,206
251,354,154,206
220,354,154,206
177,335,166,252
156,319,170,252
156,319,163,252
153,343,163,242
137,377,165,247
101,435,175,264
30,535,210,176
0,0,0,0
0,0,0,0
0,0,0,0
0,0,0,0
0,0,0,0
0,0,0,0
0,0,0,0
0,0,0,0
0,0,0,0
0,0,0,0
0,0,0,0
0,0,0,0
260,615,215,100
301,473,217,227
329,440,221,232
339,482,225,220
327,547,181,164
243,610,227,108
205,575,194,145
194,426,189,261
246,305,152,258
278,255,141,223
309,245,140,223
319,418,196,168
319,429,196,155
292,549,212,152
283,588,204,127
313,512,185,164
325,426,185,164
338,398,172,164
342,525,163,144
342,525,163,144
0,0,0,0
0,0,0,0
0,0,0,0
203,588,204,123
203,588,204,123
289,387,250,229
289,387,250,229
396,471,283,218
414,524,259,191
414,524,259,191
317,575,250,139
242,589,236,131
149,552,207,161
146,557,207,161
90,338,137,195
97,245,172,176
166,168,162,188
228,119,169,188
302,101,149,188
385,108,149,188
385,108,149,188
603,219,108,114
608,281,156,154
608,311,156,154
563,311,156,165
530,299,135,153
478,288,140,159
454,288,137,147
444,295,157,112
384,306,211,117
353,298,231,113
315,297,236,111
306,286,218,116
297,265,200,128
288,262,186,128
279,262,179,132
270,271,173,138
251,290,173,130
239,305,177,186
231,320,182,198
201,312,152,246
222,295,141,289
277,329,151,278
277,329,151,278
460,445,246,225
549,443,246,156
601,421,236,191
632,403,232,199
644,388,232,213
663,360,218,209
650,336,227,219
648,322,232,223
646,320,229,227
644,332,226,218
625,348,240,205
553,390,268,209
438,414,295,206
326,440,288,210
239,480,235,208
144,511,199,204
88,538,200,179
31,565,215,145
12,583,208,130
3,592,208,121
3,592,208,121
12,592,208,121
1,592,250,121
4,541,326,170
142,431,251,262
268,354,192,327
409,308,269,303
548,266,288,282
638,250,288,276
697,269,260,233
717,308,230,228
653,350,239,183
586,376,192,183
478,399,166,224
337,410,187,226
275,374,200,226
314,324,170,230
340,259,174,221
384,194,217,225
382,192,236,230
382,176,236,230
382,164,236,230
414,165,208,189
399,143,216,189
399,143,192,189
397,152,156,171
384,166,137,160
374,175,135,153
355,192,143,144
328,195,153,141
313,197,155,141
289,195,166,150
284,193,166,149
262,186,181,149
237,174,181,138
195,157,188,141
142,142,201,136
93,126,201,130
61,118,172,128
7,91,172,206
7,131,170,178
3,138,210,169
1,150,256,157
1,150,266,157
3,155,261,157
3,139,261,168
19,139,293,167
143,149,228,164
192,176,234,152
293,183,151,149
319,182,173,144
345,180,173,144
358,177,161,157
358,187,150,143
337,198,150,153
295,209,130,175
222,238,158,187
170,264,159,214
136,294,184,214
170,305,162,214
223,315,136,214
299,338,152,198
377,354,171,206
408,347,171,208
387,316,150,196
307,287,157,193
234,263,154,232
222,253,151,276
256,291,172,283
318,350,160,268
338,386,165,279
351,453,141,242
350,501,147,215
361,520,150,197
386,513,167,207
398,499,151,221
401,453,172,267
426,412,180,276
441,363,174,276
440,315,165,262
415,271,165,244
364,231,162,222
289,209,150,209
222,224,128,209
140,242,128,218
81,278,128,218
72,301,128,215
101,309,128,219
139,294,128,224
186,257,147,228
203,170,131,256
223,138,137,251
242,120,156,217
263,121,170,206
283,121,182,192
293,121,169,179
305,121,169,179
305,121,169,179
305,121,169,179
305,112,181,179
305,89,181,192
305,76,168,205
305,101,180,219
305,156,156,189
316,201,142,160
324,218,140,160
335,212,141,202
344,207,153,224
355,202,142,245
355,202,142,244
357,205,139,256
369,208,136,251
379,226,136,251
389,226,126,269
399,245,126,269
409,245,126,269
419,264,126,269
419,264,135,269
422,275,144,269
434,296,161,103
486,304,118,101
471,318,142,74
473,324,149,73
473,337,159,77
475,344,167,113
505,352,134,129
519,360,127,141
542,357,127,141
573,373,112,134
601,378,106,137
631,380,90,134
652,380,96,143
667,375,100,140
685,373,99,139
697,367,89,125
707,349,97,137
713,359,97,137
721,368,93,132
726,374,102,135
726,377,102,138
709,377,106,152
677,373,113,138
646,365,113,140
603,367,127,137
564,382,125,134
537,415,113,134
487,473,128,148
389,584,211,131
0,0,0,0
0,0,0,0
0,0,0,0
0,0,0,0
0,0,0,0
0,0,0,0
0,0,0,0
0,0,0,0
0,0,0,0
0,0,0,0
0,0,0,0
0,0,0,0
0,0,0,0
0,0,0,0
0,0,0,0
0,0,0,0
0,0,0,0
0,0,0,0
0,0,0,0
0,0,0,0
0,0,0,0
180,522,159,195
221,290,168,234
254,152,174,258
270,116,161,223
270,132,161,193
247,173,173,167
221,208,184,167
213,260,180,155
200,300,211,144
209,309,226,144
235,317,195,136
235,343,205,139
223,381,209,154
201,412,224,165
178,432,224,178
178,410,208,238
175,363,214,249
188,318,193,229
174,288,207,211
174,275,207,205
185,282,207,198
198,306,207,198
223,330,195,198
223,343,207,198
237,358,193,194
251,366,179,200
251,359,173,211
251,349,173,211
251,339,178,211
261,354,190,196
274,368,190,182
327,393,190,182
379,391,208,186
381,367,218,195
341,329,206,199
269,301,236,228
203,314,261,230
150,351,269,226
99,402,280,206
85,456,280,191
94,452,258,203
92,400,245,221
113,359,219,172
134,262,234,174
159,194,227,175
188,161,189,162
240,155,186,168
357,187,160,175
476,252,147,190
574,315,187,168
620,329,148,161
584,299,153,179
564,273,114,114
564,251,92,92
564,259,105,92
591,289,147,124
625,306,144,171
617,298,144,183
585,276,127,134
0,0,0,0
422,261,127,143
353,277,149,149
258,312,195,143
124,393,229,138
7,518,230,100
5,535,231,134
37,503,241,159
106,453,200,184
123,431,200,188
136,442,208,188
160,468,214,196
191,503,224,136
205,533,250,139
205,585,268,129
182,600,276,115
140,584,227,134
102,602,158,115
0,0,0,0
0,0,0,0
0,0,0,0
0,0,0,0
288,600,212,115
367,470,222,239
430,420,200,256
445,420,176,256
468,456,176,246
465,483,179,230
465,483,172,230
467,486,172,225
467,482,172,225
469,488,175,221
469,488,175,221
469,499,175,221
469,512,175,206
469,558,161,162
533,654,101,65
0,0,0,0
0,0,0,0
0,0,0,0
0,0,0,0
0,0,0,0
0,0,0,0
0,0,0,0
0,0,0,0
0,0,0,0
0,0,0,0
1,673,76,47
2,626,78,89
1,587,74,87
4,544,74,87
4,528,63,77
1,506,62,79
5,488,61,77
2,476,60,75
1,463,58,78
4,453,59,80
4,446,40,72
5,444,39,71
5,444,29,66
5,452,29,66
6,469,27,62
6,490,28,63
2,528,28,63
3,551,27,66
1,632,27,67
0,0,0,0
0,0,0,0
0,0,0,0
0,0,0,0
0,0,0,0
0,0,0,0
0,0,0,0
0,0,0,0
0,0,0,0
0,0,0,0
0,0,0,0
0,0,0,0
0,0,0,0
0,0,0,0
0,0,0,0
0,0,0,0
0,0,0,0
0,0,0,0
0,0,0,0
0,0,0,0
0,0,0,0
0,0,0,0
0,0,0,0
0,0,0,0
0,0,0,0
0,0,0,0
0,0,0,0
0,0,0,0
0,0,0,0
0,0,0,0
0,0,0,0
0,0,0,0
0,0,0,0
0,0,0,0
0,0,0,0
0,0,0,0
0,0,0,0
0,0,0,0
0,0,0,0
0,0,0,0
0,0,0,0
0,0,0,0
0,0,0,0
0,0,0,0
0,0,0,0
0,0,0,0
0,0,0,0
0,0,0,0
0,0,0,0
0,0,0,0
0,0,0,0
0,0,0,0
0,0,0,0
1,656,110,63
53,457,177,230
150,258,193,265
248,127,189,267
318,70,201,228
318,78,201,189
343,91,125,163
307,130,140,137
289,167,165,144
273,209,188,141
287,241,188,148
289,266,192,154
280,302,192,148
271,329,205,151
275,356,185,165
279,378,165,165
256,395,189,189
246,382,189,216
235,361,198,210
232,312,198,210
232,278,198,210
232,262,198,186
232,262,198,173
242,268,198,176
269,288,198,195
290,308,184,181
302,340,189,181
302,363,189,180
312,350,192,180
329,337,224,179
340,337,240,205
367,320,221,251
367,320,223,251
351,312,206,241
322,289,166,246
252,294,190,241
199,309,211,219
199,333,208,188
184,359,233,163
187,337,233,151
195,299,235,155
230,252,214,134
230,213,214,144
255,211,178,147
275,245,172,134
283,282,160,134
257,326,171,132
217,378,159,144
142,429,163,158
122,449,170,158
175,417,144,161
210,391,151,161
248,364,148,161
275,362,151,152
283,365,151,149
272,381,157,152
234,425,205,130
118,486,290,167
75,532,309,156
78,527,328,166
161,484,288,187
261,447,213,187
303,397,192,196
340,397,205,196
382,423,209,173
382,423,239,173
385,401,234,170
400,364,207,198
428,320,158,231
438,304,158,247
449,329,168,206
473,366,161,172
482,375,165,172
474,377,162,169
468,392,159,162
467,379,162,177
458,379,162,177
449,379,162,177
439,381,159,174
432,383,156,171
425,385,153,180
418,387,161,176
404,382,171,187
409,388,161,188
414,394,152,189
414,407,152,185
414,419,152,182
413,430,155,182
413,439,161,182
410,442,172,206
410,442,172,206
424,437,165,207
432,440,168,196
438,428,165,216
442,430,168,196
441,428,171,200
440,426,174,204
439,439,177,208
449,439,177,208
459,454,177,208
469,449,173,208
481,461,167,204
480,469,170,208
478,477,174,212
470,481,179,214
459,481,182,214
446,475,186,222
435,475,186,222
413,491,190,218
404,522,191,195
422,630,172,89
0,0,0,0
0,0,0,0
0,0,0,0
0,0,0,0
0,0,0,0
0,0,0,0
0,0,0,0
0,0,0,0
0,0,0,0
139,676,89,38
157,645,71,72
170,623,80,83
177,625,77,80
180,636,82,76
182,663,80,57
194,687,76,31
0,0,0,0
0,0,0,0
0,0,0,0
0,0,0,0
0,0,0,0
0,0,0,0
268,663,127,50
330,517,135,196
426,376,139,220
479,264,176,258
530,179,176,258
542,152,176,258
556,133,159,258
556,119,151,208
543,109,146,197
540,102,139,197
516,94,145,209
497,81,145,213
476,72,145,213
455,63,155,213
437,55,152,209
415,55,163,209
397,57,160,205
375,71,160,205
353,71,160,205
343,77,152,201
333,80,144,200
314,93,144,180
295,105,154,164
286,135,151,165
275,153,151,145
264,171,151,145
252,187,154,148
252,205,154,148
252,215,154,158
252,245,154,158
230,280,165,158
232,287,162,195
234,320,171,213
226,370,211,216
238,418,221,221
236,465,253,215
234,506,276,193
240,549,270,161
237,548,250,172
217,518,243,175
177,459,231,151
142,392,226,154
114,325,203,190
58,268,210,228
17,235,214,263
17,235,196,268
34,268,184,236
42,305,203,200
49,326,225,180
106,339,248,208
207,353,202,194
286,376,181,202
365,394,202,210
445,404,216,188
504,415,222,175
552,425,231,165
592,432,222,155
617,422,218,153
629,404,220,150
625,383,225,147
625,353,208,180
625,329,205,206
621,329,198,214
617,329,195,203
618,351,199,211
621,386,196,211
585,426,234,199
529,456,283,223
521,503,262,214
512,539,227,181
415,555,278,164
382,554,259,166
340,543,264,176
298,549,254,161
263,537,251,150
255,518,233,127
227,508,233,102
197,475,242,106
167,440,254,136
157,396,220,214
142,377,190,250
129,397,177,245
104,458,203,234
81,541,227,174
56,649,299,66
0,0,0,0
0,0,0,0
0,0,0,0
0,0,0,0
0,0,0,0
659,636,191,78
628,561,238,153
655,491,209,204
653,453,198,208
663,429,178,200
661,407,157,204
659,393,149,212
656,404,146,221
656,409,138,221
658,438,151,217
668,470,169,217
679,544,189,173
707,639,189,72
0,0,0,0
0,0,0,0
0,0,0,0
0,0,0,0
0,0,0,0
0,0,0,0
0,0,0,0
0,0,0,0
0,0,0,0
0,0,0,0
0,0,0,0
0,0,0,0
0,0,0,0
0,0,0,0
0,0,0,0
0,0,0,0
0,0,0,0
0,0,0,0
0,0,0,0
0,0,0,0
2,445,51,73
2,394,104,129
2,384,175,167
58,407,215,155
173,418,252,174
311,406,232,199
343,381,214,199
292,342,207,203
204,325,220,195
131,303,229,203
79,300,247,199
109,292,237,203
197,304,203,199
318,306,157,203
425,322,105,195
447,332,105,199
447,348,151,203
437,379,168,200
417,425,180,213
393,499,198,200
424,576,120,141
422,618,113,102
445,643,79,77
461,648,77,65
469,627,77,91
475,590,74,130
482,548,100,164
482,485,90,164
481,452,87,163
481,413,87,168
481,386,85,167
482,379,87,167
482,379,90,164
488,385,89,163
498,405,80,157
500,424,84,157
498,454,81,148
493,478,89,145
474,505,116,130
466,515,119,131
466,515,127,131
456,505,139,134
453,486,135,151
451,471,140,152
453,458,137,149
453,441,127,158
444,427,127,164
443,417,130,167
436,411,127,161
435,402,130,181
426,402,130,181
425,400,118,181
424,412,113,173
420,407,115,173
419,407,109,173
409,400,119,174
404,396,124,171
395,386,131,176
389,374,138,175
377,356,148,184
368,325,158,197
381,296,156,213
397,251,131,259
411,233,109,277
403,214,125,256
394,196,153,256
383,214,174,237
383,223,186,228
394,242,186,191
407,282,186,164
428,314,186,142
445,363,186,114
429,407,213,99
417,405,238,126
424,360,206,189
424,300,206,216
435,249,166,247
449,230,144,230
461,208,154,230
461,208,154,214
472,208,143,214
460,193,124,228
425,193,124,228
382,196,124,225
355,208,126,204
327,230,142,171
319,266,142,138
309,283,152,137
298,297,163,136
298,335,141,156
298,364,151,191
289,418,162,191
280,449,173,191
282,461,170,187
270,484,181,139
254,483,200,92
240,487,201,65
238,466,201,66
228,429,194,82
235,405,194,115
