257,8,158,165
257,7,158,170
255,8,159,170
254,8,157,172
254,8,157,170
255,11,155,171
251,11,157,172
251,13,156,173
247,13,157,176
247,13,157,176
242,13,159,176
237,15,158,177
234,16,157,178
229,19,159,180
229,18,159,181
224,21,162,185
221,25,164,186
218,31,163,181
216,35,159,177
217,35,160,177
215,39,155,173
214,41,151,168
211,46,148,164
211,48,145,161
211,45,145,166
210,51,144,159
209,53,141,156
211,53,139,155
212,55,137,153
213,56,135,149
209,56,139,152
210,58,137,148
209,57,139,150
210,57,137,151
213,58,135,151
213,56,135,152
210,57,140,152
212,58,135,150
210,57,135,152
212,58,134,149
208,58,136,151
208,59,133,147
206,59,133,146
204,59,135,151
204,59,133,152
204,60,133,148
204,60,132,147
203,60,131,146
203,58,133,150
203,57,132,149
202,57,133,150
201,57,132,149
201,57,135,150
201,57,134,149
200,58,134,151
199,57,136,151
199,56,135,154
199,55,137,154
199,54,137,154
200,55,136,153
200,53,138,155
201,49,142,162
200,47,147,164
201,41,150,170
201,41,149,169
201,40,154,175
199,31,162,187
200,27,166,193
201,24,168,195
200,23,171,195
200,20,172,195
198,16,174,197
195,13,178,202
190,4,181,209
188,5,185,211
185,3,192,212
184,2,198,221
183,2,198,221
178,2,205,226
178,2,205,226
176,1,208,226
174,1,208,226
171,1,207,225
168,1,207,229
168,1,211,228
163,1,210,227
160,1,218,230
158,1,218,230
158,1,220,235
157,1,220,235
157,1,222,235
155,1,226,234
154,1,225,233
153,1,227,232
153,1,226,231
152,1,225,234
152,1,228,234
152,1,229,233
152,1,229,233
152,1,229,235
155,1,229,235
157,1,229,235
163,1,227,233
166,1,227,233
165,1,227,231
166,1,226,230
169,1,225,229
168,1,225,224
167,1,229,224
168,1,228,223
168,1,228,232
169,1,229,236
171,1,229,236
173,1,228,235
172,1,228,235
173,1,227,234
172,1,226,231
175,1,225,223
174,1,225,223
175,1,225,223
176,1,225,223
177,1,225,231
178,2,225,231
177,4,231,231
177,2,230,236
177,2,233,236
177,1,233,236
177,1,234,236
177,1,234,236
177,1,235,235
178,1,234,231
178,1,235,230
177,1,235,234
178,1,239,237
177,1,238,237
179,1,245,244
179,2,247,247
179,2,249,251
180,1,249,251
179,1,249,251
179,1,249,251
179,1,252,251
179,1,252,251
179,1,256,251
179,1,255,250
179,1,258,250
179,1,258,250
179,1,260,250
179,1,263,250
181,1,261,248
181,1,260,251
180,1,262,251
183,1,261,250
180,1,261,250
179,1,260,249
182,1,256,244
179,1,256,244
177,1,256,244
176,1,256,244
175,1,256,244
174,1,256,244
173,1,256,244
174,1,256,244
173,1,255,247
174,1,255,247
173,1,259,247
172,1,259,247
171,1,259,247
170,1,259,247
172,1,257,247
172,1,256,244
177,1,254,244
181,2,253,247
187,3,254,248
187,1,256,248
187,1,255,247
193,1,251,246
195,1,246,245
197,1,243,243
197,1,237,240
197,1,237,240
195,1,233,238
193,1,231,240
189,1,231,242
185,1,232,244
184,1,233,244
180,1,235,246
176,1,235,247
173,1,235,247
171,1,235,247
171,1,234,247
169,1,234,250
168,1,234,251
168,1,234,253
167,1,234,254
167,1,235,255
166,1,236,255
166,1,237,257
167,1,237,261
168,1,239,265
167,1,240,265
167,1,240,265
165,1,243,267
166,1,243,267
167,1,242,271
167,1,243,271
168,1,243,273
169,1,244,275
170,1,244,275
172,1,243,272
172,1,243,272
174,1,240,266
177,1,232,255
180,1,224,244
183,1,218,238
182,1,218,238
181,1,219,237
183,1,218,237
185,1,218,238
185,1,219,238
185,1,219,237
186,1,219,237
187,1,219,237
192,1,217,237
192,1,217,237
193,1,215,237
193,1,217,237
192,1,217,237
190,1,220,239
188,1,223,239
188,1,222,238
192,1,223,236
194,1,221,234
196,1,219,230
200,1,217,227
199,1,217,227
200,1,218,227
200,1,216,228
198,2,216,228
196,1,219,228
196,1,219,228
194,1,219,229
192,1,220,228
190,1,220,229
190,1,220,229
189,1,220,229
188,1,220,231
187,1,221,231
186,1,222,233
186,1,223,233
185,1,223,233
185,1,225,236
184,1,225,238
184,1,225,240
183,1,225,240
182,1,225,240
181,1,225,240
181,1,225,240
182,1,226,241
183,1,227,242
182,1,227,242
182,1,230,245
181,1,233,248
181,1,236,252
182,1,238,253
181,1,240,254
181,1,243,256
180,1,247,258
181,1,251,262
181,1,253,262
179,1,256,265
179,1,258,265
179,1,260,267
178,1,264,267
178,1,265,265
177,1,266,266
177,1,268,267
177,1,269,267
177,1,270,268
177,1,272,270
176,1,272,270
179,1,271,270
180,1,271,269
181,1,269,269
179,1,277,270
179,1,274,270
180,1,274,270
184,1,269,268
180,1,272,267
182,1,269,264
181,1,272,266
181,1,270,261
181,1,267,256
182,1,262,246
182,1,257,235
182,1,255,236
184,1,246,225
186,1,235,216
186,1,228,210
185,1,217,200
185,1,216,199
184,1,207,194
182,1,201,186
186,1,191,179
186,1,186,177
190,1,175,173
190,1,174,173
187,1,172,171
186,1,163,173
188,3,157,172
190,11,153,170
191,10,152,170
190,14,151,169
190,18,150,168
192,27,147,165
193,32,143,160
193,32,143,160
192,36,142,159
191,42,139,155
192,48,136,150
193,53,131,146
194,54,130,145
195,58,127,139
194,64,124,133
194,68,120,129
195,72,117,125
196,73,115,124
196,75,114,123
195,76,114,123
194,80,113,122
194,83,113,118
194,85,111,115
195,88,110,114
197,89,109,113
198,93,106,110
199,95,104,109
198,95,106,109
199,97,104,104
200,99,102,98
199,103,104,95
199,105,102,92
199,105,102,92
199,107,101,91
199,110,100,91
199,112,101,89
200,112,99,94
201,112,102,101
202,112,99,102
201,113,99,101
202,114,99,97
202,115,99,97
201,114,99,97
201,115,99,97
201,115,99,98
202,117,98,97
203,117,98,97
203,117,98,97
204,118,97,96
205,118,98,95
206,118,98,94
207,118,98,94
207,118,98,94
208,118,98,94
207,118,102,94
208,117,102,94
210,116,102,94
209,116,102,97
211,115,102,99
213,114,101,98
215,113,101,98
216,112,102,99
217,112,102,99
219,111,101,98
220,110,101,104
222,109,101,104
224,108,102,103
224,108,103,103
226,108,103,102
228,107,104,102
231,106,105,101
234,106,105,100
234,105,105,100
238,105,104,104
240,106,103,103
241,106,102,106
241,106,106,105
241,106,106,105
242,106,106,105
243,108,106,104
244,109,105,107
246,110,104,106
246,110,104,106
248,111,103,105
250,112,102,104
252,113,103,103
254,114,102,102
254,114,102,102
254,115,102,101
254,115,101,100
254,115,106,102
255,116,105,101
254,116,105,99
255,116,106,103
256,116,106,103
256,115,108,106
256,114,108,108
257,114,108,108
256,114,108,108
255,113,107,108
253,112,107,108
252,111,107,108
252,111,108,107
250,110,108,107
248,109,108,107
246,107,108,107
245,105,109,107
245,104,109,107
243,102,109,111
241,98,111,115
239,93,114,120
235,91,116,120
235,91,115,119
232,89,117,119
230,87,117,119
229,85,118,118
227,81,118,126
226,81,119,126
223,78,119,132
219,77,119,132
216,75,120,132
214,68,121,142
214,68,121,141
212,66,126,143
211,64,126,145
209,62,131,146
209,60,132,145
209,59,132,146
209,57,134,145
209,55,134,146
209,53,135,149
209,51,135,150
209,51,134,149
211,49,134,149
212,47,136,148
213,45,136,151
214,41,137,154
214,41,138,155
215,39,139,155
216,36,140,157
217,32,142,162
217,30,144,164
218,28,145,165
217,28,146,165
218,26,151,167
218,24,152,168
218,20,153,171
218,17,154,171
218,17,154,171
219,14,154,171
219,12,157,171
218,12,158,171
216,9,158,176
215,8,158,176
212,8,158,179
208,7,158,183
205,5,166,186
203,5,166,188
202,4,166,191
201,4,166,192
201,4,166,192
202,2,166,192
202,2,166,190
202,1,166,190
202,1,166,186
202,1,166,185
201,1,166,185
198,1,166,187
197,1,168,187
194,1,171,188
192,1,172,194
190,1,175,197
188,1,178,200
187,1,178,200
186,1,180,201
185,1,180,198
185,1,180,193
185,1,179,189
186,1,178,188
185,1,177,190
187,1,175,186
190,1,173,185
192,1,172,185
192,1,172,185
192,1,175,187
193,1,177,187
195,2,178,187
196,1,179,187
196,1,179,187
199,1,179,187
200,1,178,186
201,1,176,190
203,1,175,189
206,2,168,189
206,2,170,187
207,3,170,187
208,4,172,186
209,5,174,186
208,4,174,185
208,4,173,183
209,5,171,182
209,5,171,182
209,5,170,181
209,5,170,181
211,5,168,186
212,5,166,185
213,6,167,185
215,7,166,185
214,7,166,185
216,9,166,185
217,9,166,185
217,7,169,193
217,7,170,193
216,7,171,193
216,6,172,193
216,5,173,194
216,5,171,194
216,5,169,193
216,6,169,188
217,6,169,185
217,5,169,189
218,6,168,190
217,6,168,190
217,6,168,190
217,7,168,189
217,7,168,189
216,6,168,189
214,7,166,188
214,6,167,186
214,5,165,184
213,4,164,183
211,4,164,183
210,4,163,183
210,4,163,183
208,4,163,183
206,5,162,181
201,6,161,180
197,6,162,185
198,7,161,184
195,7,161,184
195,7,161,184
195,7,160,183
196,5,159,182
196,6,158,181
198,6,158,181
205,7,157,176
211,8,157,175
218,9,156,178
217,10,157,177
221,11,162,176
226,12,164,176
229,13,167,183
230,14,169,185
229,13,170,184
226,14,170,183
221,13,168,181
217,13,165,172
212,13,162,171
211,13,162,171
204,13,158,171
201,15,152,169
190,18,152,174
183,18,152,174
183,18,151,173
171,18,157,178
166,16,160,185
163,16,161,186
162,16,163,186
162,15,163,186
164,14,163,188
168,12,166,188
175,10,166,184
193,10,160,180
193,11,159,179
202,10,159,173
211,12,161,176
222,12,162,181
228,12,169,187
228,12,168,186
232,13,174,191
238,15,175,190
242,17,174,189
242,16,173,188
242,16,172,187
240,14,171,186
234,14,169,185
230,14,166,179
223,13,162,178
221,13,164,176
213,14,162,174
206,14,160,175
197,13,160,182
189,11,163,188
180,9,165,194
179,9,167,194
174,11,170,193
175,11,167,194
178,12,167,188
186,11,164,184
186,11,163,184
191,9,165,183
199,9,163,181
207,10,162,174
218,12,159,180
218,12,158,179
225,12,163,182
228,13,174,186
234,13,175,192
235,14,178,193
234,13,179,193
232,13,179,192
227,13,176,191
224,12,169,183
218,13,166,175
218,13,166,174
212,14,159,171
205,15,156,173
195,14,154,179
184,14,157,184
183,14,157,185
173,12,161,191
166,13,161,191
161,14,163,193
156,14,170,199
156,11,170,199
159,11,170,198
166,11,168,195
175,11,167,186
191,12,162,183
191,12,161,182
202,11,162,178
216,11,161,175
229,12,161,179
238,13,168,185
238,14,167,185
243,14,172,190
246,17,174,188
245,17,176,189
242,18,175,186
242,18,174,185
235,16,171,183
226,14,172,183
216,11,171,179
214,10,162,179
214,10,161,180
205,9,160,187
198,9,160,191
192,10,161,194
180,5,170,201
180,4,170,201
177,5,171,202
177,5,171,203
179,5,174,202
185,4,172,197
186,5,171,197
195,4,168,193
204,4,166,191
212,5,168,184
223,8,167,186
223,8,167,185
233,9,171,188
239,10,177,196
242,11,180,195
242,14,182,194
241,13,184,195
240,12,181,193
237,12,180,192
235,12,170,184
229,14,168,180
230,15,166,179
223,14,164,174
215,14,162,172
208,14,162,171
203,13,160,178
206,13,155,178
197,12,159,187
182,9,167,194
173,9,168,196
168,11,172,197
168,10,172,197
169,9,171,197
176,8,169,193
189,8,162,189
202,9,159,181
202,10,159,181
207,9,166,179
221,10,162,180
230,13,168,184
234,14,176,186
234,14,175,185
242,12,179,195
241,12,188,200
242,12,188,199
240,13,187,198
239,12,187,198
234,10,185,198
229,9,181,193
226,11,170,184
221,10,164,176
221,11,163,176
214,11,159,177
203,11,159,182
195,12,160,187
182,9,166,196
182,8,166,196
176,7,169,204
173,7,170,205
173,6,169,204
173,6,174,203
175,7,172,202
178,7,169,201
181,8,168,200
185,8,166,196
188,9,166,192
190,9,164,192
193,10,163,191
196,8,161,192
197,6,161,192
195,6,166,196
195,7,165,196
195,7,165,196
197,7,164,195
199,7,163,194
203,6,162,193
203,7,164,187
209,9,160,181
217,13,156,173
220,15,155,171
223,18,153,164
223,18,153,164
223,18,154,166
225,18,154,166
226,17,154,166
227,14,159,171
226,14,159,171
227,13,160,177
226,13,160,177
225,14,161,176
225,16,160,172
225,16,161,171
226,18,159,169
228,21,156,167
229,24,154,162
230,27,151,157
229,27,150,156
229,28,152,154
230,28,150,158
231,27,152,160
232,25,153,162
233,23,154,166
232,24,156,166
234,21,154,169
233,22,158,168
234,22,157,167
235,23,156,166
234,22,156,166
233,24,155,165
234,25,155,163
235,27,153,159
235,28,152,158
235,28,152,158
234,28,151,157
234,28,151,157
233,27,153,159
232,26,156,159
233,26,155,158
233,26,154,160
233,26,153,159
233,28,154,158
233,29,153,157
233,28,154,158
234,29,151,156
234,30,150,155
235,31,149,154
235,29,151,157
234,29,152,156
236,27,150,159
237,28,149,159
236,29,151,158
235,30,150,155
237,30,149,154
236,30,150,155
237,31,148,153
237,30,149,155
237,29,151,157
237,29,150,156
236,26,153,162
234,20,157,169
233,17,157,173
233,18,157,173
232,18,158,173
231,17,159,175
230,16,160,176
229,15,161,175
229,16,159,173
228,13,160,175
227,13,162,175
226,12,163,176
226,8,163,185
224,6,166,186
226,8,164,186
225,7,164,186
224,8,164,186
223,8,163,185
222,8,162,183
223,8,161,182
222,8,162,182
221,6,163,185
221,7,163,185
221,8,162,185
220,8,162,183
220,8,162,184
220,8,163,184
221,8,162,181
222,8,161,181
222,7,161,181
222,8,161,181
222,8,162,180
221,9,162,181
221,9,162,180
221,10,162,179
221,10,161,178
221,10,160,179
221,10,160,179
222,10,159,178
222,11,159,177
222,12,160,175
223,14,159,172
223,16,160,169
228,17,157,170
228,16,156,172
229,18,155,171
230,19,153,166
229,19,157,164
229,19,155,165
231,20,153,165
232,20,153,165
232,21,154,166
233,22,152,164
234,23,151,163
234,23,151,162
235,22,154,166
237,22,155,167
236,23,158,167
237,23,159,166
236,23,160,166
236,23,160,168
235,23,161,167
237,24,158,165
239,24,155,165
239,25,155,165
238,25,156,165
239,26,155,164
239,27,156,163
239,27,158,163
239,27,158,163
240,24,158,169
241,25,158,168
242,26,158,168
242,26,158,168
241,26,161,168
242,26,160,167
243,26,159,166
243,25,161,168
244,25,160,167
244,25,158,167
245,25,158,167
244,25,160,167
244,24,160,170
245,24,160,170
245,24,160,170
246,24,160,170
245,23,162,170
244,23,162,169
243,22,162,171
244,23,160,170
244,23,160,170
244,23,160,168
243,22,161,168
242,22,162,169
243,23,161,168
242,24,162,168
242,25,162,168
242,23,161,170
242,23,160,169
242,23,161,170
242,22,162,171
242,22,163,170
241,21,162,169
241,21,162,169
241,21,164,170
241,21,163,172
242,21,162,172
242,20,162,173
243,20,160,173
243,20,160,173
243,20,160,173
243,20,161,173
242,20,161,173
243,19,161,173
242,19,162,173
243,20,162,173
243,20,161,173
243,21,161,173
243,21,161,173
241,20,160,173
241,20,160,173
238,19,160,173
235,19,158,172
233,19,156,172
228,18,155,169
228,19,155,167
223,18,154,169
217,18,154,167
213,21,152,168
210,22,151,168
213,22,149,169
211,24,147,167
212,27,142,162
211,30,141,158
211,32,138,157
211,32,138,157
210,33,137,156
209,34,137,157
208,36,135,156
206,36,136,157
206,36,136,157
205,38,134,156
202,39,132,155
201,41,131,154
199,43,130,153
200,44,129,152
198,45,129,151
197,47,126,150
195,49,127,149
194,50,125,148
194,50,124,147
193,54,124,146
193,56,124,145
194,58,123,144
195,59,123,144
196,60,122,143
200,60,122,143
202,61,122,137
205,61,124,138
208,62,124,138
208,62,125,136
210,62,125,136
213,65,125,136
215,67,123,131
219,69,119,128
218,69,119,127
220,70,119,126
222,73,118,129
224,75,116,124
226,76,115,123
227,76,114,122
228,78,115,121
229,79,114,120
230,80,117,119
232,82,116,118
232,83,117,117
234,83,114,116
232,84,114,118
233,84,116,118
233,85,116,117
234,84,115,118
235,85,113,116
235,86,113,115
235,87,112,115
235,89,111,114
234,90,112,114
234,91,113,115
236,92,110,115
238,94,109,115
238,95,107,114
237,94,109,114
236,95,109,114
235,96,108,113
235,97,107,112
234,98,109,112
234,98,110,112
234,100,108,110
234,101,107,109
233,101,106,110
234,103,105,109
234,103,105,109
234,105,104,107
234,106,104,107
235,107,103,106
234,107,103,106
234,107,103,104
234,107,103,104
234,107,104,104
234,107,104,104
234,107,104,104
233,106,104,104
233,106,104,104
233,106,103,105
232,105,104,106
232,105,105,106
232,105,105,106
232,105,105,106
232,102,105,112
232,102,105,112
232,100,105,113
231,99,107,113
231,99,107,114
231,99,108,114
231,99,108,116
231,99,108,116
231,98,108,116
232,98,107,116
232,98,107,115
232,98,107,115
233,99,107,115
233,99,108,115
234,98,108,115
234,97,108,120
235,97,109,120
233,97,112,118
233,97,111,118
233,97,114,121
234,97,112,120
235,97,112,119
236,98,112,118
237,98,112,118
235,98,114,121
235,97,115,123
235,98,115,123
235,98,115,123
235,97,115,123
235,98,115,123
235,98,115,123
236,98,115,123
236,99,115,123
238,99,115,123
239,100,113,122
239,100,112,121
240,100,112,121
239,101,115,119
238,101,115,119
239,101,116,118
240,101,114,118
240,101,114,118
240,101,114,118
240,101,113,120
241,102,113,120
242,103,114,120
241,103,114,119
241,103,115,119
241,103,116,118
241,103,115,117
241,104,115,118
241,104,117,118
241,104,118,117
241,104,118,119
241,104,117,118
241,102,118,121
241,102,118,120
241,102,118,119
241,102,119,120
241,102,119,120
243,102,118,120
244,102,117,121
245,101,116,120
246,100,115,119
246,100,116,121
246,101,116,120
247,101,115,119
245,102,117,118
246,101,116,117
246,101,117,117
246,100,117,120
246,100,117,120
246,99,117,120
247,99,117,120
247,99,116,121
247,99,118,121
248,99,117,120
247,99,118,121
248,99,118,120
248,99,118,121
248,98,120,121
248,98,119,120
247,98,120,122
247,98,119,121
248,99,118,120
248,99,119,119
248,99,120,120
249,99,119,119
249,100,118,118
249,100,117,120
249,100,117,119
250,100,116,118
250,100,119,119
251,100,119,118
251,100,119,118
252,101,118,117
254,100,117,117
255,100,117,117
256,101,116,119
255,101,119,120
255,101,120,119
255,101,120,118
255,100,121,120
255,101,120,119
255,101,119,121
256,101,120,121
256,101,120,121
257,100,118,122
257,100,120,121
257,100,119,121
257,102,120,120
257,102,119,119
257,102,121,118
258,100,120,125
258,100,119,124
258,100,121,123
259,101,120,122
259,101,120,122
259,101,120,121
259,102,119,121
259,102,119,120
259,102,120,121
258,102,121,120
258,102,120,119
258,103,120,120
258,102,120,124
258,101,121,123
257,100,120,122
256,100,123,121
257,100,122,124
258,100,121,124
258,100,121,125
257,100,122,124
258,101,121,123
258,101,120,122
258,101,122,123
258,101,122,122
258,101,121,121
258,100,123,123
258,100,124,122
257,101,124,122
257,101,123,121
257,101,123,121
257,100,122,125
257,100,122,124
257,100,121,123
257,101,120,122
256,101,123,123
257,100,122,122
257,100,122,126
257,98,122,128
257,96,122,130
258,95,123,130
257,95,123,131
256,96,124,129
256,96,123,130
255,96,123,129
256,96,122,130
255,96,123,127
255,96,123,127
255,95,124,127
255,94,124,128
255,94,125,128
255,93,125,130
256,93,123,130
255,93,124,130
255,93,123,129
254,92,124,128
253,90,125,130
253,90,124,129
252,89,125,130
251,88,125,129
250,86,124,129
249,85,123,130
249,85,124,129
248,84,123,130
247,83,126,129
246,84,126,128
245,83,128,130
245,82,127,129
245,81,128,132
245,81,127,131
245,81,126,133
244,81,127,132
245,81,126,131
245,81,125,131
245,81,125,132
245,81,125,131
246,82,124,130
245,81,124,131
244,81,125,130
244,81,125,129
244,82,123,129
244,83,122,129
244,84,121,128
244,84,121,128
245,84,120,127
245,85,119,126
244,86,119,124
243,86,120,126
244,87,119,125
243,87,120,127
242,87,121,126
242,88,120,125
241,88,121,126
242,89,120,125
242,89,120,125
242,89,119,125
242,90,119,127
242,90,119,123
243,89,119,124
243,89,119,124
242,89,119,123
242,90,118,122
242,90,120,124
242,90,119,123
242,89,119,125
242,89,119,123
241,88,120,123
241,86,121,124
241,87,120,125
241,87,119,124
241,87,119,125
241,87,119,124
241,87,119,124
241,87,119,124
242,86,119,126
242,85,120,127
243,85,120,128
240,84,124,129
241,84,123,128
240,84,123,127
240,83,123,127
240,83,122,126
240,83,121,125
239,82,124,127
240,82,123,126
240,82,122,125
239,82,124,130
240,81,123,129
240,81,124,129
238,79,125,132
239,79,124,131
239,79,125,133
240,79,124,132
240,79,123,131
240,78,123,130
239,77,125,129
239,76,125,132
239,73,127,133
239,73,126,134
239,72,126,134
239,68,128,139
238,64,131,140
238,62,133,143
238,62,133,143
238,57,137,146
239,54,138,149
239,50,141,152
240,47,144,157
240,47,143,154
241,42,145,158
241,39,149,161
242,34,152,167
243,29,154,173
243,29,156,174
242,24,160,177
241,20,163,181
239,16,167,184
239,14,172,188
239,14,172,188
238,10,177,194
237,7,180,199
236,1,182,207
234,1,185,207
233,1,185,207
232,1,188,208
231,1,189,208
229,1,190,208
228,1,190,208
228,1,189,207
226,1,194,208
224,1,196,211
222,1,197,213
220,1,199,214
220,1,199,214
219,1,200,216
219,1,199,216
217,1,201,215
216,1,204,215
216,1,204,215
217,1,205,217
218,1,211,220
222,1,216,223
220,1,219,225
220,1,219,225
217,1,219,225
215,1,221,226
216,1,218,226
216,1,217,226
216,1,217,225
217,1,216,224
218,1,216,224
218,1,219,224
215,1,218,224
215,1,218,224
215,1,218,224
216,1,219,228
216,1,220,229
216,1,220,229
216,1,221,231
216,1,220,230
216,1,219,229
216,1,220,228
216,1,220,228
215,1,220,230
214,1,222,228
213,1,222,228
213,1,224,228
214,1,220,228
213,1,219,227
213,1,219,227
215,1,219,230
216,1,219,230
216,1,219,231
215,1,219,231
214,1,222,231
213,1,221,230
214,1,220,230
214,1,220,230
214,1,219,230
215,1,218,230
215,1,218,230
215,1,218,230
214,1,218,230
214,1,218,230
214,1,218,230
214,1,218,230
214,1,218,229
215,1,217,228
215,1,216,228
215,1,216,228
215,1,217,228
215,1,217,228
214,1,217,228
214,1,217,227
213,1,217,227
212,1,220,227
212,1,220,229
215,1,218,228
215,1,218,228
215,1,217,228
214,1,217,228
216,1,217,228
216,1,217,228
216,1,217,228
216,1,217,228
216,1,217,228
216,1,217,228
215,1,215,225
215,1,214,223
215,1,214,223
212,1,209,216
213,1,203,211
212,1,199,205
211,1,198,204
210,1,192,202
210,1,184,199
210,1,178,195
212,1,172,190
209,1,170,190
208,1,170,190
209,5,165,185
209,11,161,180
211,14,154,174
212,19,150,169
212,19,149,169
213,25,145,162
215,30,142,159
215,35,138,154
217,39,135,151
217,40,137,150
218,43,134,149
218,46,134,146
219,48,133,145
219,51,132,143
219,52,131,142
219,54,130,141
219,56,129,140
219,58,128,139
220,63,125,133
221,64,122,132
221,69,119,127
221,71,118,126
221,75,116,124
221,77,115,123
221,78,114,122
221,80,113,121
221,82,114,119
220,85,113,119
221,87,112,116
222,88,112,116
222,90,110,115
223,91,110,114
223,93,110,113
224,95,109,112
223,94,111,114
223,96,109,110
225,98,107,110
226,99,106,109
226,100,106,108
226,100,106,108
227,101,105,108
228,103,105,107
229,104,104,106
229,104,105,108
229,104,103,105
229,106,103,104
230,107,103,105
228,107,107,105
229,108,105,104
229,108,104,104
230,108,103,104
230,108,104,105
231,108,104,105
231,108,104,105
230,109,106,105
231,108,104,105
232,108,104,106
233,108,102,105
233,107,104,105
233,107,104,105
233,107,105,106
234,107,104,106
233,106,105,109
232,106,106,109
232,106,106,109
233,105,105,109
233,105,105,109
233,105,105,109
233,104,105,109
233,104,105,109
233,104,106,111
232,103,107,111
232,102,108,112
231,102,109,112
231,102,109,112
231,101,110,113
232,101,111,114
232,101,110,114
233,101,111,114
233,101,111,114
234,101,111,113
235,101,112,112
235,101,113,114
236,101,112,113
235,100,114,116
236,101,114,115
238,101,112,115
240,102,112,115
240,102,114,117
241,101,112,118
241,101,113,119
242,102,114,118
243,102,114,117
244,103,113,118
245,104,113,118
245,103,114,118
246,103,114,119
246,103,116,119
247,104,113,118
248,104,112,117
249,105,111,116
246,103,115,117
247,104,113,117
246,105,115,117
246,105,114,117
247,105,113,117
248,104,113,117
249,104,113,117
250,105,111,116
250,105,111,116
251,105,110,115
251,104,111,116
248,104,114,117
248,103,115,117
249,103,114,117
249,103,115,117
249,101,115,119
248,102,115,117
249,101,115,117
248,100,116,118
248,100,117,118
248,99,118,119
249,98,118,120
250,97,117,121
249,96,118,122
249,97,118,122
250,98,116,120
249,97,118,121
248,96,119,123
248,96,120,123
248,96,119,123
248,97,119,122
249,97,119,122
251,96,117,121
252,96,116,120
252,96,116,120
250,97,121,121
250,96,119,120
251,97,118,120
251,97,117,119
251,97,118,121
251,97,117,120
250,98,117,120
250,99,115,119
250,99,115,119
250,98,114,119
250,99,113,118
250,101,113,116
250,100,113,116
251,100,112,115
250,100,112,115
249,101,114,116
249,101,116,117
249,101,114,117
250,100,113,117
250,100,113,117
250,100,114,119
250,101,114,118
250,101,113,118
249,102,113,118
249,102,114,118
249,102,114,118
249,102,113,116
250,102,112,116
250,102,112,115
249,103,113,115
249,102,113,115
249,103,113,117
248,102,113,117
248,102,113,117
248,102,113,117
248,101,113,117
248,102,112,117
247,102,114,116
247,103,114,115
247,102,114,115
247,102,113,115
247,103,113,113
247,103,113,113
247,103,113,113
247,103,114,114
247,103,114,114
247,102,116,116
247,100,117,118
247,100,118,118
247,100,118,118
247,99,118,117
247,99,118,118
247,99,117,116
247,99,116,116
247,99,117,117
247,99,116,116
247,98,117,117
248,97,118,118
248,96,118,119
248,97,117,118
248,96,117,118
248,95,118,118
246,95,119,121
246,95,119,120
246,95,119,120
246,95,118,119
247,95,117,121
248,95,117,120
247,95,118,120
247,95,118,120
247,96,118,120
247,96,119,121
248,96,118,120
249,96,118,119
249,96,118,121
249,96,118,121
250,95,116,120
249,96,117,120
249,96,117,119
249,96,117,120
250,96,117,119
249,97,118,119
249,96,117,121
249,96,117,121
249,96,117,120
249,97,117,121
249,96,118,121
250,96,117,122
250,96,117,120
250,96,116,119
248,97,119,118
248,97,118,119
248,97,119,118
248,97,119,120
248,98,119,119
248,96,118,121
250,95,116,121
248,96,119,121
249,96,118,121
249,96,117,121
250,96,117,121
249,96,116,121
249,95,116,120
250,95,116,121
248,95,119,121
248,94,121,123
247,93,121,124
248,93,119,123
249,94,117,122
249,93,119,122
249,93,119,122
249,93,119,123
249,95,117,121
250,95,117,120
250,95,117,120
250,94,117,120
251,95,117,119
252,95,115,120
252,95,116,120
252,95,116,121
251,95,118,121
252,96,117,121
251,94,117,124
251,95,118,122
251,95,118,121
250,96,119,121
250,96,119,121
251,97,119,122
251,98,119,123
251,98,120,123
252,100,119,122
252,101,118,121
251,102,117,120
249,103,119,121
250,105,117,120
251,106,116,119
251,108,115,117
248,109,117,119
246,111,117,118
246,111,115,118
246,111,114,118
245,113,114,118
244,114,115,117
243,116,113,116
242,118,111,113
242,118,112,113
240,119,111,112
238,120,110,111
236,121,109,110
234,121,108,110
235,121,107,109
232,121,107,109
228,120,111,109
228,122,109,108
229,123,106,106
229,123,106,106
228,124,106,107
228,124,107,109
231,123,105,111
231,124,108,112
232,124,106,110
233,125,109,109
235,125,108,111
234,123,111,114
238,123,112,114
238,123,110,114
239,122,113,115
241,121,113,115
242,120,114,114
244,117,114,118
244,117,114,117
245,115,114,117
246,113,115,117
242,112,121,117
244,108,122,120
248,108,119,120
249,106,120,122
251,104,120,122
252,100,121,125
253,98,122,126
252,98,123,125
254,96,121,127
253,93,123,128
253,90,124,128
253,87,125,131
252,87,126,132
253,85,125,131
251,81,129,133
252,79,130,135
252,76,131,137
249,75,134,139
250,71,134,142
248,69,136,142
248,67,134,142
247,64,136,142
246,65,135,142
245,63,136,142
244,62,137,141
244,61,138,142
244,59,138,142
244,59,138,144
244,59,137,143
244,58,138,143
244,57,137,142
245,56,136,141
244,55,139,142
244,54,138,145
244,52,138,146
245,50,138,146
244,49,138,148
244,49,138,148
243,49,139,148
242,48,142,148
241,48,142,149
240,47,142,148
240,47,143,147
239,46,143,148
238,46,143,149
238,46,143,148
237,45,143,148
237,45,144,148
238,45,143,149
239,45,142,148
239,45,142,148
239,46,142,149
239,46,141,148
238,46,142,148
239,46,142,149
240,46,140,149
240,46,138,149
241,47,137,149
242,47,137,148
242,46,136,147
243,46,137,150
242,46,136,149
242,46,137,148
242,47,136,147
242,48,137,146
242,48,137,147
242,48,138,146
242,48,138,147
242,48,137,149
244,48,135,149
244,47,135,149
243,46,137,150
243,46,138,149
243,46,138,149
243,46,137,148
242,46,139,147
242,47,139,147
242,46,138,149
242,46,139,149
241,46,139,148
240,45,138,150
239,44,142,150
239,44,142,150
238,44,143,149
237,44,143,149
237,43,143,149
238,43,143,150
237,42,143,150
237,41,142,154
238,42,142,154
239,43,141,153
239,44,141,153
241,44,141,153
241,44,139,152
241,44,138,151
241,44,138,151
241,44,139,151
241,44,138,150
242,44,138,150
243,43,137,149
243,43,137,148
243,43,137,148
242,43,137,148
242,44,140,149
242,45,140,149
241,44,141,149
245,46,137,148
244,46,138,148
243,44,137,149
242,46,138,148
242,46,138,148
242,46,139,149
241,46,138,148
241,46,139,148
241,46,138,149
241,46,139,148
243,47,137,145
243,46,138,145
244,46,137,144
244,46,137,145
244,46,138,145
245,47,137,144
245,47,139,145
245,46,139,145
246,46,140,148
247,46,138,148
248,46,138,148
248,46,139,147
249,46,138,146
249,46,141,148
250,45,142,148
251,45,141,150
251,45,143,150
250,44,144,150
251,44,142,153
252,45,142,152
253,45,141,151
253,45,140,150
253,45,141,151
253,45,141,150
252,47,142,150
252,45,143,150
253,45,141,151
253,45,141,151
254,46,142,152
253,46,143,151
253,46,142,150
252,46,142,149
253,46,142,149
253,46,141,150
254,46,141,150
253,46,140,149
253,48,141,148
253,48,141,147
253,48,140,146
253,48,142,146
254,47,142,146
254,47,142,148
254,47,142,148
253,47,144,150
253,47,144,150
252,47,143,149
251,47,143,149
250,47,143,149
251,46,145,150
250,47,145,149
251,46,143,149
251,46,142,150
252,47,141,149
253,48,141,148
252,48,141,147
252,47,141,148
251,46,143,149
250,45,145,152
251,45,142,150
251,45,142,150
251,45,140,150
251,45,140,150
251,45,142,150
250,45,141,149
250,45,142,148
249,45,142,149
249,45,142,149
248,45,144,151
247,44,145,150
246,44,145,151
246,43,145,151
245,43,147,154
245,42,148,155
246,42,147,153
246,42,146,153
248,43,145,153
248,43,145,152
249,43,142,151
249,43,143,150
248,42,143,153
248,43,142,152
247,42,143,151
247,43,144,151
247,43,143,150
248,43,143,149
248,43,140,153
248,43,141,152
248,43,142,149
247,43,141,148
246,43,142,147
245,43,144,151
246,41,142,153
247,42,142,153
247,42,142,153
247,42,142,152
247,41,142,152
247,41,142,152
246,41,144,152
246,41,144,152
247,40,143,151
246,41,146,150
246,41,145,154
246,41,144,153
246,41,144,153
246,40,146,153
247,41,143,152
248,41,142,151
249,41,143,152
249,42,143,152
249,42,143,152
249,41,143,152
249,42,143,152
250,42,140,151
250,41,143,154
250,41,142,153
250,41,141,155
250,41,142,154
250,42,140,153
250,42,140,153
249,42,142,153
249,42,142,153
249,43,142,153
249,44,141,151
248,43,140,150
247,43,139,149
246,43,139,151
245,43,137,151
245,43,139,151
245,44,138,150
245,44,137,149
244,45,136,148
243,45,135,148
243,46,138,147
243,46,136,148
243,46,138,148
243,45,138,148
243,45,138,148
243,45,138,148
243,46,138,148
244,47,137,147
244,47,137,147
243,46,140,147
243,46,138,148
244,47,136,149
244,47,139,148
245,47,136,147
245,47,136,147
246,48,136,147
246,48,135,147
246,48,134,147
246,47,135,147
246,47,135,147
246,47,135,147
245,47,137,147
245,47,138,147
246,47,136,146
247,47,135,145
247,46,136,147
247,46,135,147
247,43,138,149
246,42,139,149
245,44,142,150
245,43,142,150
244,43,142,150
246,43,140,149
246,44,139,149
246,45,138,148
245,45,138,148
245,46,139,147
245,46,138,146
244,46,139,147
245,45,137,147
245,45,137,147
246,45,136,147
247,45,135,146
248,45,134,146
243,46,139,147
244,45,137,146
243,46,139,148
243,45,139,148
242,46,140,147
242,46,140,147
243,45,139,148
243,46,139,148
244,46,139,148
244,46,140,150
244,45,140,150
245,45,139,148
246,46,137,147
246,44,139,151
247,45,139,148
248,45,139,148
248,45,139,148
248,45,139,148
248,45,139,148
248,45,140,147
249,46,139,146
250,47,139,145
250,48,139,144
250,47,138,145
251,46,138,145
252,47,137,144
253,47,137,147
252,46,138,147
251,45,138,148
251,44,139,150
250,45,140,149
251,45,139,147
251,45,139,148
251,45,139,149
251,46,140,148
251,46,139,148
251,47,139,148
252,47,139,148
252,47,138,147
253,47,137,146
253,48,136,145
252,47,138,145
252,46,139,146
252,46,139,147
252,47,138,146
252,48,138,145
252,48,138,144
252,48,137,145
251,48,137,145
250,48,140,144
249,48,142,146
249,47,141,145
250,47,140,147
250,47,140,147
250,47,139,146
251,48,139,146
251,47,140,146
251,47,139,147
252,47,138,146
251,47,139,147
251,46,139,147
250,46,141,147
250,47,140,147
250,47,140,147
249,47,141,147
249,46,141,147
249,45,141,147
250,47,140,146
251,47,139,146
251,47,139,146
251,47,139,148
252,47,138,147
251,46,140,147
250,47,140,147
250,47,140,146
249,48,141,147
249,48,140,146
249,48,141,146
249,47,142,145
250,48,141,145
249,48,142,146
249,48,142,145
250,49,141,144
250,47,140,147
251,48,140,146
250,47,141,146
250,47,142,146
251,45,140,151
251,45,140,151
252,46,138,149
252,46,139,148
252,46,138,148
251,45,141,150
251,46,141,150
251,46,140,149
251,45,141,150
251,45,140,149
251,45,142,146
251,45,141,146
251,44,143,149
251,44,144,148
250,43,146,152
250,44,143,152
249,43,145,152
249,43,146,152
248,43,146,154
247,43,148,153
247,43,147,152
247,43,148,152
247,44,147,151
247,44,146,152
246,44,145,151
245,44,148,151
248,43,146,153
248,42,145,153
248,43,144,152
247,42,144,152
249,44,143,151
249,44,142,150
249,43,142,149
249,42,141,153
250,43,142,152
250,44,142,152
249,42,144,152
250,43,143,151
250,44,142,150
250,43,144,150
249,43,142,149
250,43,142,151
250,43,140,150
251,43,139,149
252,43,138,148
252,42,138,148
252,42,140,153
252,42,138,152
253,42,137,151
253,43,137,151
252,42,140,150
252,42,140,150
252,42,139,150
252,42,138,150
252,41,138,150
253,41,137,149
252,41,138,152
252,42,138,151
252,41,139,155
252,41,140,154
252,41,141,154
252,42,140,153
253,42,139,152
253,42,141,151
253,41,141,157
251,42,143,156
252,43,142,155
251,43,142,154
250,44,141,153
250,44,141,155
250,45,140,154
250,46,140,153
250,46,140,152
249,47,141,153
249,47,141,152
248,46,142,153
248,46,142,152
247,45,143,151
247,47,143,155
247,46,144,154
248,46,143,153
249,46,141,152
249,46,140,151
249,46,141,153
249,46,140,153
249,46,142,152
248,46,142,151
248,45,141,150
249,46,142,154
249,45,142,156
249,46,141,155
250,44,141,156
249,44,142,155
249,44,142,155
249,44,142,154
249,43,142,156
248,44,142,155
248,42,144,159
248,43,143,159
248,43,143,159
247,44,145,158
247,44,145,157
248,44,143,155
248,44,142,155
248,45,142,155
248,45,143,155
248,45,142,155
249,46,140,154
249,46,140,153
249,48,141,151
249,48,142,152
249,48,142,151
249,48,143,150
250,49,140,150
250,49,142,149
250,48,141,148
251,48,140,152
251,48,140,150
251,48,141,148
251,48,142,151
251,47,142,149
251,48,142,148
251,47,144,151
251,46,144,154
251,46,144,154
250,46,145,152
250,46,144,154
250,46,146,150
251,46,145,152
253,46,143,152
254,46,141,152
253,46,143,154
254,47,141,153
254,47,141,151
254,47,141,151
253,47,143,152
254,48,141,151
254,48,143,153
253,48,143,152
253,48,142,151
252,47,143,150
253,48,145,150
253,47,143,149
253,48,144,150
253,47,143,149
252,46,142,150
253,46,143,149
252,46,143,151
251,46,144,150
250,46,144,151
251,46,142,151
250,45,144,154
250,45,143,154
251,46,142,152
252,45,141,152
253,46,140,152
252,46,141,151
252,44,143,153
252,44,141,152
252,45,141,154
252,45,141,153
252,45,142,154
251,44,143,153
251,44,143,153
251,45,144,153
252,46,141,152
252,44,142,153
253,44,140,154
252,44,142,154
252,44,143,155
252,44,143,155
252,45,143,154
252,44,143,154
253,45,143,154
253,46,142,153
252,46,144,152
252,45,145,153
252,45,143,152
252,45,143,152
252,45,146,153
252,45,146,152
252,44,146,153
252,44,145,152
252,43,145,155
253,43,145,155
253,43,144,154
253,43,144,153
253,43,144,152
254,43,144,151
254,43,144,152
254,43,144,152
254,43,144,152
253,43,145,152
254,44,145,152
254,44,145,152
254,44,144,152
253,44,145,151
253,44,147,151
252,43,146,154
251,43,147,155
251,41,146,158
251,42,147,155
251,42,147,155
252,42,146,155
253,42,145,154
253,42,144,156
253,42,146,154
253,43,145,153
254,43,143,153
254,42,145,152
253,41,145,153
253,41,144,152
253,40,144,152
253,39,147,155
254,39,146,154
255,39,145,153
255,39,144,154
255,39,144,153
256,39,143,152
256,38,143,155
254,38,147,154
254,38,146,156
254,38,146,156
255,39,145,155
255,38,144,154
255,38,145,153
255,39,144,152
255,38,145,156
254,39,146,155
253,39,146,156
252,40,145,155
250,40,145,153
250,40,146,150
248,41,145,149
245,41,144,152
243,42,144,152
241,43,143,151
241,44,142,150
241,45,141,149
241,46,142,149
242,47,141,149
243,48,142,148
243,49,141,147
243,49,143,149
243,49,142,150
243,50,142,149
244,51,140,148
244,51,142,150
244,51,141,149
245,52,140,148
246,53,140,148
246,53,138,147
247,54,137,146
248,55,136,145
248,54,137,147
249,55,135,146
250,56,136,145
250,54,137,146
251,54,138,147
251,53,139,149
251,52,141,150
251,51,142,150
250,51,142,150
250,49,143,150
251,48,143,150
251,47,146,153
251,46,146,153
251,46,147,152
252,45,147,152
252,44,148,153
253,43,147,152
253,43,149,156
254,44,149,155
254,43,149,155
254,41,148,157
254,40,150,157
252,39,152,160
252,39,153,160
253,38,152,160
253,38,152,160
253,38,152,160
253,36,151,162
254,36,150,162
254,36,150,162
255,36,149,162
253,36,153,161
253,35,153,161
252,34,155,163
253,34,152,162
254,35,153,161
253,35,152,161
252,35,154,162
251,34,154,162
254,35,151,162
253,36,153,163
254,35,152,163
253,35,151,163
254,35,150,162
254,35,150,162
254,36,149,161
254,36,150,160
254,36,151,159
255,37,150,158
255,37,151,160
255,37,151,160
254,37,151,160
253,36,150,159
253,37,152,157
252,37,151,156
252,36,153,160
253,37,152,159
253,37,150,158
253,37,152,160
254,37,151,159
254,36,152,160
254,37,149,159
254,37,151,160
254,37,151,159
254,36,150,158
254,36,151,161
254,36,150,160
254,36,151,160
254,36,150,159
254,36,149,160
254,36,149,159
254,36,148,158
254,36,148,158
254,36,148,158
254,37,147,157
255,37,147,156
254,37,149,158
255,37,148,157
254,37,149,156
255,37,148,155
256,37,147,154
257,38,146,153
258,39,145,152
255,36,148,159
255,35,150,160
254,35,150,161
254,35,150,160
254,36,149,159
253,37,151,160
253,36,151,160
253,36,150,159
253,36,149,158
254,35,148,160
254,35,147,159
254,35,148,159
254,35,148,159
255,36,147,158
255,36,148,157
254,36,147,156
254,36,146,158
253,36,149,158
252,36,149,158
252,36,150,157
251,36,151,159
251,36,151,158
250,37,151,159
252,37,148,158
251,36,150,160
252,36,150,159
251,37,149,159
251,37,150,158
251,37,151,158
252,37,150,157
251,37,149,156
252,37,149,159
252,37,150,159
252,37,149,158
251,37,150,159
253,37,148,158
253,37,147,157
253,35,147,159
254,36,146,158
253,36,145,160
252,36,147,160
252,37,148,160
251,37,147,159
250,36,146,158
249,36,147,160
249,36,147,159
249,36,146,158
249,36,146,158
249,36,146,158
249,36,146,158
249,38,146,158
249,38,145,157
249,39,147,156
248,41,146,157
248,41,145,156
248,41,147,157
249,42,146,156
249,42,145,155
250,44,144,154
250,43,144,152
250,43,143,151
250,43,145,150
251,44,144,149
251,44,145,154
251,43,145,154
252,43,145,154
254,42,144,153
254,41,144,153
257,40,143,152
255,41,147,154
255,42,146,153
255,42,147,153
255,42,147,153
255,42,147,153
255,42,147,153
256,41,146,152
255,42,147,154
255,42,147,154
254,42,147,154
253,42,148,155
253,43,148,154
253,43,148,154
252,42,149,155
252,42,150,154
252,41,150,154
252,41,150,155
251,41,151,155
253,41,150,155
253,42,149,154
253,41,148,154
253,41,147,153
255,41,146,152
255,41,145,155
255,42,145,154
256,43,145,154
256,42,144,153
256,42,145,155
256,42,147,155
255,42,146,154
255,42,145,156
255,42,148,155
255,41,149,157
255,41,147,158
256,41,147,159
257,40,146,159
258,40,146,159
258,40,145,158
257,40,146,157
257,40,145,156
256,40,146,158
256,40,147,157
257,41,146,156
257,42,147,155
256,41,147,155
256,41,148,157
256,40,150,156
256,40,148,157
256,39,149,159
255,38,150,158
255,38,150,158
254,38,150,158
255,38,149,157
255,38,150,158
256,39,148,157
256,38,149,158
255,38,150,157
255,38,149,158
254,37,151,158
254,39,149,158
253,38,150,157
254,39,149,156
254,38,148,155
254,38,151,158
254,39,151,158
254,39,152,158
254,38,150,158
254,39,151,158
254,39,152,157
254,39,151,156
255,39,150,159
255,40,149,156
256,39,150,155
255,38,151,158
254,37,152,161
254,39,151,158
254,39,151,158
254,39,150,157
254,39,151,158
254,39,151,157
253,39,150,156
252,38,152,159
255,39,149,158
255,39,148,157
255,39,149,158
255,39,149,157
254,39,149,157
254,38,149,157
256,39,146,158
255,39,149,157
255,38,149,156
256,38,147,155
256,39,147,157
255,39,149,157
255,39,150,156
255,39,149,157
255,39,149,157
255,38,148,159
258,38,145,158
258,37,146,158
258,37,145,157
257,37,148,159
258,37,147,158
257,36,147,158
257,37,147,161
257,37,148,161
257,37,147,160
256,38,148,160
255,37,151,160
255,36,151,160
255,36,150,159
256,37,149,158
256,38,148,157
257,38,147,156
257,38,147,162
257,38,147,162
256,37,149,162
256,38,148,161
256,37,148,161
257,37,147,160
257,38,145,158
256,37,148,159
256,37,148,158
257,38,146,156
257,38,144,157
256,37,144,157
255,36,148,162
255,37,147,161
254,37,147,159
254,37,146,158
253,38,150,157
253,39,149,154
256,39,147,155
256,39,145,154
257,39,144,155
257,39,143,154
256,38,147,157
255,37,146,156
255,38,145,156
255,37,145,156
255,38,144,155
254,37,147,157
254,38,147,157
253,38,146,156
252,37,146,156
253,37,146,156
255,37,146,156
255,36,145,155
255,36,144,154
256,38,143,153
257,39,142,152
257,38,144,151
258,39,143,150
258,39,144,149
258,39,143,148
260,39,142,147
260,39,141,146
258,39,144,145
256,39,144,148
256,38,147,149
255,38,146,148
254,37,148,147
254,39,149,154
254,39,148,153
255,39,147,152
255,38,148,151
255,38,147,150
254,38,147,155
254,38,146,154
254,38,148,153
253,38,147,152
254,38,146,156
254,38,146,155
255,39,145,154
255,39,146,154
254,39,145,153
254,40,147,152
254,40,146,156
255,41,145,155
255,41,147,154
255,41,146,153
255,41,148,152
254,39,147,155
253,38,151,154
252,38,150,153
252,38,149,157
253,38,148,157
254,38,147,156
254,38,146,155
254,37,150,159
254,36,149,158
254,36,149,158
254,35,149,157
253,34,149,155
252,34,151,161
251,33,151,161
252,32,151,161
251,34,151,163
251,35,150,162
251,34,150,162
251,35,151,163
251,35,152,162
250,35,152,162
250,35,154,161
250,35,154,161
250,35,151,165
250,36,154,164
250,36,155,163
251,36,154,164
251,36,153,161
251,38,152,164
251,38,155,165
253,38,154,164
252,39,154,164
252,39,155,163
253,39,155,163
254,40,155,163
254,40,155,163
254,40,155,163
253,39,155,167
253,38,155,167
255,39,152,166
254,42,152,160
255,42,150,160
255,42,150,160
255,42,149,159
254,42,152,159
254,41,151,158
254,42,153,157
254,43,151,159
255,43,150,159
255,43,149,158
254,44,152,159
255,44,151,158
254,44,153,157
255,44,150,156
255,45,151,157
255,45,152,156
255,45,151,156
254,45,151,155
255,45,152,154
256,45,150,155
255,45,152,156
256,45,151,156
257,45,149,155
257,45,147,154
257,45,149,157
256,45,151,155
256,45,152,154
256,45,150,155
257,45,148,154
257,45,148,157
256,43,150,158
257,43,148,160
258,43,147,159
259,44,146,157
258,44,147,156
258,43,147,156
257,43,150,158
257,42,148,158
257,43,148,158
257,43,148,158
258,43,147,159
258,43,147,159
258,42,149,161
259,43,147,159
257,43,149,158
257,43,150,158
256,43,150,158
256,43,149,158
257,43,148,158
256,43,150,158
256,43,150,158
256,42,149,157
255,42,151,158
256,43,149,157
256,43,148,157
255,43,151,157
255,43,150,156
255,43,152,159
258,41,149,160
258,42,147,159
258,42,146,158
257,41,148,160
257,42,148,160
257,42,149,159
258,42,148,158
258,43,148,160
256,43,151,159
256,43,151,159
256,43,150,158
256,44,150,158
255,44,149,157
255,43,152,156
255,43,151,155
256,42,150,154
256,42,151,159
256,42,150,158
256,42,150,158
256,43,149,157
256,43,151,156
255,43,151,156
256,43,149,157
257,43,149,156
257,43,148,155
257,43,147,154
256,42,149,154
256,42,149,154
256,42,149,154
256,42,147,154
256,42,146,153
256,42,147,152
255,40,147,153
254,40,145,152
254,41,146,152
253,41,145,151
252,42,146,152
252,43,145,151
251,43,147,151
250,43,149,151
254,43,145,150
258,43,140,152
256,43,140,150
254,43,144,151
254,44,141,150
256,45,141,151
253,45,144,150
253,45,144,149
255,46,142,148
256,45,144,147
256,45,142,148
256,45,141,149
255,44,144,149
254,44,145,149
254,44,144,148
254,44,145,147
254,43,146,146
254,44,145,150
254,44,144,149
255,44,144,149
254,44,145,150
256,44,142,149
255,44,143,150
255,44,144,149
255,44,145,151
254,44,146,152
253,42,147,153
254,43,144,151
255,43,143,151
255,43,145,150
253,43,147,149
253,43,146,152
255,43,145,151
253,43,147,153
254,42,144,152
253,43,147,153
254,42,146,152
253,41,146,152
253,41,144,153
254,42,144,152
254,42,145,152
254,42,144,153
255,42,143,154
255,41,143,154
254,40,146,154
253,41,146,154
253,41,145,153
252,40,150,153
252,41,150,153
251,40,150,153
251,45,147,149
251,42,148,151
251,42,147,150
251,41,146,149
253,41,148,153
253,41,147,152
253,40,146,155
253,40,146,155
254,40,145,154
254,41,144,153
254,40,145,152
254,41,144,151
253,41,143,150
252,41,142,149
253,40,142,149
253,40,144,154
251,42,143,153
249,42,142,152
247,42,142,152
245,42,142,152
245,42,141,151
243,42,140,150
241,42,139,149
240,44,135,148
238,44,134,147
238,45,133,146
237,47,134,145
237,49,133,144
236,50,132,143
235,54,130,142
235,55,130,142
234,57,129,141
233,59,128,140
232,60,127,139
230,63,127,139
229,62,127,139
230,65,126,138
229,67,125,134
229,70,124,131
228,72,124,130
227,72,123,129
228,74,122,128
228,76,121,127
227,78,120,126
227,79,120,126
226,79,120,126
226,79,120,126
226,80,119,125
226,81,118,124
226,82,117,123
227,83,117,120
227,83,118,119
227,83,117,118
227,83,118,120
226,83,117,119
225,83,119,118
225,83,119,118
224,83,118,117
226,83,118,121
226,82,118,121
226,82,117,120
227,81,117,120
227,80,121,120
227,79,120,119
227,79,121,121
227,78,120,120
226,77,119,119
226,77,121,118
226,78,120,117
225,77,121,121
224,77,120,120
223,76,119,119
223,76,118,118
221,77,117,123
219,77,113,126
219,76,113,126
216,76,111,126
214,76,108,126
212,76,108,126
210,76,108,129
209,77,108,129
202,78,116,129
201,78,116,129
200,80,115,128
199,82,115,128
198,82,115,128
199,83,115,128
198,83,115,128
200,82,115,128
200,83,114,127
200,82,114,127
200,83,113,126
199,83,112,125
198,83,116,128
200,83,116,128
200,83,115,127
200,83,115,127
201,83,114,126
202,83,113,125
203,83,116,125
203,82,117,126
205,81,116,127
206,81,116,127
206,81,115,126
207,80,117,127
208,80,117,127
209,80,116,126
210,80,115,125
211,80,114,124
212,77,119,130
212,77,118,129
213,78,119,130
214,78,118,129
215,78,120,132
216,78,119,131
218,78,118,130
218,76,119,131
219,79,119,128
221,79,117,126
222,77,116,130
222,77,116,130
223,78,118,129
224,78,117,128
224,77,117,128
225,78,116,128
225,77,115,127
225,77,117,128
226,77,117,128
226,77,117,128
227,78,117,128
226,78,116,130
226,78,117,129
227,78,117,129
228,77,116,128
228,76,121,128
228,75,123,127
228,74,123,127
230,77,122,126
231,77,126,126
231,78,125,125
231,77,129,124
233,78,130,128
233,78,131,127
235,78,130,126
236,78,130,126
236,77,130,126
236,76,130,126
236,76,130,126
236,77,129,125
236,77,132,131
236,77,131,130
236,77,131,130
236,77,130,129
236,76,132,131
239,76,129,128
239,75,129,128
239,76,128,127
239,76,129,129
240,77,128,128
239,76,131,131
238,75,130,130
241,75,129,133
240,74,129,133
240,75,126,135
240,76,125,134
242,76,124,133
241,76,126,133
240,75,125,132
241,75,124,131
241,75,125,135
240,75,124,134
240,75,126,135
239,75,125,134
238,74,128,136
238,75,129,137
238,76,128,136
238,76,126,135
237,76,125,130
239,75,125,130
239,75,127,129
240,77,127,129
239,76,126,129
239,76,125,128
241,77,125,128
241,77,126,131
241,77,126,131
241,76,128,130
241,76,128,130
242,77,127,129
242,77,129,134
242,76,129,134
242,76,128,133
242,76,130,136
243,75,129,135
243,75,127,137
243,75,126,136
243,75,126,136
243,75,129,140
241,75,129,141
240,74,128,140
241,73,127,139
240,72,133,141
241,74,129,140
240,73,129,140
240,73,129,140
239,72,133,140
238,72,133,140
238,72,133,139
238,73,132,138
238,72,132,138
238,73,131,137
239,73,130,136
238,73,132,137
237,71,133,138
237,72,132,137
237,72,133,136
237,72,133,136
238,72,133,136
237,72,131,137
238,72,131,137
237,72,131,137
236,71,136,137
235,70,136,137
234,70,136,137
235,69,135,136
235,69,134,135
235,69,133,137
234,69,135,136
233,69,136,137
232,70,136,137
231,70,138,137
231,70,137,136
237,70,132,135
237,70,132,135
236,71,131,134
236,71,132,136
236,71,131,135
236,71,131,135
237,71,133,134
237,71,132,133
238,71,132,133
239,70,131,132
239,71,131,132
239,71,130,136
239,70,130,136
240,71,129,135
239,71,130,136
240,70,129,135
240,70,131,137
240,69,130,136
242,68,130,136
241,68,130,136
241,67,131,142
242,67,130,141
242,66,129,140
242,68,131,142
242,67,132,143
241,66,132,143
241,66,133,144
241,65,133,144
240,65,132,143
241,67,131,142
241,66,130,141
243,66,129,140
244,67,130,142
244,67,129,141
245,67,128,140
245,67,130,142
245,66,129,141
245,67,129,140
244,67,128,139
245,67,127,138
245,68,126,137
244,68,128,140
243,68,127,139
243,66,126,138
243,66,129,143
243,66,128,142
243,66,127,141
243,68,126,140
241,68,130,140
240,67,130,140
240,67,129,139
240,67,128,138
240,68,127,137
241,68,126,136
241,68,125,138
240,68,124,137
239,68,123,136
238,68,126,135
236,67,125,134
236,68,125,134
234,68,127,136
233,67,127,136
233,67,126,136
232,67,126,136
231,68,126,136
230,68,125,135
229,67,130,135
230,68,127,135
231,69,126,134
231,68,126,138
232,70,125,137
232,69,124,136
232,69,126,138
231,69,125,137
233,69,124,136
233,70,125,136
233,69,124,135
232,69,123,134
232,68,124,137
231,68,127,136
231,68,128,135
231,67,128,135
231,66,127,134
232,67,126,133
231,66,129,136
231,66,129,136
231,66,129,136
231,65,132,140
230,65,131,139
229,65,132,138
229,65,131,137
227,63,131,141
225,63,131,141
223,63,131,141
221,63,130,140
221,65,130,140
219,65,129,139
217,67,128,138
215,69,127,137
214,70,126,136
213,70,128,135
212,70,127,134
211,69,126,133
210,68,129,138
208,69,128,137
210,70,127,136
208,70,126,135
207,71,125,134
206,71,127,136
204,71,126,135
206,71,123,135
206,72,122,134
206,73,121,133
206,73,120,137
206,73,120,137
206,73,120,137
206,74,119,136
205,74,118,135
205,75,117,134
205,75,120,133
205,76,120,133
205,76,118,133
207,75,117,132
207,74,117,132
207,73,120,134
208,73,118,133
209,74,117,132
208,74,116,131
207,74,117,135
207,75,116,134
207,75,118,132
206,75,117,131
207,76,116,130
206,75,117,133
207,75,116,132
206,75,117,133
206,75,116,133
207,75,115,132
207,74,117,134
208,76,116,133
208,76,115,132
208,76,118,131
207,76,120,131
207,76,119,130
208,73,121,135
208,73,120,134
209,72,126,133
212,71,123,133
212,67,126,139
212,67,125,138
212,65,127,140
214,65,130,140
218,64,129,139
221,65,127,137
220,65,125,135
221,66,124,134
221,67,122,133
220,67,124,134
219,68,125,132
221,67,122,133
220,67,123,135
221,67,124,133
222,67,123,134
224,68,121,133
226,69,122,130
226,68,122,132
229,67,124,132
231,68,122,131
231,70,122,131
231,71,121,130
230,72,122,129
231,73,121,127
231,73,122,126
231,73,123,124
230,74,123,123
230,74,124,124
230,74,123,125
230,73,125,127
230,72,125,126
231,72,122,127
231,73,121,126
231,74,121,125
230,75,122,124
230,74,122,125
229,74,123,125
229,75,123,124
228,75,122,123
227,75,124,124
226,75,124,123
226,76,122,122
226,76,123,123
225,75,123,123
224,75,123,125
224,75,123,124
223,75,123,123
223,75,123,125
222,75,124,124
221,76,124,124
221,76,124,123
223,76,123,125
223,76,124,124
223,75,126,125
224,75,123,124
225,76,122,123
224,76,122,123
224,76,123,123
224,75,123,125
225,75,122,126
225,76,121,125
224,76,122,123
225,76,120,123
225,76,121,123
224,75,122,125
224,74,122,125
223,74,123,125
223,75,122,126
222,75,122,124
221,74,124,126
220,74,124,125
220,73,125,125
220,73,125,124
220,73,124,126
220,73,126,127
220,72,127,127
219,72,126,128
221,72,123,128
222,73,123,125
222,73,124,127
223,72,123,127
223,72,123,127
224,73,122,126
224,73,122,127
224,72,123,128
224,72,123,127
224,72,124,128
224,72,124,128
224,71,124,128
224,72,125,127
224,71,125,127
224,71,125,126
225,71,124,129
225,72,125,127
225,71,125,128
225,71,124,128
225,72,124,127
225,71,122,128
225,71,122,129
224,71,121,130
222,69,121,133
220,69,121,135
218,69,121,135
218,69,120,136
216,68,121,139
216,68,121,140
216,68,120,139
217,68,121,140
217,68,123,140
219,69,122,139
220,70,121,139
221,72,121,136
225,74,118,134
226,75,117,132
227,76,116,130
227,78,117,128
228,79,117,128
229,80,116,128
229,81,115,126
229,82,115,125
229,83,115,125
228,83,116,125
229,83,116,124
229,83,116,124
228,84,116,123
227,83,116,124
226,81,117,125
225,80,118,126
225,80,118,127
225,80,117,127
225,80,118,127
226,81,118,127
227,82,118,126
228,83,117,124
229,83,116,125
230,84,116,123
231,84,116,124
231,83,118,124
230,83,119,124
230,84,119,123
230,83,119,124
229,82,120,125
229,81,120,125
230,82,119,126
231,81,119,126
231,81,119,126
231,80,119,126
231,79,120,127
231,79,119,126
232,77,121,130
233,76,122,132
233,74,124,132
231,74,125,134
231,73,126,133
226,72,127,134
220,70,125,133
219,70,124,136
220,71,123,138
220,71,123,137
220,71,122,137
221,71,121,136
222,73,120,133
223,71,119,134
221,71,122,135
221,71,121,134
221,72,121,135
220,73,118,132
219,74,118,131
219,74,118,132
218,74,120,132
218,74,118,132
216,74,120,133
214,74,119,134
215,74,118,134
213,76,118,131
212,76,119,130
212,77,119,130
212,77,118,131
212,77,117,131
211,77,119,131
210,78,120,130
211,78,118,131
211,76,120,132
211,75,119,133
211,76,118,132
210,77,118,131
210,78,117,131
210,78,119,130
210,79,118,129
209,79,118,129
207,79,120,129
207,79,120,130
207,79,120,129
207,80,120,128
207,79,120,129
206,78,121,131
205,77,122,132
206,78,120,131
206,78,119,130
207,79,120,129
207,79,119,131
209,79,118,130
210,78,120,129
210,79,119,128
210,79,120,127
210,80,118,128
210,81,117,125
209,81,120,126
208,81,120,126
209,80,118,126
210,82,117,124
210,82,117,125
209,82,117,126
209,82,118,125
208,82,117,126
207,82,118,125
207,82,118,125
208,81,121,127
208,80,120,127
214,80,118,126
220,77,117,127
224,77,119,125
227,78,119,124
228,80,118,123
229,80,118,124
231,81,116,123
233,81,115,123
234,83,114,121
235,84,114,121
235,84,114,121
235,85,116,119
238,83,118,122
241,82,118,124
241,83,118,122
241,83,119,122
240,83,120,122
242,83,119,122
242,83,120,122
242,84,119,121
242,84,119,120
241,84,118,119
240,83,118,121
241,84,117,121
242,83,120,122
242,83,119,122
243,82,119,122
242,83,120,122
241,83,120,122
240,83,121,121
240,82,121,121
239,81,121,122
240,81,120,120
239,81,122,122
240,79,121,125
240,80,121,124
239,80,123,124
239,80,121,123
239,80,121,124
239,80,121,124
239,81,121,123
240,80,121,123
240,79,120,124
240,81,118,121
239,80,120,122
239,81,119,121
240,81,118,122
241,80,120,123
241,80,119,123
239,80,121,123
240,81,120,122
240,81,120,122
240,81,120,121
240,81,120,121
240,81,119,120
240,80,119,120
240,82,117,119
240,81,119,120
240,80,119,121
240,80,119,122
239,80,119,122
238,80,120,121
236,79,122,123
234,78,121,124
233,75,122,127
233,76,123,127
231,72,124,130
229,71,124,131
228,72,122,131
227,71,122,132
227,71,122,130
226,72,122,129
226,72,122,131
226,71,123,132
226,71,123,131
226,71,123,131
223,73,120,128
218,76,119,127
216,79,115,124
215,80,115,123
215,80,114,123
216,80,115,123
215,80,115,127
214,82,112,125
211,85,110,120
211,85,112,120
210,87,111,117
210,88,112,117
209,88,113,118
211,88,113,118
211,88,113,118
213,88,114,118
216,85,115,123
220,80,117,126
223,76,118,128
223,77,118,128
223,78,117,126
221,78,115,127
222,80,115,126
222,80,115,125
222,81,115,124
223,80,115,124
225,80,114,123
227,81,114,122
228,82,115,121
228,82,115,120
229,83,114,119
228,86,112,117
227,86,112,117
227,87,112,116
227,85,112,117
227,83,112,121
227,80,113,123
223,78,117,126
220,76,114,129
220,76,114,129
215,76,114,131
216,79,112,127
217,81,113,125
217,81,115,124
218,82,115,123
219,83,113,121
220,85,111,119
219,86,111,118
219,87,109,117
219,87,109,117
217,88,110,117
218,87,111,118
219,87,108,117
219,87,109,117
219,88,109,116
217,86,111,118
216,82,113,123
216,80,114,126
215,75,117,131
215,76,117,129
214,75,117,130
214,75,116,130
215,78,116,128
218,79,115,126
218,79,114,125
220,79,115,125
224,81,114,123
225,83,112,121
224,86,112,118
225,86,111,118
222,87,111,119
222,89,109,118
222,90,110,117
223,91,108,116
223,92,108,116
222,92,109,115
221,92,110,116
221,91,112,118
223,91,112,118
224,91,113,118
224,91,113,118
225,91,115,118
228,91,114,118
231,91,115,118
234,90,114,120
235,90,113,120
237,90,116,120
239,90,117,121
242,90,116,123
244,90,118,122
245,91,117,122
246,91,120,123
250,93,119,123
251,91,121,125
251,93,124,125
252,93,124,124
252,92,123,126
251,92,124,126
251,92,123,126
250,92,123,125
250,92,122,124
249,92,122,125
247,92,124,125
247,92,124,124
246,91,124,125
246,91,124,126
246,91,124,125
246,91,123,126
245,91,123,125
245,91,122,125
245,91,123,125
244,91,123,125
244,90,125,126
246,91,125,126
248,91,124,127
248,91,123,127
248,92,124,126
248,91,123,127
249,93,122,126
248,94,124,123
248,93,124,124
248,94,125,124
248,94,125,124
248,94,124,123
248,94,124,123
248,94,125,123
248,94,123,122
248,95,122,121
247,95,123,122
246,95,123,123
247,95,121,121
247,95,121,122
245,95,120,122
244,94,122,121
244,94,120,121
243,94,120,122
242,94,122,122
242,94,121,122
242,93,121,122
243,94,120,121
242,94,121,121
241,94,122,121
243,93,119,122
242,93,121,122
242,93,120,121
241,93,122,120
242,92,121,122
243,91,120,123
242,91,122,123
243,91,120,123
243,92,120,122
243,90,120,124
242,90,119,123
241,89,122,124
242,88,120,125
242,88,121,125
242,88,120,124
240,87,121,124
241,88,119,123
241,87,119,124
240,87,120,124
240,85,120,124
240,85,121,126
241,85,120,126
241,85,120,126
240,85,121,126
240,85,123,126
241,85,121,125
241,83,123,127
242,83,123,128
242,83,123,129
242,82,125,130
242,82,125,129
242,81,124,130
242,82,124,129
242,82,124,129
242,82,124,128
241,81,125,130
242,81,124,131
242,81,124,130
241,81,125,130
241,80,125,131
242,80,124,130
241,80,124,131
241,80,125,130
241,80,124,131
241,81,125,129
242,80,123,130
241,81,124,130
240,80,126,131
241,80,125,131
241,79,126,132
242,79,124,132
242,79,125,132
242,79,125,132
242,79,125,131
241,79,126,132
241,79,125,132
241,79,126,132
240,80,126,131
241,79,125,131
241,79,125,132
241,79,125,131
241,80,125,129
241,79,125,130
241,79,125,131
241,79,126,131
241,78,126,132
241,79,126,132
241,79,125,131
241,79,126,131
241,79,126,131
241,79,126,131
241,79,126,132
240,80,127,131
240,79,127,132
240,80,127,131
240,79,126,130
239,79,127,130
239,79,127,130
241,80,126,130
240,78,126,131
241,78,126,132
241,78,125,131
240,78,127,133
241,78,127,132
242,78,126,131
242,78,125,133
241,78,125,132
240,78,126,132
240,78,125,132
241,78,125,131
241,78,124,132
240,77,126,132
240,79,126,131
240,79,125,130
240,77,125,131
241,78,124,130
241,79,124,130
241,78,124,130
241,78,124,130
241,77,124,131
241,78,125,130
241,78,125,129
240,78,126,130
239,78,126,132
239,78,126,131
239,78,126,131
239,78,125,130
239,78,124,130
238,78,125,130
238,78,126,130
238,77,125,130
239,77,123,131
240,78,123,130
239,78,122,129
240,77,123,130
239,78,124,129
238,77,124,131
238,77,125,132
238,77,125,131
238,77,125,131
237,77,125,132
237,78,125,131
237,79,125,130
237,79,126,129
237,80,126,129
237,80,127,130
237,80,127,130
237,80,126,129
237,81,127,128
237,81,127,127
237,80,127,129
237,81,128,129
237,80,129,131
240,80,126,131
241,79,126,132
241,79,125,132
240,79,128,131
240,79,127,132
240,79,126,132
240,78,126,133
241,78,125,131
240,79,126,132
238,79,128,130
240,80,126,130
240,80,127,129
241,80,125,131
241,80,125,130
241,80,127,130
241,80,126,129
241,80,127,128
242,80,125,129
243,80,124,130
243,79,124,130
242,78,127,133
243,79,126,130
241,77,129,132
244,77,127,132
243,77,129,131
244,76,128,132
243,76,129,132
244,73,129,134
244,71,132,137
246,69,133,139
246,67,134,140
247,67,135,141
246,64,135,142
247,62,135,141
246,59,138,144
245,56,140,144
245,56,140,145
246,52,140,148
244,50,143,149
244,46,143,153
242,44,147,153
242,44,146,154
242,43,146,152
240,40,148,154
240,38,148,156
240,37,147,155
239,36,150,156
237,34,152,157
237,33,153,158
237,31,152,161
240,28,150,164
240,28,150,164
238,28,153,163
238,27,155,166
239,28,153,165
238,27,154,166
239,28,152,166
238,27,156,165
238,27,155,168
239,26,154,166
240,26,153,166
238,27,153,164
239,27,155,166
239,27,153,165
238,26,155,165
238,26,156,167
238,26,155,166
239,27,154,165
239,26,153,165
239,27,153,166
238,27,153,164
239,27,153,164
239,27,153,164
238,27,155,164
238,27,153,163
239,27,153,163
238,26,153,165
239,26,153,165
239,26,154,165
239,26,153,165
238,28,155,164
239,27,153,165
240,27,152,164
241,27,150,164
239,27,153,164
239,28,152,163
240,28,153,163
240,28,154,163
240,28,153,163
240,29,152,162
241,29,153,162
241,29,152,162
241,29,153,162
241,28,154,162
241,28,154,164
241,28,153,164
242,27,152,164
242,27,151,164
242,28,153,163
242,29,152,162
243,28,152,164
242,28,154,163
241,27,154,163
240,27,156,164
239,26,157,164
241,28,155,164
241,27,154,166
242,27,153,166
243,28,152,166
242,28,152,166
243,27,152,167
244,28,151,166
243,28,151,166
243,28,150,165
242,29,152,163
243,30,151,162
243,30,150,162
243,30,152,162
244,29,151,163
243,30,151,163
243,29,151,163
243,29,154,163
244,29,152,163
243,29,151,162
243,29,152,163
243,29,152,163
242,29,154,162
241,28,156,164
241,28,155,163
241,28,155,163
241,28,155,163
241,28,155,163
241,28,154,163
241,28,153,163
240,27,153,166
240,27,152,166
240,27,152,166
239,27,152,166
239,27,152,166
239,27,155,165
239,27,153,165
239,27,152,164
240,27,151,164
240,27,151,164
240,28,151,164
239,27,153,164
239,27,153,164
238,27,154,164
239,28,153,164
241,27,150,164
240,26,150,166
239,25,150,166
239,27,151,166
238,26,152,166
238,25,153,166
238,24,153,166
238,23,156,169
238,25,154,169
239,25,154,169
240,24,154,169
240,23,154,169
240,22,152,168
240,22,152,168
239,23,152,168
238,23,155,168
238,24,155,168
237,23,155,168
236,22,157,168
236,23,156,167
237,24,156,167
238,24,156,167
238,24,155,167
238,25,155,167
237,24,155,167
238,24,155,167
237,24,153,167
237,24,155,166
237,24,154,167
237,24,154,167
236,23,155,168
236,23,155,168
236,23,155,168
236,23,155,168
236,23,156,168
236,23,157,168
236,23,157,168
236,24,156,168
237,24,156,168
238,24,156,168
238,24,154,167
238,24,154,167
238,24,154,167
238,24,156,167
238,24,155,167
239,23,154,167
239,23,154,167
240,23,154,167
240,23,153,167
241,22,153,166
242,22,153,166
242,23,153,166
242,23,153,166
241,23,153,166
241,23,153,166
241,22,153,166
241,23,153,166
242,24,153,166
242,24,153,166
243,25,152,165
244,26,151,165
245,26,151,165
246,29,149,159
245,27,151,162
245,27,150,162
246,29,149,160
246,29,149,160
245,29,150,160
244,28,151,160
244,27,151,160
244,27,151,161
243,27,152,161
242,28,154,161
242,27,154,161
242,28,154,161
242,27,153,164
243,28,152,163
242,28,154,163
242,27,154,163
242,27,154,163
241,26,155,163
241,26,155,163
242,26,154,163
241,25,155,163
243,26,152,163
244,27,151,162
244,27,151,165
244,26,151,165
244,26,150,164
242,27,153,164
242,26,152,163
243,27,152,162
244,27,151,162
245,28,150,161
245,28,150,161
246,28,150,161
246,28,149,160
242,26,155,164
243,27,153,164
243,26,153,164
244,26,153,164
244,27,152,163
244,27,151,163
243,27,150,165
242,27,155,165
243,27,153,164
243,28,154,163
242,27,154,163
243,28,152,160
243,27,151,162
242,28,153,161
242,28,152,161
244,29,151,160
244,29,152,160
244,28,151,161
243,27,151,161
243,27,152,162
244,27,151,162
245,28,151,162
244,28,151,161
244,28,151,161
244,29,152,160
244,28,150,162
244,28,152,162
244,28,152,162
244,29,150,161
244,29,151,161
243,28,151,162
245,27,150,162
245,27,150,162
244,28,150,163
244,29,152,161
244,26,152,164
242,25,156,167
243,25,154,168
244,23,153,167
242,25,154,168
242,25,155,167
241,24,154,166
242,24,153,167
241,24,153,166
241,24,155,167
241,24,154,167
241,22,154,168
241,23,153,168
241,24,152,167
240,23,155,169
239,21,156,170
239,22,155,168
238,22,156,168
238,23,155,167
238,24,153,166
237,24,153,165
237,24,150,166
237,23,148,168
234,25,150,166
231,25,149,167
229,27,149,166
228,28,147,164
229,29,146,164
228,30,146,162
227,31,146,163
226,33,143,161
227,37,138,157
228,37,137,156
227,39,138,154
226,41,136,153
225,46,136,149
225,48,134,148
226,49,132,146
226,51,130,146
227,53,129,144
228,55,128,142
229,58,126,139
229,58,128,139
229,59,127,140
231,61,126,139
233,62,125,137
235,64,125,136
235,64,124,135
237,66,125,133
239,68,123,131
242,69,122,129
243,71,122,130
239,71,127,127
240,72,126,132
241,72,125,133
242,73,124,132
243,74,125,131
243,74,124,130
243,75,126,131
243,76,127,130
243,74,128,131
246,75,126,131
247,76,125,127
249,73,125,129
250,72,127,129
251,69,129,133
251,67,131,136
252,68,130,134
252,65,132,137
251,62,134,139
250,60,135,138
252,58,134,142
253,58,133,141
254,54,131,145
249,52,139,145
251,50,138,148
254,47,137,150
251,49,140,147
250,45,142,150
248,44,147,151
248,40,148,154
248,38,147,156
250,39,145,154
247,36,150,157
248,33,148,159
248,33,150,158
245,29,152,160
246,30,150,159
245,28,153,161
245,26,154,164
244,26,153,163
244,26,153,163
244,26,153,163
244,26,152,163
245,26,152,163
244,25,152,163
245,26,151,163
245,26,151,163
246,26,151,163
247,26,150,163
247,26,150,163
248,25,150,163
247,25,151,163
248,26,150,163
249,26,150,161
250,27,149,162
250,26,149,162
250,26,151,165
249,25,154,165
248,25,153,165
247,24,153,165
245,24,155,164
245,24,155,164
243,25,155,164
242,24,159,166
242,24,158,166
244,24,155,165
246,24,153,164
246,24,153,166
245,24,154,165
245,25,151,164
245,25,153,164
244,25,154,164
244,24,152,164
243,24,154,167
242,23,156,167
243,23,154,167
243,23,154,167
243,23,153,167
244,23,153,167
243,22,153,167
243,22,153,167
243,22,152,166
243,22,152,166
243,23,152,166
243,23,151,165
242,23,152,165
241,22,152,165
241,23,151,164
242,24,152,163
242,24,151,162
241,23,151,162
240,22,154,166
240,22,154,166
240,21,154,166
240,22,154,166
241,23,154,166
241,23,154,166
242,22,154,169
242,22,154,169
242,21,154,169
241,21,153,169
241,22,154,169
242,23,153,167
241,23,153,167
241,22,153,167
241,22,155,167
240,22,155,167
240,22,155,167
240,22,158,167
241,22,155,167
241,22,155,167
241,23,155,167
241,23,155,167
241,23,155,167
241,22,155,169
241,22,155,169
241,22,155,169
241,22,156,168
242,22,156,168
241,22,156,168
241,22,156,168
240,21,156,168
240,21,156,168
240,20,158,168
239,20,159,168
239,20,159,168
238,19,159,168
239,19,159,170
238,19,158,172
238,19,158,172
238,20,157,172
237,19,157,172
238,19,157,172
238,19,157,172
237,19,162,172
237,19,158,171
237,20,156,171
237,20,155,171
237,20,155,171
237,20,158,171
237,20,158,171
237,20,158,171
237,21,158,171
238,22,157,170
238,21,156,169
239,22,155,169
240,22,154,168
240,22,154,168
239,22,154,168
240,23,154,167
239,22,156,167
240,22,156,169
239,21,156,169
239,21,156,169
238,20,159,170
238,21,158,169
239,21,156,168
239,21,155,168
239,22,155,168
238,21,157,171
237,21,157,171
236,20,159,171
236,20,158,171
238,20,159,171
239,20,157,171
239,21,158,171
238,21,158,171
238,20,157,171
239,20,156,170
239,20,157,170
240,20,156,170
240,20,156,169
239,20,156,170
239,20,156,170
239,19,156,170
240,19,156,170
240,18,156,170
240,20,155,170
240,20,155,170
240,20,155,169
240,20,154,169
239,19,154,169
238,18,157,169
238,18,157,171
238,18,157,171
239,18,157,171
239,18,156,171
239,18,156,171
238,18,158,171
238,19,158,171
238,19,158,171
238,19,159,171
238,19,159,171
238,19,159,171
238,19,158,170
239,19,157,169
239,20,158,168
238,17,158,171
238,18,157,170
238,19,157,170
238,19,157,170
239,20,157,169
239,20,157,169
241,21,155,167
240,20,157,169
239,19,157,169
239,20,158,169
239,20,157,169
238,19,157,171
239,19,157,171
238,19,157,171
238,19,157,173
238,19,157,173
238,19,157,173
238,19,157,173
239,20,157,173
238,19,158,171
237,18,158,171
237,18,158,171
236,18,158,171
236,18,158,171
238,19,157,169
239,20,157,169
239,20,157,169
239,21,156,168
238,20,156,168
237,17,159,172
237,17,159,172
237,17,159,172
237,18,159,172
237,18,159,172
236,18,159,172
237,18,159,172
237,19,161,173
236,19,161,173
236,18,161,173
236,18,160,173
237,18,159,172
238,17,158,172
239,18,158,172
240,19,156,172
240,18,156,172
241,17,158,174
241,17,158,174
242,17,157,173
242,18,156,173
240,17,158,174
240,17,158,174
239,16,158,174
239,17,158,174
238,16,161,173
238,17,161,173
238,17,161,173
239,18,158,172
239,19,157,172
238,16,159,174
237,16,159,174
236,15,161,174
238,17,159,174
237,16,159,174
237,16,160,174
237,16,160,174
237,16,161,175
238,16,159,175
238,17,157,176
237,15,160,176
237,16,159,176
237,16,159,176
237,15,159,176
236,15,161,176
236,16,161,176
237,17,162,175
238,18,160,175
237,17,161,175
238,17,160,176
239,17,160,176
239,16,159,175
240,16,159,175
239,15,159,175
239,15,161,175
238,16,161,175
238,16,163,176
237,16,163,176
237,16,163,176
237,15,163,176
237,15,163,176
238,16,163,176
239,17,163,176
240,17,163,176
241,17,163,176
241,18,161,172
241,18,160,172
241,18,160,172
242,18,160,172
241,17,160,172
242,17,160,172
241,16,160,173
241,17,160,173
241,17,160,173
242,18,158,172
242,19,158,172
241,19,158,172
241,20,158,172
241,20,158,172
240,18,160,174
242,19,157,172
242,19,158,173
241,18,158,173
241,19,160,170
241,20,157,170
241,21,157,170
240,20,157,170
240,20,157,170
241,20,161,169
240,19,159,169
241,19,157,169
242,19,156,169
243,20,154,168
244,21,153,167
242,21,155,167
242,21,155,167
241,20,155,165
241,21,155,166
240,21,157,166
239,21,157,166
240,21,157,166
241,21,156,167
241,22,156,167
240,20,157,167
241,21,158,167
242,21,158,167
242,20,158,169
242,19,158,169
242,19,158,169
242,18,158,172
241,18,160,173
240,18,160,173
241,17,161,174
241,17,161,174
242,18,161,174
243,18,158,174
242,17,159,176
242,17,159,175
241,16,159,175
243,17,159,173
244,17,157,173
243,18,159,172
242,17,159,172
242,17,161,172
243,17,159,172
243,17,158,172
243,17,159,170
243,18,158,170
242,17,158,172
242,17,157,172
241,17,159,171
241,17,159,171
241,17,159,171
242,16,159,171
243,17,159,171
244,18,159,171
244,18,159,171
244,18,158,171
244,19,157,171
244,20,156,170
243,19,157,170
243,19,157,170
245,19,156,169
245,20,155,166
244,19,155,166
243,18,155,170
245,19,154,169
246,20,153,167
245,19,152,166
244,19,154,168
243,19,154,168
243,19,155,168
244,19,155,168
244,19,155,168
243,19,155,168
242,19,155,168
241,18,157,170
241,18,157,170
240,17,158,171
239,18,160,171
241,19,159,169
241,19,158,169
241,19,157,169
241,19,156,169
241,19,158,169
240,19,158,169
240,20,158,169
239,19,159,169
239,19,159,169
238,18,161,171
239,18,161,171
239,18,160,171
239,19,159,170
239,18,159,170
240,18,159,169
241,18,158,169
241,18,158,169
241,18,158,169
240,18,158,171
240,19,160,171
241,19,159,171
240,18,159,171
241,18,159,171
242,18,159,171
242,19,159,171
243,20,159,171
243,20,159,170
243,19,159,170
243,18,159,170
242,19,159,170
243,18,159,170
242,17,159,170
241,17,162,170
243,17,160,170
243,17,159,170
243,17,159,170
244,18,158,170
245,18,157,173
244,18,159,172
243,18,160,172
243,17,160,172
243,17,160,172
243,17,159,171
243,17,159,171
242,16,158,171
243,18,156,170
243,19,155,169
241,19,155,169
240,18,155,169
239,18,157,169
238,18,159,169
237,19,159,169
237,19,159,171
236,18,163,171
238,19,159,169
238,20,158,169
239,21,157,168
239,21,157,168
239,22,157,168
239,22,157,168
238,21,157,168
238,21,156,167
237,21,158,167
236,20,158,167
236,21,158,167
236,21,158,167
237,21,158,169
236,21,158,169
236,21,160,170
235,21,159,170
234,21,160,170
234,21,161,170
234,22,160,170
234,22,160,170
233,21,160,170
232,20,163,171
235,20,160,171
236,20,159,171
237,20,158,171
237,20,159,170
236,19,159,170
237,20,158,170
237,20,157,169
236,19,157,169
238,21,158,169
237,20,158,169
239,19,156,169
239,18,158,169
240,20,158,169
239,19,156,169
241,21,155,168
242,22,153,167
242,22,152,166
242,21,152,167
243,22,153,167
243,23,152,166
243,23,152,166
243,26,153,166
244,28,153,166
243,27,152,162
243,28,151,159
243,28,150,160
243,30,149,158
242,30,152,158
241,31,155,158
241,32,153,157
243,32,150,156
242,32,150,154
244,32,149,153
244,32,149,153
243,32,151,156
242,31,150,155
242,32,150,154
243,32,150,154
244,32,149,153
243,31,149,153
243,31,147,155
243,31,146,154
243,30,148,154
244,32,147,153
244,32,146,155
244,31,146,155
244,31,147,155
245,31,147,155
244,29,148,158
244,28,148,160
242,29,152,159
241,29,154,159
242,27,154,162
244,27,151,161
244,25,154,165
245,24,153,165
245,23,152,167
245,24,152,167
245,23,154,167
244,22,154,167
245,22,153,165
244,22,153,165
245,23,153,165
244,23,153,165
244,23,153,165
243,23,157,165
245,23,155,165
246,23,153,165
246,23,153,165
246,23,153,166
246,21,153,168
246,21,153,168
245,20,156,168
246,22,154,167
246,21,153,169
245,21,153,169
245,21,156,169
246,21,154,169
246,22,153,169
245,21,153,169
245,21,154,170
245,20,153,170
246,21,155,170
245,21,154,169
244,21,154,169
244,21,154,169
243,21,157,169
242,21,159,170
244,21,156,169
244,21,155,169
243,20,157,169
245,22,155,168
244,22,155,168
243,21,156,169
243,21,157,168
244,21,157,168
243,20,157,169
242,21,156,171
242,20,157,171
243,21,158,171
243,22,157,170
242,21,158,170
243,22,157,169
242,21,157,169
243,21,158,169
243,21,158,169
243,21,157,169
243,21,157,169
243,21,157,169
243,22,158,169
244,22,157,168
245,22,156,168
245,22,155,167
245,22,154,169
245,21,154,172
245,22,155,171
245,22,155,168
246,23,155,168
246,21,156,168
245,21,156,168
245,20,156,168
246,19,162,171
248,17,164,173
250,15,164,173
250,16,164,173
252,16,167,173
253,18,166,173
254,20,163,172
254,23,162,170
254,22,161,169
253,25,160,170
251,29,158,165
251,32,156,164
249,32,154,163
250,32,154,160
250,35,151,160
249,36,148,156
250,40,145,155
250,42,142,148
247,43,143,150
245,44,144,149
243,46,143,149
243,47,140,148
241,48,140,146
242,49,138,145
242,50,136,143
242,52,137,141
242,50,135,145
242,51,134,145
240,51,136,144
238,51,137,145
239,52,136,144
238,51,137,145
238,50,135,144
237,52,136,144
239,53,136,142
239,51,136,143
238,51,135,145
238,52,136,144
238,52,135,143
237,53,136,142
237,50,137,143
238,50,135,142
239,50,135,141
241,50,133,144
241,50,132,143
240,51,136,142
240,49,136,143
241,50,136,143
241,50,135,142
242,51,134,141
243,51,133,140
244,52,133,140
245,53,132,139
244,53,135,138
244,52,134,140
244,53,136,140
243,53,136,141
243,53,137,142
243,53,139,141
243,52,138,140
243,52,137,142
243,53,138,141
243,53,138,141
243,52,138,142
245,53,136,142
245,53,136,142
245,53,135,141
244,53,136,142
245,53,135,141
242,52,137,140
242,52,138,139
241,52,137,138
240,52,138,140
241,52,137,141
241,52,137,141
240,52,137,140
239,51,138,142
240,52,136,141
240,52,135,140
241,52,136,143
239,51,137,144
239,50,136,145
240,51,134,143
240,50,133,142
241,50,133,141
242,51,132,140
243,51,130,139
243,51,131,138
243,50,130,139
245,52,128,141
245,50,129,142
245,50,129,142
246,48,129,145
245,47,131,145
244,47,132,146
244,45,134,150
244,43,134,149
244,44,133,149
241,44,135,148
240,45,135,147
239,45,136,146
238,44,137,147
238,45,137,147
239,45,135,146
240,45,134,145
241,45,134,145
242,45,133,145
242,44,133,145
242,44,134,149
242,44,134,149
242,44,134,149
242,45,134,149
242,46,133,148
243,46,133,146
243,44,132,147
241,45,136,146
240,45,136,146
240,45,136,146
239,44,138,148
239,45,138,149
239,45,137,148
238,45,138,148
237,45,138,148
236,45,137,147
236,45,139,151
239,45,136,147
239,46,135,147
240,46,135,149
239,45,134,149
238,45,136,148
238,46,136,147
238,45,137,149
238,45,138,148
238,46,137,146
238,45,137,147
238,45,136,146
237,46,137,148
237,45,137,149
238,46,136,148
238,46,135,147
238,46,138,146
238,45,137,147
238,45,137,148
238,45,136,147
238,45,138,148
238,44,137,147
238,44,138,148
237,44,138,148
237,44,139,148
237,44,138,147
238,44,138,149
239,45,137,148
239,44,137,147
238,44,136,146
239,44,136,150
238,44,135,149
238,42,136,150
239,42,136,150
239,41,139,151
240,42,138,150
240,42,137,149
239,42,136,150
239,42,137,150
239,42,136,149
239,42,135,148
240,43,137,147
238,43,139,149
238,44,138,148
238,44,137,147
238,44,140,149
240,44,138,148
241,42,137,151
242,42,139,152
242,42,138,151
242,42,137,150
241,42,139,151
241,42,138,150
241,42,139,149
242,43,138,148
241,42,138,149
241,42,138,149
241,42,139,148
242,42,138,147
242,43,137,146
242,43,138,147
242,42,137,148
241,42,138,147
241,41,137,146
242,42,136,145
242,42,137,145
242,42,137,150
242,41,136,149
242,40,140,149
243,40,139,152
243,38,139,151
242,37,138,150
243,38,137,149
243,39,139,152
244,39,138,151
244,39,137,150
243,38,139,152
243,39,138,151
243,39,137,150
243,39,139,149
243,39,138,148
243,39,141,152
243,36,139,155
242,37,140,154
241,38,142,153
241,39,140,154
241,37,140,156
241,38,141,154
241,37,142,153
240,38,142,152
240,38,142,153
239,37,143,154
239,39,143,152
240,38,144,152
243,38,141,153
244,39,140,151
245,39,140,151
245,38,140,152
246,38,139,153
247,39,140,155
247,38,140,154
245,39,142,153
244,39,142,153
244,40,141,152
244,40,140,152
245,41,140,152
245,39,141,154
244,39,140,153
243,39,139,152
243,40,139,151
243,40,138,150
244,41,137,148
244,41,136,147
243,42,138,146
242,41,138,149
241,42,136,148
242,42,135,148
242,42,138,147
242,42,137,149
243,42,135,149
244,43,134,148
244,43,135,148
244,44,134,148
244,45,132,147
242,44,133,146
239,44,131,144
240,45,129,143
236,44,131,144
236,44,131,144
236,44,135,146
237,46,133,143
237,48,132,141
236,46,133,144
237,47,132,143
238,48,133,143
239,47,134,142
240,47,133,141
239,47,132,142
239,48,131,141
238,47,131,141
237,47,133,141
237,46,133,141
237,46,132,142
237,46,131,141
237,46,131,140
237,46,130,141
237,47,129,140
236,47,130,142
235,46,129,141
235,47,130,143
235,47,129,142
236,48,128,141
233,45,130,144
230,47,130,142
226,47,129,141
219,50,129,141
219,50,128,140
214,50,131,142
212,49,134,144
212,49,132,143
211,50,130,142
213,51,128,143
212,52,126,142
211,52,130,141
212,51,129,145
212,51,131,144
212,50,132,146
212,52,130,144
212,53,128,143
213,52,129,144
215,49,128,146
215,48,128,149
216,48,130,150
216,48,129,148
216,50,128,147
215,51,127,146
216,52,126,145
215,51,128,144
215,51,129,144
215,48,130,148
215,47,132,149
216,48,131,148
215,50,132,147
216,50,129,146
216,50,130,147
217,50,128,146
217,51,128,145
217,47,129,146
217,49,128,145
216,49,127,145
213,49,130,145
213,48,131,146
213,49,130,145
213,48,130,146
214,47,129,148
214,49,128,147
213,50,131,146
213,50,130,145
212,49,132,147
212,48,132,147
213,48,132,148
213,48,131,147
213,48,130,146
212,47,132,149
211,47,133,150
212,48,131,151
212,48,132,151
213,46,130,150
212,47,133,151
212,45,132,153
213,47,131,153
211,46,133,152
212,46,132,151
213,47,132,151
213,44,134,153
213,45,132,152
214,46,131,151
214,46,130,150
215,46,130,150
215,47,129,150
214,47,131,149
214,47,133,151
214,46,133,151
214,47,132,149
213,48,132,148
213,48,132,147
213,47,133,148
213,47,132,147
213,47,135,150
213,47,134,150
214,48,133,150
214,48,134,149
215,48,134,149
214,47,135,150
215,49,134,151
216,48,136,151
216,47,137,150
217,48,138,152
218,50,139,152
221,50,138,149
223,51,136,148
225,49,134,149
226,50,134,149
228,47,135,154
229,49,136,149
229,49,135,148
229,49,134,147
229,48,137,149
230,48,136,149
230,47,137,152
231,47,137,152
232,47,135,152
232,46,135,152
233,47,134,151
233,45,136,153
231,45,139,152
231,45,139,152
230,45,140,152
231,43,141,155
232,43,141,154
232,44,141,155
233,44,140,154
233,44,141,153
233,43,140,152
234,43,141,156
233,43,143,155
233,43,141,156
234,44,140,155
235,43,139,156
235,43,140,157
235,45,140,152
235,46,140,152
235,46,141,152
235,44,142,154
236,45,142,155
238,44,140,156
238,46,139,155
239,47,139,153
239,47,140,153
240,47,139,152
238,47,141,154
238,48,140,151
239,48,140,150
238,50,139,149
238,51,138,149
238,52,136,149
238,53,135,148
238,53,134,147
238,54,135,146
238,55,134,147
238,56,132,146
238,56,131,144
239,57,132,143
238,57,132,142
238,57,131,141
238,58,130,140
238,59,132,140
239,59,130,141
239,60,128,140
238,60,127,139
238,60,130,138
238,61,128,137
239,61,127,139
238,61,126,140
238,61,126,139
238,62,125,138
237,62,124,137
237,62,126,136
236,61,125,135
236,61,124,134
235,61,124,136
235,61,124,135
235,61,123,134
235,61,123,137
235,61,124,137
235,61,123,136
236,61,122,135
236,60,123,137
236,60,123,136
235,60,122,138
234,60,121,137
234,60,124,137
234,60,123,136
234,61,123,135
233,61,122,134
233,62,124,135
234,62,122,134
230,63,128,134
230,62,127,135
230,63,127,134
230,62,127,133
230,62,127,134
230,62,126,133
230,62,129,135
230,62,127,133
230,63,126,133
231,63,126,132
231,63,126,133
232,63,124,132
232,63,125,133
230,62,125,132
230,62,126,134
231,61,125,133
230,61,127,135
230,62,128,134
229,61,128,135
229,62,128,134
228,62,130,135
228,62,129,134
228,61,128,135
229,62,128,134
231,61,125,135
231,61,126,134
231,61,125,136
231,60,125,136
231,60,126,135
231,61,126,135
231,61,126,135
231,61,126,134
231,61,127,133
231,61,126,136
233,61,126,135
234,61,123,134
234,62,124,135
233,63,125,134
234,63,126,133
235,64,125,132
235,64,126,131
236,64,123,132
236,64,124,131
236,65,123,130
236,65,124,129
236,65,123,130
236,65,125,129
236,65,124,128
237,66,122,130
237,66,123,131
237,65,122,131
236,65,125,133
235,67,124,131
236,66,124,130
236,65,123,131
235,65,125,130
234,64,124,129
235,65,125,131
236,65,123,130
236,64,124,133
236,65,122,132
236,64,125,131
237,63,125,133
237,61,123,136
238,61,122,136
236,61,125,135
236,60,124,134
236,60,124,135
236,59,124,136
234,58,128,138
234,58,128,139
234,58,128,138
234,57,127,137
233,57,129,138
234,56,128,137
234,56,127,136
234,55,128,141
234,55,130,141
234,54,129,140
234,53,131,143
234,53,130,142
234,52,129,144
235,53,128,143
234,52,131,142
235,53,129,142
236,51,129,142
234,52,129,141
233,52,133,140
232,52,132,139
233,53,130,139
233,53,131,141
233,53,130,140
233,53,129,139
233,53,128,138
233,53,131,137
233,53,131,139
233,52,130,140
233,52,131,140
232,52,131,140
232,53,131,140
232,53,130,139
232,53,130,139
231,53,133,138
231,54,133,138
233,53,130,138
233,55,129,137
233,54,129,137
233,53,130,138
233,54,128,137
232,53,130,138
232,54,130,139
233,55,129,138
233,54,130,137
233,54,129,136
233,54,129,141
233,54,128,140
233,54,127,139
234,54,127,141
234,54,126,140
235,55,127,139
234,55,129,138
233,55,128,137
233,54,130,139
233,54,129,140
233,54,130,139
232,54,131,138
232,54,132,137
233,53,130,141
233,52,129,140
233,54,129,139
233,54,130,139
232,54,129,138
233,54,129,139
233,54,128,138
233,53,130,140
233,53,129,139
234,54,128,138
234,54,130,140
233,55,129,139
233,55,130,140
233,55,131,139
234,56,129,138
234,56,128,139
234,56,130,138
233,56,131,140
234,56,129,142
234,55,130,141
233,55,130,139
233,57,130,138
233,57,129,137
233,57,130,136
233,57,129,138
233,57,130,139
234,59,128,138
235,58,127,137
235,57,129,140
235,57,129,139
235,58,128,138
236,59,127,137
236,59,129,136
237,57,126,138
237,56,126,137
237,57,127,138
236,56,126,137
235,56,128,136
234,55,130,138
235,55,129,140
235,55,130,139
235,55,130,140
234,54,131,139
233,52,132,142
234,52,131,140
233,53,131,139
233,52,131,138
233,52,132,139
234,52,130,138
233,52,132,140
233,52,132,139
233,52,131,138
233,52,132,141
232,52,133,140
232,52,132,139
232,51,134,142
232,51,133,141
232,50,134,143
231,50,133,142
230,50,135,142
230,50,136,141
231,51,134,141
231,51,135,140
232,50,133,141
232,50,134,142
232,50,134,139
232,49,134,144
232,49,133,143
232,49,133,142
232,50,133,142
232,49,134,143
232,49,135,143
232,49,136,143
233,49,134,142
233,50,134,142
233,49,134,143
233,49,134,143
233,48,135,143
233,48,134,144
232,48,135,143
232,48,136,145
232,49,135,144
232,48,137,144
233,49,135,143
233,49,136,142
233,49,134,142
233,49,135,142
232,49,137,143
233,48,136,142
232,48,137,144
233,48,136,144
234,48,134,143
234,48,134,144
234,48,134,144
235,49,133,143
235,48,134,144
234,47,134,145
234,48,135,144
235,48,134,143
235,47,134,146
233,48,135,144
233,47,135,145
234,47,133,145
234,46,135,143
234,47,134,144
234,46,135,146
232,45,136,146
232,45,136,146
233,46,134,145
233,46,135,144
234,45,134,144
234,46,134,144
233,46,135,145
233,46,135,145
233,46,135,145
233,46,135,145
233,46,135,145
232,46,135,144
233,45,134,144
232,45,136,144
232,46,136,144
231,45,137,145
230,45,138,145
229,45,139,145
232,46,134,144
232,46,134,145
232,46,136,146
232,46,135,146
232,47,136,145
232,48,136,143
232,48,136,144
232,49,135,143
232,50,134,142
232,52,134,141
233,52,132,140
233,52,133,139
233,52,133,139
233,52,132,139
233,52,132,139
233,51,131,140
233,52,131,141
233,52,132,142
233,50,132,143
234,50,130,142
234,50,131,142
232,49,134,142
233,49,133,144
233,48,134,145
234,49,134,144
233,49,133,143
233,48,135,145
233,48,134,144
233,48,133,143
233,49,134,142
233,48,133,144
233,48,133,144
234,49,131,143
234,49,131,142
234,49,132,143
233,49,132,142
234,49,132,142
234,50,132,143
234,50,130,142
233,49,132,141
232,49,132,141
233,48,131,140
233,49,130,143
232,50,131,142
232,50,132,142
232,50,131,141
232,50,131,143
233,51,132,142
234,53,131,142
234,54,129,142
234,55,129,140
235,56,128,139
235,58,127,138
234,58,128,137
234,59,127,136
234,60,126,136
235,61,124,135
235,62,124,135
235,64,123,133
235,65,123,131
235,65,123,132
235,64,123,132
234,63,125,132
233,64,126,132
234,65,125,131
234,65,124,130
234,65,123,130
233,65,125,130
233,64,124,129
233,65,124,130
233,63,124,131
232,64,126,131
232,63,125,130
232,61,125,131
232,61,126,132
232,61,126,131
232,60,125,133
231,60,125,132
232,59,125,133
232,59,125,134
233,59,124,133
233,59,125,134
233,59,124,133
233,58,126,135
233,57,126,134
233,57,127,136
233,57,127,137
233,56,127,138
233,56,126,137
233,55,127,137
232,54,129,138
233,56,127,137
233,56,126,136
233,55,127,137
233,54,127,137
233,53,129,139
233,53,128,139
234,53,126,138
233,52,128,142
232,51,130,141
232,51,128,141
232,52,129,140
232,51,130,142
231,51,130,142
231,51,129,141
231,51,130,140
232,52,129,139
232,52,128,140
232,53,128,139
233,53,127,138
233,50,128,142
232,51,130,141
232,49,129,144
231,50,131,142
230,49,131,141
230,50,130,142
230,50,132,141
230,50,133,142
230,50,132,141
230,48,132,144
230,50,131,142
230,50,131,141
229,50,133,140
229,52,132,139
227,53,134,140
228,52,133,139
228,52,134,140
228,53,133,140
228,53,133,139
229,52,132,144
229,53,133,140
229,53,133,142
229,53,133,140
230,52,132,140
230,52,131,141
229,53,133,139
230,53,132,140
230,54,132,139
230,53,132,139
229,52,133,140
228,52,133,141
228,54,132,138
228,54,132,138
229,53,132,138
229,53,132,138
229,52,132,138
228,52,132,139
229,52,131,138
229,52,131,140
230,53,130,139
230,53,130,139
229,53,132,138
227,52,134,141
228,52,133,140
229,52,132,140
229,53,133,139
229,52,133,139
231,53,131,137
228,52,134,139
228,52,134,140
228,51,134,141
228,50,134,142
229,51,134,141
229,49,133,142
228,50,134,142
227,50,135,142
228,50,134,141
228,50,135,142
228,49,134,143
228,50,134,142
228,49,133,143
226,48,136,144
227,49,135,143
227,49,134,143
227,47,135,145
228,47,135,146
227,46,135,145
227,47,135,144
227,47,135,145
226,46,136,146
227,48,135,143
228,46,134,145
226,46,137,145
226,48,138,143
228,47,135,143
228,46,135,146
228,46,136,145
228,47,135,144
228,48,136,143
228,46,136,144
229,47,136,145
228,46,137,145
229,47,136,146
229,47,136,144
229,46,136,144
229,46,136,145
230,46,135,144
230,45,136,145
229,44,135,146
228,42,138,147
227,42,137,146
227,43,136,145
228,45,138,146
227,45,138,145
226,45,140,146
227,45,138,146
227,45,138,145
228,46,137,144
228,46,137,145
229,47,135,142
229,46,136,145
228,45,137,145
227,45,138,145
228,45,137,145
229,45,137,145
229,45,136,145
229,45,137,145
229,45,137,145
229,43,138,147
229,43,138,148
229,44,138,148
229,44,137,147
229,44,137,146
229,43,137,147
230,44,137,147
230,44,136,146
230,44,137,145
230,45,138,145
230,44,137,145
230,44,140,147
231,44,138,146
231,45,139,145
231,44,139,146
233,44,137,144
233,44,137,145
233,44,137,145
233,43,137,146
233,43,138,145
234,43,138,145
235,43,139,146
235,42,140,147
235,41,141,148
236,40,139,149
235,41,140,148
236,41,141,147
236,40,141,148
236,39,142,151
236,39,141,150
236,37,141,151
236,36,142,152
236,37,143,152
235,37,144,152
235,36,145,153
235,36,145,154
235,35,146,155
235,34,147,156
235,33,147,155
235,33,148,156
235,32,148,157
234,31,148,158
235,31,148,158
235,29,148,158
236,30,147,158
236,29,147,159
236,28,148,159
235,28,148,160
236,28,148,159
236,28,148,159
236,26,148,160
234,27,150,159
234,25,150,161
234,24,151,163
234,25,150,162
233,26,152,160
234,25,152,161
235,24,149,161
234,23,151,162
234,23,151,163
234,22,152,163
233,22,153,164
234,22,152,164
234,22,151,163
234,20,151,165
234,19,153,166
234,20,152,164
235,21,152,164
235,20,152,164
235,20,152,163
236,21,151,162
234,20,153,165
234,19,154,166
234,19,153,165
233,19,155,164
233,19,154,164
234,19,153,164
234,17,154,165
234,17,154,165
234,16,153,166
234,18,154,165
235,16,153,166
235,16,154,167
234,15,155,167
234,14,157,170
233,14,157,169
233,13,157,168
234,13,157,167
234,13,159,167
234,13,158,168
234,13,158,168
234,12,158,167
234,12,158,166
234,12,159,168
234,12,159,170
233,11,159,172
232,10,162,172
231,9,164,172
231,9,164,172
230,9,164,172
231,10,163,171
232,9,162,170
235,10,159,171
236,10,157,171
237,12,157,169
237,10,156,170
237,10,156,169
236,11,158,168
235,11,159,169
235,11,160,170
235,10,160,170
235,11,159,169
236,11,159,168
237,11,158,167
236,11,158,168
236,12,158,169
237,11,158,171
237,11,158,169
237,11,158,169
237,10,159,171
237,11,158,172
236,9,160,172
236,9,160,172
235,9,159,171
235,10,159,171
235,10,160,171
235,11,159,170
235,11,160,169
235,9,159,168
236,8,158,172
235,8,159,172
234,6,159,173
232,4,162,174
231,2,164,178
233,2,163,177
234,3,162,175
236,2,164,177
236,1,166,179
235,1,168,177
236,2,167,175
237,2,166,176
238,1,166,175
237,1,170,177
240,1,168,174
240,2,168,174
240,1,168,176
239,1,167,175
237,1,166,174
235,1,169,176
234,1,169,176
233,1,171,176
234,1,168,175
234,1,167,175
232,1,167,175
231,1,168,175
230,1,170,177
229,1,172,179
228,1,176,182
228,1,176,182
227,1,175,182
226,1,177,182
225,1,176,183
225,1,175,183
224,1,175,182
225,1,173,180
226,1,172,181
226,1,173,181
227,1,174,183
227,1,177,183
227,1,176,182
226,1,178,182
225,1,177,181
227,1,173,182
227,1,172,184
227,1,173,184
226,1,175,183
226,1,175,182
225,1,175,183
226,1,173,183
225,1,174,183
224,1,174,183
231,1,170,181
231,1,168,181
229,1,170,182
227,1,172,183
225,1,174,183
226,1,172,183
226,1,174,183
224,1,175,184
225,1,174,183
223,1,175,183
223,1,177,183
224,1,175,182
227,1,172,181
227,1,170,180
224,1,173,181
224,1,171,182
222,1,172,182
223,1,169,183
223,1,168,183
222,1,169,182
223,1,166,181
222,1,165,180
222,1,162,181
222,1,161,182
222,1,161,182
223,3,159,182
224,6,156,178
225,10,152,174
226,13,149,171
226,15,148,170
225,18,147,168
225,20,145,167
224,24,144,165
225,28,142,162
226,30,140,160
226,33,139,157
226,38,137,154
226,43,134,150
226,48,132,145
226,50,132,145
226,51,131,144
227,54,129,142
228,60,126,137
227,61,127,137
228,64,125,135
229,66,124,133
227,66,126,135
228,69,125,132
230,72,120,129
230,75,121,127
231,74,121,130
231,75,120,128
232,76,120,127
233,78,119,125
234,80,118,124
235,80,119,123
235,81,119,123
235,82,118,122
236,83,118,122
237,85,117,120
238,86,116,118
238,86,116,121
239,87,115,122
239,89,116,120
239,88,116,122
238,89,116,121
238,89,117,120
239,90,116,118
239,91,115,118
239,91,116,118
239,91,116,119
239,91,115,118
241,92,114,118
241,93,113,118
242,92,112,118
242,93,112,117
241,93,114,116
241,93,114,117
241,94,114,117
242,95,115,116
242,95,114,116
243,96,114,115
244,95,113,117
245,95,113,115
245,95,113,115
245,95,112,116
245,96,113,115
245,97,113,114
245,97,114,114
245,96,114,115
244,96,115,117
244,96,116,116
244,96,115,115
246,95,114,116
247,95,113,117
247,95,114,117
248,94,114,117
250,94,114,116
250,92,116,118
251,93,117,118
251,92,116,119
252,92,117,120
252,92,118,121
252,92,118,119
253,91,120,121
253,91,118,120
255,91,118,122
256,91,118,121
256,90,120,123
257,90,119,123
258,91,119,122
259,91,119,123
258,91,120,122
259,91,120,123
258,90,122,123
259,91,121,122
260,91,121,120
260,89,121,123
260,90,121,122
260,90,120,121
260,90,121,121
259,90,122,122
261,90,120,123
261,90,119,122
261,90,119,122
262,90,121,122
262,90,120,121
262,89,122,120
262,89,122,124
262,89,121,123
262,87,123,122
262,87,123,126
262,86,122,125
263,86,121,124
263,87,123,123
263,87,123,123
264,86,122,126
264,86,124,127
263,86,126,129
264,86,126,128
264,86,126,128
264,86,127,128
264,85,129,128
265,85,128,128
266,85,128,128
267,86,127,128
268,84,126,129
268,83,128,130
269,85,125,129
269,84,127,130
270,85,125,128
270,84,124,127
272,84,123,127
272,84,125,128
273,84,125,129
274,85,124,128
275,85,125,127
275,84,124,127
275,83,125,129
274,84,127,130
274,83,128,132
274,83,128,132
274,83,128,133
274,82,127,132
275,83,126,131
275,82,127,130
276,83,126,128
274,83,128,129
277,83,125,129
271,81,132,131
274,81,128,131
273,79,130,132
272,78,131,133
273,77,129,132
271,75,131,132
271,74,131,132
271,73,130,134
271,71,132,136
271,70,132,135
271,68,132,138
272,69,130,136
271,65,131,138
270,64,132,140
269,62,133,140
268,60,133,141
268,60,135,142
267,59,134,141
266,56,134,143
264,55,137,145
264,52,138,147
264,49,138,146
262,49,140,150
261,47,143,151
259,47,143,151
257,45,144,151
256,44,143,150
256,44,145,149
255,43,144,148
254,42,145,151
253,42,144,150
252,41,145,152
252,41,145,153
251,40,146,152
251,40,145,154
250,39,147,155
250,38,147,155
250,38,146,157
250,38,147,156
250,38,147,156
249,39,147,154
249,38,148,156
249,38,147,155
249,37,147,156
249,38,147,155
249,37,148,156
249,39,148,155
249,39,147,154
249,39,148,155
249,37,148,156
249,38,148,155
249,39,149,156
249,39,148,156
249,38,149,157
251,39,148,156
251,39,148,156
251,39,147,156
251,40,147,155
252,39,146,156
251,39,147,156
250,38,148,157
250,39,149,156
250,39,149,157
249,38,150,158
248,38,151,157
250,38,148,157
250,39,145,156
252,38,145,156
252,39,144,155
251,39,145,155
249,39,146,155
251,38,144,154
249,39,146,156
248,38,147,155
248,38,147,156
248,37,148,157
247,37,148,156
248,38,146,155
248,38,146,156
246,37,149,157
248,36,147,157
249,37,145,156
250,38,145,156
247,37,148,156
248,38,146,155
249,38,145,154
249,39,146,153
249,39,145,154
249,38,146,155
249,37,146,154
248,36,147,158
249,37,145,158
249,38,144,157
248,36,145,159
247,37,145,158
247,38,146,156
249,39,144,154
249,39,143,153
249,40,142,152
249,40,143,154
249,41,144,153
250,40,143,152
250,41,142,151
250,41,142,151
250,41,142,151
250,42,142,151
251,43,142,150
250,42,142,152
251,42,143,153
253,45,143,152
252,45,144,152
253,47,145,152
252,46,146,152
252,47,145,149
252,47,146,152
253,49,143,149
254,48,142,150
253,48,142,150
252,50,144,148
253,49,144,149
255,49,141,149
256,50,139,147
257,49,139,149
255,50,142,148
254,50,141,146
255,50,141,146
256,50,141,144
255,50,143,145
256,48,143,146
257,46,144,149
256,46,147,150
255,46,148,149
256,46,148,150
255,46,150,149
256,47,149,149
256,47,149,149
257,46,147,152
256,44,149,155
256,43,148,155
258,44,144,154
258,42,145,155
253,44,149,154
255,43,146,155
255,44,146,154
255,44,147,155
253,44,149,153
254,44,148,154
254,44,148,154
254,44,150,156
253,43,150,156
254,43,149,156
255,43,147,155
256,44,147,155
255,44,148,154
254,44,149,155
254,43,149,155
255,43,148,155
254,42,150,156
254,41,149,157
254,41,150,157
254,41,150,158
255,41,149,157
255,41,148,159
254,40,152,160
256,40,149,159
255,40,151,159
255,39,150,161
255,39,150,160
255,39,149,159
253,38,152,161
253,38,151,160
254,38,150,159
255,39,149,160
255,37,150,162
256,38,149,161
256,39,149,162
255,38,149,162
255,38,149,163
255,38,150,162
255,39,149,161
254,39,148,161
254,39,149,162
254,39,149,161
253,38,151,161
253,39,150,161
255,39,149,160
254,38,150,161
255,38,148,160
255,37,149,161
254,36,150,162
253,37,149,161
253,37,150,160
253,38,148,159
253,37,149,160
253,37,148,160
252,37,149,160
253,38,148,159
253,38,147,159
251,39,150,158
252,39,148,159
253,39,146,159
254,40,145,156
253,39,146,156
252,39,146,156
251,38,148,157
251,38,147,156
251,38,147,158
251,37,146,157
252,38,145,158
252,38,146,157
252,38,147,158
251,37,147,157
251,38,147,156
252,38,145,158
252,39,146,156
251,38,146,157
251,38,145,158
250,38,146,157
252,39,143,156
250,38,145,157
249,36,147,158
248,34,147,160
248,34,149,161
247,35,149,161
246,35,149,160
247,35,149,160
247,35,148,160
247,36,146,160
248,36,146,158
248,35,146,158
248,36,144,157
247,36,145,158
246,35,146,159
246,36,145,158
246,36,146,159
245,35,147,160
245,34,146,161
246,35,146,161
246,34,144,160
246,35,143,159
246,36,144,158
246,37,143,157
247,38,141,155
248,39,139,154
246,39,142,154
245,40,144,153
245,41,143,152
245,42,143,152
245,42,143,152
246,43,141,151
246,44,141,150
246,44,142,151
247,45,141,149
247,45,142,150
248,46,140,149
249,47,140,148
250,48,138,148
250,49,139,148
250,49,138,147
250,50,138,148
251,51,137,147
250,52,138,146
250,53,139,145
251,53,137,145
252,54,136,144
252,54,136,144
252,55,135,143
252,56,136,142
251,58,137,140
250,59,137,140
250,58,138,139
250,58,138,142
251,58,137,140
251,58,137,140
250,56,139,142
249,55,141,143
251,55,138,143
251,55,137,142
251,55,137,142
250,54,138,142
250,52,138,143
251,52,139,145
250,51,140,146
250,50,139,147
251,50,138,147
251,49,137,148
252,50,138,147
252,50,137,146
252,49,139,147
251,49,137,148
251,49,138,148
248,48,142,148
249,48,141,149
250,48,139,148
249,47,142,150
250,47,140,149
250,45,140,151
250,46,139,150
250,47,142,149
250,47,140,149
251,48,139,148
250,46,141,150
251,46,139,149
251,47,139,148
249,45,142,151
249,45,140,149
248,45,141,150
248,45,142,152
247,44,142,152
249,45,140,151
248,46,140,149
248,45,141,151
248,44,142,151
248,45,142,150
248,45,141,149
247,44,141,151
246,44,142,150
248,45,140,149
248,44,141,151
249,45,139,150
248,45,138,149
248,45,140,150
247,45,142,150
247,45,143,151
247,46,141,150
247,46,140,149
247,47,141,148
248,46,139,151
249,45,138,152
249,45,138,152
250,44,138,152
251,44,138,152
252,44,137,151
252,43,138,154
251,44,137,153
250,42,137,153
250,43,137,152
250,44,136,151
250,45,139,151
250,44,138,150
249,44,139,149
249,44,138,152
249,44,140,153
249,43,140,153
249,44,140,153
248,43,140,153
247,43,139,152
247,43,139,152
246,44,141,154
247,44,140,153
246,43,143,153
246,42,143,153
246,42,141,153
247,43,141,154
247,44,142,152
248,44,140,150
248,44,141,152
247,44,141,152
246,43,143,152
246,44,144,152
246,45,144,151
247,45,142,150
247,45,142,149
247,45,142,149
247,45,143,150
247,45,142,149
247,44,142,149
248,45,142,148
249,46,142,148
249,46,141,149
250,47,140,149
251,47,139,148
251,47,138,148
250,46,140,149
250,46,139,148
250,46,140,149
251,47,139,148
252,47,138,147
252,47,139,148
253,47,138,147
253,47,137,146
253,47,137,147
253,47,137,146
253,48,137,148
254,48,137,148
254,47,136,147
253,46,137,149
253,46,137,148
253,46,137,148
254,47,136,147
253,46,137,146
253,46,139,148
250,46,141,149
251,45,140,149
250,44,140,151
250,44,140,150
250,43,141,151
250,43,140,150
250,44,139,149
249,45,141,148
249,46,140,148
249,45,140,147
250,45,137,148
250,44,138,149
249,44,138,149
249,44,139,150
248,43,139,150
248,43,141,150
248,44,141,149
249,45,139,149
249,45,138,148
248,45,141,149
249,46,139,148
249,46,138,147
249,46,140,148
248,46,140,147
248,45,142,149
249,45,140,149
249,44,141,150
249,44,141,150
249,45,140,149
248,43,142,151
248,43,142,151
249,44,142,151
249,43,142,152
250,44,140,150
251,45,138,148
250,46,138,149
247,44,144,149
248,44,142,150
247,44,143,150
247,43,143,151
247,43,141,150
247,44,141,150
247,43,141,149
247,43,141,149
248,44,140,149
248,44,140,150
248,44,140,149
248,43,141,151
248,42,141,151
249,43,139,151
248,44,141,150
248,44,141,149
248,44,141,149
247,44,143,150
247,44,143,149
246,44,142,148
247,44,142,150
249,44,141,150
250,45,139,149
248,43,140,150
247,42,141,151
248,43,141,151
248,43,142,151
249,43,141,150
248,43,142,151
248,43,141,150
248,43,140,150
249,43,140,150
249,44,139,149
248,44,140,151
248,44,139,150
248,44,138,150
246,44,140,150
246,42,140,152
246,41,140,152
245,39,142,154
244,35,143,159
244,35,145,159
245,36,143,158
243,35,145,157
243,35,146,157
243,34,145,157
243,34,146,158
243,32,147,159
243,31,146,160
243,30,147,162
242,28,149,165
242,27,151,165
241,27,153,165
241,26,153,165
241,25,153,165
241,25,153,165
241,26,153,165
240,25,154,167
240,25,154,167
240,24,153,169
240,24,154,168
240,23,154,169
240,23,154,169
240,23,154,171
239,20,157,174
239,17,158,178
238,17,159,179
238,17,159,179
238,17,158,179
237,16,160,180
237,16,160,180
236,15,162,181
237,15,161,181
238,16,160,180
239,16,159,179
239,15,160,180
239,16,159,179
238,16,161,180
236,15,162,180
237,16,162,180
238,17,161,178
239,16,160,179
239,16,159,181
237,14,162,182
237,14,163,181
237,16,161,180
237,15,160,181
236,14,162,182
237,14,161,182
237,14,160,181
237,16,161,181
238,17,161,180
238,17,160,180
240,17,159,178
239,16,160,181
239,16,160,179
239,17,159,178
239,17,158,178
238,16,158,178
238,16,158,178
238,15,158,181
238,16,158,180
238,16,158,180
237,16,157,179
235,16,154,179
233,17,153,177
231,18,152,176
230,19,154,174
230,21,152,173
230,24,151,171
230,27,149,168
232,31,146,165
232,32,145,163
232,35,145,161
231,39,146,158
233,43,141,154
235,47,139,150
235,48,139,149
237,51,137,149
240,55,133,145
242,58,130,143
243,61,128,142
242,62,130,139
241,65,131,136
242,67,130,135
243,69,129,134
243,72,128,133
243,72,127,132
243,73,126,131
243,75,125,130
244,76,124,129
245,77,123,128
245,78,124,127
245,79,123,126
245,79,125,127
245,81,123,126
245,82,123,126
245,82,123,127
245,84,123,123
246,84,122,123
246,84,121,122
245,84,122,125
246,83,121,124
245,82,120,123
245,82,121,125
245,81,123,127
245,82,122,126
245,82,122,125
244,83,123,124
245,84,123,122
245,82,123,124
244,83,123,124
245,82,122,125
245,81,123,127
245,82,123,126
245,80,123,127
245,80,122,126
246,81,122,125
247,82,121,124
245,80,124,126
245,80,123,126
244,79,127,127
244,80,125,126
245,81,123,125
244,79,125,126
244,78,126,127
244,78,127,128
245,79,125,127
245,78,125,128
246,78,124,127
246,77,124,128
246,78,125,128
245,79,125,127
245,78,127,128
246,77,127,130
247,77,127,131
246,76,127,131
247,77,126,129
247,77,126,129
247,77,125,129
248,77,124,129
249,77,123,128
249,78,123,128
250,78,122,127
246,75,127,130
