345,143,26,26
346,138,25,27
346,135,24,22
346,127,23,23
345,118,25,21
347,106,29,24
352,98,26,23
356,89,26,24
361,83,25,24
364,76,27,26
368,71,27,26
371,67,26,26
375,64,27,26
378,62,26,25
382,61,28,27
385,62,28,25
390,63,26,26
393,64,28,27
397,68,26,26
400,72,27,25
404,77,26,25
407,83,27,25
411,87,27,25
415,90,25,30
417,100,23,25
418,110,22,22
420,122,23,19
423,131,26,21
432,135,21,24
437,139,22,23
441,138,22,25
443,135,21,28
444,133,23,26
447,127,22,26
449,122,20,25
451,115,21,26
453,111,23,26
454,108,25,26
457,106,25,24
459,105,25,24
461,105,25,26
464,106,26,25
465,108,24,24
468,109,26,25
472,113,24,24
482,116,24,27
488,119,26,26
493,115,26,30
498,112,20,28
498,108,23,28
497,103,24,28
496,97,20,30
495,87,19,29
495,79,21,18
496,72,26,25
495,67,27,27
497,62,24,27
495,58,21,20
488,58,22,19
476,60,26,18
466,58,28,19
460,56,25,22
453,54,23,27
445,58,22,26
435,62,28,28
425,64,35,32
422,70,28,28
422,77,24,19
418,83,23,16
416,87,22,15
412,93,23,17
408,95,19,15
402,97,23,13
400,98,22,13
396,100,23,14
400,98,26,19
390,103,26,18
388,104,27,20
385,106,26,18
381,108,27,18
378,109,27,20
375,111,26,18
371,114,26,18
368,116,26,20
364,119,26,17
360,121,26,18
355,123,27,19
351,126,26,18
347,129,25,18
342,132,25,17
337,136,26,17
331,139,26,16
326,143,26,15
320,147,26,15
313,150,30,15
309,153,22,17
303,155,25,19
299,159,22,19
289,160,27,17
286,163,19,17
279,167,18,17
273,167,17,15
265,167,25,12
262,161,27,16
263,157,24,16
264,152,24,13
269,133,22,25
272,126,19,22
278,118,23,22
286,113,22,27
293,110,23,27
297,115,20,24
296,114,29,21
294,113,28,20
292,110,30,19
291,110,30,17
291,107,28,17
291,105,27,18
290,104,28,18
289,104,28,17
289,104,28,17
288,104,29,17
288,103,29,17
287,103,29,18
285,103,28,18
282,103,28,18
278,103,29,18
276,102,28,18
274,101,29,18
272,101,29,18
269,101,30,18
267,100,30,21
263,100,30,20
261,101,29,20
258,101,30,20
256,103,30,21
253,104,31,22
250,105,32,22
246,107,34,21
245,110,32,22
244,112,31,22
240,114,33,22
240,117,32,21
237,118,33,21
235,119,33,23
235,121,32,24
233,123,33,22
232,124,33,22
231,125,33,23
230,126,32,25
229,126,33,24
229,128,32,23
228,129,33,23
228,129,32,24
228,130,31,24
228,130,31,25
228,130,31,26
227,131,32,27
227,131,31,27
227,131,30,29
226,130,34,30
226,132,31,29
228,132,28,27
226,132,30,28
228,132,27,26
227,132,31,28
228,132,30,28
230,131,29,28
231,129,29,28
231,129,28,28
232,128,30,27
233,127,29,27
234,125,29,27
236,123,28,27
237,122,27,26
236,121,28,25
234,119,28,26
232,118,29,27
230,116,29,27
229,116,31,26
228,113,33,26
228,113,32,23
226,112,35,24
228,111,32,25
228,111,31,23
227,110,32,24
228,109,31,22
227,109,31,23
227,109,30,21
226,108,32,22
226,108,31,23
225,108,32,24
223,108,33,23
224,108,33,23
223,108,32,22
223,109,34,21
222,109,34,21
222,109,33,21
222,109,34,22
222,110,33,21
222,109,34,22
222,110,34,22
223,110,33,22
222,110,34,21
222,110,34,22
222,110,34,22
223,110,33,23
222,110,33,23
221,110,34,22
220,110,36,22
221,110,34,21
220,110,34,22
219,110,36,22
221,112,34,21
220,112,34,23
219,112,36,25
219,114,35,24
219,115,34,23
219,117,33,22
218,118,35,21
219,118,34,23
218,119,35,23
218,120,34,22
218,122,33,21
217,123,36,21
217,123,35,23
217,124,35,23
216,125,37,23
216,125,36,23
216,125,36,22
215,126,35,21
214,125,36,22
214,124,35,24
212,123,37,25
211,124,35,24
208,125,37,22
207,125,35,21
205,126,33,21
202,126,33,20
197,127,37,22
194,128,35,22
191,130,35,21
186,133,36,22
181,134,38,23
179,137,33,23
174,139,38,25
171,142,37,25
170,144,36,25
167,146,34,26
167,148,34,27
164,151,33,26
162,154,36,25
161,157,35,26
159,159,37,27
160,161,34,26
159,164,34,28
158,166,35,30
159,167,32,28
156,169,33,28
159,170,30,27
157,170,32,27
159,169,31,27
160,167,30,29
160,163,31,27
161,160,31,24
162,154,30,24
166,149,28,23
169,146,31,22
171,141,31,22
175,136,31,23
178,132,30,22
181,126,31,22
184,123,32,22
188,119,31,22
188,117,36,19
192,114,32,19
193,112,35,19
196,110,33,19
197,109,34,19
198,109,35,18
200,107,34,20
201,107,34,20
202,108,35,18
203,106,34,22
204,108,33,20
204,109,33,20
203,111,36,18
204,112,34,20
203,113,36,21
204,115,35,22
204,117,35,21
204,118,35,22
204,120,35,22
205,122,34,23
204,124,34,23
204,126,34,24
205,128,33,24
204,129,33,24
206,131,31,24
206,131,30,24
207,132,30,23
207,133,30,23
208,133,30,24
208,133,29,23
209,132,30,26
210,131,29,27
210,132,31,25
211,130,31,28
212,130,30,27
214,130,28,25
214,129,30,24
216,129,29,23
218,128,28,23
220,127,29,23
223,126,27,22
224,125,29,23
228,124,28,23
229,123,28,25
232,123,27,25
235,122,27,24
239,122,27,24
242,120,28,25
244,120,29,24
249,119,29,25
254,119,28,23
258,119,29,21
264,119,29,21
270,119,28,20
276,120,29,20
281,121,29,20
287,122,28,20
292,123,29,20
298,125,29,21
303,127,28,20
307,129,28,21
310,131,29,20
313,133,30,18
316,134,29,19
319,136,28,18
320,136,30,19
321,136,29,18
322,136,28,18
323,136,29,18
322,136,29,19
323,135,29,20
323,134,28,18
322,133,29,19
320,131,29,17
317,129,32,17
317,127,30,17
313,125,32,17
311,122,32,19
308,120,32,20
306,118,32,20
302,116,33,20
300,115,32,20
296,114,32,20
291,113,33,21
286,112,34,23
280,111,35,23
275,111,35,22
270,111,35,22
265,111,35,21
261,112,34,20
256,111,35,21
252,112,35,21
249,112,34,21
245,114,35,21
243,114,34,21
240,115,35,21
238,115,34,21
235,116,36,21
234,116,36,22
233,115,36,23
230,116,38,21
230,116,36,22
228,116,38,22
229,117,36,22
229,117,35,23
228,117,36,22
228,117,36,23
228,117,37,23
229,117,36,21
229,117,36,23
230,117,36,23
232,117,35,23
233,118,34,22
236,117,33,24
237,117,33,23
241,117,31,23
243,117,31,24
246,117,31,22
252,116,28,22
255,115,29,24
260,115,28,21
263,116,30,22
268,114,30,23
274,115,28,23
279,116,28,23
284,117,29,23
291,118,26,21
294,118,28,20
300,118,26,21
303,119,27,20
307,120,27,18
305,120,31,20
308,120,31,21
311,121,31,19
315,120,29,21
316,120,30,21
319,120,31,20
321,120,30,20
324,122,29,18
326,121,29,19
326,121,32,20
329,122,31,18
331,122,31,18
333,122,32,19
335,124,31,18
337,124,30,19
337,123,32,20
338,124,32,19
339,124,33,20
341,124,31,20
343,124,30,20
344,124,31,20
345,124,30,20
345,123,31,22
347,123,31,22
348,124,32,20
350,124,33,22
352,125,32,21
354,124,32,20
356,125,32,21
358,124,33,21
360,124,33,22
362,124,32,22
364,124,32,22
367,124,32,22
367,125,33,22
369,125,34,22
372,125,33,22
374,123,32,23
376,123,31,23
377,122,31,24
377,123,33,23
377,123,33,23
378,124,33,22
378,124,34,22
378,124,34,23
379,124,33,23
378,124,33,23
377,124,34,23
378,124,33,23
377,125,34,22
376,124,34,23
376,123,34,23
374,123,35,23
373,122,35,22
372,121,36,22
372,119,35,22
373,118,31,22
372,115,35,23
371,113,35,23
371,111,34,23
371,110,34,23
371,107,35,24
371,105,34,24
371,103,34,23
371,101,35,23
371,99,34,23
371,97,34,24
372,95,33,24
371,93,33,24
370,92,34,23
370,92,33,25
368,92,33,24
367,91,34,24
366,91,33,25
365,91,32,25
363,92,33,24
361,91,33,26
358,92,33,25
355,91,35,24
353,90,33,22
351,89,34,21
349,88,33,20
348,87,32,19
346,85,33,20
346,86,32,19
344,84,33,21
343,85,33,20
342,84,32,20
341,85,33,20
340,83,34,21
339,83,34,21
339,83,33,23
339,83,34,22
338,83,35,20
338,82,35,22
339,81,34,22
339,80,35,21
338,79,37,26
341,78,34,28
341,77,34,27
340,76,34,27
339,75,35,28
340,74,33,27
338,73,34,30
336,71,35,29
334,71,35,29
332,71,35,31
330,71,35,31
328,71,35,31
325,71,37,32
321,71,36,32
318,71,37,30
315,72,37,30
312,72,37,29
309,72,38,28
307,72,37,27
305,71,37,27
302,70,37,27
299,68,39,28
299,68,37,26
296,67,38,28
295,66,39,25
293,66,38,22
292,65,38,24
291,65,38,24
290,64,37,25
289,63,38,25
288,62,39,26
288,63,39,24
288,63,39,29
287,63,39,30
287,63,39,30
287,62,40,31
287,62,41,32
288,62,41,31
290,61,40,30
289,61,42,29
292,61,40,29
293,60,39,29
295,60,38,28
294,60,39,30
295,61,38,28
294,59,41,31
294,59,40,31
294,58,39,31
293,57,41,34
294,58,39,33
294,58,39,30
292,59,40,28
292,59,39,28
291,60,40,30
289,59,42,29
288,60,42,31
287,60,42,31
288,60,40,31
289,60,39,31
288,62,40,29
289,62,40,28
290,62,40,26
292,60,39,29
292,61,40,30
294,61,39,28
294,61,40,27
296,61,39,31
297,62,39,29
298,62,39,28
298,61,41,29
300,61,40,29
302,63,38,27
304,62,37,28
304,62,40,28
306,62,38,28
307,62,38,28
306,61,41,33
309,62,37,32
309,62,39,31
309,63,39,30
308,63,40,31
308,64,40,31
309,67,39,30
308,70,40,29
309,71,38,32
309,71,39,29
310,74,37,27
309,77,38,26
310,77,39,31
308,78,41,34
309,79,39,29
309,80,39,31
308,81,40,32
308,82,40,31
309,84,39,31
310,86,38,30
311,86,37,30
311,86,37,28
311,87,37,28
310,88,39,28
310,89,38,29
310,91,37,28
311,92,36,27
311,93,35,29
310,94,35,29
308,95,37,28
307,95,36,27
307,97,37,24
306,98,37,24
305,99,36,23
304,99,35,25
301,99,36,26
299,99,35,26
296,100,35,26
293,101,36,26
290,103,35,25
288,103,35,25
286,104,35,27
284,105,36,26
283,104,36,24
282,103,36,24
281,103,35,23
280,103,35,25
278,103,36,24
277,104,36,25
276,103,36,26
276,104,34,25
275,104,35,26
273,105,36,27
273,104,35,29
271,104,36,28
269,104,36,28
267,104,37,27
268,105,35,26
266,106,36,24
268,106,34,28
266,106,36,23
267,106,35,29
266,106,36,27
265,106,35,26
267,107,34,28
265,108,37,30
266,109,36,29
265,110,37,28
267,110,35,27
266,110,36,25
267,111,35,26
273,110,29,29
269,111,33,27
266,111,36,27
267,111,35,29
265,113,37,27
267,113,34,25
266,113,35,27
266,113,36,28
266,113,35,27
266,113,36,26
268,113,35,27
268,114,35,26
269,114,34,26
269,114,35,26
269,115,35,24
270,116,34,23
270,117,35,22
270,117,35,25
271,117,34,26
270,117,36,25
272,117,34,25
272,118,34,27
273,119,34,26
273,118,35,27
274,119,35,26
274,118,36,27
275,119,35,27
275,119,36,27
274,119,37,26
275,119,36,27
276,119,35,26
275,120,36,27
275,120,36,28
275,120,36,27
275,120,36,26
276,121,36,25
276,120,37,27
276,120,36,27
276,120,36,27
276,120,36,26
276,120,36,25
276,120,35,25
276,120,34,25
276,121,35,23
276,120,35,26
275,120,36,26
275,120,35,26
275,120,35,26
275,121,35,25
275,120,35,26
274,120,37,27
274,121,36,25
274,120,35,25
273,120,37,25
273,121,36,26
273,121,36,26
274,120,35,27
274,120,34,26
274,120,35,27
273,121,36,25
273,121,35,26
274,121,35,25
274,121,35,24
274,121,34,27
275,121,33,27
274,121,35,25
275,121,33,25
273,121,36,27
274,122,34,25
274,123,33,26
273,121,35,29
273,121,35,27
273,122,35,26
272,122,36,28
273,122,35,29
272,121,36,29
272,121,35,28
273,122,34,27
272,122,36,25
273,123,34,25
272,124,35,26
272,122,35,28
272,122,35,27
272,122,35,26
272,121,34,22
272,123,31,12
273,124,20,15
273,125,16,13
272,126,13,14
273,125,9,15
272,121,35,18
273,121,33,17
272,123,35,17
271,122,37,18
272,122,36,17
272,123,37,16
273,122,36,18
274,123,34,17
273,122,35,18
274,122,34,17
274,122,34,17
274,123,34,17
275,122,33,17
275,122,33,16
275,121,35,18
275,122,35,18
275,122,35,17
276,123,34,16
276,123,34,17
276,122,34,18
276,121,33,18
276,120,33,19
276,120,33,20
276,126,10,11
276,124,11,15
278,126,11,13
278,125,10,12
278,126,14,13
277,120,25,15
276,121,26,13
276,121,29,12
275,121,30,14
275,121,33,14
277,122,32,15
277,122,33,15
277,121,35,17
277,121,35,20
277,121,35,23
277,121,35,24
277,121,35,26
277,121,35,27
277,121,35,29
282,121,30,29
283,121,29,29
283,121,30,29
285,121,27,27
285,121,27,28
285,121,27,30
285,121,27,29
287,121,26,29
288,121,25,29
289,121,23,30
287,121,26,29
287,121,26,30
287,121,25,30
288,121,24,30
287,121,26,30
287,121,26,29
287,121,26,30
287,121,26,31
287,121,25,30
287,121,25,29
287,121,26,28
287,121,25,28
287,120,25,30
286,119,25,32
275,118,36,33
276,117,36,33
276,118,36,32
276,118,36,33
277,118,36,33
277,118,36,32
279,119,34,31
279,118,35,30
279,118,35,30
279,118,35,29
279,118,35,18
278,119,35,26
279,119,35,28
278,119,35,29
277,119,35,28
277,118,35,28
276,119,36,28
277,119,36,29
277,118,36,30
277,118,37,29
277,119,37,29
278,119,36,29
278,120,36,28
278,120,36,28
276,120,38,28
276,121,37,28
275,121,37,25
275,121,37,26
275,121,37,26
276,122,35,25
276,120,35,27
276,120,35,26
275,120,36,27
274,120,38,28
274,120,37,27
274,120,37,27
274,121,36,26
273,121,37,26
273,121,37,27
273,120,37,26
273,121,37,26
273,121,37,25
273,121,37,25
273,121,37,26
274,121,37,25
275,121,36,27
274,121,36,26
274,121,36,26
274,120,36,29
274,120,36,28
274,120,36,27
273,120,36,27
274,120,35,28
273,119,37,29
274,120,36,27
274,121,36,29
274,121,36,28
274,121,36,27
273,121,37,27
272,120,37,29
271,120,37,29
270,120,37,28
269,120,37,28
269,120,36,30
268,120,35,26
267,120,35,26
268,120,34,26
268,120,33,24
267,120,35,26
266,120,36,27
266,120,36,28
267,120,34,28
268,120,33,25
267,120,35,24
266,123,35,24
266,124,35,26
265,127,35,25
263,129,36,24
263,131,35,21
261,129,34,21
263,125,28,23
255,118,33,26
249,109,27,31
245,94,28,34
238,88,37,32
229,88,37,26
227,87,34,22
222,82,31,27
214,77,33,44
197,92,39,45
185,114,40,44
175,143,42,42
173,173,43,30
180,208,32,46
190,236,38,52
208,260,38,41
221,271,34,37
233,281,33,35
240,285,31,34
246,293,23,28
253,296,16,26
257,298,14,24
257,299,13,23
260,297,33,26
262,295,12,30
260,292,16,33
258,288,21,36
255,284,23,40
252,280,24,38
250,274,25,35
250,263,24,33
251,249,26,36
255,237,22,33
258,223,24,32
264,208,22,34
267,195,32,32
273,184,31,34
276,174,32,37
280,167,34,36
285,160,32,35
291,157,31,27
293,152,32,29
298,148,31,29
302,142,30,31
305,140,32,29
305,135,32,29
308,131,30,27
310,127,29,27
311,128,29,25
313,128,28,25
313,128,28,25
312,130,29,27
313,134,28,26
313,139,28,27
313,143,27,28
313,149,27,28
311,154,28,28
310,156,28,34
308,161,28,36
307,167,26,36
306,175,25,36
305,182,24,35
302,190,26,37
301,198,26,39
301,206,24,37
301,212,25,39
302,218,25,36
304,224,23,36
307,227,22,36
309,229,24,36
312,232,25,34
314,234,26,32
317,234,24,30
318,235,26,31
319,236,27,30
320,236,27,31
319,236,27,31
320,236,26,30
320,237,25,29
318,237,26,29
318,237,24,30
317,237,23,31
315,237,22,29
313,239,22,29
310,240,22,29
308,240,21,29
306,239,20,31
302,238,21,31
299,237,24,31
295,236,26,34
291,235,29,34
288,237,29,32
283,236,29,31
279,236,29,30
276,236,26,29
272,233,27,31
269,231,28,33
266,229,27,33
262,228,29,31
260,227,29,31
258,226,29,30
256,225,31,32
255,225,30,31
253,225,31,33
253,225,31,34
252,228,30,32
251,232,31,31
252,235,30,31
252,239,31,33
250,244,32,31
250,248,31,30
251,251,29,31
252,252,27,30
253,251,28,33
253,249,30,31
254,245,29,32
254,240,28,33
254,236,28,34
254,234,28,32
253,230,29,32
252,229,29,31
250,227,30,31
249,225,29,32
247,224,31,31
245,223,31,31
244,221,31,30
243,220,31,31
242,217,32,34
241,214,32,33
241,212,29,35
240,212,28,32
240,206,26,36
239,205,27,35
238,204,27,36
237,203,27,37
236,203,28,36
236,205,28,35
236,205,28,35
236,205,28,36
237,206,27,36
237,206,28,36
239,207,27,35
241,208,26,35
242,209,27,34
244,210,26,33
245,210,26,33
245,212,29,31
246,213,28,29
246,213,28,31
246,214,29,29
246,215,29,30
246,215,29,31
246,217,31,29
246,217,30,28
248,218,30,30
248,218,30,30
249,220,29,28
249,219,28,30
251,219,27,29
250,217,29,33
251,220,25,29
252,223,22,25
253,224,21,23
252,224,19,24
251,222,18,24
250,226,16,20
249,227,16,19
249,229,15,17
247,229,15,18
246,230,15,18
245,229,16,19
244,228,16,21
243,230,16,19
242,230,17,19
242,230,17,19
243,229,16,22
242,229,17,23
242,231,19,23
242,231,19,26
242,235,19,21
242,237,17,20
242,238,19,21
242,237,19,23
242,237,18,22
244,237,18,20
244,234,13,22
246,233,15,23
245,231,17,22
244,234,18,17
243,235,18,13
242,237,18,8
240,216,15,12
232,211,20,15
230,203,15,15
225,195,23,23
223,185,23,25
222,168,21,33
223,164,30,29
231,164,25,28
237,163,32,24
239,164,31,23
242,162,33,22
247,161,32,22
251,159,29,20
255,156,32,21
259,153,31,21
263,152,31,20
266,150,32,20
269,148,32,19
271,147,32,19
274,145,31,19
276,145,31,18
277,144,32,24
278,144,33,23
279,144,33,24
280,143,33,26
281,144,32,25
281,144,33,25
282,144,32,26
282,142,33,27
283,141,32,26
283,141,34,25
284,140,33,25
284,138,34,26
286,138,33,25
287,137,33,25
288,136,33,25
289,135,33,25
290,135,34,24
291,135,34,25
293,134,33,25
296,135,32,23
297,133,32,23
297,133,33,22
298,132,33,22
298,132,34,24
299,131,34,26
299,130,34,24
299,131,34,24
298,130,35,23
300,130,33,22
300,130,34,24
300,128,34,23
300,127,35,23
309,126,26,23
308,126,28,22
305,125,31,26
304,124,32,26
304,124,33,24
301,123,36,25
302,122,34,24
302,121,33,23
301,120,34,23
301,120,34,22
299,120,35,22
300,119,34,19
302,117,32,24
300,118,35,22
302,117,34,23
302,116,33,22
301,115,35,20
302,115,34,24
302,114,34,23
303,114,33,22
305,114,32,25
303,113,34,23
303,112,34,25
303,111,35,22
303,112,35,22
304,111,34,21
304,111,34,23
304,111,34,22
304,110,33,21
305,109,34,24
306,109,33,24
308,108,31,25
309,108,31,25
309,107,30,25
309,106,30,24
308,105,31,27
310,106,30,26
310,106,30,25
307,106,33,26
305,106,34,26
310,106,28,23
308,104,30,30
302,103,36,24
302,104,31,22
302,104,35,23
301,104,36,22
302,105,34,20
301,104,36,22
300,104,36,22
302,104,35,24
302,104,35,24
304,104,33,22
305,104,35,22
307,103,34,23
308,104,35,22
310,104,34,23
311,104,35,25
313,104,35,24
313,104,36,24
315,103,35,24
317,104,35,22
318,106,35,20
318,103,36,25
320,102,34,24
321,103,34,23
319,102,37,21
320,102,36,22
321,102,35,20
321,103,35,21
321,103,35,20
321,102,36,22
323,101,35,20
323,102,36,24
324,102,36,24
326,101,35,23
326,101,35,23
326,101,35,24
325,102,36,19
323,101,36,19
321,102,33,19
322,103,28,15
322,104,26,13
321,103,25,12
324,104,14,10
323,103,12,11
322,101,36,27
319,100,35,29
318,102,45,30
318,102,41,29
310,102,38,29
308,103,36,29
308,103,36,28
306,104,35,30
297,106,46,28
296,107,46,27
296,108,45,25
299,108,42,24
301,109,38,25
302,110,38,24
301,109,38,22
303,110,36,21
303,110,35,20
303,110,34,19
302,111,34,20
303,111,33,22
304,111,31,22
303,111,32,21
304,111,30,23
304,111,31,26
306,113,30,26
306,115,31,26
307,116,29,31
308,114,29,34
308,112,31,36
307,110,32,39
305,110,31,38
304,109,31,38
302,108,31,36
300,108,32,33
299,109,28,32
298,109,27,34
295,111,28,33
293,113,27,32
292,114,27,33
291,113,26,35
290,113,26,35
288,113,25,35
287,114,24,33
286,114,23,32
285,115,24,32
283,114,25,33
282,113,26,34
280,113,26,35
278,115,28,33
277,116,27,33
276,116,28,34
276,116,25,33
277,118,27,33
277,118,26,34
277,118,26,34
277,117,25,35
278,115,25,36
279,113,24,37
279,112,26,37
280,112,24,37
280,111,21,37
280,110,22,38
280,109,22,38
280,109,23,38
281,110,24,37
282,111,24,35
282,111,24,33
284,110,22,34
285,108,23,34
286,106,24,37
286,105,24,37
287,105,24,38
287,105,24,38
289,105,23,38
289,105,24,39
289,106,25,38
291,105,24,38
292,104,24,39
293,105,24,38
293,104,25,39
293,104,26,39
293,105,26,38
293,105,26,37
295,105,24,38
295,105,26,39
295,105,25,40
294,105,25,39
293,105,26,38
292,106,27,40
291,108,27,39
290,110,27,39
289,113,27,39
290,114,27,40
289,117,28,40
288,119,27,39
287,121,27,40
286,124,27,41
285,129,28,40
286,132,27,41
285,137,29,41
286,143,28,40
285,149,28,40
285,156,29,39
285,161,28,39
284,166,28,39
283,170,28,39
282,174,29,39
281,177,29,37
280,179,29,38
280,180,29,38
279,181,29,37
278,181,29,37
277,180,29,37
275,179,29,35
274,176,30,36
273,172,30,38
273,168,27,39
274,163,25,38
274,158,25,38
274,150,24,41
275,144,22,41
275,139,23,41
276,136,23,37
277,132,23,39
277,128,23,39
277,125,26,38
277,123,25,38
278,120,25,38
278,121,24,35
278,122,26,34
278,122,24,35
278,123,25,35
278,123,24,34
278,123,23,36
279,122,21,37
279,121,22,36
279,120,22,36
279,119,23,37
280,119,23,37
280,119,23,36
280,119,24,37
280,120,23,36
282,120,22,36
281,120,24,37
282,120,22,37
282,120,23,37
282,120,22,36
282,122,22,33
282,122,24,32
284,122,21,35
283,122,19,36
283,122,23,36
283,125,21,34
284,125,23,34
285,124,21,34
285,124,23,34
286,125,22,33
287,123,22,35
288,122,20,35
289,121,19,35
289,121,19,34
289,122,21,34
289,119,21,35
290,118,21,36
290,118,23,35
290,118,25,34
290,117,24,36
291,116,23,35
292,115,22,37
293,115,21,37
293,116,21,36
293,117,21,35
294,117,21,35
295,117,21,35
295,117,23,34
295,117,23,35
296,118,23,34
296,116,22,37
296,118,23,34
295,117,24,36
295,116,25,37
295,118,25,35
294,121,23,34
293,124,22,35
292,127,23,35
291,132,22,33
289,136,24,35
287,141,25,34
285,144,25,34
281,141,25,34
280,133,23,37
279,128,25,34
278,123,27,30
277,117,29,27
274,110,33,25
272,106,35,23
271,103,35,24
271,103,33,24
271,100,30,28
273,102,26,28
274,100,25,33
277,103,22,33
275,107,24,32
271,114,27,28
268,122,29,23
265,129,31,20
263,135,35,18
263,137,32,18
262,135,36,23
265,133,34,25
270,130,30,26
275,126,28,29
280,124,27,30
287,124,19,30
293,126,20,27
294,126,19,26
286,132,34,21
282,133,38,21
283,132,35,21
281,133,33,21
278,131,35,22
277,130,34,24
275,130,34,22
275,131,34,19
274,130,33,19
272,129,34,21
271,129,34,21
269,130,35,19
271,130,32,20
270,131,32,18
269,131,32,19
268,131,31,18
268,130,33,21
267,132,33,18
267,131,33,18
267,132,33,16
267,132,33,15
269,133,30,13
272,132,28,13
271,130,31,16
275,131,30,15
277,129,30,17
277,126,31,25
277,137,8,18
277,139,19,24
275,137,21,25
273,138,28,29
271,143,24,27
269,144,25,27
269,149,25,20
264,146,32,23
264,147,28,22
258,141,33,37
254,143,37,30
255,143,33,27
253,140,25,32
249,142,33,32
246,144,36,28
244,146,30,30
241,145,31,33
237,145,34,35
233,148,38,35
231,149,38,34
231,148,35,34
231,146,34,34
233,142,32,31
233,139,35,28
234,137,38,30
236,136,40,29
238,136,39,28
240,135,39,30
244,136,35,30
248,138,32,33
250,142,30,36
252,149,31,37
255,153,30,41
257,158,32,39
257,164,34,37
256,172,35,33
253,182,39,29
249,190,35,25
240,185,41,29
231,182,38,31
221,177,34,35
207,172,32,34
197,159,38,42
197,152,35,38
197,139,35,42
200,135,34,37
203,129,34,38
207,124,35,38
214,120,39,40
230,118,39,38
251,115,38,32
287,106,29,41
297,98,40,37
304,94,35,34
304,86,35,33
303,80,35,34
298,76,35,34
288,71,38,35
277,70,33,29
253,69,46,32
240,70,46,44
225,79,47,49
221,106,37,48
220,138,32,44
225,168,34,56
236,195,40,55
252,214,40,52
265,237,37,34
277,246,36,35
284,253,37,35
294,259,34,31
299,261,35,32
304,261,35,31
309,259,35,31
313,255,33,30
314,250,33,29
316,241,32,29
317,234,30,27
317,221,30,31
318,209,29,32
319,197,32,31
318,189,34,35
319,180,34,33
320,175,31,31
322,164,28,35
321,158,28,35
323,155,29,33
323,152,28,35
322,151,31,35
321,151,28,34
321,151,28,35
321,151,28,33
320,152,30,33
321,154,29,34
321,157,32,33
322,162,31,31
323,166,31,30
321,172,37,34
326,180,32,30
334,187,36,36
331,197,43,28
331,200,43,29
333,208,37,29
337,217,33,26
336,222,36,28
335,224,37,30
334,223,36,30
330,220,32,26
321,208,31,27
313,198,37,27
303,175,31,33
297,147,28,33
296,127,27,25
296,111,33,29
299,98,32,31
302,91,32,33
305,85,34,35
305,82,36,36
305,86,39,37
306,97,40,37
313,117,32,27
321,147,29,30
319,188,40,34
328,200,39,35
334,218,37,33
337,231,39,30
338,240,39,31
338,247,39,28
337,250,39,28
336,249,37,28
334,247,38,30
331,243,37,29
327,238,39,28
324,229,39,32
322,219,38,33
321,209,35,31
316,197,39,30
313,185,42,37
312,168,44,46
311,164,43,42
311,157,43,39
314,141,38,38
310,135,39,37
309,130,38,36
308,125,35,31
307,119,34,27
305,115,37,26
304,111,37,27
302,107,38,28
301,105,38,28
301,103,38,26
300,102,39,25
300,101,39,25
299,100,39,25
299,99,39,25
299,98,39,26
299,97,40,27
299,97,40,25
299,97,40,24
299,96,40,26
298,95,39,25
297,94,38,26
296,93,37,27
295,92,36,27
293,91,36,26
291,90,37,26
287,89,39,26
285,89,40,26
285,91,37,25
283,93,38,23
281,96,39,24
279,100,38,23
278,105,37,25
277,112,31,27
276,120,35,25
273,129,34,30
272,136,32,31
271,145,35,45
270,155,33,39
271,167,29,42
272,179,31,40
274,189,32,37
279,190,29,38
282,191,28,37
285,192,31,34
289,189,31,34
292,179,30,37
297,169,32,35
307,161,30,40
310,154,29,39
310,145,32,42
310,140,31,40
310,137,31,32
309,133,31,31
306,131,32,31
302,131,31,29
296,134,33,34
289,138,33,41
283,147,30,39
275,156,29,42
270,169,28,40
265,185,27,34
262,192,25,38
259,200,32,38
258,205,33,40
257,207,36,39
257,208,36,38
259,207,36,38
259,206,36,35
259,205,36,34
260,202,33,35
259,199,31,35
255,196,31,35
253,193,29,33
246,189,32,32
239,180,33,37
234,172,33,37
229,160,36,39
230,145,40,41
238,127,44,42
255,115,42,38
277,105,42,36
296,102,40,28
311,102,43,25
319,104,41,28
321,106,42,29
323,108,37,29
320,110,30,29
312,119,27,30
300,126,28,33
279,133,27,30
260,144,30,32
241,152,38,36
228,156,36,38
221,160,33,38
216,163,31,39
215,164,30,39
216,165,30,36
218,166,30,37
224,166,28,36
231,163,27,36
239,158,29,40
249,154,29,39
253,153,34,36
261,154,37,31
269,153,35,27
275,150,32,27
279,149,31,26
281,145,30,25
285,144,30,24
288,143,29,23
289,142,28,22
289,143,27,21
288,143,26,20
288,142,26,20
288,141,25,19
284,142,26,20
281,145,26,20
270,146,29,26
261,151,30,36
258,161,27,36
259,174,24,31
258,188,28,33
262,201,29,29
268,210,31,31
277,212,29,33
284,212,31,34
292,212,30,35
296,213,32,33
302,211,30,32
307,207,31,31
313,199,29,31
315,188,33,31
315,182,35,17
314,168,36,23
315,153,36,38
320,138,35,41
328,133,29,41
328,128,32,34
327,122,37,26
328,117,43,29
334,110,36,36
337,107,35,38
341,106,29,32
342,108,32,32
343,119,33,23
341,116,36,28
340,111,34,31
337,109,33,30
333,105,30,32
327,102,27,36
322,100,24,39
319,100,20,39
315,101,17,38
312,102,17,37
310,102,19,37
310,102,16,38
309,104,20,37
310,102,19,40
309,107,19,37
308,111,19,34
307,112,20,35
306,112,23,37
307,113,22,37
307,114,22,38
308,116,19,38
309,121,19,37
309,125,18,35
306,124,19,38
303,127,18,37
301,129,19,35
297,133,21,32
293,135,19,31
288,135,18,30
283,134,18,30
274,133,17,29
265,132,17,30
256,133,17,30
246,140,25,31
238,143,26,37
229,152,32,39
224,160,36,37
221,173,34,37
219,182,33,40
222,190,33,37
225,192,32,35
228,188,31,34
231,178,29,30
235,166,27,26
238,153,31,27
238,115,29,39
241,98,28,36
241,80,28,45
242,63,30,46
243,52,30,43
244,43,30,40
247,33,27,38
250,21,27,41
250,13,27,41
250,6,27,40
250,2,28,39
250,1,31,37
253,1,28,35
256,1,26,34
257,1,27,34
258,1,26,35
258,1,27,39
258,4,29,40
260,9,28,40
260,16,29,40
264,24,26,41
265,31,25,45
265,43,27,45
265,57,29,43
268,72,26,41
269,87,26,41
272,103,25,44
273,119,26,48
276,134,30,41
283,147,31,39
287,159,30,44
292,172,30,40
300,188,30,40
300,200,30,40
300,211,23,32
294,212,27,37
289,210,27,36
284,205,28,35
276,197,31,32
274,188,31,29
271,176,36,34
273,167,37,31
277,162,36,30
281,160,34,28
284,161,35,29
285,165,35,29
287,168,31,29
287,175,29,32
287,182,28,34
285,187,25,37
278,193,27,40
270,199,31,36
263,201,32,38
256,200,35,35
249,195,36,35
244,189,38,32
242,180,37,32
242,167,35,32
244,156,37,37
249,147,38,40
257,140,34,38
263,136,35,37
269,132,34,36
272,131,39,34
278,129,39,33
283,127,39,35
290,127,37,37
297,128,39,38
303,131,39,38
310,138,39,37
318,140,36,39
320,145,38,40
321,151,39,35
324,159,41,34
330,171,39,28
334,177,42,26
337,182,45,25
345,181,40,28
350,182,41,26
351,179,43,28
352,175,45,29
353,167,45,35
358,158,40,43
358,149,39,25
355,141,39,25
351,132,38,28
348,125,38,30
346,122,38,29
342,118,38,30
339,117,38,29
333,116,41,30
333,117,39,31
331,120,37,30
328,124,36,32
326,129,36,32
324,136,34,32
323,143,33,33
325,152,30,38
326,175,33,40
326,192,34,40
302,211,33,39
284,220,36,37
274,218,35,33
261,207,32,31
246,189,32,35
238,166,35,40
243,141,34,35
251,125,36,32
262,112,39,33
279,101,40,36
293,101,40,35
307,109,40,34
315,123,40,43
319,149,37,23
319,163,35,30
314,181,26,30
300,194,28,34
289,215,28,35
263,223,32,42
249,225,36,39
233,227,40,35
221,227,39,33
209,219,40,31
202,210,38,28
198,200,39,26
201,187,38,29
202,175,41,30
209,167,41,31
216,162,37,31
220,161,36,30
222,162,35,30
223,167,34,29
222,173,33,28
219,179,34,30
217,185,33,35
215,192,35,37
216,197,36,37
215,197,35,35
218,194,31,34
215,186,31,36
214,175,31,35
217,166,28,33
222,153,33,33
231,141,33,34
238,134,32,32
245,126,32,33
252,120,34,33
261,117,34,31
269,113,34,33
275,111,36,35
284,109,35,36
294,110,33,35
304,112,32,36
312,115,31,36
319,120,30,33
327,125,35,32
330,126,37,35
333,125,36,38
335,128,36,38
336,131,37,36
338,135,36,34
339,142,37,32
341,148,36,29
342,156,34,22
342,166,33,19
342,173,31,20
339,181,33,16
339,181,33,15
338,181,36,19
343,182,33,17
345,180,34,17
344,179,37,15
348,176,35,18
351,175,32,18
354,173,29,22
356,171,28,25
359,169,26,26
360,167,25,27
361,167,25,26
363,168,23,24
364,166,26,27
365,165,26,27
367,164,24,26
366,163,25,25
365,162,24,28
364,161,23,27
360,160,22,29
356,160,21,28
351,160,22,29
359,164,9,20
358,176,9,20
334,159,5,10
326,158,14,11
319,158,19,18
317,160,20,21
309,159,27,21
304,158,30,25
300,159,32,23
300,158,27,22
299,156,24,23
299,155,21,23
298,154,21,24
297,150,18,27
299,150,14,26
295,149,18,29
293,145,20,32
292,149,19,30
288,149,19,29
285,149,18,31
279,151,22,34
272,155,28,33
265,160,32,27
259,166,37,24
255,172,41,22
253,178,39,21
251,183,40,20
248,189,43,19
247,193,43,18
246,199,42,19
248,203,39,17
247,210,35,24
247,221,34,20
246,230,35,19
247,239,39,19
248,246,30,23
244,249,36,26
242,250,36,26
240,248,35,25
236,243,35,25
234,227,40,27
232,214,52,38
231,212,51,37
236,195,40,55
231,201,40,30
230,195,41,39
231,195,44,36
234,199,43,25
237,206,35,20
239,203,28,20
239,203,27,25
242,205,27,29
242,209,25,30
242,212,27,28
243,213,32,33
245,219,32,30
248,223,36,32
250,228,36,29
252,234,45,25
257,233,32,29
259,241,30,22
259,240,30,25
260,240,31,24
261,237,31,24
262,234,32,25
262,233,32,26
262,231,35,26
263,232,34,24
264,234,35,22
265,236,35,22
265,236,35,23
267,238,35,22
266,237,37,20
267,227,35,17
272,210,36,28
274,195,33,23
278,181,31,25
271,175,33,20
271,167,32,25
269,165,32,24
269,165,28,19
269,166,25,18
272,175,20,13
272,181,18,11
271,184,29,25
268,187,30,31
270,188,28,35
271,193,28,33
275,196,27,35
275,199,25,31
273,201,22,32
269,204,23,29
265,201,27,34
260,202,32,34
257,204,34,33
255,207,36,30
255,209,37,29
256,211,36,28
258,215,36,27
259,220,35,27
260,223,35,25
261,227,35,22
261,230,37,20
261,231,39,19
263,227,37,23
266,225,38,26
268,221,31,27
266,217,34,29
266,217,33,26
266,216,34,24
269,212,31,24
269,211,30,25
271,209,28,25
272,210,25,26
273,210,27,27
272,212,26,27
272,214,27,22
272,216,28,22
272,214,29,23
272,213,29,25
272,213,29,23
268,213,32,23
270,210,32,25
273,207,31,26
267,205,38,27
266,204,40,24
265,203,42,23
270,200,43,22
270,198,46,22
270,194,37,25
270,193,35,27
270,194,35,25
270,195,36,26
269,198,36,24
269,202,37,24
269,206,37,23
269,209,36,23
269,210,38,23
271,208,36,21
274,197,32,30
273,183,36,22
277,174,31,16
271,159,37,20
271,148,36,25
271,143,33,28
269,143,30,26
265,146,30,25
262,149,29,25
258,156,29,22
255,167,35,22
258,171,31,24
261,182,25,22
259,187,24,32
250,186,27,38
244,185,33,38
242,177,31,43
239,164,29,46
238,151,28,45
237,138,30,36
238,126,30,37
240,114,28,39
242,101,27,42
243,93,26,44
241,85,29,45
240,80,30,41
240,77,30,38
240,74,30,37
242,72,29,36
244,71,26,36
242,70,29,39
241,71,29,38
240,74,30,38
239,78,30,40
240,85,29,40
240,93,29,36
239,99,30,30
239,96,29,34
241,98,29,34
243,102,29,33
246,106,29,31
249,110,31,29
252,112,37,27
259,116,36,23
270,122,23,23
278,128,16,21
287,127,6,20
285,126,8,20
312,127,6,19
312,124,13,20
308,120,23,24
313,119,27,31
313,119,27,32
317,118,30,35
322,121,33,32
324,126,33,29
325,136,37,25
325,145,35,22
324,152,35,20
323,155,36,21
322,158,35,21
321,160,36,22
320,163,35,23
319,166,34,24
320,169,33,24
319,172,32,26
317,179,32,24
315,185,31,23
313,191,32,27
309,198,31,25
307,206,29,32
304,214,31,31
299,217,26,36
289,216,21,34
285,214,23,36
283,203,21,43
259,183,31,36
259,184,32,37
267,172,21,41
263,160,25,38
259,142,31,34
254,139,35,30
252,134,35,28
250,128,36,23
249,122,36,23
248,117,35,22
247,112,37,28
247,109,36,29
246,106,35,28
245,104,36,30
245,103,34,30
