268,32,38,47
269,32,38,47
269,30,37,50
270,30,37,50
270,32,37,47
270,32,37,48
270,32,36,47
270,32,37,46
270,32,37,48
270,32,37,46
270,32,38,45
270,32,37,45
270,32,37,46
271,32,36,46
272,32,35,45
272,31,36,47
273,32,37,48
275,29,37,50
276,29,38,51
278,29,38,49
280,29,37,52
281,29,38,51
284,30,38,51
286,32,37,49
288,31,38,52
288,32,41,53
293,32,38,54
294,32,39,52
296,32,40,54
296,32,41,51
298,32,40,52
297,32,39,51
299,32,36,49
296,32,39,51
296,32,37,50
295,32,37,51
292,33,38,51
291,34,37,51
286,34,40,51
283,35,39,51
280,36,39,50
277,37,39,51
275,36,41,51
274,36,39,53
272,36,39,53
271,36,39,53
271,37,38,51
271,37,38,51
271,37,38,51
271,37,39,53
273,37,38,53
273,37,39,53
275,37,37,53
276,37,37,54
276,37,39,53
277,37,38,54
278,37,39,54
279,37,38,54
279,37,38,54
279,37,40,54
280,37,39,53
280,42,39,48
280,55,40,36
282,38,27,16
277,37,38,44
276,37,38,42
275,38,40,53
274,37,41,54
273,38,39,54
272,37,39,55
271,37,40,55
270,37,40,54
269,37,40,54
269,37,39,55
269,36,39,58
269,37,39,55
270,38,38,54
270,38,39,57
272,40,37,53
272,39,39,55
273,40,39,54
274,40,40,54
276,40,38,53
276,41,39,54
276,40,38,57
277,41,38,54
277,42,38,54
275,42,40,55
275,43,40,53
274,42,41,55
273,42,41,53
272,42,41,54
271,43,42,52
269,43,42,51
269,41,40,55
268,43,41,53
268,44,40,52
268,43,39,51
268,44,39,52
268,44,39,52
268,43,38,53
268,44,39,52
268,43,39,54
268,44,38,52
268,44,38,53
268,44,38,52
268,44,38,52
268,44,38,52
268,44,38,53
269,43,37,51
268,44,39,52
268,44,39,52
268,44,39,53
268,45,39,52
268,45,39,53
268,45,39,54
268,45,39,52
268,45,39,54
269,45,37,55
268,46,39,54
268,46,39,53
269,45,37,54
269,46,38,53
269,45,38,55
269,45,38,54
269,45,38,54
269,45,38,54
269,45,38,54
269,45,38,53
269,46,39,52
270,46,38,52
270,45,38,54
270,45,38,54
270,46,38,52
270,45,39,52
271,45,38,54
270,45,40,54
271,45,38,53
271,45,40,54
271,45,39,54
271,45,38,54
271,45,38,53
271,45,38,54
271,45,39,53
271,45,39,54
270,45,40,54
270,45,40,54
271,45,39,54
271,45,39,54
271,45,39,54
271,45,39,54
270,45,40,53
271,45,39,54
271,45,39,53
271,45,39,54
271,46,39,51
270,45,40,54
271,45,39,54
271,46,39,53
272,46,38,52
271,46,39,53
272,45,38,53
271,46,40,53
271,46,40,52
272,46,39,51
272,45,38,49
272,46,39,50
272,46,39,49
272,45,39,49
272,46,40,46
272,46,40,48
272,46,41,50
273,45,39,50
273,46,40,49
273,46,41,49
273,46,41,49
274,47,40,48
273,44,42,47
272,42,38,49
270,41,39,49
268,38,40,46
266,34,42,43
271,28,33,36
262,30,42,43
263,18,42,45
259,16,46,41
262,16,44,43
262,17,44,40
261,19,43,36
261,24,37,35
260,26,41,40
260,30,40,47
257,34,39,48
256,37,40,45
256,38,39,44
253,38,38,47
252,38,38,48
251,39,38,46
249,39,39,45
249,39,38,43
248,39,38,44
248,39,39,45
248,39,39,45
247,39,39,45
247,40,39,43
247,43,36,37
247,45,29,35
248,45,26,38
247,45,28,32
247,44,28,32
247,44,31,34
247,42,36,35
247,41,36,34
248,39,36,36
249,38,35,37
250,36,34,40
248,32,38,43
251,33,36,41
252,33,40,43
256,33,39,42
258,35,40,49
261,37,41,47
264,38,37,47
266,36,38,49
268,36,36,49
270,37,38,50
270,36,38,48
270,36,37,48
270,36,38,52
270,36,35,51
266,37,37,51
264,37,36,49
259,36,37,48
256,36,38,48
253,36,38,48
250,36,37,47
249,35,35,52
248,35,39,51
247,34,39,49
247,35,37,48
248,35,37,50
249,34,37,50
251,33,36,53
253,34,38,52
255,35,37,48
257,41,38,46
261,42,37,40
266,49,34,35
272,60,31,22
270,37,27,31
268,37,41,43
270,37,39,49
271,38,39,54
271,38,41,54
271,40,36,50
269,40,40,50
268,41,40,51
268,41,39,52
268,41,37,51
267,43,39,46
266,43,41,51
266,44,39,50
264,44,39,50
264,45,39,49
263,48,39,47
262,49,39,49
262,50,39,49
261,50,39,52
261,50,39,52
261,50,39,47
261,51,39,48
261,51,39,48
262,51,39,48
262,51,39,48
262,50,39,50
263,51,38,46
263,50,38,46
263,50,38,46
263,50,39,48
263,49,38,48
263,49,38,48
263,50,38,44
263,50,40,48
263,50,39,49
263,50,39,50
263,50,40,47
263,50,39,47
263,50,39,45
263,51,39,46
263,51,39,45
263,51,38,47
262,51,39,46
263,51,38,47
263,50,38,46
263,51,38,45
262,51,39,42
262,51,39,47
262,52,39,47
262,52,38,47
262,52,39,46
262,53,39,47
262,52,38,48
262,53,38,45
262,53,38,47
262,53,38,47
262,53,38,49
262,52,39,52
262,53,39,46
263,53,38,47
262,53,39,49
262,52,39,47
263,52,39,50
263,54,40,46
264,52,38,48
264,52,38,48
264,52,39,47
264,51,40,50
265,55,39,41
265,54,40,43
265,53,39,45
265,54,40,44
265,54,40,45
265,54,40,46
266,54,40,44
266,54,40,46
266,53,40,46
266,54,40,46
266,54,40,45
266,53,40,47
266,54,41,46
266,54,40,43
266,54,41,45
266,54,41,45
266,54,41,46
267,54,40,45
266,54,42,44
267,54,40,44
267,54,41,43
267,54,41,44
268,54,40,43
268,54,40,42
268,54,40,43
267,50,41,45
266,54,42,42
265,55,42,40
265,55,43,41
263,54,48,45
263,55,42,42
263,55,42,46
265,54,40,43
268,52,40,38
272,51,40,39
278,49,41,43
286,48,39,38
294,51,39,38
301,56,37,39
309,58,37,38
314,62,39,38
319,65,41,41
321,69,37,44
324,74,36,47
324,80,38,44
324,85,39,45
325,87,39,43
328,89,38,45
327,89,38,49
327,92,35,34
328,92,39,36
329,93,36,34
329,92,36,36
328,92,35,35
329,90,36,36
327,90,38,35
327,89,36,37
325,88,37,40
323,86,40,39
322,88,39,36
320,87,40,37
317,82,41,42
314,82,40,42
310,81,40,42
305,81,41,41
301,80,41,43
296,80,42,43
291,79,43,41
288,79,41,39
281,75,43,44
277,72,42,43
273,69,41,42
268,64,41,41
265,63,40,41
262,59,40,39
259,61,39,34
257,57,39,40
255,57,42,41
255,56,41,42
257,56,39,42
257,56,40,40
258,56,39,39
259,55,39,47
259,56,40,45
260,55,39,46
260,56,40,43
260,54,39,41
258,50,41,48
258,49,41,46
256,47,43,50
256,47,42,50
255,46,41,50
255,46,41,46
255,47,41,48
256,46,40,47
256,48,40,46
257,49,39,46
258,49,39,44
260,56,38,39
262,47,36,48
260,44,39,46
260,44,39,48
259,44,39,50
258,48,39,47
257,48,40,44
256,49,40,44
256,49,39,45
256,50,39,45
256,51,39,45
256,51,40,44
255,51,41,48
255,52,40,48
256,52,39,47
256,52,39,47
256,52,39,44
256,52,40,45
257,52,40,44
258,51,38,44
258,51,38,45
259,51,39,48
259,53,39,44
260,51,37,45
260,51,38,43
260,52,38,42
260,51,39,43
261,51,39,44
260,51,39,47
260,51,39,45
260,51,39,46
260,50,39,48
259,51,39,46
259,51,39,45
258,51,40,46
258,51,39,44
257,51,39,44
257,52,40,45
256,52,40,46
256,52,40,44
257,52,38,46
255,52,41,43
256,52,39,43
256,52,38,43
255,51,40,44
256,52,39,43
257,52,38,44
257,52,38,44
256,52,39,44
256,51,40,44
256,52,39,43
256,52,40,43
256,51,42,43
256,52,41,43
256,51,39,44
255,52,38,43
255,51,39,44
255,52,39,45
255,51,40,43
255,52,39,42
255,53,39,45
255,52,39,44
255,52,39,43
255,52,39,43
255,52,37,43
255,55,37,40
255,55,38,41
255,51,38,43
255,52,39,42
255,55,39,41
255,55,38,39
254,54,39,42
253,54,40,39
250,51,39,43
248,49,36,43
243,50,37,40
243,46,31,39
236,45,32,40
231,37,36,38
229,35,35,35
222,31,45,27
224,24,40,25
222,19,41,34
221,17,41,32
219,15,41,34
215,13,41,38
216,13,38,33
213,17,39,34
209,20,41,38
203,24,46,36
200,28,45,39
192,27,49,47
188,32,46,34
184,31,43,37
176,31,46,41
175,33,41,41
174,32,38,41
169,37,42,49
170,35,43,55
167,35,42,56
168,35,44,57
167,37,44,57
167,36,43,58
167,37,45,57
166,37,47,58
165,37,49,57
166,40,49,53
169,44,48,49
172,53,46,46
176,55,41,34
180,48,40,53
184,46,44,51
188,36,46,64
194,37,46,56
201,37,44,57
208,37,42,60
214,42,40,41
220,39,38,44
222,39,42,42
225,39,38,35
228,37,38,38
230,36,39,39
231,33,39,39
232,35,39,39
234,35,37,33
234,36,39,32
235,35,39,36
235,37,38,36
236,33,38,40
239,34,36,41
240,34,36,40
241,35,34,45
245,35,33,32
248,36,33,35
249,36,36,35
252,37,34,34
256,37,34,36
257,36,35,38
259,38,34,38
260,39,35,38
260,39,38,46
260,39,39,42
259,39,39,40
258,39,40,42
257,39,40,44
258,39,42,51
258,39,40,50
257,40,39,48
258,41,38,49
258,41,39,49
259,42,38,50
260,44,39,48
263,44,38,48
264,44,38,47
266,44,38,48
268,44,38,51
270,44,40,50
270,44,39,49
270,43,41,48
270,44,37,48
269,44,38,47
268,45,39,49
267,45,40,49
266,44,40,50
265,44,41,50
265,44,39,49
264,43,40,50
264,43,39,50
264,43,41,48
264,42,40,50
264,43,40,52
264,44,40,49
264,43,40,49
265,45,40,51
265,45,41,54
265,46,41,53
265,48,40,52
265,48,41,49
265,48,40,49
265,47,40,52
265,48,40,51
265,47,40,50
265,48,40,49
266,46,39,49
266,47,40,50
267,46,40,51
267,45,39,51
267,47,40,52
267,46,42,50
268,46,40,51
269,47,40,53
268,47,42,50
269,46,40,51
269,47,40,49
269,46,41,49
269,46,40,51
269,47,40,49
269,46,40,50
269,47,39,53
268,47,41,49
268,47,40,46
268,46,39,49
268,46,39,52
267,46,40,52
267,46,40,52
267,46,39,49
267,46,39,50
266,46,40,50
266,46,39,51
266,46,38,39
266,46,39,48
265,46,39,50
265,45,40,50
265,45,39,47
264,46,40,51
265,46,39,49
264,46,40,49
264,46,40,47
263,45,40,51
265,45,38,49
264,45,40,42
263,45,40,45
264,45,39,44
263,45,39,47
262,46,40,44
261,45,40,46
261,45,40,47
261,48,40,42
261,49,41,44
262,55,42,43
264,61,42,40
266,62,42,46
267,73,44,40
269,75,44,51
270,80,46,51
271,87,44,53
273,92,42,42
274,96,43,43
275,99,41,45
275,103,42,43
275,104,41,43
276,104,41,45
276,104,41,45
276,104,40,45
276,104,41,45
276,101,41,46
276,100,41,46
276,97,41,46
276,96,42,46
276,94,41,44
276,92,41,44
275,88,41,45
273,85,43,44
272,81,43,46
271,79,43,43
268,78,42,41
267,71,44,43
264,70,43,41
261,67,42,43
259,63,41,41
257,64,39,37
253,63,40,36
249,59,40,39
246,57,39,38
242,55,32,39
239,54,44,40
236,53,43,37
233,50,44,39
232,49,43,38
230,48,44,40
231,50,43,38
232,50,43,35
232,47,46,38
234,49,44,39
237,48,43,38
239,48,47,40
242,50,43,40
245,50,41,39
249,50,36,39
253,55,35,33
258,58,31,30
259,49,41,36
262,45,36,40
264,45,35,41
266,45,38,47
266,45,37,44
266,45,38,45
266,45,37,46
265,45,37,45
264,45,32,47
261,44,39,46
260,45,38,43
258,45,38,47
257,44,39,48
256,43,39,47
256,43,35,48
256,43,39,50
256,42,39,50
256,42,39,49
257,43,39,45
258,44,37,47
259,44,37,48
260,44,37,47
260,44,38,50
262,44,37,48
262,44,38,48
262,44,38,47
261,44,39,50
261,43,39,48
261,43,39,50
262,43,38,48
261,43,39,50
261,43,39,48
262,44,39,50
262,44,38,48
262,44,39,47
262,44,39,49
262,45,37,47
261,45,38,48
259,45,39,51
259,45,39,49
258,45,39,52
258,45,38,52
257,45,39,50
258,45,37,52
258,46,38,48
258,46,38,52
259,45,39,52
259,48,38,49
259,48,38,49
259,49,39,46
259,49,40,50
260,49,39,49
260,49,41,50
261,50,39,47
261,49,40,47
261,49,40,45
261,50,40,45
262,50,40,46
262,50,40,46
262,50,40,49
262,50,41,48
262,50,41,47
262,52,41,49
262,54,41,50
260,54,42,53
259,58,37,47
257,61,38,48
254,64,39,50
251,69,39,48
248,75,40,47
245,84,40,47
243,93,39,47
241,101,38,46
240,107,37,47
240,115,35,42
238,120,36,44
237,126,37,45
236,128,37,46
235,132,37,45
234,134,36,45
232,134,37,43
231,134,36,45
229,140,37,39
232,149,32,30
231,139,32,36
223,132,37,46
222,132,32,37
222,131,32,37
223,129,33,37
232,148,29,18
229,138,34,25
229,130,36,34
232,120,37,40
234,115,35,41
237,110,35,42
240,106,35,41
244,94,39,43
245,89,41,45
245,86,39,44
245,83,38,43
244,80,39,45
243,79,39,46
242,79,38,46
240,78,40,46
239,78,38,47
236,76,39,47
233,75,40,48
230,72,40,45
227,72,41,41
224,66,42,42
222,58,42,45
221,51,43,44
223,49,41,39
224,47,42,37
226,43,40,34
228,45,40,31
229,37,40,39
231,39,39,44
234,40,35,34
238,39,38,39
240,40,38,44
242,40,39,48
247,40,39,47
249,40,41,44
254,39,38,47
257,39,41,47
260,39,41,50
261,39,41,47
261,40,39,47
262,39,37,49
261,37,39,47
260,37,39,50
258,38,39,49
257,37,37,49
256,37,39,50
256,37,38,50
256,37,39,53
257,38,39,47
258,37,39,48
259,38,40,49
261,38,39,49
263,37,39,49
266,38,39,50
268,36,40,51
270,40,39,49
272,40,40,53
273,41,40,55
274,43,41,51
274,43,38,53
273,43,39,53
271,44,39,51
269,44,39,51
267,45,39,50
263,45,39,51
260,45,39,53
257,48,38,50
254,48,41,51
253,48,38,48
251,47,38,49
250,46,36,50
250,46,37,49
250,46,36,50
250,45,36,49
251,45,37,52
251,45,36,53
252,45,36,50
252,46,38,49
254,48,36,42
263,46,18,10
255,49,36,48
256,48,36,50
256,48,35,46
256,49,35,48
256,49,35,46
256,49,38,48
257,48,38,48
257,48,37,47
257,48,38,50
257,48,38,49
257,48,37,47
257,48,37,47
257,48,38,49
257,48,38,47
256,48,39,47
256,49,39,46
256,64,38,32
256,48,40,33
256,48,39,49
256,48,39,49
256,48,39,49
257,49,37,49
256,49,39,49
257,49,38,50
257,49,38,49
257,50,37,49
256,51,39,51
255,50,39,50
255,52,39,48
254,54,40,50
252,57,39,49
251,59,39,47
248,63,38,42
245,61,39,47
242,61,38,48
237,62,41,47
236,60,36,46
227,59,42,40
223,57,43,42
219,56,43,39
214,51,46,40
211,49,44,37
204,48,47,36
200,62,39,26
202,49,39,16
196,53,39,43
183,57,48,44
180,62,43,48
174,70,43,48
169,78,40,48
163,81,40,51
155,84,41,54
146,87,42,49
139,89,39,50
132,90,42,49
124,92,42,48
119,89,40,50
112,84,43,50
111,80,42,49
110,76,38,46
108,71,38,46
108,66,39,47
111,62,39,47
113,57,37,47
117,56,41,48
121,56,40,46
125,54,41,48
131,54,42,45
136,53,44,45
144,51,44,45
151,50,44,43
156,49,45,44
163,46,42,43
168,44,42,50
173,41,41,48
177,40,41,44
180,35,42,47
183,33,40,47
187,31,39,45
188,29,41,45
190,24,40,49
199,36,34,33
200,29,33,40
200,26,34,28
198,25,39,46
202,27,40,51
203,24,40,43
205,25,39,43
209,25,38,44
212,25,38,43
215,25,36,42
219,25,38,42
223,25,38,43
225,26,40,44
230,26,38,48
233,26,38,51
238,26,39,43
241,31,40,45
245,32,42,39
250,32,39,39
253,30,40,40
257,32,40,39
261,28,40,44
265,28,40,43
270,30,39,43
272,28,40,44
273,28,41,45
274,28,38,42
279,27,33,42
278,26,35,43
279,26,33,46
274,26,37,43
275,26,35,43
271,27,39,43
270,27,37,42
267,27,38,45
264,27,39,45
263,27,36,43
258,28,38,43
256,27,37,45
254,28,36,44
250,28,38,44
249,27,37,44
248,27,38,43
248,26,37,43
247,26,38,42
247,25,36,43
248,25,37,43
248,26,44,41
248,25,38,41
248,26,38,42
249,25,37,43
249,25,39,42
250,25,37,42
251,25,40,43
253,25,37,41
254,25,37,41
256,25,37,42
257,25,36,43
259,25,36,43
262,26,37,43
264,26,38,43
266,26,37,44
268,26,37,43
271,26,36,43
272,26,37,44
273,26,37,44
273,26,38,45
274,26,39,46
275,26,38,47
275,26,38,45
275,26,39,45
275,27,38,46
274,24,39,46
274,13,39,45
272,9,39,47
272,9,37,46
255,16,39,46
239,36,38,46
240,39,41,46
240,35,37,45
240,31,38,45
238,25,41,47
238,24,42,45
237,26,41,46
235,29,41,45
235,30,41,47
237,30,39,46
236,28,39,44
235,29,41,46
235,29,41,45
236,28,40,46
236,27,39,46
236,27,40,46
237,28,39,46
236,28,40,45
237,29,40,47
236,29,41,45
237,28,41,46
238,28,40,45
237,29,41,46
236,32,42,44
237,33,40,47
236,33,42,44
237,31,41,44
236,29,42,46
236,28,42,45
237,26,41,46
237,24,42,45
238,24,42,46
251,38,38,44
250,38,39,43
252,37,37,44
251,37,39,46
251,37,39,44
251,37,39,45
251,37,39,44
251,38,39,44
251,37,39,44
251,38,39,44
251,38,39,42
252,37,36,45
252,37,37,44
251,37,38,44
251,37,39,44
251,38,39,42
251,38,39,42
251,37,39,42
251,38,39,41
251,37,39,44
251,38,39,42
251,38,39,42
251,38,40,43
251,38,39,42
251,38,39,43
251,38,39,42
252,37,38,43
252,38,38,41
252,37,38,42
252,37,37,43
253,37,37,42
253,37,38,43
254,37,39,42
255,37,38,43
256,37,39,45
257,37,39,43
258,37,39,43
261,37,36,44
263,37,37,47
265,37,37,46
266,38,36,46
267,39,37,47
267,38,34,46
266,39,36,43
266,39,36,43
265,39,38,46
264,41,35,46
261,44,37,43
259,45,35,44
257,47,38,44
256,49,37,42
256,48,38,48
256,49,38,44
256,49,39,46
256,48,39,47
256,49,40,48
256,51,39,44
257,51,38,45
257,51,39,45
258,51,39,46
260,51,37,46
262,50,34,47
263,50,35,47
264,51,35,47
265,51,36,48
265,51,36,47
265,54,37,46
265,53,39,47
265,54,41,46
267,55,39,45
268,54,39,47
269,56,39,44
269,53,39,46
270,54,39,44
269,53,39,45
269,54,39,47
268,54,39,46
266,55,40,47
265,55,40,47
264,54,39,48
263,55,35,46
262,56,35,47
262,57,34,45
262,60,35,42
261,57,36,44
262,58,36,42
262,60,36,45
262,59,34,41
263,59,35,40
263,60,34,40
263,60,35,40
264,59,34,40
265,59,35,41
266,59,35,41
267,59,36,42
268,58,39,41
269,59,39,41
269,60,40,38
269,59,41,41
269,58,41,42
269,59,40,41
269,60,40,42
268,61,38,40
267,62,38,41
267,60,36,41
266,61,37,41
265,63,37,40
264,63,39,41
264,62,37,41
264,61,33,40
263,62,34,41
263,62,32,43
263,62,33,41
262,62,35,41
262,62,36,41
261,62,36,41
261,62,36,41
261,62,36,41
261,62,37,41
261,62,36,41
261,61,37,43
261,62,37,41
261,61,37,42
261,61,38,41
261,61,37,40
262,60,35,41
262,60,35,43
262,61,36,41
262,61,36,42
263,61,35,43
262,61,36,42
263,62,36,43
263,61,35,44
262,61,37,45
263,61,35,45
263,61,34,45
263,60,35,43
263,61,35,44
263,60,35,45
263,61,35,44
263,60,34,45
263,61,34,45
263,60,34,45
262,62,36,43
263,61,34,42
262,61,38,43
262,61,36,42
263,61,35,44
262,61,36,45
262,61,36,45
263,61,34,45
262,60,36,45
263,61,34,45
262,60,36,44
263,61,34,44
262,60,35,42
263,60,34,43
263,61,34,41
262,61,35,43
262,61,35,43
263,60,35,42
262,61,35,43
263,61,34,42
263,61,34,44
263,61,35,43
263,60,35,45
263,61,35,44
263,60,35,45
263,61,35,45
263,60,35,45
263,60,35,46
263,60,34,45
264,61,33,45
263,60,33,46
263,60,34,45
264,61,34,46
263,60,34,45
263,61,35,45
263,61,34,43
264,58,34,47
263,59,35,46
263,59,35,46
263,59,37,51
263,60,34,45
263,59,35,49
263,59,35,50
263,59,34,46
263,59,34,43
263,59,35,48
264,59,33,45
263,59,35,45
263,60,35,43
264,60,34,45
264,59,35,47
264,57,39,46
264,58,38,47
264,58,38,47
264,59,39,46
264,59,39,48
264,58,35,46
265,58,35,47
265,58,34,48
265,59,34,46
265,59,37,45
265,59,35,45
266,58,34,46
265,59,35,48
266,59,35,47
266,59,35,47
265,59,36,48
266,64,36,46
266,67,36,49
267,74,40,47
266,81,43,47
265,89,44,46
265,97,43,45
266,106,42,44
261,107,47,45
260,120,49,42
271,125,43,42
271,126,45,44
271,126,46,43
276,126,44,43
277,126,44,43
278,125,42,44
278,123,42,42
278,122,42,43
277,122,43,41
278,121,42,42
278,120,42,44
278,121,43,43
276,121,46,41
275,120,44,44
274,121,42,44
273,121,43,42
272,121,44,47
271,121,45,45
271,121,46,48
270,122,45,46
270,122,45,47
270,122,44,47
268,123,45,46
269,122,44,47
268,122,46,46
268,122,44,47
268,122,45,45
268,122,43,47
268,121,44,44
269,123,44,43
269,119,44,47
268,119,42,46
264,108,44,56
265,110,46,53
265,107,47,57
261,107,47,57
260,106,48,58
260,107,47,55
260,106,49,52
260,107,47,53
260,107,48,50
260,106,47,50
261,106,46,43
260,105,46,44
264,103,42,41
260,102,45,43
259,101,43,43
260,101,42,44
258,100,43,41
257,99,43,43
254,97,46,42
252,96,43,41
250,94,44,45
249,93,44,44
247,92,46,40
246,91,47,42
245,90,42,43
245,90,43,56
245,89,42,60
246,88,41,59
248,89,39,59
250,89,41,58
252,89,40,59
253,90,41,59
256,90,39,60
258,91,38,59
261,90,41,60
264,90,43,59
268,89,42,60
271,88,44,60
276,86,41,60
279,85,40,60
278,84,45,58
279,81,47,58
281,79,49,58
284,78,49,56
285,74,50,57
283,71,54,57
280,69,57,57
276,66,60,57
272,64,64,58
267,61,71,56
262,62,78,52
274,59,62,52
272,58,60,51
266,48,45,56
260,47,50,51
258,45,49,49
255,40,43,51
253,40,43,51
252,39,43,45
252,37,42,47
252,37,41,47
254,37,39,51
255,37,39,46
256,37,39,47
258,38,39,47
261,40,37,47
263,40,35,47
265,41,38,47
267,41,38,49
268,41,35,47
269,40,34,48
269,41,34,47
270,40,34,46
269,40,37,47
267,40,35,47
265,41,35,47
264,41,34,46
261,41,35,46
259,41,36,47
258,40,35,48
257,41,34,47
257,40,37,47
257,41,36,47
258,41,35,49
259,41,36,49
260,41,37,49
262,43,36,46
264,43,34,46
267,45,35,46
268,46,37,45
270,47,37,46
272,46,38,48
273,48,38,46
274,49,39,46
274,48,37,46
275,49,39,46
274,48,37,45
274,48,37,45
272,48,38,45
272,48,37,46
272,47,36,47
271,49,36,46
271,48,35,47
271,48,36,46
271,48,34,46
270,48,37,47
270,48,37,46
270,48,38,47
270,48,38,48
270,48,38,48
270,49,38,48
270,49,37,46
270,49,37,46
270,49,38,46
271,49,35,46
271,49,36,47
271,49,36,46
271,49,39,47
272,49,37,47
272,50,37,46
273,49,37,48
273,50,37,48
273,49,37,48
273,50,38,49
274,49,38,48
274,49,39,47
274,49,40,48
275,50,39,48
275,50,39,48
276,50,39,48
275,50,41,48
276,50,40,48
276,50,41,48
278,50,40,48
281,51,40,48
284,54,41,48
288,57,42,45
292,62,43,41
295,64,45,48
304,68,42,45
310,72,44,45
317,76,43,46
323,78,44,48
329,84,45,49
335,86,45,53
340,91,44,56
345,95,45,55
348,98,46,56
352,100,44,54
353,100,43,56
354,100,44,55
354,100,43,54
352,97,46,57
351,96,45,56
349,93,46,57
346,90,45,57
344,88,45,58
340,85,46,55
335,81,47,56
331,78,46,57
326,76,45,57
321,75,44,55
316,71,45,57
311,69,46,56
306,66,44,56
301,65,41,53
299,64,36,47
291,63,37,47
285,62,37,48
280,61,37,49
275,60,38,48
272,60,37,48
269,59,37,49
267,59,37,48
265,58,38,47
264,57,39,49
264,56,35,49
265,55,34,50
266,54,34,49
268,53,33,49
271,52,34,49
275,50,36,50
277,49,37,49
281,50,36,49
282,50,37,50
284,51,37,48
285,50,37,51
285,50,37,51
285,50,36,48
283,51,37,49
281,50,38,47
278,50,38,50
275,50,37,50
275,49,37,50
273,52,37,47
270,52,36,45
268,52,37,44
268,52,37,47
267,55,38,45
267,64,37,34
268,53,31,43
268,50,34,35
269,49,37,46
270,50,37,47
271,49,36,47
272,48,37,50
272,50,37,48
273,49,36,49
274,49,37,49
274,50,36,48
274,49,37,50
274,50,37,49
274,50,37,48
273,50,37,46
272,49,38,48
272,50,37,47
271,49,37,47
270,50,38,47
271,50,36,46
270,49,37,45
271,50,36,47
271,50,36,46
271,50,36,46
271,49,37,46
272,50,37,45
272,49,36,45
273,50,36,46
274,50,37,46
275,50,37,47
275,50,37,47
276,49,37,47
276,50,38,48
276,49,38,48
276,51,39,47
277,50,38,47
277,50,39,47
277,51,38,47
277,50,38,48
277,49,38,48
277,50,38,48
277,50,38,49
277,51,38,48
277,51,38,47
277,51,37,45
277,51,37,44
277,50,37,46
277,51,37,44
277,51,38,46
277,51,38,47
277,51,38,46
277,51,39,50
279,55,38,49
279,60,40,47
280,63,41,49
280,70,41,49
280,77,43,49
280,85,44,50
280,93,44,55
279,101,44,42
279,110,43,38
280,117,40,37
280,123,41,37
280,128,41,38
281,133,39,38
282,134,40,39
282,137,39,39
286,136,35,41
283,135,38,46
283,137,35,41
283,136,37,43
286,136,36,45
287,136,35,50
286,136,36,48
285,136,38,47
286,138,39,44
287,139,38,40
286,139,39,38
286,139,38,37
286,139,37,36
286,139,38,38
286,140,38,41
285,140,39,39
288,139,36,38
287,140,37,36
287,140,39,38
290,141,36,41
293,141,39,43
294,141,38,41
300,144,33,41
303,145,40,41
308,151,37,35
310,151,35,37
313,153,36,34
315,154,39,34
318,153,40,34
321,151,39,35
325,150,37,35
326,150,36,35
327,149,37,36
324,154,40,31
327,148,38,37
325,149,39,33
326,144,39,39
323,143,43,37
322,143,46,46
326,142,45,36
328,145,46,33
328,135,46,40
331,134,41,41
332,133,42,41
330,131,46,42
330,127,42,45
329,128,43,42
328,127,43,43
327,127,43,40
324,123,41,39
320,119,43,46
320,119,40,36
316,118,42,35
312,111,44,44
308,111,44,49
302,107,45,34
304,101,42,44
301,98,39,41
297,93,40,49
294,90,41,38
288,85,43,43
285,81,42,42
288,72,36,40
280,71,42,50
278,60,42,48
277,53,41,39
275,51,43,35
275,45,41,38
273,44,42,38
273,44,41,43
271,47,42,43
269,49,42,40
268,52,41,41
267,55,40,40
267,55,39,41
266,55,40,42
267,55,39,42
267,56,40,42
268,57,39,41
269,56,39,42
269,56,40,42
271,56,38,43
271,55,39,46
271,54,40,44
272,53,39,45
271,53,39,44
271,52,38,47
270,52,39,46
269,52,39,45
268,52,38,41
267,52,38,42
267,52,38,42
267,52,37,41
267,52,38,45
267,52,37,44
268,49,36,48
268,49,37,47
268,49,37,48
268,49,39,46
269,49,37,45
269,49,38,46
269,49,38,47
269,49,38,47
270,49,37,46
270,49,38,47
270,49,38,46
270,49,39,45
271,49,38,43
271,49,38,47
272,49,38,47
273,49,38,46
275,49,38,46
274,49,39,45
275,48,39,48
275,52,40,46
276,49,40,46
276,48,41,47
276,49,41,46
276,49,41,47
277,48,40,47
276,45,41,46
276,42,41,46
276,39,38,45
276,33,38,45
274,29,44,48
277,27,41,47
277,26,41,41
278,26,37,40
277,29,40,40
278,31,39,43
277,34,44,46
277,36,39,42
277,39,38,44
277,41,41,42
277,41,42,39
276,41,40,44
276,42,40,46
276,46,40,44
275,47,40,45
275,53,41,40
275,52,42,43
275,49,42,46
275,49,41,47
274,48,42,45
274,48,43,46
275,48,42,50
274,47,43,50
274,47,43,48
274,47,44,50
275,49,43,46
275,50,42,46
274,55,43,44
274,63,40,26
0,0,0,0
0,0,0,0
287,48,26,19
272,46,36,36
272,45,34,38
269,44,38,42
269,44,37,37
270,44,28,24
269,60,34,28
266,46,36,44
265,43,37,46
264,44,37,43
263,44,38,45
261,44,32,44
260,43,32,45
260,44,33,51
259,44,29,45
258,44,30,42
258,45,29,41
256,44,27,40
255,45,28,41
257,45,26,41
256,45,26,41
256,45,26,41
255,45,26,40
255,45,28,41
254,46,28,41
254,46,28,41
254,46,28,41
254,46,27,43
255,46,24,41
254,46,31,42
254,46,32,42
254,46,32,41
254,46,28,42
254,46,29,41
254,46,28,41
254,46,29,42
254,46,27,42
254,46,26,41
253,46,28,42
255,47,28,39
254,46,29,41
255,46,27,41
254,46,29,41
254,46,29,42
255,46,29,42
254,46,30,41
254,46,31,42
254,47,28,42
253,47,27,38
253,46,27,40
253,47,27,38
253,47,30,38
253,48,32,38
253,49,32,39
256,57,28,28
256,48,29,41
256,48,31,37
256,49,35,45
255,47,33,41
254,58,33,27
251,48,41,42
253,48,40,48
254,49,37,50
254,48,40,50
255,48,40,49
256,48,35,52
257,49,38,48
257,48,41,48
259,48,36,47
261,48,35,47
263,48,35,44
265,48,35,45
267,48,38,45
269,48,38,43
273,47,36,45
275,47,37,47
278,47,36,45
280,49,36,42
295,61,22,29
282,46,35,38
283,45,36,47
282,44,38,46
282,44,37,43
280,44,37,45
278,44,37,45
276,44,37,45
274,44,37,47
273,44,37,43
272,44,37,46
271,44,36,43
271,44,35,45
271,43,40,48
272,43,39,47
273,43,39,48
275,43,39,47
277,45,37,47
279,44,39,45
280,45,37,45
283,45,33,46
283,45,36,45
283,44,37,45
283,45,36,45
282,45,38,46
282,45,36,45
282,45,36,46
282,46,36,45
281,46,36,44
282,46,33,45
282,46,32,46
282,46,36,45
282,46,36,46
283,46,36,45
283,48,37,45
283,46,36,45
283,47,36,44
283,47,37,46
283,47,37,45
283,47,37,46
282,47,38,46
282,47,38,45
283,47,38,43
283,47,38,47
284,49,38,46
285,48,37,44
286,47,36,45
285,47,39,45
286,48,38,46
286,49,38,46
286,48,38,45
287,48,37,46
287,49,38,45
287,49,38,44
287,49,38,45
287,49,38,45
287,49,38,44
287,49,38,44
287,49,38,45
287,50,38,45
287,50,38,44
287,49,38,45
287,49,38,44
287,49,38,45
287,49,38,45
287,53,38,45
287,65,38,35
282,47,46,47
292,50,34,24
287,50,39,40
287,50,39,46
287,50,39,48
288,49,38,47
288,49,38,50
288,49,38,49
289,50,37,51
289,49,38,51
289,51,38,48
289,50,38,48
289,52,38,49
289,52,39,48
289,53,38,47
289,53,37,48
288,53,38,50
287,54,39,49
285,56,40,49
282,56,39,50
277,56,37,49
272,55,37,47
265,52,38,50
260,48,34,53
256,48,30,48
249,45,41,37
240,37,43,47
232,33,45,41
226,40,43,31
219,32,45,44
213,35,42,47
210,42,42,45
206,45,45,48
204,46,46,50
201,49,46,49
200,49,46,49
199,49,46,50
198,48,46,50
196,48,48,49
198,47,47,51
200,46,46,50
200,46,47,51
203,46,47,50
200,47,52,50
208,46,47,52
212,47,46,51
217,46,45,50
220,47,46,51
225,48,44,51
231,48,44,50
237,48,46,47
243,47,47,53
249,47,48,50
256,41,48,54
261,40,43,54
264,37,43,53
267,36,40,52
269,36,38,52
270,34,38,48
270,35,37,47
269,35,38,44
268,35,39,46
268,34,38,47
267,35,38,45
267,34,36,47
265,35,41,47
266,35,40,48
266,33,40,49
267,34,38,49
268,34,39,46
271,33,39,47
272,33,36,48
274,33,36,46
276,33,38,49
280,33,36,48
283,36,36,45
287,36,36,46
289,36,35,52
293,37,36,48
295,37,35,46
295,37,39,47
296,37,35,50
298,37,29,44
296,38,25,38
295,40,23,35
295,42,20,33
295,41,19,33
295,42,16,30
294,36,24,40
292,36,27,40
291,37,29,44
288,37,34,52
289,37,35,51
288,37,35,51
288,37,34,51
288,38,34,52
288,37,35,53
289,40,35,48
289,41,36,47
299,51,30,41
292,38,38,43
294,38,40,42
295,37,41,49
296,38,41,43
296,37,42,48
296,37,42,52
296,37,45,52
300,38,38,52
299,38,39,51
296,38,39,51
296,38,37,50
294,40,36,46
292,40,35,51
289,41,36,50
288,41,36,50
287,40,37,49
286,40,39,51
286,40,36,50
286,40,36,50
287,41,35,49
288,40,35,50
288,40,35,49
289,41,35,51
289,41,35,49
291,40,38,51
292,40,39,50
293,42,39,50
294,43,39,51
294,44,39,49
295,45,40,50
295,45,39,50
295,45,39,52
295,45,40,51
295,46,40,52
295,46,40,51
296,46,39,49
296,46,40,50
295,46,42,50
295,46,41,49
295,46,41,49
295,46,41,50
295,46,41,49
295,46,42,50
295,47,42,50
295,47,42,50
295,47,43,47
296,46,42,51
298,47,40,48
297,49,41,48
300,49,38,48
299,49,39,48
298,49,39,48
298,50,39,49
299,50,38,49
297,50,39,48
297,50,38,51
296,49,39,50
296,49,39,50
295,50,39,48
295,49,40,50
295,48,39,51
296,49,37,50
295,50,38,48
295,49,37,49
294,49,39,49
294,49,39,49
295,49,39,50
294,49,40,50
294,49,40,50
295,48,38,50
294,49,39,51
294,49,39,49
294,49,40,49
294,49,40,50
294,48,39,51
293,49,40,48
294,50,38,48
293,50,40,49
293,49,40,51
294,49,39,51
294,49,40,50
294,49,40,51
294,49,40,50
294,49,40,50
294,49,39,51
294,49,40,50
294,49,40,49
294,49,39,50
294,49,40,50
294,49,40,51
295,49,38,49
293,49,40,51
295,49,39,50
295,54,39,45
294,53,40,49
293,53,41,47
292,53,41,46
291,55,43,44
290,54,40,43
289,45,39,50
288,42,39,46
286,39,40,47
286,37,39,44
287,36,37,41
284,34,39,42
284,33,38,42
285,41,37,38
285,35,36,44
283,35,39,44
284,35,39,45
285,36,38,46
284,38,38,50
283,38,40,55
285,39,37,56
283,41,39,56
284,43,38,53
283,42,39,54
284,44,38,48
284,43,38,49
284,43,39,47
285,43,38,56
285,44,37,47
284,44,39,56
284,44,40,46
285,43,39,49
285,44,39,48
285,43,39,49
285,45,40,48
286,45,38,48
286,44,39,49
286,45,39,49
285,45,40,49
285,45,40,50
284,46,40,49
284,46,39,50
283,47,41,50
284,58,40,38
284,47,29,48
283,47,40,28
281,47,40,42
281,47,40,49
280,47,41,48
280,46,40,49
279,47,41,48
279,47,40,49
279,47,41,48
280,47,39,49
280,47,40,47
280,46,40,48
281,47,39,46
282,45,39,46
283,44,38,45
283,45,38,43
284,44,37,41
284,43,37,48
284,41,36,48
285,41,36,48
285,41,37,48
286,41,38,47
287,41,38,47
287,40,39,46
287,41,37,48
288,41,39,46
288,40,39,46
289,41,38,44
289,40,36,46
289,40,35,44
289,40,39,45
289,40,35,42
289,40,38,43
289,40,35,42
289,40,38,42
289,41,37,40
289,40,37,41
289,40,37,42
289,40,38,42
289,40,38,41
289,40,38,41
289,40,39,44
289,40,38,41
289,40,38,40
289,40,38,42
289,40,38,41
289,40,38,43
289,40,37,43
289,40,37,44
289,40,37,43
289,40,37,43
289,39,38,43
289,40,37,43
289,40,37,43
289,40,37,44
289,40,38,43
289,40,37,42
289,40,38,44
289,40,37,42
289,40,38,43
289,40,38,40
288,40,39,42
289,40,38,43
289,39,38,45
288,40,39,41
289,40,37,43
289,39,38,44
289,40,38,47
289,39,38,44
289,40,38,42
289,39,38,44
289,40,37,41
289,40,37,43
289,40,38,42
289,40,38,42
288,40,38,45
289,40,38,44
289,40,38,46
289,40,38,47
288,40,39,45
289,40,37,45
289,40,37,47
289,39,38,48
289,40,37,42
288,40,38,46
289,39,37,48
289,40,37,47
289,40,37,47
289,40,37,47
289,40,37,47
289,40,37,47
289,40,37,46
289,40,37,46
289,40,37,46
289,40,37,47
289,40,37,46
288,40,38,47
289,40,38,47
289,40,37,46
289,40,37,47
289,40,38,47
289,40,38,47
289,41,38,47
288,43,38,46
289,42,37,47
289,42,38,50
289,40,38,47
289,39,38,48
289,40,38,48
289,38,37,43
289,39,38,48
289,40,38,48
289,45,37,46
289,60,32,37
289,60,32,39
288,60,33,38
288,63,33,35
288,62,33,37
288,63,34,35
288,62,33,37
288,63,34,35
289,61,33,38
288,62,34,37
288,62,33,36
288,63,33,35
288,63,33,32
287,62,33,37
287,63,33,35
287,62,34,36
287,63,34,35
287,63,34,35
287,62,33,35
287,62,34,36
287,60,34,38
286,62,35,36
286,61,35,36
286,56,35,42
285,59,36,38
285,59,37,38
285,56,36,41
285,53,37,44
286,53,36,43
285,53,37,37
285,52,35,41
285,53,35,41
285,52,36,44
286,52,35,43
286,52,35,45
286,52,36,45
286,52,35,44
286,52,35,44
286,51,36,44
286,49,35,47
286,47,35,46
288,49,33,41
288,48,33,44
288,48,34,43
288,48,34,45
288,48,33,47
288,48,34,45
289,48,32,41
288,48,33,39
288,47,33,44
288,48,33,43
288,48,33,45
288,48,33,45
288,48,34,42
288,48,34,44
288,48,33,43
288,48,33,45
288,48,33,42
288,48,33,44
288,48,33,42
288,48,33,44
288,48,33,43
288,48,33,45
288,48,33,45
288,48,33,44
288,48,33,45
288,48,33,45
288,48,33,42
288,47,32,46
288,48,33,45
288,48,33,41
288,47,33,44
288,48,33,44
288,49,33,44
289,55,32,34
289,48,30,48
288,48,32,43
288,48,34,45
288,48,32,40
288,48,34,40
288,48,33,44
287,48,34,44
288,48,33,44
287,48,35,45
288,48,34,43
288,48,33,44
288,48,33,44
288,48,32,44
288,48,33,44
288,48,33,49
288,47,33,45
288,48,33,44
288,48,34,45
288,48,33,42
288,47,34,45
288,48,33,44
287,47,35,45
287,47,34,47
288,47,34,45
286,48,35,45
287,48,33,46
287,47,34,46
287,47,33,48
287,48,33,46
288,49,32,46
288,47,32,46
288,48,32,46
287,48,34,42
288,50,33,44
288,49,34,46
287,49,34,46
286,49,35,47
285,52,35,46
283,52,38,47
281,52,39,43
280,52,37,43
279,49,31,46
275,48,33,48
274,50,31,47
270,52,34,40
268,53,35,45
268,56,32,42
266,57,32,43
265,58,36,42
265,58,34,40
266,58,34,40
267,56,33,43
268,54,33,36
270,51,33,37
270,51,33,33
271,51,34,36
271,50,34,43
272,51,33,47
272,52,34,44
272,51,35,46
272,52,34,45
273,52,35,47
274,50,35,49
273,51,36,49
274,51,35,48
276,50,33,49
276,51,34,46
278,49,34,49
277,49,34,45
280,48,33,49
279,49,34,47
280,48,33,49
281,51,33,46
281,52,33,46
281,52,33,47
282,52,32,46
282,51,32,46
281,53,33,42
281,52,34,47
281,51,33,49
280,52,34,48
281,56,33,42
286,65,27,35
281,53,29,32
281,53,31,35
281,53,33,38
282,51,32,37
282,51,32,44
282,52,32,43
282,52,32,43
282,52,33,42
282,51,33,44
282,51,33,47
282,52,33,44
282,52,33,45
282,51,33,47
282,51,34,44
282,50,33,45
282,51,33,45
282,51,34,46
282,52,33,46
282,51,33,46
282,51,33,43
281,51,34,45
282,51,33,46
281,51,34,45
281,51,34,46
281,51,34,45
282,51,32,45
281,50,33,47
281,51,33,45
281,51,33,45
281,51,33,44
281,50,33,46
280,50,34,47
281,50,33,47
281,51,33,46
281,51,33,47
282,51,32,47
283,52,32,46
283,53,32,46
283,51,32,46
284,52,31,47
285,52,30,46
285,53,29,47
285,53,30,48
286,53,32,46
288,53,32,46
289,54,32,45
289,54,33,45
289,54,33,46
289,54,33,45
289,54,34,44
288,54,34,46
288,54,35,46
288,54,35,47
288,54,35,46
288,53,36,48
288,53,36,47
289,54,35,46
288,54,36,48
288,54,36,46
289,53,35,46
289,54,35,44
288,54,35,45
289,54,34,46
289,53,35,46
288,53,36,46
288,53,35,46
289,53,34,47
289,53,33,47
288,53,34,45
288,53,35,45
289,53,34,45
290,53,33,46
289,53,34,45
289,54,34,44
289,53,35,48
290,52,33,47
289,53,35,46
289,53,35,46
288,54,36,45
288,53,35,45
288,53,35,46
288,53,35,47
288,53,35,45
288,53,35,45
288,54,34,45
289,53,34,45
288,53,35,45
288,53,35,46
288,53,35,45
288,54,34,44
288,53,34,43
288,53,34,46
288,53,34,46
288,54,34,44
288,52,35,44
288,52,34,46
288,53,34,45
288,53,33,45
288,54,34,41
288,53,34,41
288,53,33,44
288,53,33,44
288,53,33,44
288,53,33,42
287,53,34,43
288,54,33,43
287,53,34,45
287,53,35,44
288,53,34,45
288,53,33,45
287,53,35,45
288,53,33,44
288,53,33,44
288,53,34,45
288,53,33,43
288,53,33,45
288,54,33,45
288,53,34,45
288,52,34,44
287,53,34,46
288,53,34,45
288,53,33,43
288,53,33,46
288,52,34,47
288,53,34,46
287,53,35,46
287,53,35,47
287,52,34,46
287,54,35,44
287,52,34,43
288,54,34,45
287,53,35,46
287,53,34,46
287,54,34,43
287,53,34,45
289,53,32,46
288,53,33,45
288,54,33,44
288,53,33,46
288,53,33,46
287,53,34,46
287,53,33,44
288,54,33,44
287,53,34,45
287,53,34,44
288,54,33,44
289,54,32,44
288,52,32,46
288,53,33,47
287,56,34,43
287,54,34,43
287,53,34,45
287,54,33,45
287,53,34,46
287,53,34,46
287,53,34,44
288,53,33,46
287,53,34,45
288,53,33,44
288,53,33,45
287,53,33,45
288,54,32,44
288,54,32,43
288,54,33,45
287,53,34,45
288,53,32,45
288,53,33,43
288,53,33,46
288,53,33,43
288,52,34,48
288,53,33,46
288,54,33,43
287,53,34,45
287,53,34,40
287,53,34,45
288,53,33,44
287,53,34,45
288,53,33,44
288,52,33,45
287,53,34,45
288,53,33,44
289,53,34,45
288,53,34,44
287,53,35,45
288,54,33,44
288,55,32,43
287,52,34,45
288,53,33,46
287,53,34,45
288,53,33,45
288,53,33,45
288,54,33,45
287,53,34,45
288,54,34,46
288,54,34,44
289,53,32,46
288,54,33,44
288,53,33,43
288,53,34,46
288,54,33,44
288,53,33,46
288,53,33,43
287,53,34,45
288,53,33,46
288,54,34,45
287,54,35,45
288,54,34,46
286,56,34,45
285,53,37,47
284,59,37,38
283,60,32,45
281,63,34,48
279,68,35,39
277,70,34,43
274,75,37,40
273,80,36,42
270,85,36,33
268,90,35,37
268,97,38,44
267,102,36,37
266,107,36,40
265,112,36,38
265,111,36,39
266,111,35,37
264,107,36,36
263,103,38,36
262,99,40,36
262,96,34,35
261,90,34,37
261,90,35,38
260,85,35,35
259,82,36,35
257,80,38,34
257,75,35,42
257,79,34,37
257,72,35,33
259,71,33,32
259,68,32,33
260,66,33,35
261,63,33,32
263,64,34,32
264,63,35,34
267,62,35,41
269,60,36,42
270,59,37,39
273,59,33,43
273,61,33,42
274,60,34,42
274,59,34,42
274,63,34,39
276,64,32,38
278,57,29,48
276,57,32,50
273,57,33,49
273,57,34,32
274,57,33,34
273,57,35,33
274,57,33,33
273,57,35,31
274,57,34,38
275,54,33,44
275,55,33,41
275,54,33,44
275,53,34,42
276,53,32,45
276,52,33,45
276,52,33,44
277,53,33,41
276,51,33,44
275,51,34,45
275,52,33,44
275,52,34,44
276,51,32,45
276,51,32,45
276,50,34,47
276,51,33,42
276,51,33,44
276,50,32,45
275,51,34,44
275,50,34,46
276,51,33,44
277,51,33,46
278,50,32,46
278,50,33,45
278,49,33,47
279,49,33,46
279,48,32,46
280,48,32,46
279,48,34,45
280,49,33,45
281,49,32,46
281,48,32,44
281,48,33,46
281,49,33,44
281,48,33,46
281,48,34,47
281,49,33,47
282,49,33,46
282,49,33,46
282,49,35,46
283,49,31,47
283,49,32,47
284,50,30,46
284,50,30,47
284,50,31,50
284,49,33,47
285,51,31,46
285,50,31,47
284,51,32,46
284,51,31,46
285,51,30,46
284,50,31,46
283,51,32,46
284,51,31,45
286,50,29,47
284,50,31,47
283,49,31,47
284,51,30,46
284,51,34,46
283,50,35,47
284,51,34,47
284,51,30,45
284,49,30,48
284,50,31,47
285,50,30,47
284,51,31,45
284,51,31,46
284,51,31,45
284,50,30,46
284,50,29,47
284,51,31,45
284,51,30,46
285,51,30,43
284,50,31,46
284,51,29,45
284,51,30,43
283,49,33,45
282,51,34,44
283,50,32,44
283,51,32,39
283,50,33,41
283,51,32,36
283,50,33,36
283,50,32,34
283,49,35,34
283,50,32,34
283,49,34,35
283,48,32,37
283,48,32,35
282,50,31,36
283,48,31,37
283,48,27,33
283,48,27,37
282,48,31,36
283,49,33,35
283,50,30,34
282,50,31,44
283,50,32,42
283,49,31,41
283,50,29,43
283,50,30,45
283,51,30,43
283,50,30,45
283,50,30,45
283,52,30,41
283,50,31,42
283,50,31,46
284,51,31,39
283,50,31,41
283,50,30,44
283,50,30,44
284,50,30,45
283,50,30,45
284,50,29,45
283,52,30,41
282,51,30,44
280,52,32,45
278,52,31,47
275,55,31,44
273,57,31,41
268,57,33,44
262,57,34,44
256,58,36,42
250,61,35,43
245,60,37,45
240,60,34,43
237,59,36,45
234,59,35,45
232,56,34,41
229,56,34,46
227,55,35,45
227,56,35,44
227,56,36,43
228,55,36,45
231,56,35,44
234,56,34,43
237,57,35,44
242,58,33,43
246,55,34,45
251,56,33,45
255,56,34,44
259,54,33,46
262,54,33,42
264,52,34,46
266,50,32,46
267,49,34,45
267,47,31,46
269,45,33,46
267,46,32,43
267,45,32,49
265,48,35,46
266,48,34,46
267,48,35,44
268,48,34,46
269,49,34,46
272,48,33,47
274,51,33,38
277,56,32,38
284,61,28,35
284,53,30,42
286,52,28,43
287,52,27,44
288,52,27,45
287,53,28,44
287,52,28,46
287,52,27,46
285,52,29,45
284,53,30,46
284,52,30,32
284,53,34,33
284,52,30,43
284,53,30,39
283,52,31,42
283,52,32,44
283,52,32,45
284,52,30,46
284,52,30,47
284,53,30,46
285,52,29,47
284,53,30,45
284,52,31,47
284,53,30,47
285,51,29,48
284,53,31,47
284,52,31,46
285,51,30,50
284,54,30,46
283,53,32,47
284,53,31,47
284,53,31,46
285,53,32,46
287,53,32,46
290,53,32,43
292,52,34,45
294,52,34,43
296,50,35,42
296,49,34,38
297,50,33,39
296,48,33,46
296,48,35,41
295,50,35,37
293,66,44,29
293,49,38,11
291,51,39,42
290,61,38,27
289,57,34,33
286,56,35,34
284,52,30,38
282,52,33,42
281,53,32,37
278,52,29,36
276,52,27,38
273,52,27,36
271,52,31,38
270,52,36,36
269,52,35,33
269,52,36,33
268,50,36,36
269,51,35,37
270,50,35,35
272,51,34,41
273,50,34,42
276,50,31,44
278,50,33,42
279,50,30,45
281,51,32,40
283,51,29,44
284,51,30,43
284,57,35,39
284,63,30,31
285,67,29,28
288,51,26,42
287,51,27,43
284,50,34,43
283,50,29,46
282,51,28,45
281,51,28,46
281,51,29,32
281,50,32,35
280,51,32,40
281,51,31,43
280,51,33,43
280,51,33,43
280,51,33,42
281,52,31,42
281,52,31,42
282,51,31,43
281,51,33,43
283,52,31,44
283,52,31,42
284,52,31,41
284,52,32,43
285,52,29,44
286,52,29,43
286,52,29,43
286,52,29,44
286,52,30,44
286,52,30,44
285,52,29,43
286,52,29,44
285,51,30,44
284,51,31,45
285,52,29,43
285,52,30,43
284,52,30,43
285,52,30,43
285,51,31,44
286,52,30,42
286,52,31,44
287,52,33,44
287,52,31,44
288,52,33,44
288,52,33,43
288,52,34,45
289,52,35,45
290,51,34,46
291,52,34,45
293,56,35,44
296,57,37,42
300,62,37,40
304,68,37,40
308,72,39,43
314,74,37,42
318,86,39,45
324,91,38,43
328,96,39,42
333,99,40,47
338,101,41,47
344,101,40,48
347,101,41,45
352,98,42,48
357,96,41,47
360,91,43,48
363,87,39,49
366,84,38,47
366,81,39,48
366,78,38,46
365,73,39,47
363,72,39,46
360,68,40,47
356,63,41,48
353,60,40,48
348,59,39,44
342,57,40,47
336,56,42,46
331,56,40,41
326,55,42,47
321,53,41,53
319,53,32,50
312,52,36,43
308,51,35,44
306,50,33,43
304,49,33,44
301,49,33,44
301,48,32,43
299,47,33,43
300,51,31,40
300,56,31,34
301,63,30,28
299,47,32,45
300,47,31,46
300,47,21,46
298,48,23,44
296,48,27,30
293,48,29,36
291,52,34,35
289,52,31,43
287,51,34,44
285,51,36,46
284,52,31,43
283,52,32,45
282,51,32,43
282,52,33,43
282,52,33,44
283,52,32,45
284,52,31,46
284,52,31,45
286,52,30,45
286,53,31,45
288,53,30,47
288,54,31,47
290,55,32,45
290,56,29,45
292,55,32,46
292,55,32,46
293,55,33,47
293,56,32,46
294,56,32,43
295,56,32,43
295,56,32,46
