136,32,26,14
137,33,26,14
139,33,26,14
143,32,26,14
145,32,28,14
150,33,28,16
152,32,28,16
156,32,28,14
158,31,28,14
160,30,28,14
160,29,28,14
161,28,28,16
161,27,30,16
160,27,30,16
153,29,30,16
148,32,30,18
146,33,30,18
146,33,30,16
147,30,30,16
151,27,30,16
154,25,30,16
157,20,30,18
162,17,30,18
164,22,30,18
160,32,32,18
157,42,32,18
159,54,30,16
161,59,30,16
161,64,32,16
159,68,32,16
155,70,34,16
154,67,34,16
153,59,34,16
156,53,34,18
161,49,34,18
163,47,34,18
160,48,34,18
155,48,34,18
153,50,34,18
153,52,34,18
153,52,34,18
154,54,34,18
154,56,34,16
154,56,34,16
153,58,34,16
148,59,38,16
148,59,38,16
153,61,30,14
149,56,30,16
147,55,30,16
145,53,30,14
142,50,30,14
141,48,30,12
142,47,28,12
142,48,24,12
139,49,24,12
138,51,24,12
137,55,24,12
142,57,20,12
143,59,22,12
145,61,22,12
145,61,22,12
145,62,24,12
146,63,22,12
146,64,22,12
146,64,22,12
146,64,22,12
146,64,22,12
146,64,22,12
146,64,22,12
146,64,22,12
146,64,22,12
146,64,22,12
146,64,22,12
146,64,22,12
146,64,22,12
146,64,22,12
146,64,22,12
146,64,22,12
146,64,22,12
146,64,22,12
146,64,22,12
146,64,22,12
146,64,22,12
146,64,22,12
146,64,22,12
146,64,22,12
146,64,22,12
146,64,22,12
185,74,14,13
185,75,16,9
189,75,16,9
189,76,18,9
191,77,18,9
192,79,18,9
195,79,16,9
198,81,14,7
200,82,12,7
198,82,15,9
198,83,16,8
200,83,14,7
201,82,14,7
200,83,14,7
199,83,14,7
198,83,14,7
198,83,14,7
199,83,14,7
200,83,12,7
200,83,12,7
199,84,12,7
198,85,12,7
197,86,12,7
194,86,14,7
194,87,14,7
192,87,14,7
191,87,14,7
191,87,14,7
190,86,14,7
191,86,12,7
191,86,12,7
191,83,12,7
191,82,12,7
191,82,12,7
191,79,12,7
194,78,12,7
196,78,12,7
200,78,12,7
202,78,12,7
205,76,12,9
210,77,10,7
213,77,10,7
211,77,13,9
214,76,12,9
215,76,13,9
214,75,14,8
214,74,15,9
214,74,17,10
214,72,17,11
215,74,16,10
215,74,15,10
214,75,15,10
215,77,14,9
216,78,13,9
215,79,14,9
215,80,13,8
215,80,14,9
216,81,13,8
216,81,13,8
216,80,14,9
216,81,13,9
215,82,16,9
215,82,17,11
216,83,18,11
218,82,17,12
217,80,17,12
217,80,17,12
215,79,18,12
214,78,17,11
211,77,20,11
211,73,18,12
210,72,18,11
208,69,18,13
206,69,18,13
204,69,18,13
199,71,20,12
195,71,25,13
195,71,24,15
196,71,24,15
197,71,24,13
198,70,24,13
198,69,24,13
200,68,24,13
200,67,24,13
202,66,24,13
201,65,24,13
201,64,24,13
201,63,24,13
199,62,24,13
199,62,24,13
199,60,24,15
196,61,26,15
191,62,30,15
191,64,28,13
191,64,28,13
191,64,26,13
192,64,24,13
189,65,26,15
187,65,26,15
185,65,26,15
183,65,26,15
180,65,26,15
179,66,26,15
176,67,26,15
175,69,24,15
174,70,24,15
174,72,24,13
171,73,24,13
170,73,24,13
169,73,24,13
168,73,24,13
168,75,24,11
168,77,24,11
169,79,24,11
169,80,24,11
171,80,16,11
170,79,17,12
168,80,20,11
168,81,18,12
167,82,16,11
166,82,16,11
165,84,14,10
164,84,14,10
163,83,16,11
162,81,16,12
161,81,16,12
162,81,15,10
162,82,13,10
163,82,13,11
163,83,15,11
165,84,13,11
165,86,14,10
166,86,12,10
167,87,12,10
168,85,12,11
167,85,12,11
168,85,13,11
168,86,13,11
169,84,11,13
170,85,11,12
171,86,11,11
173,87,12,11
175,88,11,10
176,89,11,10
177,92,10,9
176,92,11,9
177,95,10,8
178,96,10,7
177,98,11,8
178,99,10,9
176,101,10,9
177,102,10,8
177,102,10,8
176,103,10,8
175,104,10,7
175,105,10,7
174,106,10,7
175,108,8,6
175,108,8,6
174,107,9,7
173,106,9,8
170,107,9,8
169,106,9,8
166,106,9,8
165,105,9,8
164,104,9,8
163,101,9,8
164,100,9,8
165,99,8,8
166,98,8,8
167,98,8,8
168,98,8,8
168,98,8,8
170,100,8,8
170,102,8,8
171,102,8,8
172,103,7,7
172,104,7,7
173,107,7,7
174,108,7,7
175,108,8,7
176,109,8,7
177,110,8,7
177,111,8,7
178,110,8,7
178,108,8,7
179,108,8,7
179,108,8,7
181,107,8,7
183,106,8,7
183,105,8,6
183,104,8,5
185,102,7,5
186,100,7,6
186,98,7,7
187,98,8,6
188,98,8,6
189,97,7,7
189,97,8,6
190,97,7,6
190,97,7,6
191,96,7,7
193,95,6,7
194,95,6,6
195,94,6,6
196,93,6,6
197,93,6,6
197,92,6,6
198,92,6,6
199,91,6,6
199,91,6,6
198,90,6,6
198,89,6,6
198,88,6,6
198,89,6,7
198,87,7,7
199,87,7,6
199,87,7,6
200,87,6,6
200,87,7,5
201,87,6,6
202,87,6,6
203,87,6,6
203,88,5,5
203,88,6,5
205,88,6,5
204,88,6,5
204,87,6,5
205,87,6,5
205,87,6,5
206,87,7,5
205,86,8,5
205,85,8,6
203,84,9,6
203,83,8,7
201,83,9,7
201,83,10,7
202,83,9,7
201,83,10,8
200,82,9,8
198,82,9,8
197,82,10,9
195,83,11,8
193,84,10,8
191,83,12,8
188,83,12,9
187,83,13,9
185,84,12,8
185,84,12,8
183,84,11,8
183,84,12,8
182,83,12,8
181,82,12,8
179,81,12,8
178,80,12,8
175,78,12,10
173,77,11,9
169,75,11,9
169,73,11,9
167,70,14,12
166,69,14,12
166,68,14,12
165,67,14,12
166,66,13,11
165,66,12,10
166,65,11,9
166,64,12,10
165,64,12,10
165,63,13,11
165,63,13,11
163,63,16,10
164,63,14,10
163,62,14,10
160,64,15,9
155,63,16,10
153,64,15,9
151,62,14,12
148,62,14,10
145,60,13,11
142,58,12,12
138,57,12,12
137,56,12,12
130,54,16,14
126,55,15,13
120,56,15,13
117,57,14,14
111,57,19,15
111,57,18,14
111,56,18,14
107,55,22,14
108,55,21,13
109,57,20,12
110,54,20,14
114,53,20,14
119,53,19,13
120,51,20,14
120,49,21,15
118,47,21,15
118,44,21,15
118,42,21,15
117,40,22,16
116,37,22,16
113,36,22,16
112,34,22,16
111,34,21,15
111,34,19,14
111,38,16,14
105,40,25,13
101,42,26,15
99,43,25,14
99,44,24,15
100,44,24,17
104,46,23,16
108,45,22,15
109,44,22,15
110,47,21,14
111,47,20,13
107,45,25,16
109,43,24,17
111,39,24,17
112,39,23,16
113,39,22,15
111,39,23,14
111,39,22,13
110,37,21,14
109,36,20,13
107,37,23,14
105,37,22,13
104,36,22,13
100,36,23,12
95,36,23,12
90,36,24,12
87,39,23,11
84,36,23,17
83,39,22,12
81,39,21,11
74,38,23,11
70,38,22,10
68,37,21,13
66,37,20,12
64,38,23,13
61,38,26,13
59,39,26,13
55,39,27,13
50,41,28,14
46,42,29,15
41,44,32,16
40,45,31,15
38,47,29,14
37,47,28,14
35,48,29,13
33,49,28,12
35,49,28,12
42,51,29,11
47,53,29,11
53,51,29,13
56,49,29,13
61,47,29,15
66,41,33,15
79,32,33,15
88,28,35,15
97,26,32,14
100,25,32,14
106,25,31,13
109,26,30,14
113,27,29,13
115,28,30,14
116,29,31,14
118,30,31,14
122,32,30,14
125,36,29,14
126,37,29,16
126,38,28,15
126,39,28,16
126,41,28,16
125,43,29,16
123,44,29,16
123,45,28,16
123,45,29,15
125,44,28,15
125,43,29,15
129,41,28,16
132,40,28,16
132,40,29,16
133,40,29,17
137,40,29,17
141,39,31,16
148,40,29,14
151,40,28,13
152,38,28,15
153,37,26,15
152,37,26,15
152,38,25,15
152,39,25,14
151,38,24,15
149,39,24,15
144,35,23,14
137,31,25,17
134,31,24,16
130,31,25,16
128,31,24,15
128,31,23,16
127,31,25,16
128,32,23,15
128,31,24,17
130,31,25,16
132,31,25,16
134,31,25,16
135,31,25,16
137,32,24,15
137,33,25,15
139,34,23,14
139,34,24,13
139,32,24,16
139,32,25,16
142,32,25,16
144,32,22,14
145,32,21,13
143,33,23,14
143,34,22,13
143,34,26,15
145,34,25,15
146,34,25,15
148,32,24,16
147,32,24,15
146,32,26,16
148,33,24,17
150,33,25,15
152,32,25,17
153,32,25,17
156,33,22,16
159,34,21,15
158,35,25,15
161,33,25,15
162,33,26,17
163,33,26,17
165,34,25,16
166,35,25,16
167,34,25,16
168,34,25,15
168,34,25,15
168,33,26,16
170,34,24,14
171,34,23,12
168,35,27,16
174,35,20,13
176,36,17,13
173,35,24,15
173,36,25,15
176,36,23,15
176,36,25,15
178,36,24,15
181,37,22,14
181,36,23,14
181,37,24,13
182,36,23,14
181,36,23,13
180,37,22,14
179,38,19,12
176,37,22,12
176,37,22,12
176,37,22,12
176,37,22,12
176,37,22,12
176,37,22,12
176,37,22,12
176,37,22,12
176,37,22,12
176,37,22,12
186,45,22,12
180,42,28,18
182,43,28,18
183,43,26,18
184,43,26,16
184,43,26,16
184,44,26,15
183,44,27,15
184,44,26,15
182,44,26,15
180,44,26,17
177,43,25,16
173,43,25,15
171,40,23,15
169,38,25,15
166,35,26,14
161,32,25,17
156,28,22,16
153,24,25,17
151,22,27,16
152,21,26,17
155,21,26,17
157,22,24,16
158,24,24,15
161,25,25,14
165,24,25,14
168,24,25,14
171,24,23,13
171,25,26,15
171,28,26,14
174,31,25,16
176,32,25,17
176,33,27,18
175,35,27,17
166,35,26,17
156,37,25,15
150,39,26,15
146,41,27,17
141,41,29,18
129,39,29,19
119,33,27,18
112,20,27,18
106,7,29,18
105,1,29,17
105,1,28,11
103,1,27,5
99,1,27,5
99,1,27,8
99,1,27,8
99,1,27,8
99,1,27,8
99,1,27,8
99,1,27,8
99,1,27,8
99,1,27,8
99,1,27,8
99,1,27,8
99,1,27,8
143,1,27,8
143,1,33,14
149,6,33,16
157,11,31,17
161,16,33,17
163,17,32,18
164,18,34,19
165,21,33,18
167,23,32,19
168,23,31,18
169,23,34,19
174,23,34,19
182,23,32,18
193,23,33,19
203,18,32,19
212,8,32,18
222,1,33,18
230,1,35,11
237,1,34,6
240,1,34,8
240,1,34,8
240,1,34,8
240,1,34,8
240,1,34,8
240,1,34,8
240,1,34,8
240,1,34,8
240,1,34,8
240,1,34,8
240,1,34,8
240,1,34,8
240,1,34,8
240,1,34,8
240,1,34,8
240,1,34,8
240,1,34,8
240,1,34,8
240,1,34,8
240,1,34,8
240,1,34,8
240,1,34,8
240,1,34,8
240,1,34,8
240,1,34,8
240,1,34,8
240,1,34,8
240,1,34,8
240,1,34,8
240,1,34,8
240,1,34,8
240,1,34,8
240,1,34,8
240,1,34,8
240,1,34,8
240,1,34,8
240,1,34,8
240,1,34,8
240,1,34,8
240,1,34,8
240,1,34,8
240,1,34,8
240,1,34,8
240,1,34,8
240,1,34,8
127,74,23,15
132,71,23,14
135,67,29,15
134,64,28,14
133,60,27,14
135,56,24,15
131,54,27,15
130,53,27,13
129,52,25,14
121,52,28,13
114,53,29,12
112,53,27,15
113,55,27,15
117,58,26,14
119,60,26,13
118,62,24,13
117,66,24,12
115,67,25,11
117,68,28,11
121,68,23,12
122,69,22,12
122,72,21,11
123,73,20,12
127,73,19,11
130,72,17,12
132,73,17,10
132,72,18,11
134,74,17,10
135,75,17,10
134,77,15,10
134,80,16,8
135,79,15,8
136,82,17,8
138,81,15,8
137,80,17,10
137,82,17,10
138,83,15,8
136,81,17,10
135,79,17,10
135,80,17,11
135,80,18,10
137,80,18,10
143,79,15,9
145,78,17,12
148,79,14,7
151,78,14,8
151,75,14,8
154,75,14,8
160,74,15,9
162,74,15,9
166,75,14,8
169,75,14,8
174,74,14,8
175,74,14,8
177,74,14,8
177,75,14,8
178,75,14,8
178,75,14,8
181,75,14,8
182,75,14,8
182,74,14,8
182,73,18,10
181,73,18,10
181,73,19,9
182,74,18,9
182,76,17,8
182,76,15,8
182,75,16,8
183,75,16,7
184,75,16,8
184,75,16,8
184,74,18,8
184,74,18,8
183,72,18,8
182,72,16,8
178,72,16,8
178,72,16,8
176,72,16,8
175,71,15,8
175,72,16,8
174,71,16,8
176,72,14,8
174,72,14,8
174,71,13,8
174,72,12,8
174,74,13,8
174,74,14,8
174,75,14,8
174,77,14,8
175,78,14,8
174,80,12,8
174,80,14,8
175,81,14,8
176,82,13,8
177,82,14,8
178,82,14,8
178,82,14,8
179,82,14,8
180,83,12,8
180,83,12,8
181,83,12,8
182,83,12,8
183,84,12,8
183,85,12,8
184,87,12,8
184,88,11,7
184,89,11,7
185,88,12,9
186,89,12,8
186,90,13,8
186,91,13,8
187,92,13,8
189,91,13,8
190,91,13,8
192,90,11,8
192,90,13,8
193,90,13,8
194,90,13,8
196,89,13,8
198,91,13,8
199,91,13,8
200,91,11,8
201,90,11,8
201,91,11,8
199,91,11,8
200,91,12,8
200,91,12,8
200,91,11,8
200,91,11,8
200,92,11,8
199,92,11,8
201,91,10,7
201,91,10,7
201,91,11,8
203,92,15,10
206,93,11,7
205,91,11,8
207,91,11,7
205,91,11,8
208,92,10,8
207,93,11,7
207,95,13,8
206,96,13,8
206,97,13,8
206,100,9,6
204,98,10,8
204,99,9,8
204,99,9,8
202,99,9,8
201,99,9,8
200,100,9,8
200,100,11,8
200,101,11,8
198,102,11,8
198,103,9,6
197,103,9,8
197,104,9,8
197,105,9,8
199,106,9,8
200,106,9,8
199,107,9,8
201,108,9,8
203,108,9,8
200,108,10,8
201,108,10,8
202,108,12,8
204,109,8,8
205,109,10,8
207,109,8,8
208,108,9,8
210,107,10,8
211,106,10,8
211,105,9,8
211,104,9,8
211,104,10,8
211,104,10,8
211,104,10,8
210,104,9,8
207,103,10,8
204,103,10,8
202,104,10,8
201,104,9,8
200,104,10,8
200,104,9,8
199,104,10,8
198,104,10,8
196,103,11,8
195,103,10,8
195,105,9,6
193,104,9,6
193,103,8,7
195,108,8,6
195,108,8,7
194,108,8,7
195,108,8,7
195,107,7,8
195,108,8,7
195,109,7,6
193,108,8,7
192,108,6,7
190,109,7,6
189,108,7,7
187,108,8,7
186,109,8,6
185,109,8,7
183,109,11,7
186,109,8,5
186,107,8,6
185,105,8,7
185,106,9,5
185,104,9,7
185,104,8,7
184,104,9,6
184,104,8,6
182,104,8,6
179,104,9,6
177,104,8,6
174,104,9,7
172,105,9,7
171,105,7,6
170,105,7,6
171,105,6,6
169,105,6,6
169,105,6,6
167,104,7,6
167,103,7,6
165,102,7,6
163,99,9,6
164,99,7,6
162,98,8,6
159,97,10,6
160,96,8,6
159,96,8,6
158,96,8,6
157,96,8,6
156,96,8,6
155,96,8,6
154,96,8,6
154,96,8,5
153,96,7,5
153,96,7,5
151,95,8,5
152,93,8,7
151,92,8,6
150,92,8,6
151,91,7,5
151,90,8,6
152,90,8,6
152,89,8,6
152,89,8,6
154,89,8,6
155,88,8,6
156,89,5,5
155,87,8,6
155,89,7,6
156,90,7,6
156,90,7,5
155,90,5,5
155,89,7,5
155,89,7,5
156,88,7,5
158,88,6,5
158,88,7,5
158,88,8,5
157,88,8,5
157,88,8,5
158,88,7,5
158,88,8,6
160,85,7,5
160,87,6,5
161,85,6,5
161,84,6,6
162,85,5,5
162,83,5,6
162,83,5,6
162,83,4,5
162,84,4,3
161,83,4,3
160,83,5,6
159,84,6,5
158,84,6,5
156,85,5,4
153,86,4,4
150,88,5,4
148,89,4,4
146,89,4,4
144,89,4,4
142,89,6,6
141,90,5,5
140,90,5,4
139,90,5,4
138,90,5,4
137,89,4,4
135,90,5,4
134,90,4,4
133,89,5,4
132,89,5,4
131,89,5,4
129,90,5,5
127,90,6,5
125,91,7,5
123,91,7,5
123,92,7,5
122,92,7,4
121,93,8,5
122,93,7,5
123,93,6,5
123,92,7,6
122,92,7,6
122,92,7,6
122,92,6,5
122,92,7,5
122,91,7,7
123,91,6,6
121,90,8,5
122,91,7,5
123,92,7,5
123,94,7,4
124,94,6,4
125,96,8,5
125,96,8,5
125,96,8,6
126,96,9,5
126,96,10,6
126,96,11,7
127,96,9,8
127,96,10,7
129,96,8,6
130,96,8,6
130,95,8,6
130,94,8,7
130,94,8,6
130,93,8,6
130,92,8,6
130,90,8,6
130,89,8,6
130,88,8,6
129,89,8,6
128,89,8,6
128,88,8,6
130,88,8,7
130,87,8,7
131,87,8,6
132,86,8,7
133,86,8,6
135,85,8,6
136,84,7,6
135,85,8,7
136,85,8,6
138,84,8,6
140,85,8,6
141,85,8,5
142,84,8,6
144,84,8,6
144,84,10,7
146,84,10,7
149,84,9,7
151,85,9,6
151,84,10,7
152,85,10,6
154,84,9,6
155,83,9,6
155,82,9,6
155,82,9,6
156,81,9,7
155,81,9,6
155,81,9,6
155,81,9,6
155,81,9,6
155,81,9,6
155,81,9,6
155,82,8,6
155,82,10,6
156,82,11,6
157,82,11,6
159,81,11,8
161,82,11,6
163,81,11,6
165,80,10,6
167,79,9,6
169,79,9,5
172,78,11,7
175,78,10,6
179,78,10,6
182,78,11,6
185,78,11,6
189,77,10,8
191,77,12,8
193,76,12,9
198,76,11,9
202,76,11,8
206,76,11,8
208,77,11,8
211,78,11,8
216,79,12,8
221,79,11,8
225,79,11,8
228,80,11,7
231,80,11,9
232,82,11,9
231,85,11,8
232,85,11,10
232,87,12,9
232,87,13,11
232,88,14,11
232,89,13,10
232,91,13,9
232,91,13,10
232,90,12,10
232,91,11,9
231,91,11,8
229,90,12,9
229,90,11,9
228,91,12,8
228,90,13,9
228,91,11,8
227,91,11,8
226,91,12,8
224,90,13,9
224,89,12,8
222,88,14,8
221,88,14,8
219,87,15,8
218,87,16,8
217,86,16,8
215,86,16,8
213,85,16,9
211,85,16,9
210,85,15,9
208,85,16,9
206,85,16,9
204,85,16,9
204,86,14,9
202,87,14,8
200,87,16,8
198,88,12,7
196,85,13,9
194,83,16,11
193,85,16,9
192,84,14,10
191,84,13,9
189,85,13,9
188,85,15,10
190,86,15,9
192,86,13,10
192,88,14,8
192,87,13,6
192,88,12,6
191,86,11,8
192,87,10,7
192,86,10,8
193,88,9,7
192,87,10,7
191,88,9,6
185,89,12,7
184,88,13,8
185,88,10,8
180,88,12,8
178,87,12,8
176,86,12,8
176,86,10,8
173,86,9,8
167,87,11,8
164,87,11,8
161,87,12,8
159,88,9,6
155,88,11,6
153,87,9,7
148,87,10,8
144,88,14,8
144,87,10,8
140,87,12,8
137,88,13,7
136,89,13,7
135,88,12,7
135,88,11,6
137,87,11,7
136,88,10,7
132,88,14,9
131,88,12,7
130,89,14,9
130,89,13,8
130,89,12,8
128,89,13,8
127,88,12,8
126,89,13,8
126,88,11,8
125,88,12,9
123,87,12,9
122,87,10,9
120,87,10,8
119,88,10,8
119,88,11,8
119,88,9,7
118,89,9,7
117,90,9,8
115,91,10,7
115,92,10,8
113,93,11,8
113,94,10,8
112,95,10,8
112,95,10,8
112,96,10,8
112,96,10,8
112,96,10,8
111,96,11,8
111,96,11,8
109,97,11,8
109,97,12,8
108,99,12,8
110,99,11,8
110,99,11,8
110,99,10,10
112,100,8,7
113,100,8,8
113,100,9,8
113,100,8,8
112,101,8,8
111,101,9,8
111,100,9,8
111,99,9,8
110,98,9,8
109,98,9,8
109,98,9,8
109,97,8,8
108,97,9,8
108,96,8,8
108,95,8,8
109,95,8,8
110,94,7,7
110,93,8,6
110,91,7,6
110,90,7,6
109,89,8,6
110,88,8,6
110,88,7,6
111,88,6,6
112,88,6,6
114,89,7,6
114,89,7,5
114,88,8,6
115,88,7,6
115,88,7,6
116,89,7,5
115,89,8,6
114,90,8,6
115,92,7,6
114,93,8,6
115,93,8,6
115,94,6,5
116,94,7,6
116,96,7,6
117,93,7,6
118,91,9,6
118,90,8,6
117,89,8,6
115,88,9,6
114,88,9,6
114,88,9,7
114,88,11,6
113,87,12,7
113,87,11,6
112,87,11,7
113,87,11,7
114,86,11,7
115,87,11,6
116,89,11,6
116,89,10,7
117,91,10,6
119,91,9,7
120,91,10,7
123,92,6,6
125,95,7,6
127,96,8,6
131,97,7,5
133,97,7,6
137,96,7,7
136,97,9,7
137,97,9,8
137,97,9,7
136,96,9,8
136,96,9,8
135,97,8,6
133,99,9,6
134,99,8,8
133,98,9,6
132,100,8,6
128,100,9,6
124,98,9,6
121,99,9,6
118,97,9,7
116,98,9,7
116,97,6,7
115,98,7,5
115,98,7,6
116,98,7,6
115,97,8,6
115,97,8,6
115,97,8,6
114,97,8,6
113,97,9,7
113,97,8,7
113,97,8,6
114,97,7,6
114,98,7,6
114,100,8,6
113,102,7,6
113,103,7,7
114,104,8,7
115,105,7,7
116,105,7,7
115,106,8,7
