329,164,950,466
327,164,952,479
326,166,953,478
320,165,959,478
318,164,961,478
317,162,962,477
311,157,968,481
310,155,969,483
308,153,971,483
305,151,974,486
298,148,981,486
297,145,982,487
294,145,985,484
292,142,987,484
289,140,990,484
287,140,992,484
281,139,998,484
279,137,1000,484
273,133,1006,485
273,129,1006,480
275,126,1004,483
272,130,1006,476
271,130,1008,474
269,132,1010,468
268,131,1011,468
266,131,1013,468
262,131,1017,468
256,134,1023,464
254,135,1025,462
253,135,1027,463
259,135,1020,462
258,135,1022,461
255,134,1024,460
254,135,1026,456
252,134,1027,454
256,134,1023,453
253,133,1025,454
251,134,1026,448
251,134,1028,448
249,135,1029,446
250,134,1029,444
259,132,1020,444
263,132,1016,444
263,137,1017,438
264,135,1016,438
265,133,1015,438
265,136,1015,442
267,133,1013,444
264,133,1015,442
267,133,1012,442
266,130,1013,445
266,133,1013,448
265,134,1013,448
263,133,1016,448
262,134,1017,448
260,133,1019,448
257,135,1022,450
256,134,1023,450
253,132,1026,450
252,129,1028,451
252,127,1028,452
249,123,1030,456
248,121,1032,459
247,122,1032,459
245,118,1034,461
247,119,1033,461
249,118,1031,463
247,115,1032,466
246,114,1034,470
245,112,1035,475
242,109,1037,479
241,107,1039,481
243,103,1037,484
241,100,1038,488
238,99,1041,491
235,94,1043,494
237,92,1043,494
232,88,1047,499
229,86,1050,499
231,85,1049,507
230,79,1049,510
229,76,1050,513
229,74,1050,515
230,73,1050,515
228,67,1051,498
229,64,1050,498
227,64,1052,498
230,65,1049,498
228,67,1051,480
229,65,1051,480
230,66,1049,480
230,66,1049,482
233,67,1046,484
232,68,1047,486
232,71,1047,488
239,71,1040,489
247,71,1033,489
252,75,1027,489
258,76,1021,489
272,78,1007,471
285,79,995,472
291,80,989,473
305,82,974,474
322,84,957,476
341,74,938,478
358,69,921,481
385,70,894,484
411,67,868,488
431,63,848,495
447,65,832,496
463,65,816,497
477,63,802,498
485,62,794,498
503,62,776,496
517,59,761,482
525,60,754,477
537,63,742,474
551,64,728,471
563,67,716,469
571,72,708,466
577,74,698,466
588,83,691,451
602,88,677,442
611,93,668,432
620,98,659,425
631,99,648,424
644,107,635,423
658,114,621,418
672,114,607,416
685,114,594,414
700,114,579,412
714,113,565,408
730,113,549,409
746,109,533,411
759,113,520,412
771,115,508,412
775,114,499,411
275,97,1005,432
281,97,998,432
278,95,1001,434
278,93,1001,437
277,91,1002,440
278,91,1001,442
279,87,1000,444
276,83,1003,452
275,82,1004,464
276,83,1003,469
278,83,1001,469
283,81,996,463
282,75,997,468
286,74,993,468
288,75,991,468
295,74,984,469
297,75,982,469
293,75,986,463
295,75,984,463
298,76,981,462
304,77,975,462
307,79,972,458
306,77,973,458
304,80,975,454
307,83,972,451
310,83,969,452
312,83,967,453
309,85,970,445
311,85,968,446
313,85,966,440
313,87,966,441
312,87,967,437
308,86,971,438
309,87,970,433
308,86,971,433
302,85,977,432
302,87,977,428
300,89,979,429
298,91,981,426
297,90,982,418
294,90,985,418
308,90,972,418
315,90,964,413
320,90,959,413
322,94,957,388
315,99,469,327
314,98,470,327
324,90,476,327
337,80,487,327
353,69,496,328
368,59,505,330
379,52,519,340
378,51,519,340
372,53,533,341
357,60,541,342
353,61,553,347
350,61,568,351
350,65,577,354
349,64,577,354
349,62,580,366
345,67,593,370
334,70,604,376
334,73,613,380
343,69,619,388
342,69,621,390
350,66,626,398
342,65,642,402
333,66,657,411
333,64,664,414
336,64,673,418
334,64,676,423
335,68,688,428
331,75,697,431
326,81,708,437
328,84,719,459
331,88,735,460
330,87,735,460
331,85,751,463
338,88,753,464
337,87,769,465
338,87,781,466
337,86,783,466
339,93,788,467
341,92,802,464
344,89,819,461
343,88,834,459
340,87,848,456
339,88,848,456
345,89,861,457
351,89,876,457
353,88,891,455
353,88,899,453
351,88,912,449
351,87,913,449
351,83,921,451
353,83,926,453
355,84,924,453
357,83,922,453
357,83,922,453
356,82,922,453
356,83,923,453
352,79,927,457
351,73,928,465
349,74,930,468
346,75,933,459
346,75,933,458
339,78,940,451
334,77,945,451
332,76,947,443
331,74,948,437
330,73,944,425
330,72,944,425
334,72,944,419
334,72,942,412
332,72,946,412
330,71,946,404
330,71,945,405
330,69,945,406
329,64,944,405
333,60,939,405
332,56,947,409
330,55,948,411
328,53,951,413
329,49,951,416
333,45,946,419
336,40,943,425
332,32,946,429
328,32,951,429
327,28,952,431
326,24,953,433
325,22,954,439
324,23,955,439
324,21,955,441
322,21,957,443
322,20,957,446
321,21,958,448
318,21,955,450
316,18,955,453
315,15,950,457
307,16,949,461
304,14,949,464
304,10,940,468
304,9,939,470
303,9,931,469
303,9,926,470
300,10,924,470
296,6,921,473
296,3,919,478
294,3,918,480
290,2,917,478
286,1,917,479
283,1,918,480
284,1,914,480
282,1,914,479
280,1,914,477
280,1,919,478
279,1,917,476
275,1,918,476
272,1,919,476
272,1,906,476
269,1,906,476
272,1,904,476
270,1,903,476
266,1,900,478
266,2,900,479
264,1,901,482
265,2,898,482
263,1,898,483
260,1,895,484
261,2,895,485
258,1,897,486
254,1,898,489
269,1,896,485
270,1,894,486
271,1,889,486
275,1,885,490
277,1,886,489
275,1,886,486
281,1,883,484
281,1,881,488
281,1,880,490
283,1,877,491
290,1,873,491
292,1,870,491
291,1,871,491
290,1,864,491
291,1,864,491
291,1,860,491
292,1,860,491
292,1,859,491
294,1,858,492
295,1,853,490
295,1,851,488
292,1,850,488
291,1,848,489
290,1,847,490
294,1,844,486
298,1,831,484
299,1,833,485
301,2,834,485
301,1,833,489
301,1,834,489
301,1,832,492
307,1,827,492
308,1,825,492
310,1,825,493
311,1,825,498
310,1,824,498
309,1,825,503
314,2,821,505
314,1,821,508
313,1,822,517
313,1,822,521
312,1,821,524
316,1,816,528
316,1,818,529
319,1,812,532
318,1,811,534
317,3,812,534
317,4,810,537
316,3,809,539
314,1,810,537
317,2,803,537
314,1,801,537
314,8,802,523
321,4,801,524
321,2,800,527
315,2,798,528
310,5,796,527
305,6,795,527
307,4,793,527
310,8,794,522
309,9,792,524
306,12,788,521
302,10,792,522
300,7,789,522
293,3,788,523
292,4,785,524
290,6,785,525
289,3,783,524
283,1,782,528
272,5,780,529
259,11,778,527
257,9,778,527
257,7,777,528
258,6,777,530
252,6,774,531
243,8,772,530
236,6,771,531
233,4,770,531
227,3,769,532
224,4,769,532
222,11,770,527
219,11,771,528
221,12,767,524
221,15,763,522
217,15,764,523
218,13,764,520
221,12,761,518
220,11,762,516
222,9,762,507
225,7,761,507
229,6,760,502
231,6,756,501
231,7,753,500
234,7,755,491
236,6,756,488
239,9,754,487
240,11,753,484
239,12,754,482
240,12,753,482
241,14,753,480
246,16,749,476
248,16,747,477
248,19,744,477
247,23,742,474
250,26,740,470
251,29,741,470
254,33,740,465
257,33,738,463
258,34,736,462
257,35,736,460
260,39,734,457
259,39,733,458
259,42,730,450
260,41,728,448
260,41,729,449
258,41,730,442
257,41,730,440
255,41,731,437
256,43,729,435
254,44,729,430
252,47,730,425
252,48,730,422
251,49,730,419
251,53,726,412
249,53,725,407
247,53,722,403
247,57,720,399
245,60,719,396
245,62,718,394
242,63,719,390
241,64,720,388
240,63,721,389
241,64,723,388
242,65,719,384
242,66,717,381
241,65,717,381
242,67,714,375
242,67,714,375
241,70,712,371
242,72,708,370
242,74,708,370
241,75,708,367
239,78,709,363
239,79,708,363
236,81,707,363
235,84,704,363
233,84,703,365
232,87,703,368
230,89,703,368
228,90,701,371
226,92,702,372
225,91,702,375
221,92,702,375
221,90,702,377
219,87,702,380
220,90,704,381
218,93,704,380
215,94,701,380
212,96,698,381
208,99,696,375
206,100,697,373
206,104,696,369
205,105,696,363
202,107,697,361
198,110,696,361
193,112,697,354
191,114,697,348
188,117,694,344
185,119,695,337
180,120,697,338
179,120,695,334
178,122,696,329
179,121,694,327
179,120,694,326
178,121,694,321
176,127,693,315
176,127,693,311
174,130,694,309
173,132,693,311
172,134,694,310
174,137,693,310
177,132,692,318
181,132,689,318
193,133,678,319
201,134,670,323
209,134,663,328
217,134,655,329
221,135,648,328
226,135,642,329
238,135,629,333
249,136,620,334
260,136,611,337
266,137,603,338
280,137,594,342
291,138,583,345
301,139,574,348
314,139,565,350
328,137,556,354
342,139,545,355
355,144,537,351
360,140,525,351
368,140,516,350
381,141,505,349
399,140,493,348
409,135,487,334
421,134,477,322
435,127,463,305
447,128,454,292
461,130,446,277
461,131,447,276
480,130,435,257
496,132,428,258
519,128,422,257
539,129,412,256
550,130,402,255
552,131,400,255
562,130,393,254
579,131,389,253
594,130,378,252
280,135,699,236
294,132,698,248
293,134,697,248
296,131,699,248
309,131,697,249
314,130,699,249
317,124,700,249
321,123,698,248
320,122,700,249
321,123,700,249
317,125,702,249
319,126,705,249
321,126,709,249
324,126,710,249
323,125,710,249
324,123,717,252
322,125,718,244
326,123,719,241
328,121,720,241
318,118,727,238
322,118,727,238
311,120,729,238
302,130,730,238
291,134,734,229
284,139,737,229
275,144,739,239
274,143,740,241
272,151,735,266
265,155,740,269
263,157,745,260
267,162,748,258
270,165,746,254
269,166,747,252
266,170,750,251
267,175,751,242
264,183,755,233
272,187,752,231
271,186,754,231
272,189,753,253
264,186,754,262
251,186,757,280
250,186,358,300
248,184,370,293
247,183,370,293
241,184,383,294
231,181,404,294
222,182,421,293
219,181,436,288
215,176,454,286
213,175,454,286
213,177,469,287
200,176,488,289
195,170,508,282
186,168,527,282
185,173,545,282
183,175,547,277
188,173,564,279
192,175,582,279
189,174,601,274
185,173,619,271
182,174,636,268
181,174,637,268
189,173,655,267
194,174,672,264
195,171,686,265
194,172,701,257
194,170,721,261
193,169,720,261
197,171,733,262
199,168,744,263
210,167,747,259
214,169,750,260
208,170,754,261
207,169,753,261
207,170,755,262
212,169,758,263
217,168,760,265
222,167,759,265
219,168,761,266
221,168,762,266
224,166,763,267
227,163,766,268
231,161,770,269
228,157,776,274
231,155,780,275
235,155,777,275
239,153,779,276
242,152,781,276
246,151,781,276
249,152,779,269
251,151,779,269
250,150,779,269
250,150,779,269
254,148,779,272
260,146,775,272
257,142,774,283
256,146,773,283
255,148,771,282
260,150,767,282
263,148,767,282
265,147,768,282
268,144,764,282
264,141,762,287
265,140,761,289
261,140,761,285
244,142,763,285
232,146,763,285
221,149,754,280
223,149,753,280
206,152,745,277
200,152,740,275
194,153,734,273
188,152,731,271
180,157,729,268
182,157,725,268
177,161,722,268
175,161,718,268
175,162,713,266
176,163,703,265
177,162,700,264
176,162,700,264
177,158,693,263
175,156,687,266
173,156,687,263
177,154,687,265
177,152,678,265
177,151,678,268
175,152,675,264
177,150,671,263
179,149,668,263
178,147,663,268
175,144,661,270
175,143,661,270
175,144,660,270
173,142,659,272
173,140,657,271
173,140,653,271
171,139,653,271
170,140,655,275
169,141,652,276
166,138,652,276
164,135,653,276
162,137,654,275
159,135,654,275
158,135,654,275
156,136,655,275
155,136,656,275
154,136,658,275
152,134,662,276
149,134,665,277
148,133,667,277
146,135,668,277
146,134,668,277
143,131,670,277
143,130,670,281
145,129,670,281
144,129,673,281
145,129,674,283
147,131,674,283
146,129,674,283
147,133,674,283
146,131,675,283
145,131,675,283
145,129,676,283
144,129,677,283
143,128,677,283
143,128,677,283
142,127,677,283
146,125,677,283
146,124,678,287
145,123,679,287
146,121,678,286
146,120,678,286
145,119,674,286
145,121,676,286
145,120,673,286
146,118,669,286
147,116,668,285
148,117,668,285
147,120,668,281
147,120,668,281
150,121,668,281
150,122,668,279
150,122,668,279
152,122,655,279
152,122,654,278
156,121,654,278
157,122,654,278
157,122,654,278
154,122,664,278
153,121,667,280
152,120,668,280
153,120,668,280
152,120,668,280
152,120,665,284
152,119,665,284
150,118,665,284
149,122,660,284
149,123,657,280
146,123,657,291
141,123,657,291
138,124,656,290
133,124,644,295
135,124,641,295
132,128,637,297
129,129,634,302
124,130,632,304
123,130,627,306
122,132,621,307
122,130,621,307
117,133,617,309
114,133,615,309
113,135,609,309
111,135,605,309
108,137,606,311
109,136,600,311
108,137,583,312
105,137,579,312
105,136,578,312
102,137,569,312
99,138,570,309
98,138,569,309
96,139,567,309
95,138,565,309
96,139,561,309
97,139,554,309
97,138,552,309
107,137,541,309
106,135,541,311
110,135,531,311
113,134,524,311
116,134,518,311
121,133,514,311
120,132,513,311
124,133,507,311
128,134,500,311
131,134,493,311
135,135,485,311
136,136,483,311
138,135,481,311
141,133,475,311
143,130,469,313
147,128,462,315
155,126,452,316
154,126,452,316
162,126,448,316
163,123,446,316
167,123,435,316
172,122,428,313
177,121,420,311
176,120,424,314
175,118,420,317
185,115,410,315
190,114,403,310
193,111,400,307
197,110,394,307
197,110,393,307
196,108,391,303
196,106,391,303
197,105,386,302
198,102,382,302
200,100,379,302
199,103,379,302
200,103,379,302
197,99,369,302
197,98,366,311
200,98,363,311
203,96,359,311
202,95,359,311
203,95,358,312
207,97,351,315
205,96,348,334
209,96,338,334
209,100,336,332
206,100,339,332
207,100,338,339
206,98,334,340
205,99,332,344
203,99,327,348
201,102,323,349
200,101,323,349
201,102,319,349
200,103,316,353
201,102,313,357
200,102,313,355
198,99,317,355
197,98,319,355
194,97,323,355
194,97,323,356
199,101,311,353
198,102,309,353
197,102,307,353
196,101,307,352
194,101,309,356
194,103,309,351
195,104,311,351
194,103,313,351
195,100,318,349
192,101,321,348
192,99,326,347
193,99,329,347
194,96,332,350
195,97,337,352
192,96,338,351
193,97,340,351
192,97,342,351
192,101,346,351
197,102,351,347
198,102,355,343
198,105,355,325
197,104,358,325
197,104,364,329
197,104,369,330
199,103,374,331
202,102,377,331
200,102,377,331
198,106,392,326
191,106,404,329
181,105,415,329
181,107,422,329
177,106,429,326
176,105,432,326
176,105,433,326
174,106,439,326
171,110,449,326
169,110,454,327
168,111,458,327
167,111,461,327
168,109,466,327
166,108,478,327
164,110,487,327
165,109,488,327
164,109,497,327
163,108,500,327
163,107,506,327
163,107,510,327
164,109,517,329
165,108,520,329
166,107,521,329
166,106,524,329
167,105,525,333
175,106,526,331
176,104,526,331
176,104,533,334
179,102,536,339
178,101,536,339
183,102,537,339
188,100,538,346
187,98,540,352
193,97,541,355
194,99,541,356
193,98,543,356
196,100,546,361
199,100,549,373
205,102,549,376
208,102,548,376
213,103,549,388
212,102,549,396
213,103,549,407
213,104,549,419
216,104,559,419
221,105,560,421
219,104,560,421
219,106,559,421
212,104,568,421
211,104,569,422
208,106,574,422
201,105,586,423
200,104,587,423
202,105,588,423
195,106,599,420
193,107,603,420
188,107,606,420
185,108,614,420
185,108,614,420
188,110,618,420
180,109,630,426
178,110,632,426
175,110,637,430
174,108,639,431
172,111,642,428
171,113,644,428
168,113,649,431
162,113,658,433
158,112,665,436
155,111,669,438
153,110,672,439
152,112,674,439
150,112,676,440
147,111,682,441
143,110,685,444
140,110,690,444
138,111,691,444
138,111,692,445
137,112,697,445
136,112,703,445
132,116,711,440
131,116,717,443
130,115,720,443
129,116,722,445
127,120,726,439
126,120,733,439
125,119,736,439
124,120,740,439
123,120,742,439
122,120,749,439
120,119,756,439
118,120,761,439
114,124,764,434
112,124,772,434
111,123,772,436
109,126,776,434
108,125,779,433
103,124,786,433
100,122,793,434
95,123,799,433
94,122,800,433
91,124,802,433
95,126,803,433
95,126,804,433
97,129,804,431
95,131,805,431
96,131,804,431
95,133,804,431
92,137,805,429
87,137,810,431
86,139,811,429
87,139,813,430
86,139,814,430
87,141,816,429
85,144,818,428
83,147,822,429
84,148,826,428
86,149,822,428
82,150,825,428
82,155,827,424
79,158,828,424
79,157,829,425
78,157,833,428
81,158,831,428
81,159,834,428
80,158,837,428
84,158,838,428
82,158,840,431
80,159,841,431
81,159,842,431
80,160,843,431
82,161,844,434
85,162,846,437
87,163,847,437
90,162,849,441
88,161,849,444
86,163,851,445
89,163,851,454
88,164,853,462
89,165,851,466
90,163,853,479
89,162,853,479
93,162,853,487
91,163,855,494
89,162,857,507
91,162,858,516
93,164,859,530
92,163,859,534
90,163,861,541
89,164,861,546
88,164,861,550
87,166,862,552
86,168,866,552
86,167,866,551
82,165,868,551
78,164,868,553
75,163,868,556
71,161,871,554
67,164,875,551
68,163,874,553
61,164,876,553
60,162,877,555
56,162,880,550
52,162,881,547
50,161,882,548
49,160,883,548
47,160,884,547
44,159,887,548
50,161,883,544
50,163,885,543
50,167,888,541
49,166,889,541
52,167,890,541
51,168,892,542
56,168,894,539
59,170,898,533
62,173,901,531
63,173,900,528
65,172,902,527
68,169,902,526
74,173,902,521
76,171,909,518
84,171,909,517
83,170,911,518
86,169,914,519
90,169,916,514
98,168,918,512
104,168,921,505
103,167,922,505
106,166,923,504
110,165,924,502
111,165,927,497
115,162,929,496
120,162,932,491
119,161,934,491
124,160,936,489
126,157,937,488
127,157,941,482
128,158,943,482
125,157,950,482
127,158,948,480
126,160,952,474
124,161,955,471
120,165,958,467
113,168,970,458
109,165,976,454
110,165,976,454
106,166,980,451
102,169,989,434
90,173,1003,420
82,177,1007,409
71,176,1016,405
69,175,1020,405
57,178,1022,405
37,185,1034,398
27,188,1040,397
21,192,1046,393
19,195,1050,391
17,195,1052,390
21,197,1052,391
17,202,1057,385
13,201,1062,385
23,203,1051,384
5,203,1070,383
4,202,1071,383
5,206,1073,383
2,207,1074,382
5,208,1076,382
3,210,1077,380
2,214,1088,377
4,214,1090,377
7,215,1087,377
24,218,1079,385
38,217,1063,389
27,221,1088,405
27,222,1086,412
29,221,1084,412
30,226,1087,412
35,227,1089,417
43,229,1089,419
45,231,1091,421
50,234,1078,421
49,233,1077,421
61,236,1057,418
65,240,1043,416
71,241,1033,414
75,242,1020,412
74,241,1018,412
74,241,1009,409
70,241,994,410
68,245,979,407
71,244,967,407
70,246,960,406
71,245,959,408
69,242,954,407
76,239,927,406
76,235,918,410
77,232,907,412
75,230,894,421
77,229,891,423
74,228,874,426
70,222,867,431
74,216,845,433
65,211,832,440
69,207,813,444
68,206,814,444
81,204,790,451
89,204,775,452
98,207,757,447
95,207,746,448
88,206,744,450
87,205,744,450
86,211,1168,449
90,210,1166,450
73,212,1178,454
65,215,1180,453
55,215,1186,442
54,214,1187,442
55,216,1186,435
53,216,1188,431
50,191,1189,452
47,183,1187,454
40,180,1186,453
39,180,1185,452
38,175,1185,458
41,167,1185,464
42,164,1180,468
41,161,1183,473
39,159,1184,474
39,158,1185,477
40,159,1183,480
38,164,1184,483
29,164,1186,479
32,163,1183,486
39,166,1183,489
39,165,1179,489
38,165,1181,493
38,166,1182,498
34,167,1183,500
27,165,1185,503
30,164,1181,503
29,163,1182,503
25,162,1184,503
19,158,1186,507
13,158,1190,508
6,157,1192,510
1,156,1190,515
1,154,1191,515
1,156,1184,516
1,156,1178,517
1,155,1176,522
1,156,1171,520
1,157,1172,520
1,156,1169,518
1,158,1158,519
1,160,1150,513
1,161,1149,513
1,160,1147,511
1,159,1147,511
412,162,736,453
403,161,742,454
389,162,760,455
375,164,777,454
357,166,793,454
356,165,793,452
349,163,802,453
333,166,820,454
321,166,834,450
307,166,850,448
295,164,862,445
294,163,863,445
285,161,874,447
273,164,891,444
255,165,908,442
236,165,925,444
228,167,934,446
226,166,939,446
218,168,948,440
206,167,960,441
195,169,980,441
183,173,989,442
172,172,997,443
170,171,999,444
157,175,1015,445
145,177,1022,448
135,178,1034,449
122,178,1047,450
102,179,1054,447
101,178,1058,447
87,181,1063,448
63,181,1079,445
52,182,1082,445
29,182,1101,442
18,180,1106,451
17,179,1106,451
2,179,1109,452
1,181,1105,454
1,183,1092,457
1,180,1093,460
1,176,1092,462
1,174,1092,465
1,175,1086,467
1,175,1081,469
1,172,1079,472
1,171,1083,476
1,174,1082,478
1,173,1083,477
1,173,1080,477
1,174,1078,482
1,174,1077,485
1,174,1076,487
1,172,1082,490
1,172,1084,491
1,174,1078,491
1,175,1080,493
1,177,1086,495
1,177,1087,495
1,176,1087,495
1,177,1090,495
1,180,1091,495
1,179,1092,494
1,179,1094,495
1,179,1095,495
1,181,1095,495
1,178,1097,496
1,176,1094,496
1,178,1097,496
1,177,1098,496
1,176,1099,496
1,177,1097,494
1,176,1098,494
1,175,1103,494
1,177,1097,494
1,182,1094,489
1,184,1096,486
1,183,1095,486
1,185,1097,484
1,186,1098,484
1,188,1098,484
1,188,1099,484
1,189,1100,484
1,191,1101,484
1,192,1101,484
1,194,1104,480
1,194,1109,480
1,197,1110,477
1,199,1111,477
1,200,1110,476
1,200,1111,476
1,200,1111,476
1,205,1111,476
1,204,1111,472
1,208,1111,470
1,208,1113,465
1,204,1116,465
1,204,1116,462
1,202,1120,458
1,201,1120,458
1,198,1121,454
1,197,1120,451
1,195,1128,449
1,196,1124,446
1,195,1124,445
1,192,1124,443
1,193,1123,441
1,194,1122,439
1,197,1122,441
1,198,1119,440
1,200,1121,440
1,202,1126,443
1,201,1127,444
1,200,1128,445
1,201,1126,445
1,201,1127,444
1,200,1131,446
1,200,1131,447
1,200,1130,447
1,200,1131,448
1,199,1132,447
1,199,1132,447
1,197,1131,446
1,197,1130,445
1,197,1130,450
1,197,1130,452
1,195,1129,452
1,193,1129,452
1,192,1133,452
1,190,1134,452
1,190,1139,453
1,188,1142,454
1,187,1143,456
1,186,1148,457
1,184,1152,458
1,185,1154,458
1,184,1157,459
1,182,1163,459
1,181,1167,459
1,180,1171,464
1,180,1175,468
1,180,1181,470
1,178,1185,470
2,175,1188,470
1,173,1192,465
1,172,1188,464
3,176,1188,448
5,176,1181,444
6,178,1181,433
7,175,1176,433
8,175,1171,432
11,172,1167,432
1,170,1179,429
1,172,1175,427
3,170,1175,427
4,169,1173,425
5,172,1170,423
10,170,1166,422
20,168,1158,421
24,169,1152,417
26,167,1149,414
33,165,1142,416
46,164,1130,416
53,165,1124,413
66,163,1111,412
74,165,1103,406
85,165,1095,402
88,165,1089,401
93,163,1083,400
93,160,1083,400
93,163,1080,400
125,162,1047,394
138,163,1032,391
147,163,1022,391
155,163,1016,389
161,163,1006,384
171,164,999,382
178,163,992,382
184,163,986,379
198,162,973,377
205,162,964,375
210,161,960,377
215,161,955,378
220,161,948,372
227,159,937,372
236,157,925,374
248,155,915,371
253,156,908,371
254,159,903,363
257,157,900,362
274,155,884,364
286,153,873,365
289,150,867,365
