382,14,190,396
369,11,210,384
365,11,212,376
360,1,183,388
346,9,187,378
341,13,191,361
333,13,191,390
318,3,197,415
306,1,204,405
295,1,197,389
291,1,216,357
281,1,191,356
274,1,195,411
304,1,216,400
318,1,214,388
321,1,195,390
314,1,208,373
316,1,204,363
327,1,208,398
318,1,225,459
316,1,231,436
318,1,225,474
321,1,254,490
266,1,313,470
224,1,353,460
228,1,355,457
216,3,376,468
234,3,363,516
199,5,394,573
171,1,460,596
153,13,466,565
147,13,491,553
91,19,559,510
60,13,559,497
66,37,572,516
60,37,559,522
91,25,597,553
72,1,590,583
60,25,603,553
72,6,671,547
97,6,628,578
78,1,665,614
140,1,640,664
221,25,634,640
258,1,646,658
265,1,615,639
327,6,634,665
395,6,609,597
420,19,640,628
470,1,609,608
451,1,634,627
470,13,659,609
513,6,659,572
550,1,677,583
588,19,659,559
588,13,665,584
619,13,661,603
681,6,599,597
720,2,560,615
750,8,530,603
750,8,530,603
786,1,494,605
786,1,494,610
804,1,476,616
827,1,453,616
805,1,475,620
855,25,425,609
892,50,388,615
874,93,406,565
911,112,369,603
898,93,382,615
911,118,369,590
936,112,344,590
967,143,313,577
973,155,307,565
992,112,288,608
979,143,301,577
1047,131,233,589
1029,143,251,577
1029,106,251,614
985,143,295,577
948,143,332,577
979,143,301,577
954,155,326,565
967,162,313,558
917,131,363,589
929,124,351,596
911,124,369,596
917,118,363,602
929,87,351,603
886,118,394,602
911,93,369,627
892,87,388,633
836,81,444,639
805,56,475,664
787,100,493,609
762,81,518,584
768,112,512,608
774,81,506,639
768,93,512,627
737,87,543,633
718,100,562,620
681,106,599,614
731,93,549,627
737,100,543,620
718,93,562,627
687,37,593,683
712,50,568,670
712,56,568,664
681,37,599,683
693,44,587,676
687,44,593,659
682,40,598,645
661,53,619,632
644,56,636,634
625,87,655,572
650,112,630,559
662,131,618,565
668,93,612,603
693,124,587,572
687,118,593,541
706,143,574,541
693,131,587,584
731,124,549,596
706,118,574,602
718,143,562,577
693,124,587,590
681,93,599,615
718,100,562,620
700,100,580,590
662,112,618,608
675,106,605,614
631,112,649,578
619,118,661,578
594,112,686,578
613,106,667,584
594,118,686,572
600,162,680,541
600,180,680,522
594,168,686,534
594,162,686,558
569,168,711,541
581,143,699,572
606,143,674,565
606,174,674,534
606,155,674,565
613,168,667,552
594,199,686,521
594,174,686,546
581,180,699,540
575,174,705,546
594,180,686,540
588,155,692,565
606,149,674,571
600,143,680,577
588,124,692,596
600,124,680,596
563,118,717,602
563,87,717,633
563,106,717,614
594,93,686,627
600,75,680,645
619,31,661,689
606,37,674,683
600,56,680,664
625,50,655,670
631,68,649,652
656,50,624,670
644,75,636,645
662,87,618,633
656,75,624,645
681,37,599,683
693,19,587,701
731,1,549,719
706,1,574,719
724,1,556,719
737,1,543,707
712,56,568,646
706,62,574,652
724,56,556,621
724,50,556,665
693,62,587,609
681,81,599,578
675,106,605,572
693,100,587,547
681,106,599,614
675,93,605,627
681,81,599,597
668,62,612,615
656,63,624,608
663,58,617,638
661,50,619,637
685,50,595,646
716,50,564,649
688,65,592,631
688,62,592,618
707,68,573,587
713,56,567,578
716,65,564,566
722,65,558,566
719,56,561,547
716,56,564,526
726,44,554,504
722,28,496,510
726,25,492,498
692,1,492,543
673,3,467,569
667,1,454,577
636,3,442,560
639,1,458,546
605,3,492,532
630,3,479,523
605,1,504,531
642,3,470,538
639,6,479,526
654,10,485,600
658,3,489,612
685,1,492,593
701,10,507,581
710,1,498,593
719,3,495,569
713,3,519,550
688,1,547,546
688,10,544,544
688,3,553,532
668,2,573,530
688,1,563,546
685,3,563,547
673,1,597,568
682,6,587,557
676,1,604,568
698,3,582,575
710,3,570,557
688,1,592,546
688,1,592,553
695,3,585,572
741,6,539,544
772,3,508,535
797,1,483,571
794,1,486,568
824,1,456,611
846,1,434,648
871,3,409,689
877,1,403,719
880,3,400,717
923,3,357,717
945,3,335,717
982,6,298,714
973,40,307,680
967,31,313,689
945,59,335,640
976,87,304,618
998,81,282,603
995,65,285,581
995,59,285,581
1032,65,248,634
1041,59,239,661
1066,50,214,670
1100,47,180,673
1093,40,187,680
1066,3,214,717
1072,25,208,659
1072,6,208,646
1063,3,217,717
1063,10,217,710
1059,1,221,719
1075,3,205,717
1066,13,214,707
1038,6,242,699
1050,1,230,698
1056,10,224,560
1029,1,251,608
1038,3,242,612
1013,10,267,612
1022,10,258,625
991,3,289,578
970,3,310,557
967,1,313,537
954,1,326,519
948,1,332,519
954,6,326,510
951,3,329,547
933,3,347,566
902,3,378,597
908,1,372,608
889,3,391,612
908,10,372,594
862,6,418,575
831,3,449,553
818,1,462,549
874,3,406,535
883,1,397,528
846,10,434,507
834,16,446,532
831,1,449,550
840,6,440,550
828,6,452,532
818,3,462,516
787,6,493,495
800,3,480,498
769,3,511,498
753,3,527,526
750,3,530,532
744,1,536,546
726,1,554,537
704,1,576,522
704,3,576,516
695,1,585,519
692,3,588,492
685,16,595,473
676,22,604,461
670,16,610,473
679,28,601,430
658,22,622,430
664,19,616,427
658,6,615,430
685,3,595,433
676,6,604,420
692,25,588,402
688,22,592,408
695,25,585,402
695,31,578,430
692,37,569,436
698,25,560,448
692,37,578,445
701,56,579,436
688,65,581,430
698,90,582,399
698,84,569,417
688,102,560,402
673,130,560,368
676,143,544,352
661,136,535,343
667,139,541,352
661,130,544,352
682,121,504,368
685,112,473,383
661,118,482,365
651,121,513,362
673,127,461,337
676,115,479,343
670,124,454,340
661,127,454,325
664,112,442,365
682,99,433,356
670,87,433,368
679,81,396,368
713,90,405,352
710,78,408,371
732,78,380,365
710,65,399,359
722,65,390,365
722,71,390,365
716,71,386,365
738,65,374,405
747,78,386,380
775,68,368,396
784,84,349,390
766,67,369,406
741,75,362,390
719,93,371,377
732,90,377,374
719,81,390,408
719,68,377,433
729,81,346,436
726,68,346,461
698,78,374,433
676,68,365,420
679,90,365,414
682,71,374,439
673,81,383,390
658,84,343,393
667,81,340,442
679,87,337,430
692,68,337,439
664,59,359,436
633,40,371,433
627,68,380,402
617,56,377,420
586,56,386,411
568,65,390,383
565,62,386,420
537,56,408,464
549,25,380,501
537,37,399,489
521,40,399,482
500,47,408,464
491,59,399,458
497,50,411,476
453,65,414,442
453,71,420,439
457,71,411,436
432,78,390,442
438,84,396,445
435,81,408,427
457,75,411,427
466,78,396,445
484,78,380,439
484,93,380,427
506,96,380,430
509,99,390,424
515,99,377,408
509,102,383,396
512,90,380,427
512,84,383,439
515,90,396,479
515,93,380,436
521,87,377,451
528,84,377,461
512,90,380,414
500,93,396,396
469,75,402,393
469,65,390,390
469,62,393,417
466,56,405,396
466,62,371,374
441,75,365,322
426,71,390,288
426,68,377,291
373,65,393,278
342,65,393,272
336,78,365,405
293,84,368,380
293,78,380,393
252,56,390,402
215,47,396,405
206,34,417,390
172,34,411,377
172,28,414,383
188,22,386,399
203,3,390,414
169,3,380,433
150,3,371,442
141,1,386,435
178,6,349,399
172,1,362,444
154,3,346,433
172,10,359,448
147,6,362,458
154,22,343,445
150,34,331,473
163,37,334,519
141,31,334,532
160,37,303,532
163,40,312,504
209,25,275,501
191,28,284,495
139,22,290,492
134,30,293,511
139,35,304,492
139,49,282,503
150,86,258,471
174,92,229,508
169,86,269,527
190,92,266,524
230,78,277,567
247,65,226,514
247,65,269,508
244,65,264,495
268,38,264,511
249,38,290,495
263,46,258,476
247,38,290,506
247,30,277,497
228,41,320,519
230,32,282,575
222,41,272,543
241,19,285,530
247,19,290,535
252,27,296,541
230,41,320,527
247,54,282,492
233,57,301,481
247,54,290,492
228,38,288,476
228,27,277,497
238,32,277,476
241,11,255,519
230,27,272,495
228,27,274,495
233,27,301,495
247,41,290,452
252,35,290,436
241,32,312,468
244,22,317,436
230,16,317,446
225,6,304,452
222,6,304,449
214,6,298,436
206,6,282,463
206,3,269,519
201,57,266,446
236,8,258,481
238,19,250,457
247,22,266,454
238,19,261,465
228,41,280,449
241,32,237,436
225,43,247,425
206,46,282,395
201,41,307,436
209,65,290,419
225,67,285,430
214,67,304,436
217,84,328,422
230,81,347,401
217,73,360,398
195,62,374,390
201,46,371,403
190,35,352,398
182,24,385,401
174,22,382,422
147,27,390,422
152,24,387,419
123,51,401,425
109,86,409,428
115,127,395,419
117,148,387,406
104,145,403,403
104,143,409,385
85,145,436,385
91,135,403,374
96,121,439,362
84,133,451,362
76,141,451,358
63,157,459,349
80,165,451,354
88,178,451,345
88,178,443,345
96,178,435,341
137,182,402,329
112,178,414,321
112,178,390,313
137,165,358,321
141,161,358,309
153,149,333,293
161,133,325,337
165,145,345,309
173,145,321,301
170,129,327,324
185,144,324,314
198,157,327,304
205,162,329,317
210,164,327,314
221,172,329,309
241,167,314,312
263,167,309,319
268,182,322,304
273,184,312,309
288,192,319,307
291,200,345,309
286,200,350,319
291,189,355,309
288,187,355,327
283,167,342,322
263,149,345,345
251,142,375,342
263,144,360,352
271,154,367,334
253,142,377,355
251,114,375,372
246,124,375,360
228,109,382,370
223,114,385,380
228,107,387,377
228,124,377,370
216,119,385,382
195,112,395,402
190,107,407,392
183,127,390,370
168,144,395,365
168,164,390,360
170,142,397,385
183,134,387,402
140,142,407,390
140,152,408,372
133,162,412,362
122,157,425,385
110,162,455,367
133,154,450,375
140,147,440,380
117,137,438,377
120,134,438,382
102,119,473,377
102,119,468,367
107,119,465,382
100,127,460,367
107,119,470,382
102,119,480,395
100,129,488,380
110,134,498,375
115,144,485,375
115,144,485,382
133,162,483,367
120,154,505,377
153,157,480,375
127,149,505,410
133,152,505,395
143,162,510,382
173,144,480,392
158,129,483,410
148,101,495,430
143,99,495,422
145,51,470,480
120,24,551,505
120,1,521,538
97,1,541,530
107,3,526,528
67,1,553,551
42,8,541,553
24,6,563,596
39,1,513,611
47,8,513,599
92,69,473,571
122,107,455,609
190,157,405,543
238,207,380,495
226,207,400,500
233,262,410,443
281,285,395,435
296,275,324,445
306,278,317,442
288,265,342,455
286,265,339,455
266,267,324,453
258,260,360,460
246,257,387,463
248,260,382,460
228,257,428,463
231,252,475,468
251,255,498,465
208,240,513,480
218,237,498,483
155,237,531,483
107,232,593,488
62,215,656,505
7,217,709,503
1,217,703,503
1,217,690,503
4,250,697,470
4,283,742,437
4,270,727,450
2,285,742,435
4,242,664,478
2,240,659,480
2,215,666,505
1,192,664,528
1,205,652,515
2,205,661,515
14,205,644,515
4,189,669,531
1,189,675,531
4,187,669,533
7,192,661,528
4,205,669,515
9,205,671,515
7,195,666,525
2,205,684,515
2,195,666,525
1,184,670,536
9,207,687,513
1,205,702,515
4,189,689,531
4,205,712,515
7,212,722,508
17,237,734,483
14,220,762,500
12,247,762,473
4,270,802,450
9,272,782,448
4,275,807,445
7,280,767,440
17,280,749,440
7,290,752,430
4,242,754,478
2,255,754,465
1,227,722,493
2,237,749,483
1,197,703,523
4,187,694,533
4,192,724,528
2,167,727,553
1,169,730,551
2,169,737,551
7,184,744,536
7,179,744,541
2,172,749,548
1,164,760,556
1,134,766,586
2,129,770,591
7,124,767,596
2,119,797,601
4,112,790,608
1,114,783,606
2,129,785,591
4,139,785,581
7,124,805,596
4,134,817,586
2,122,840,598
34,137,825,583
82,142,805,578
110,134,802,586
115,144,797,576
153,144,782,576
195,142,759,578
208,129,747,591
218,119,757,601
216,119,762,601
236,109,749,611
238,107,742,613
241,94,732,626
246,101,727,619
246,107,724,613
238,96,724,624
243,91,709,629
251,86,699,634
236,96,712,624
248,96,699,624
258,101,687,619
261,91,684,629
291,107,651,613
283,107,651,613
283,112,664,608
301,112,631,608
301,109,609,611
319,119,568,601
324,132,558,588
326,132,573,588
339,139,561,581
349,139,556,581
366,147,556,573
371,152,553,568
371,142,546,578
371,152,551,568
389,157,546,563
404,174,528,546
412,179,533,541
409,179,531,541
412,179,536,541
414,184,523,536
432,174,513,546
439,174,505,538
432,174,505,546
449,177,480,543
439,189,485,531
452,195,460,525
444,174,460,546
449,179,458,541
457,182,448,538
477,179,438,541
500,189,400,531
505,197,387,523
507,184,382,536
500,197,382,523
512,197,350,523
535,197,322,523
525,189,327,531
532,192,314,528
535,212,312,508
527,217,307,503
532,215,294,505
522,205,314,515
537,230,289,490
522,235,302,485
515,242,299,478
522,237,289,483
517,252,289,468
520,252,297,468
507,250,309,470
507,257,312,463
517,257,299,463
502,257,314,463
510,252,302,468
520,262,277,458
520,267,282,450
525,260,272,460
530,272,246,448
522,260,262,460
522,265,259,455
520,261,264,459
518,257,269,463
513,248,280,472
513,248,280,472
510,244,286,476
507,244,295,476
486,259,349,461
483,255,356,465
483,255,356,465
480,251,363,469
462,247,400,473
458,243,408,477
454,258,413,462
454,258,413,462
450,254,421,466
437,250,429,470
424,246,438,474
420,251,429,465
407,251,455,465
402,251,464,465
398,266,473,454
384,271,482,444
379,267,473,453
379,267,473,453
365,263,482,457
355,259,482,461
341,250,491,470
341,246,491,474
331,264,491,455
341,264,471,456
327,255,480,465
317,251,480,469
302,247,490,473
302,247,490,473
302,247,490,473
287,243,500,477
277,243,500,477
255,243,500,477
255,243,500,477
248,238,510,482
241,233,520,487
218,233,520,487
223,233,510,487
223,233,510,487
215,233,500,487
202,228,500,492
245,228,452,492
245,228,452,492
250,233,443,482
233,207,434,512
202,191,452,529
224,191,409,529
224,186,409,534
240,191,377,524
247,191,362,524
251,196,355,514
237,196,355,514
237,196,355,514
237,196,355,514
237,196,355,514
237,196,355,514
241,191,362,524
241,191,362,524
246,196,408,514
228,201,459,519
246,196,468,524
224,196,517,524
224,196,517,524
209,201,571,514
214,212,631,504
202,202,656,518
189,192,683,528
189,192,683,528
153,192,754,528
153,218,754,502
138,218,784,502
106,223,816,497
106,223,816,497
90,239,849,481
82,260,866,460
100,267,883,453
90,284,919,436
108,284,919,436
96,289,956,427
94,289,975,427
100,305,1014,411
130,325,1015,387
130,325,1015,387
136,303,1015,417
141,285,1056,434
154,260,1034,460
149,260,1055,460
149,260,1055,460
181,265,1055,451
155,247,1076,473
191,243,1055,477
175,243,1098,477
175,243,1098,477
190,248,1076,468
174,253,1106,459
200,288,1063,432
215,296,1065,424
215,296,1065,424
226,309,1044,411
194,301,1065,419
226,310,1045,410
205,314,1046,402
205,314,1046,402
205,314,1046,402
205,338,1046,382
216,342,1025,375
226,378,1005,342
226,378,1005,342
216,392,1025,328
256,395,946,322
266,392,927,328
266,405,891,315
266,405,891,315
275,408,874,309
275,420,874,297
267,423,857,291
267,423,857,291
267,423,857,291
276,426,840,285
284,429,824,279
292,443,808,274
292,443,808,274
308,443,776,274
308,443,776,274
308,443,776,274
316,441,761,279
286,437,761,279
286,437,761,279
294,436,746,284
302,428,730,292
309,411,716,309
302,408,730,312
302,408,730,312
291,405,701,315
299,381,686,339
299,381,686,339
293,374,672,346
293,374,672,346
293,374,672,346
293,381,672,332
301,388,658,332
302,385,658,335
302,385,658,335
329,378,632,342
354,378,607,342
354,378,607,342
371,375,619,345
371,375,619,345
359,375,619,345
359,375,619,345
353,372,631,348
353,372,631,348
384,372,594,348
414,369,559,351
420,355,570,358
409,348,593,372
432,321,546,395
432,336,546,379
443,328,525,392
428,324,515,396
423,320,525,400
433,328,505,384
433,328,505,384
418,324,475,392
418,312,466,400
393,308,475,408
391,308,456,408
391,308,456,408
391,308,447,408
381,308,447,408
377,304,447,416
385,308,447,408
385,308,429,408
404,308,404,408
420,316,397,392
434,320,397,400
459,324,389,392
450,324,405,392
481,320,405,400
498,316,405,404
514,304,397,416
524,288,396,432
524,287,396,433
524,287,389,433
521,265,396,455
537,252,389,468
534,248,396,472
534,248,396,472
529,235,388,482
539,225,381,495
525,220,388,500
533,210,373,510
521,210,380,510
513,210,380,510
497,201,380,519
493,201,373,519
485,196,380,524
485,206,380,514
481,201,373,514
481,201,365,514
481,201,351,514
485,206,351,514
477,206,358,514
490,212,344,508
507,212,323,508
512,207,316,513
515,208,309,512
515,208,309,512
523,208,303,512
538,208,285,512
555,208,274,512
567,208,268,512
567,198,268,522
574,198,279,522
605,198,258,522
626,203,247,512
665,208,248,512
665,208,243,512
679,198,248,522
679,198,243,522
686,187,243,533
685,179,252,541
685,168,257,552
684,163,262,557
696,153,262,567
696,141,262,579
696,141,262,579
696,141,262,579
713,135,262,585
710,129,268,591
707,123,268,597
723,130,257,590
716,130,268,590
733,137,252,583
721,156,263,564
729,161,263,559
727,157,263,563
733,157,263,563
700,162,268,558
702,155,268,565
698,132,297,588
695,126,309,594
695,126,297,594
692,120,303,600
709,114,296,606
699,108,314,612
696,115,321,605
696,115,321,605
709,128,327,592
716,128,340,592
722,136,347,584
715,148,361,572
715,148,361,572
711,160,369,560
717,172,392,548
726,166,408,554
717,166,416,554
726,166,407,554
722,166,407,554
705,166,432,554
709,160,450,560
705,160,450,560
705,160,450,560
697,154,449,566
671,171,449,549
663,187,449,533
655,200,439,520
655,200,439,520
637,211,447,509
629,232,456,488
620,245,475,475
611,275,465,445
611,266,474,454
596,272,494,448
591,263,504,457
576,246,524,474
576,246,524,474
576,246,524,474
576,246,524,474
571,251,514,465
566,256,524,464
561,262,534,458
561,262,534,458
550,273,534,447
550,283,534,437
539,283,556,437
540,302,555,418
540,302,555,418
535,306,566,414
536,318,566,402
536,326,566,394
525,334,566,386
525,326,566,394
520,330,565,390
503,326,566,394
492,319,565,401
492,327,565,393
492,312,565,408
473,311,566,409
461,304,565,416
455,292,576,428
455,292,576,428
443,292,576,428
431,292,576,418
414,288,576,432
409,293,576,427
409,293,576,427
398,275,576,445
398,260,587,460
377,246,611,474
378,227,599,493
378,227,611,493
360,198,597,511
378,182,574,512
372,147,598,543
360,158,586,511
360,158,574,511
354,153,586,511
354,153,586,501
354,147,586,500
354,147,586,501
354,147,586,501
342,137,586,521
311,111,597,531
305,106,598,521
293,96,610,521
293,96,610,521
299,91,597,531
281,81,609,552
275,71,621,552
250,71,620,551
250,71,620,551
250,60,620,573
244,61,632,572
238,56,644,583
232,68,658,583
232,68,658,583
226,64,670,607
226,76,698,594
219,57,698,606
213,51,711,631
213,51,711,631
213,31,711,657
206,38,726,643
184,25,741,670
184,25,756,670
184,25,756,670
199,25,741,656
185,19,770,630
201,19,755,643
185,19,770,643
185,19,770,643
185,19,770,643
177,12,786,656
169,19,785,643
127,19,818,643
143,5,802,656
127,19,818,656
143,19,786,656
94,33,817,630
77,33,834,656
77,33,834,669
60,33,851,669
44,19,867,683
35,33,867,669
35,19,867,669
35,19,867,669
35,19,867,669
35,5,816,669
53,5,800,656
72,1,768,661
72,1,768,661
80,1,767,653
72,1,783,653
106,1,737,653
63,1,753,687
79,1,738,693
94,1,724,707
63,1,738,715
53,1,738,719
53,1,723,719
53,1,723,719
47,1,723,719
47,1,723,719
47,1,695,693
54,1,695,660
82,1,667,660
74,1,666,667
97,1,653,654
116,1,639,659
95,1,651,665
111,1,626,665
105,1,639,652
113,1,639,658
127,1,626,671
85,1,666,658
113,1,639,671
106,1,652,665
92,1,679,678
71,1,706,672
71,1,692,699
71,1,692,713
1,1,748,713
1,1,748,713
1,1,748,713
1,1,750,713
1,1,750,713
1,1,736,719
1,1,736,719
9,8,721,705
1,1,711,719
1,1,711,719
1,1,711,719
1,1,685,719
1,1,685,719
27,1,685,719
1,1,698,719
1,1,698,719
1,1,672,719
1,1,677,719
1,1,696,719
1,1,696,719
1,1,696,719
1,1,696,719
1,1,696,719
1,1,703,719
1,1,703,719
1,1,703,719
1,1,703,719
1,1,703,719
1,1,703,719
1,1,703,719
1,1,675,719
1,1,650,719
14,15,664,691
1,1,632,719
1,1,645,719
1,1,626,719
1,1,626,719
1,1,626,719
7,1,614,719
7,1,614,719
7,1,614,719
7,1,614,719
7,1,614,719
7,1,614,719
7,1,614,719
7,1,614,719
1,1,678,719
1,1,697,719
1,1,682,719
1,1,710,719
1,1,725,719
1,1,733,719
1,1,748,719
1,1,767,719
1,1,767,719
1,1,802,719
1,1,836,719
1,1,870,719
10,1,870,719
10,1,870,719
36,1,870,719
62,1,870,719
61,1,923,719
97,22,868,698
97,36,869,684
114,57,851,663
131,69,852,651
140,89,835,631
174,108,818,612
174,96,818,624
174,108,818,612
182,114,803,588
198,133,786,587
214,121,787,599
214,121,787,599
230,133,771,587
230,133,771,587
230,121,771,599
230,121,771,599
230,121,771,599
261,121,740,599
262,97,867,623
262,109,869,611
255,98,886,622
245,98,884,622
254,92,884,628
254,79,866,641
272,66,849,654
289,53,832,667
290,54,832,666
272,54,849,666
289,54,831,666
289,54,832,666
237,67,865,653
237,67,866,653
229,74,883,646
229,73,883,647
247,73,865,647
247,73,865,647
247,73,865,647
247,73,848,647
246,73,848,647
238,80,849,634
237,67,849,653
238,67,848,653
238,54,832,653
238,54,849,653
238,54,832,666
238,40,832,680
238,40,832,680
238,40,832,680
220,40,848,680
203,40,848,680
203,40,866,680
203,26,866,694
203,26,866,694
203,26,866,694
186,19,866,701
186,19,866,701
186,19,866,701
186,33,866,687
186,33,866,687
186,19,866,701
186,33,866,687
186,33,866,687
186,47,866,673
203,47,849,673
186,47,866,673
203,47,849,673
203,47,849,673
203,47,848,673
186,47,866,673
186,47,866,673
186,47,866,673
186,47,866,673
186,47,866,673
186,47,866,673
186,47,866,673
186,47,866,673
186,47,866,673
186,47,866,673
186,47,866,673
186,47,866,673
186,47,866,673
186,47,866,673
186,47,866,673
186,47,866,673
186,47,866,673
186,47,866,673
186,47,866,673
186,47,866,673
186,47,866,673
186,47,866,673
186,47,866,673
186,33,866,687
186,33,866,687
186,33,866,687
169,33,901,687
169,33,901,687
169,33,901,687
169,33,901,687
169,33,901,687
169,33,901,687
169,33,901,687
169,33,901,687
169,33,901,687
169,33,901,687
169,33,883,687
169,33,883,687
169,33,901,687
169,33,883,687
169,33,883,687
169,33,883,687
169,33,883,687
169,33,883,687
169,33,883,687
169,33,883,687
169,33,883,687
169,33,883,687
169,33,883,687
169,47,883,673
169,33,883,687
169,47,883,673
169,47,883,673
169,47,883,673
169,47,883,673
169,47,883,673
169,47,883,673
169,33,883,687
169,47,883,673
169,33,883,687
169,33,901,687
169,33,883,687
169,33,883,687
187,33,865,687
187,33,865,687
187,33,865,687
196,26,865,687
178,26,883,687
221,65,849,655
231,85,849,635
273,123,849,597
275,130,864,590
275,130,864,590
310,173,881,547
353,209,847,511
354,230,864,490
372,261,880,459
406,300,862,420
406,291,862,429
423,320,840,400
450,335,807,385
450,335,729,385
461,343,725,377
476,350,741,370
476,372,742,348
484,383,734,337
492,394,742,326
492,387,742,333
485,404,743,316
485,410,758,310
485,410,743,310
477,422,756,298
477,422,756,298
477,428,755,292
477,435,756,285
461,443,771,277
477,443,756,277
477,443,756,277
477,456,756,264
461,460,771,260
453,462,786,258
453,465,787,255
453,470,787,250
445,478,802,242
428,488,818,232
428,488,802,232
421,481,808,239
438,481,792,239
412,469,801,251
412,464,785,256
412,448,784,272
412,404,769,316
412,404,832,316
412,362,832,358
412,325,832,395
423,270,800,450
407,251,799,469
407,231,800,489
415,197,768,523
415,167,738,553
415,134,724,586
417,98,680,622
421,85,680,635
429,66,653,654
450,60,627,660
455,60,602,660
430,34,614,686
430,34,614,686
417,17,614,703
423,24,591,696
424,10,567,703
418,17,589,703
418,17,602,703
418,17,590,703
