34,130,114,84
34,127,117,89
28,127,125,89
25,129,129,87
25,132,134,85
25,133,138,85
26,133,142,88
25,136,147,94
20,137,157,92
19,139,164,89
16,144,171,87
12,145,180,87
9,145,186,89
15,144,185,96
7,143,195,101
4,142,201,101
2,142,205,100
1,143,211,99
4,143,213,99
3,146,218,95
10,144,213,108
13,143,213,108
14,144,217,108
14,144,221,98
15,143,221,98
14,141,225,98
13,139,225,102
14,140,224,101
18,143,219,102
21,146,213,101
26,149,206,100
28,149,198,99
30,149,194,101
34,146,193,102
40,145,187,107
46,146,181,112
56,140,172,122
61,138,166,127
67,135,162,131
69,132,161,134
76,133,155,133
87,133,141,132
105,132,121,131
107,132,120,130
112,131,113,120
116,130,107,119
124,129,95,122
126,126,86,126
128,125,81,128
131,125,76,127
131,125,75,126
138,125,71,125
141,123,70,124
149,123,64,123
154,123,57,122
155,123,56,115
160,127,50,107
161,128,47,105
164,129,47,103
166,129,47,103
165,129,49,102
162,127,53,105
161,127,58,105
158,127,62,103
156,127,67,101
154,130,71,97
152,132,79,85
146,132,94,85
146,131,94,85
144,130,96,78
143,129,98,78
136,128,104,73
135,127,107,74
131,127,106,74
123,127,106,74
123,127,105,73
118,128,96,73
119,130,95,72
114,128,89,71
115,129,87,71
111,127,89,63
110,126,89,63
108,125,89,63
104,126,94,62
102,124,94,62
102,124,89,62
101,125,86,61
101,125,86,61
97,126,90,61
97,126,90,61
98,126,87,61
98,125,86,55
99,124,85,58
98,124,85,58
100,125,90,57
101,122,93,63
98,123,102,66
99,123,101,66
101,123,95,66
100,123,95,66
101,124,91,65
101,124,83,64
100,121,81,69
99,121,83,71
98,121,83,73
95,121,86,73
94,122,85,73
90,124,88,73
88,126,87,73
88,128,86,70
86,136,85,62
86,135,88,62
85,134,87,61
86,133,82,69
86,132,68,69
85,132,67,70
91,131,53,70
94,130,43,72
95,127,42,73
97,128,40,71
99,127,39,70
100,128,38,65
102,132,38,59
105,135,32,56
105,136,32,56
105,136,32,56
100,138,37,57
96,138,41,55
93,136,47,59
93,130,47,66
92,126,47,72
91,122,47,76
92,119,43,80
92,118,38,80
89,117,43,80
82,120,50,77
76,122,61,75
69,125,69,68
66,128,72,63
64,134,76,53
61,137,77,48
60,137,76,47
58,137,77,51
56,136,81,52
55,135,81,55
54,134,79,55
53,133,79,54
51,130,82,59
53,129,80,59
54,128,80,58
55,128,79,58
55,128,81,59
56,127,79,58
57,129,79,56
57,128,78,56
57,129,78,56
57,130,78,56
58,131,79,52
58,131,81,51
59,132,81,50
60,134,82,48
58,134,85,47
59,136,86,45
59,137,85,44
59,137,84,46
63,137,82,45
66,139,80,43
66,139,81,42
66,138,80,41
66,138,80,44
71,138,74,46
72,140,73,45
73,140,73,45
76,140,74,45
83,140,67,44
88,141,64,44
90,141,64,46
91,143,65,44
93,142,66,46
94,143,66,45
95,143,69,45
97,143,70,45
96,143,70,44
98,144,72,44
99,143,73,46
99,143,75,49
96,143,78,49
105,143,70,49
106,144,71,49
107,145,71,49
107,144,71,49
109,145,70,49
109,145,71,49
110,147,70,49
108,148,75,50
108,148,76,50
104,147,82,50
103,147,83,50
101,147,86,53
101,146,85,53
100,147,84,52
98,145,86,53
99,142,83,53
103,140,77,57
105,139,77,56
106,139,75,56
104,140,77,49
106,139,74,47
111,137,68,47
115,136,61,50
113,134,60,51
114,135,60,51
114,133,58,51
115,134,56,59
121,134,48,52
123,134,45,51
124,130,46,56
124,130,47,62
125,129,45,64
125,123,45,69
126,120,55,76
129,121,55,80
123,118,59,84
119,115,66,82
123,114,61,82
116,111,70,84
118,109,70,98
115,110,78,115
111,112,85,109
104,114,103,103
96,104,120,134
91,102,133,134
92,99,143,133
92,100,153,133
90,97,166,158
90,97,180,168
89,98,181,173
82,96,188,180
77,96,193,183
76,103,194,180
79,109,191,179
75,110,195,184
74,110,195,184
71,108,199,184
67,103,203,197
69,95,201,196
72,80,198,223
73,89,197,223
72,90,198,229
73,89,197,235
73,85,197,246
70,80,200,249
68,77,202,242
76,75,194,241
76,74,193,251
94,73,176,259
96,75,174,275
92,79,178,281
94,83,176,277
96,90,174,270
98,103,172,257
98,103,172,255
90,106,179,254
86,107,155,244
86,107,143,239
85,108,125,238
87,108,123,237
85,106,118,219
84,104,115,226
83,106,112,227
86,107,105,225
86,108,92,219
83,111,84,206
80,112,76,193
78,113,71,186
72,114,65,178
67,112,63,172
63,110,60,172
59,108,66,173
54,107,69,168
41,107,83,165
39,106,85,164
42,107,87,158
36,117,95,137
28,116,106,137
28,115,112,124
24,114,113,123
22,112,116,123
22,114,118,111
22,117,118,111
21,117,119,111
21,113,120,114
26,113,117,114
32,115,112,106
35,117,110,99
34,122,110,91
36,124,110,88
38,125,110,87
39,125,110,87
38,124,110,87
37,122,110,87
36,118,111,91
35,118,112,91
34,117,112,91
33,117,115,91
33,116,117,84
33,116,117,84
33,115,121,84
33,117,120,83
33,116,120,83
33,116,123,78
33,115,123,78
34,123,125,70
36,122,124,69
38,121,124,69
38,123,123,68
43,126,122,67
47,126,121,66
49,127,120,65
54,129,115,61
56,130,114,60
59,130,113,59
65,132,109,58
65,132,108,57
66,132,107,56
67,132,106,59
66,132,105,58
64,132,107,58
66,131,104,60
65,130,103,59
65,129,102,61
69,128,95,63
71,128,83,62
70,131,82,59
69,131,82,59
68,133,82,59
68,132,84,61
67,131,83,60
74,130,71,59
73,129,70,58
79,129,63,57
78,129,62,62
86,130,55,61
86,130,54,61
86,130,54,61
86,130,54,61
88,130,54,61
88,130,54,61
88,130,54,61
88,130,54,61
87,130,60,60
89,131,59,59
89,132,59,59
88,127,62,76
87,127,62,76
87,127,66,76
87,128,66,76
92,128,60,76
92,127,59,75
92,127,58,74
97,128,58,74
100,128,54,74
100,128,53,73
100,130,53,73
99,132,53,73
98,129,53,73
97,129,53,73
96,130,53,73
95,130,58,73
94,130,59,72
93,129,58,75
92,128,60,74
94,127,59,73
93,126,58,72
92,125,57,76
91,127,57,76
93,126,59,76
94,125,58,75
93,125,57,77
93,128,56,76
93,130,55,75
93,130,55,75
92,132,55,75
91,131,55,75
91,129,54,74
91,130,53,73
90,132,52,72
93,131,48,72
93,131,47,71
93,130,46,74
96,132,48,70
96,132,47,69
97,132,46,68
96,131,45,72
91,130,54,74
91,129,53,73
90,128,52,72
89,127,47,71
86,127,53,77
86,126,52,76
99,125,38,78
99,126,37,77
102,127,36,76
101,128,35,75
100,128,34,74
99,129,33,73
99,129,32,72
101,128,31,71
100,129,30,70
93,128,44,69
92,127,43,57
91,126,43,57
90,127,43,57
89,129,43,57
90,128,43,62
89,127,43,62
88,129,43,62
90,131,42,61
89,132,42,61
89,132,41,60
90,131,41,60
89,130,41,60
80,129,56,62
79,128,55,61
78,129,55,61
78,128,57,61
77,127,57,63
78,127,56,55
81,127,55,54
81,126,54,55
88,125,54,57
87,124,54,57
90,125,53,53
90,125,52,52
90,126,51,51
90,125,51,51
90,124,38,51
90,123,38,51
90,122,38,51
90,121,38,51
90,122,38,51
90,124,38,64
90,123,38,64
90,122,38,64
90,121,41,63
90,123,40,64
91,123,45,63
91,123,47,62
96,125,43,62
97,124,42,61
95,123,48,60
95,123,48,62
93,123,52,62
94,123,52,62
91,123,56,62
90,123,62,62
90,123,68,65
87,123,75,65
87,123,75,65
87,123,80,65
87,123,80,65
87,126,79,64
88,126,82,64
87,125,84,63
87,124,85,62
87,126,84,61
87,125,92,61
84,127,92,61
83,127,100,61
82,127,99,60
82,126,99,60
89,125,93,59
89,125,93,59
90,126,92,64
90,126,94,63
90,126,93,62
90,126,94,62
86,126,97,61
86,126,96,65
85,126,95,64
87,129,91,63
88,130,90,62
98,131,89,61
98,131,88,63
101,131,78,62
106,129,69,65
105,130,68,64
107,131,64,63
109,133,63,58
113,130,58,60
116,129,58,58
118,128,54,57
121,127,54,44
120,126,54,44
119,125,54,44
128,125,43,44
127,128,43,44
127,128,52,44
127,127,52,48
133,127,48,48
133,127,48,48
135,128,43,47
134,128,43,47
134,130,42,46
133,132,48,42
130,130,47,44
129,128,47,44
130,127,51,43
132,125,53,42
131,125,57,42
135,125,59,41
135,123,64,45
135,122,68,45
135,122,69,40
133,122,66,39
132,123,60,38
131,123,53,40
130,122,53,40
132,121,47,40
132,120,45,40
134,121,44,36
134,121,46,48
133,120,49,48
133,119,52,51
133,120,52,51
133,121,54,51
133,122,54,51
133,126,54,50
132,126,55,52
134,127,51,48
133,125,53,51
135,125,52,50
134,124,52,50
134,124,53,51
136,126,57,52
136,126,56,50
135,125,61,52
135,125,63,51
135,124,65,51
136,122,67,51
135,124,68,52
134,125,69,51
133,126,70,52
132,126,69,51
134,125,66,50
133,124,65,53
131,125,64,52
132,126,58,54
133,126,52,53
132,125,48,53
131,125,50,53
133,126,47,53
132,126,47,54
132,127,47,53
131,127,48,53
131,127,48,53
131,127,48,54
133,127,45,53
132,127,46,53
132,127,47,54
132,126,47,55
134,127,44,53
134,127,43,53
135,126,43,54
133,126,45,55
130,128,46,54
129,128,46,35
130,128,44,35
129,127,46,34
128,128,46,34
127,128,46,34
126,128,46,34
126,129,45,34
126,129,44,33
125,128,44,32
125,128,45,31
124,128,45,31
125,128,44,31
125,129,42,33
125,129,43,38
125,129,42,31
125,129,41,30
125,129,42,33
126,131,41,32
127,130,40,31
127,130,40,30
127,130,39,29
130,130,38,28
130,130,37,27
129,130,36,29
129,130,35,33
129,130,34,32
130,129,33,34
129,131,34,35
128,131,33,34
130,131,31,33
129,133,28,32
128,132,29,30
128,132,28,29
122,131,33,51
122,131,32,50
121,131,31,49
119,134,36,48
118,133,35,49
117,133,34,50
116,133,38,49
115,134,39,50
113,134,39,50
112,133,39,52
111,132,39,52
111,132,39,52
111,132,38,51
111,132,44,50
110,134,47,49
109,135,52,48
108,135,57,48
108,135,63,49
108,135,67,65
109,135,67,65
106,135,69,65
107,135,69,65
107,134,69,66
107,133,70,68
111,132,68,68
111,133,68,68
108,133,71,66
106,132,73,63
101,134,77,60
99,134,80,62
98,135,80,59
93,136,84,57
91,136,83,56
86,135,82,60
84,134,82,58
83,135,81,57
81,136,80,55
80,136,80,56
79,136,79,55
78,136,78,56
80,136,77,56
81,136,73,55
85,136,72,54
85,136,71,53
89,136,69,55
98,136,62,55
99,136,61,55
101,136,60,54
102,136,59,55
103,136,62,56
103,136,64,55
102,137,65,60
102,137,64,59
100,138,66,57
100,138,65,56
101,138,65,55
101,137,65,57
108,138,56,57
111,137,56,57
113,135,54,57
114,133,54,56
115,132,54,54
117,132,54,54
116,132,54,52
118,130,50,52
118,128,50,52
128,127,46,49
129,126,48,49
129,126,50,46
131,126,47,35
130,125,46,44
130,126,42,44
130,126,42,44
130,126,42,44
128,126,44,44
128,126,43,48
128,127,43,48
128,127,48,47
128,127,48,53
127,127,51,58
123,129,54,58
123,129,57,60
119,129,60,60
118,130,64,60
117,132,64,58
114,132,67,57
115,133,66,56
113,136,67,55
112,135,66,55
111,136,64,54
108,138,63,53
112,139,62,52
114,140,57,51
116,140,56,50
120,141,52,49
125,139,46,49
125,139,45,48
126,140,44,47
126,141,52,51
124,142,56,50
118,143,58,56
119,143,57,56
116,144,62,56
115,144,62,58
114,143,63,59
113,142,62,58
116,141,59,58
121,140,58,48
126,138,48,48
129,135,44,40
128,132,43,39
127,131,42,38
127,129,44,38
124,131,43,37
121,128,42,40
121,127,41,37
119,126,41,40
118,126,41,40
117,125,44,43
117,125,43,44
117,126,42,46
119,127,41,45
108,127,54,63
107,129,61,62
107,127,70,64
107,127,74,64
108,126,78,67
108,126,77,66
109,125,81,69
111,126,85,85
108,127,100,84
106,126,109,84
104,126,111,86
102,125,112,86
102,124,112,87
99,125,113,83
98,127,113,86
88,125,123,90
85,124,123,90
82,122,126,89
80,115,126,95
78,114,127,95
74,113,128,95
73,111,128,100
72,110,128,104
70,109,128,104
68,109,128,104
67,108,128,102
77,107,118,102
76,106,117,101
74,106,127,100
73,106,130,98
72,114,132,91
72,113,129,91
71,111,129,91
70,110,132,90
65,111,135,89
63,110,135,84
61,109,134,83
61,109,133,82
63,106,130,91
65,105,128,91
65,104,128,91
69,104,123,90
68,104,122,92
76,104,111,91
80,104,101,90
83,105,94,95
83,104,94,95
87,106,89,97
94,107,81,102
99,105,75,107
110,106,61,103
108,108,65,110
116,104,58,120
114,104,63,124
113,106,66,124
100,106,82,123
91,104,90,143
82,102,102,142
74,102,122,147
63,103,142,147
62,102,148,157
57,101,166,165
50,115,182,160
43,126,199,157
33,129,224,158
32,131,231,158
28,135,242,156
20,143,250,150
15,147,255,146
14,147,256,151
3,147,267,146
1,147,269,156
1,145,269,160
1,141,269,160
1,139,269,169
1,139,269,178
1,140,269,184
1,140,269,188
1,138,269,194
1,136,269,198
1,135,269,212
1,135,269,217
21,139,249,221
37,134,233,226
48,136,222,224
49,138,221,222
50,140,220,220
51,141,219,218
50,144,219,216
56,142,214,218
58,144,212,216
60,145,210,215
62,141,208,219
70,137,188,218
68,132,182,216
70,128,171,214
77,129,150,211
80,129,147,208
82,129,136,204
83,131,128,195
84,131,121,181
87,130,114,168
91,131,103,165
94,130,96,162
94,128,96,162
95,126,93,160
92,127,95,154
93,128,94,153
96,131,92,152
98,134,89,151
99,137,86,140
100,136,70,133
96,137,52,126
96,138,50,129
96,139,50,128
98,140,48,123
98,140,47,122
96,139,47,122
94,140,47,115
92,140,47,118
90,140,47,118
88,143,50,113
90,144,47,112
88,145,50,108
85,145,53,103
84,144,55,101
83,143,55,104
81,143,55,106
80,143,55,106
79,143,57,106
78,142,57,106
72,142,63,106
71,142,65,102
69,145,70,98
67,147,69,95
64,146,74,94
62,146,78,93
60,145,81,93
54,143,89,92
48,142,95,91
42,142,101,88
38,143,106,88
33,143,115,86
33,142,115,77
32,142,117,77
28,144,122,73
28,147,122,73
30,148,124,70
34,148,121,70
33,146,121,68
32,144,123,68
27,143,129,72
26,141,130,74
32,141,125,73
32,140,128,73
35,138,126,72
39,139,123,71
39,138,123,68
45,140,123,60
52,140,117,59
55,143,117,60
55,143,117,60
57,144,115,60
57,146,119,59
58,146,118,59
58,146,118,55
59,146,118,55
61,146,117,57
62,148,120,54
63,148,124,54
64,148,123,54
67,147,123,54
66,146,123,53
69,147,122,52
69,147,124,52
70,149,123,52
78,150,117,52
80,151,120,50
82,150,120,50
90,149,113,53
90,149,116,53
82,149,126,53
81,150,127,53
80,151,129,53
80,151,127,53
79,151,129,53
80,152,125,49
79,153,125,49
80,154,125,46
84,153,121,46
87,153,121,56
85,152,122,55
85,151,121,54
84,151,120,51
83,150,120,51
82,149,119,50
83,148,120,50
82,147,120,53
85,146,119,52
88,146,116,53
95,145,112,56
101,142,109,63
104,140,104,62
105,139,103,61
106,138,100,61
108,137,97,61
108,133,96,58
109,130,95,62
109,129,94,66
109,128,97,68
114,128,94,68
117,129,92,66
119,126,93,69
119,126,93,68
117,123,99,75
118,118,98,80
117,113,102,79
117,109,102,77
120,106,96,78
123,102,99,85
125,100,99,89
125,99,88,91
125,99,84,92
127,95,83,91
131,87,68,102
125,80,71,112
119,75,80,116
120,69,77,118
118,65,77,126
113,62,84,131
105,59,93,144
98,58,96,153
104,58,98,153
115,59,99,152
127,57,99,158
123,39,110,176
133,28,106,175
160,1,110,177
195,1,75,166
228,1,42,165
242,4,28,191
242,3,28,202
244,8,27,203
220,28,50,192
193,15,77,195
178,1,92,196
161,1,109,230
158,1,112,257
175,11,95,235
205,70,65,148
193,56,77,148
141,11,129,296
87,1,183,295
87,1,182,293
90,1,180,292
89,1,181,292
55,9,215,292
44,36,226,289
39,27,231,286
37,55,233,273
29,71,241,255
1,79,269,254
1,101,269,232
1,100,268,231
1,97,269,230
1,98,269,229
1,100,269,228
1,72,269,261
13,60,257,273
14,42,256,284
16,41,254,267
13,56,257,246
3,71,267,234
6,83,256,219
17,94,225,194
35,100,209,180
47,103,198,173
51,99,191,176
57,95,181,175
65,91,163,185
68,86,150,191
63,86,144,196
72,87,122,195
64,90,112,192
58,91,75,190
55,103,74,168
53,111,66,142
47,110,65,129
48,108,54,129
36,101,64,124
31,96,69,130
23,93,78,136
22,93,84,142
28,93,88,144
25,93,92,137
18,96,94,131
19,98,98,118
19,98,97,117
23,95,101,115
24,94,107,108
21,96,110,104
17,96,118,102
17,97,121,97
15,98,125,101
23,99,119,98
34,98,113,93
39,97,114,87
40,94,115,80
41,91,116,81
42,89,118,84
48,89,115,84
51,88,114,86
53,90,113,88
55,91,115,90
56,91,117,87
58,90,120,81
61,89,119,79
63,91,121,76
62,92,121,70
63,94,123,64
63,95,120,64
62,94,121,63
57,91,128,58
55,90,132,57
69,90,122,57
84,90,110,62
81,91,114,62
81,93,113,61
81,94,114,60
81,93,112,60
80,88,111,58
81,85,108,58
80,85,108,57
77,83,108,64
77,82,108,64
79,82,108,69
87,82,102,69
85,85,106,68
90,86,101,62
90,86,100,61
89,86,102,60
89,85,104,60
89,84,103,61
87,82,103,63
85,82,104,62
88,82,102,63
88,82,102,66
92,85,97,65
96,88,93,61
109,89,85,65
112,91,82,61
114,92,79,60
114,89,78,60
111,89,79,59
111,88,80,66
109,87,81,64
110,86,74,67
110,87,73,65
111,87,70,64
112,88,69,54
114,88,64,53
116,84,63,52
115,81,62,51
120,79,61,50
120,78,60,49
119,78,59,51
123,79,54,54
127,78,55,57
131,79,54,56
135,79,50,56
140,77,44,56
142,75,42,55
142,70,61,87
138,66,64,92
139,62,66,109
140,59,72,110
140,58,75,117
137,59,81,120
129,61,91,120
122,64,102,116
120,65,113,116
118,67,116,114
118,67,124,114
116,62,136,124
114,61,145,106
115,62,155,113
114,64,156,114
113,69,157,141
110,72,160,142
104,77,166,136
102,79,168,134
101,80,169,138
100,81,170,144
95,83,175,147
91,84,179,146
89,84,181,146
87,84,183,148
86,82,184,164
87,83,183,164
89,86,181,165
98,90,172,166
101,91,169,161
107,91,163,162
109,94,161,159
108,95,162,165
109,96,161,175
110,97,160,174
111,99,159,155
110,100,158,154
109,99,161,153
108,98,162,152
105,97,165,152
102,97,168,158
99,97,171,162
100,98,170,162
99,97,171,165
97,97,173,165
94,95,176,170
92,100,178,170
87,100,183,169
83,99,187,173
84,98,186,188
88,99,182,186
88,99,182,192
84,98,186,198
85,96,185,198
82,93,178,197
82,91,171,189
84,90,158,185
83,92,153,175
81,94,150,169
79,95,147,166
78,95,143,164
78,94,135,164
76,93,131,160
74,92,122,156
74,93,117,145
77,92,107,145
78,89,101,148
80,86,82,145
84,83,68,136
81,81,70,130
85,80,63,125
85,79,60,122
84,78,59,121
83,76,60,126
83,75,57,124
83,74,55,122
80,74,55,120
79,74,55,120
78,74,55,110
78,73,49,110
77,72,49,110
76,71,48,109
77,71,41,109
76,73,41,103
73,75,47,98
72,77,49,94
73,76,45,92
71,75,47,92
74,75,44,90
69,73,53,93
67,71,55,96
66,71,58,96
66,70,57,95
65,71,62,97
63,74,66,94
62,77,67,90
61,78,73,89
59,81,76,85
57,83,79,81
56,84,82,78
55,86,85,76
56,87,83,79
54,87,83,77
58,88,77,77
57,88,77,77
56,89,78,78
52,90,79,77
51,91,82,73
50,92,84,69
49,95,85,67
48,98,85,63
47,97,87,63
46,98,87,63
43,100,89,63
42,100,89,63
41,100,92,61
44,101,90,61
45,102,91,59
45,102,91,55
45,102,93,59
42,103,100,59
40,105,102,58
41,103,100,60
45,103,98,58
45,102,98,58
45,102,99,58
47,101,101,61
49,101,100,61
49,101,100,61
49,101,100,59
53,102,96,58
53,101,95,60
55,100,98,59
58,102,95,59
58,102,94,56
62,103,91,56
65,103,89,56
68,102,86,59
68,101,86,56
65,100,93,60
65,99,93,60
67,97,93,60
67,96,93,62
67,95,96,61
66,95,99,61
63,97,102,61
62,98,105,58
62,99,105,58
59,100,109,56
60,99,113,56
61,100,114,54
63,100,114,52
63,100,115,54
65,100,115,51
65,99,115,54
68,98,115,54
70,96,115,56
72,97,111,55
73,97,110,54
74,97,109,53
75,96,109,53
75,95,108,55
76,94,108,55
76,94,107,54
77,96,106,53
77,96,105,52
75,96,104,50
79,97,103,50
79,96,97,55
83,95,93,57
87,95,92,56
88,96,88,55
89,95,85,54
91,94,87,53
94,93,84,54
101,92,76,58
101,92,75,57
105,92,74,53
111,93,69,51
114,92,68,52
120,93,66,56
124,93,68,57
131,91,61,59
134,92,60,53
139,92,57,56
143,88,57,57
149,89,54,61
154,89,48,61
157,92,50,58
160,98,49,59
163,101,47,59
167,101,44,64
169,102,41,65
171,100,40,70
171,103,40,72
173,107,45,72
172,109,52,75
171,111,60,77
167,112,68,110
164,114,68,107
156,117,76,106
147,117,88,122
140,114,104,126
136,113,113,125
132,112,127,126
123,114,142,131
113,112,157,151
108,113,162,165
97,116,173,171
86,116,184,179
70,125,200,174
59,132,211,172
48,137,222,172
39,139,231,173
34,140,236,175
35,138,235,186
36,130,234,197
34,126,236,207
34,126,236,206
30,127,240,209
31,123,239,220
33,129,237,226
35,133,235,227
35,151,235,209
31,159,239,201
31,161,239,199
27,159,243,198
38,151,232,209
49,144,221,216
49,144,221,215
51,143,219,217
53,145,217,215
56,147,214,213
58,149,206,211
54,153,192,207
55,155,159,205
57,155,129,205
62,152,114,195
64,149,108,190
63,146,104,177
66,145,99,171
67,144,90,160
67,142,87,155
63,142,83,150
63,142,75,147
64,143,70,143
63,142,69,139
64,140,68,136
63,141,67,127
62,139,66,123
61,137,66,120
63,136,64,115
62,131,63,113
62,131,64,111
63,130,62,109
63,132,62,106
59,132,70,105
59,130,70,110
60,130,67,108
60,130,66,107
62,129,64,104
63,129,63,108
63,128,62,107
64,127,62,106
65,126,59,106
68,125,56,103
67,127,56,99
67,127,55,95
66,126,55,95
65,125,55,93
63,125,59,91
63,129,59,87
62,129,60,85
62,128,63,85
60,128,65,84
61,130,67,81
60,130,69,84
58,131,71,82
58,131,74,80
53,131,81,78
51,133,88,77
50,134,91,76
47,134,94,75
46,135,99,74
43,136,102,71
43,138,104,68
40,138,113,68
41,141,117,66
39,142,123,64
39,143,125,63
39,143,128,62
41,143,129,67
44,144,127,65
46,144,123,64
49,143,122,68
49,142,118,67
49,141,115,66
48,140,114,69
47,139,109,68
48,141,104,67
49,140,100,66
49,139,99,65
48,138,99,69
47,140,97,69
48,141,97,66
48,141,96,65
49,141,97,67
50,142,95,66
49,142,98,65
50,141,97,67
50,140,96,70
51,139,95,69
50,141,97,68
50,141,95,66
52,142,93,64
55,142,90,63
55,142,89,66
57,142,85,65
58,136,85,70
59,136,84,72
61,135,81,74
62,134,81,76
65,133,75,77
65,129,76,80
68,125,73,83
67,123,71,86
66,123,70,85
65,123,69,84
64,123,72,86
64,123,73,88
66,123,69,90
66,123,64,89
72,123,49,88
74,123,45,93
74,123,41,93
73,122,41,93
80,121,37,93
79,120,37,93
81,119,35,93
80,121,35,91
82,122,35,89
82,122,35,88
82,122,36,86
81,122,35,85
80,122,40,83
79,122,44,82
74,122,51,85
73,121,54,83
68,120,59,85
67,119,61,83
66,118,61,82
66,113,61,84
69,111,64,83
72,111,60,82
71,110,60,82
70,109,61,81
74,110,59,79
76,109,57,77
74,108,70,77
72,107,69,80
76,106,68,79
74,108,71,77
71,109,74,75
68,107,77,75
66,103,79,78
62,101,81,80
60,101,81,78
58,102,84,76
56,102,84,76
54,102,87,74
52,102,88,72
57,104,86,68
56,105,82,67
55,104,82,67
53,104,83,67
53,106,83,65
51,106,83,65
51,107,83,65
49,107,83,65
53,108,78,62
52,108,81,61
49,109,83,61
49,107,83,61
53,108,78,60
54,109,78,58
54,108,78,57
54,107,77,59
54,106,78,60
57,107,75,60
58,107,76,61
58,107,76,60
59,108,74,59
61,110,73,58
47,110,88,58
50,110,87,57
58,110,78,58
60,110,75,57
60,109,75,57
62,112,75,55
63,113,75,55
63,116,79,54
64,117,77,52
62,119,81,50
65,118,78,49
66,119,78,46
68,119,78,45
75,120,73,44
75,120,73,49
80,120,69,51
80,120,74,51
80,120,73,49
83,120,73,49
87,120,70,49
88,120,72,49
89,120,71,49
89,119,71,49
89,119,75,49
91,118,71,51
95,119,70,48
98,118,66,50
100,118,67,52
97,119,67,52
96,118,67,52
95,118,69,54
94,118,68,55
93,119,70,53
94,118,67,53
93,118,66,52
92,118,69,51
90,119,72,53
91,119,69,52
90,119,68,51
92,119,64,53
91,119,63,52
90,122,69,49
90,122,69,49
91,122,66,48
91,122,66,50
91,122,64,49
90,122,67,56
91,124,65,56
92,125,67,56
91,127,67,57
91,126,68,56
92,126,65,59
92,126,65,58
91,126,64,57
91,126,63,56
90,126,62,58
88,127,66,56
87,128,67,57
84,128,71,56
81,128,77,59
79,129,79,57
78,128,81,57
78,129,84,56
80,128,84,56
80,128,84,59
77,131,88,58
77,131,88,57
75,131,90,58
74,131,93,57
73,131,93,57
72,131,93,57
69,131,99,60
66,132,100,61
64,132,104,62
65,132,101,61
65,133,100,60
64,133,102,63
58,133,108,63
55,135,113,62
52,137,115,61
51,137,114,57
51,137,117,56
51,137,116,55
51,137,115,58
51,137,114,57
51,137,115,58
66,137,104,62
66,137,103,61
66,137,102,63
66,136,101,62
66,136,100,68
66,136,99,70
67,136,98,69
67,135,97,68
67,135,96,70
66,132,97,77
71,131,90,77
71,131,89,76
71,131,88,75
71,129,87,79
71,128,89,78
72,127,88,80
73,124,87,82
74,124,83,81
75,124,83,80
75,122,82,84
86,122,75,83
87,122,71,82
87,122,70,84
88,122,69,83
92,122,65,82
94,122,64,83
97,122,61,81
99,124,58,78
100,124,57,78
101,124,56,77
101,123,56,79
101,123,55,78
103,123,54,77
104,123,53,76
108,123,48,74
114,125,42,72
116,128,42,69
117,129,41,67
118,132,37,65
127,131,27,66
129,130,34,62
129,124,34,69
129,123,31,67
129,119,31,70
132,117,28,69
130,116,31,73
130,116,31,76
132,118,28,75
131,118,30,70
133,119,27,70
135,118,29,68
132,118,32,67
131,116,32,65
132,117,39,62
130,116,40,60
129,115,44,63
126,114,49,63
125,112,51,61
124,114,54,58
122,113,57,55
121,113,59,55
121,115,64,53
117,116,66,51
115,115,71,53
114,115,75,51
115,116,74,51
114,113,77,53
113,112,77,53
110,111,79,55
108,111,80,52
106,113,82,50
104,113,82,51
105,111,82,53
105,111,81,52
108,114,77,50
100,114,83,50
101,114,81,52
103,114,79,51
102,116,78,47
99,116,79,47
93,115,83,45
90,115,83,45
89,115,80,44
88,115,78,44
88,115,76,53
85,117,76,45
86,118,72,43
85,118,71,45
84,120,68,43
84,120,67,42
84,120,65,43
82,119,64,44
80,120,63,43
82,119,56,48
85,120,53,46
87,121,51,44
88,121,50,44
92,121,47,43
94,121,43,46
95,121,42,44
97,121,40,43
99,123,38,40
101,125,36,40
103,127,35,39
105,127,34,38
108,128,31,35
112,128,25,43
115,128,24,44
115,128,24,45
118,128,21,44
118,128,22,43
117,129,24,42
117,129,23,43
117,131,25,41
121,131,22,31
121,131,21,32
121,131,22,31
124,132,20,30
124,132,19,29
123,132,37,29
123,132,35,31
122,133,34,31
121,133,36,32
121,134,41,44
121,134,42,46
119,134,43,49
118,135,44,49
118,135,44,49
117,135,46,50
114,136,50,50
113,137,52,47
112,138,52,48
112,138,63,47
112,138,65,47
112,140,69,47
111,141,70,46
110,141,71,45
109,141,72,46
108,142,69,46
108,142,65,46
108,143,56,45
92,143,69,48
91,143,68,49
91,143,62,51
90,143,61,54
89,143,60,55
88,143,56,54
89,143,54,56
90,143,49,56
89,142,49,56
89,141,49,56
88,144,49,55
92,143,39,55
90,142,39,57
90,141,39,57
81,140,46,59
82,139,43,59
82,138,45,59
82,139,47,59
80,141,51,58
80,140,51,58
81,140,52,59
80,140,56,58
80,140,58,57
78,140,61,60
78,141,61,59
78,143,61,57
76,142,66,56
76,145,67,55
74,145,68,54
73,145,70,60
71,145,74,60
70,145,76,60
70,144,76,61
69,145,77,62
65,141,79,67
63,136,83,71
60,134,85,73
63,133,82,74
66,131,79,74
62,130,82,75
63,130,85,74
61,129,86,77
53,128,92,79
56,132,92,75
60,133,88,72
66,135,82,71
75,135,73,70
80,136,68,67
86,136,62,68
92,135,56,67
97,135,52,69
96,132,55,72
101,132,47,69
106,135,42,65
106,133,41,67
106,133,40,66
116,133,31,67
118,133,30,66
117,132,29,65
118,131,28,66
116,131,31,65
113,131,35,64
114,132,37,62
109,133,41,57
105,132,45,61
103,131,45,58
100,131,51,60
100,132,50,57
95,132,57,58
95,131,59,60
92,130,62,59
90,130,66,60
89,130,68,59
88,131,71,53
86,131,71,55
86,132,72,53
86,132,72,53
86,131,80,53
87,133,78,52
88,133,81,52
88,133,81,50
88,132,84,52
88,131,87,52
88,133,84,49
86,134,83,48
86,136,85,46
86,136,91,48
86,136,80,49
86,136,81,49
89,136,79,49
90,136,78,47
89,136,78,47
89,136,80,46
89,137,78,45
89,137,77,44
88,137,81,46
87,137,81,46
86,137,81,46
86,137,80,45
86,137,83,48
85,138,80,48
84,139,79,50
84,139,80,49
84,142,83,46
84,143,80,47
83,144,83,48
83,145,84,47
84,146,82,45
84,145,82,47
84,145,80,47
84,145,79,46
84,145,77,51
84,145,83,51
84,145,81,51
83,144,82,53
84,147,78,51
84,148,81,52
83,149,84,54
81,150,81,52
85,150,77,49
86,149,79,52
88,148,79,52
88,147,79,52
87,146,85,53
87,145,88,55
87,144,88,55
86,144,89,55
86,144,92,56
86,145,89,57
87,143,94,59
88,142,97,59
89,142,98,59
89,141,100,57
89,140,101,57
89,139,98,56
88,140,98,56
87,141,99,56
85,143,100,59
85,143,100,61
86,142,100,64
86,141,101,64
86,141,100,68
83,141,102,68
82,141,102,73
78,139,105,72
76,138,113,72
76,136,113,72
74,134,108,72
73,133,108,72
71,133,107,75
70,133,108,74
70,131,111,73
64,131,114,72
63,128,114,72
63,125,111,71
63,122,111,71
63,119,111,71
63,116,110,67
65,113,105,67
65,111,99,70
64,111,99,67
62,111,99,73
53,104,108,81
52,96,104,89
58,94,92,88
57,98,88,91
51,97,92,93
50,103,88,93
44,105,92,98
52,105,81,102
47,103,85,108
40,101,80,114
31,96,92,130
29,95,95,130
30,88,95,130
24,87,99,150
2,80,111,190
1,80,109,160
1,71,111,169
1,65,109,197
1,54,108,229
1,51,108,238
1,48,108,239
2,47,117,239
1,51,131,235
1,59,147,227
1,63,146,222
1,72,152,213
1,77,157,212
1,91,165,211
1,94,176,240
1,107,185,243
1,109,193,251
1,115,209,245
1,124,219,236
1,131,235,229
1,143,247,217
1,137,264,223
1,114,264,232
1,83,256,241
1,45,240,260
1,9,228,287
1,4,215,286
1,1,191,359
1,1,179,358
1,4,177,356
1,7,165,353
1,24,159,265
2,51,147,252
1,67,150,293
1,64,133,296
1,60,155,300
1,51,172,309
1,49,205,311
14,42,209,318
21,28,209,332
20,27,217,326
16,28,220,311
16,28,222,304
19,34,210,311
24,45,191,315
25,49,185,307
24,54,171,261
23,54,171,259
22,53,162,259
21,55,166,247
21,61,166,238
25,63,164,235
26,65,184,237
28,69,173,231
30,72,171,229
35,74,168,228
40,76,165,226
45,79,169,219
47,82,167,207
49,84,164,201
50,85,164,201
52,85,157,200
55,88,156,200
56,89,155,204
57,90,154,203
58,89,153,198
61,93,147,193
65,96,144,190
67,98,140,189
69,99,137,185
71,100,134,182
73,101,132,179
74,101,132,177
75,102,132,174
76,105,128,166
77,108,127,162
78,111,127,161
81,113,127,159
82,112,129,159
83,114,128,158
83,115,129,156
82,114,128,155
81,114,129,154
80,116,128,153
79,116,131,155
78,116,133,154
77,119,132,153
82,120,128,151
81,120,127,150
80,120,129,149
80,122,130,148
80,122,130,148
80,122,129,147
80,122,129,147
80,122,128,146
80,122,131,145
79,122,130,144
79,122,129,143
79,121,132,146
79,121,133,147
79,121,133,147
70,121,143,145
69,122,142,144
68,122,142,139
67,122,143,138
67,123,143,134
60,122,151,131
60,122,152,129
60,122,152,129
60,121,155,126
60,122,153,124
60,121,154,123
59,120,155,125
59,121,159,122
53,121,164,124
52,121,166,121
51,121,169,124
51,124,170,121
49,123,176,119
48,123,178,116
43,122,186,114
42,122,188,113
41,121,188,115
39,120,193,118
39,119,197,122
39,119,198,125
39,118,198,125
39,118,197,124
39,118,195,127
39,120,196,128
39,120,192,129
39,120,187,128
48,119,187,131
47,120,174,130
46,120,173,136
45,120,169,135
44,118,166,140
43,117,166,142
42,117,163,140
41,116,162,136
45,115,158,133
44,114,157,132
42,113,156,131
41,112,159,132
44,112,154,133
46,111,151,131
48,112,155,127
48,113,153,122
45,112,152,115
47,113,149,112
45,113,148,111
48,113,141,110
50,113,137,111
48,114,136,112
46,114,118,121
46,111,117,118
46,109,116,125
45,107,109,131
45,106,108,130
42,102,113,134
42,103,116,135
41,101,118,134
40,99,120,131
42,98,121,126
45,97,123,125
46,99,123,125
46,99,129,126
50,102,126,123
52,103,127,121
54,104,126,119
56,107,126,116
58,109,129,121
58,109,130,122
59,109,134,126
59,109,133,125
62,109,135,124
64,110,133,124
68,111,128,123
69,112,128,123
71,113,124,122
71,114,123,121
72,113,123,121
73,114,126,124
75,115,125,129
76,116,125,129
76,117,131,132
77,118,133,133
77,119,137,135
79,119,137,133
81,120,140,132
80,122,143,131
80,123,146,129
81,123,149,128
83,123,149,129
84,122,152,127
85,121,153,123
85,121,156,121
85,122,158,126
85,122,161,128
86,121,163,127
87,121,167,125
88,121,168,127
88,121,170,126
87,123,172,123
86,123,174,123
89,124,173,122
89,123,173,125
88,122,171,125
88,121,170,130
92,121,164,129
92,121,162,134
94,122,159,133
94,123,161,132
94,123,162,134
91,123,169,132
91,125,168,132
90,124,168,132
89,123,170,131
89,122,169,133
89,121,171,132
88,120,170,134
88,120,172,134
86,120,172,136
84,122,179,138
83,123,181,137
82,123,176,137
81,122,175,136
79,121,177,139
77,123,179,140
75,123,178,140
73,123,178,140
72,123,177,139
76,122,173,139
74,121,173,134
73,120,171,131
76,120,162,128
74,119,167,130
72,118,169,131
70,118,169,131
75,118,166,130
74,118,166,130
72,121,166,128
83,121,166,128
82,120,158,128
82,120,157,130
82,120,158,129
82,122,157,128
82,122,156,127
83,122,155,124
84,122,151,123
82,122,153,124
83,122,153,124
84,125,153,124
85,129,166,118
86,129,170,118
91,129,175,117
92,131,175,117
91,130,177,118
94,131,176,120
94,134,176,119
94,134,176,127
85,135,185,127
83,136,187,128
83,136,187,128
83,136,187,127
83,137,187,127
82,137,188,141
81,137,185,141
79,136,178,141
77,135,178,141
74,135,183,134
74,133,185,134
65,132,194,128
64,132,196,127
62,131,198,127
61,132,197,127
59,131,197,127
56,129,203,127
52,128,203,130
49,128,200,127
46,127,199,128
41,127,202,128
37,128,202,130
33,132,204,129
29,135,211,128
27,136,210,129
26,137,208,126
30,138,205,123
34,138,202,121
39,138,200,122
42,137,198,125
45,137,197,124
48,137,201,125
48,137,199,125
48,137,203,124
49,135,206,123
42,135,221,124
40,133,217,119
26,128,219,127
28,130,216,124
25,127,212,121
29,122,210,123
32,118,207,121
31,115,205,122
26,117,202,121
26,118,201,122
27,119,199,121
30,119,196,125
30,121,193,128
29,123,191,128
28,123,195,130
28,123,195,129
28,125,197,131
28,125,199,135
28,121,203,143
29,114,205,151
30,104,218,164
32,99,218,174
43,98,206,174
44,93,212,180
46,94,208,187
54,93,198,197
56,94,193,199
57,95,194,201
57,97,196,199
55,99,199,200
55,102,200,197
48,106,209,192
44,114,211,187
33,117,224,182
26,120,227,180
21,126,230,176
14,127,247,170
15,128,243,167
19,129,241,164
25,128,239,162
32,121,237,170
37,114,233,170
42,114,228,176
46,108,224,179
48,106,222,184
48,106,222,183
53,107,217,182
59,108,211,182
60,108,210,186
61,108,209,186
61,106,209,190
62,106,208,195
61,106,208,191
67,110,203,191
68,110,202,191
68,111,201,190
71,113,199,195
72,114,198,195
69,124,201,186
70,127,200,186
65,129,205,177
67,130,203,175
67,132,203,173
68,129,202,172
71,125,199,170
75,125,195,169
77,125,193,146
76,127,194,145
74,128,196,152
78,128,192,158
79,131,191,168
81,125,189,173
83,125,187,176
82,128,186,175
83,130,187,173
84,128,186,173
87,131,170,179
92,132,161,173
93,135,160,172
93,134,161,165
102,131,151,164
102,125,150,162
105,122,144,161
109,121,138,160
110,122,134,159
110,123,135,157
112,123,131,154
113,123,129,152
114,122,122,151
110,121,121,150
114,120,110,149
116,118,98,149
118,117,92,142
117,116,85,138
120,116,66,136
115,114,65,135
113,113,46,135
109,111,46,135
103,108,51,138
92,108,59,134
80,111,73,130
72,110,84,125
64,108,90,120
60,106,90,120
57,104,90,117
58,105,87,114
61,106,85,113
59,106,84,112
67,106,78,111
65,107,78,104
62,107,81,101
70,107,67,99
69,110,74,98
69,111,76,100
68,111,75,98
69,110,75,98
67,109,76,97
68,108,75,96
63,107,80,95
67,103,78,94
63,102,78,93
55,101,86,95
53,103,88,90
54,104,92,88
53,103,94,87
49,100,101,90
53,99,96,89
53,99,98,86
52,100,98,86
48,99,101,84
44,97,103,86
41,97,106,90
42,102,107,82
42,104,109,79
42,105,112,74
41,107,114,69
46,107,108,69
45,108,108,69
44,106,112,69
47,105,109,68
49,104,108,66
46,100,110,68
46,97,111,70
45,97,112,69
46,99,115,71
48,100,117,71
50,100,119,63
53,103,117,61
55,105,116,59
57,105,116,58
58,107,114,49
59,107,115,49
60,106,116,49
61,103,114,52
64,103,111,54
66,103,115,56
72,102,109,56
75,104,106,54
78,106,104,54
84,105,99,52
91,108,93,48
95,107,90,51
95,108,88,51
94,108,88,51
96,106,89,53
96,107,89,52
93,108,91,51
100,107,85,69
110,106,74,69
110,105,75,69
110,105,74,68
110,102,75,68
108,99,75,70
106,95,79,74
108,93,75,73
107,92,74,75
111,89,71,78
108,89,77,82
106,90,86,89
105,92,90,88
103,94,92,89
98,104,100,83
97,105,105,81
98,106,108,80
97,105,116,80
91,101,126,84
89,96,138,98
85,94,145,98
82,93,152,99
80,92,160,98
75,92,171,104
73,96,173,107
69,98,181,113
69,102,186,109
68,105,195,107
65,109,201,104
62,105,202,114
54,101,206,118
50,97,209,120
55,95,204,123
58,97,201,124
60,98,200,126
61,100,197,130
59,103,197,130
61,104,196,129
59,104,195,128
58,105,194,127
57,104,195,130
56,104,198,140
57,100,195,151
55,97,194,158
53,97,194,165
51,97,193,164
50,99,192,163
54,101,190,165
57,102,185,164
60,102,180,163
60,101,178,167
57,108,178,167
62,108,172,173
62,109,171,172
61,109,171,172
62,106,161,175
67,106,154,183
66,106,153,182
70,106,144,185
72,106,138,190
73,105,137,189
73,102,132,188
80,102,124,187
82,100,116,188
83,97,116,185
86,99,115,183
84,97,112,186
85,96,112,186
86,96,112,186
95,93,95,185
105,93,84,185
118,93,69,195
128,93,59,195
128,90,58,188
128,89,57,187
127,88,68,185
126,88,78,184
112,88,102,183
108,90,107,174
107,93,105,159
106,96,101,152
107,98,96,150
105,98,96,150
105,96,76,149
103,95,58,148
99,97,62,150
95,98,66,155
95,98,67,154
92,99,70,160
84,97,79,164
77,98,84,167
68,97,98,163
58,96,106,161
42,95,120,159
35,97,128,154
22,96,140,151
16,97,146,150
4,97,158,148
4,96,157,151
1,95,156,150
4,95,154,153
8,95,152,153
12,95,148,156
16,95,143,156
23,95,137,156
26,97,135,156
37,97,125,155
41,96,117,155
47,95,115,156
50,95,112,157
51,95,111,158
53,94,111,157
53,93,111,160
53,92,112,161
55,93,110,158
56,94,109,157
57,94,108,156
57,94,109,155
59,94,108,154
59,95,109,156
59,93,108,160
60,94,106,158
62,94,105,157
75,94,93,156
83,94,86,157
87,94,85,158
101,94,73,157
103,96,73,156
103,96,75,147
105,96,75,148
106,95,74,152
116,95,65,152
118,95,65,152
119,95,65,152
120,95,65,152
124,95,74,162
124,95,81,162
119,95,92,161
111,94,111,161
110,94,111,161
108,96,110,160
111,96,117,159
109,96,108,159
107,97,104,159
112,98,93,159
110,99,84,159
108,100,70,159
106,100,69,166
104,100,62,167
103,100,66,166
100,100,70,177
96,100,74,177
93,99,78,178
92,99,77,177
91,99,77,177
93,99,77,181
92,100,74,185
91,102,73,184
86,105,72,180
84,109,76,180
79,111,74,193
78,108,76,216
77,108,76,216
77,104,81,208
77,101,81,207
80,98,82,203
80,96,87,197
91,92,77,189
96,94,77,164
100,97,76,158
100,97,75,157
101,102,75,130
101,87,75,144
102,40,75,189
104,33,75,199
103,50,74,198
102,86,74,174
102,95,79,164
102,95,79,176
103,98,82,173
104,92,91,208
101,91,91,208
100,92,83,191
97,95,83,170
97,96,71,168
96,103,71,150
63,102,99,155
60,101,93,165
43,101,109,176
15,95,137,194
17,95,141,193
43,96,125,193
68,94,104,193
67,95,103,182
66,93,103,180
60,96,109,179
55,99,116,174
54,107,122,162
37,109,133,146
26,110,144,182
1,117,160,193
1,124,160,198
26,130,137,197
15,143,147,184
1,143,157,181
1,138,155,185
1,134,158,185
13,132,153,173
21,127,151,153
26,123,149,140
27,120,154,138
28,120,152,134
30,120,150,135
43,119,144,141
46,117,142,143
52,117,141,144
59,113,136,150
66,112,135,153
71,110,134,158
71,110,132,161
75,110,131,161
77,112,132,159
81,115,134,156
82,118,137,153
81,119,139,151
76,119,141,148
75,122,140,145
78,124,139,145
80,124,142,143
80,123,142,141
79,121,144,144
76,121,143,142
73,121,142,141
75,125,140,137
75,123,139,138
74,124,138,137
75,125,140,135
78,127,141,134
79,126,141,135
79,125,139,133
79,117,137,141
80,117,137,139
81,115,135,138
83,113,133,143
85,111,133,145
90,111,129,141
94,108,121,140
105,105,111,148
116,107,100,147
126,105,93,156
129,105,92,160
142,105,79,158
143,104,78,157
143,100,75,153
143,100,74,152
144,100,74,157
151,102,69,159
155,103,69,158
161,105,64,157
162,106,64,156
163,107,68,154
160,105,74,153
162,105,79,156
164,107,82,154
167,106,87,157
165,107,93,155
161,107,101,151
161,106,108,149
157,105,111,155
158,105,112,155
152,105,118,155
153,100,117,159
150,99,120,155
151,98,119,155
145,95,125,153
143,96,127,150
136,97,134,152
136,98,134,148
137,97,133,148
137,95,133,151
136,93,134,150
132,86,138,155
130,83,137,161
129,83,141,160
129,81,141,159
130,80,140,160
131,78,139,160
132,76,138,160
133,75,137,155
131,76,139,155
130,78,140,155
130,79,140,155
130,77,140,160
126,76,144,159
125,78,145,158
124,79,146,157
123,78,147,157
122,79,148,158
121,80,149,158
122,81,148,157
121,82,149,148
120,85,150,133
119,86,151,133
120,89,150,131
118,91,152,130
112,90,158,131
109,90,160,132
105,89,165,131
104,88,166,131
103,89,167,130
103,88,167,130
102,87,168,131
102,86,168,130
102,90,168,130
103,95,167,126
106,100,164,125
107,106,153,124
106,111,152,111
106,113,148,110
106,116,147,104
106,120,144,101
110,122,139,100
111,123,137,99
118,123,132,98
116,123,134,97
122,124,128,99
122,124,127,98
127,123,122,98
125,122,120,97
123,122,119,96
123,125,117,96
123,127,121,96
120,127,121,96
118,129,121,96
119,130,126,95
118,130,126,95
117,132,127,94
116,133,129,94
115,135,131,93
113,134,136,93
100,133,151,93
97,134,157,91
89,134,166,89
76,133,177,91
72,132,179,91
64,131,183,97
62,132,180,99
54,133,184,104
51,135,186,103
49,136,184,101
45,135,187,103
43,135,187,103
42,136,187,105
43,137,181,103
45,139,176,103
46,141,171,100
44,142,171,100
42,142,171,100
45,141,170,100
49,140,171,107
48,139,171,117
49,139,177,121
48,139,179,121
46,139,188,121
46,139,188,121
46,140,195,122
45,140,202,124
45,140,203,126
42,140,204,130
39,141,205,134
38,142,205,132
39,142,206,134
38,142,219,137
37,142,227,135
36,142,225,136
38,140,219,139
36,140,223,138
39,140,216,137
42,134,211,138
40,134,212,138
36,133,211,137
33,133,196,144
40,135,177,148
43,132,167,151
43,131,153,150
46,130,146,152
44,129,135,154
41,128,127,153
38,124,116,157
38,124,111,160
39,122,108,158
40,122,106,157
41,122,103,155
44,122,100,156
44,124,100,157
43,123,103,161
48,122,99,159
49,118,97,157
46,117,97,157
47,117,94,149
44,113,94,149
42,109,92,152
40,108,92,152
38,107,78,152
36,105,76,157
33,99,68,157
35,97,58,158
33,91,59,165
31,90,64,165
30,89,66,162
29,88,67,159
28,88,68,158
27,89,69,160
27,89,67,161
27,89,66,163
29,89,66,161
32,91,63,158
34,91,60,158
35,91,60,158
34,91,60,156
33,90,56,153
33,92,54,151
34,95,53,148
34,97,57,146
33,99,61,143
32,104,61,140
32,108,64,137
31,112,68,133
30,115,72,130
30,119,75,127
29,122,74,122
28,124,76,118
29,124,75,116
30,125,76,116
30,125,76,116
28,125,79,119
27,125,79,118
23,125,82,117
24,125,84,115
25,127,84,115
26,128,85,116
28,128,84,119
30,128,83,122
34,129,82,119
36,130,79,121
42,131,78,122
44,132,73,121
50,132,67,122
56,133,60,120
58,133,59,128
59,134,59,128
61,135,59,128
62,135,59,128
63,135,59,136
67,136,59,136
68,140,58,135
68,141,65,138
74,141,65,135
73,142,62,134
72,144,61,132
71,143,62,135
71,143,63,138
70,143,62,137
70,143,61,136
68,134,61,147
66,133,60,146
61,132,64,148
60,128,65,154
60,127,64,157
60,124,62,161
59,123,60,164
58,121,64,166
57,119,67,169
60,117,65,171
62,116,64,177
62,116,69,175
62,117,67,177
60,118,72,176
60,117,72,176
56,117,74,182
56,117,77,186
55,118,81,190
55,119,85,190
56,122,84,194
56,123,84,194
56,123,87,194
57,125,86,190
65,126,76,190
76,128,67,190
76,129,66,194
76,130,65,193
76,132,65,193
75,133,75,189
74,134,78,185
75,135,82,184
74,135,81,184
73,135,81,189
74,135,78,193
75,134,71,197
74,134,70,196
76,133,65,196
76,132,63,196
75,131,62,203
75,133,61,202
75,133,64,201
75,133,66,202
75,133,65,201
75,133,64,200
75,133,64,199
75,133,63,201
76,133,63,201
76,133,66,200
79,133,65,199
79,133,64,198
82,136,63,197
84,136,62,196
83,136,66,195
82,135,66,197
80,135,69,199
79,137,70,197
65,137,84,195
63,138,83,194
60,138,85,197
61,137,83,197
62,139,81,197
62,139,80,196
61,139,80,196
64,139,81,194
64,139,82,192
63,142,81,191
63,141,81,190
63,145,82,187
63,148,83,183
64,149,84,179
65,151,83,176
65,151,84,174
64,151,87,177
68,152,84,176
73,151,82,178
75,150,81,177
76,150,80,176
80,154,79,173
81,156,78,172
82,156,77,171
83,159,76,170
83,158,78,169
82,158,79,168
80,157,79,167
80,157,79,167
82,157,78,166
83,154,80,164
80,150,80,164
79,149,80,171
82,151,80,167
87,155,79,172
87,153,79,172
86,151,80,172
86,152,79,171
88,155,80,168
90,156,79,166
89,155,79,171
83,152,81,171
84,153,79,168
88,154,78,167
88,155,80,166
84,158,81,165
80,159,85,168
80,158,85,168
81,157,86,168
81,154,87,168
80,151,89,171
79,149,90,171
78,149,91,171
79,151,92,168
80,153,93,172
84,156,90,168
85,158,79,167
87,158,89,163
89,158,90,162
89,160,90,165
91,159,88,164
94,160,86,163
95,162,87,162
96,163,86,161
96,163,86,161
98,163,86,164
99,163,86,163
98,160,86,163
97,159,86,163
95,155,87,163
93,156,87,163
90,157,88,165
88,159,91,163
87,157,91,163
86,155,93,162
84,154,93,162
83,154,94,161
82,155,94,161
83,157,92,160
85,158,90,159
87,159,91,158
87,159,90,159
89,158,91,158
88,158,90,160
88,160,89,156
90,160,90,155
94,160,89,156
98,160,86,155
102,161,83,155
105,162,82,154
107,160,80,154
107,158,80,153
106,156,83,152
102,152,82,151
98,149,83,152
99,149,82,151
98,150,86,149
99,150,86,146
98,148,85,145
96,146,84,144
96,146,83,143
96,145,83,143
92,145,84,143
93,146,84,143
97,148,82,145
99,149,81,150
102,153,78,148
102,155,76,149
102,155,75,149
102,155,73,148
102,155,72,147
104,155,74,145
106,150,79,149
104,149,83,151
102,145,87,150
99,144,86,149
103,144,84,147
103,142,85,148
101,137,83,147
101,134,79,140
105,135,70,133
103,137,63,134
104,138,52,137
101,138,47,134
100,138,45,132
99,138,44,131
96,137,44,129
93,136,48,128
91,138,51,125
88,139,53,121
84,140,54,118
79,140,57,116
78,139,59,115
73,140,65,114
71,141,68,114
66,142,72,113
57,144,81,107
51,143,85,104
49,143,88,106
48,142,89,104
44,141,91,102
44,142,93,99
42,142,96,101
40,141,97,101
47,140,91,99
49,141,90,100
54,141,87,98
58,140,83,93
63,139,77,91
66,140,73,93
66,142,72,90
66,142,75,90
65,142,75,88
63,140,78,88
60,139,81,85
59,138,81,83
58,138,81,86
57,138,83,86
55,137,85,86
52,136,88,86
50,136,90,85
47,137,91,83
42,135,97,80
38,135,101,77
35,136,108,75
33,135,111,72
31,134,114,73
31,135,118,71
31,135,117,73
31,135,117,73
31,136,117,74
31,137,120,73
33,137,121,75
39,138,115,73
43,137,112,72
48,136,109,74
57,136,100,71
58,135,99,70
60,135,98,72
60,137,97,70
60,137,96,69
62,137,94,68
63,137,92,68
64,138,93,66
65,140,93,65
64,140,95,65
70,140,92,65
68,140,96,63
70,140,93,63
71,140,91,63
70,139,93,66
70,136,92,68
69,133,94,71
69,131,94,75
67,126,97,77
66,125,96,77
65,122,94,82
68,121,91,82
67,120,90,85
66,122,91,82
70,122,86,81
69,125,85,78
68,125,89,78
69,127,87,77
70,129,85,76
69,132,85,72
68,131,85,71
68,131,84,72
67,131,86,72
64,131,88,72
63,131,88,74
62,131,88,73
61,133,87,72
60,132,88,72
63,132,86,72
65,131,85,71
65,133,84,70
64,133,83,71
63,132,85,73
62,130,84,73
61,132,84,65
60,132,84,67
59,132,84,67
58,136,86,63
58,136,85,60
57,138,84,57
56,138,85,63
58,137,82,62
59,136,80,64
58,137,78,63
57,136,77,62
59,136,74,64
60,136,75,63
57,136,76,65
56,137,79,63
58,138,77,62
57,137,77,62
56,136,78,61
55,135,77,62
57,135,79,65
56,138,80,65
56,137,80,63
56,137,80,63
55,136,80,62
57,135,77,64
60,137,75,63
60,137,74,65
61,136,78,64
60,137,80,63
60,139,80,62
60,138,80,61
60,137,80,62
60,136,81,61
60,136,81,64
60,136,82,63
60,135,81,65
63,136,80,63
63,135,79,62
63,135,78,61
63,134,80,66
62,134,80,66
61,133,79,65
61,132,78,64
65,132,73,63
64,132,72,62
63,131,72,63
64,131,69,62
63,131,68,64
64,131,68,63
63,131,68,62
62,131,67,64
65,131,64,63
64,130,63,68
63,130,62,65
63,130,61,64
64,130,58,63
63,130,57,65
64,129,55,65
64,132,54,62
66,132,52,62
65,131,52,62
64,131,52,64
66,131,52,64
66,131,50,63
66,131,48,63
66,130,47,62
66,131,46,63
65,131,46,63
67,132,45,62
65,133,50,62
64,133,50,62
66,133,53,60
66,132,53,63
65,132,55,63
64,131,52,63
64,131,51,64
63,131,54,63
63,130,53,66
65,131,55,64
65,130,57,63
65,129,56,65
65,128,58,67
62,127,60,63
61,128,62,64
61,129,65,63
61,128,65,65
61,130,66,65
61,130,66,65
61,131,65,64
61,130,64,63
61,129,64,65
61,129,64,65
61,128,64,67
61,131,64,65
61,130,68,65
63,132,68,64
63,131,70,63
64,130,70,63
64,129,74,63
64,129,73,65
64,130,76,65
62,129,81,68
63,131,81,66
64,131,83,66
64,130,82,65
64,133,85,62
64,135,87,62
65,136,86,62
65,137,92,60
64,136,86,60
64,137,85,61
64,137,85,62
65,137,84,62
65,137,84,62
60,137,92,63
60,138,94,62
60,137,95,62
59,136,96,62
59,136,97,61
59,137,98,62
59,138,98,61
61,139,99,59
62,138,94,59
67,138,89,57
67,138,89,60
70,137,86,59
72,136,82,58
71,136,81,57
71,136,83,60
70,136,82,60
71,137,79,59
70,137,78,58
72,138,79,57
72,139,78,59
72,139,77,62
71,140,79,61
70,139,79,62
72,139,79,62
75,139,79,62
74,138,79,67
73,140,82,67
73,140,81,64
75,143,80,63
75,143,80,63
76,143,80,61
75,144,81,59
75,146,82,58
74,146,82,58
73,146,82,58
71,145,82,58
68,145,85,58
67,145,85,58
77,145,81,58
76,144,81,58
75,143,81,58
75,142,81,58
75,142,81,61
76,142,83,60
79,142,82,59
79,142,81,61
79,142,85,60
79,141,84,63
82,143,88,63
82,142,86,64
84,143,86,63
84,143,85,58
82,145,87,58
84,145,93,58
83,143,95,60
77,141,102,60
77,140,102,62
79,141,101,61
76,140,104,60
77,140,104,60
78,140,109,60
78,140,109,62
80,139,110,62
80,140,110,62
84,140,108,62
83,140,107,61
87,142,104,60
89,144,100,54
89,144,99,53
88,144,98,52
85,143,97,53
87,142,95,53
86,142,94,56
86,145,91,55
80,146,98,56
80,147,101,55
84,148,97,55
83,150,99,52
83,149,100,56
89,151,96,55
90,153,92,54
90,153,92,56
93,153,88,54
92,154,89,57
93,155,87,55
93,154,90,56
92,153,88,57
93,153,89,56
93,153,87,56
94,152,84,54
95,152,82,50
94,151,80,51
97,151,79,51
97,152,80,53
98,151,78,53
96,151,79,54
95,151,79,51
94,150,79,51
92,149,80,54
92,148,80,54
89,148,82,54
86,148,84,54
88,149,82,52
88,150,80,53
88,150,80,54
90,150,81,53
90,150,80,52
89,150,81,52
91,150,79,53
95,151,79,51
93,151,81,52
98,152,77,49
102,153,71,48
101,153,68,53
110,153,64,52
112,152,57,55
112,152,56,54
111,153,61,52
111,153,60,51
111,154,62,50
109,154,60,51
107,153,62,51
105,153,64,52
101,153,70,52
100,153,73,53
98,154,74,51
99,154,72,50
98,153,70,52
99,153,68,50
98,154,70,48
98,155,71,47
99,155,68,46
102,155,62,45
105,153,59,46
108,152,60,45
113,151,60,36
112,150,59,54
115,149,55,53
116,150,55,53
117,151,54,56
119,152,50,57
120,151,50,58
120,150,52,37
120,151,51,36
114,151,54,43
117,153,52,42
117,155,53,41
117,155,54,41
118,154,54,44
118,154,55,41
124,154,47,37
123,153,46,35
127,153,43,34
130,155,42,31
137,154,36,34
138,155,35,32
138,156,35,31
138,155,37,37
138,154,38,40
137,153,39,44
137,152,41,45
137,152,42,59
140,152,48,61
140,152,48,63
140,152,50,65
140,154,51,65
143,154,49,64
143,154,49,64
143,155,48,63
145,156,43,63
145,157,44,62
144,158,44,62
144,158,44,62
144,159,45,62
144,160,46,62
144,158,46,62
150,158,45,62
153,159,43,61
154,160,44,61
154,160,45,61
155,162,46,61
155,163,47,61
152,162,50,57
152,162,51,57
151,163,51,56
153,163,49,56
152,163,49,51
151,162,51,51
150,161,51,71
149,160,51,72
148,160,55,74
150,160,53,76
149,160,53,76
151,159,51,75
152,158,50,75
151,160,50,74
150,161,51,73
152,162,49,72
150,162,50,72
149,162,51,72
148,161,51,80
146,161,56,85
145,162,61,89
147,162,59,87
146,162,62,93
145,162,62,84
144,162,66,82
143,168,71,78
141,168,77,77
141,169,79,78
141,168,80,83
144,168,78,86
144,167,85,90
145,169,88,90
148,170,93,91
151,171,96,90
151,172,100,89
151,172,102,90
152,169,102,92
152,171,100,91
151,172,99,90
150,173,98,89
149,174,98,89
147,175,92,89
146,171,88,89
148,170,81,88
151,169,81,88
150,168,81,88
148,167,80,87
150,164,79,91
150,164,83,94
145,166,88,94
146,163,85,97
144,161,86,96
144,162,85,96
142,162,86,95
138,163,91,94
135,163,96,95
131,162,100,94
126,164,107,93
122,163,111,102
120,163,113,102
118,163,113,112
116,162,118,115
113,161,121,115
111,160,120,115
113,161,120,113
116,160,120,116
117,161,121,114
116,161,123,114
116,163,122,112
114,164,123,112
112,163,124,112
110,162,124,112
109,163,128,112
108,163,130,115
106,166,130,110
102,167,133,108
100,168,137,106
99,169,136,105
98,170,140,106
96,170,140,106
91,169,144,105
87,168,147,104
85,167,150,105
84,168,150,104
82,167,152,105
80,169,152,105
76,169,160,103
74,174,163,97
73,174,165,96
72,175,170,95
71,175,175,94
70,175,179,95
69,175,183,94
69,175,186,94
69,177,188,103
68,176,190,103
65,176,195,105
64,178,200,104
64,178,203,104
66,179,204,103
67,180,203,102
67,181,203,101
66,182,204,100
68,182,202,99
67,182,197,102
68,181,195,103
66,180,192,103
65,179,192,103
61,177,193,103
59,175,193,105
57,172,193,105
54,170,193,105
51,168,193,114
53,167,191,114
56,167,188,114
55,167,188,118
54,168,188,118
59,167,185,118
58,168,185,122
60,168,183,122
60,170,186,118
59,170,186,118
57,171,187,118
56,172,187,118
56,173,187,118
56,174,187,130
54,177,186,129
53,177,186,129
51,177,188,129
50,179,188,129
47,180,190,129
46,180,190,129
44,180,190,128
43,180,189,127
42,180,193,120
42,180,195,122
41,180,193,135
41,180,192,134
39,179,192,139
36,179,206,147
33,180,212,152
33,181,215,154
33,179,212,156
32,177,209,159
32,171,204,166
28,170,203,169
28,165,199,191
27,160,181,200
31,155,170,205
34,153,163,207
35,152,159,203
37,152,156,199
37,154,152,192
38,157,148,185
38,161,146,178
40,162,143,175
39,162,146,173
39,163,148,176
38,164,147,174
40,165,145,172
42,166,142,169
42,167,142,169
42,167,143,169
43,168,140,166
44,165,133,172
44,164,131,172
42,162,129,171
43,161,127,170
46,162,120,170
48,162,113,170
49,166,101,169
43,168,95,181
41,169,94,180
40,169,94,183
34,168,102,179
33,169,105,167
30,168,111,160
32,169,112,156
26,170,119,143
27,170,118,141
27,170,119,139
26,170,122,141
26,171,124,139
26,171,126,146
28,172,124,144
22,172,131,156
21,172,133,154
18,172,137,153
14,173,143,152
12,173,146,154
9,174,150,153
8,175,153,149
7,176,158,148
7,177,161,147
10,177,162,145
13,178,161,142
14,177,162,140
10,176,169,136
12,176,170,131
15,176,167,127
24,176,162,124
27,177,162,126
42,178,152,121
45,178,150,118
46,177,150,116
44,176,152,115
44,174,152,115
44,173,152,117
43,172,155,120
44,171,156,120
44,170,158,123
44,169,155,124
43,169,157,123
44,168,158,122
45,167,157,121
46,166,156,120
49,168,151,117
50,169,150,112
51,172,151,107
52,175,151,104
52,175,147,102
52,175,146,105
53,175,145,106
55,176,142,104
56,175,140,105
59,174,137,105
60,174,139,105
61,176,136,102
62,176,135,101
67,175,128,98
70,177,123,96
72,179,119,93
70,179,120,96
68,179,120,95
76,180,110,94
79,176,104,97
78,178,104,97
86,179,94,75
86,175,92,81
84,176,92,80
82,175,92,88
81,174,91,80
80,172,88,77
83,170,82,75
82,168,79,76
82,167,74,74
84,165,68,85
84,165,65,84
84,162,65,84
87,159,67,91
88,158,69,98
73,155,86,102
71,155,92,94
72,156,94,92
73,156,96,90
73,154,96,90
73,152,98,89
82,151,86,94
89,152,80,91
88,151,79,90
87,150,79,90
85,149,82,90
88,150,83,90
87,149,81,90
89,151,79,90
89,152,79,90
88,152,80,91
88,153,79,95
91,155,77,94
92,156,78,95
92,156,80,96
92,154,79,95
93,150,78,94
90,150,83,92
88,148,87,89
89,146,88,85
87,145,93,88
86,146,99,92
