152,122,165,106
149,120,180,107
147,121,185,106
142,122,196,105
137,124,197,103
133,124,190,104
128,124,190,104
123,122,191,104
118,124,189,102
113,124,187,103
109,124,187,102
105,124,184,101
101,124,181,100
97,121,183,101
95,121,183,101
93,118,183,101
91,119,179,95
87,119,179,96
85,119,178,95
85,118,173,97
82,122,173,93
81,120,170,94
79,121,170,93
78,120,168,94
75,118,167,96
73,118,167,91
71,119,164,89
69,120,162,89
66,122,159,86
64,124,154,84
63,127,148,82
61,125,146,84
60,126,142,83
59,125,140,82
59,126,134,80
58,126,129,78
57,126,124,78
54,126,120,77
52,126,116,78
50,127,111,77
48,128,102,76
48,125,96,79
46,125,91,79
45,126,89,79
44,127,88,74
42,126,88,72
42,126,86,72
41,125,86,71
39,126,87,70
40,126,89,71
41,127,89,70
42,127,88,71
42,127,90,70
47,127,90,68
51,127,89,67
53,126,89,67
54,127,87,67
56,128,86,67
57,128,84,67
57,128,83,66
57,129,81,66
57,128,78,68
57,129,74,67
56,131,64,64
57,131,60,65
54,132,59,64
53,133,57,62
52,134,58,63
53,135,56,62
54,136,54,62
53,136,54,63
55,137,51,63
56,137,49,64
56,136,49,62
58,138,47,58
60,138,47,58
62,138,46,57
66,137,44,56
69,138,44,56
73,139,41,53
75,137,41,56
77,136,41,56
80,137,41,56
83,137,39,50
87,137,36,50
89,138,34,48
92,139,32,49
95,138,30,50
95,138,29,50
98,135,27,54
98,136,28,53
98,136,27,52
99,136,26,51
100,136,25,49
101,137,24,48
99,137,27,48
99,137,30,48
103,137,31,49
104,137,33,48
102,138,35,48
101,138,39,48
102,140,40,49
102,140,44,45
101,140,49,45
99,141,54,44
99,140,55,45
102,141,54,44
100,141,59,45
102,141,60,44
101,141,64,43
102,140,66,45
102,140,67,45
100,141,71,46
99,143,75,42
102,144,75,41
104,146,74,41
103,148,78,39
102,145,80,41
101,146,84,43
102,146,84,42
100,147,86,41
104,147,86,42
106,148,87,41
111,148,86,41
116,149,84,42
117,149,85,42
118,149,86,41
121,150,85,40
127,151,81,39
129,151,83,41
135,149,78,43
136,150,80,42
140,149,78,41
141,150,78,41
145,150,75,41
146,149,76,42
149,149,75,41
150,150,76,39
152,150,74,40
155,150,74,40
158,149,71,40
163,149,69,41
166,149,68,42
166,151,70,40
169,152,68,40
173,151,65,41
176,151,64,43
181,151,61,43
184,151,58,42
187,151,57,41
190,151,58,42
192,150,58,43
193,151,58,42
193,152,57,42
195,151,56,44
196,152,53,45
196,154,53,43
198,156,50,42
198,156,52,42
199,156,52,42
201,157,52,43
201,157,52,42
201,157,53,42
197,157,61,42
208,155,49,45
208,156,48,43
212,154,45,46
212,155,44,46
213,156,43,46
212,155,45,49
213,157,45,47
214,158,46,49
214,158,48,50
214,159,49,50
215,161,48,49
216,162,48,48
216,161,49,48
216,160,52,50
218,158,52,52
216,158,57,51
214,157,60,51
212,156,63,52
211,154,67,53
208,155,73,54
208,154,76,55
203,153,83,57
202,152,85,59
201,152,86,60
198,152,90,58
197,153,91,57
197,154,93,56
200,156,89,54
200,156,90,54
200,155,92,55
200,153,96,55
203,152,92,56
203,151,93,57
202,151,93,57
201,149,95,57
201,148,97,60
200,147,99,61
200,147,100,63
198,146,103,62
198,146,104,64
197,145,107,66
197,146,111,67
199,147,108,65
199,146,110,67
198,145,111,67
197,144,112,68
197,144,110,67
197,143,108,71
195,142,108,72
195,141,106,74
194,140,105,76
194,140,104,78
190,139,107,78
189,139,108,81
187,141,110,83
188,142,109,84
188,144,108,85
191,146,106,86
191,150,107,83
190,151,110,80
190,153,110,79
190,150,112,82
189,150,117,82
189,154,114,77
187,149,116,79
184,143,116,85
184,138,121,91
184,132,119,95
187,127,115,101
187,124,110,102
189,121,108,107
188,119,110,108
188,115,108,112
187,114,111,112
189,114,107,113
190,113,105,113
191,113,105,112
195,115,102,109
195,115,101,107
196,118,99,104
198,119,97,103
197,121,103,103
198,124,106,100
197,127,109,96
197,131,111,93
198,136,114,95
199,140,115,92
200,145,116,86
201,150,116,82
202,151,117,80
203,151,119,79
205,146,114,83
205,138,114,93
206,131,112,100
206,126,112,101
207,121,107,106
207,118,107,110
206,114,104,114
205,111,102,117
206,110,96,118
202,108,97,120
204,105,97,124
205,104,95,125
206,103,94,126
209,101,93,129
213,99,89,132
217,99,85,133
221,98,81,133
224,98,77,134
227,97,75,134
228,100,76,131
230,101,75,131
231,100,74,131
231,106,75,126
231,108,74,124
231,109,73,123
233,113,70,118
233,115,72,117
234,118,74,114
236,123,74,119
240,127,73,115
241,135,74,107
240,137,75,105
240,144,75,97
240,145,78,96
240,137,76,103
240,129,73,110
239,123,68,114
241,117,68,117
239,111,67,120
239,107,67,123
239,103,66,126
238,100,64,128
238,97,62,133
237,95,61,134
236,91,61,137
234,89,62,140
233,87,60,143
231,86,62,143
229,85,64,142
227,85,68,142
224,85,71,147
221,85,73,150
219,87,75,148
217,88,77,147
216,90,78,144
213,93,81,141
212,96,81,137
210,99,82,135
209,100,82,134
206,101,83,132
204,103,85,130
202,105,86,128
200,108,90,125
198,110,92,124
196,113,98,120
195,116,102,119
193,120,107,113
192,124,111,109
190,127,113,110
190,132,116,103
190,137,120,97
187,142,125,92
185,147,130,87
182,147,133,86
179,146,136,91
177,142,136,95
175,139,137,96
174,133,133,105
173,129,132,108
173,126,131,109
172,123,130,113
171,121,129,115
172,120,130,116
172,120,128,114
171,120,130,114
170,120,132,113
170,121,133,112
170,122,132,112
168,123,134,110
167,127,133,107
168,131,131,103
167,133,131,101
167,138,130,96
165,141,129,93
164,143,129,90
164,143,129,91
162,142,133,91
162,142,132,90
160,138,133,94
159,137,134,96
158,135,133,97
158,133,133,100
158,132,133,100
158,131,133,101
158,128,133,103
158,128,133,104
157,128,133,104
158,128,133,104
158,127,132,105
160,128,129,103
159,126,129,106
160,127,127,105
161,127,126,105
164,127,122,105
164,127,121,106
167,128,118,107
167,129,117,107
167,130,117,106
167,131,115,105
168,131,112,105
167,132,112,104
167,132,111,104
168,132,109,104
169,132,107,104
169,132,107,105
170,131,106,104
170,132,106,107
171,128,104,106
171,129,105,107
173,129,102,109
174,128,101,109
174,129,101,109
174,130,102,109
174,129,102,112
174,129,101,112
175,128,100,114
175,127,103,112
176,128,99,112
177,127,95,112
178,126,93,112
178,123,94,113
179,122,91,113
180,118,88,117
183,119,84,117
185,119,81,117
185,118,83,118
186,117,82,119
185,119,80,118
185,119,80,116
185,119,80,118
185,120,79,116
186,120,77,117
186,121,78,116
185,120,77,116
185,121,78,116
186,121,77,115
187,121,76,116
187,120,77,116
186,120,77,117
186,120,77,118
187,120,76,117
187,119,77,117
189,120,74,117
189,119,75,117
190,119,75,118
191,120,73,117
191,121,75,115
191,121,74,114
191,122,75,114
191,122,75,115
192,121,74,115
192,122,76,115
192,122,75,113
193,122,74,115
192,122,75,112
193,123,75,112
193,120,75,116
193,122,75,113
193,122,75,114
193,122,75,112
195,122,73,112
194,122,74,113
196,122,74,113
195,122,75,112
195,121,75,114
194,121,76,113
196,122,74,112
196,125,74,109
197,124,74,112
197,125,73,109
198,123,72,110
198,123,73,112
198,128,75,107
198,129,81,108
198,129,84,107
199,133,85,103
199,133,89,104
200,138,89,99
200,141,86,94
200,142,90,94
201,144,89,93
200,146,90,92
199,148,94,92
200,149,87,92
198,149,88,95
198,150,81,93
197,150,76,92
196,150,79,91
196,149,78,92
196,149,73,93
194,149,74,92
194,149,75,94
194,149,75,94
193,149,77,94
194,149,76,94
194,149,74,93
193,149,68,92
193,149,63,93
193,146,57,96
193,142,56,101
194,142,53,100
194,142,55,101
193,137,62,108
193,133,64,113
193,129,67,115
192,126,71,118
193,126,73,118
192,124,76,119
191,125,79,118
191,123,82,119
191,125,81,119
188,125,85,118
189,128,84,114
188,131,84,113
187,132,85,112
186,132,85,116
185,133,85,116
184,133,86,116
184,133,85,116
184,135,85,114
184,138,84,110
182,142,86,107
182,142,85,104
183,144,87,102
183,145,85,103
182,146,85,101
181,147,85,101
180,148,86,99
178,147,88,99
176,148,89,97
174,148,95,98
174,144,99,99
173,141,107,103
173,140,109,103
172,138,112,105
173,135,113,108
171,132,115,110
171,130,116,113
170,128,115,114
169,126,117,115
169,125,118,116
168,127,118,115
166,125,121,116
165,125,124,118
162,125,126,121
161,125,129,123
160,125,130,122
158,128,134,120
157,129,135,118
157,130,135,117
155,130,138,115
157,129,136,116
159,129,133,117
162,130,129,115
161,130,130,115
162,130,128,116
161,131,130,115
160,130,130,116
160,133,129,114
159,133,131,113
158,134,133,115
158,135,133,113
157,134,134,114
156,136,137,112
154,137,143,110
152,138,144,110
150,140,146,107
148,142,150,106
148,145,151,102
148,144,151,103
147,143,152,104
146,144,150,104
146,141,150,115
143,138,150,119
141,134,150,123
138,132,148,122
136,130,146,127
133,124,144,133
129,121,148,133
125,119,148,133
122,115,147,137
119,114,148,138
117,117,149,135
116,119,151,133
116,115,154,138
114,117,158,137
114,118,154,136
111,121,161,134
111,123,162,129
105,126,170,127
100,129,177,125
100,129,184,122
106,132,175,107
112,134,176,104
116,133,178,108
121,136,177,102
124,134,181,107
129,135,181,105
132,136,182,103
134,134,185,101
138,136,185,101
143,136,179,102
146,137,175,101
148,139,174,94
148,139,175,89
149,141,171,85
150,142,168,82
150,142,172,85
151,142,171,85
152,141,169,87
153,140,166,85
151,137,167,90
148,135,166,94
145,133,166,96
145,130,162,97
146,128,160,96
146,126,159,95
147,126,156,92
152,125,150,96
154,125,149,95
156,124,146,97
160,125,140,97
163,127,137,95
165,127,136,94
168,129,133,93
168,133,132,88
169,135,132,87
170,137,132,85
171,140,132,81
172,144,132,72
175,148,130,67
175,149,129,63
176,147,127,65
175,147,126,65
175,147,126,65
174,144,124,68
173,143,122,67
175,139,121,74
175,139,123,73
174,137,122,76
175,139,120,73
176,139,118,74
176,138,115,73
177,138,112,71
176,138,108,71
179,138,103,73
179,138,102,71
180,140,101,71
181,140,100,71
181,139,98,72
180,138,94,74
181,135,91,76
182,137,80,75
181,136,77,76
183,136,72,76
181,137,72,74
181,136,71,75
183,137,70,71
183,137,68,71
184,139,65,67
193,138,54,66
193,140,49,59
191,139,42,63
186,139,45,63
181,139,52,64
177,139,55,64
172,139,62,63
167,140,67,62
162,139,72,63
156,140,74,60
153,141,70,62
149,141,69,59
144,142,75,57
141,142,77,56
137,142,81,54
126,138,92,58
123,141,87,53
119,141,91,54
115,142,81,53
112,144,83,52
110,144,85,53
105,145,82,51
103,147,92,47
101,149,86,46
96,149,92,45
93,151,86,43
88,151,88,42
85,150,88,41
83,150,87,40
78,148,92,42
73,148,92,43
69,146,95,45
67,145,94,46
62,144,96,50
59,145,97,48
55,145,100,47
53,145,99,49
51,146,99,49
49,146,97,50
45,146,99,50
42,146,102,49
40,145,104,51
40,146,102,49
37,146,105,47
35,145,107,50
34,144,109,52
35,144,107,51
34,145,106,50
32,144,108,52
30,144,109,53
29,144,111,53
29,145,111,52
29,145,105,53
29,146,103,51
25,147,105,49
24,148,103,47
24,148,99,49
24,149,99,46
24,149,98,44
25,147,95,43
24,147,93,44
24,146,93,47
26,146,90,48
27,145,88,49
28,145,86,53
29,146,84,51
28,145,85,52
29,145,83,52
30,145,82,52
32,145,81,51
32,145,82,51
32,145,82,51
33,144,82,53
36,144,80,52
37,143,79,52
41,143,76,53
42,143,72,54
43,143,70,55
46,143,67,55
46,144,67,54
47,143,65,54
47,144,64,54
50,141,60,59
52,139,59,61
54,138,57,63
57,139,53,63
59,140,51,62
60,140,47,63
60,141,46,62
59,142,45,63
60,144,41,60
60,144,38,59
62,143,36,61
62,144,34,60
62,143,34,61
63,143,33,63
64,143,34,63
65,143,32,65
66,144,30,66
67,144,29,68
68,145,29,67
68,144,30,68
69,144,29,68
70,144,30,68
71,143,33,69
73,143,35,68
73,143,37,70
73,142,38,73
73,143,41,72
74,144,38,73
73,145,41,72
73,145,43,71
74,144,43,75
72,142,47,78
73,142,49,76
72,143,51,75
71,142,53,78
72,143,54,83
71,143,57,85
70,143,63,84
71,144,65,84
71,144,67,86
72,145,71,84
73,145,77,85
73,143,80,85
72,144,82,85
72,145,79,84
76,144,75,87
79,145,73,86
82,145,74,86
82,145,73,85
82,145,76,86
82,144,80,91
81,143,82,91
82,143,83,90
83,143,84,90
83,142,87,95
83,141,89,98
81,142,93,96
82,144,94,94
85,144,94,94
85,145,102,92
86,147,109,91
84,146,116,91
86,147,113,89
85,148,112,87
88,149,111,89
91,152,110,88
96,156,112,86
98,157,112,86
98,160,112,83
99,161,118,84
100,160,123,83
104,157,126,88
106,152,129,93
107,148,133,94
110,144,127,95
112,140,129,96
115,136,128,99
116,133,127,103
117,131,125,105
119,129,127,108
118,130,130,107
121,131,132,105
122,131,131,106
126,131,133,106
127,132,129,98
129,132,133,93
128,134,138,86
129,135,141,83
128,136,146,87
129,140,152,81
134,140,155,82
137,141,158,81
142,142,160,79
154,141,152,81
162,138,148,83
170,138,142,84
178,136,136,82
188,134,127,81
193,133,124,79
195,134,123,76
194,134,123,77
197,134,120,76
198,134,117,76
198,135,117,75
198,134,117,75
201,134,114,76
202,134,114,75
201,134,116,76
203,134,111,75
203,135,111,73
204,137,110,70
204,136,108,69
202,137,108,65
198,137,114,65
197,138,114,64
195,136,115,65
197,136,112,66
195,135,111,67
196,134,110,68
197,132,105,70
200,131,102,70
203,130,97,71
206,128,91,73
210,128,85,74
212,127,82,74
216,126,75,76
217,126,72,75
221,127,64,73
222,127,62,74
222,128,60,72
223,130,58,73
223,131,57,78
223,131,51,79
224,133,51,77
224,135,51,74
224,138,52,72
225,142,38,68
225,141,38,67
225,141,39,69
226,136,39,74
227,132,39,77
228,130,38,80
228,127,36,83
228,124,36,86
230,123,33,88
230,122,32,89
228,121,36,89
229,121,37,89
231,122,34,88
230,120,37,91
229,120,36,89
228,120,37,89
228,120,39,89
228,120,38,89
228,121,39,88
228,120,36,88
226,121,36,88
224,122,38,87
226,124,36,85
226,124,34,85
225,124,35,87
224,124,34,87
224,124,34,88
224,125,33,87
224,125,34,87
223,128,35,85
224,127,35,85
224,128,35,84
224,127,35,86
223,127,37,85
221,130,39,83
218,133,42,81
216,134,43,80
216,134,43,80
214,134,45,80
212,135,47,79
210,136,46,77
207,136,47,78
205,139,50,75
204,139,51,75
201,138,55,77
200,137,55,80
197,138,59,82
195,136,62,82
192,136,64,82
191,138,66,81
189,139,68,79
187,140,66,78
181,140,67,78
177,141,65,78
171,140,71,79
166,141,79,78
162,140,83,79
161,140,86,82
160,139,90,81
162,138,90,81
160,140,94,81
158,141,95,79
154,141,88,79
158,142,84,78
156,141,98,79
155,140,98,82
153,136,101,89
153,137,98,88
154,136,96,89
154,137,95,89
150,136,96,90
148,136,96,90
142,141,100,85
135,142,101,83
134,143,98,83
136,142,97,85
141,142,86,86
143,141,81,88
143,143,75,85
145,142,70,85
146,143,65,84
147,142,62,84
141,141,67,87
137,141,65,87
137,139,63,89
136,137,60,89
136,135,61,94
137,136,61,93
137,135,63,92
138,135,61,95
137,137,64,90
137,138,66,90
136,137,68,92
135,134,71,99
133,136,74,100
131,135,78,99
130,136,80,99
130,135,82,99
113,134,102,100
110,135,106,99
106,135,111,99
104,135,113,98
101,136,117,98
99,135,120,100
98,136,122,97
98,135,124,101
98,134,125,101
98,134,127,100
98,135,128,99
98,133,130,100
99,135,131,99
100,134,130,99
101,133,132,100
101,132,133,102
102,131,133,106
102,128,134,107
105,127,133,107
105,128,134,106
106,126,135,108
108,125,134,108
108,125,134,108
107,122,137,110
110,121,135,111
110,125,136,108
110,122,135,109
110,125,138,107
109,124,138,108
110,123,138,109
109,123,140,108
110,123,139,109
107,122,142,109
108,121,142,110
109,121,142,110
108,120,145,111
110,120,142,111
108,120,144,111
109,123,144,107
108,122,146,109
109,119,146,111
107,119,149,111
107,120,149,111
107,118,149,112
105,118,150,115
102,119,154,113
103,119,153,113
102,118,154,112
101,117,156,114
98,117,160,113
99,117,159,112
100,117,158,115
97,117,162,115
99,117,160,115
97,118,163,114
99,117,162,114
99,117,163,114
99,117,163,115
103,116,159,113
106,116,156,114
109,116,154,111
111,113,154,115
113,114,153,116
116,115,152,113
119,114,151,114
122,115,151,113
123,118,152,114
124,119,150,113
127,118,149,114
128,119,150,113
131,119,150,113
134,120,149,114
136,121,150,114
138,123,149,112
141,123,147,113
141,124,148,113
142,124,148,111
143,123,147,111
142,121,145,111
140,122,143,111
139,123,140,109
139,132,140,98
139,132,142,98
140,133,143,97
139,135,143,94
137,135,141,93
135,132,142,94
133,128,150,100
132,121,144,105
129,118,145,106
127,113,142,112
125,111,145,114
124,108,145,116
126,106,144,120
125,105,146,123
125,106,149,121
123,107,151,121
121,108,153,119
122,109,156,119
123,111,155,118
124,114,157,118
124,118,158,118
123,122,160,117
121,127,165,113
118,130,170,110
114,134,175,103
110,137,179,96
113,138,178,91
120,136,172,91
128,135,167,96
135,136,161,95
142,136,160,93
148,136,159,95
152,138,155,93
154,140,149,93
156,143,159,93
158,146,162,91
160,148,162,90
160,151,164,86
163,154,162,81
165,153,162,79
168,151,160,82
171,151,159,80
176,148,155,82
179,142,154,86
180,141,151,83
178,133,152,87
184,130,154,86
195,128,153,84
199,126,155,83
207,126,147,86
212,129,145,86
216,133,141,83
244,134,112,84
246,140,103,78
239,139,106,80
243,144,94,76
246,145,86,76
245,143,86,80
247,144,88,80
247,142,90,81
248,140,90,84
251,138,91,82
253,134,93,88
252,133,96,90
254,130,95,93
255,129,93,98
254,128,95,98
254,128,92,96
251,127,89,95
276,130,65,97
275,133,64,93
272,135,65,91
269,135,68,90
267,133,70,91
264,130,77,94
262,128,89,96
261,125,96,101
261,123,100,103
259,120,106,107
255,119,110,106
252,117,113,107
248,117,117,112
246,118,119,119
242,119,122,120
238,121,123,118
237,122,126,116
235,125,127,113
232,129,131,112
231,132,139,110
229,134,146,107
229,134,151,106
229,133,155,108
227,131,161,110
224,128,168,111
224,125,176,112
224,120,177,115
224,118,179,117
223,117,182,120
221,116,182,117
219,116,183,120
219,115,185,121
217,114,187,121
214,114,184,122
211,113,184,123
209,113,182,121
207,113,183,124
205,114,185,126
203,114,185,124
200,115,186,123
197,116,187,123
193,119,190,120
191,120,190,119
191,121,189,117
192,122,188,117
191,123,186,115
185,123,189,116
184,120,189,119
183,122,188,115
185,122,185,115
187,120,179,120
187,121,179,118
186,122,176,121
185,123,172,121
185,122,172,122
182,121,175,124
180,121,175,125
182,121,174,126
180,119,175,127
180,121,172,126
180,121,170,124
178,121,166,125
178,123,163,124
176,123,162,123
177,125,159,124
175,125,158,122
172,126,159,120
172,127,157,119
171,128,154,119
174,127,148,120
174,127,144,122
175,126,139,123
178,126,135,122
178,124,129,126
178,123,124,129
180,124,121,130
181,121,116,133
180,122,114,132
180,123,111,130
182,124,105,132
183,128,100,129
185,128,96,131
186,130,94,130
184,131,95,128
185,131,93,128
186,131,93,129
187,129,92,130
188,128,90,131
187,127,91,130
188,125,90,131
187,125,91,130
188,126,92,128
187,122,94,131
190,124,91,129
192,123,89,130
192,122,88,131
190,121,90,132
189,122,87,130
186,122,89,128
185,121,90,127
188,125,89,123
190,124,89,125
191,124,89,126
190,124,89,125
190,124,89,125
188,121,90,127
188,121,88,126
187,120,88,127
186,116,88,130
186,115,87,131
187,116,86,130
184,113,90,131
185,110,88,133
185,106,90,136
188,106,88,135
189,107,87,134
190,106,88,135
191,104,87,136
191,103,87,137
191,103,87,138
192,104,86,136
192,104,90,135
195,105,87,133
196,104,87,136
196,103,87,138
197,103,87,136
198,102,87,137
199,102,85,138
201,103,84,136
201,102,85,137
202,103,83,136
198,103,87,136
199,103,86,136
198,103,87,136
199,102,85,136
198,101,86,138
199,102,84,136
199,100,85,137
197,101,85,136
195,100,87,139
195,100,86,138
195,99,86,137
193,99,88,136
192,99,88,138
192,98,89,139
194,98,87,139
195,97,86,139
193,99,88,138
194,97,89,137
194,98,89,138
193,98,92,137
196,98,90,136
197,98,89,137
199,99,89,137
198,98,91,137
198,98,91,136
198,98,92,136
199,97,92,139
200,98,91,137
203,96,88,139
202,97,89,139
201,98,90,137
203,99,90,137
203,99,90,137
203,98,90,136
207,99,88,138
205,100,90,136
206,100,89,138
207,101,89,136
208,101,89,136
208,101,89,136
208,101,89,136
208,101,89,136
208,101,89,136
208,101,89,136
211,101,87,136
211,101,87,136
211,101,87,136
211,101,87,136
211,101,87,136
211,101,87,136
211,101,87,136
211,101,87,136
211,101,87,136
211,101,87,136
212,101,87,135
212,101,87,135
212,101,87,135
212,101,87,135
212,101,87,135
212,101,87,135
212,101,89,135
212,101,89,135
212,101,89,135
209,101,93,136
209,101,93,136
207,102,94,135
207,102,94,135
207,102,94,135
207,102,94,135
207,102,94,135
207,102,94,135
207,102,94,135
206,101,95,136
206,101,95,136
204,101,97,136
203,101,99,136
203,101,98,136
203,101,98,136
202,101,101,136
200,103,103,135
200,103,102,136
200,103,102,136
200,103,102,136
200,101,103,136
199,103,104,136
198,103,105,136
197,104,107,135
197,103,107,136
196,103,109,135
196,103,109,136
198,104,108,134
198,103,107,135
197,103,109,136
197,103,109,137
196,103,110,138
195,103,111,136
195,103,113,134
196,103,112,137
197,104,111,136
196,104,111,137
196,104,112,135
194,104,115,135
194,104,114,134
196,104,112,136
197,104,112,137
196,103,114,138
195,103,114,137
195,104,115,136
195,104,114,136
195,105,115,134
195,104,114,137
195,103,116,138
195,103,116,136
195,103,116,137
195,103,116,136
196,103,116,135
197,103,114,136
197,102,115,137
197,102,114,136
197,104,116,133
197,103,115,134
198,103,114,135
196,104,117,133
197,104,116,132
198,104,115,133
198,105,116,132
197,106,118,131
198,105,118,132
198,106,117,131
203,107,114,130
203,106,114,130
206,106,112,130
206,104,111,133
208,105,109,129
210,106,107,130
209,105,109,131
211,108,108,128
211,108,108,128
211,108,108,128
213,106,106,129
213,105,106,129
214,107,107,130
214,107,107,130
216,107,106,129
217,108,105,127
217,107,106,129
217,107,106,129
219,110,104,126
220,111,103,124
220,111,103,124
220,111,103,124
222,110,103,124
222,110,103,124
222,110,106,126
222,107,106,130
221,107,109,129
221,107,108,129
221,108,107,128
221,108,107,128
219,108,109,128
218,110,110,126
216,111,112,124
216,113,109,122
215,113,111,122
214,114,111,120
213,115,111,119
213,116,111,118
212,117,109,117
212,117,108,115
212,116,107,114
211,115,109,116
208,113,111,118
206,114,112,116
204,114,114,117
202,111,115,119
202,111,114,120
200,111,115,119
199,112,114,118
197,113,116,117
196,113,117,118
197,115,116,115
196,116,116,114
196,116,114,113
195,116,112,112
195,116,114,110
194,116,116,112
193,116,113,109
193,115,114,107
192,115,113,105
192,115,116,105
192,113,114,108
192,116,113,104
191,116,115,103
189,116,114,104
190,118,112,102
191,119,111,100
190,120,110,98
190,119,110,100
189,121,108,97
187,118,110,98
188,118,107,99
187,120,104,99
185,121,103,96
185,120,102,95
184,119,101,97
183,119,100,96
184,119,98,95
182,120,96,94
182,121,94,92
183,121,91,94
180,124,94,90
179,124,93,89
178,125,94,87
181,125,91,86
182,123,89,87
184,123,87,86
185,122,86,87
185,122,85,88
185,122,85,86
187,121,82,87
188,119,81,88
193,119,78,89
191,120,80,87
193,121,77,86
192,121,78,85
190,121,80,84
189,121,79,85
190,121,78,83
189,121,78,84
189,120,72,84
189,120,69,84
189,120,64,84
190,118,63,85
189,119,63,83
188,118,62,81
186,118,63,83
184,119,63,81
185,117,62,82
185,117,61,83
185,117,59,82
184,117,58,82
184,115,57,83
185,115,55,84
186,115,52,83
186,114,52,84
186,114,51,83
187,114,49,82
187,116,47,81
187,117,45,79
185,117,43,78
186,118,41,78
188,123,39,74
186,122,37,75
184,122,39,76
184,123,39,75
183,124,39,73
183,124,38,75
181,124,37,73
180,124,37,72
181,123,36,73
180,123,38,74
179,123,40,75
177,123,41,73
175,123,42,74
176,123,40,75
175,123,42,73
176,126,35,72
176,126,35,72
176,126,35,72
174,127,33,71
173,126,32,70
170,126,34,71
170,126,33,72
169,124,34,75
169,125,33,73
169,123,32,76
169,122,33,77
169,121,32,77
169,122,31,78
168,122,33,73
168,122,32,76
168,122,31,77
167,120,32,78
167,121,32,76
167,121,32,77
167,120,33,78
167,121,32,76
167,121,33,77
168,121,32,78
168,120,34,79
170,120,32,78
171,120,32,79
171,120,34,80
174,120,32,77
176,120,31,78
176,120,33,79
176,119,33,77
178,119,32,77
178,119,32,76
179,121,31,73
179,121,32,73
179,121,32,73
179,120,33,72
179,120,34,74
180,120,32,75
180,119,33,75
181,121,31,73
183,116,32,76
183,114,32,79
182,113,35,81
183,112,33,79
183,112,33,79
183,112,34,79
183,112,33,78
185,113,32,78
184,113,34,81
185,114,33,80
185,114,34,80
186,114,32,80
186,113,33,82
186,115,32,81
186,113,35,82
187,112,33,84
187,113,33,82
187,113,33,81
188,113,33,81
188,112,34,82
188,112,34,82
189,112,33,82
188,112,34,84
187,112,35,82
189,112,33,83
188,113,34,83
188,112,34,84
187,113,36,82
187,114,36,80
184,116,41,78
183,116,42,82
182,116,42,80
184,116,43,79
184,115,42,80
184,115,43,81
183,114,44,82
184,114,41,84
183,113,43,85
182,113,44,86
182,112,44,84
183,111,42,87
182,110,44,88
181,109,44,90
181,109,43,91
182,109,42,89
181,109,44,90
182,110,43,89
182,108,43,91
182,109,43,90
183,110,42,89
182,111,43,87
182,108,44,89
184,109,41,90
183,109,46,89
183,108,47,90
183,108,50,90
183,107,52,91
182,109,52,90
183,108,51,90
183,108,50,89
183,108,52,90
183,108,51,91
183,109,51,90
182,109,52,89
183,109,51,90
182,110,47,89
179,108,50,91
179,107,49,93
178,108,49,92
179,110,48,91
179,110,48,90
179,109,48,92
179,109,48,92
179,109,47,91
179,109,49,93
178,108,49,94
178,107,50,95
179,106,50,94
176,113,52,87
177,112,52,89
177,114,53,86
178,113,51,87
178,114,51,88
178,113,52,88
178,113,52,89
179,114,53,87
180,116,52,85
179,117,52,83
180,117,51,84
180,119,52,82
181,119,52,80
181,120,52,79
182,120,51,81
184,120,50,79
185,121,49,79
185,122,48,78
182,119,51,82
183,121,52,80
185,123,47,78
184,123,47,76
182,123,49,77
180,124,55,75
175,124,60,77
174,123,59,78
173,123,60,77
171,123,63,78
170,124,65,77
167,124,69,77
163,124,74,76
160,125,77,76
160,125,77,74
158,127,78,74
155,127,80,74
157,127,80,71
156,125,79,70
156,124,79,72
154,122,82,74
154,122,80,74
151,121,75,73
150,120,73,75
147,121,74,74
147,120,71,75
143,121,75,74
141,122,72,73
137,124,73,71
134,126,68,69
131,123,68,72
128,125,64,72
125,124,63,70
124,125,61,70
126,126,56,70
126,125,54,69
125,125,52,69
126,127,49,66
126,128,47,65
127,128,45,66
125,128,44,65
127,127,42,66
128,126,38,67
128,125,35,70
128,124,34,70
129,123,35,71
129,122,38,71
128,123,41,68
129,122,44,69
128,123,48,68
129,122,49,69
128,123,54,69
128,122,54,71
129,121,57,71
129,121,59,72
128,121,62,71
128,120,65,71
126,121,68,70
125,121,73,68
121,123,81,63
119,124,84,61
117,123,88,64
116,124,91,63
118,125,89,62
115,124,94,63
116,122,93,67
114,124,98,62
118,124,94,63
121,124,97,62
120,124,99,62
119,124,100,61
119,124,103,58
119,123,105,59
119,123,106,61
118,123,106,59
119,123,107,59
119,122,107,59
123,122,104,57
122,123,106,54
125,123,106,53
126,122,106,55
128,121,109,56
130,121,106,55
131,120,106,57
135,118,104,59
138,119,102,57
144,119,97,57
146,120,97,56
174,119,72,58
167,120,81,57
167,119,82,57
167,119,85,58
171,120,84,57
174,118,83,60
169,115,89,62
173,118,87,59
175,118,88,59
178,118,89,59
181,116,86,62
184,116,85,62
187,118,84,59
190,116,82,64
194,115,80,64
195,115,79,65
199,112,77,71
201,114,77,65
206,113,75,69
209,113,73,68
215,112,68,70
219,113,65,68
222,112,65,70
223,111,68,70
225,109,68,73
226,109,65,73
227,109,62,75
229,107,59,78
230,107,57,77
232,107,56,78
234,105,56,80
237,104,53,82
240,104,50,82
241,104,49,83
242,103,52,88
244,104,52,89
246,105,56,89
247,106,58,88
250,105,58,88
252,104,60,89
255,103,61,91
257,102,65,92
259,102,64,92
262,102,63,93
263,102,63,95
265,102,62,100
268,104,60,102
271,105,61,101
273,109,63,100
275,109,63,103
276,109,73,103
276,110,75,101
272,111,83,100
275,107,86,104
278,104,89,107
276,104,97,105
277,103,100,110
275,100,109,113
275,101,118,115
269,99,128,122
267,99,134,120
263,100,145,122
263,99,148,129
265,96,155,130
265,92,159,135
262,92,168,134
258,86,178,139
250,85,191,141
247,83,200,143
241,84,213,150
237,85,220,148
232,86,231,153
230,87,240,160
224,89,248,157
215,93,257,151
206,96,265,146
194,95,270,144
194,93,271,145
193,87,268,147
190,83,266,145
185,81,271,144
187,83,266,141
184,83,262,140
168,85,275,137
171,86,270,141
169,89,266,142
171,89,262,140
171,90,260,141
166,91,258,142
162,94,260,140
162,94,257,142
158,97,259,139
157,99,253,138
151,96,260,140
143,96,270,139
144,99,266,136
146,97,268,136
144,97,272,123
138,99,277,125
168,98,248,127
165,98,253,127
182,99,237,124
187,100,226,123
191,101,225,122
197,102,218,121
206,109,209,113
218,109,197,115
225,111,186,108
236,111,168,102
230,111,166,95
232,111,155,102
234,111,146,99
236,111,141,98
243,111,135,101
247,113,130,99
250,114,125,100
254,117,119,99
262,119,113,96
269,121,117,94
278,123,107,92
282,125,95,91
288,131,92,86
302,127,83,92
304,127,74,87
306,127,75,86
308,126,72,84
310,128,71,81
314,131,70,80
314,132,69,78
318,133,68,77
318,134,70,74
323,134,71,73
329,130,72,77
328,133,70,73
332,135,66,69
333,135,64,68
336,134,60,69
336,133,59,70
337,131,57,74
341,130,50,73
342,130,49,70
341,130,45,69
338,129,46,67
334,130,46,66
332,130,44,65
337,130,41,65
335,132,41,65
334,132,37,65
329,132,41,66
331,135,39,63
331,136,40,63
330,136,41,62
327,135,45,63
333,135,40,61
321,135,54,59
316,134,59,56
314,132,63,57
309,131,69,58
304,128,72,59
301,124,78,64
297,123,81,70
295,122,86,69
293,119,93,73
290,117,97,75
288,116,100,75
286,115,105,77
285,115,110,78
283,115,116,78
283,115,121,77
280,116,129,77
285,116,127,77
288,119,126,74
280,121,138,70
276,122,143,69
277,122,141,67
277,121,131,69
279,120,121,70
279,121,139,70
280,121,141,69
278,121,137,71
277,122,144,73
274,123,139,70
274,123,136,71
273,123,136,72
272,123,128,72
269,123,134,70
268,123,136,72
270,123,135,73
266,122,137,73
265,122,137,74
264,124,135,74
259,124,138,73
255,126,133,72
255,125,129,75
252,125,130,74
253,126,129,73
257,126,124,75
249,128,122,74
241,129,132,73
241,130,132,71
235,131,129,72
232,130,129,71
229,129,130,78
227,129,133,81
223,128,133,83
217,129,137,82
212,128,139,82
206,127,143,81
205,125,143,82
200,126,144,83
194,127,145,84
189,128,144,87
183,128,165,86
181,128,146,84
172,128,154,82
172,128,153,83
167,128,171,84
165,125,163,82
163,125,166,81
163,122,166,85
164,120,167,88
171,119,161,84
180,118,131,88
164,118,151,93
163,117,160,95
164,115,135,96
159,115,148,96
154,115,161,95
155,113,156,98
159,113,151,98
163,119,150,93
160,116,151,98
157,123,117,91
155,125,122,91
154,123,130,94
152,125,142,85
154,123,140,86
153,124,147,89
151,127,156,90
152,127,154,90
152,128,157,88
150,129,170,89
147,130,163,89
148,133,164,88
146,136,165,85
146,139,166,82
145,148,168,73
143,147,167,74
144,146,169,74
146,143,172,73
146,142,176,77
148,141,176,74
147,141,178,74
145,141,184,76
148,141,179,78
146,142,180,79
148,144,188,78
145,144,197,81
142,142,195,85
140,143,199,85
137,142,197,85
137,141,208,86
137,137,184,89
139,140,179,85
139,136,175,90
143,137,161,90
146,136,149,91
144,137,149,91
146,136,147,97
147,133,144,102
149,132,141,106
150,130,141,113
153,127,138,112
155,123,137,115
155,121,136,117
155,118,137,118
156,115,139,117
158,113,138,120
162,111,137,121
164,108,140,122
168,108,141,123
170,106,140,129
177,102,139,135
181,101,141,140
184,100,138,146
187,101,142,147
189,101,140,150
191,104,138,149
190,102,137,149
193,104,140,148
193,105,130,147
196,104,119,148
195,104,115,150
202,104,103,152
200,104,102,154
199,105,101,167
196,107,104,176
192,110,104,181
189,110,103,183
193,111,97,191
195,111,95,202
193,111,95,212
191,110,94,219
192,111,95,217
191,108,98,220
190,105,98,221
188,99,98,225
186,90,97,229
185,81,94,237
185,76,95,249
184,71,99,277
190,68,105,292
184,67,119,293
176,68,125,292
168,70,146,290
157,66,161,294
149,68,177,292
133,70,213,290
117,67,258,293
103,58,300,302
95,52,323,308
98,38,359,322
96,25,398,335
63,5,465,355
33,1,507,359
1,3,539,357
1,1,539,359
1,48,539,312
1,59,539,301
1,68,539,292
1,77,539,283
1,82,539,277
1,85,539,275
1,104,539,256
1,101,539,259
1,101,539,259
1,89,539,271
1,86,532,274
1,85,516,275
1,87,496,273
1,92,480,268
1,93,471,267
1,97,461,263
1,102,457,258
1,105,453,255
1,107,451,253
1,111,449,249
6,113,445,247
32,113,417,247
59,113,390,247
91,113,353,247
115,114,330,246
138,114,314,246
162,116,291,244
177,121,274,239
192,125,258,235
214,127,242,233
232,129,227,226
240,132,216,226
260,134,193,224
287,138,169,219
306,137,155,216
338,135,128,206
356,135,115,191
371,135,107,182
381,133,99,168
387,131,91,157
386,130,79,158
385,128,76,151
381,124,81,147
379,120,77,146
373,121,79,141
366,121,84,139
366,120,83,138
361,117,87,134
357,116,91,134
355,117,96,132
352,116,98,128
345,117,103,122
339,120,99,116
334,120,106,121
329,122,114,119
324,125,115,117
321,128,118,107
314,129,123,107
309,131,130,102
305,133,134,97
301,135,139,92
296,134,144,94
292,135,148,93
289,135,149,91
293,135,143,92
279,133,155,90
277,132,156,86
273,131,157,86
270,130,156,83
266,129,161,84
264,128,161,86
261,128,162,87
258,128,162,86
256,130,162,87
252,130,163,88
251,132,161,85
248,132,156,86
245,132,158,85
242,133,159,82
241,133,159,84
237,133,162,83
237,133,157,83
237,130,157,84
241,130,152,84
236,130,158,87
230,131,165,82
229,132,164,82
225,134,166,83
225,135,165,85
223,136,167,84
223,138,168,82
218,139,171,80
218,140,176,81
217,140,176,81
214,140,178,83
216,141,174,82
214,142,173,81
215,141,171,81
215,141,169,84
216,141,167,84
216,141,165,79
214,140,141,87
212,142,148,87
215,142,153,87
222,143,152,86
220,143,152,87
221,142,148,88
222,140,149,89
224,141,149,86
224,142,149,87
228,142,147,87
229,140,146,86
232,139,144,87
239,140,135,86
243,139,130,87
248,140,123,87
234,138,134,88
234,138,133,91
233,139,139,95
239,140,130,97
243,142,126,96
249,143,124,94
256,145,115,92
263,145,101,92
270,145,100,91
264,144,111,93
261,141,87,96
261,139,87,99
260,139,88,95
260,138,87,95
262,137,83,97
263,135,79,103
264,135,75,105
269,135,66,111
269,138,67,109
273,140,64,114
274,142,63,114
272,144,67,112
274,144,66,112
268,144,75,111
257,143,88,114
253,141,94,113
243,136,104,117
233,133,116,122
226,133,120,122
220,125,127,131
216,121,132,133
216,122,134,130
205,120,145,130
201,121,148,129
197,121,151,129
194,123,154,129
187,132,163,121
190,133,162,121
192,134,162,120
192,137,167,117
191,139,166,115
190,139,166,116
189,139,169,114
189,137,170,115
186,137,171,117
182,132,176,124
177,132,179,124
175,133,180,122
173,132,180,123
170,125,180,129
163,125,187,130
161,123,189,133
159,120,192,134
158,121,192,133
158,119,192,137
161,120,191,136
160,119,192,136
157,119,195,135
154,119,197,135
153,120,198,135
148,120,205,135
146,120,205,134
144,121,207,133
142,121,208,134
138,122,214,137
137,122,217,134
136,122,218,135
133,122,222,135
133,121,221,135
137,120,221,134
136,119,221,134
136,119,220,135
136,119,220,134
136,119,219,133
137,117,219,136
137,117,219,135
137,117,219,134
142,117,211,135
144,117,210,133
143,117,210,132
148,117,206,138
149,117,203,137
149,117,205,134
151,117,204,136
152,117,202,135
151,117,203,136
153,117,199,135
152,117,202,135
154,115,201,141
153,116,204,140
156,116,200,140
155,115,202,140
156,115,201,139
155,115,201,140
156,115,200,140
157,114,201,141
161,115,199,140
164,115,196,145
166,115,194,140
169,115,190,139
170,115,188,143
173,115,185,141
172,115,185,142
172,115,183,142
172,115,183,142
172,115,183,142
172,115,183,142
169,115,184,142
169,115,184,142
166,115,182,142
166,115,182,142
166,115,182,142
166,115,182,142
161,115,183,143
161,115,183,143
161,115,177,143
161,115,176,143
161,115,174,143
158,115,176,143
158,115,174,143
156,115,177,143
160,115,172,143
161,115,170,144
163,115,169,144
163,115,169,144
163,115,169,144
163,115,169,144
163,115,169,144
163,115,169,144
163,115,169,144
166,115,166,141
167,113,167,142
167,113,165,142
168,113,165,142
168,113,165,142
168,113,165,142
168,113,165,142
168,113,165,142
171,113,162,142
171,113,162,142
171,113,162,142
171,113,162,142
171,113,162,142
171,111,164,143
171,111,164,143
171,111,164,143
171,111,164,143
171,111,164,143
174,111,162,141
174,111,162,141
174,111,162,141
174,111,162,141
174,111,159,141
175,110,159,141
175,110,159,141
175,110,159,141
175,110,159,141
175,110,159,141
175,110,162,141
178,109,160,141
178,109,160,141
178,109,158,141
178,109,158,141
178,109,158,141
178,109,158,141
178,109,159,141
178,109,159,141
178,109,159,141
177,109,159,141
177,109,159,141
177,109,159,141
177,109,159,141
175,109,161,141
174,109,161,141
174,109,161,141
174,109,161,141
174,109,161,141
174,109,161,141
174,109,161,141
174,109,161,141
174,109,161,141
174,109,161,141
174,109,161,141
174,109,161,141
174,109,161,141
174,109,161,141
175,109,163,141
175,109,162,141
175,109,162,141
172,109,165,141
172,109,165,141
172,109,165,141
172,109,165,141
172,109,165,141
172,109,165,141
172,109,165,141
174,109,163,141
174,109,163,144
174,109,163,144
174,110,162,144
174,110,162,144
174,110,162,144
176,110,161,144
176,110,161,144
176,110,161,144
176,110,161,144
176,110,161,144
176,110,161,144
176,110,161,144
176,112,161,142
176,112,161,141
176,112,161,141
176,112,161,141
176,112,161,141
176,112,162,141
176,112,164,141
177,113,162,141
176,112,163,141
175,112,161,142
175,112,157,142
174,112,156,142
173,112,156,142
173,112,155,142
173,112,156,142
173,115,157,140
171,115,158,139
170,117,155,136
170,115,153,138
171,116,152,137
171,116,151,138
172,116,150,139
172,116,150,140
170,116,151,140
170,116,152,140
170,116,152,140
171,116,150,140
171,116,150,140
173,116,148,140
173,117,148,140
173,117,148,140
174,119,149,138
176,119,147,138
176,119,147,138
175,119,149,138
176,120,147,138
176,119,148,138
176,119,148,138
175,120,148,138
177,120,147,138
178,119,146,138
178,119,146,138
179,120,146,138
180,120,144,138
180,120,144,137
180,120,144,137
180,120,144,137
180,120,144,137
182,121,144,137
180,121,146,137
181,121,146,136
180,121,148,136
181,121,147,137
180,121,150,135
181,121,149,136
180,121,151,135
180,120,152,137
181,121,153,135
180,122,154,136
180,122,154,136
