843,96,178,618
841,103,189,617
848,104,193,616
841,103,209,617
842,102,209,617
803,105,255,614
800,109,256,611
799,122,263,598
799,127,264,592
799,126,261,594
802,126,257,594
803,118,254,601
805,111,251,609
806,108,243,612
803,100,242,619
796,101,240,619
796,101,239,618
783,104,238,616
773,113,237,607
750,123,250,596
749,123,242,597
758,121,229,599
758,119,228,600
764,112,215,608
773,111,197,609
775,110,190,609
772,110,182,609
773,109,177,611
774,108,176,612
773,108,173,612
765,110,177,610
758,109,179,611
750,108,181,611
743,107,185,611
744,106,185,613
739,105,184,615
736,105,184,614
734,105,183,613
735,104,183,616
734,104,183,616
734,104,183,616
733,105,183,615
734,104,186,615
731,106,189,614
730,105,193,614
729,105,197,614
728,106,199,614
729,106,199,614
731,107,200,613
735,108,197,610
739,109,197,609
740,112,197,608
742,112,197,608
744,112,194,608
745,113,194,607
751,114,189,606
754,115,188,605
757,116,184,604
757,116,184,604
757,117,183,603
757,117,183,603
756,119,182,601
756,119,182,601
753,122,182,598
755,123,182,597
752,121,182,597
748,122,181,596
740,129,180,591
735,130,182,590
731,132,181,588
730,133,181,587
724,133,181,587
715,132,185,587
708,135,186,585
703,136,187,584
700,137,187,583
700,139,187,581
697,141,189,579
693,146,189,574
690,155,188,565
684,167,192,553
679,177,195,542
678,176,195,542
670,188,202,531
667,195,202,524
662,199,205,521
658,189,208,530
657,170,211,549
658,170,210,550
666,127,202,593
670,92,201,627
678,62,195,658
684,35,198,685
680,25,208,694
680,25,207,693
674,23,219,697
665,26,236,694
655,32,251,688
643,34,267,686
638,39,285,681
636,39,282,681
639,46,283,674
654,48,274,672
675,45,250,674
688,31,240,689
686,24,251,696
686,23,252,697
685,17,258,703
689,8,258,712
690,1,264,719
690,2,266,718
691,3,268,717
689,2,272,716
691,10,274,710
694,24,271,696
694,33,280,687
688,51,286,669
677,61,294,659
677,61,293,658
665,65,292,655
654,72,296,647
644,74,300,646
639,75,299,645
633,76,304,644
631,76,308,643
605,77,335,642
603,78,335,641
605,81,334,639
614,82,331,638
623,83,330,637
625,83,329,636
633,80,328,640
647,76,327,644
664,72,316,648
691,74,295,646
723,74,269,646
724,74,269,646
734,72,269,646
742,74,269,645
752,74,266,646
755,74,265,646
756,76,265,644
756,75,265,643
751,81,266,639
744,91,297,629
735,98,297,622
675,102,354,616
665,118,356,602
665,118,355,601
608,146,408,573
582,146,420,573
541,154,440,566
520,167,454,553
509,171,461,548
509,171,460,547
505,170,461,548
503,167,458,552
502,162,447,557
501,145,423,574
512,121,413,599
513,121,415,598
522,109,415,609
522,110,410,608
516,120,409,598
506,134,408,585
487,142,428,578
487,142,427,577
463,148,427,571
422,174,455,546
402,180,473,540
378,174,488,544
361,173,489,544
360,172,489,544
334,174,492,544
326,166,493,553
315,150,495,568
297,132,499,587
287,128,507,590
286,127,512,592
278,130,496,589
270,126,489,594
268,134,478,586
271,126,466,594
280,108,457,612
281,107,454,612
329,79,387,641
326,63,385,657
342,61,362,658
306,69,394,651
333,76,361,644
334,76,360,643
330,80,360,640
298,86,374,634
281,92,385,628
274,109,380,611
264,138,388,581
264,138,387,580
264,148,399,572
269,143,391,577
276,138,373,582
280,130,367,590
278,143,350,577
278,143,349,576
353,157,286,561
348,183,286,537
348,196,291,524
360,203,291,517
364,156,292,564
363,155,292,564
370,136,292,584
373,124,300,596
377,123,305,597
379,128,312,592
369,147,323,572
367,146,325,574
368,160,338,560
359,168,359,551
350,170,377,550
347,166,389,554
352,157,394,563
352,157,393,562
358,154,392,566
367,153,392,566
376,160,396,560
389,176,384,544
405,224,390,494
405,223,387,496
417,215,387,504
447,184,366,536
487,186,342,534
540,210,294,509
536,192,304,528
535,193,310,527
546,172,327,548
554,154,354,565
584,151,337,568
593,147,331,573
602,148,311,572
603,147,308,573
611,152,289,568
639,151,275,568
649,148,270,572
652,148,266,572
652,146,255,574
653,144,252,575
654,144,245,576
634,156,259,564
609,162,276,558
610,165,271,555
609,176,271,544
609,176,271,544
598,182,281,538
595,192,281,528
578,192,303,528
579,187,305,532
593,174,297,546
593,174,298,545
598,168,299,551
590,165,309,554
588,162,318,558
595,162,318,558
602,161,325,558
603,160,325,558
601,159,332,560
596,159,342,560
595,156,345,563
589,156,352,563
585,155,360,564
583,154,360,564
579,156,360,564
579,157,360,563
570,161,362,559
567,163,355,557
584,162,337,558
583,161,337,558
599,163,313,557
614,168,291,552
633,169,266,551
631,170,266,550
625,168,269,552
627,167,267,552
623,168,267,552
622,168,272,552
620,166,278,553
618,168,282,552
613,170,291,550
613,170,291,550
603,170,306,549
602,172,306,547
602,166,309,553
603,160,309,560
602,141,312,579
601,140,312,579
602,158,312,560
608,171,304,549
607,157,308,563
588,157,322,562
567,164,341,556
566,163,340,555
551,164,350,556
533,167,356,553
525,180,353,540
521,183,350,537
521,184,333,536
520,183,333,536
522,184,319,536
522,184,310,536
524,176,309,544
527,166,296,554
532,134,296,586
533,134,296,586
506,108,292,612
487,79,301,641
448,101,328,619
417,96,362,624
419,100,362,620
419,98,362,622
420,100,362,619
441,106,321,614
416,121,327,599
409,131,333,588
411,139,349,581
414,138,347,582
395,143,371,577
412,135,358,585
415,130,350,590
397,123,379,597
422,135,335,585
421,134,335,585
407,180,324,539
400,181,330,539
398,177,334,543
386,184,332,535
365,183,345,537
364,189,346,531
353,190,367,530
349,181,378,539
353,164,384,556
365,161,388,559
394,159,360,561
393,158,362,561
397,162,370,558
407,149,370,571
430,136,334,584
446,128,324,592
457,118,315,602
457,118,315,602
447,117,331,603
440,116,339,603
431,148,351,572
426,184,370,536
421,192,387,527
420,192,389,527
401,186,404,534
392,182,411,538
374,174,429,546
366,163,432,557
402,156,416,563
402,154,412,566
430,140,384,580
444,104,367,616
451,86,363,634
446,78,367,642
442,84,369,636
441,83,369,636
437,99,371,621
435,109,371,611
435,117,371,603
433,129,366,591
433,151,357,568
429,151,358,568
427,152,358,567
475,152,312,567
492,119,284,601
524,118,264,602
551,122,251,598
549,120,251,600
564,138,251,581
575,147,222,573
588,127,218,593
593,109,226,611
560,105,265,615
559,104,265,615
563,104,265,615
572,105,260,614
563,104,269,614
560,108,271,612
558,108,276,611
556,110,277,610
551,112,279,608
542,111,284,608
548,112,283,608
522,116,303,604
507,119,316,601
505,119,317,601
494,118,323,602
483,118,331,602
463,118,349,602
448,118,363,602
441,118,366,602
440,118,366,602
437,121,366,598
537,139,263,581
493,122,309,598
503,110,303,610
480,107,321,613
480,107,323,613
482,96,325,624
457,122,352,598
488,138,327,582
486,139,335,581
475,128,350,592
473,129,352,591
468,116,362,603
476,98,355,622
477,90,355,630
478,86,357,634
499,80,338,635
499,80,338,635
523,66,316,623
523,64,314,656
522,63,310,657
519,67,307,653
515,75,306,644
515,77,307,643
508,86,301,634
501,95,298,625
497,167,290,552
501,176,282,544
500,181,279,539
500,182,279,538
498,185,279,535
494,190,283,530
489,185,285,534
487,171,292,549
479,165,308,555
477,163,309,557
474,159,316,561
470,155,322,565
459,149,340,571
457,143,346,576
460,126,349,594
459,125,351,594
452,109,363,610
458,93,379,626
481,75,364,645
463,77,382,637
468,78,379,596
468,77,381,596
479,70,385,550
485,63,385,516
501,57,375,493
530,52,359,501
554,52,342,510
554,53,341,512
547,40,360,545
554,36,363,564
566,38,357,564
571,46,359,564
596,50,346,549
593,49,350,550
616,63,342,486
615,68,348,463
604,81,372,448
561,73,425,458
559,50,433,474
557,52,436,474
576,35,423,507
592,27,412,555
599,26,409,616
657,31,357,665
673,35,346,684
675,36,343,684
714,38,311,682
739,32,289,688
694,27,343,693
693,30,356,690
694,62,355,657
722,63,331,657
692,86,379,633
688,113,378,607
684,134,383,586
684,142,385,577
686,134,387,586
686,133,386,587
811,121,262,598
798,117,273,602
784,116,294,603
776,122,298,598
756,129,329,591
692,130,390,590
702,112,383,608
730,117,361,603
774,123,318,597
840,127,257,593
845,128,258,592
844,129,259,591
849,127,260,592
838,119,281,600
782,117,344,603
751,126,375,593
752,113,373,607
747,112,374,607
800,116,320,604
788,148,321,572
778,177,318,542
775,152,315,567
778,146,304,573
777,145,304,574
777,151,305,569
779,160,312,560
774,142,340,577
764,130,361,589
761,121,361,599
757,120,364,600
753,118,356,600
747,117,358,603
741,118,378,602
733,124,379,596
727,125,379,595
723,125,390,595
717,132,391,588
711,132,392,587
715,136,393,583
715,143,393,577
717,154,392,566
716,154,404,566
720,172,411,547
724,182,416,538
729,182,422,538
733,182,426,538
736,174,434,546
736,174,436,545
754,166,422,553
790,158,383,562
816,158,354,561
813,156,350,561
807,132,346,588
807,131,350,588
803,118,346,602
807,114,330,606
808,120,320,599
810,121,315,599
812,122,312,598
813,122,311,597
807,133,312,586
797,137,320,583
790,138,320,582
786,141,327,579
762,145,345,575
762,145,346,574
749,150,359,568
717,152,376,568
683,151,412,568
673,153,411,567
663,158,416,562
662,158,417,561
658,160,415,559
658,165,408,555
653,166,407,554
648,168,406,552
641,169,408,551
638,169,409,551
626,170,410,550
614,171,411,549
603,172,404,547
598,179,401,541
589,180,394,538
590,182,395,537
581,182,389,538
564,178,398,541
556,167,397,553
558,148,379,572
559,125,364,595
560,123,364,597
569,90,341,630
571,70,326,650
557,69,327,651
527,70,347,650
492,82,369,638
490,83,372,637
454,97,409,623
426,117,415,603
411,136,418,584
397,151,409,569
395,152,403,567
391,152,403,568
370,139,404,581
350,119,417,601
325,107,448,613
289,89,478,631
287,85,484,635
287,85,483,634
293,84,470,595
303,91,465,550
318,95,449,517
344,89,427,514
362,72,412,532
361,73,412,532
352,71,431,533
350,71,439,534
359,75,436,539
366,77,433,575
430,77,372,604
428,75,373,608
422,67,382,650
416,67,395,653
412,75,396,645
412,115,395,605
397,143,392,575
396,142,397,578
403,164,384,555
407,166,367,554
391,164,382,556
377,155,389,565
374,146,391,574
373,146,392,573
369,136,392,584
364,133,394,586
363,143,396,577
368,171,395,549
387,154,389,566
383,156,392,564
401,123,383,597
431,124,365,596
426,123,381,597
443,168,378,552
470,167,352,551
470,169,351,551
585,168,250,552
587,168,258,551
590,156,260,564
594,119,252,601
582,130,265,590
581,130,267,590
576,107,269,613
572,98,268,622
574,94,256,626
573,91,247,629
574,91,245,628
574,93,244,627
572,94,244,626
570,98,244,622
569,86,244,634
570,81,245,639
576,87,234,633
578,88,230,632
589,96,214,624
595,104,201,616
599,109,195,611
598,111,198,609
578,105,223,615
576,104,224,615
557,94,250,626
571,89,241,631
576,88,243,631
582,89,238,630
601,90,226,629
611,90,219,630
618,89,218,631
615,89,225,631
609,90,229,630
619,85,226,635
611,85,234,635
608,85,239,635
592,86,256,634
587,94,259,626
582,102,260,618
577,112,259,607
575,134,258,586
575,135,258,585
572,152,260,568
568,169,264,551
554,181,278,539
551,186,278,534
548,182,278,538
552,180,279,540
552,151,278,569
546,129,281,591
544,107,281,613
540,90,269,630
519,92,269,628
519,92,269,627
522,104,266,616
462,123,322,597
459,135,323,585
473,144,307,576
472,144,308,576
506,144,271,576
516,142,259,578
533,135,244,585
514,142,263,578
521,143,268,577
529,122,272,598
527,122,273,598
530,138,278,582
531,169,288,551
516,159,313,561
540,149,302,571
555,146,303,574
555,145,303,574
557,145,312,575
559,145,327,575
562,153,332,567
567,162,338,558
572,177,344,543
572,177,345,542
600,187,336,533
608,188,333,532
615,177,339,543
626,162,339,558
643,148,333,572
640,146,341,574
649,140,342,580
678,141,323,579
688,148,325,572
697,152,326,568
708,155,329,565
708,155,331,564
713,149,335,571
714,142,339,578
709,144,341,576
712,147,340,573
699,148,348,572
697,149,350,571
686,152,357,568
685,157,358,563
678,158,357,562
672,160,357,560
665,163,358,557
663,164,358,556
657,164,358,555
664,166,345,554
662,166,344,554
659,165,343,554
656,164,343,554
655,168,343,552
652,168,344,552
650,169,346,551
647,170,346,550
644,171,349,549
641,177,351,543
639,178,352,542
633,187,357,533
628,192,359,528
623,193,360,527
620,188,361,531
617,190,358,530
616,190,356,530
614,200,357,518
613,212,352,508
543,222,406,498
537,227,407,493
530,231,404,489
530,231,403,488
524,232,405,487
517,234,405,486
512,226,407,494
504,209,409,511
492,180,412,540
491,178,419,542
483,148,419,572
479,121,427,597
540,115,365,605
534,127,370,593
541,138,369,469
540,137,369,473
518,150,394,434
475,148,435,434
447,137,458,447
456,121,442,484
460,105,435,552
459,106,435,550
490,101,403,596
484,105,403,614
557,107,324,613
541,105,334,615
517,116,349,603
515,116,353,603
491,120,374,600
508,150,359,566
523,170,345,550
570,159,310,561
617,143,297,577
615,142,298,578
639,131,291,589
661,125,271,595
564,123,363,597
581,129,345,590
607,134,314,584
607,135,314,584
613,132,303,585
579,129,329,586
558,129,341,591
576,124,325,596
550,124,350,596
549,123,350,597
548,125,350,592
557,140,326,580
541,144,328,576
532,150,332,570
522,151,336,569
523,151,340,569
505,150,352,570
502,143,352,576
490,137,365,583
483,146,367,574
465,146,381,574
462,145,390,574
448,149,401,571
423,159,424,560
420,161,425,559
415,160,427,559
412,159,427,561
409,160,430,560
404,161,439,559
403,161,439,559
408,163,435,557
409,165,432,553
410,168,430,552
410,167,430,551
410,167,429,553
432,165,407,555
428,147,412,573
465,119,378,601
461,107,383,613
459,107,382,612
468,126,381,594
487,108,358,612
509,91,339,629
514,80,336,640
551,76,296,644
554,76,291,643
538,77,293,643
544,79,289,641
559,90,320,630
581,99,327,619
610,101,330,618
609,102,331,618
606,98,337,620
602,76,352,644
596,66,381,654
607,64,380,655
638,62,349,658
639,61,348,658
648,58,335,661
620,63,354,657
617,65,335,655
605,64,338,656
600,68,336,651
601,68,335,651
605,74,335,645
603,78,339,642
596,74,347,645
589,71,358,649
578,84,378,636
575,83,379,636
580,95,383,625
587,97,390,623
600,96,399,624
614,98,408,622
631,106,411,614
630,106,413,614
654,120,401,600
679,114,395,606
689,104,407,616
682,94,419,626
683,87,431,633
683,87,432,633
683,85,443,635
730,82,394,638
741,80,381,639
731,79,389,641
701,80,416,640
701,80,416,639
696,88,415,632
704,96,396,623
705,104,386,616
683,113,405,607
678,108,407,612
678,107,407,613
679,96,404,623
692,92,392,628
703,90,380,629
701,93,383,627
690,99,396,621
687,99,398,621
687,101,400,619
684,103,401,617
680,106,406,613
687,107,397,613
704,111,372,609
705,111,373,609
714,115,354,604
708,118,366,602
654,126,413,594
623,113,447,607
583,88,475,632
585,88,475,632
532,83,523,637
526,83,524,636
514,93,526,625
542,101,493,547
531,114,493,497
529,113,496,497
516,122,502,476
513,127,493,479
505,130,485,489
495,116,486,554
485,121,473,595
487,121,473,597
487,132,454,588
493,131,441,589
513,140,400,580
515,166,379,554
506,207,378,512
505,207,378,512
494,272,386,448
492,284,386,435
518,280,359,440
503,257,376,463
533,237,353,483
532,237,354,483
540,238,358,482
563,250,341,470
582,207,320,513
592,150,320,570
596,138,325,582
594,139,332,581
574,188,349,531
594,207,338,513
645,249,313,470
660,223,290,497
650,200,310,520
649,201,313,519
652,187,312,533
624,185,342,534
603,185,357,534
603,185,361,535
595,190,375,530
594,190,376,529
581,198,389,522
573,199,398,521
574,201,390,519
572,205,394,515
585,221,368,499
584,221,370,499
599,221,357,498
595,225,359,495
597,223,357,497
579,226,369,494
582,225,371,494
581,225,373,494
594,221,361,498
607,220,343,499
604,220,360,499
600,222,370,498
602,223,370,497
602,225,370,495
604,227,370,493
587,228,388,492
584,227,391,493
579,226,393,494
579,226,396,494
577,225,398,494
574,226,398,493
575,228,395,492
571,234,387,486
569,240,379,480
571,243,374,477
571,244,372,476
574,246,353,474
587,244,351,474
575,202,382,518
511,117,429,603
476,182,460,538
475,183,465,537
443,172,497,548
416,162,520,558
431,164,502,555
455,155,475,565
460,145,468,569
460,145,469,569
438,138,485,581
427,154,486,566
524,198,382,522
534,205,362,515
527,210,366,510
528,211,367,509
519,220,368,500
503,227,378,493
535,246,356,474
490,236,372,484
507,245,337,475
507,245,337,475
499,247,316,473
490,252,309,468
483,263,292,457
477,264,288,455
486,251,272,469
485,250,267,469
476,206,268,514
464,196,267,524
455,185,257,535
441,186,261,534
422,200,267,520
421,200,266,520
388,221,262,499
369,225,250,495
343,249,259,471
300,281,304,438
281,286,313,434
280,285,313,434
262,293,322,427
250,297,336,423
266,291,312,429
343,270,221,450
352,254,220,466
352,253,220,466
345,236,235,483
339,234,250,486
338,239,261,481
344,246,269,474
367,245,255,475
366,245,256,474
397,247,225,472
407,247,220,472
414,249,210,471
413,251,209,469
409,254,208,466
409,254,208,466
399,257,209,463
391,262,209,457
380,269,212,451
376,262,217,458
374,247,219,473
375,244,220,476
362,207,236,513
356,171,254,549
347,133,263,587
342,118,270,602
321,114,293,606
320,116,294,603
242,127,372,593
236,158,384,562
259,186,363,534
301,227,316,493
326,264,289,456
318,264,298,455
315,288,297,432
318,307,292,411
332,302,273,418
338,288,269,432
345,269,258,451
345,270,258,450
347,250,256,470
350,243,251,477
357,245,252,475
367,242,240,478
379,241,231,479
377,240,233,480
397,240,217,480
408,236,208,484
415,228,205,492
421,218,203,502
428,213,196,507
427,212,196,507
435,217,192,503
438,224,189,496
437,230,189,490
439,226,189,494
437,222,192,498
435,222,195,498
428,219,201,501
427,212,205,508
420,208,214,512
391,207,247,513
352,206,285,514
352,207,284,513
349,205,291,514
361,212,282,508
374,210,274,509
391,203,270,517
403,195,261,525
406,193,256,527
418,188,244,532
422,190,230,530
422,204,220,515
421,223,220,496
420,242,220,476
420,242,221,478
420,231,222,489
423,228,222,492
431,227,210,493
435,244,206,476
438,261,205,459
438,263,203,457
444,267,198,453
448,267,193,453
447,267,194,453
447,263,189,457
445,251,190,469
444,252,190,468
442,232,196,488
439,190,206,530
430,168,216,552
430,160,216,560
430,157,215,517
430,161,215,510
429,161,215,507
433,159,204,508
432,155,207,509
437,144,193,520
427,142,199,522
427,144,199,522
425,141,202,523
423,151,202,523
420,152,203,524
416,146,203,574
410,144,208,576
408,144,210,576
400,156,213,563
391,195,216,524
387,225,209,495
383,229,209,491
379,218,209,502
378,217,210,502
378,207,212,513
377,185,199,535
385,178,187,542
383,176,186,544
386,179,182,541
386,180,182,540
385,180,183,540
352,213,244,506
340,215,262,505
346,208,268,512
372,208,249,511
372,209,249,511
380,208,244,512
421,205,208,515
427,188,180,532
431,142,182,578
439,122,181,598
440,123,179,597
447,135,194,585
452,135,207,585
459,136,214,584
463,137,230,583
466,151,237,569
465,151,239,569
467,151,247,569
469,139,271,581
471,153,280,566
472,169,288,549
478,168,283,549
477,167,283,553
480,166,277,553
466,163,278,556
460,163,278,557
446,162,286,558
444,168,292,552
442,167,294,553
441,172,297,548
435,169,306,550
434,164,306,555
430,150,302,570
428,140,293,580
428,139,294,581
425,128,296,592
426,125,300,595
427,130,307,590
427,134,311,585
428,137,322,583
427,137,325,583
427,145,333,575
424,151,343,569
420,159,355,561
420,158,363,562
421,157,371,562
420,169,373,551
419,180,381,540
416,194,386,525
412,200,401,518
406,202,410,516
404,197,417,523
405,197,420,523
414,195,414,524
423,194,407,525
431,196,403,524
448,199,398,520
449,204,389,515
449,204,389,514
453,206,387,511
465,209,384,511
493,208,353,511
501,207,343,512
525,206,336,514
525,206,335,513
527,197,337,523
534,184,337,536
540,183,337,536
556,180,326,540
592,178,297,542
596,177,296,543
632,166,265,554
683,154,218,566
697,150,209,570
703,133,213,587
710,133,211,587
710,134,211,586
710,133,211,587
694,132,224,588
679,138,240,580
664,141,258,578
654,145,264,575
654,146,265,574
646,149,268,571
642,149,269,571
638,150,269,570
639,150,269,570
635,153,265,567
635,153,266,566
626,155,267,564
617,159,271,561
607,161,280,558
602,167,279,553
608,170,268,550
606,170,269,550
607,173,263,546
607,176,253,542
607,181,248,538
609,183,242,535
590,178,250,542
589,180,250,540
558,163,267,557
508,124,315,596
418,91,397,629
411,94,403,626
398,105,411,506
397,104,412,503
395,105,402,470
388,107,399,455
383,103,396,475
380,101,388,525
381,105,376,554
382,105,377,553
377,111,373,585
381,118,354,602
377,125,346,595
375,134,331,586
376,151,311,569
375,150,312,570
380,154,289,566
391,149,253,571
396,146,239,574
396,145,229,575
392,139,231,581
392,139,230,581
386,136,231,584
384,148,236,572
380,144,241,575
374,157,239,562
377,140,250,580
375,139,252,581
378,133,255,586
393,132,217,588
416,138,213,582
428,143,201,577
428,144,207,576
429,145,206,574
437,145,203,575
437,150,202,570
436,159,202,561
434,164,198,556
431,175,187,544
429,174,189,545
418,176,201,544
415,178,205,542
416,179,203,541
414,178,205,542
406,173,212,547
406,171,214,549
405,165,214,553
413,162,204,557
405,160,212,560
403,161,213,559
403,170,212,549
404,171,214,548
405,172,211,547
404,190,212,529
405,194,212,525
406,197,212,523
407,202,208,518
407,202,210,517
408,206,209,512
409,210,209,510
408,216,210,504
408,220,211,500
408,224,213,495
407,225,215,495
405,227,218,493
403,227,221,493
403,230,223,490
403,233,225,487
401,239,226,481
400,236,229,481
401,236,228,484
401,235,231,484
401,244,235,476
403,242,237,475
392,231,252,489
389,230,254,490
387,230,263,490
386,221,270,499
384,206,277,514
388,194,281,526
386,187,287,533
386,186,288,533
387,188,290,532
384,195,296,525
380,205,302,515
377,208,304,512
379,209,303,511
379,208,303,511
377,209,303,511
375,208,302,511
373,209,304,511
370,207,305,511
367,214,307,506
367,212,308,508
363,207,311,512
362,199,314,521
362,188,318,532
362,180,319,540
362,174,320,546
362,173,320,546
364,175,317,545
365,181,314,539
365,191,313,528
364,201,316,519
361,201,321,519
360,200,321,519
361,201,325,519
361,207,327,513
356,204,333,516
355,213,339,507
368,220,324,500
368,220,328,500
392,219,321,500
402,224,317,495
403,231,330,488
408,239,334,481
414,244,335,476
413,244,335,476
414,248,334,472
411,249,329,471
406,248,333,471
398,242,336,478
388,234,336,486
387,233,335,487
378,233,331,487
370,234,332,486
364,229,325,490
359,226,320,493
358,218,322,501
357,216,324,504
353,216,328,504
352,215,330,505
352,205,331,515
352,192,332,528
348,182,341,538
347,182,343,538
348,176,350,544
350,178,362,542
357,183,347,537
364,186,347,534
367,185,349,535
368,185,349,534
390,182,331,538
396,184,333,536
400,190,334,530
430,190,308,530
445,172,295,548
445,172,294,547
448,165,295,555
447,171,296,549
444,178,298,542
442,197,295,521
430,215,295,504
430,215,294,504
424,223,294,497
422,206,294,514
430,179,298,541
420,184,306,536
414,198,306,521
413,199,308,519
420,203,289,515
419,205,278,514
425,206,269,514
423,206,270,514
422,207,270,513
422,207,269,512
413,209,275,511
410,211,283,509
418,212,285,508
418,214,283,506
421,215,274,504
420,215,276,504
425,214,274,504
422,217,274,502
419,218,275,502
411,217,276,502
375,211,313,509
377,207,315,513
372,229,316,491
368,229,319,491
365,228,321,492
363,233,320,487
363,239,318,481
364,239,317,481
367,241,314,479
369,243,313,477
377,244,312,476
386,247,311,473
392,251,310,469
390,251,312,469
393,252,313,467
395,253,315,466
396,255,317,465
402,257,318,463
406,258,319,462
406,260,317,460
407,260,317,460
408,261,317,459
409,256,318,463
410,256,318,464
411,257,319,463
410,262,320,458
409,264,319,455
409,267,319,453
405,267,319,453
401,267,321,453
398,268,321,452
398,268,321,451
395,267,322,451
392,261,323,459
374,241,344,479
352,217,367,503
351,199,367,521
351,201,368,519
349,196,368,523
341,197,368,522
341,200,386,453
335,208,391,405
348,207,375,405
348,207,376,405
345,200,370,421
338,179,371,446
329,159,371,472
329,157,364,479
332,159,353,503
331,159,355,503
329,161,345,544
348,174,318,546
322,163,342,557
318,165,333,555
318,188,322,531
317,188,322,531
324,248,316,472
330,285,316,435
333,283,300,437
333,280,299,440
333,286,289,434
332,285,289,434
330,272,284,448
326,260,273,460
321,248,276,472
318,244,268,476
317,235,277,485
316,236,278,484
318,235,316,484
319,234,331,484
308,239,348,481
336,203,319,517
402,205,282,515
399,203,280,517
396,155,309,565
408,161,310,559
437,188,276,532
443,221,288,498
448,204,270,516
449,203,273,516
454,178,279,542
457,173,265,547
430,170,266,550
392,160,275,560
385,167,268,551
384,168,270,551
374,188,272,532
401,200,245,520
401,210,243,510
395,208,243,512
389,207,243,512
388,208,242,511
381,209,242,511
351,206,268,512
329,204,286,516
299,205,313,515
284,207,321,513
284,207,321,512
261,208,336,512
253,207,337,512
242,207,346,512
240,207,346,511
240,210,346,510
240,210,346,510
237,209,347,511
236,210,346,510
255,209,327,511
259,211,324,509
266,211,319,509
268,211,319,509
282,208,305,512
288,203,304,517
305,198,288,522
311,192,288,528
324,185,277,535
323,184,277,536
340,178,264,542
352,173,251,547
361,170,239,550
366,173,234,547
365,176,230,544
366,177,229,543
363,178,232,542
361,177,247,543
358,178,249,542
351,176,257,544
338,177,270,543
337,178,270,542
326,179,279,541
323,180,282,540
321,180,282,539
322,183,282,537
324,184,279,536
324,184,277,536
329,184,273,535
331,182,272,538
335,182,267,538
342,182,262,538
351,182,253,538
351,180,255,540
357,179,253,540
359,178,257,542
359,177,264,543
348,178,283,542
342,179,289,541
341,180,291,540
339,181,294,539
342,181,296,538
350,183,295,537
362,182,283,538
372,181,276,539
372,182,273,538
381,183,264,537
393,183,253,537
400,184,252,536
407,184,249,535
411,185,248,535
411,185,249,535
409,186,257,534
407,188,264,532
411,189,271,531
417,190,275,530
420,191,277,529
421,192,279,528
425,192,280,528
432,193,280,527
436,194,277,526
440,195,277,525
445,196,277,524
446,196,277,524
451,196,279,524
459,197,279,523
463,198,279,522
469,198,277,522
474,197,277,523
475,197,275,523
480,198,274,522
483,199,277,521
488,198,276,521
492,198,276,521
495,199,276,521
495,199,277,521
498,198,277,521
501,198,276,520
505,197,276,520
509,199,275,519
514,201,274,518
514,200,274,518
518,201,273,517
522,201,273,517
525,200,273,517
527,199,273,517
532,197,270,522
532,198,269,521
532,196,269,521
533,193,269,521
533,191,271,529
532,189,272,530
532,186,272,530
531,186,272,530
531,185,274,534
531,183,275,536
531,181,276,538
534,177,273,541
535,175,272,542
534,175,272,544
536,175,272,544
536,172,272,548
537,171,271,548
537,167,271,553
538,165,268,553
539,165,268,554
539,163,268,554
541,165,268,554
541,162,268,558
542,160,263,560
543,158,263,562
542,157,263,562
544,155,261,564
546,153,255,566
546,151,257,569
546,149,258,571
546,147,259,572
546,146,259,572
546,146,259,573
547,145,259,574
547,144,259,576
547,142,257,577
550,141,257,579
549,141,257,579
550,139,257,579
549,137,257,582
552,139,257,581
544,140,264,580
543,138,264,581
541,139,268,581
541,139,271,581
532,138,274,582
519,139,283,581
494,133,305,587
495,132,302,587
495,132,302,587
519,138,270,581
548,136,239,584
568,131,221,589
576,129,260,591
594,109,252,611
595,108,253,612
599,70,259,650
607,66,260,654
613,61,243,659
611,56,219,663
604,28,209,692
603,27,210,692
597,27,212,692
579,29,222,691
558,36,233,684
535,45,243,675
523,59,255,658
521,61,257,658
518,61,254,658
519,77,268,640
533,84,250,636
531,83,245,637
532,70,245,650
531,71,244,649
523,64,252,656
519,60,252,660
511,62,260,658
509,70,261,650
504,79,262,641
503,78,262,641
512,78,256,642
498,75,270,642
480,68,288,652
477,62,290,658
451,59,317,661
454,58,311,661
439,57,337,663
485,51,296,669
512,53,268,667
521,16,253,704
514,33,268,687
513,34,269,686
512,44,279,676
511,61,277,659
531,69,240,651
533,99,230,620
531,103,219,615
527,104,223,615
529,88,203,632
527,75,187,645
522,62,247,658
511,52,241,668
498,53,217,667
498,52,218,668
494,58,223,662
493,64,234,656
495,70,246,650
493,74,265,646
491,79,278,641
492,80,278,640
490,83,280,637
487,84,281,636
485,82,279,638
478,81,279,638
472,77,280,643
471,78,280,642
470,80,278,640
460,81,285,639
455,87,288,633
451,93,292,627
444,97,295,622
443,98,295,622
443,105,292,615
443,104,287,615
445,105,283,615
448,102,279,618
445,100,279,620
444,99,279,620
444,97,279,623
437,97,286,623
427,102,295,618
415,105,307,614
407,108,317,612
405,107,319,612
411,109,317,611
434,112,291,608
442,102,283,618
445,124,287,596
446,138,292,582
445,138,293,582
445,140,306,580
449,141,317,579
450,141,324,579
450,138,328,582
450,133,334,587
446,132,337,588
443,130,348,589
453,106,343,614
453,109,339,611
452,127,334,593
461,148,321,572
460,147,321,573
461,149,324,571
461,150,326,570
462,151,330,569
464,151,335,569
461,150,350,570
460,149,353,571
464,148,353,572
465,150,343,570
468,153,317,567
470,162,290,558
471,164,288,556
479,164,279,556
485,164,267,555
490,167,251,553
497,151,261,569
500,139,270,581
511,130,270,590
511,129,270,591
516,129,270,591
519,131,272,589
524,146,267,574
528,147,267,573
524,145,278,575
520,143,280,577
500,141,305,579
509,128,305,592
522,125,288,595
558,122,244,598
569,124,238,596
569,125,240,595
575,120,251,600
581,128,239,591
587,125,253,595
590,117,254,603
595,114,243,604
595,113,242,607
587,113,246,607
585,110,246,610
579,104,248,616
578,108,251,612
579,95,251,625
579,94,253,625
569,82,265,638
551,75,291,645
553,76,288,644
564,106,277,614
563,100,277,620
563,99,277,621
555,87,286,633
535,85,309,635
532,94,306,624
529,101,311,619
529,86,312,634
531,88,309,632
534,89,306,631
541,121,298,597
537,100,301,620
536,95,296,625
536,100,292,620
535,101,292,619
533,156,294,564
529,212,295,507
531,197,293,523
541,205,287,515
554,205,278,515
553,204,279,516
563,195,272,525
573,190,262,530
577,175,255,545
578,185,251,535
577,184,250,536
576,183,253,536
576,182,255,537
575,182,252,537
573,181,255,537
572,180,256,537
571,179,257,540
570,180,256,540
568,179,257,541
567,175,258,545
571,175,258,545
570,171,260,549
570,125,262,595
569,125,264,595
568,110,265,610
567,118,266,602
566,181,264,537
565,184,262,536
564,185,260,535
563,186,258,534
562,185,261,535
560,183,261,537
554,178,266,542
546,176,273,544
540,172,279,548
538,171,281,548
532,177,288,543
533,177,288,543
533,178,285,542
537,190,279,530
536,198,278,522
535,197,278,522
532,197,278,523
528,174,280,546
524,140,282,580
524,101,280,619
508,98,292,622
510,99,292,621
505,176,292,544
529,171,267,549
500,168,292,552
503,167,286,553
516,164,267,556
517,163,269,557
516,147,268,573
518,123,261,597
515,141,261,579
513,162,258,558
517,179,249,541
517,178,249,542
497,182,265,538
492,179,269,541
493,184,270,536
488,190,272,530
479,194,281,526
478,195,284,525
488,193,279,526
485,190,288,530
484,187,297,533
478,182,303,538
470,178,308,542
467,177,312,543
465,174,314,546
460,171,320,549
455,169,328,551
446,165,338,555
439,146,342,574
443,149,339,571
434,151,344,569
428,158,346,562
424,161,348,559
418,162,351,558
413,161,353,559
412,164,355,556
408,167,355,552
405,170,351,549
403,174,355,546
402,175,355,545
400,178,356,542
400,179,357,541
403,180,350,540
398,180,357,540
383,170,373,550
374,150,381,570
368,122,394,598
367,122,396,598
366,107,402,613
363,108,408,612
367,113,415,575
374,115,405,517
387,111,387,513
389,111,387,513
390,107,387,513
391,101,381,521
371,72,404,559
372,66,404,563
383,65,390,565
382,63,390,566
395,67,377,577
425,73,349,599
452,75,321,643
436,83,345,636
425,97,355,623
425,97,355,622
423,100,359,620
419,103,364,617
417,107,380,613
415,125,381,595
415,137,387,583
414,137,389,583
417,150,392,570
420,157,396,562
426,159,396,561
432,164,398,556
438,165,410,555
439,167,409,553
456,164,407,553
492,160,378,560
503,158,386,562
517,159,390,561
540,160,379,560
539,159,379,560
553,158,379,560
563,155,380,565
575,140,380,580
586,130,384,590
598,117,386,603
599,116,387,603
609,95,387,625
616,91,400,629
620,85,413,635
618,87,417,633
614,94,413,626
615,93,407,627
613,110,400,610
602,121,406,599
596,127,397,591
591,129,395,591
588,128,395,591
588,129,395,591
586,128,393,592
584,126,394,594
580,124,397,596
576,128,398,590
574,131,397,589
573,132,397,588
573,135,393,585
575,136,386,584
579,136,374,584
577,136,369,584
577,131,372,583
576,130,372,590
577,122,383,597
528,110,432,607
529,90,445,630
531,84,443,629
534,82,455,627
534,82,454,626
541,88,449,532
555,88,441,488
546,82,453,490
525,60,477,513
524,46,478,532
524,46,478,531
501,47,505,528
489,40,525,538
501,41,517,541
521,43,499,590
556,39,460,636
555,38,462,639
678,33,338,685
666,33,352,686
612,38,412,682
603,43,408,677
583,52,409,668
582,51,411,668
570,72,434,646
560,91,440,629
554,95,458,625
546,94,461,625
544,90,464,630
543,89,466,631
547,84,469,636
550,85,469,635
560,86,467,634
564,86,452,634
581,88,431,632
580,87,431,632
582,87,433,633
588,85,435,635
614,84,418,635
648,81,394,639
687,81,357,638
687,81,356,639
725,82,326,638
742,77,321,643
764,72,307,648
778,67,301,653
788,62,289,658
788,60,289,660
797,58,290,662
806,55,279,664
814,53,264,663
815,53,262,663
800,56,262,664
800,56,265,663
787,57,282,663
777,60,290,660
769,64,296,656
768,71,297,649
772,73,296,647
773,73,295,646
781,76,286,644
787,80,276,640
781,85,275,635
766,87,290,633
746,91,317,629
743,92,321,627
713,98,351,622
714,111,357,608
733,117,345,603
746,131,337,589
746,132,330,587
748,134,329,586
747,134,329,586
759,136,320,584
759,137,320,583
771,129,303,590
769,126,304,594
769,125,304,594
770,125,299,594
775,126,292,593
779,126,286,593
784,127,285,593
786,128,285,592
785,129,285,591
788,129,282,591
790,124,286,596
795,124,286,596
799,124,280,596
806,123,266,596
806,122,266,596
806,121,266,599
811,121,275,599
810,122,273,598
815,122,270,598
816,123,271,597
816,124,270,596
816,129,273,591
817,135,273,585
811,138,276,582
808,145,277,575
806,153,278,567
805,154,282,566
798,164,289,555
783,173,304,545
769,182,320,538
751,194,340,525
740,202,350,518
739,203,352,517
736,214,352,505
731,223,351,497
729,230,351,490
722,241,354,478
715,255,357,465
715,257,357,463
699,275,364,444
691,298,366,422
682,314,368,406
684,328,342,392
681,334,336,386
681,334,339,386
697,336,320,384
701,336,317,384
703,327,316,393
696,316,331,404
694,313,334,407
693,313,334,407
698,309,336,410
715,304,323,416
739,296,308,424
759,277,288,443
767,264,287,456
768,264,286,456
773,258,283,462
780,253,279,467
786,251,272,469
791,247,269,473
795,242,269,478
795,242,266,478
796,237,263,483
797,235,261,485
797,231,259,489
797,229,256,489
796,229,254,491
797,229,253,491
795,227,253,492
792,225,253,495
789,225,253,495
786,225,253,495
783,225,253,495
783,224,253,495
780,224,253,495
773,223,257,495
768,220,259,499
763,218,261,500
759,214,261,503
758,213,261,507
757,208,263,511
754,199,263,521
754,182,264,538
749,166,275,554
741,148,286,572
739,147,287,573
740,125,297,595
750,95,291,625
771,78,278,642
796,50,270,670
832,41,247,679
831,41,247,679
845,36,247,684
867,30,234,690
880,31,230,689
897,33,218,687
916,33,208,687
915,33,213,687
918,35,215,685
918,36,215,684
917,33,224,687
915,32,226,687
899,29,245,687
898,29,250,691
888,31,257,689
882,34,262,686
880,34,264,686
882,35,265,685
885,37,264,683
883,38,268,681
886,41,271,679
892,44,273,676
894,42,278,676
896,38,284,680
900,36,288,684
901,37,284,683
904,33,288,686
955,39,257,681
980,32,229,688
989,10,239,710
988,119,232,601
987,120,233,600
996,133,213,585
1016,119,187,601
977,98,210,622
964,82,222,638
947,81,240,639
946,80,243,640
930,79,254,641
936,64,250,656
960,62,222,658
965,68,207,652
961,111,191,609
960,107,191,613
947,108,100,612
921,100,102,619
912,102,104,618
893,99,194,621
878,90,202,630
876,90,201,630
861,90,211,630
843,90,217,629
828,74,222,646
809,70,228,650
805,74,196,646
804,74,195,645
792,84,172,636
775,109,159,611
761,144,175,576
756,138,175,582
752,149,158,571
749,149,160,571
734,154,170,566
717,169,180,551
709,172,180,548
704,165,181,555
701,153,181,567
700,153,184,567
692,143,195,577
682,140,195,578
678,140,204,580
698,127,179,593
683,181,193,539
682,179,194,541
659,198,217,522
655,186,222,534
650,114,225,606
646,115,230,605
644,120,230,600
642,121,232,599
640,119,237,600
648,106,233,614
691,105,190,615
690,115,189,603
691,124,190,594
690,124,190,596
691,108,190,612
691,88,189,632
696,93,185,627
696,107,185,612
696,116,185,603
695,117,187,603
696,120,187,599
696,126,187,592
696,127,189,591
696,128,190,588
696,129,190,591
698,129,190,591
698,129,190,591
698,129,190,591
698,133,190,586
698,135,190,582
697,139,190,577
696,138,190,582
695,133,190,587
694,118,190,602
692,100,190,620
693,69,191,651
700,57,193,663
699,56,195,663
