486,377,354,214
486,379,365,207
490,380,365,205
492,380,368,201
498,381,365,197
503,381,362,195
505,379,361,195
511,377,357,190
514,374,356,190
518,370,352,187
520,366,353,185
524,364,349,186
525,361,350,182
527,356,348,184
531,352,347,184
534,350,342,180
538,349,339,180
541,348,338,179
546,350,332,176
553,354,327,172
560,358,319,171
569,364,308,170
579,370,288,170
590,376,300,172
602,381,286,170
611,382,281,170
617,382,276,176
618,380,276,184
619,378,277,196
619,378,280,196
622,382,272,196
623,382,274,201
622,385,276,200
623,380,278,206
622,378,277,211
622,376,275,213
622,373,275,217
621,374,275,215
622,370,277,220
622,369,275,223
622,370,276,224
624,372,275,225
624,371,272,227
628,374,271,225
630,373,272,230
634,373,271,229
638,370,263,233
643,370,259,232
650,369,249,227
653,371,245,222
659,371,239,220
661,373,242,217
663,374,236,218
665,376,224,217
665,376,222,217
666,375,208,220
666,375,211,225
670,372,199,231
672,372,190,233
672,372,181,236
672,372,181,237
672,372,182,235
672,372,180,236
673,372,178,236
673,373,176,241
674,373,172,241
675,373,164,239
677,370,165,242
676,371,166,242
679,371,167,242
677,371,163,243
679,373,160,242
679,370,152,245
679,371,153,244
678,371,155,243
677,371,162,244
677,371,159,243
675,373,161,241
673,373,152,240
671,372,163,242
671,372,157,242
670,371,159,239
667,370,167,242
668,371,163,232
666,370,163,228
665,371,164,228
664,370,168,220
665,369,166,219
663,370,168,214
663,368,170,212
662,365,173,211
661,358,176,209
661,361,180,201
658,361,191,198
658,357,192,194
661,357,191,190
663,355,192,186
666,359,190,178
670,356,189,179
671,354,191,176
677,356,189,170
679,353,189,170
682,353,189,166
685,353,189,163
689,355,189,160
691,349,192,168
696,352,188,165
700,351,182,165
704,351,182,166
707,352,183,167
711,352,181,167
712,351,182,168
713,351,183,170
710,349,188,172
707,346,196,176
704,347,205,169
702,345,204,168
703,347,205,168
704,347,200,168
704,346,201,170
703,345,201,172
700,343,204,174
698,342,202,176
695,342,203,178
694,341,203,184
690,340,201,190
686,337,198,193
675,332,202,192
664,324,207,192
656,320,212,186
649,314,214,180
641,310,221,174
634,306,229,169
631,303,230,167
626,298,226,161
621,298,236,157
619,298,244,150
617,296,254,150
617,299,254,150
619,300,254,150
623,304,241,150
627,310,254,156
634,315,251,163
642,325,218,172
647,332,212,176
649,331,197,178
645,333,209,177
644,331,201,174
643,335,215,167
640,335,209,168
642,336,208,172
642,337,209,172
639,336,210,173
636,334,210,175
630,331,210,175
623,324,210,174
617,318,217,174
613,311,211,174
611,307,209,173
609,305,207,173
608,303,205,173
611,302,221,171
613,305,220,166
619,307,214,165
624,311,216,167
630,313,213,174
639,320,207,176
649,329,206,179
658,339,201,185
665,346,201,190
665,350,199,188
663,353,201,182
665,352,200,181
665,352,199,181
662,352,206,181
662,355,208,182
661,355,207,183
660,356,208,184
660,357,206,186
661,358,205,186
662,361,203,185
662,362,202,184
662,362,202,187
661,362,200,187
660,361,199,187
662,361,197,187
664,360,193,184
665,360,190,183
670,360,185,185
672,359,181,186
676,359,175,186
680,358,166,190
681,359,161,189
685,358,159,188
686,359,157,189
689,358,152,191
690,357,147,193
691,356,143,197
693,356,142,196
695,355,141,193
696,353,165,193
696,351,166,193
696,349,167,193
700,346,166,193
704,344,160,187
701,342,161,183
703,340,160,182
697,339,173,178
700,335,167,174
699,334,166,170
699,332,166,166
699,332,165,162
701,332,165,161
702,331,163,158
703,331,163,158
705,332,161,157
708,335,160,157
713,339,155,153
713,339,156,154
714,339,157,155
718,340,157,155
719,342,157,155
721,342,157,155
721,341,157,155
724,342,157,151
725,343,156,148
725,342,157,148
726,343,155,147
726,344,156,145
726,348,154,141
727,346,154,143
727,347,154,142
729,348,151,139
728,347,153,139
728,346,154,140
727,345,157,140
727,344,155,141
726,346,157,141
729,346,152,140
726,346,156,141
730,347,154,144
731,347,151,142
733,348,152,144
731,346,155,144
733,346,154,142
733,346,155,144
732,344,157,145
730,345,159,146
733,343,155,148
730,341,159,149
731,337,158,148
733,335,156,151
732,330,157,153
733,327,154,156
732,324,153,156
734,321,149,156
733,318,152,161
733,318,150,155
732,316,152,155
731,314,156,154
732,315,156,151
733,315,156,147
733,314,156,147
733,313,155,147
735,315,154,146
736,314,152,140
736,317,154,135
739,318,154,131
738,315,155,131
737,313,156,132
737,316,156,132
737,317,156,124
741,322,150,120
740,321,150,120
740,322,150,120
740,325,154,120
741,327,154,120
740,327,154,120
739,325,154,122
739,325,154,122
738,323,156,128
739,324,156,128
736,324,156,128
739,325,156,132
739,325,156,132
739,325,156,132
738,325,156,134
738,325,156,135
740,324,156,140
740,324,157,139
740,324,157,139
740,324,156,139
740,324,156,139
741,324,157,140
745,326,153,139
745,326,152,139
745,328,151,137
745,328,151,136
746,328,148,136
742,327,151,134
746,327,142,132
746,327,145,133
746,327,144,132
746,327,143,133
743,327,143,133
745,323,139,137
744,323,139,137
742,323,139,137
742,317,138,143
741,315,136,143
739,313,137,143
740,311,134,146
739,312,135,141
739,309,134,140
735,305,135,140
731,305,137,138
729,304,136,137
726,303,137,133
727,306,135,129
726,304,135,129
719,302,136,128
717,302,135,129
716,304,134,126
711,302,135,125
710,300,133,131
707,302,133,130
703,298,135,134
701,298,134,135
694,293,140,137
690,295,143,134
689,294,143,136
686,295,146,137
682,296,151,137
680,297,154,140
678,300,155,139
679,300,154,140
670,300,162,137
666,298,164,136
663,296,166,136
660,297,168,136
659,295,167,136
654,293,168,136
647,291,175,136
645,291,176,136
644,293,179,140
642,294,179,139
640,294,179,142
633,292,180,145
630,290,182,143
623,291,185,141
621,294,183,137
616,292,185,143
616,295,183,144
614,297,183,149
613,296,181,155
608,297,179,159
604,297,177,159
600,296,174,166
599,298,172,167
598,299,166,172
596,302,162,171
592,300,166,177
590,301,163,174
587,300,162,174
587,301,162,173
586,301,162,171
585,301,161,168
585,302,161,165
584,301,161,162
583,301,163,157
582,300,164,154
581,299,164,155
579,295,165,155
576,293,165,154
576,292,165,153
574,291,166,147
574,289,166,145
573,289,167,144
573,287,167,139
570,284,169,140
566,281,172,140
568,279,170,137
564,276,170,138
563,272,171,134
560,269,171,130
559,265,171,130
555,263,175,124
553,262,175,120
557,264,172,112
554,260,172,112
554,260,172,108
553,260,174,104
551,256,175,106
552,255,174,102
552,255,174,100
552,253,174,100
553,253,174,100
553,253,174,100
552,253,176,100
552,252,176,100
552,252,174,95
552,252,176,94
552,252,176,92
552,252,176,94
553,249,174,99
553,249,175,97
553,249,176,96
553,252,177,94
554,252,178,96
552,253,182,93
554,255,181,94
553,257,182,94
554,257,181,93
554,259,179,93
554,259,178,93
555,259,178,93
558,261,180,94
556,264,180,91
558,264,180,90
556,266,180,89
556,266,180,89
556,266,180,91
556,268,180,88
556,267,180,92
556,268,180,90
556,270,180,90
556,270,180,89
556,270,180,90
556,268,182,96
555,269,182,97
558,269,179,101
560,270,178,101
561,270,180,101
561,269,177,103
559,269,177,109
562,267,173,117
562,263,175,125
562,263,175,124
563,261,177,127
564,260,175,128
564,258,180,128
563,259,184,122
563,260,187,115
566,260,183,107
564,259,196,104
565,260,198,100
566,260,200,98
566,260,202,100
567,260,202,98
568,260,204,100
568,258,204,100
571,258,203,100
571,257,210,100
577,256,203,106
582,255,199,108
588,254,197,111
597,256,192,111
608,259,188,111
614,259,187,111
621,260,180,110
622,259,179,109
623,258,176,103
622,255,173,99
620,253,171,98
618,252,170,95
616,251,169,94
614,250,169,96
615,251,171,93
617,254,176,92
623,255,172,92
632,260,172,92
644,263,165,91
652,266,169,93
664,273,167,97
680,278,165,100
695,286,161,100
709,292,161,104
719,296,165,106
727,303,165,103
732,306,164,103
738,309,160,101
738,310,160,103
738,312,158,104
738,311,161,108
738,311,157,111
733,307,159,118
730,307,158,122
724,308,156,122
720,304,155,125
711,304,157,130
705,298,154,134
695,293,155,137
686,292,156,136
673,283,162,143
663,279,160,143
654,277,159,142
645,274,160,140
637,273,157,137
627,272,162,134
624,270,159,131
617,267,163,134
618,269,158,127
616,270,157,125
617,271,155,126
619,272,158,125
630,274,151,127
637,276,147,129
645,282,145,125
651,284,146,128
659,289,147,127
669,293,154,126
677,300,154,126
687,306,154,126
694,310,154,128
700,314,154,128
704,318,146,128
704,318,147,128
708,319,142,133
708,319,138,133
708,319,135,134
708,317,136,141
706,316,139,143
707,315,135,148
707,315,134,150
707,316,133,150
703,312,137,162
704,312,133,162
701,309,136,166
694,304,133,163
690,297,136,165
681,290,139,163
676,288,149,153
674,288,145,152
671,290,150,148
677,292,150,148
681,297,150,148
686,301,148,148
693,305,144,151
697,308,139,149
695,307,141,149
691,306,142,147
689,306,144,143
691,307,144,144
692,311,145,140
695,313,141,144
693,311,139,146
691,311,136,144
689,311,134,141
685,309,134,148
681,306,136,148
677,303,138,153
674,303,137,155
664,296,135,160
657,297,133,161
652,297,133,161
645,296,139,162
638,288,149,173
631,288,161,172
627,286,169,170
619,284,173,170
611,283,187,170
608,284,199,168
598,282,205,165
589,284,211,156
572,284,229,158
560,283,232,158
547,282,222,158
528,280,241,158
513,278,249,158
503,276,255,158
490,274,227,158
478,271,235,156
469,269,306,156
459,268,325,154
448,265,331,154
439,263,345,152
429,261,346,148
425,259,343,144
416,257,364,141
417,255,365,133
414,254,368,126
413,254,357,119
408,253,361,123
408,255,359,119
412,255,262,111
413,255,259,109
411,258,262,105
411,256,260,106
515,256,151,105
516,256,150,105
517,257,150,105
518,258,149,104
521,261,148,102
524,263,147,97
455,263,275,97
412,267,319,97
401,265,367,91
401,266,370,91
401,265,372,91
402,265,373,87
403,268,373,84
404,269,371,81
404,269,371,83
406,269,375,84
409,269,375,84
411,270,376,84
409,270,377,84
409,270,378,84
414,270,375,84
420,271,367,86
423,271,364,86
424,272,364,88
425,274,362,88
426,275,361,87
427,276,361,87
431,276,325,87
432,276,321,87
433,276,315,87
432,276,292,87
435,270,253,97
437,269,255,99
437,269,255,98
436,267,255,97
436,264,255,97
436,262,255,97
438,263,253,96
438,263,253,96
438,261,253,96
438,259,253,96
439,251,253,109
439,249,253,109
439,247,253,109
438,245,254,109
438,244,254,109
439,247,253,109
442,248,253,109
443,249,253,109
443,249,253,109
442,250,253,109
443,250,253,109
443,250,253,109
442,250,256,109
491,245,211,109
493,245,210,109
492,245,210,109
491,247,210,109
492,251,209,113
495,253,208,114
495,255,208,115
536,258,171,119
537,259,305,119
537,255,313,127
407,254,441,127
406,255,444,138
405,255,446,139
409,251,439,148
411,250,438,154
411,250,438,156
414,250,438,158
416,249,438,156
418,246,438,161
418,246,439,160
418,246,440,163
418,246,440,171
418,245,439,171
429,242,431,178
431,242,430,184
433,239,427,190
432,239,428,192
435,239,423,193
434,238,426,199
439,236,420,202
442,238,418,202
441,235,419,209
443,235,418,215
445,235,416,221
446,236,414,228
448,234,411,234
451,237,410,234
455,238,404,235
455,241,407,234
457,243,407,237
456,246,406,239
457,247,404,240
460,249,401,233
459,251,400,232
459,252,400,232
459,252,399,231
459,251,397,230
457,252,397,230
456,251,396,229
455,250,395,228
458,250,390,223
456,249,388,220
460,249,381,214
460,248,381,216
459,247,382,217
458,246,382,216
457,245,382,217
455,246,383,218
454,245,382,219
453,246,381,217
452,246,382,218
451,246,380,217
449,245,379,217
447,244,379,217
447,243,377,214
443,244,378,212
441,243,378,212
439,241,378,212
434,242,381,211
431,240,381,206
429,238,381,206
430,236,378,204
429,236,378,201
428,236,376,201
427,236,376,201
428,237,373,198
427,237,373,198
427,237,374,199
426,235,374,193
425,234,375,194
427,234,368,191
427,233,369,192
427,232,368,190
431,231,364,191
432,230,361,192
439,231,353,192
440,231,351,192
441,231,352,193
442,232,353,192
443,232,354,192
444,232,352,193
444,232,353,194
446,232,352,191
446,233,351,189
446,232,352,189
447,232,352,188
454,233,349,186
455,235,347,191
455,237,348,192
456,240,348,191
456,242,349,191
456,242,351,194
456,242,352,195
456,244,352,196
455,245,354,198
454,245,355,199
453,245,356,200
452,244,355,200
453,244,355,201
452,245,355,200
451,246,355,201
450,246,356,202
451,252,354,202
450,253,355,199
449,255,356,197
446,256,363,194
446,255,362,192
443,254,365,186
442,251,366,186
443,242,366,186
442,236,366,186
441,229,367,186
439,225,370,186
440,220,374,185
440,217,375,183
438,214,378,177
438,212,380,174
438,211,381,174
438,212,383,170
438,211,383,173
438,209,385,174
438,206,386,171
437,202,389,168
436,198,392,165
437,195,392,155
437,191,396,155
436,187,399,155
435,185,402,142
435,182,404,139
436,179,405,135
437,179,402,134
437,178,402,134
437,177,402,134
437,176,396,132
445,175,392,132
445,174,391,133
444,173,391,133
444,172,391,133
444,170,391,133
444,168,404,133
431,167,418,132
431,165,417,131
431,164,416,130
431,164,417,129
432,164,420,129
433,164,420,129
433,163,420,129
433,161,419,128
433,159,419,128
434,158,419,128
434,158,419,128
434,159,430,130
434,158,431,131
433,156,431,132
432,147,432,138
432,143,433,139
436,133,432,139
436,129,416,136
448,124,413,127
455,122,402,125
446,119,410,124
516,117,325,114
517,115,308,111
514,113,291,111
453,112,351,104
453,109,351,102
455,108,349,102
455,106,405,98
455,106,402,95
457,104,399,94
457,103,415,94
454,102,356,97
454,96,356,102
458,94,351,104
456,94,351,100
456,93,349,101
456,93,348,102
456,92,349,103
456,92,350,104
456,91,366,104
456,90,366,104
456,89,366,104
456,90,366,104
462,90,364,104
463,91,364,104
459,95,439,111
445,100,477,123
432,114,491,128
421,119,516,138
418,129,520,141
406,128,452,155
396,132,522,174
394,138,537,193
395,144,552,217
364,155,617,230
339,202,647,219
335,187,663,273
332,212,668,309
319,246,680,315
310,282,693,335
297,319,711,356
296,358,719,362
335,416,628,304
371,476,553,244
408,525,487,195
426,555,457,165
426,566,457,154
426,563,457,157
398,545,513,175
375,527,545,193
352,507,575,213
337,496,595,224
331,488,601,232
325,479,607,241
323,471,609,249
327,471,601,249
327,475,601,245
349,482,575,238
372,492,547,228
387,502,529,218
387,504,529,216
387,504,529,216
387,504,529,216
387,498,529,222
387,498,529,222
387,498,529,222
387,498,529,222
387,493,529,227
387,493,529,227
384,479,551,241
377,473,567,247
362,453,605,267
347,423,631,288
370,364,601,276
377,290,576,258
363,195,599,278
370,110,604,291
384,17,605,308
396,2,603,266
427,2,571,196
438,2,568,151
723,2,298,132
959,1,55,87
991,2,33,42
987,2,39,45
987,2,39,45
987,2,39,45
987,2,39,45
987,2,39,45
987,2,39,45
987,2,39,45
987,2,39,45
987,2,39,45
987,2,39,45
987,2,39,45
987,2,39,45
987,2,39,45
987,2,39,45
987,2,39,45
987,2,39,45
987,2,39,45
987,2,39,45
1270,2,10,33
1229,2,51,57
1202,1,78,76
1179,2,101,109
1161,2,115,134
1148,2,117,156
1114,2,138,175
1114,1,128,200
1103,2,119,214
1093,16,112,224
1080,36,114,222
1062,57,108,214
1045,73,95,217
1021,80,97,226
1000,99,88,218
971,119,91,209
941,131,90,209
915,144,87,204
884,155,82,193
856,164,82,202
826,166,90,209
793,179,92,202
763,186,95,202
752,188,78,200
749,202,44,191
732,195,40,36
632,235,59,146
596,204,104,197
559,200,113,200
525,204,113,198
488,203,118,201
451,205,121,198
419,208,121,200
386,208,119,200
354,207,119,207
323,209,121,211
294,211,120,215
256,212,125,221
230,210,124,226
200,209,122,229
172,209,121,240
146,214,120,242
122,215,113,248
99,216,113,255
77,216,117,262
61,220,117,264
46,212,116,288
34,213,116,288
22,213,110,298
17,213,98,215
14,296,79,134
13,231,76,316
9,219,81,351
7,218,83,360
12,217,75,387
19,210,77,396
30,211,71,403
44,210,79,402
50,211,95,403
65,215,115,411
75,213,139,417
85,214,159,423
94,218,186,422
111,218,203,419
123,216,227,419
140,215,253,421
149,214,277,425
170,214,296,427
181,217,316,424
189,224,345,425
207,231,357,425
217,241,377,424
235,254,387,421
240,269,405,419
246,286,425,417
253,306,440,410
254,327,460,393
259,348,476,372
260,377,495,343
269,395,504,325
281,413,508,307
292,431,508,289
309,447,503,273
318,461,508,259
339,475,501,245
358,486,491,234
383,496,482,224
409,508,470,212
421,510,472,210
431,511,472,209
440,516,472,204
442,516,472,204
441,517,485,203
449,519,484,201
442,518,499,201
462,520,486,200
475,519,477,201
479,519,480,201
492,519,474,201
494,519,479,194
496,519,477,194
510,526,466,180
514,536,459,165
525,542,453,159
527,552,446,146
534,559,442,137
545,569,427,128
546,580,296,114
547,590,366,103
550,603,418,91
551,611,417,89
548,614,417,78
543,615,437,78
542,615,437,77
533,615,446,76
533,616,445,76
532,616,445,76
533,616,445,76
533,615,444,75
532,615,444,75
533,616,444,78
536,618,444,78
538,618,444,78
538,616,444,78
538,615,443,77
537,614,443,77
536,612,443,77
537,612,443,77
536,610,443,77
534,608,443,77
532,606,444,77
530,604,444,77
527,602,444,77
524,600,444,77
525,601,444,77
522,600,444,77
520,598,444,77
525,595,425,78
533,581,355,90
532,562,348,106
531,555,404,112
528,543,405,121
520,532,418,130
517,529,421,133
499,505,442,155
496,503,442,156
497,492,437,165
494,490,437,163
491,480,434,174
489,475,433,175
487,464,432,187
484,462,431,188
481,458,429,189
489,453,416,191
490,450,413,191
491,443,413,191
489,438,413,190
494,418,405,205
496,414,402,200
498,404,401,205
504,395,399,204
507,387,397,203
514,379,394,204
519,371,387,203
526,366,383,202
536,359,370,203
544,352,363,203
553,348,349,204
565,341,334,200
576,338,318,216
589,334,287,197
599,333,276,192
614,330,211,187
626,330,211,181
638,330,225,173
646,331,217,165
659,333,203,155
663,336,197,148
670,338,189,153
677,339,175,158
681,344,166,159
686,348,159,162
690,355,151,160
693,358,144,159
694,361,143,166
697,364,140,165
700,366,137,164
703,367,133,164
704,368,133,164
706,363,132,163
707,361,130,163
709,356,130,163
711,353,130,165
713,350,130,165
716,347,130,165
727,344,122,165
729,340,116,161
732,341,114,159
734,337,114,159
737,337,113,158
739,335,112,157
738,334,112,157
740,333,110,165
741,332,110,165
741,332,109,164
742,333,108,163
742,333,108,163
740,332,108,163
738,340,106,154
731,339,109,148
729,339,115,149
729,340,112,149
730,344,119,150
730,347,127,151
729,347,119,151
726,346,125,148
724,346,117,145
723,344,120,144
723,345,122,143
724,345,121,145
726,345,119,146
723,343,118,146
721,340,116,145
720,338,113,146
719,338,112,145
719,336,116,150
719,335,114,149
719,335,114,148
717,332,115,149
714,328,113,151
714,326,113,154
713,321,114,155
714,319,117,157
716,318,114,156
715,316,115,151
714,314,116,155
713,312,117,155
712,313,120,149
715,313,121,147
715,313,122,143
713,311,127,145
716,312,132,141
714,312,133,136
714,311,134,134
715,311,136,131
713,310,146,131
724,313,137,128
726,316,136,122
728,315,141,124
729,313,137,120
729,311,139,123
730,309,139,127
730,307,139,127
733,306,138,127
738,306,142,124
746,308,138,124
751,308,140,126
746,303,147,130
746,303,147,127
747,304,146,125
745,302,149,124
742,297,153,130
747,301,154,127
746,303,151,124
744,301,152,124
741,299,150,123
739,299,151,120
738,296,149,121
736,301,147,117
739,304,147,114
737,305,149,114
736,304,148,116
734,306,147,115
733,307,142,112
731,307,139,117
730,309,144,117
729,311,142,118
729,313,142,122
728,313,141,121
727,313,140,123
726,313,141,123
726,313,142,128
730,323,141,118
729,323,140,119
729,323,141,121
728,323,141,122
728,324,141,122
728,325,142,122
732,329,140,121
732,330,140,121
736,333,140,121
736,333,140,121
736,332,140,121
737,332,140,121
741,337,140,121
742,337,140,121
744,339,140,121
744,339,140,121
744,339,140,121
744,339,140,121
744,339,140,121
744,338,140,121
745,341,140,121
745,340,140,121
745,339,140,121
745,338,140,121
745,337,141,120
745,336,140,119
749,337,139,114
749,336,138,116
748,335,138,118
747,334,138,114
746,333,138,114
745,331,138,115
744,329,138,115
743,327,136,115
742,325,136,115
742,326,134,114
741,325,132,113
740,324,132,112
739,323,131,112
738,322,131,112
737,321,132,113
736,320,132,113
735,319,133,114
735,318,134,114
737,321,133,114
736,320,133,114
737,324,132,113
736,323,132,113
735,322,133,113
734,321,132,113
734,320,134,115
733,319,135,116
732,318,135,116
731,318,136,117
730,318,135,116
727,316,134,122
725,321,140,123
724,321,136,119
723,318,135,119
722,317,139,119
720,320,139,116
718,320,137,116
716,320,135,114
715,320,134,113
714,320,133,110
713,320,132,111
712,320,133,111
711,320,135,113
710,320,138,117
709,320,144,125
708,321,144,125
707,321,150,129
707,320,152,129
712,317,160,141
707,317,168,147
707,316,169,151
718,311,170,152
720,312,163,158
721,310,167,160
722,308,171,163
724,306,175,165
726,304,173,165
734,302,166,166
737,300,165,167
739,298,173,170
741,295,172,169
744,292,173,169
746,290,172,169
748,288,173,169
750,286,167,169
752,285,173,170
754,284,172,167
756,283,170,166
757,282,178,177
759,281,178,176
761,281,177,176
764,281,178,175
767,281,178,184
772,284,182,179
775,285,180,180
778,286,180,177
780,287,181,179
783,288,184,179
785,288,185,178
787,288,184,177
789,288,187,176
790,288,190,175
791,287,190,175
800,286,183,175
800,285,182,181
800,283,181,181
799,281,183,181
798,279,184,181
796,277,188,181
794,275,189,181
791,273,184,181
788,272,188,181
786,271,186,181
783,270,188,181
779,269,186,181
774,267,187,181
770,265,185,188
766,263,189,188
762,261,190,188
757,259,194,188
754,256,192,188
751,253,189,188
749,250,192,188
748,247,190,180
748,244,183,177
747,241,178,178
755,241,170,166
758,242,163,161
756,238,164,155
756,236,164,150
755,234,164,142
756,232,170,138
757,229,174,143
759,226,173,147
760,228,182,146
763,226,196,147
771,230,199,148
774,229,207,152
777,228,209,150
780,227,211,150
783,226,216,149
786,226,217,149
790,230,218,147
794,230,216,146
800,233,214,141
802,233,207,141
804,233,208,138
806,233,209,137
810,232,207,141
813,232,210,144
813,231,212,145
820,235,199,143
820,236,200,139
819,235,198,141
818,234,198,141
816,233,198,142
814,231,197,145
811,229,196,144
808,227,193,141
803,224,198,145
798,221,199,146
793,218,200,152
789,219,198,147
783,215,194,146
777,212,194,148
770,209,196,152
763,206,197,151
762,202,191,153
758,201,187,151
750,197,188,153
743,193,191,156
735,189,193,157
727,185,193,159
718,181,190,159
709,177,184,155
701,173,180,151
692,170,176,147
672,153,190,156
658,146,194,157
647,146,193,154
635,144,199,152
622,139,207,152
614,139,207,152
608,140,207,152
603,143,208,154
599,148,211,156
595,156,216,155
598,164,219,154
601,172,216,154
604,181,219,154
610,193,220,154
619,206,220,152
630,219,225,149
653,238,225,144
664,250,237,146
682,263,234,146
691,277,234,141
691,282,234,140
685,285,235,141
679,283,223,144
666,280,223,152
654,273,217,153
646,272,213,153
638,267,207,156
627,260,205,161
619,261,201,158
606,260,200,153
595,248,201,155
582,245,202,156
576,243,202,156
568,240,202,156
561,239,202,156
554,238,203,159
549,236,199,159
543,234,196,159
537,232,194,157
531,229,192,159
516,217,191,165
506,214,191,165
493,204,191,166
483,199,188,166
472,195,188,164
465,194,187,161
459,194,189,157
456,198,189,155
453,200,190,152
449,203,192,150
452,206,195,152
454,210,195,151
459,215,193,154
467,223,189,154
466,225,189,154
461,224,188,153
455,223,187,152
440,218,186,147
436,219,183,141
433,218,182,145
428,213,182,149
425,212,183,150
424,212,181,149
421,211,177,149
418,211,177,145
416,208,177,143
416,209,174,142
416,210,175,139
415,207,175,140
415,207,175,138
418,206,175,140
418,207,176,138
418,205,179,138
420,206,178,139
423,207,179,138
424,205,179,138
428,205,175,135
429,204,176,136
435,208,172,131
436,204,182,136
439,203,181,136
442,205,181,134
444,201,183,138
448,203,181,135
450,201,180,136
452,201,181,136
454,201,179,134
455,200,179,134
457,199,179,134
462,203,177,132
464,207,178,123
469,208,182,121
472,209,188,117
476,211,195,116
481,212,200,118
485,213,212,118
491,214,216,117
495,213,219,117
498,213,221,116
499,211,225,116
506,212,223,114
508,213,221,115
510,213,221,113
513,214,219,113
516,216,223,111
522,217,215,111
526,217,216,113
527,220,215,111
534,220,210,113
536,218,206,117
535,213,207,122
534,211,202,123
533,210,202,123
532,207,198,121
531,205,198,124
530,203,199,119
529,201,199,121
528,199,203,118
531,200,202,114
531,198,203,114
531,195,204,112
530,195,202,108
536,201,204,101
536,199,209,99
535,197,211,101
540,198,210,99
540,197,213,99
540,196,214,99
541,197,216,99
543,197,213,101
549,199,224,102
579,208,231,100
622,220,241,107
649,224,250,118
690,236,263,118
726,245,255,120
763,248,256,137
796,255,250,141
828,266,235,140
857,279,230,147
890,295,215,148
914,304,208,153
940,316,209,164
962,332,203,166
979,348,199,172
994,366,199,172
1011,386,193,171
1022,400,188,180
1026,430,194,174
1026,437,208,198
1025,452,198,200
1022,453,204,206
1018,451,201,202
1018,449,155,158
1017,446,156,159
1016,443,155,158
1015,437,161,158
1013,435,165,159
1012,432,160,161
1010,431,157,162
1007,430,155,162
1004,430,155,162
1001,433,150,160
991,437,157,158
988,440,156,157
986,440,156,159
984,440,157,160
982,440,157,160
981,440,157,160
980,440,157,160
978,439,157,160
973,437,157,161
965,432,157,161
946,417,176,197
922,392,174,187
906,355,176,173
889,315,191,169
887,260,181,167
887,214,160,178
889,164,149,205
894,132,123,223
891,102,101,227
871,54,90,250
851,14,77,266
821,1,76,269
805,19,75,229
776,8,77,215
756,3,79,212
728,5,92,196
713,2,96,195
695,3,98,188
671,4,111,185
659,13,112,182
643,18,116,183
628,1,121,205
613,1,124,210
599,1,127,217
580,2,136,223
570,15,137,221
559,29,136,215
547,42,138,216
532,57,142,210
525,72,135,203
516,86,134,204
502,100,140,202
489,115,146,203
475,128,147,202
462,143,146,200
446,155,145,205
430,165,100,188
408,183,108,185
390,194,111,191
373,206,103,186
346,218,133,215
327,227,124,225
305,239,127,230
280,250,125,231
249,263,125,231
226,272,124,235
202,275,122,244
168,284,135,244
141,288,143,256
107,286,156,262
79,297,150,257
49,297,155,260
21,294,157,270
1,289,150,281
2,283,124,290
1,273,99,293
1,260,78,169
2,249,50,44
2,235,30,29
1,212,23,27
3,480,59,57
3,480,59,57
3,480,59,57
3,480,59,57
3,480,59,57
3,480,59,57
1,60,33,42
2,35,71,131
1,1,124,620
40,1,178,632
128,1,238,636
234,1,274,640
346,2,274,641
448,1,386,660
580,3,398,663
719,1,421,663
845,1,421,688
966,1,314,678
1083,1,197,684
1189,96,91,593
1187,178,92,139
1187,178,92,139
1187,178,92,139
1187,178,92,139
1187,178,92,139
1187,178,92,139
1187,178,92,139
1187,178,92,139
1187,178,92,139
1187,178,92,139
1187,178,92,139
1187,178,92,139
1187,178,92,139
1187,178,92,139
1187,178,92,139
1187,178,92,139
1187,178,92,139
1187,178,92,139
1187,178,92,139
1187,178,92,139
1187,178,92,139
1187,178,92,139
1187,178,92,139
1187,178,92,139
1187,178,92,139
1187,178,92,139
1187,178,92,139
1187,178,92,139
1187,178,92,139
1178,177,92,139
1178,177,92,139
1178,177,92,139
1178,177,92,139
1250,415,30,145
1233,421,47,145
1210,443,70,134
1190,452,90,135
1168,462,112,152
1142,467,134,174
1122,469,136,188
1099,481,133,180
1076,484,143,182
1052,487,145,176
1029,487,151,174
1012,485,152,171
991,483,152,168
971,484,153,164
952,484,152,161
931,480,158,157
913,479,158,159
899,476,159,159
880,472,165,162
864,470,163,160
846,465,161,158
836,463,162,158
820,459,158,156
808,454,156,156
793,450,158,159
783,442,150,161
773,434,142,161
764,432,136,164
756,426,128,167
749,423,127,174
742,422,124,171
736,423,125,176
734,422,122,178
732,424,123,176
734,425,124,176
733,429,125,173
729,434,130,166
728,437,135,169
726,443,135,165
722,446,138,163
716,453,146,156
713,460,151,152
709,468,156,147
704,475,161,140
700,484,168,133
697,492,168,126
695,500,174,119
690,509,181,112
687,518,185,103
687,527,186,90
685,530,191,87
683,533,195,84
684,533,194,85
685,535,198,82
684,538,195,80
689,542,187,74
690,542,186,73
693,544,185,70
695,545,192,70
697,546,192,72
702,549,192,72
702,548,192,72
704,549,192,72
704,549,192,72
709,555,187,70
709,556,188,70
711,556,188,70
712,557,188,70
713,561,186,70
713,561,188,69
713,562,188,70
712,563,187,68
712,564,186,68
710,563,187,69
709,565,188,70
708,564,188,68
712,565,185,61
712,564,186,56
712,563,189,51
714,561,181,51
717,561,178,47
716,554,176,52
715,548,175,55
715,539,174,57
714,532,172,59
712,525,173,60
708,518,177,61
708,517,173,56
702,510,179,59
705,506,175,59
703,500,176,62
703,501,175,60
703,494,176,66
700,489,175,70
698,483,174,76
700,483,169,76
698,472,171,88
697,468,171,90
697,463,171,94
697,460,171,94
696,456,172,90
696,449,169,88
696,443,168,80
699,437,164,74
699,430,158,78
711,420,140,96
721,414,124,108
735,409,102,116
747,409,84,122
763,397,64,134
769,385,54,146
771,371,48,160
769,361,46,162
769,351,46,172
769,331,52,192
769,322,60,183
761,323,71,175
749,315,87,173
748,313,87,174
738,308,103,169
733,307,109,167
724,304,119,167
719,303,123,167
717,302,125,167
713,299,126,165
711,298,126,165
708,299,126,159
706,297,125,159
704,295,121,155
700,293,121,154
698,290,117,155
696,288,113,157
703,285,96,161
701,281,91,163
701,278,84,165
702,275,76,168
702,274,69,167
703,276,62,163
701,279,59,157
699,278,58,153
694,276,61,144
693,275,60,143
690,266,60,147
685,260,65,151
682,251,70,154
680,243,66,169
678,239,67,170
676,241,63,151
674,241,62,149
672,237,60,146
669,237,56,146
669,236,53,144
667,235,52,144
666,239,50,138
665,242,53,133
663,235,58,141
661,236,59,137
658,234,66,135
654,229,72,138
654,223,71,143
655,221,73,141
652,218,81,140
655,218,83,132
654,212,91,142
656,210,93,144
659,210,93,143
658,212,108,143
662,213,107,144
663,216,120,136
655,221,137,134
657,223,136,135
652,244,145,123
654,253,148,127
649,267,153,126
645,275,162,130
645,288,163,130
643,304,159,125
643,316,163,127
642,334,115,116
641,346,116,117
642,354,118,119
636,354,118,127
633,356,119,132
628,355,125,138
629,356,123,141
629,358,119,140
628,356,114,142
629,357,111,141
626,358,145,142
632,354,137,150
631,356,130,150
635,357,115,148
632,357,115,148
636,357,111,147
635,357,109,146
634,357,108,145
633,357,107,144
633,357,106,143
634,353,107,152
633,352,106,151
633,353,110,159
633,353,110,159
632,352,110,159
631,350,110,159
631,348,110,159
624,347,116,155
622,346,116,155
618,344,119,153
616,343,117,149
613,341,116,147
610,334,111,148
605,332,109,146
603,330,107,142
601,329,105,140
598,328,106,134
593,326,108,130
591,325,109,130
589,324,109,130
584,330,121,126
583,330,121,125
578,330,129,127
577,331,130,126
575,331,133,127
573,332,135,129
572,332,136,129
570,332,141,131
572,335,139,128
572,336,140,130
572,336,141,131
572,336,140,131
569,336,145,131
570,337,145,129
570,337,145,132
570,336,145,132
570,336,146,135
568,332,148,138
569,331,149,138
570,329,150,138
570,330,151,142
569,328,155,144
570,326,155,146
571,327,157,144
572,326,157,145
573,327,159,146
575,326,158,145
579,326,154,147
582,326,155,148
584,326,154,147
593,328,151,145
596,329,149,143
600,330,147,141
604,331,145,139
605,334,142,136
608,335,140,134
611,334,140,142
612,334,137,145
614,334,136,147
616,333,137,149
619,333,136,149
621,329,133,153
622,328,132,155
623,327,132,155
624,325,134,156
627,323,133,156
628,321,134,153
630,320,134,153
632,318,139,149
631,319,144,144
632,320,145,139
633,318,146,136
632,318,154,133
632,316,157,132
632,316,157,132
632,315,158,129
636,313,159,127
636,312,158,125
637,312,156,123
637,311,165,122
638,310,165,116
638,309,165,115
638,311,171,109
638,312,174,108
638,313,176,106
638,314,178,104
637,314,180,102
637,314,182,101
637,315,184,101
637,314,187,103
638,313,185,104
637,312,185,104
638,310,182,107
639,309,179,110
639,307,176,112
639,306,174,113
638,305,172,115
637,303,170,115
636,302,171,116
636,299,170,120
638,299,170,121
637,298,170,122
637,297,170,122
637,296,169,122
637,295,169,122
640,295,165,118
640,294,164,117
642,293,155,119
642,292,153,117
642,292,150,119
644,288,150,125
644,286,148,128
644,285,148,128
646,282,143,130
646,279,142,131
646,278,139,132
647,273,132,141
648,269,131,148
651,265,121,153
656,267,118,153
656,267,112,159
666,267,101,162
670,274,94,158
670,272,93,162
670,272,91,163
676,274,85,161
676,272,85,162
678,273,83,165
681,277,81,161
681,277,81,161
682,278,81,157
681,275,81,160
680,273,83,159
679,270,87,159
680,271,87,159
680,270,93,153
678,270,100,153
677,268,103,150
672,267,110,144
668,261,116,145
666,258,117,144
661,255,120,139
660,252,118,140
659,250,117,139
658,248,116,138
656,246,115,137
653,244,114,136
653,242,113,135
653,240,112,134
649,238,112,145
649,236,112,146
649,235,111,146
649,234,111,146
648,233,111,148
649,232,110,147
648,233,109,148
648,233,108,147
648,233,109,146
648,232,109,146
648,231,109,146
649,232,111,140
651,233,110,136
652,234,110,136
654,234,107,134
656,235,106,132
659,235,105,134
660,235,99,138
669,235,86,144
674,236,82,146
680,236,79,149
687,238,77,157
691,242,76,157
694,243,76,157
697,245,75,156
703,248,75,156
706,249,73,156
707,251,73,156
707,251,73,153
707,252,75,154
706,250,75,155
711,249,69,159
713,250,66,161
716,252,65,162
717,253,63,164
718,254,63,164
718,254,63,163
720,256,62,164
723,257,60,163
723,258,62,163
723,257,62,163
724,256,61,162
724,255,60,161
723,254,60,161
722,253,60,161
721,252,60,161
720,252,59,160
720,252,64,160
719,252,65,161
718,253,65,161
717,254,64,161
716,255,65,160
710,257,71,161
710,260,70,161
707,268,72,161
703,273,77,156
701,280,78,149
696,282,84,147
693,284,89,148
692,287,90,144
691,291,94,139
689,295,99,138
685,296,106,137
685,299,107,137
683,299,110,136
684,301,112,135
684,303,114,137
686,302,110,139
688,302,108,138
690,303,107,139
692,304,106,141
695,304,105,140
699,303,105,140
695,300,109,141
696,298,109,141
697,298,109,141
699,298,109,141
699,299,109,141
701,298,109,139
702,298,110,135
702,297,110,134
703,297,112,130
703,297,119,131
703,296,121,133
702,294,122,141
711,297,114,142
711,299,114,140
711,295,113,143
712,293,109,147
713,290,105,153
717,290,99,153
718,286,96,155
718,285,93,158
719,284,94,159
723,282,89,162
723,281,89,162
723,280,89,162
724,279,89,162
724,277,89,162
729,278,87,159
730,277,86,157
731,275,85,156
732,274,84,156
733,272,86,154
733,270,88,154
733,269,91,154
733,268,93,151
734,267,95,150
734,264,97,149
734,264,98,146
735,263,100,144
731,260,102,144
732,261,110,142
732,260,113,139
730,260,124,136
729,260,126,135
729,261,124,133
729,260,132,129
729,261,135,126
729,261,137,127
729,261,137,127
729,260,137,128
727,258,139,128
729,257,139,128
731,256,139,126
730,256,140,127
727,256,144,116
726,255,148,111
724,255,150,105
725,251,153,105
720,244,164,104
720,240,165,94
717,232,166,88
715,226,170,87
714,221,171,84
711,215,171,81
709,210,173,78
709,206,171,75
707,202,169,75
705,199,171,76
704,195,171,78
703,191,169,83
702,187,166,86
701,180,163,92
700,174,160,98
699,168,160,100
697,167,155,104
696,163,154,109
694,160,148,110
692,157,146,115
693,155,138,117
691,151,135,117
690,147,134,121
690,142,130,128
690,139,126,128
690,138,122,127
689,132,120,136
689,130,119,137
687,128,116,136
687,121,117,146
688,121,113,144
688,121,112,144
686,121,114,146
688,120,110,146
687,119,110,146
686,119,113,146
688,119,113,147
687,120,113,147
689,120,114,146
688,120,114,146
695,119,101,145
694,119,100,146
694,118,99,147
693,117,96,149
693,114,93,156
692,113,89,159
691,112,86,159
693,111,80,158
695,110,73,159
695,108,70,163
696,107,68,162
696,103,66,167
695,101,67,168
694,99,68,171
694,99,67,166
697,98,67,166
697,97,68,167
698,93,69,166
698,92,71,168
698,92,72,169
698,92,71,168
698,91,70,167
698,91,73,166
698,91,73,166
698,91,73,166
698,91,74,167
698,91,69,166
703,93,63,165
703,93,62,164
704,88,60,173
703,88,59,172
703,89,58,171
703,90,58,171
703,90,58,171
704,90,54,170
704,89,53,169
702,89,57,170
701,88,58,171
699,87,62,172
699,86,62,171
700,86,62,172
700,86,62,173
699,85,67,172
701,85,69,170
700,85,71,170
699,85,75,168
698,85,76,166
698,84,75,164
698,78,78,172
695,74,82,172
693,71,82,171
689,69,90,176
685,68,94,172
684,67,97,176
683,66,98,177
679,65,101,174
673,64,109,175
667,63,117,178
665,62,118,177
664,61,119,178
663,60,120,178
660,59,125,179
655,59,133,180
652,62,137,176
652,62,137,176
653,61,137,178
653,60,137,178
653,62,138,177
651,62,145,179
650,65,147,175
650,70,151,171
650,71,152,170
650,74,155,168
649,75,157,166
644,75,163,166
643,76,166,166
640,78,172,164
640,80,174,161
640,83,175,158
642,89,178,153
641,97,182,144
641,105,187,136
641,108,191,131
634,110,201,130
638,115,197,122
639,120,200,116
641,126,202,109
636,131,210,100
634,136,215,94
634,139,218,93
634,142,219,89
633,145,221,85
633,148,222,82
640,153,218,76
644,159,214,68
649,171,211,59
648,176,214,58
649,181,214,58
653,188,210,55
653,196,208,52
656,201,205,51
652,205,209,49
651,212,207,50
651,214,208,51
649,217,205,51
647,220,205,50
642,223,208,56
639,225,210,56
638,229,208,57
636,231,208,57
637,233,206,59
637,235,205,58
639,237,204,60
641,240,202,59
643,242,198,61
644,245,195,61
644,244,196,63
643,246,196,65
641,251,198,62
640,254,199,61
640,256,200,61
641,258,200,62
645,261,195,59
645,264,195,59
646,270,195,54
650,275,189,49
650,276,188,47
646,274,192,49
646,275,190,51
646,274,190,53
641,274,192,53
640,274,192,53
640,275,192,53
640,276,192,53
640,276,192,55
640,276,192,55
640,276,192,55
640,276,192,55
640,276,192,55
640,276,192,55
640,276,192,55
637,276,192,55
637,270,192,55
637,270,192,55
637,270,192,55
637,270,192,55
641,268,188,55
640,270,188,52
644,265,187,57
644,265,188,55
647,265,186,55
650,265,184,55
657,268,179,52
656,268,181,52
658,267,181,53
665,267,177,53
670,267,176,53
678,267,170,54
680,265,170,54
687,265,166,55
692,265,164,55
694,267,164,55
694,267,164,55
694,266,164,57
697,266,164,57
697,265,164,57
697,265,164,57
697,265,164,57
697,265,164,57
701,265,162,57
701,265,162,57
701,265,162,57
701,265,162,57
701,265,162,57
701,265,162,57
701,265,162,57
701,265,162,57
701,265,162,57
701,265,162,57
701,265,162,57
701,265,162,57
697,265,166,57
697,263,166,59
695,263,168,59
695,263,168,59
695,263,168,59
695,261,168,61
691,261,172,61
691,261,172,61
691,261,172,61
691,259,172,63
691,259,172,63
691,259,172,63
691,257,172,65
691,257,172,65
691,257,172,65
687,257,176,65
687,260,176,65
681,261,182,64
683,261,178,65
682,259,179,68
681,261,180,67
682,262,179,67
682,264,178,67
681,265,178,67
681,266,178,67
682,268,176,67
682,269,176,67
682,271,176,67
682,272,176,67
682,273,176,67
682,272,176,67
682,270,176,67
682,270,176,67
682,268,180,67
686,268,176,69
686,267,176,65
692,266,170,65
692,264,174,65
694,262,172,67
697,262,169,63
699,262,169,62
700,260,170,65
702,263,167,62
702,262,168,65
702,264,169,62
700,264,170,64
702,263,167,65
700,263,168,67
701,264,167,67
701,263,165,69
701,259,164,73
699,257,164,75
699,257,161,75
699,257,159,75
699,257,158,75
697,256,157,75
692,255,160,78
696,252,152,84
696,252,151,86
698,251,145,89
697,252,142,89
696,252,141,90
690,252,145,89
688,252,145,91
688,251,143,91
685,256,145,83
683,258,145,81
681,259,145,76
679,259,147,74
668,259,155,69
665,258,158,68
660,257,160,68
657,256,159,65
650,253,164,68
646,252,164,66
644,252,163,65
641,252,163,63
638,251,161,62
632,248,162,64
625,247,166,64
621,246,165,65
617,245,164,65
612,244,165,65
608,244,167,64
603,244,169,61
592,245,176,60
585,246,180,61
580,245,180,61
571,245,182,59
563,244,184,60
557,243,184,60
549,242,186,57
543,241,185,55
536,239,186,56
526,238,190,57
516,236,193,58
507,233,191,58
499,231,192,60
487,226,198,64
481,224,199,64
475,222,198,63
468,220,199,63
461,218,199,64
454,216,196,60
450,215,194,60
447,214,184,64
445,213,180,63
443,212,180,63
440,212,180,63
438,211,180,63
437,210,178,64
434,209,178,64
435,209,178,64
434,210,178,64
434,210,178,64
433,210,178,64
437,211,178,64
446,212,169,65
440,212,170,65
439,212,171,65
433,213,171,63
432,214,171,65
428,215,170,62
427,214,180,63
422,215,186,62
418,215,198,62
418,214,193,62
419,214,192,64
420,215,190,62
417,214,189,62
422,215,182,60
421,218,186,58
420,219,185,57
418,219,187,57
415,220,190,56
404,218,201,61
393,219,211,61
396,221,205,61
394,221,208,61
396,220,207,64
396,220,206,63
394,220,208,66
393,220,207,66
392,221,209,65
393,221,208,65
393,222,208,65
393,222,208,64
391,223,210,65
390,225,209,62
388,227,212,60
389,224,210,62
390,226,210,62
398,225,202,60
401,224,198,60
410,225,188,59
409,224,189,60
408,224,190,61
407,226,191,58
407,225,190,60
407,225,190,59
406,225,191,58
404,225,192,60
407,226,188,60
407,226,188,59
404,226,190,59
403,227,191,58
401,227,193,57
400,225,194,59
398,225,195,61
398,225,194,60
398,225,194,60
395,226,197,60
396,224,195,59
394,226,197,60
402,225,187,59
401,224,189,60
400,224,190,58
400,223,189,57
399,222,191,57
399,224,191,59
399,224,190,58
399,223,189,58
399,223,188,57
400,223,187,56
400,223,186,55
400,222,185,57
401,222,186,57
401,221,186,57
401,220,186,58
400,220,187,59
399,220,189,59
399,218,190,58
396,216,193,59
392,214,198,60
392,211,198,61
385,209,204,61
384,208,203,61
383,207,208,62
392,205,198,58
392,203,199,57
391,202,201,56
400,200,191,58
401,198,192,59
403,198,190,57
405,198,188,56
413,198,181,55
414,197,180,54
417,196,177,54
420,198,173,52
419,197,172,52
417,196,173,55
409,190,180,59
403,187,184,62
400,184,187,65
399,183,188,65
398,183,189,66
397,182,191,67
394,176,194,70
390,173,198,74
388,172,200,76
388,172,199,74
388,172,198,72
387,171,200,72
383,169,203,74
382,168,204,74
377,166,208,76
376,165,208,77
375,166,208,78
374,166,208,78
372,165,209,78
371,165,208,78
370,165,208,77
370,166,209,78
371,168,208,75
372,169,207,74
374,171,206,72
376,172,205,71
378,174,205,69
380,177,206,66
385,179,204,65
391,183,202,61
397,185,200,58
403,187,200,56
415,187,196,57
422,188,196,56
434,190,194,52
442,191,193,52
448,195,195,49
450,194,193,52
448,195,193,53
446,196,191,53
443,197,191,54
443,197,189,54
440,199,191,52
441,201,193,51
445,203,193,51
451,202,189,54
452,204,187,54
451,205,185,55
450,205,183,54
449,205,184,55
449,207,184,53
451,208,182,52
450,208,182,53
449,205,182,56
447,204,180,56
443,205,182,54
440,205,181,52
437,205,182,51
433,204,182,53
430,203,182,53
429,201,180,54
427,200,180,53
425,199,178,52
422,198,180,51
421,198,179,50
420,198,179,50
421,197,175,50
419,196,175,50
416,196,177,49
413,196,177,51
410,195,179,51
409,196,177,51
407,193,178,54
404,193,179,55
402,192,180,56
401,193,180,54
401,192,179,54
401,192,178,53
401,194,180,51
401,193,179,51
400,190,180,55
395,193,183,52
394,195,185,48
393,193,185,50
392,193,185,48
391,192,187,48
390,190,187,49
390,189,187,51
389,188,187,51
390,187,186,51
389,188,187,52
389,188,186,51
389,188,185,51
390,189,184,51
391,189,183,50
390,191,185,49
389,193,186,46
390,194,184,46
391,195,183,45
390,196,185,44
390,198,185,44
390,199,186,44
390,200,186,44
390,199,186,47
389,200,187,48
388,201,188,49
388,203,189,49
388,204,189,49
388,205,189,49
389,205,188,50
390,206,186,51
391,207,184,52
391,209,184,51
390,211,185,50
391,212,184,51
390,212,185,53
390,213,184,53
390,215,184,53
389,217,185,52
389,217,185,52
390,217,184,53
391,217,184,53
392,217,183,52
392,218,182,51
392,218,183,50
392,218,182,52
389,219,184,50
388,219,185,51
385,218,189,53
384,217,188,53
383,216,187,53
382,215,187,52
383,215,186,50
382,214,186,49
380,214,187,49
379,214,187,49
378,214,187,50
378,215,188,49
379,215,187,50
379,216,190,49
381,216,188,51
383,217,187,50
383,218,188,50
383,218,188,51
382,219,189,51
383,218,189,51
383,217,189,52
384,218,187,51
386,218,186,50
384,217,189,52
385,217,188,52
387,216,187,53
388,216,185,51
390,216,185,51
391,216,184,51
392,216,184,51
389,215,187,51
389,216,187,51
393,215,185,51
395,214,184,50
397,215,184,50
399,216,183,49
401,217,182,48
403,218,183,47
405,218,181,46
407,215,180,48
402,215,187,50
405,215,185,50
407,215,185,50
410,215,186,51
414,214,185,51
418,214,184,53
425,215,181,51
429,214,181,53
431,215,181,52
433,215,183,54
437,213,181,55
442,213,178,54
443,213,179,55
447,213,178,54
451,212,177,55
455,212,175,53
457,211,176,53
458,210,177,55
459,210,177,54
462,208,176,53
464,207,176,53
465,207,176,51
467,205,174,52
468,204,173,52
469,202,172,54
471,202,169,53
471,201,169,53
471,200,169,54
470,199,169,57
470,198,170,58
469,199,171,58
468,198,171,59
467,197,172,60
466,196,172,62
464,196,173,62
463,197,175,62
462,197,175,61
461,197,175,61
459,197,177,63
458,197,179,64
457,197,180,65
457,197,179,64
455,198,180,64
453,199,182,62
452,199,182,63
450,198,182,63
448,200,183,61
444,202,185,59
443,203,185,57
441,203,186,58
438,204,186,57
436,205,186,55
434,204,185,56
432,206,184,54
428,206,185,54
424,208,185,51
423,209,183,49
419,210,184,50
416,209,183,51
415,206,179,53
412,207,179,51
408,206,179,52
405,206,178,53
401,206,178,53
397,207,178,52
394,207,178,53
392,208,177,53
395,209,176,53
409,213,172,49
442,214,168,48
487,205,162,58
504,197,172,63
530,201,176,56
554,203,180,53
579,195,178,60
601,192,180,61
620,193,181,60
640,195,181,59
659,194,180,63
675,196,182,64
695,198,179,65
706,202,182,67
724,205,180,68
736,210,183,68
753,215,181,67
762,222,184,65
769,227,179,68
771,226,169,76
777,219,157,91
777,217,148,102
770,219,145,108
768,222,138,114
764,225,133,122
761,221,123,133
758,219,110,142
760,215,95,149
761,216,84,160
762,215,80,163
762,217,85,167
757,221,104,167
741,234,121,158
725,248,138,142
703,272,158,122
699,288,163,97
683,310,177,71
651,328,187,59
634,341,205,56
620,353,194,60
609,354,193,73
599,342,182,92
594,331,167,110
591,320,153,126
594,311,132,134
595,305,114,146
590,300,105,150
582,300,103,158
575,301,100,161
565,308,102,161
561,315,100,162
557,324,98,162
557,332,94,166
567,343,84,167
570,355,80,170
571,368,82,172
575,382,80,180
575,392,82,184
579,400,76,182
577,404,73,184
570,405,77,184
558,398,75,185
543,384,67,191
517,358,66,174
496,320,74,151
486,252,77,157
494,191,57,152
489,128,61,170
478,70,60,186
462,30,61,182
442,1,52,180
427,1,47,147
411,1,50,119
394,1,54,102
383,1,56,90
370,1,55,77
354,1,58,65
349,1,59,62
342,2,58,56
326,1,67,58
319,1,72,57
294,2,94,57
276,2,108,57
253,2,130,66
251,1,131,71
251,8,132,75
240,17,139,74
187,1,192,99
180,1,199,115
181,17,197,111
180,34,197,110
180,55,195,107
177,72,194,110
179,102,192,101
175,116,185,107
172,133,196,113
168,156,191,111
165,170,181,120
161,195,166,116
160,211,129,125
153,237,138,123
148,250,115,126
135,261,106,138
110,281,118,144
86,288,126,171
57,298,140,194
34,301,130,214
13,320,111,211
3,347,93,205
2,347,97,217
2,351,87,216
2,352,63,124
2,348,32,31
2,353,66,125
2,353,66,125
2,353,66,125
2,353,66,125
2,353,66,125
2,353,66,125
2,353,66,125
2,353,66,125
2,353,66,125
2,353,66,125
2,353,66,125
2,353,66,125
2,353,66,125
2,353,66,125
2,185,10,45
2,166,61,449
2,166,115,467
41,153,130,504
80,144,158,516
128,144,174,518
177,144,190,519
216,144,234,543
270,154,238,533
319,162,254,545
362,161,270,551
401,161,288,549
432,161,322,549
482,166,324,529
509,165,346,521
530,168,367,519
550,163,382,514
571,163,392,497
585,163,411,494
606,166,416,479
612,174,440,455
628,177,462,447
644,182,478,433
666,184,487,427
683,189,498,425
701,197,508,416
713,208,515,400
720,221,528,390
734,237,529,376
744,257,531,358
760,277,520,336
768,294,512,311
784,312,496,293
792,330,488,274
798,343,482,265
808,356,472,257
813,372,467,257
826,382,454,258
828,396,452,265
835,406,445,271
839,417,441,278
842,425,438,281
853,436,427,284
862,443,418,277
867,452,413,268
869,455,411,265
869,459,411,261
869,459,411,261
866,459,412,261
861,457,414,263
860,456,405,264
858,455,399,265
851,455,399,265
848,456,393,264
845,455,389,265
837,455,390,264
830,454,387,266
825,453,384,267
821,453,382,267
814,450,382,270
808,448,378,251
802,447,382,252
798,447,378,247
793,447,376,244
789,446,376,244
785,453,372,235
786,456,368,231
787,459,364,229
787,469,357,218
785,476,354,214
785,483,351,206
786,492,309,199
788,501,291,192
786,510,277,184
787,522,246,174
788,532,294,160
789,542,314,144
791,553,339,133
790,563,343,121
789,570,347,111
788,575,358,107
787,576,349,103
797,574,347,87
805,574,344,82
799,574,343,86
807,574,340,86
807,574,339,85
813,578,331,82
813,578,328,81
813,580,326,82
814,582,322,81
816,584,319,79
815,584,317,82
816,584,318,84
817,585,317,84
818,586,316,84
819,587,315,84
819,587,315,84
819,587,315,84
819,588,314,84
819,589,314,84
819,590,314,83
819,592,315,83
819,593,314,83
816,593,314,84
816,593,313,84
817,597,313,80
816,597,313,80
815,597,312,80
814,596,312,80
812,597,312,77
810,596,312,77
807,594,311,77
803,592,312,79
799,591,313,80
795,592,312,77
791,591,312,78
787,591,313,79
781,589,313,80
775,588,312,80
769,587,313,81
763,586,314,82
757,584,314,77
751,583,314,78
745,582,314,78
742,584,312,78
692,585,356,97
688,583,349,103
681,572,349,117
675,571,348,116
669,567,349,116
661,544,253,137
657,532,252,159
654,528,282,162
644,516,350,179
638,509,355,183
632,501,366,193
628,496,370,198
625,489,369,204
621,480,367,212
619,472,366,221
618,468,361,220
614,453,359,230
615,443,348,234
615,434,349,231
616,421,348,236
620,411,345,235
624,400,344,237
628,389,346,240
633,379,345,241
640,370,343,246
655,363,330,245
662,358,327,245
672,348,323,251
683,343,309,251
694,339,302,251
706,331,289,249
714,323,278,252
723,315,269,253
731,308,260,250
740,301,249,244
745,295,216,241
748,291,192,234
753,287,189,235
757,281,178,236
762,277,170,228
766,274,164,224
770,268,160,221
773,264,156,216
776,259,163,211
780,257,154,207
782,250,152,205
785,244,158,204
789,238,157,202
794,234,149,199
797,224,147,202
800,220,139,200
804,216,138,198
808,213,136,195
811,210,133,187
809,208,135,183
813,207,131,179
816,208,128,176
818,210,124,172
820,211,115,168
821,212,108,164
821,211,98,163
817,207,98,170
817,208,95,169
818,208,91,168
817,208,91,168
817,209,89,166
815,209,94,166
813,211,94,166
811,213,97,163
807,217,101,163
805,219,102,162
800,221,110,157
797,223,116,156
791,226,124,156
789,229,126,157
786,234,128,157
783,238,129,156
780,241,128,155
777,244,132,159
776,250,133,159
775,254,131,158
772,259,131,157
769,262,132,156
767,265,133,158
763,267,136,160
762,270,136,161
761,272,136,163
758,273,134,166
759,274,133,171
757,276,134,173
755,277,131,178
754,278,131,185
753,279,127,185
753,282,120,185
751,282,121,186
749,281,123,189
749,281,122,188
748,280,122,190
744,281,127,189
743,280,130,192
743,278,131,193
744,277,122,192
743,275,119,188
742,273,123,189
741,270,126,186
741,268,126,185
739,265,126,175
739,264,128,166
738,263,131,159
737,263,132,149
736,262,134,143
737,259,132,141
734,260,135,133
733,260,135,123
733,259,137,115
731,258,143,102
728,259,150,94
729,260,155,84
722,257,168,84
721,257,170,79
720,258,178,68
714,252,179,67
714,244,184,65
713,238,184,65
712,230,190,65
712,224,190,65
702,218,200,63
702,210,202,67
698,204,202,69
696,197,204,75
696,191,199,82
693,184,198,87
691,177,199,97
690,176,196,99
689,169,192,107
687,166,187,113
683,158,190,119
679,158,189,118
675,159,189,118
677,157,180,119
678,158,173,119
677,154,166,122
673,153,163,129
671,152,163,130
668,152,163,130
665,152,163,130
672,151,148,130
666,151,150,132
663,150,149,131
659,149,148,133
658,148,147,133
654,147,145,135
650,146,144,135
646,145,143,135
643,142,140,138
639,143,139,138
636,140,139,142
634,139,140,144
633,138,138,146
631,138,139,146
630,139,139,148
626,140,138,149
623,140,138,149
620,139,132,151
617,139,131,149
615,139,131,149
616,139,132,150
615,139,133,151
614,139,134,152
613,139,128,156
594,140,143,159
594,142,145,151
594,142,146,152
595,142,143,152
588,143,150,150
588,143,151,151
581,145,156,145
562,127,176,161
557,127,184,158
557,127,184,157
554,134,187,147
553,140,190,139
542,139,201,136
538,139,208,134
538,139,211,133
538,138,211,131
537,139,214,126
534,143,217,118
526,143,224,115
524,145,225,110
515,145,234,108
512,146,237,105
508,147,238,102
502,147,242,102
496,152,248,95
488,154,254,92
484,156,259,90
481,160,261,86
476,162,264,85
474,165,268,80
470,168,272,78
461,169,283,78
459,170,286,77
454,171,291,78
444,173,305,78
440,174,311,80
437,174,313,82
436,174,313,82
434,176,311,82
436,176,302,83
437,177,289,82
439,179,282,78
437,178,227,77
436,177,227,78
419,176,239,78
419,175,331,79
418,173,332,80
418,175,333,76
418,170,335,78
415,168,338,79
415,167,341,82
416,165,341,79
416,163,342,80
421,161,341,81
424,160,339,79
427,160,342,80
429,159,343,81
434,157,340,80
438,155,339,79
441,155,340,78
444,154,339,78
447,154,339,78
450,152,339,78
455,151,337,76
459,150,334,76
462,149,332,76
466,148,329,74
454,147,349,74
455,146,351,75
457,145,350,75
460,149,349,70
460,148,353,68
462,148,352,66
465,148,351,66
468,147,350,66
471,146,349,66
474,145,348,66
477,144,348,66
481,143,347,66
484,142,347,66
486,146,348,66
488,145,348,66
489,144,348,66
491,143,351,66
492,142,351,66
492,141,351,66
492,141,352,67
493,141,364,65
493,140,365,66
494,139,365,66
494,138,366,67
494,137,365,65
495,137,365,65
494,136,366,66
495,135,365,65
495,135,365,65
495,133,365,65
495,131,364,64
495,129,365,64
495,128,365,64
495,127,364,64
497,126,364,64
496,125,363,63
496,123,363,63
496,122,363,63
496,121,363,63
496,120,363,63
496,119,364,64
495,118,364,64
496,117,363,63
495,117,364,63
494,116,365,64
495,116,364,63
494,115,364,63
494,116,364,63
493,116,364,63
493,117,364,63
497,117,364,62
499,116,364,62
499,115,364,62
499,116,364,62
499,117,364,62
499,117,364,62
499,117,363,61
499,116,363,61
499,115,363,60
505,106,354,69
535,101,310,81
599,100,143,92
543,93,210,107
494,92,318,116
495,89,345,123
493,86,347,133
489,80,348,142
486,79,350,148
484,78,352,150
481,77,354,155
477,72,358,163
475,70,361,169
466,67,368,173
464,67,369,177
464,68,368,177
461,66,368,179
457,67,369,181
455,66,368,184
454,65,370,186
453,64,369,185
452,63,371,185
451,62,372,186
450,62,374,188
449,62,371,186
450,60,369,186
449,58,369,186
447,58,374,185
445,57,377,186
444,56,378,186
443,55,378,184
442,54,378,184
441,56,380,182
439,56,384,181
438,55,383,182
437,54,383,182
436,53,383,182
435,52,382,181
432,54,388,179
431,53,388,179
430,53,387,180
428,52,386,178
421,53,387,176
415,49,394,179
413,37,394,189
411,36,390,189
409,29,390,192
401,23,394,197
399,21,394,198
394,21,395,198
392,21,395,198
387,22,400,197
385,23,401,198
380,30,406,186
376,39,413,178
374,46,418,173
373,62,420,156
370,75,429,140
370,96,430,118
370,112,434,97
369,128,434,78
372,138,430,70
372,150,428,68
373,162,426,74
377,174,419,75
381,184,407,80
384,190,358,81
385,187,349,94
519,188,154,102
521,190,158,103
522,191,158,104
399,180,407,123
403,182,406,122
406,181,405,121
409,180,408,121
412,177,402,118
415,174,398,117
420,171,394,116
426,168,379,115
426,165,379,115
538,159,162,107
544,154,163,107
547,149,160,106
550,145,254,97
482,142,339,92
432,143,399,84
435,138,398,83
444,135,392,78
424,125,428,82
426,122,430,83
426,119,430,79
427,116,427,79
431,107,431,83
433,105,430,83
435,103,427,83
438,101,424,78
434,100,426,80
433,99,429,79
432,98,430,80
431,97,430,81
430,97,431,78
431,97,431,77
428,97,432,72
427,97,430,71
426,100,427,68
426,100,428,77
422,100,432,81
421,102,435,83
423,103,435,90
423,103,435,91
422,104,434,97
424,105,432,101
427,105,429,104
428,104,428,109
428,99,427,118
427,94,426,127
428,92,424,130
427,85,423,141
426,82,421,145
427,77,420,152
427,71,418,160
428,67,415,166
429,62,412,171
429,57,411,177
429,50,409,186
433,49,402,189
435,49,399,187
436,49,394,185
436,50,391,184
434,50,391,187
428,50,394,190
424,49,399,191
420,47,400,193
418,45,401,194
418,44,401,194
417,43,402,195
416,42,397,195
415,44,397,195
415,43,397,195
414,42,397,195
414,42,396,194
414,43,395,193
415,44,394,197
415,42,394,200
415,42,394,202
417,43,394,201
417,42,393,200
421,47,385,193
421,47,385,192
423,55,384,185
426,52,376,185
428,54,375,185
430,61,376,172
429,63,375,165
429,64,372,159
431,71,371,150
433,76,367,140
436,78,361,135
444,81,347,128
447,90,304,118
459,96,233,107
541,100,140,100
546,107,195,90
546,111,236,84
485,118,306,75
484,122,311,71
458,126,336,71
457,135,336,67
450,141,345,65
448,142,347,68
445,146,350,71
446,148,349,69
446,149,349,71
446,150,348,72
449,154,341,69
452,156,339,71
454,157,335,71
456,157,331,71
455,156,330,74
455,157,331,71
456,158,331,69
451,158,332,67
450,158,334,67
450,157,334,67
450,157,336,67
450,151,335,75
453,148,330,78
455,146,327,79
457,144,320,77
490,142,248,79
493,145,243,74
477,144,269,73
464,142,325,74
463,142,324,74
465,141,323,74
463,141,324,73
463,140,324,75
463,141,323,72
455,141,333,70
456,143,336,67
460,143,335,66
459,142,336,63
460,142,338,63
460,142,340,62
463,142,338,62
466,142,336,61
469,143,336,60
466,143,338,60
466,143,338,60
463,145,339,59
462,147,340,59
461,147,340,59
460,146,340,59
459,145,340,59
458,144,340,59
460,144,336,60
460,143,331,62
459,142,331,62
457,141,331,62
458,143,325,59
457,144,325,59
460,143,320,59
460,143,318,58
461,144,317,57
461,143,316,57
461,144,318,58
461,143,319,59
461,142,318,60
459,141,323,61
460,140,323,61
460,141,329,63
459,141,329,63
459,140,325,64
459,138,324,64
458,135,323,64
459,136,322,61
459,134,321,61
461,131,320,59
462,132,319,58
457,133,324,57
457,132,325,58
457,125,328,66
456,124,327,65
454,126,329,68
455,127,325,63
456,126,325,62
458,125,323,60
459,120,320,63
459,116,318,68
459,117,320,68
459,118,323,69
452,117,332,70
451,119,332,70
451,119,330,70
451,118,329,70
454,117,326,67
454,116,326,67
455,115,325,66
456,114,325,66
459,110,327,71
460,109,327,71
460,116,326,67
461,117,325,65
462,117,325,65
473,115,315,64
471,114,317,64
471,113,317,64
466,112,320,64
464,111,322,63
464,110,322,63
465,109,323,62
465,108,323,62
466,108,325,62
466,108,326,62
466,108,326,62
466,107,325,62
468,105,324,60
468,103,323,60
468,100,322,58
467,97,321,58
467,95,319,57
467,93,317,56
467,92,315,56
467,92,314,57
467,93,313,57
467,93,311,57
467,92,310,56
467,91,309,58
463,96,320,55
464,97,320,54
464,97,320,54
464,97,319,54
464,97,326,55
464,97,329,57
464,98,332,57
464,99,333,58
464,101,335,60
463,101,336,61
463,102,340,62
465,102,341,64
465,103,341,64
465,102,341,64
467,101,339,64
466,100,338,64
466,99,338,66
465,98,338,66
465,94,337,61
467,93,335,60
466,92,328,57
466,91,324,58
465,89,324,57
465,85,319,59
465,84,319,59
462,83,318,60
462,82,318,60
462,82,317,60
460,82,313,60
460,83,315,59
460,83,314,59
462,84,314,58
463,85,314,58
464,86,317,57
464,86,319,57
465,87,320,57
465,87,320,58
465,87,324,59
468,89,326,59
469,89,328,60
470,91,334,63
473,92,335,63
474,94,335,66
474,96,334,67
474,97,335,68
474,98,337,69
476,97,338,71
478,98,335,71
480,98,333,70
479,97,333,70
480,96,333,70
480,99,331,67
481,100,328,68
480,100,328,69
480,99,328,69
481,99,327,69
481,98,326,70
481,98,326,70
580,96,225,72
580,96,225,72
581,100,226,73
580,100,224,73
579,101,223,74
578,101,223,74
577,101,226,74
576,100,226,74
572,99,229,70
572,98,229,70
571,98,229,70
572,97,224,68
571,96,223,67
477,92,321,68
480,94,310,65
468,94,320,63
465,93,321,62
456,93,329,64
451,92,329,64
447,92,330,65
445,92,331,63
446,92,329,61
445,91,328,60
445,91,330,60
445,93,329,60
444,93,328,59
445,93,329,58
445,93,329,58
445,92,329,57
446,96,329,55
445,97,330,56
444,97,330,56
443,98,331,56
442,97,333,57
443,97,332,58
444,96,332,58
443,94,331,57
442,93,330,56
441,94,329,55
440,95,328,54
440,96,327,53
440,93,326,54
441,94,325,53
443,94,324,56
445,94,325,56
448,96,325,57
450,96,325,60
451,96,325,61
452,96,325,61
452,94,322,63
452,94,322,64
454,94,322,58
455,94,320,59
458,96,316,55
458,93,326,61
459,93,325,62
460,93,324,63
462,93,324,63
463,94,323,62
464,94,322,63
465,94,321,62
461,93,321,63
457,93,323,66
457,93,322,65
456,93,324,63
456,92,323,62
456,88,322,66
465,89,310,66
478,87,295,67
459,86,320,66
462,86,317,64
466,81,310,71
563,79,210,70
472,76,305,76
472,76,304,75
471,70,301,77
472,68,300,78
470,66,304,78
467,63,307,78
469,60,306,79
472,59,303,78
473,66,304,72
463,64,317,72
465,61,316,73
466,65,320,72
465,66,320,72
463,67,322,71
462,70,319,71
455,71,321,71
450,76,321,63
445,76,322,64
435,79,328,62
433,81,333,60
434,80,333,60
436,80,334,61
439,81,329,64
443,81,317,66
445,81,302,60
444,83,321,59
443,84,327,59
443,85,327,58
446,86,326,56
447,87,325,55
448,88,324,54
449,90,323,53
450,88,323,56
452,87,322,60
454,87,322,60
455,87,321,59
455,88,325,63
455,88,325,63
455,90,325,60
455,91,326,61
455,93,323,60
455,93,323,60
456,94,322,61
456,94,323,62
456,95,323,61
456,95,323,61
456,95,323,61
456,95,328,61
456,94,329,62
456,94,329,62
456,94,329,62
456,94,329,62
456,94,329,62
457,94,330,62
457,94,330,61
458,95,331,61
458,95,331,61
458,95,331,61
458,95,334,61
458,94,336,61
458,93,338,62
458,92,340,62
458,91,340,62
458,91,340,64
458,90,340,64
458,89,341,66
458,88,341,66
458,87,341,66
458,86,339,67
458,86,339,67
458,86,339,67
458,86,339,67
458,86,339,67
458,85,341,66
459,86,341,66
461,87,341,64
461,88,341,64
461,89,341,64
461,89,341,63
461,89,341,62
461,89,342,63
461,89,342,62
461,89,342,61
461,89,341,64
461,89,341,64
461,88,344,65
461,87,344,65
461,86,343,66
461,86,343,66
462,92,344,61
462,92,344,61
462,92,344,61
462,93,344,61
462,93,343,61
462,95,344,61
462,96,343,58
462,97,342,57
462,98,341,56
464,98,340,55
466,98,338,54
468,98,337,55
470,97,338,57
471,96,338,57
472,95,337,57
474,95,336,57
475,94,335,56
477,94,337,57
479,93,337,57
481,92,337,57
483,91,337,58
485,90,337,58
487,89,336,58
490,89,336,58
492,88,336,58
494,87,336,58
496,86,336,58
498,85,336,61
499,85,336,63
500,85,335,63
501,85,335,62
501,85,335,65
501,85,335,65
506,87,334,64
505,88,335,66
505,89,335,67
504,89,336,68
502,89,337,69
502,91,334,68
500,92,333,70
498,92,333,69
495,94,331,68
488,95,343,69
479,92,358,66
470,86,377,68
458,78,402,72
456,77,397,73
445,66,415,83
444,65,427,84
432,65,447,85
424,59,460,96
425,60,457,100
420,64,468,102
412,69,481,104
406,74,488,104
402,79,498,109
389,83,520,112
388,89,525,112
377,95,542,113
365,96,563,118
366,91,561,145
535,96,221,156
361,98,546,175
346,86,565,207
361,99,549,218
359,101,551,235
359,96,556,258
358,96,558,273
356,95,559,280
354,97,561,280
350,85,566,291
343,86,577,287
344,92,577,270
333,108,578,245
333,132,572,211
334,160,574,173
335,201,564,135
338,226,545,145
366,250,507,147
374,267,487,145
402,252,395,147
396,234,467,215
399,226,465,223
405,216,459,234
416,207,449,244
422,201,443,243
430,200,439,242
437,204,433,238
441,209,431,234
446,223,429,232
453,234,424,237
468,245,413,241
473,257,407,244
475,272,403,238
474,288,400,234
475,304,397,231
478,315,393,235
479,328,396,231
483,343,392,225
487,351,387,224
490,363,383,218
492,372,384,212
496,380,384,206
506,388,375,197
510,388,369,187
515,388,362,186
529,376,344,182
534,349,333,174
544,307,322,165
550,256,319,160
554,184,313,173
557,125,312,172
576,64,298,184
588,18,290,194
604,1,272,182
615,1,263,147
757,2,130,120
776,2,124,112
796,2,111,95
889,1,27,86
899,2,34,82
913,1,34,79
869,1,89,83
881,1,90,80
896,2,86,88
863,1,125,103
849,1,149,115
855,5,117,86
866,26,138,101
870,44,146,117
871,59,149,119
872,77,152,117
872,95,151,117
869,109,150,119
865,124,148,126
861,135,146,135
858,146,137,143
855,158,125,146
848,168,98,148
839,176,89,161
822,184,79,164
797,188,82,176
779,203,70,165
752,212,70,163
725,222,72,159
701,229,82,153
674,230,86,148
648,234,88,148
621,234,92,148
596,230,92,149
576,226,87,147
536,221,94,90
510,218,92,102
482,213,109,142
456,207,101,147
430,200,103,150
403,193,114,153
380,188,101,155
356,184,102,154
333,179,100,154
310,174,101,155
286,161,122,158
264,154,133,167
247,148,133,171
230,143,134,172
215,139,136,175
201,132,137,184
188,126,138,192
179,118,124,199
168,115,125,203
163,113,121,206
162,153,69,98
160,154,68,97
157,125,83,183
155,121,91,210
157,95,116,269
157,91,124,277
159,92,131,289
161,94,140,295
165,101,146,298
164,105,164,304
169,109,173,305
178,117,179,305
190,119,188,312
208,116,185,324
230,116,182,335
254,115,184,344
276,113,190,356
313,115,181,360
345,117,177,366
383,123,162,359
412,129,154,361
414,134,173,355
420,136,183,354
419,133,193,354
413,125,207,354
414,117,226,361
414,111,251,363
408,112,290,363
400,110,330,355
397,116,359,351
397,124,381,337
393,136,407,322
395,151,425,314
395,171,440,301
389,187,460,288
377,215,480,272
370,241,491,255
364,262,490,250
360,278,490,253
369,298,483,247
364,321,489,248
351,337,491,254
344,348,495,260
335,357,498,243
327,359,499,240
328,362,487,239
330,362,482,227
329,364,481,224
330,365,481,218
330,365,478,209
332,368,471,203
334,376,467,188
335,380,469,177
336,385,469,173
339,386,464,166
347,392,456,155
350,401,450,144
352,411,444,133
358,416,417,132
424,426,299,113
352,432,371,105
359,444,362,93
363,452,405,80
363,452,426,78
363,451,426,75
364,452,425,73
362,454,425,73
364,456,425,73
366,458,425,73
368,459,424,72
369,461,423,74
369,462,423,75
369,463,424,76
370,463,424,76
371,463,424,77
371,464,424,77
372,465,424,78
373,465,424,79
374,465,424,79
375,466,423,79
376,472,422,72
377,473,422,72
379,474,422,72
383,474,421,71
385,475,421,71
387,476,421,71
388,478,421,75
389,479,420,74
391,481,420,74
393,482,420,74
396,484,420,75
397,485,421,71
398,486,420,70
399,486,419,69
400,488,421,73
400,488,422,74
400,489,423,75
399,490,424,76
399,491,425,76
399,494,427,78
398,496,428,78
397,498,429,78
397,501,430,77
396,503,430,77
396,507,423,79
400,510,418,82
402,511,366,86
403,495,429,114
407,484,399,117
407,476,419,131
479,467,347,143
478,458,349,156
477,453,350,161
475,449,350,166
377,441,444,171
379,436,441,171
380,433,439,171
380,428,440,172
379,426,441,173
379,425,441,173
381,424,441,170
381,424,440,170
383,421,437,170
384,421,436,170
387,426,430,156
392,434,424,131
384,439,413,96
373,435,421,78
371,424,442,69
372,412,451,72
374,394,456,103
377,374,458,133
378,336,459,178
379,308,455,210
385,285,451,232
398,265,437,247
405,248,431,260
413,241,419,257
428,222,406,263
438,219,399,252
450,218,388,244
464,218,370,234
471,219,358,222
479,263,314,166
490,266,307,161
494,258,306,167
497,208,340,216
495,212,338,213
499,216,342,212
496,217,356,211
501,218,352,212
505,225,356,208
509,228,358,209
514,235,361,203
520,238,363,203
530,242,356,199
534,243,362,199
537,243,367,200
538,242,370,201
536,240,378,205
532,240,389,208
529,239,392,212
523,242,395,209
518,241,395,207
513,235,392,208
507,229,390,209
501,226,391,207
494,227,398,207
488,242,404,202
483,241,401,201
476,232,401,198
466,227,402,197
462,230,401,196
465,232,398,198
462,230,401,201
452,227,397,200
446,230,398,191
445,233,398,190
452,232,392,195
454,228,389,197
447,224,387,195
444,228,386,191
447,228,386,189
451,223,386,194
453,218,384,196
452,215,384,193
452,214,379,185
454,214,379,181
461,215,383,179
474,214,381,177
477,218,382,169
479,226,378,154
477,226,381,149
479,224,380,148
495,222,374,147
500,222,375,145
503,233,375,130
518,235,358,124
635,236,243,120
637,236,242,119
639,236,241,118
645,247,241,105
650,250,232,100
557,254,231,92
545,258,350,84
545,257,350,84
546,259,348,80
547,258,348,80
547,259,347,77
546,258,267,78
545,257,264,78
542,256,262,82
558,254,254,89
663,253,134,90
662,252,134,90
661,245,139,100
661,244,137,101
661,243,198,103
660,242,233,104
658,240,246,104
657,238,246,104
656,236,246,104
655,233,246,104
654,230,242,98
547,227,333,93
554,219,325,94
557,216,309,88
555,213,250,83
555,209,249,83
536,205,260,71
535,201,262,70
535,193,353,70
535,188,353,70
535,181,352,65
535,176,361,65
535,166,364,68
535,161,365,69
539,156,367,70
539,151,367,66
541,146,375,67
542,142,378,68
541,138,378,68
541,134,378,68
541,131,378,68
541,128,378,68
541,128,378,65
541,126,378,65
541,125,378,65
540,128,373,63
540,127,373,63
540,126,372,65
536,126,373,69
536,125,373,69
536,125,372,69
536,125,372,69
537,117,376,76
537,117,376,76
538,119,378,76
538,122,378,72
539,124,381,70
540,125,380,69
540,126,381,69
539,127,381,69
539,130,379,67
541,133,377,65
541,138,377,59
543,141,377,57
542,143,377,55
542,145,376,56
541,146,376,56
540,147,377,57
538,149,378,58
537,154,379,59
535,158,379,57
533,159,380,58
533,167,380,55
531,170,381,54
529,170,381,56
530,170,376,60
529,175,372,60
526,180,372,56
525,180,371,60
524,186,372,59
523,191,367,59
522,193,366,62
521,200,367,60
520,205,367,60
519,209,366,57
518,206,365,64
516,214,365,61
519,215,362,64
519,217,363,66
516,221,365,63
516,226,368,63
516,230,369,65
519,230,369,66
519,233,370,65
524,233,367,66
527,239,364,65
527,239,364,70
528,239,363,69
532,236,359,77
533,237,362,74
539,237,352,71
538,236,356,71
539,235,355,72
540,231,351,73
541,230,349,74
541,231,346,75
544,231,342,75
544,237,342,70
547,236,339,70
549,236,337,71
553,235,335,70
571,237,293,72
592,241,263,71
574,242,226,71
566,242,232,72
562,242,233,73
576,242,221,83
669,242,221,82
558,241,232,79
560,242,312,71
555,243,312,67
551,242,321,67
541,241,328,68
542,241,326,68
540,243,326,65
541,244,324,64
541,243,324,63
541,242,323,62
540,242,323,61
539,242,325,61
540,243,327,63
544,243,329,63
546,243,327,63
545,242,327,63
547,241,324,63
546,240,321,63
545,239,320,63
546,238,320,66
544,238,319,65
544,238,316,65
542,238,315,65
539,238,315,65
536,238,316,66
532,238,317,68
529,237,317,71
527,242,318,65
524,241,316,65
522,240,314,65
520,238,308,64
516,236,308,64
511,234,307,64
506,232,306,64
503,231,304,66
500,230,308,64
499,227,309,64
497,224,308,64
494,221,307,64
494,219,305,62
492,217,304,62
491,218,303,59
491,216,303,59
491,216,302,59
491,214,301,59
491,212,303,57
492,209,302,55
494,206,301,55
496,203,301,57
499,200,300,57
502,197,300,57
505,194,300,57
509,191,300,57
513,188,300,57
518,185,299,57
524,183,298,58
530,180,297,58
536,178,295,57
542,176,304,56
548,174,303,58
553,171,302,58
557,169,302,54
561,165,302,54
562,162,303,52
565,160,303,54
568,158,303,54
570,156,303,55
572,155,303,55
573,154,303,55
574,157,304,51
575,167,306,42
576,165,303,41
576,165,304,41
575,164,304,41
574,164,304,41
573,157,303,50
571,158,303,51
569,158,302,51
567,158,302,51
565,157,302,51
563,156,302,51
561,156,299,52
559,155,299,52
557,155,300,53
555,154,300,53
554,153,300,53
553,152,299,54
552,151,299,55
550,149,299,55
549,147,299,55
548,146,298,57
546,145,298,58
544,145,297,56
542,144,297,56
540,142,297,56
538,141,297,57
537,140,297,54
536,138,297,54
535,139,296,53
533,138,296,53
531,137,297,54
529,136,297,52
527,135,297,52
525,137,296,49
523,138,296,47
522,138,296,47
521,142,295,43
520,142,293,41
518,142,293,43
516,135,293,51
514,134,293,51
512,133,294,52
511,132,293,52
509,131,292,52
507,130,295,52
506,129,294,52
505,128,295,52
504,127,294,52
503,126,293,52
502,125,293,51
501,123,293,51
500,122,292,50
499,120,292,49
499,119,291,50
499,118,291,50
499,117,290,50
499,116,288,49
499,115,287,48
499,113,286,47
499,112,291,48
499,111,291,48
500,110,294,47
500,109,294,47
500,108,296,49
501,107,296,49
501,106,296,49
501,105,296,49
502,104,296,49
502,103,297,51
502,102,298,52
503,102,298,52
503,102,298,52
503,102,298,52
504,103,298,52
504,103,299,53
505,104,299,53
505,104,298,53
505,104,298,53
505,104,297,52
505,104,297,52
505,104,297,52
504,104,297,52
503,104,297,48
502,104,297,48
503,104,297,48
503,105,297,48
502,106,297,48
502,106,297,51
501,106,295,54
500,106,295,54
500,106,293,56
499,106,293,56
498,106,293,56
497,106,293,56
496,106,293,56
495,106,293,56
499,106,292,53
499,106,292,55
499,106,292,55
499,106,292,55
500,107,292,54
500,107,292,55
500,107,292,55
500,107,292,55
499,107,292,55
500,109,294,56
500,109,294,56
500,109,294,56
500,108,293,56
500,107,292,55
500,107,292,55
501,108,292,57
501,108,292,57
501,108,292,57
502,109,292,57
502,109,292,61
503,109,292,61
503,108,292,63
504,107,292,63
505,106,292,63
505,106,292,63
505,106,292,60
505,106,293,61
505,106,292,59
505,106,292,59
505,105,292,59
506,107,297,60
506,106,297,60
509,108,299,59
509,108,299,59
509,107,299,59
508,108,301,56
508,106,300,56
508,104,300,55
508,102,299,58
508,101,298,58
508,101,298,58
509,102,302,59
510,103,302,59
517,103,299,61
517,103,299,61
517,103,299,61
517,103,299,61
517,103,299,61
516,103,299,61
516,103,298,60
516,103,298,62
516,103,298,62
516,103,298,61
516,104,296,64
516,104,296,64
517,105,295,65
517,105,295,65
517,104,295,65
517,104,298,66
517,103,298,66
518,103,295,66
518,102,295,66
518,101,294,66
517,100,294,66
516,99,292,65
516,102,292,63
516,102,292,63
517,102,287,63
516,102,287,63
515,101,287,63
515,100,287,62
515,99,285,62
515,98,286,65
515,97,286,65
515,96,285,65
511,100,290,64
511,100,290,64
511,102,294,64
511,102,294,64
511,102,294,65
511,102,294,65
511,102,294,65
511,103,291,64
510,103,291,64
589,104,213,64
588,105,212,65
587,105,211,67
586,105,205,69
585,105,205,69
584,105,206,72
585,105,204,74
584,105,166,76
583,105,121,77
583,105,120,80
583,106,120,80
582,107,120,82
581,108,120,92
495,107,298,97
496,109,297,99
496,112,295,99
497,114,293,99
498,116,292,96
497,116,292,96
500,117,292,97
500,118,292,97
499,118,288,97
498,118,288,97
497,117,288,97
496,116,288,97
522,115,243,96
521,114,242,95
521,113,242,95
521,113,243,96
522,113,242,95
523,113,243,94
523,112,242,93
523,111,241,93
523,110,241,95
522,109,241,96
522,108,241,95
527,107,236,93
574,106,187,93
576,112,121,84
576,111,119,83
576,109,118,82
577,108,119,83
576,107,120,84
576,107,117,79
575,106,116,79
575,105,116,79
575,103,116,79
583,101,110,76
587,104,198,70
503,102,279,66
506,100,279,63
517,98,268,62
497,96,290,62
497,95,290,62
496,93,297,59
497,91,296,57
498,90,296,57
500,89,297,57
500,88,296,57
501,88,295,57
501,87,294,57
502,86,292,56
503,85,290,55
503,83,289,55
503,82,287,55
503,80,286,55
501,79,296,55
495,78,304,53
495,77,303,53
495,76,302,53
495,74,301,55
494,72,300,55
493,70,299,55
488,69,300,58
487,68,299,58
486,67,299,59
485,66,299,59
484,66,299,59
483,66,301,60
479,66,303,58
477,66,304,59
475,66,304,58
474,66,306,57
470,66,310,61
469,67,312,62
468,67,312,62
467,67,313,64
466,67,313,64
465,67,313,64
464,67,311,64
463,67,311,64
462,74,307,60
461,74,307,60
462,77,307,57
461,77,307,57
460,81,306,54
459,82,306,54
460,83,305,53
460,83,304,52
460,82,305,53
460,81,305,54
460,80,307,56
460,79,308,57
459,79,310,60
456,79,313,58
452,77,317,59
439,68,336,64
436,63,339,65
412,52,373,74
424,56,365,69
438,58,336,70
437,51,337,85
447,54,247,98
448,58,239,111
518,63,188,122
386,67,437,141
364,81,479,145
364,91,487,156
361,102,501,168
350,110,530,180
369,112,530,214
402,105,520,232
404,103,521,245
391,76,540,277
391,71,541,289
384,67,547,294
385,71,552,292
379,75,557,288
375,82,557,281
374,102,548,252
374,127,550,222
374,154,548,190
375,181,543,152
380,209,529,114
393,233,505,117
400,255,491,122
414,266,451,118
445,261,415,130
453,244,436,185
443,228,445,208
449,211,444,222
465,203,431,231
474,189,426,240
483,186,421,237
489,184,416,233
498,185,415,226
509,194,408,209
516,199,404,195
524,212,397,204
529,220,392,214
540,230,382,216
551,244,380,220
555,259,379,225
557,272,376,218
556,280,374,213
556,290,372,206
557,299,368,203
554,312,368,193
552,327,370,190
551,336,377,186
549,345,375,186
547,350,373,184
545,353,370,184
548,355,358,181
547,352,355,181
548,344,346,183
548,333,335,178
546,314,323,174
548,294,316,169
550,273,312,166
554,245,311,179
567,213,306,183
571,183,304,178
576,154,302,167
590,126,292,176
596,110,290,179
608,89,274,192
613,80,267,191
620,68,259,189
633,59,247,186
650,55,232,175
665,49,220,169
683,44,210,169
695,46,206,166
715,41,195,163
723,40,197,163
743,46,184,158
755,53,181,153
767,62,174,147
779,70,169,143
787,80,165,139
794,87,166,138
803,101,162,135
807,110,165,133
812,123,163,129
818,133,157,127
825,141,151,132
831,147,147,136
834,154,146,140
840,167,142,138
840,181,143,134
841,189,141,139
843,199,134,143
845,207,125,148
846,218,116,149
841,237,115,141
836,246,115,142
830,257,104,143
821,270,107,142
811,277,106,151
804,285,96,153
790,292,94,157
775,302,90,159
755,310,88,161
741,323,80,161
718,329,84,167
697,339,76,163
673,346,80,167
648,351,80,167
624,359,90,167
623,365,72,163
613,365,62,163
566,371,79,70
543,392,55,135
514,376,82,152
488,376,84,151
464,368,82,159
440,364,98,165
416,364,96,157
387,364,98,157
366,355,96,164
346,348,98,165
325,348,98,161
304,348,98,165
282,339,104,175
267,334,100,183
249,334,100,183
233,334,100,189
221,329,100,199
211,329,100,199
201,329,100,207
192,329,86,207
187,329,86,213
186,329,74,213
182,393,61,127
182,337,54,213
181,322,58,254
179,322,60,262
193,316,47,277
192,315,58,287
202,316,60,290
211,313,58,301
221,313,63,304
234,310,73,311
247,307,81,318
260,303,91,322
279,292,95,332
298,290,101,330
317,290,104,330
335,281,106,332
341,277,121,334
357,274,124,332
358,271,139,336
368,271,149,329
373,272,159,320
376,272,164,316
381,272,170,316
381,273,176,314
390,272,174,308
385,275,196,303
389,276,206,303
383,278,231,304
378,281,252,299
363,291,282,281
366,296,296,286
365,303,313,280
360,318,331,266
359,327,347,258
358,339,357,251
352,351,369,239
350,365,381,231
348,376,389,224
348,385,394,216
350,395,394,206
358,407,393,200
367,416,389,192
359,424,399,186
364,428,395,184
359,435,401,174
361,442,398,173
365,450,390,165
364,459,388,157
366,470,385,146
367,479,384,136
371,491,372,128
379,499,367,120
487,506,259,114
487,507,257,113
383,529,316,88
380,538,343,77
384,548,358,65
386,547,358,65
387,546,357,64
388,545,356,63
389,547,359,62
389,547,360,61
389,549,360,63
390,550,359,62
390,551,359,62
391,552,358,61
391,553,358,61
391,554,358,61
391,556,358,61
391,554,358,61
390,553,358,61
390,556,358,61
391,559,358,61
390,559,358,61
390,561,358,61
392,564,357,61
393,567,357,61
392,568,357,61
391,569,357,61
391,571,357,61
389,572,357,61
388,573,356,60
386,574,357,60
384,575,357,60
382,578,359,62
381,579,359,63
380,581,358,64
378,582,359,66
376,583,359,66
375,584,359,66
373,587,359,61
372,589,358,61
370,591,358,62
370,593,357,62
369,595,357,63
368,598,357,64
375,599,337,67
379,598,301,71
427,586,247,85
373,575,306,95
372,573,360,96
371,557,360,115
369,543,360,128
369,541,359,130
369,527,358,139
368,517,355,152
370,507,352,159
373,499,349,166
375,496,348,165
376,492,345,165
377,488,342,165
380,485,340,169
379,482,340,170
382,479,338,174
382,477,338,174
385,474,336,173
385,471,335,174
390,470,334,179
392,469,332,179
392,468,333,180
398,467,327,171
400,464,323,167
399,459,324,168
399,454,323,169
400,451,322,169
401,448,323,170
402,445,324,171
405,442,322,163
406,439,322,159
409,435,321,158
410,433,321,159
413,431,322,160
414,429,323,161
417,428,324,161
418,427,325,162
418,426,330,163
419,426,331,164
423,426,334,162
423,427,335,163
423,428,336,164
427,429,333,164
427,430,332,164
434,433,325,163
434,434,324,159
437,436,321,161
436,437,321,161
435,438,325,162
435,439,326,163
434,440,327,164
434,442,326,165
435,443,325,162
435,444,326,163
435,445,325,163
438,445,324,162
437,445,325,163
437,446,324,163
437,447,324,163
437,448,324,163
437,449,323,162
437,449,323,162
435,451,330,161
436,452,330,161
437,453,330,161
438,454,330,161
435,455,334,157
436,456,335,158
436,457,336,159
435,457,339,156
436,457,340,157
437,456,340,157
441,455,337,152
443,455,337,152
444,454,344,153
446,454,345,154
447,455,345,154
449,460,344,153
453,465,344,151
455,470,343,150
457,470,343,151
457,470,343,151
458,470,343,152
464,468,340,153
464,468,341,154
466,470,343,157
466,470,343,157
466,466,343,162
466,464,344,163
466,462,345,164
466,460,346,165
470,459,344,161
470,459,344,161
469,459,345,162
469,460,346,163
471,467,345,169
474,471,342,170
476,475,341,171
477,476,342,172
478,477,340,172
478,476,341,173
478,475,342,174
478,475,342,174
478,476,343,176
477,476,342,176
477,476,343,177
477,476,343,177
474,476,343,177
474,480,340,172
473,480,341,173
472,479,341,173
472,479,342,171
471,482,344,166
470,482,345,167
470,482,346,168
470,482,346,161
469,482,346,162
469,481,347,163
468,481,348,164
469,481,347,161
468,480,348,162
469,481,346,163
468,480,346,159
469,479,345,157
469,477,346,158
469,476,347,154
469,474,348,155
469,473,348,155
469,472,347,155
469,473,348,156
469,483,347,145
469,482,347,145
469,481,349,145
469,478,350,146
471,476,353,145
471,473,353,145
471,471,353,145
471,469,353,145
471,467,353,145
480,470,350,139
481,468,350,139
487,466,351,135
488,464,353,136
496,462,348,128
497,460,348,128
502,459,344,128
503,455,345,129
511,452,340,130
523,448,331,131
530,444,325,131
538,441,316,131
546,438,228,130
558,435,216,131
570,436,219,120
579,436,289,114
593,435,284,111
599,432,274,109
605,429,267,110
612,424,253,113
616,414,241,122
621,403,203,130
625,399,201,133
632,389,182,144
643,385,183,149
650,384,182,151
662,382,181,153
675,380,169,155
679,378,170,156
695,377,194,155
701,376,194,153
703,374,191,153
710,373,185,151
713,372,181,150
715,370,177,151
713,369,175,152
711,370,173,151
709,374,173,147
703,378,173,138
695,383,183,124
688,392,192,105
677,398,194,90
662,397,198,82
648,398,199,81
634,399,202,81
622,404,204,81
612,407,206,81
603,409,208,83
594,411,202,89
588,411,199,93
585,409,194,104
585,407,190,112
586,405,186,120
587,407,183,121
587,408,181,122
588,410,177,122
588,411,168,123
588,411,168,124
591,412,166,123
592,413,166,123
594,413,166,123
595,414,164,124
595,414,164,124
598,415,156,124
600,416,151,123
600,416,152,124
600,418,153,126
600,419,154,129
602,421,156,131
605,423,157,137
606,422,159,148
606,422,161,151
608,422,132,155
608,421,131,157
608,420,128,161
605,419,129,162
604,418,131,160
599,417,136,153
596,417,139,154
593,418,143,150
588,420,149,148
585,421,154,145
580,421,158,145
580,421,163,146
578,421,165,143
577,421,170,142
573,420,175,143
573,420,176,144
573,420,177,145
567,422,183,142
564,423,187,144
564,424,188,145
562,424,191,146
563,424,192,147
563,424,193,148
562,426,194,149
562,425,195,150
563,426,202,152
562,425,203,153
562,424,206,154
562,423,206,154
562,422,206,154
565,421,220,154
565,420,209,155
565,418,210,156
565,416,210,156
565,414,210,156
569,415,205,142
569,417,202,140
571,416,200,135
573,418,197,130
573,419,195,122
574,420,193,121
575,419,194,122
576,420,195,123
576,422,195,119
577,423,195,119
577,424,195,120
579,426,195,121
579,427,195,121
579,428,196,126
579,428,197,127
579,428,198,131
579,429,199,134
578,429,200,135
578,429,200,137
578,429,227,142
575,429,242,144
574,429,244,145
571,429,261,147
570,429,262,148
569,428,263,149
568,428,264,150
567,427,265,151
566,431,266,142
565,430,267,143
564,429,267,144
564,428,268,144
561,427,267,140
560,426,268,141
559,425,268,141
558,424,272,141
557,423,273,142
556,422,274,143
555,421,275,144
545,421,299,142
544,421,299,142
540,420,304,142
539,419,303,143
538,418,304,144
531,421,305,126
530,420,304,126
532,421,306,126
528,421,305,122
527,420,306,123
526,420,306,124
525,423,305,122
524,423,306,121
524,424,307,122
524,422,309,123
524,421,310,123
524,421,314,124
523,421,314,124
523,420,316,123
523,419,316,123
523,418,316,123
523,417,317,124
523,414,317,124
523,412,318,125
530,410,313,123
530,407,313,123
534,403,311,120
539,400,310,121
542,395,307,123
543,392,308,123
544,390,307,123
557,383,214,125
562,387,223,115
574,384,210,118
581,388,208,112
590,389,277,109
596,390,278,107
604,387,270,107
608,386,266,108
613,386,258,106
619,383,258,110
624,381,239,111
628,378,248,117
631,377,239,118
636,377,246,115
645,375,234,117
653,377,235,110
663,379,226,108
669,381,225,108
677,382,213,104
682,382,209,104
685,382,201,106
689,386,199,108
695,386,191,105
698,388,192,103
701,390,192,104
703,390,187,106
703,392,188,108
704,389,185,117
704,392,189,114
704,392,188,115
705,390,191,117
706,393,185,116
706,392,186,116
705,393,191,115
705,392,192,115
706,393,190,115
707,394,191,113
709,395,188,110
709,395,193,111
711,394,188,111
711,397,187,110
711,399,186,109
715,396,183,111
715,396,190,111
715,396,192,113
717,396,193,114
717,397,193,115
718,396,193,117
720,394,191,122
720,393,191,122
720,394,191,122
722,394,189,124
723,396,187,127
725,396,184,125
726,398,182,121
726,400,186,118
726,400,185,118
726,400,185,118
726,400,191,116
725,399,192,117
727,400,193,117
725,401,195,115
725,401,196,116
725,403,197,112
725,403,197,112
724,405,195,108
726,407,194,106
725,408,192,105
722,409,192,103
720,409,193,104
718,411,194,104
718,412,193,103
715,413,193,102
712,413,194,103
709,414,192,100
704,414,193,98
699,414,194,97
695,413,195,98
691,412,195,98
687,411,195,98
682,412,195,98
677,413,195,92
674,413,195,92
670,413,195,92
666,415,196,92
663,415,197,91
660,415,198,92
657,415,194,93
654,415,195,94
652,415,195,95
650,415,194,97
648,415,195,99
646,415,195,99
644,414,196,100
642,414,194,100
640,413,195,101
639,413,192,98
639,413,190,99
637,412,191,98
638,413,189,99
636,412,189,96
634,411,190,97
634,414,191,96
633,415,191,95
633,414,189,100
632,414,189,101
631,414,190,102
631,414,189,103
630,414,190,104
629,414,191,105
629,413,189,105
628,412,190,106
628,412,188,108
627,411,189,105
626,410,190,106
626,413,188,102
625,414,188,100
624,414,191,100
623,413,194,100
623,414,195,100
624,414,192,100
624,414,190,98
624,414,190,98
625,409,188,100
625,409,187,99
627,410,186,95
627,412,185,91
628,415,186,86
627,416,187,86
627,414,188,90
625,412,190,92
624,408,189,99
623,404,187,103
622,404,187,106
623,405,182,105
624,407,184,104
624,408,185,102
623,409,188,105
623,409,190,106
623,408,190,109
624,408,188,109
624,408,187,110
624,410,186,113
623,410,186,115
622,410,188,115
621,411,188,116
620,411,187,117
619,411,187,117
617,411,186,117
616,411,187,118
615,411,188,119
617,414,187,107
616,414,188,108
616,418,187,105
616,423,191,100
615,425,193,97
614,431,190,91
613,433,198,89
609,434,200,93
606,436,202,98
604,437,200,99
603,439,199,98
603,436,197,104
602,435,197,106
601,432,197,110
600,431,198,111
599,430,198,112
598,429,198,114
597,428,199,115
598,430,198,116
597,430,198,108
596,429,199,109
596,429,200,107
595,428,201,108
596,432,200,101
596,433,199,99
598,437,200,93
600,438,199,90
601,439,199,88
602,440,199,87
602,440,200,86
602,440,200,86
602,440,200,86
603,440,200,86
603,440,200,86
602,439,199,85
601,438,203,86
599,434,205,90
600,433,205,90
600,433,205,90
600,433,205,90
600,433,205,90
600,433,205,90
599,432,209,84
598,431,209,83
598,433,209,83
598,433,209,78
598,433,215,78
598,433,215,78
597,433,215,78
595,433,216,78
594,432,217,79
591,432,218,81
589,433,221,84
586,433,224,83
585,432,225,84
581,428,228,87
580,427,229,88
575,428,235,87
572,427,237,89
569,426,240,91
568,425,241,91
564,424,247,90
561,425,250,87
558,425,253,83
555,423,255,81
552,422,258,83
547,420,266,84
544,419,272,85
538,415,281,86
537,412,289,89
532,409,285,93
533,407,285,86
529,405,286,82
526,406,290,76
525,405,302,72
525,407,302,68
525,407,305,65
615,403,219,67
615,403,219,67
615,403,219,68
615,403,221,70
617,405,221,68
621,405,220,69
622,406,221,70
622,403,218,78
530,401,308,84
534,404,305,83
538,406,303,80
541,409,306,82
544,405,307,87
544,407,310,86
547,407,312,86
550,408,312,88
552,408,313,89
557,414,319,81
562,415,316,78
562,417,316,76
566,417,313,74
567,419,315,70
570,419,317,69
572,419,327,68
575,417,330,67
574,414,329,69
575,412,328,68
576,404,327,85
577,405,329,76
578,402,329,74
578,400,329,73
585,398,326,74
586,394,323,72
585,391,328,68
585,388,328,63
588,385,326,60
589,382,325,61
589,375,325,65
590,372,325,61
590,369,326,61
590,366,325,58
592,363,326,59
595,358,327,59
595,355,327,59
595,353,326,58
597,351,325,57
599,348,324,56
600,346,323,55
602,344,322,54
604,342,321,53
606,340,320,51
607,337,318,50
607,334,317,49
607,328,322,56
607,325,321,56
607,322,320,61
607,319,321,62
609,313,320,68
612,311,317,70
614,309,314,72
616,307,312,73
616,306,310,73
616,305,310,74
616,304,309,74
616,303,308,75
616,302,308,75
616,301,307,75
615,300,306,79
614,300,306,79
613,299,306,80
612,300,305,79
611,301,304,81
611,300,303,84
610,295,303,88
610,289,296,95
610,277,287,109
611,268,280,118
620,262,258,124
622,248,247,140
627,244,226,144
641,238,202,150
653,230,177,160
665,224,149,162
678,218,120,171
680,211,107,186
685,210,84,177
686,208,70,185
689,208,63,185
687,206,67,185
683,216,81,185
679,214,93,185
674,216,105,172
672,216,112,172
664,218,125,172
656,223,129,172
652,227,134,162
646,227,141,163
641,225,144,164
636,226,147,164
632,227,148,162
629,226,150,162
626,225,154,162
626,226,156,157
626,227,158,155
635,224,155,154
635,221,156,157
636,220,160,159
633,219,164,160
627,213,175,162
625,212,180,160
626,211,182,161
603,211,214,159
583,211,237,158
579,211,244,156
577,211,248,155
570,214,265,153
564,214,275,151
562,217,279,149
563,222,281,143
565,226,283,139
566,226,284,139
565,227,287,139
563,232,290,134
569,234,287,130
574,235,285,129
563,238,303,125
566,241,300,121
572,246,295,116
578,250,291,111
594,252,279,110
596,255,276,110
601,258,273,107
606,263,268,102
606,266,265,101
648,267,228,101
651,269,222,100
653,271,217,100
652,272,216,99
651,273,204,98
650,274,203,97
649,274,202,96
648,274,201,95
647,274,126,95
646,274,125,94
644,274,124,93
570,275,197,89
569,280,194,86
568,281,193,85
567,281,194,85
567,281,196,85
567,281,197,86
643,281,126,88
643,281,126,88
645,281,128,90
648,282,129,91
649,283,129,91
650,284,130,92
582,285,201,93
581,285,201,93
577,282,213,96
571,280,217,100
568,279,220,104
564,279,221,100
562,279,222,101
561,279,222,101
559,281,224,100
558,282,222,100
558,283,219,100
557,282,218,100
556,282,218,100
556,283,217,100
555,282,217,96
555,285,216,94
555,285,217,95
555,285,218,96
554,284,219,97
553,285,219,94
552,285,220,95
557,284,216,96
556,284,216,96
555,284,216,96
555,284,216,96
554,284,216,96
554,284,216,96
553,284,216,99
554,287,218,100
555,288,218,100
556,289,219,101
557,290,218,100
583,291,237,99
583,294,236,96
589,297,288,91
590,298,288,91
644,298,243,91
645,297,242,92
647,298,242,93
647,297,241,93
648,295,241,93
572,293,320,95
575,288,316,95
578,287,314,97
578,286,315,98
565,283,313,102
565,282,313,102
565,281,314,103
563,280,315,106
562,279,316,107
561,278,317,106
560,278,318,107
559,278,317,106
557,277,317,106
559,279,332,102
561,280,332,99
560,279,332,99
554,278,285,101
552,275,284,102
550,274,233,102
540,270,239,109
536,269,242,112
532,268,243,112
530,268,286,113
528,270,292,115
526,270,316,118
524,270,320,118
520,270,325,120
517,270,328,119
516,272,327,118
516,275,326,115
515,275,326,115
514,274,326,115
513,273,326,116
513,272,326,116
513,271,325,115
512,270,326,115
511,269,326,115
510,268,327,116
509,267,327,114
508,266,328,115
507,265,329,116
506,264,330,117
511,270,232,104
513,270,227,104
512,270,227,104
513,273,224,99
594,275,201,92
481,280,361,81
479,283,375,77
481,286,373,75
484,289,360,75
533,293,313,73
494,297,361,73
480,298,375,76
471,298,386,75
477,299,379,77
495,303,355,76
498,309,353,74
479,311,384,74
477,311,391,74
478,311,388,76
526,312,325,79
507,313,340,84
473,315,378,87
472,328,389,82
471,334,389,82
469,336,390,85
468,338,387,85
469,345,387,85
469,346,392,86
469,349,394,86
469,352,396,85
469,357,397,85
468,359,398,84
466,363,400,83
464,365,397,83
462,366,397,84
460,365,396,85
457,364,397,86
455,364,394,82
451,364,394,81
447,361,395,79
443,360,397,75
440,356,397,75
437,353,399,75
435,350,399,75
430,348,402,71
426,345,405,69
423,341,405,69
420,337,405,69
418,334,405,70
415,331,406,68
412,328,406,69
410,326,408,69
409,324,409,68
406,322,410,69
403,320,411,70
400,318,411,66
405,316,407,64
404,311,406,64
402,302,403,66
401,297,399,68
400,292,396,67
398,289,394,67
396,277,391,73
395,275,387,71
395,272,384,70
396,268,380,69
401,263,371,73
408,254,359,84
406,251,358,85
404,248,358,93
503,236,146,102
501,232,230,108
419,227,337,113
420,217,341,124
419,210,342,127
418,204,343,131
418,201,343,135
403,187,362,150
403,187,361,149
404,186,355,148
405,186,351,153
399,172,359,172
399,170,360,174
405,169,355,175
411,169,352,177
414,168,351,177
415,166,351,181
418,164,351,182
419,163,351,184
426,159,349,186
428,159,349,186
432,162,352,180
435,165,352,178
439,167,350,174
442,167,350,174
445,169,352,169
448,165,352,171
452,157,353,175
462,156,349,171
475,155,344,165
484,137,342,180
499,126,336,185
514,115,332,186
526,108,325,185
542,109,316,177
552,109,307,172
564,110,300,163
574,115,296,153
582,118,290,145
589,120,286,142
596,124,279,138
603,127,270,137
609,130,268,136
613,131,263,135
617,132,260,136
621,134,258,135
626,137,257,134
631,139,251,136
634,140,246,137
638,140,244,139
641,141,243,141
644,141,243,143
646,143,242,145
648,145,241,147
651,148,237,148
655,150,233,149
659,152,232,147
662,154,230,149
664,157,229,149
666,160,227,151
669,163,226,151
671,165,225,154
674,168,221,153
677,172,219,152
680,176,214,151
683,177,213,155
685,180,207,157
687,181,205,159
687,182,202,158
688,185,202,155
690,186,201,157
694,189,196,158
696,192,192,156
697,196,188,154
701,202,185,149
704,206,181,145
703,207,179,144
703,209,177,146
702,212,175,145
700,213,172,147
700,212,165,150
698,213,158,148
698,213,153,152
698,213,145,153
698,212,145,154
695,208,139,154
695,204,134,157
694,203,129,159
694,201,125,160
694,198,123,158
694,197,121,157
693,195,123,155
692,196,123,151
693,195,124,147
694,194,120,142
696,195,124,137
698,196,123,135
697,199,127,125
695,198,137,125
695,198,139,122
699,201,143,118
703,205,145,118
706,208,146,118
709,210,146,118
709,211,146,118
712,212,141,121
713,215,139,122
715,217,137,122
718,215,130,127
721,214,124,131
724,215,117,135
723,212,114,136
724,212,110,138
726,211,112,141
727,211,112,145
728,211,113,147
732,213,112,147
736,214,109,148
739,215,109,149
739,211,111,156
739,213,114,157
743,215,109,156
745,215,109,159
747,215,110,162
749,217,105,163
752,220,104,162
753,221,105,166
757,222,106,166
759,223,104,167
762,224,105,170
761,223,107,173
762,221,107,177
763,222,107,177
765,222,107,177
767,222,107,177
769,221,113,177
770,221,115,177
771,219,115,177
772,219,117,177
773,219,117,175
776,219,116,174
777,219,116,174
778,218,115,171
779,216,116,171
778,215,116,171
776,215,118,172
774,214,120,171
773,213,118,172
772,212,116,172
770,212,116,172
768,212,116,172
765,213,116,172
762,212,116,172
761,213,115,171
761,213,115,171
759,214,115,171
755,214,114,171
752,214,115,171
750,214,116,171
747,213,116,171
744,213,116,173
742,213,115,173
739,213,114,173
735,210,116,178
732,209,115,180
730,210,113,181
727,208,113,180
723,208,113,180
721,207,113,180
719,207,113,180
717,207,113,182
717,203,114,185
715,202,114,186
714,201,115,187
712,199,115,187
715,197,113,187
716,195,112,187
717,194,110,187
718,193,107,187
720,191,105,187
719,190,105,187
719,188,105,187
717,186,105,183
716,187,107,181
716,186,107,181
716,185,107,181
715,183,107,181
715,182,107,181
713,180,108,182
713,179,109,183
713,178,110,184
713,177,106,182
711,175,106,182
711,174,106,182
711,173,106,183
710,171,106,185
709,169,105,184
708,167,106,185
707,165,106,185
706,164,112,183
705,163,116,181
703,162,122,180
703,162,130,178
699,160,139,178
698,161,149,175
698,160,157,177
697,159,163,176
695,158,173,178
692,154,179,179
689,151,189,184
687,149,193,185
683,148,201,188
682,146,203,190
677,148,209,187
672,146,213,191
670,147,213,188
667,144,215,191
667,145,213,191
686,145,192,188
657,141,220,192
651,136,225,195
646,132,227,196
657,129,215,193
637,115,232,204
631,106,234,208
623,95,239,215
620,89,240,215
615,80,241,219
611,72,242,224
608,62,242,231
604,54,243,235
600,46,242,240
599,40,241,242
597,32,241,246
597,29,236,247
595,22,234,249
594,19,233,250
593,10,229,256
593,10,226,255
594,7,224,253
594,4,220,255
593,2,218,255
594,1,216,253
596,1,214,249
597,1,211,246
598,1,210,244
599,1,208,242
599,1,207,241
601,1,204,241
601,1,203,240
603,1,201,239
605,1,198,237
606,2,196,233
606,1,195,231
604,1,197,230
602,1,198,230
600,1,197,227
595,1,198,226
593,1,198,227
593,1,196,227
593,1,194,228
593,1,190,230
595,1,187,232
597,1,182,233
599,1,178,234
601,1,172,236
603,1,166,239
605,1,161,240
607,1,154,243
610,1,150,244
612,1,146,244
613,1,143,246
616,1,140,249
619,1,137,250
624,1,129,252
632,1,122,253
639,4,113,253
645,6,107,254
654,10,96,253
660,13,90,253
667,16,82,252
672,18,75,249
676,21,69,247
678,23,65,246
679,26,60,243
679,27,59,240
675,27,65,243
675,27,65,243
675,27,66,241
675,28,66,242
674,28,68,242
674,28,68,243
673,29,69,241
672,31,69,239
672,32,69,240
672,31,71,241
674,30,68,242
674,30,68,240
677,29,67,242
675,28,70,246
676,28,70,243
678,28,71,243
678,29,71,244
677,29,74,243
674,33,80,240
672,37,82,237
669,40,89,232
666,43,99,230
663,48,110,223
661,50,118,221
656,57,126,217
654,62,134,211
654,67,140,205
653,73,142,197
654,76,146,193
652,80,151,189
652,90,154,178
651,92,160,176
652,94,162,175
653,95,163,174
652,101,168,166
653,104,173,161
654,110,170,156
652,115,177,150
653,118,179,145
653,120,178,143
655,121,177,138
652,121,183,136
650,123,187,134
647,123,194,133
647,123,197,132
644,125,202,129
645,126,204,128
645,132,203,120
647,135,199,115
644,137,202,112
644,141,204,111
645,141,205,108
646,140,203,110
645,140,204,111
645,140,205,112
644,140,206,109
644,140,207,110
644,140,207,106
643,146,208,98
643,149,210,94
640,153,213,91
640,160,216,84
641,166,215,78
643,173,215,70
645,174,217,70
645,178,220,69
648,182,222,69
652,186,222,70
655,188,225,71
657,192,226,70
661,195,226,68
664,197,227,70
669,198,227,70
672,198,228,70
675,200,227,70
677,200,226,69
679,200,226,69
684,199,226,69
686,199,225,68
690,197,224,67
692,198,224,68
694,197,221,67
696,195,221,67
696,193,220,67
696,191,220,67
696,190,224,66
696,188,223,65
697,184,226,67
697,182,226,67
697,180,226,67
697,179,226,67
696,176,225,67
695,175,223,67
694,174,222,67
693,174,221,66
692,174,221,67
691,174,221,67
689,174,221,67
688,174,214,66
686,174,214,68
683,174,213,68
681,174,214,70
680,174,213,70
679,177,212,70
678,178,211,70
677,178,212,70
673,180,216,70
672,181,217,70
671,184,217,69
670,184,216,69
