254,64,24,34
253,69,28,40
255,80,28,40
257,88,29,39
262,96,28,38
263,105,27,37
264,111,27,37
269,115,25,41
274,122,23,41
282,129,23,41
289,136,23,41
294,140,23,41
299,146,23,41
303,152,23,41
311,156,23,41
318,161,23,41
322,165,23,41
328,169,23,41
331,170,23,41
334,173,23,41
338,172,21,25
338,172,21,23
346,175,13,11
346,175,13,11
346,175,13,11
346,175,13,11
346,175,13,11
346,175,13,11
346,175,13,11
346,175,13,11
346,175,13,11
346,175,13,11
346,175,13,11
346,175,13,11
346,175,13,11
346,175,13,11
346,175,13,11
346,175,13,11
346,175,13,11
341,183,13,11
337,182,17,11
328,175,29,17
324,171,33,19
317,169,39,21
309,164,41,21
301,160,41,25
291,156,41,27
287,152,35,31
272,148,31,31
254,143,27,35
236,139,25,39
221,140,21,39
208,140,21,41
198,143,21,41
191,151,23,41
179,156,23,41
167,163,25,41
152,168,27,41
141,177,27,41
129,186,25,41
115,191,22,42
99,197,22,39
80,199,24,38
65,199,31,35
46,193,36,32
24,181,36,29
11,169,39,24
9,155,42,20
9,141,43,20
17,129,37,29
28,115,33,38
39,106,33,38
57,97,31,42
77,92,30,43
94,90,30,42
111,88,26,42
123,89,26,42
136,89,27,42
150,89,29,42
161,89,29,42
168,91,29,36
174,91,29,32
177,85,31,32
180,81,36,31
180,75,39,30
178,68,40,29
172,61,40,21
165,56,42,22
156,49,42,26
150,44,39,29
141,41,38,30
135,39,29,31
123,37,32,34
113,34,31,37
103,35,32,39
91,35,29,40
81,38,26,39
69,38,29,42
57,41,29,40
44,41,30,39
32,41,33,36
20,39,32,35
6,34,40,33
2,28,34,23
1,21,29,20
2,13,25,26
3,7,23,26
2,2,23,32
10,1,22,33
23,2,20,34
32,2,24,36
43,2,24,40
49,12,30,39
58,26,32,35
70,47,30,33
70,72,39,26
70,96,43,23
73,112,39,24
72,133,36,23
62,151,34,22
45,162,33,30
23,168,27,38
3,174,18,39
2,175,17,38
2,175,17,38
2,175,17,38
2,175,17,38
2,175,17,38
2,175,17,38
2,175,17,38
2,175,17,38
2,175,17,38
2,175,17,38
2,175,17,38
2,175,17,38
2,175,17,38
2,175,17,38
2,175,17,38
2,175,17,38
2,175,17,38
2,175,17,38
2,175,17,38
2,175,17,38
2,175,17,38
2,175,17,38
2,175,17,38
2,175,17,38
2,175,17,38
2,103,17,38
2,78,17,38
2,78,17,38
2,78,17,38
2,78,17,38
2,78,17,38
2,78,17,38
2,78,17,38
2,78,17,38
2,78,17,38
2,78,17,38
2,78,17,38
2,78,17,38
2,78,17,38
2,78,17,38
2,78,17,38
2,78,17,38
2,78,17,38
2,91,9,8
2,100,16,22
2,114,25,22
2,121,41,25
18,123,41,34
47,132,35,36
71,143,34,37
96,153,28,35
121,158,25,36
143,160,22,40
159,161,27,43
170,160,29,44
184,161,30,40
194,159,33,35
204,151,36,32
208,142,39,29
212,132,38,30
205,124,42,24
198,116,43,23
189,107,43,25
181,99,40,26
171,92,39,29
161,86,41,30
152,81,41,30
147,77,40,29
144,74,38,30
140,70,37,29
136,65,37,29
131,59,40,30
132,54,39,29
135,49,42,28
141,43,41,25
143,37,41,25
144,30,43,26
146,24,45,24
149,18,45,25
152,13,42,26
153,9,41,27
154,9,41,26
155,9,42,29
158,10,39,28
162,12,35,28
161,14,36,31
167,17,33,32
170,22,33,38
176,26,32,37
180,28,33,42
184,30,31,43
184,32,33,45
190,34,27,45
191,39,26,44
191,42,28,46
194,46,27,45
196,49,26,44
195,52,25,43
193,54,26,47
190,56,25,45
188,59,26,48
189,64,25,47
189,68,24,46
189,72,25,48
191,79,26,45
193,84,27,45
195,90,25,44
197,95,26,45
197,100,28,48
197,105,29,47
197,112,28,47
196,118,27,46
192,126,27,43
182,131,29,44
175,136,29,43
169,142,28,41
165,147,28,41
163,152,29,41
162,155,30,41
163,158,30,43
167,162,27,41
170,167,27,40
173,173,27,40
176,176,28,43
179,180,27,43
186,184,24,43
193,187,24,46
197,190,25,44
202,193,25,45
204,195,25,44
207,197,25,43
209,198,25,42
211,198,28,39
211,197,29,38
212,194,30,37
211,194,33,35
210,193,34,34
208,190,36,31
206,184,41,30
205,179,41,29
201,174,42,26
197,171,41,20
187,165,44,24
179,160,41,26
169,156,39,30
157,153,36,30
148,150,34,33
137,146,32,36
127,142,33,41
116,140,29,43
107,139,29,45
99,138,28,45
92,139,29,45
88,141,28,44
87,144,26,43
83,145,26,42
77,148,27,43
69,148,31,43
59,148,34,44
49,149,34,42
41,151,30,38
35,150,28,36
30,148,35,34
23,143,38,33
19,139,41,29
17,132,44,28
19,126,46,26
23,121,46,28
31,116,45,29
41,114,41,31
50,110,39,36
66,104,32,40
80,101,30,43
93,100,28,45
107,100,25,46
120,104,21,44
127,107,23,44
134,112,25,41
138,119,28,39
144,126,29,38
151,130,28,39
155,138,29,38
159,143,29,41
168,151,24,37
173,155,25,41
181,160,23,39
191,164,18,39
194,167,24,41
200,170,23,40
202,169,28,38
207,170,27,35
209,167,30,33
212,163,34,33
217,159,34,33
218,152,37,34
222,145,36,30
220,137,42,28
218,128,45,30
220,120,44,25
217,112,43,24
215,104,40,23
209,96,40,27
205,89,41,30
199,83,38,29
188,79,39,36
180,77,36,39
169,76,35,38
157,74,34,43
149,75,31,44
143,77,31,46
136,79,29,48
129,82,29,48
120,89,28,47
114,93,27,46
109,97,26,45
105,101,26,45
100,106,25,44
93,111,24,42
85,115,23,41
76,118,27,47
67,121,28,51
55,129,27,42
44,127,34,39
34,125,39,35
23,120,41,32
14,111,47,31
13,105,45,27
20,99,44,21
27,92,42,27
34,86,44,28
47,81,38,33
59,76,35,34
71,71,34,36
86,69,31,38
95,68,32,40
106,70,26,41
119,72,23,44
129,76,23,45
136,84,25,41
139,89,29,42
144,96,29,41
150,108,31,35
154,114,32,37
159,124,33,36
164,136,33,32
167,145,33,33
167,153,34,35
169,164,35,35
174,176,34,33
179,185,34,32
184,193,34,33
192,203,32,32
197,211,32,33
200,219,35,34
207,228,34,34
215,240,34,33
224,248,33,34
232,257,33,33
240,264,32,34
248,271,33,34
259,279,30,36
268,287,30,37
277,292,29,39
283,297,28,40
287,300,29,44
300,303,23,43
305,304,25,46
316,303,24,46
323,302,24,45
325,300,28,44
330,297,29,42
337,292,29,41
343,287,29,38
348,279,30,37
353,271,31,35
356,262,35,34
360,253,36,33
360,243,40,30
360,232,40,25
359,225,29,16
354,217,29,18
347,210,30,20
341,205,29,20
335,202,33,21
329,198,37,24
325,195,41,27
325,194,41,27
325,191,41,27
322,187,40,28
319,183,38,28
312,178,39,30
308,173,38,29
301,171,39,28
295,167,40,28
289,163,40,25
281,157,39,27
276,151,41,24
271,146,42,21
267,141,41,22
267,141,40,26
267,140,39,27
272,136,35,31
279,134,31,35
287,131,33,40
297,129,30,41
304,129,30,45
319,131,24,44
326,133,23,45
331,136,24,45
331,141,25,45
330,148,25,40
331,153,26,42
331,160,27,41
334,166,27,43
336,172,27,42
339,179,28,44
339,185,30,43
343,191,27,43
344,198,28,42
346,204,29,43
351,208,27,44
358,214,25,44
364,218,24,45
368,222,23,46
371,226,23,46
371,229,25,46
375,232,25,45
379,236,25,45
381,236,26,44
385,235,26,44
386,236,29,41
386,235,30,40
386,234,31,34
381,233,36,32
377,229,38,35
369,225,40,30
361,220,43,28
349,213,43,26
335,206,44,24
326,202,40,25
319,198,36,29
311,195,34,31
299,191,31,34
283,186,30,40
270,183,28,42
257,183,25,44
243,183,23,44
234,186,22,44
222,188,24,45
210,189,24,42
198,192,25,43
188,195,25,41
182,200,26,40
177,204,26,40
173,209,28,41
167,214,27,42
158,218,24,43
150,221,24,44
145,224,25,43
134,222,27,40
123,217,30,38
112,209,32,34
100,198,37,33
92,187,39,28
86,175,42,23
86,163,42,21
93,152,38,22
99,140,43,31
115,131,36,31
129,121,34,36
145,113,32,37
159,106,30,40
171,100,30,41
184,98,30,41
196,97,29,41
210,96,27,41
222,95,26,41
235,96,23,43
245,96,23,43
252,95,24,45
260,97,23,43
267,97,24,44
273,101,24,43
279,102,24,44
286,103,24,44
289,104,24,44
295,106,23,44
298,106,26,44
302,107,26,40
305,105,26,41
305,103,30,41
308,101,29,40
311,98,28,35
312,95,32,33
314,88,35,34
314,81,38,32
313,74,43,30
314,68,42,28
309,64,41,23
303,58,41,24
297,56,38,26
290,53,33,27
280,48,30,35
266,47,31,38
252,48,28,40
239,51,23,40
226,61,29,40
216,74,34,34
205,89,37,33
195,111,42,26
195,127,41,24
196,138,38,27
207,147,32,32
220,154,30,40
239,165,23,39
250,170,23,40
255,171,27,36
257,167,35,32
264,158,37,27
264,149,41,20
260,139,37,24
253,132,33,29
241,123,29,36
224,116,29,35
209,113,28,38
192,111,26,44
177,113,23,43
160,117,27,42
146,119,30,44
132,125,31,44
120,131,28,43
106,135,29,44
93,140,28,46
79,142,30,46
66,146,29,45
53,148,29,45
39,149,32,45
27,149,31,39
15,147,35,37
2,142,35,36
1,138,24,20
1,131,16,8
0,0,0,0
0,0,0,0
0,0,0,0
0,0,0,0
0,0,0,0
1,82,17,19
1,73,24,24
2,67,32,25
2,61,45,29
10,55,45,31
24,52,41,32
34,46,41,31
50,44,34,38
63,37,35,41
85,35,29,41
105,34,25,42
120,34,25,42
132,36,24,43
139,39,26,44
149,48,25,40
159,56,28,40
167,71,33,35
184,85,25,32
186,102,33,30
185,119,40,29
185,140,40,23
186,159,38,22
184,178,34,20
175,187,34,26
163,194,31,37
147,206,29,41
128,219,27,40
111,221,25,44
95,226,31,38
82,221,34,36
66,212,40,34
54,202,43,30
48,189,44,26
44,177,45,26
51,165,45,24
59,153,44,24
69,142,42,23
76,130,41,22
80,121,40,23
85,111,40,23
89,103,42,22
92,94,42,20
99,85,41,23
105,77,39,23
108,67,41,28
115,58,39,31
122,50,38,31
134,43,32,35
143,33,32,40
159,28,29,41
177,26,23,40
188,24,24,43
199,25,23,43
203,29,28,42
210,41,28,35
217,48,30,35
224,61,31,34
231,79,32,30
234,96,33,31
233,111,36,32
231,129,39,30
231,151,38,25
227,173,37,21
223,193,36,20
217,210,33,22
207,215,34,33
192,231,34,35
174,244,32,40
157,257,28,41
139,263,21,42
121,263,28,45
104,266,32,41
89,264,33,35
76,255,38,35
65,244,43,35
57,232,43,30
47,218,43,27
41,204,44,27
35,190,45,28
33,176,42,26
34,162,45,25
32,149,46,24
33,137,46,23
35,124,46,22
39,113,45,22
43,101,45,25
51,92,41,28
57,83,41,25
63,74,41,29
71,66,40,33
80,59,39,33
90,53,37,32
101,47,34,34
112,43,31,35
119,39,31,35
125,36,32,39
133,34,32,41
137,33,34,42
143,32,33,43
148,32,33,43
153,33,32,42
158,33,33,45
168,35,28,40
176,35,26,43
185,36,26,44
195,39,23,43
203,42,24,42
213,47,22,39
220,47,23,44
228,52,23,42
235,58,24,41
244,62,24,42
251,69,25,41
260,76,27,39
269,84,27,40
278,90,26,39
288,96,23,38
291,99,25,42
299,104,21,41
301,107,23,43
303,110,25,43
304,110,25,40
300,110,29,38
297,108,31,34
294,104,34,31
290,96,36,28
282,89,39,24
275,80,39,22
268,74,35,26
260,68,30,29
244,59,30,36
229,56,26,40
213,56,21,37
198,63,28,37
185,73,33,34
170,93,37,30
161,114,40,25
156,131,40,25
160,142,36,29
171,155,29,33
185,166,29,38
206,176,21,40
214,181,25,41
223,181,27,39
232,181,29,34
238,174,33,33
240,164,39,30
243,155,41,28
243,145,41,21
241,135,40,23
235,125,39,27
230,115,39,27
224,108,38,29
215,99,37,29
206,91,37,31
196,83,38,32
186,75,40,32
177,67,41,32
171,59,38,31
167,51,38,29
160,43,40,30
155,33,38,32
156,28,38,28
160,23,40,27
161,19,41,26
159,12,41,24
158,5,43,23
159,1,39,17
158,1,40,10
0,0,0,0
0,0,0,0
0,0,0,0
0,0,0,0
0,0,0,0
226,1,8,15
233,1,8,16
233,1,13,16
238,1,11,17
242,1,19,21
249,1,19,24
256,1,20,29
263,1,21,33
268,1,21,38
274,6,22,40
280,12,22,41
287,20,22,41
292,28,22,42
299,37,21,40
306,44,21,39
313,49,22,41
320,56,25,41
326,61,24,43
332,64,23,43
335,68,23,41
336,67,26,44
341,71,27,43
341,73,31,39
345,73,31,38
346,71,34,33
345,67,36,30
339,61,41,30
336,56,45,26
334,51,45,24
334,47,44,21
331,43,43,25
326,40,38,27
320,39,33,29
308,36,29,34
294,36,29,38
279,36,28,42
267,40,25,43
255,46,24,43
244,52,26,44
234,59,29,43
223,71,30,38
210,82,31,33
199,94,34,31
187,100,35,33
177,112,35,33
169,121,32,34
158,132,31,34
148,143,32,35
136,154,30,37
124,161,29,40
112,168,25,41
98,172,25,42
83,177,26,45
70,181,24,43
56,184,22,40
42,182,28,40
29,180,31,41
17,177,34,40
5,173,37,33
1,165,34,20
1,155,28,19
1,145,25,19
1,136,30,21
1,127,41,22
16,119,39,21
30,114,40,25
45,107,39,37
57,102,36,37
69,97,34,37
79,91,34,41
95,91,29,40
105,87,29,42
120,87,26,43
131,86,27,45
147,88,23,44
160,90,22,43
168,94,21,43
175,97,21,42
183,100,21,42
191,102,22,44
200,109,20,40
205,115,22,41
210,120,24,41
218,126,24,40
226,132,23,39
235,138,23,38
244,143,23,39
252,146,23,40
258,153,24,39
264,159,23,39
268,164,25,39
276,172,26,38
280,180,26,37
286,186,26,38
294,192,26,39
301,199,26,40
308,204,26,41
316,208,25,42
325,212,23,43
332,216,22,42
338,219,22,41
342,219,24,44
345,219,26,44
350,219,28,44
355,217,27,41
357,215,29,37
360,213,31,34
361,208,34,31
361,200,37,30
361,192,38,27
357,183,41,25
352,176,45,23
349,168,43,24
345,162,41,27
339,158,40,28
332,155,38,29
324,152,36,30
315,149,33,33
304,144,30,37
293,143,28,40
282,142,25,42
272,145,23,43
266,146,24,45
256,150,25,43
246,154,28,44
237,162,29,39
227,171,29,35
215,180,30,35
201,187,32,35
190,196,32,37
177,205,32,36
162,214,30,36
147,222,29,39
129,228,27,42
110,233,26,43
93,239,24,41
76,240,29,42
63,239,30,41
48,233,37,34
31,222,38,33
19,210,41,27
15,193,47,24
22,178,42,26
32,164,41,31
55,155,34,34
79,144,32,37
104,135,30,38
126,130,27,41
141,127,28,42
159,127,25,42
176,128,23,41
189,130,21,40
200,132,22,40
212,134,22,41
222,136,22,39
231,137,23,42
239,139,25,39
246,138,27,42
255,137,27,41
263,137,27,39
268,136,31,41
277,133,30,42
283,131,30,39
290,129,29,42
296,127,28,42
302,127,31,43
310,125,30,44
318,126,28,43
330,128,23,42
336,130,24,44
342,133,25,44
345,136,29,46
351,143,30,44
359,149,27,43
363,155,28,41
368,161,28,42
370,168,33,43
375,174,33,43
383,178,30,44
389,185,32,44
393,190,31,44
398,195,29,43
403,196,27,47
406,198,25,44
408,196,25,44
407,194,28,45
410,195,27,40
406,193,31,38
407,191,32,32
405,184,38,31
402,178,41,28
399,171,41,26
393,167,44,21
389,162,42,25
382,160,40,27
376,158,36,29
369,155,31,31
358,151,33,38
347,148,31,44
334,148,28,45
323,149,25,45
311,151,24,46
303,154,24,46
292,159,27,45
283,164,28,43
276,171,29,41
269,179,33,38
263,187,33,35
256,195,33,35
251,208,34,32
246,217,37,33
244,229,38,30
240,240,39,30
236,248,38,33
231,261,40,31
228,273,39,31
223,284,37,31
218,295,34,31
211,305,32,33
199,313,30,37
183,324,29,36
168,329,17,31
148,332,20,28
130,334,22,26
110,334,27,26
93,332,31,28
77,327,34,33
59,317,39,34
49,304,42,33
39,288,45,29
31,271,49,25
24,256,47,27
23,242,44,28
25,226,44,34
32,214,40,34
45,201,36,36
58,190,36,34
70,180,36,32
80,171,37,34
90,161,34,33
96,150,36,33
104,142,37,35
110,135,38,34
116,126,38,33
121,118,40,32
122,109,39,30
117,98,43,32
114,88,43,30
108,78,43,27
100,66,46,24
92,54,45,25
84,43,45,28
81,33,39,30
74,25,41,30
65,16,46,34
55,8,42,33
44,1,41,33
35,1,39,24
26,1,20,17
0,0,0,0
0,0,0,0
0,0,0,0
0,0,0,0
0,0,0,0
0,0,0,0
0,0,0,0
0,0,0,0
0,0,0,0
0,0,0,0
0,0,0,0
0,0,0,0
0,0,0,0
0,0,0,0
110,1,11,15
115,1,22,24
120,1,24,29
128,1,26,37
134,6,28,42
140,18,29,39
143,30,30,38
145,45,33,37
152,56,32,35
157,68,29,34
159,80,33,34
165,87,32,36
171,95,33,36
176,104,33,35
181,113,33,34
186,117,32,37
192,124,30,36
196,131,30,36
200,139,31,36
203,144,30,37
207,149,30,40
209,158,29,38
213,166,28,38
219,171,28,39
224,176,28,40
231,181,27,42
238,186,25,41
243,191,24,41
248,194,26,46
256,197,24,46
262,199,25,46
272,202,22,44
277,203,23,44
281,202,24,44
284,202,25,44
286,198,28,46
290,198,28,45
293,200,28,41
295,197,28,43
296,197,29,40
295,194,30,41
292,192,32,39
293,189,29,37
293,187,30,35
293,183,31,34
292,181,33,30
288,176,37,31
286,170,37,32
284,166,38,32
279,163,42,29
277,158,42,30
274,155,43,28
269,150,45,28
266,147,46,26
264,143,44,26
259,139,46,28
255,136,45,27
251,133,46,26
250,130,46,27
248,127,44,26
244,124,46,27
240,122,48,26
237,119,47,26
234,117,45,26
230,116,45,25
225,114,46,26
219,112,47,25
215,112,47,24
210,111,45,23
206,109,44,24
201,107,48,27
197,105,46,27
194,104,42,27
192,102,46,26
186,101,47,28
184,99,43,27
179,97,45,28
176,96,42,28
170,94,45,30
169,93,41,28
166,91,41,30
162,89,42,30
158,87,43,32
155,87,43,30
155,86,39,29
153,85,40,31
152,84,41,32
149,84,43,30
143,81,46,32
139,79,44,33
134,77,46,33
130,75,50,32
126,72,47,29
123,69,48,29
121,66,48,29
120,62,48,29
120,59,46,27
119,59,46,27
118,56,46,27
120,53,46,27
122,50,46,27
123,47,44,26
126,46,42,25
127,44,45,30
127,42,44,29
127,42,43,28
127,41,44,31
128,42,42,32
128,41,43,33
130,41,42,34
132,40,40,36
133,39,39,38
136,39,37,37
138,37,37,39
141,37,36,39
143,36,35,42
144,35,37,46
152,35,32,44
160,36,28,43
165,37,27,45
169,38,25,45
171,37,26,49
172,37,27,50
178,42,22,48
182,44,23,46
184,44,24,49
188,47,23,49
190,48,25,49
195,50,24,49
199,53,24,47
204,57,23,45
206,58,24,48
209,61,25,48
213,64,23,47
216,67,24,47
222,70,22,47
222,72,25,48
224,73,25,49
226,78,25,48
226,80,26,49
228,83,25,49
231,85,24,49
232,87,25,47
233,88,26,47
237,91,25,45
236,91,28,46
239,92,27,45
238,93,27,44
238,91,27,45
239,91,27,42
239,91,29,42
239,93,31,41
239,92,33,39
239,90,34,40
240,89,33,39
241,89,32,39
241,89,33,38
242,89,33,35
240,88,33,37
239,87,32,36
237,85,34,37
236,85,33,36
232,84,36,38
229,83,37,39
226,83,39,38
228,83,36,38
225,82,38,37
225,81,37,39
224,81,38,36
224,79,38,37
224,79,38,33
222,77,38,35
221,76,39,34
218,73,41,36
217,72,41,35
214,71,43,36
213,69,44,36
212,68,42,34
210,67,42,35
211,66,41,34
210,66,42,35
211,66,41,33
210,65,41,36
207,66,42,36
204,65,43,35
204,65,40,34
202,63,40,38
198,62,41,37
196,62,41,36
194,61,41,36
192,60,41,36
190,59,41,36
188,57,40,35
186,55,40,34
183,54,41,33
180,52,43,37
178,51,43,34
175,50,43,34
173,49,44,36
171,49,44,34
170,48,44,35
168,47,44,35
166,46,43,34
162,46,47,35
163,45,44,35
158,45,46,34
157,45,45,34
155,47,45,33
153,46,45,36
150,46,45,35
146,44,47,38
143,44,47,35
140,43,47,35
137,42,46,34
135,42,46,34
133,41,45,33
129,39,44,32
128,39,44,31
125,37,41,31
122,33,39,28
116,30,46,31
111,25,47,34
107,23,49,34
104,20,48,35
103,18,46,34
103,16,47,35
102,14,47,35
102,12,45,31
103,10,45,34
104,10,45,35
104,9,45,34
102,7,46,33
102,6,45,32
101,5,45,32
99,3,44,31
97,2,45,31
96,2,47,30
96,1,48,31
96,1,47,26
98,1,47,26
97,1,49,25
100,1,47,22
100,1,47,21
119,1,29,18
118,1,29,19
115,1,31,20
114,1,30,19
113,1,30,21
97,1,46,23
97,1,45,23
96,1,45,24
96,1,44,26
96,1,44,27
98,1,46,32
103,2,44,33
105,2,47,33
108,2,46,33
108,2,46,32
106,1,47,34
106,1,45,31
105,1,44,30
102,1,50,31
106,1,45,31
107,1,44,29
104,2,46,31
104,1,46,30
102,1,46,30
103,1,45,29
104,2,46,28
105,1,45,27
106,1,44,26
108,1,45,27
112,1,44,29
117,1,40,28
123,1,38,24
128,1,36,26
136,1,32,29
136,1,33,30
138,1,34,32
138,1,36,38
143,6,34,35
147,6,33,36
150,8,32,37
154,10,32,37
157,11,34,40
161,13,32,38
164,14,33,40
167,15,31,42
166,17,33,41
168,17,35,43
171,16,35,43
175,16,34,42
177,16,35,42
177,17,36,42
178,17,37,43
181,17,34,43
182,18,35,41
183,18,37,39
187,17,35,39
188,17,35,40
188,15,37,40
190,14,37,41
194,12,35,39
196,10,34,37
194,7,36,39
194,6,35,37
191,4,38,36
193,3,37,35
193,1,37,36
195,1,37,36
197,1,38,33
199,1,36,35
200,1,39,36
205,2,36,35
209,1,35,36
213,2,33,36
214,2,34,35
218,2,30,36
218,1,31,38
221,1,31,40
226,1,26,38
228,1,28,39
234,1,24,38
236,1,26,40
240,1,26,39
244,1,26,40
247,1,27,41
250,1,28,43
252,3,30,43
257,4,29,42
262,6,28,40
263,6,30,41
265,8,30,40
269,8,30,42
272,9,29,42
275,12,29,38
273,12,33,42
275,13,33,41
279,12,32,42
278,13,33,42
276,15,34,43
277,16,34,42
276,19,33,42
276,21,34,40
274,23,34,40
273,24,34,38
271,27,35,36
269,28,37,37
267,29,38,36
266,30,38,36
267,33,37,34
264,34,38,33
263,33,39,33
262,34,40,32
261,34,39,32
259,34,41,32
257,35,41,30
255,36,42,31
252,37,44,31
250,37,44,31
248,38,45,30
247,39,46,30
246,39,46,29
244,39,46,29
244,40,45,29
241,42,46,27
240,43,48,28
238,44,45,26
235,46,48,27
231,47,49,27
232,48,44,25
231,50,44,23
228,50,45,24
223,51,49,28
222,53,45,25
218,54,46,28
217,55,44,25
215,57,43,23
211,57,43,28
208,58,43,26
205,58,42,32
202,60,39,30
199,60,42,30
195,61,46,33
192,62,44,34
192,64,41,33
189,66,42,33
186,68,39,31
181,68,40,33
177,68,39,36
174,68,40,36
169,68,39,33
165,67,40,35
162,68,38,35
157,67,36,36
152,67,36,35
147,67,37,36
142,68,35,35
137,68,32,34
131,65,35,36
125,64,38,33
120,63,35,31
114,60,36,31
106,58,38,32
100,55,39,33
94,52,39,33
89,47,40,31
82,42,42,30
78,36,41,28
74,31,43,27
69,26,43,26
65,22,44,27
63,17,43,26
61,12,44,25
61,7,41,25
61,3,43,21
61,1,43,21
66,1,40,20
66,1,44,19
71,1,43,19
73,1,44,20
77,1,41,21
81,1,39,23
85,1,40,29
89,1,38,32
94,1,35,32
97,3,35,35
97,5,40,33
110,6,33,35
111,5,37,36
119,7,34,36
124,9,33,35
130,10,31,41
131,11,33,41
138,11,29,42
142,12,27,46
144,14,29,45
148,18,29,44
154,22,26,43
158,27,28,42
160,29,29,45
162,31,31,47
169,37,28,45
173,42,27,46
177,47,26,45
180,51,27,45
182,55,26,45
185,58,25,45
187,61,27,45
191,64,24,45
192,67,25,45
195,72,26,44
198,78,26,44
201,82,26,43
206,85,25,47
209,90,23,45
209,96,25,46
214,102,24,44
216,106,25,45
219,112,25,41
221,114,25,45
223,117,26,47
228,123,24,46
230,128,25,43
234,132,24,44
234,135,26,44
238,136,26,44
239,140,26,43
245,143,24,42
249,145,23,41
251,145,24,46
255,147,24,46
259,151,24,44
262,151,25,45
266,154,24,44
269,153,25,45
270,153,26,47
273,158,24,44
275,159,24,45
276,162,24,44
279,165,23,43
280,165,24,45
283,167,23,44
285,170,24,43
288,170,22,43
289,169,23,43
291,169,22,43
293,167,23,45
297,168,23,45
301,170,22,42
304,168,21,44
307,168,23,46
311,168,21,45
315,169,21,46
318,170,22,45
321,172,20,44
325,174,20,43
325,174,23,42
328,172,22,44
328,171,24,45
330,172,24,45
328,171,25,45
326,171,24,41
322,171,25,40
317,168,26,39
308,166,31,39
306,163,29,38
299,158,31,38
294,154,33,37
292,151,33,35
290,148,33,33
290,145,35,33
289,141,37,32
287,138,38,31
283,135,41,31
280,131,41,30
277,128,41,30
273,124,41,28
271,121,41,32
265,117,44,31
262,115,43,29
259,112,44,31
258,109,45,31
259,106,42,30
255,104,43,29
251,102,44,28
247,100,43,29
245,99,42,30
243,98,44,29
243,99,43,29
241,97,43,28
239,94,42,27
235,91,43,27
232,88,41,27
228,86,43,29
224,84,44,26
220,82,44,29
215,80,46,24
211,77,45,25
208,73,43,24
199,70,45,22
191,65,44,23
186,60,44,27
179,55,44,27
171,51,44,26
163,46,44,26
155,42,44,28
149,40,45,28
145,37,46,29
142,36,43,29
137,33,42,29
128,28,44,31
117,25,45,30
109,23,43,30
101,21,44,30
92,18,43,30
89,18,43,29
86,18,43,29
82,17,45,30
80,16,46,30
79,12,45,32
76,9,45,32
73,7,43,29
73,5,40,29
68,3,46,30
71,1,43,27
64,1,45,22
61,1,44,22
64,1,44,22
68,1,44,24
73,1,40,23
74,2,47,22
77,1,47,26
78,1,45,24
83,1,43,26
86,4,42,24
87,6,44,25
87,11,45,24
85,12,46,23
82,11,45,23
81,6,44,22
71,1,44,22
62,1,41,20
62,1,40,21
62,1,41,17
0,0,0,0
0,0,0,0
0,0,0,0
0,0,0,0
0,0,0,0
0,0,0,0
0,0,0,0
0,0,0,0
0,0,0,0
119,1,17,16
119,1,28,28
116,7,37,35
119,17,37,35
123,24,36,34
119,26,37,34
119,29,36,33
122,30,38,38
125,32,39,41
130,33,35,41
128,32,34,41
127,30,34,38
128,27,33,41
127,28,34,41
126,29,35,41
127,29,36,44
135,33,32,46
138,34,34,45
141,33,33,44
146,34,33,47
153,39,29,47
156,39,30,46
162,41,26,45
164,43,27,48
166,43,27,48
168,42,27,49
173,43,26,48
180,48,27,48
193,53,23,47
200,58,24,45
203,61,25,45
204,63,22,47
196,68,24,45
194,70,25,47
198,78,21,42
198,82,25,42
200,86,24,42
203,89,25,41
207,94,26,41
210,100,25,40
213,101,28,45
221,107,24,43
225,110,25,44
232,109,23,47
237,115,21,45
240,119,20,41
245,121,20,41
247,122,25,42
251,125,27,43
256,126,26,41
260,126,27,41
262,126,29,41
266,126,29,41
263,126,34,36
265,126,35,36
265,125,37,35
265,122,40,34
267,118,41,31
268,115,42,31
266,112,45,29
266,107,44,30
264,103,41,29
259,101,43,28
256,98,43,27
251,94,43,29
245,92,44,27
242,88,44,29
238,89,44,28
233,88,44,28
228,86,45,27
227,85,44,29
224,83,46,30
228,81,44,28
228,77,43,27
229,73,43,28
233,68,43,29
236,64,43,28
239,62,43,27
240,60,42,25
239,57,43,28
237,56,41,26
232,53,44,28
230,52,43,26
226,51,45,25
225,50,44,25
224,49,42,21
220,46,44,24
217,47,45,23
216,45,44,22
211,44,46,24
210,43,44,24
206,42,44,25
203,41,43,24
200,39,44,24
196,37,43,24
192,35,44,24
189,33,43,23
185,31,44,22
182,29,44,21
186,28,43,22
188,27,42,21
188,26,41,22
188,26,42,23
189,26,42,26
188,26,41,26
187,23,41,27
187,23,41,28
185,21,43,27
186,19,41,30
185,18,43,31
184,15,44,32
185,14,42,33
185,12,40,33
185,10,39,31
186,8,38,34
186,7,39,34
187,5,39,36
187,4,40,36
189,3,39,36
192,1,39,37
192,3,39,35
195,3,39,35
197,4,39,33
199,4,40,34
202,3,40,34
205,3,40,33
206,2,41,34
207,2,42,33
207,2,42,30
207,1,44,31
206,1,43,30
206,2,44,31
207,2,44,31
210,1,42,32
211,5,42,34
212,7,41,33
213,9,40,32
211,9,42,31
211,9,42,33
210,9,42,32
209,11,42,32
208,10,42,36
208,12,41,32
208,10,40,33
208,10,40,34
211,9,37,36
210,9,36,35
207,9,36,35
207,9,34,35
206,10,34,36
204,9,34,37
202,7,35,37
203,6,34,39
200,4,36,39
198,3,38,40
203,4,34,41
205,4,33,43
206,5,34,45
208,6,33,44
209,9,32,41
210,10,32,44
211,12,32,43
211,12,33,45
212,12,33,46
213,13,34,44
215,15,33,44
215,16,33,44
216,19,33,44
217,21,33,45
217,24,34,44
217,27,34,45
222,30,31,43
223,32,31,44
225,33,29,46
225,33,29,47
225,33,29,47
225,33,29,48
225,34,30,45
227,31,29,47
230,31,27,46
229,27,28,45
229,25,27,44
227,25,27,46
228,27,24,45
228,28,23,45
226,28,24,45
226,31,22,44
223,33,24,46
224,35,23,48
223,39,25,43
221,40,27,46
222,45,27,43
222,45,28,45
222,48,28,44
222,52,30,43
224,56,30,40
226,56,29,43
229,59,28,40
231,61,27,44
233,64,27,43
236,68,27,44
239,73,26,43
245,80,24,41
250,83,24,42
255,89,23,39
259,92,22,42
263,96,22,41
267,99,22,42
273,99,21,45
275,102,23,43
278,105,24,42
280,105,26,41
283,104,26,42
285,102,28,42
291,102,24,41
292,104,28,38
297,102,29,36
297,101,32,36
300,99,32,37
301,98,33,37
301,98,34,38
299,97,34,37
297,97,35,34
297,94,36,36
299,92,35,35
302,91,35,31
306,89,37,33
308,90,37,32
307,91,40,32
306,88,42,32
307,82,42,32
307,78,41,33
308,75,40,32
304,73,44,31
305,74,42,30
303,74,44,30
299,73,47,27
293,72,46,27
291,71,46,25
288,68,45,26
286,67,44,25
282,66,46,25
279,61,43,29
276,58,42,27
273,56,41,27
269,53,42,30
261,51,41,35
253,50,41,35
247,49,38,34
241,50,37,39
239,53,34,35
239,56,32,37
238,60,30,38
233,63,31,38
230,65,33,39
224,65,30,42
217,66,29,41
210,65,28,43
201,69,25,44
196,66,23,48
187,68,22,44
178,68,24,45
171,67,23,48
163,69,23,47
156,70,25,47
147,72,28,48
138,74,28,48
130,76,28,49
122,79,28,48
113,79,31,49
104,82,30,47
96,83,26,48
86,89,29,45
80,93,27,45
70,96,27,45
64,99,26,46
56,101,25,46
49,106,23,45
42,109,23,47
36,113,22,45
31,116,23,43
25,117,23,43
18,119,25,47
13,119,25,46
9,119,24,45
7,119,28,47
4,121,28,44
2,122,28,43
1,122,24,39
1,120,22,40
1,117,14,22
1,113,11,9
0,0,0,0
0,0,0,0
0,0,0,0
0,0,0,0
0,0,0,0
1,85,7,6
1,81,14,10
1,81,21,23
1,80,30,36
2,79,35,36
12,80,32,35
15,80,35,41
20,82,31,38
26,82,30,38
30,83,29,37
32,84,29,36
32,84,31,36
32,82,30,37
33,82,32,37
33,82,31,38
34,79,34,39
35,76,31,39
29,73,30,40
22,71,30,41
15,69,29,40
7,65,32,42
4,63,30,39
1,59,32,43
1,57,24,40
1,57,17,39
1,54,14,22
1,52,11,12
1,51,6,9
1,51,6,9
1,55,10,8
1,58,10,21
1,60,11,22
1,64,17,40
1,65,26,41
10,68,23,41
20,70,23,43
29,71,25,42
36,74,25,39
39,76,25,38
41,74,26,41
40,75,26,39
42,76,26,38
42,73,26,41
42,72,30,42
39,68,30,43
37,64,28,43
34,63,27,43
31,60,28,43
28,58,29,42
28,56,30,41
30,52,28,43
33,52,26,42
36,52,27,41
48,52,26,40
55,52,23,40
59,53,23,40
62,54,25,40
68,54,24,44
73,58,24,43
76,61,25,43
79,61,24,44
79,62,24,45
74,63,21,44
64,65,22,42
54,65,24,45
49,69,24,46
46,75,24,44
42,77,27,45
40,79,26,46
37,83,26,43
37,84,26,44
36,83,27,45
38,84,25,45
40,86,27,45
42,89,26,44
43,95,26,44
47,101,26,44
55,105,25,43
59,109,27,44
66,112,29,44
69,117,29,44
73,121,25,40
72,123,25,42
69,126,26,41
71,128,26,42
70,129,26,42
69,134,27,40
73,136,26,42
74,138,26,42
73,141,25,41
75,145,27,41
75,148,27,44
72,150,26,44
68,152,25,44
66,155,25,43
67,157,24,44
67,159,23,44
63,159,23,45
61,159,24,46
61,163,23,43
62,164,21,44
64,167,21,41
64,167,21,41
61,169,23,40
59,168,23,43
55,169,24,41
52,169,24,41
50,170,22,42
48,169,23,43
46,169,24,44
45,171,24,38
42,169,24,41
38,167,26,42
33,167,26,42
28,166,28,41
27,166,28,41
27,164,28,42
26,165,31,42
25,167,29,40
25,166,30,40
27,165,29,41
25,163,32,44
26,163,32,41
29,164,30,42
32,168,28,40
38,167,29,41
47,170,28,42
52,170,28,42
55,172,28,41
56,173,29,42
56,173,25,42
56,172,27,43
58,167,26,46
59,162,26,47
56,159,26,46
57,158,23,47
55,158,24,45
57,160,24,42
59,159,23,43
59,160,24,44
61,162,22,41
61,161,21,42
61,163,21,41
59,163,21,43
59,165,21,40
60,166,20,44
60,168,21,43
59,170,20,43
55,170,22,46
51,171,22,44
49,172,22,46
50,173,23,42
49,174,27,47
49,173,27,47
50,176,26,46
50,177,25,45
50,177,24,48
52,176,25,49
52,178,25,47
50,179,23,45
46,178,24,46
46,176,25,48
45,175,24,46
46,175,23,46
49,174,23,47
52,174,27,45
56,173,25,46
59,173,24,46
60,172,25,46
61,173,27,46
61,172,29,42
63,172,27,45
67,172,28,46
68,172,27,44
70,170,27,44
72,171,28,42
73,169,27,43
74,169,29,41
74,165,32,43
75,164,31,46
76,163,29,39
75,162,30,40
75,161,29,41
74,159,31,43
73,158,33,42
72,156,31,42
71,155,30,41
71,152,32,42
72,151,33,41
72,150,31,40
74,147,29,44
74,145,30,44
73,144,29,42
74,143,28,43
74,142,28,40
75,140,27,42
75,140,27,41
75,140,27,41
78,139,27,45
79,139,24,43
81,140,26,43
