220,151,126,129
220,151,124,129
220,152,124,128
221,154,124,128
222,155,124,129
222,155,124,129
220,155,127,130
222,155,127,129
222,155,126,129
226,160,125,129
229,163,126,130
228,164,127,131
229,168,126,130
229,171,126,130
230,175,126,128
228,172,127,130
228,170,128,128
228,169,130,128
229,167,131,128
231,163,131,132
231,161,134,135
233,160,135,136
235,160,136,138
235,159,140,139
234,160,142,142
234,160,143,143
233,159,145,144
231,157,150,151
230,155,151,154
226,153,153,157
225,152,158,160
225,153,158,161
225,157,160,163
226,158,163,165
226,158,166,168
223,156,171,173
221,155,173,179
218,157,181,182
218,158,185,187
218,158,190,191
216,154,194,196
212,150,200,200
207,145,210,207
204,144,213,210
198,144,220,210
193,144,225,211
191,144,226,211
188,144,229,213
187,144,228,215
187,145,227,214
190,147,228,213
190,147,228,213
187,148,231,212
184,149,230,211
182,149,230,211
181,148,233,212
180,147,234,213
179,146,235,214
180,145,235,215
179,143,235,215
176,141,235,216
175,141,235,216
175,140,235,216
177,139,233,216
176,137,233,216
175,137,234,217
174,137,235,218
173,137,236,219
176,139,233,215
176,139,233,216
177,139,234,217
179,140,233,217
181,141,231,216
182,142,228,215
183,144,229,213
183,144,229,212
183,145,228,213
182,146,229,210
181,146,230,211
180,146,232,210
178,146,233,210
171,147,239,208
170,147,240,209
167,146,243,210
165,144,244,213
167,142,246,215
167,141,247,214
168,141,246,214
171,141,244,214
173,138,238,216
173,142,240,213
174,142,240,215
178,142,240,215
181,146,238,210
187,141,234,214
174,143,246,214
182,156,240,202
184,157,240,199
184,158,239,199
183,158,240,198
182,157,239,198
182,158,239,197
182,159,237,196
180,158,239,197
180,159,238,196
179,159,239,197
179,161,239,195
179,161,238,195
177,161,239,195
177,161,237,194
175,161,237,193
175,160,237,194
174,159,236,194
173,159,236,194
172,159,237,195
170,159,237,194
167,160,236,193
164,161,239,194
161,161,238,193
162,163,238,193
161,163,238,195
159,163,239,195
158,164,239,194
157,164,239,194
157,164,239,194
157,164,239,194
156,164,240,195
157,164,239,194
157,163,238,195
154,163,239,195
154,162,238,196
153,162,237,195
153,161,236,194
153,162,238,195
153,162,237,194
154,162,235,194
154,161,237,196
157,161,233,195
157,161,233,196
159,161,233,196
158,161,235,198
159,162,234,195
162,161,229,197
162,161,229,198
162,160,229,198
162,162,228,196
166,163,223,195
164,163,225,195
164,162,226,196
165,162,227,197
165,162,226,197
165,163,227,195
166,164,227,196
173,164,220,195
175,164,219,196
169,166,227,194
165,166,228,194
164,164,229,196
168,165,225,195
168,165,226,195
171,164,222,196
173,163,221,197
173,163,220,197
169,163,227,196
166,163,227,197
167,164,228,196
167,163,227,195
167,163,227,195
168,163,227,195
167,162,227,195
166,162,228,198
166,161,227,196
166,161,229,197
163,161,230,198
163,160,231,199
165,161,230,199
165,161,230,199
165,161,230,199
165,161,230,199
165,161,230,198
165,161,230,198
165,163,230,196
165,163,230,196
163,164,230,195
163,165,229,195
162,166,229,193
161,167,232,193
162,167,230,193
161,168,231,192
161,167,230,193
163,167,229,193
165,167,229,193
165,167,230,193
165,167,228,193
165,167,229,193
165,167,228,193
166,167,228,193
166,169,228,191
165,168,228,191
165,169,228,191
165,168,228,192
166,169,229,191
167,169,230,191
167,169,230,191
167,168,229,192
166,168,229,192
166,168,229,192
165,168,229,192
163,168,229,192
164,168,229,192
163,168,228,192
161,168,228,192
160,168,229,192
160,168,229,192
159,168,229,192
160,168,228,192
159,163,229,197
158,160,231,200
155,157,232,203
152,155,236,205
151,157,236,203
149,163,237,197
146,160,238,200
145,154,238,206
144,151,240,209
143,148,240,212
144,149,239,211
146,149,236,211
145,152,237,208
146,150,236,210
144,150,239,210
145,148,239,212
144,146,238,214
144,145,237,215
145,145,236,215
145,144,236,216
143,143,238,217
142,142,239,218
146,142,238,218
150,141,233,219
151,138,233,222
150,135,234,225
150,135,234,225
153,131,230,229
153,131,230,229
152,132,232,228
153,131,230,229
152,131,231,229
152,132,232,228
152,132,231,228
152,132,232,228
153,132,231,228
153,133,231,227
152,133,231,227
152,133,231,227
152,133,231,227
152,133,231,227
152,133,231,227
151,133,232,227
151,133,232,227
151,133,232,227
150,134,233,226
150,134,233,226
150,134,233,226
150,134,233,226
150,134,233,226
150,134,233,226
150,137,233,223
151,137,233,223
151,138,233,222
153,141,231,219
152,141,231,219
151,140,232,220
151,140,232,220
151,139,233,221
151,139,233,221
154,144,230,216
150,144,233,216
150,144,235,216
152,143,236,217
154,143,230,217
154,149,230,211
154,150,231,210
152,150,234,210
151,152,234,208
145,160,240,200
145,165,241,195
144,166,244,194
142,165,243,195
142,166,243,194
141,164,245,196
143,156,243,204
145,151,243,208
148,147,243,212
151,144,242,215
152,140,242,217
156,134,241,220
156,132,241,219
156,131,241,220
154,131,243,218
155,131,243,216
154,129,243,216
154,128,243,216
156,129,244,216
156,130,246,217
154,129,247,214
154,136,245,210
152,141,246,208
152,142,246,207
152,144,245,208
150,145,244,210
149,146,243,209
146,149,243,207
146,150,242,206
147,150,241,207
148,153,241,206
147,155,241,205
145,156,241,203
146,161,240,199
147,161,240,199
149,163,240,197
150,164,239,196
150,165,239,195
149,165,240,195
149,164,240,196
151,164,238,196
150,164,239,196
151,163,240,197
149,162,240,198
148,161,239,198
148,160,240,199
148,160,240,196
149,161,238,197
148,162,239,198
150,162,237,197
152,162,237,197
153,166,236,194
152,169,235,191
153,170,235,190
152,167,233,193
152,166,230,194
154,166,227,194
156,164,226,196
156,162,223,198
157,162,222,198
159,163,219,197
161,163,217,197
161,165,216,195
161,167,215,193
161,167,215,193
161,166,214,194
162,167,213,193
162,169,213,191
162,169,214,191
163,169,214,191
163,170,216,190
165,171,216,189
166,172,216,188
169,174,217,186
172,174,218,186
177,172,215,188
177,171,214,189
174,168,213,192
169,167,213,193
166,163,210,197
161,160,209,199
163,160,209,199
164,167,208,193
157,170,213,190
157,170,213,190
160,169,212,191
166,166,208,194
160,164,216,196
160,162,217,195
159,158,217,196
159,159,216,195
173,160,207,195
163,155,217,197
166,154,215,191
168,156,215,194
167,152,213,192
181,145,211,194
203,142,208,195
202,135,219,192
213,115,217,195
236,98,219,198
250,92,218,197
254,93,219,194
257,95,214,195
259,94,213,184
257,99,223,193
273,96,207,198
284,97,196,197
285,101,195,197
293,106,187,193
315,107,165,196
322,116,158,198
342,126,138,200
319,134,161,199
322,141,158,202
323,143,157,205
328,155,152,205
336,162,144,198
332,158,148,202
339,145,141,215
352,119,128,194
350,118,130,220
351,112,129,226
350,103,130,226
365,102,115,155
366,112,114,208
373,109,107,208
384,102,96,176
396,94,84,173
397,75,83,197
362,75,118,225
333,71,147,259
315,74,165,248
299,75,181,250
298,70,182,252
305,58,175,254
310,62,170,262
311,64,169,252
304,64,176,253
279,71,201,253
236,71,234,253
186,77,232,242
134,80,235,245
127,84,239,242
186,100,198,201
189,138,188,189
178,160,198,183
155,177,220,183
127,164,233,196
133,168,244,192
142,161,232,199
131,163,231,198
117,161,248,199
137,155,246,205
170,154,253,206
191,162,254,198
208,158,252,202
191,159,254,201
181,160,254,200
179,165,259,195
172,167,260,193
165,166,258,194
163,169,258,191
159,179,258,181
152,190,255,170
150,199,251,161
154,200,247,160
152,202,250,158
157,207,245,153
162,208,243,152
162,196,246,164
164,190,244,170
163,184,256,176
165,177,252,183
164,177,251,183
165,175,251,185
166,170,251,190
165,171,250,189
165,174,248,186
165,178,245,182
168,180,241,180
168,181,238,179
169,179,235,181
169,177,231,183
172,170,225,190
172,164,221,196
170,161,222,199
185,162,206,194
188,161,201,191
188,158,199,190
189,157,196,188
190,158,193,186
190,161,192,185
186,169,197,178
179,169,197,171
179,166,195,173
180,164,191,169
180,164,189,165
180,157,187,165
181,155,184,164
182,156,182,163
183,156,180,163
183,157,176,162
183,155,174,159
186,154,173,159
188,155,172,159
189,157,172,158
192,160,171,158
198,167,168,156
208,170,161,155
208,171,165,154
200,172,174,156
201,173,173,156
201,172,173,157
201,171,172,157
200,171,173,157
200,171,174,158
200,171,172,157
198,170,173,158
197,170,174,159
196,170,173,158
196,170,172,159
196,171,172,159
196,170,174,159
196,170,175,160
195,170,174,160
194,169,174,160
195,167,173,162
194,165,174,163
196,165,172,164
195,164,173,165
195,164,172,163
196,165,172,163
195,165,175,163
195,164,175,163
196,163,174,162
196,162,174,163
196,162,174,163
196,162,174,163
196,162,174,163
196,162,175,163
196,163,175,163
196,164,175,162
196,164,175,162
196,164,175,162
196,164,175,162
196,164,175,162
196,164,175,162
196,164,175,162
196,164,175,162
196,164,175,162
196,164,175,161
198,165,173,160
198,165,172,161
198,165,172,161
198,165,172,161
198,164,172,162
197,163,173,163
198,166,172,160
198,165,172,160
198,166,172,160
198,167,172,160
198,166,173,161
197,165,172,161
198,173,172,151
197,167,173,157
196,167,174,158
197,166,174,161
197,165,175,159
196,165,176,160
197,165,173,160
196,164,174,161
195,164,174,162
197,164,171,162
197,163,171,162
197,163,171,162
197,164,171,163
196,163,172,164
197,163,173,163
198,164,171,163
197,163,171,164
197,161,172,165
194,161,174,161
194,161,174,161
197,165,171,160
197,166,172,161
198,169,170,156
197,169,171,157
197,168,171,154
197,169,171,153
197,168,170,153
199,168,170,153
199,169,171,154
199,168,169,152
199,168,169,152
198,168,171,154
198,168,172,155
198,167,173,156
197,167,174,157
197,168,173,157
197,169,173,158
198,169,171,159
197,169,171,158
198,170,170,158
197,169,171,159
196,169,170,159
195,168,170,159
196,172,172,154
197,173,172,154
197,175,171,154
197,175,170,154
197,178,171,150
197,179,172,150
197,180,171,151
198,180,173,153
199,181,172,153
199,180,172,153
198,179,172,152
199,179,171,151
198,179,172,152
197,179,172,153
198,180,171,154
198,180,172,155
197,180,172,155
198,180,172,155
197,179,171,155
197,179,171,153
199,178,170,154
198,177,170,153
200,176,169,154
200,176,168,154
201,175,168,155
202,175,167,156
202,176,168,156
202,177,168,155
204,177,167,155
204,177,167,155
206,177,164,155
206,178,164,156
208,179,161,155
209,180,160,154
209,181,159,153
209,180,160,153
210,179,160,154
210,179,159,154
210,180,158,153
209,179,158,153
212,179,157,155
212,180,157,154
213,181,156,155
213,180,154,156
214,180,154,156
214,180,154,156
213,181,155,156
212,181,156,155
211,180,157,155
212,180,155,156
213,180,154,156
212,180,156,156
212,180,156,156
211,180,157,155
211,181,157,154
212,181,156,154
212,181,156,154
212,182,156,154
212,181,156,154
213,181,155,155
213,181,155,155
212,181,156,155
212,181,156,155
212,182,156,154
210,182,158,154
210,182,157,155
209,182,157,154
209,182,159,156
208,183,159,154
208,182,159,155
208,183,159,154
208,182,159,155
207,181,160,156
206,181,162,155
205,180,163,155
202,179,165,157
200,179,169,159
198,178,169,160
196,177,171,161
195,177,172,161
193,177,174,161
190,176,178,162
189,174,178,162
188,174,179,163
189,175,178,162
187,175,181,163
186,176,182,160
186,177,182,160
187,177,180,159
188,177,180,159
188,178,180,159
190,179,177,158
191,177,176,159
192,177,175,158
191,177,176,158
191,178,176,159
192,178,176,159
193,178,175,158
193,179,175,158
194,179,174,157
195,179,173,157
195,180,173,157
196,181,173,157
193,180,174,157
193,181,174,157
192,182,174,157
192,181,174,157
193,180,174,157
192,181,175,156
192,180,175,157
192,180,175,157
192,180,175,156
192,180,175,156
193,180,174,156
193,180,174,156
193,180,174,156
194,180,174,156
194,180,174,156
194,180,174,156
194,180,173,157
195,180,172,157
195,180,172,157
196,179,171,157
196,179,170,157
195,179,171,156
194,179,172,156
193,178,172,156
192,180,174,154
190,180,177,155
189,180,177,155
188,180,178,155
188,179,178,155
188,180,180,155
186,180,182,154
188,179,179,154
189,179,179,154
190,179,179,148
192,177,179,151
193,178,177,154
194,180,175,154
196,182,173,155
199,186,169,152
203,187,167,150
205,189,162,147
206,189,161,146
206,189,162,146
206,190,162,146
209,190,162,146
209,190,160,146
208,189,162,148
208,188,161,150
209,186,159,151
211,184,158,153
212,182,156,156
213,179,154,157
215,178,153,157
216,178,151,158
217,176,152,160
219,175,150,159
220,175,150,161
220,175,149,162
222,174,148,162
223,175,146,163
223,174,146,163
223,172,146,163
224,171,145,164
224,170,145,165
226,165,144,169
226,162,143,173
226,158,143,177
224,156,145,179
224,155,145,181
223,154,145,182
221,154,148,184
219,153,150,184
214,156,155,181
209,157,159,179
205,158,163,178
203,159,166,177
202,160,168,177
202,160,167,176
203,161,165,173
203,160,165,176
203,160,165,176
202,159,167,177
202,159,167,177
201,160,168,177
202,159,167,176
202,158,167,176
202,159,166,176
205,159,164,177
205,159,163,176
205,159,164,177
205,160,163,177
204,159,163,176
205,159,163,177
204,158,163,178
204,158,162,178
203,159,165,177
198,158,171,177
202,158,167,178
202,158,167,178
201,158,167,177
197,159,171,177
194,161,174,174
191,162,177,172
189,163,179,172
187,164,180,173
188,163,180,173
188,163,180,173
188,163,180,173
189,161,178,175
190,160,178,175
191,159,177,175
192,160,176,175
193,159,175,175
192,161,177,176
192,162,176,175
191,162,176,175
193,162,175,175
193,161,176,176
193,161,176,176
194,161,174,175
194,160,173,176
194,160,173,176
194,160,174,177
194,161,174,176
194,160,175,177
194,160,174,177
194,159,174,177
195,159,173,177
194,159,174,177
193,159,174,179
193,160,173,176
192,160,174,177
194,160,174,178
193,159,175,179
193,159,175,178
194,161,174,177
194,162,175,178
193,162,174,177
194,163,172,175
195,163,171,175
193,163,175,176
193,163,175,176
194,163,174,176
193,164,175,175
193,164,175,175
195,165,172,173
195,164,173,174
194,164,173,173
194,163,172,172
195,168,173,169
195,169,173,169
195,168,174,171
196,170,173,170
196,170,173,170
195,177,174,164
196,177,173,163
197,179,173,161
198,179,172,161
198,180,172,160
198,181,172,159
198,182,172,159
197,182,173,158
196,182,173,158
196,182,173,158
196,182,173,158
196,183,173,158
196,183,173,158
197,183,172,158
196,184,173,157
196,184,173,157
196,185,173,156
196,185,173,156
197,185,172,156
196,185,172,156
196,185,172,156
196,185,172,155
196,185,172,155
196,185,172,155
196,184,172,155
197,183,171,156
196,184,171,155
195,185,172,155
194,186,173,156
194,187,173,156
195,187,173,156
197,187,173,155
197,187,172,155
197,187,172,155
198,187,170,155
197,186,171,155
197,186,172,156
197,186,172,156
197,186,172,156
197,186,172,156
197,186,172,156
197,186,171,156
196,188,171,156
196,188,171,156
196,188,171,155
196,188,171,155
196,188,171,155
196,188,171,155
196,189,171,154
196,189,171,154
196,189,171,154
196,189,171,154
196,190,170,154
195,190,171,154
195,190,171,154
195,190,171,154
195,190,171,154
195,189,170,154
195,189,170,154
195,189,170,154
195,189,170,154
195,189,170,154
195,189,170,154
195,189,170,154
195,189,170,154
195,189,170,154
195,189,170,154
196,189,169,154
195,189,170,154
195,189,170,154
195,188,171,154
196,187,170,153
196,187,170,153
196,188,170,153
196,188,170,153
197,188,169,153
198,188,168,154
198,188,168,154
198,189,168,154
198,189,166,154
197,191,166,154
197,191,166,154
197,190,167,155
198,190,167,155
198,190,166,155
197,189,166,154
197,189,166,154
197,189,166,154
197,189,166,154
197,188,166,154
198,187,166,154
198,187,166,154
197,187,166,154
197,188,167,154
196,188,167,154
196,189,167,154
196,189,167,154
196,189,167,154
196,189,167,154
196,189,167,154
196,189,167,154
195,189,168,154
195,189,168,154
195,189,168,154
195,189,168,154
195,189,168,154
195,188,168,155
195,188,168,155
196,188,168,155
196,188,168,155
196,188,168,155
196,188,167,155
196,188,167,155
196,188,167,155
196,188,167,155
196,188,167,155
196,188,167,155
196,188,167,155
196,188,167,155
196,189,168,153
196,188,168,154
196,188,168,154
197,188,168,154
197,187,168,154
198,186,166,155
196,184,167,155
197,183,167,154
197,183,167,155
197,183,167,155
197,183,167,155
196,184,167,154
196,187,167,154
196,186,168,153
196,185,168,153
195,185,168,153
195,185,168,153
195,185,168,153
195,187,168,153
195,187,168,153
196,185,168,153
196,183,168,154
195,185,168,154
193,184,168,155
193,184,169,155
193,183,169,155
192,182,169,155
192,181,169,155
192,181,170,155
192,181,170,155
191,182,170,156
191,183,170,156
191,182,170,156
191,182,170,155
192,181,170,154
192,179,170,154
192,177,170,154
192,177,170,154
192,177,170,154
193,177,169,154
192,177,170,154
193,176,168,156
192,176,168,156
191,175,168,156
191,175,170,154
191,178,172,155
193,182,169,153
192,185,170,153
192,188,171,155
192,189,171,157
193,191,170,156
194,191,170,156
197,190,170,155
198,190,170,155
200,190,170,155
201,192,170,155
203,192,170,155
203,195,170,153
203,198,170,152
203,198,170,152
203,198,170,152
203,198,170,152
202,195,173,155
202,194,173,151
203,194,173,149
203,193,173,149
203,194,173,148
203,196,173,146
204,197,172,145
204,198,172,144
204,198,172,143
204,197,172,143
204,197,170,143
204,198,169,142
204,197,169,143
204,197,170,143
205,198,169,142
205,198,166,144
204,197,166,142
204,197,166,142
206,197,166,142
206,197,166,142
207,197,166,142
207,195,165,142
206,194,165,144
206,194,165,144
208,194,165,144
209,194,163,144
210,195,161,143
211,196,160,142
214,194,158,145
215,194,158,145
218,194,155,145
219,194,153,146
220,192,151,148
222,192,149,148
225,192,147,150
228,192,143,148
227,192,143,148
228,193,142,148
228,193,141,148
229,193,141,149
229,193,140,149
230,193,140,149
231,192,139,149
232,192,137,147
233,192,136,145
235,192,136,145
235,191,138,147
235,190,138,147
238,190,135,148
239,190,135,149
243,190,130,150
242,192,129,147
243,193,129,144
241,193,132,145
240,193,131,147
243,192,127,148
242,193,129,150
242,193,128,149
243,194,127,148
243,194,128,148
243,195,128,148
244,195,127,149
244,197,127,149
245,198,126,148
242,197,129,148
242,195,129,151
241,193,129,153
241,189,130,155
242,187,127,154
242,186,127,155
241,183,128,158
244,182,125,155
246,181,123,154
247,180,122,154
247,180,122,155
248,180,122,155
249,179,122,154
249,177,127,155
250,177,126,155
251,177,126,155
249,177,126,155
250,179,124,155
250,180,124,155
250,181,124,154
249,181,125,154
249,181,125,154
248,183,126,155
248,184,125,155
248,184,125,156
248,183,128,157
247,182,129,158
245,184,129,158
246,184,130,158
250,184,128,159
249,183,129,159
250,181,128,159
251,180,129,159
251,181,130,159
251,182,131,160
250,181,131,159
250,180,132,160
251,179,132,161
250,179,131,161
250,178,133,162
250,176,134,163
250,176,134,162
247,178,136,161
247,178,138,162
248,175,140,162
247,172,142,163
244,172,143,163
243,170,144,164
242,169,146,165
242,169,146,167
242,169,146,168
241,169,147,170
240,169,145,169
237,168,146,169
237,169,147,168
237,169,147,167
236,169,148,167
234,169,149,167
233,169,149,167
234,169,149,167
233,169,149,167
234,170,149,164
232,168,149,164
232,170,148,163
232,170,151,165
232,171,150,166
234,171,149,165
233,172,149,165
233,172,148,165
234,170,148,166
233,170,148,167
233,169,148,167
232,168,149,166
233,168,145,164
234,167,147,166
234,167,147,166
233,169,148,165
232,169,148,165
232,170,149,163
234,170,148,163
234,171,149,164
234,170,148,162
235,170,148,162
234,171,147,161
235,172,146,160
234,174,147,160
234,173,146,159
233,172,147,159
233,171,147,160
235,169,148,161
236,167,149,162
237,168,148,161
235,169,148,161
237,170,148,160
237,169,149,161
237,168,150,161
237,167,150,161
236,168,150,162
235,168,150,162
237,168,148,163
238,168,148,163
239,168,147,163
240,168,145,161
239,167,147,163
239,166,147,163
241,168,146,161
240,169,145,160
240,169,145,159
242,169,145,159
242,169,144,158
241,169,144,158
240,169,145,159
240,168,146,160
240,169,145,159
240,169,145,159
240,170,145,159
240,169,147,159
240,169,147,159
241,169,146,158
240,169,146,158
241,168,146,158
240,169,146,158
240,170,146,158
242,169,145,158
241,170,144,158
239,170,147,159
239,170,147,159
241,170,147,160
240,170,147,160
239,169,147,159
240,168,147,158
240,169,146,158
239,170,145,157
241,170,145,157
242,170,145,157
239,171,147,157
236,171,147,156
237,169,148,157
237,168,148,158
235,169,148,158
237,168,148,158
238,167,148,160
239,165,149,161
239,165,147,163
238,164,146,164
238,163,146,166
240,161,146,168
238,161,144,169
236,161,146,167
238,161,146,168
238,161,145,168
238,162,145,167
238,162,145,167
237,161,146,169
237,161,145,170
236,160,145,171
237,158,146,173
237,158,147,172
235,158,147,173
235,157,147,172
235,156,147,172
232,156,149,172
232,159,147,171
234,158,148,170
234,158,148,170
232,160,147,169
231,161,148,168
233,159,148,170
233,159,148,170
232,160,148,171
233,158,148,171
235,156,151,171
235,157,149,169
233,159,150,170
232,158,150,171
234,155,150,172
235,156,150,172
233,158,150,171
235,157,150,170
235,157,151,170
233,160,151,168
234,159,150,168
236,158,150,168
235,159,150,168
233,160,149,168
235,159,150,170
235,158,150,170
234,158,151,170
233,158,150,169
233,158,149,169
232,157,149,170
232,157,148,169
232,157,148,169
234,158,149,170
233,159,149,170
233,159,149,171
235,160,149,170
234,160,149,170
233,161,150,168
233,162,150,168
234,162,150,167
233,163,150,167
231,163,150,168
233,161,149,169
233,161,150,170
232,162,150,169
233,162,150,169
232,162,150,168
230,162,151,168
230,162,151,168
229,161,152,169
229,162,151,169
230,163,151,169
229,163,151,169
229,162,151,170
228,163,151,169
227,166,149,168
227,166,148,168
227,164,148,169
226,165,149,170
225,168,147,169
226,165,147,170
225,160,151,169
230,160,152,170
228,167,151,171
216,174,151,172
213,178,149,171
215,178,149,171
215,176,148,170
213,176,147,170
210,182,147,169
205,187,146,169
202,188,145,167
199,186,146,168
197,185,145,168
199,184,145,166
198,181,146,166
195,179,147,165
196,176,147,164
197,172,150,164
196,173,149,164
195,169,149,164
193,167,150,164
193,166,152,165
194,164,153,164
195,158,155,165
200,150,152,163
202,153,152,163
199,157,152,163
198,160,153,163
200,159,153,164
191,161,159,165
186,167,159,165
187,170,159,167
191,168,159,168
191,165,160,168
182,165,163,170
178,163,168,171
172,160,170,170
168,159,171,169
163,159,171,170
160,160,172,171
163,166,173,170
167,170,174,171
175,176,174,172
180,180,173,172
182,181,173,171
185,184,173,172
186,187,174,173
185,187,174,173
186,187,173,172
184,186,174,173
183,185,173,175
181,183,174,175
179,181,175,175
178,178,176,176
178,178,176,174
178,176,177,175
180,173,177,175
182,171,178,176
185,173,178,173
184,174,177,172
189,172,174,173
191,173,172,173
192,174,172,172
200,178,165,172
200,183,169,171
200,186,169,170
197,186,172,170
195,190,173,165
196,193,173,165
196,194,173,165
196,195,173,165
198,196,173,164
197,197,173,163
197,197,174,163
197,197,174,163
195,196,174,163
193,195,178,165
195,194,174,166
191,193,177,166
190,192,177,167
190,191,175,165
190,191,174,164
189,189,174,165
188,187,174,166
189,182,174,166
191,179,173,166
190,177,173,167
190,176,175,167
189,175,176,167
188,176,177,167
187,175,177,167
189,179,176,167
188,177,178,167
189,174,179,172
188,171,179,174
189,168,176,176
189,169,176,178
190,176,176,170
189,177,176,168
189,172,177,172
190,168,176,176
190,166,175,178
190,166,175,179
191,165,172,179
191,164,173,179
190,165,172,178
189,167,172,178
189,166,172,178
190,169,172,178
191,172,171,172
192,174,170,170
193,174,169,169
193,175,169,169
194,175,168,169
191,175,171,169
190,175,173,169
191,174,173,169
191,174,173,169
191,174,173,169
192,173,171,170
193,174,170,170
192,173,170,170
191,173,171,170
190,173,171,170
189,173,171,170
188,172,171,170
187,171,171,170
186,171,173,170
186,170,173,170
186,171,173,170
186,171,173,170
188,172,172,170
188,172,172,170
189,172,172,170
190,172,172,170
191,173,172,170
192,174,172,170
191,173,170,170
192,174,170,170
190,174,170,170
190,174,170,170
189,174,171,169
188,173,173,169
189,173,174,169
189,172,174,170
189,173,173,169
187,172,175,170
187,172,175,170
187,172,175,170
187,172,175,170
187,172,175,170
187,173,175,169
187,173,175,169
187,172,175,170
187,172,175,170
187,172,175,170
187,172,175,170
187,172,175,170
187,172,175,170
187,172,175,169
187,172,175,169
187,172,175,169
187,172,174,169
187,172,174,169
187,172,174,169
187,172,174,169
187,172,174,169
187,172,174,169
187,172,174,170
187,172,174,170
187,172,174,170
187,172,174,170
187,172,174,170
187,172,174,170
187,172,174,169
187,172,174,169
187,172,174,169
187,172,174,169
187,172,174,169
187,172,173,169
187,173,173,169
189,174,172,169
188,174,173,168
188,174,173,168
188,174,173,168
188,174,173,168
188,174,173,168
187,173,173,168
187,173,173,168
187,173,173,168
187,173,173,168
187,173,173,168
187,173,173,168
187,173,173,168
187,173,173,168
187,173,173,168
187,173,173,168
187,173,173,168
187,174,173,167
187,174,173,167
187,174,173,167
188,174,172,167
188,174,172,168
188,174,172,168
188,174,172,168
188,174,172,168
187,174,173,167
187,175,173,167
187,175,173,167
187,175,173,167
187,175,173,167
187,175,173,167
187,175,173,167
187,175,173,167
188,175,173,167
188,175,173,167
188,175,173,167
188,175,173,166
188,175,173,166
188,175,173,166
188,174,173,167
188,174,172,167
188,174,172,167
188,174,171,167
188,174,171,167
188,174,171,167
188,174,171,167
188,174,171,167
188,174,171,167
188,174,171,167
188,174,171,167
188,174,171,167
188,174,171,167
188,174,171,167
188,174,171,167
188,174,171,167
188,174,171,167
188,174,171,167
188,174,171,167
188,174,171,167
187,174,172,167
186,174,173,167
186,174,173,167
186,174,173,167
186,174,173,166
186,174,173,166
185,174,173,166
185,174,173,166
185,174,173,166
185,174,173,166
185,174,173,166
185,174,173,166
185,174,173,166
185,174,173,166
185,174,173,166
185,174,173,166
185,174,173,166
185,174,173,166
185,174,173,166
185,174,173,166
185,174,173,166
185,174,173,166
185,174,173,167
185,174,173,167
185,174,173,167
185,174,173,167
185,174,172,167
185,174,172,167
185,175,172,166
185,175,172,166
185,175,172,166
185,175,172,166
185,175,172,166
185,175,170,165
185,175,170,165
184,174,171,166
183,174,172,166
183,174,172,166
183,174,172,166
182,173,172,166
182,173,172,166
182,173,172,166
182,174,172,166
183,174,172,166
183,175,172,165
183,175,172,165
183,175,172,165
183,174,172,166
184,174,172,166
184,174,172,166
184,173,172,166
186,173,170,166
187,174,171,167
188,174,170,166
189,175,170,166
191,177,171,166
192,179,171,165
192,179,172,166
194,180,171,166
195,177,172,168
199,181,170,166
201,181,171,166
203,180,170,165
203,179,171,164
203,178,171,166
201,177,173,164
201,177,173,164
200,175,173,165
200,175,173,164
199,174,173,165
199,174,173,165
199,174,173,164
199,174,173,164
199,175,173,163
199,175,173,164
199,175,174,164
200,176,173,164
201,176,173,164
201,176,173,164
201,176,173,164
201,176,173,164
200,176,173,164
200,176,173,164
200,176,174,164
200,176,173,164
200,176,173,165
200,176,173,165
199,176,173,165
199,176,173,165
199,176,173,164
199,176,173,164
199,177,173,163
199,177,174,164
199,177,173,164
198,177,173,164
198,177,172,164
198,177,172,164
197,177,172,163
198,176,172,164
198,175,172,166
198,176,172,164
198,176,172,165
198,177,172,164
198,177,172,163
197,177,171,164
196,177,171,166
197,178,171,165
196,178,172,165
196,178,173,165
195,177,173,165
196,177,174,165
195,179,173,164
194,178,174,165
195,179,173,164
195,179,172,163
196,178,172,165
196,177,171,165
195,178,172,164
195,178,172,165
195,178,172,165
195,178,172,165
196,178,170,165
194,177,172,167
194,178,172,165
193,178,172,165
194,179,172,164
194,179,172,163
194,180,172,163
194,180,172,164
193,181,172,162
192,180,172,164
192,179,172,165
193,178,172,165
192,178,172,164
192,178,172,164
193,179,172,164
193,180,172,165
192,182,171,164
193,182,171,163
192,184,171,162
192,183,171,163
191,181,172,163
190,181,172,164
191,180,172,165
191,179,172,163
191,176,173,165
192,174,171,163
193,176,171,161
192,174,171,163
192,173,171,164
193,176,174,161
195,176,173,162
196,177,172,164
196,180,174,163
196,179,175,163
196,181,174,162
196,181,174,162
195,180,174,162
195,180,174,162
196,181,173,162
196,182,173,160
194,180,174,161
193,180,176,161
194,181,175,160
194,181,175,160
194,182,175,160
196,183,174,159
195,183,174,158
193,184,174,158
193,185,173,160
193,185,173,161
192,186,174,161
190,186,174,158
190,186,177,158
192,186,174,159
192,187,171,156
190,185,176,156
190,187,174,157
191,187,173,156
190,187,173,156
190,187,173,156
191,186,173,156
190,186,173,156
191,187,173,156
190,187,173,156
191,187,172,155
191,187,172,155
191,187,172,155
190,186,172,155
190,186,173,155
191,186,173,155
192,186,172,155
191,186,172,155
188,186,176,157
188,185,176,157
187,185,176,157
187,187,177,156
187,186,175,156
186,186,175,156
187,187,175,155
189,187,174,153
188,185,174,157
187,186,175,158
186,187,175,157
188,187,174,158
188,186,175,159
187,186,176,159
187,187,175,160
186,186,175,160
187,187,174,158
189,187,173,157
190,187,172,159
191,186,171,159
191,187,170,158
191,188,172,159
190,189,172,159
191,190,171,159
191,191,171,158
195,191,167,158
199,192,164,158
197,192,164,159
192,195,167,157
191,195,169,157
190,193,168,157
189,193,168,157
190,193,168,158
191,194,167,158
190,194,167,160
188,192,167,161
189,193,166,160
191,192,165,160
192,191,164,159
192,190,164,159
192,192,164,159
193,194,163,159
193,195,165,160
195,195,163,160
196,196,162,158
197,196,161,160
198,195,161,160
198,194,160,160
197,195,159,159
198,196,159,159
199,196,159,159
199,195,159,159
199,195,158,158
200,196,157,157
201,197,156,156
202,196,157,156
201,194,158,156
200,193,160,158
200,192,160,159
200,191,158,159
202,192,157,159
202,191,156,159
199,188,159,160
197,187,161,161
196,186,162,162
196,186,164,161
197,186,163,161
198,186,162,161
200,186,161,161
201,187,162,161
201,184,160,163
199,183,161,163
200,183,160,162
202,183,158,161
202,182,157,162
197,181,160,164
194,182,160,161
192,181,161,161
194,183,161,160
196,185,162,160
197,180,161,160
195,177,161,160
197,178,160,159
199,180,161,160
199,177,159,159
202,175,157,159
212,176,153,159
212,174,153,160
200,170,161,158
202,167,162,158
200,164,161,159
197,160,160,159
199,157,158,157
199,156,161,157
200,159,162,156
197,157,161,157
196,158,159,157
196,161,156,156
195,163,155,155
191,166,161,154
190,169,163,154
189,169,165,155
186,167,166,155
187,169,166,154
190,171,165,154
188,168,165,154
189,168,164,153
191,169,165,154
193,169,161,154
199,172,156,153
202,172,153,153
200,172,155,154
200,174,155,153
206,178,154,152
210,185,151,148
213,189,149,145
220,192,144,143
223,194,139,141
223,195,135,139
212,196,131,139
203,202,128,138
205,205,123,137
207,211,119,137
204,213,119,141
205,214,116,134
209,212,115,137
215,212,113,138
219,206,113,143
223,197,117,145
226,186,121,150
225,182,119,156
220,178,121,165
214,178,127,174
215,177,130,181
214,176,134,184
211,176,140,184
203,175,145,185
195,176,150,184
192,180,156,180
186,181,164,179
185,177,166,183
183,167,170,193
186,158,172,202
188,154,173,206
193,147,175,211
191,146,180,205
187,149,189,210
190,157,190,203
187,161,198,199
178,161,206,199
173,167,213,193
165,170,220,190
155,171,227,189
149,173,234,187
143,177,241,183
139,175,243,185
133,175,246,185
125,176,251,184
114,176,260,184
108,175,256,185
101,174,257,186
101,166,257,194
118,154,226,206
64,136,276,224
58,131,278,229
48,135,284,225
40,135,290,225
30,137,299,223
20,141,307,219
9,151,317,209
2,160,318,200
1,167,313,193
8,172,297,188
1,178,299,182
1,177,298,183
1,180,294,180
1,184,295,176
1,184,285,176
1,184,274,176
1,182,263,178
1,182,262,178
1,183,259,177
1,180,258,180
1,178,258,182
1,178,257,182
1,182,258,178
1,185,260,175
1,188,261,172
1,189,264,171
1,192,262,168
1,196,262,164
1,198,261,162
1,198,260,162
1,199,259,161
1,199,259,161
1,199,258,161
1,199,255,161
1,196,251,164
1,196,243,164
1,196,235,164
1,193,225,167
1,195,215,165
1,195,203,165
1,194,194,166
1,194,183,166
1,193,168,167
1,193,150,167
1,192,147,168
1,192,147,168
1,193,145,167
1,192,144,168
1,193,143,167
1,193,141,167
1,194,143,166
1,198,144,162
1,200,146,160
1,195,149,165
1,192,153,168
1,191,157,169
2,192,157,168
1,201,130,159
1,204,133,156
1,214,118,146
1,229,108,131
1,234,109,126
1,231,112,129
1,222,123,138
1,203,151,157
1,188,153,172
1,179,159,181
1,173,162,187
1,167,163,193
1,157,165,203
1,151,157,209
1,138,160,221
1,133,159,227
1,133,170,227
1,126,184,234
1,122,194,238
1,111,210,249
1,89,202,261
1,92,199,259
1,101,188,259
1,97,191,261
1,97,201,260
1,114,201,246
1,126,196,234
1,139,180,221
1,160,160,200
1,173,162,187
1,168,155,192
1,166,148,194
1,173,149,187
1,181,146,179
1,184,152,176
1,188,155,172
1,188,150,172
1,181,152,179
1,177,153,183
1,180,145,180
1,181,137,179
1,179,149,181
1,176,153,184
1,176,153,184
1,183,143,177
1,185,132,175
1,181,123,179
1,177,119,183
1,177,122,183
1,179,126,181
1,184,122,176
1,188,131,172
1,188,138,172
1,187,145,173
1,184,146,176
1,183,146,177
1,181,149,179
1,183,151,177
1,183,156,177
1,181,157,179
1,179,159,181
1,180,159,180
1,182,154,178
1,180,153,180
1,179,154,181
1,180,153,180
1,180,154,180
1,178,154,182
1,177,153,183
1,179,144,181
1,180,144,180
1,180,145,180
1,178,146,182
1,179,142,181
1,177,145,183
1,175,148,185
1,175,152,185
1,174,156,186
1,173,156,187
1,171,156,189
1,170,160,190
1,171,164,189
1,171,164,189
1,172,168,188
1,172,170,188
1,174,168,186
1,175,167,185
1,175,166,185
1,176,160,184
1,176,159,184
1,177,157,183
