34,221,165,84
32,221,162,84
56,241,159,82
61,255,156,80
72,269,153,77
77,274,156,79
96,280,156,79
115,285,162,81
139,287,159,78
172,287,162,78
210,280,162,76
251,281,162,75
285,275,162,74
320,275,162,74
354,281,165,74
394,286,162,77
432,289,162,83
464,299,155,88
485,310,161,92
500,328,164,85
515,341,160,85
521,354,160,85
516,362,157,82
508,362,160,82
502,359,160,87
499,358,160,88
509,356,166,92
531,355,169,90
543,353,172,90
553,353,165,87
562,348,168,83
567,335,171,88
562,327,174,90
559,321,174,88
556,312,181,92
558,306,177,90
545,305,188,88
527,303,196,92
521,302,184,90
517,301,184,88
521,302,191,86
530,304,195,90
539,303,199,92
547,305,199,92
557,308,203,94
564,308,207,94
566,308,211,94
576,307,215,92
582,307,219,92
588,308,223,90
589,310,223,87
589,308,232,91
594,308,232,91
602,308,232,91
604,308,227,91
615,307,232,93
618,307,232,93
621,305,236,97
629,303,231,101
630,303,240,97
630,303,240,97
631,304,230,95
622,302,240,99
618,297,230,101
599,297,235,101
591,293,234,105
581,290,229,107
573,288,220,107
560,286,219,107
555,283,219,105
553,282,214,107
549,286,222,103
554,293,221,97
555,293,226,97
559,298,235,95
563,296,244,99
561,295,249,101
559,295,254,101
557,294,259,103
554,294,264,103
549,294,275,103
546,293,281,105
552,293,281,105
546,293,281,105
536,293,281,105
530,294,286,103
527,293,292,105
530,291,298,105
531,292,304,107
539,293,310,109
556,293,310,109
578,292,310,111
597,292,316,111
616,294,323,107
628,288,330,111
646,287,330,109
664,285,330,109
662,286,344,111
670,285,344,113
670,286,344,111
661,287,351,109
656,283,351,113
651,278,351,113
651,278,351,113
645,272,351,115
652,271,351,113
649,268,344,115
646,264,351,118
650,264,344,118
651,263,344,120
660,256,337,125
658,256,343,125
655,255,350,128
652,254,357,131
668,257,350,125
688,258,350,123
695,257,357,125
720,255,356,130
743,264,349,128
776,269,321,126
776,271,320,129
776,276,320,129
753,282,339,129
750,293,346,124
757,296,346,124
743,300,360,126
744,305,360,126
731,305,360,126
719,305,360,132
703,306,367,132
684,305,367,135
658,304,367,132
647,301,353,134
629,301,353,134
614,300,353,137
605,298,346,137
596,300,339,134
584,305,339,131
591,308,326,126
581,308,333,126
584,312,340,129
596,312,340,129
599,312,354,129
631,312,354,129
676,314,354,126
737,312,347,126
816,303,346,126
877,287,346,121
898,262,353,123
892,243,353,123
877,229,360,121
843,224,375,116
819,224,375,118
801,225,375,116
775,226,375,114
758,226,375,114
745,226,375,114
728,225,368,116
716,232,368,111
693,230,375,115
689,231,360,124
677,244,360,123
668,253,353,121
667,255,346,118
659,256,339,116
651,255,332,119
633,251,332,119
614,246,332,119
612,244,326,119
597,242,320,119
583,245,320,114
567,247,319,121
560,258,313,116
553,262,319,113
556,263,313,111
556,262,313,113
567,263,313,111
568,262,312,118
572,275,319,116
581,282,313,111
587,283,313,109
590,282,307,111
586,286,307,113
584,288,301,113
570,290,307,113
577,292,295,113
572,296,295,113
571,296,289,118
571,302,289,116
580,303,283,114
577,312,289,116
589,324,277,114
584,325,277,112
584,326,277,110
581,325,283,112
584,319,277,108
583,309,288,108
586,302,293,106
576,296,311,106
583,290,317,106
591,283,324,102
593,279,330,102
593,279,330,102
600,268,343,106
612,269,343,104
613,270,350,102
624,269,343,104
632,269,329,108
640,276,328,103
640,285,328,103
636,294,328,103
628,298,322,105
623,310,322,103
603,322,328,101
592,331,327,105
590,344,320,105
589,345,314,103
588,346,307,105
594,349,295,107
584,351,295,107
587,347,290,103
593,339,279,103
596,331,273,103
599,324,268,101
628,317,233,99
626,310,228,95
619,302,233,99
603,302,248,99
605,304,243,95
587,308,258,91
574,307,274,93
572,314,279,89
572,324,279,84
573,332,279,87
587,343,268,87
596,355,262,87
604,366,257,87
640,376,219,85
595,384,251,85
598,389,236,85
593,395,236,85
579,402,231,83
571,402,231,83
563,402,231,83
562,397,226,84
560,395,222,84
564,392,218,79
562,387,214,77
560,381,210,79
560,379,206,79
553,372,206,79
553,368,202,79
568,362,182,79
567,358,178,77
560,357,185,77
554,356,189,79
554,356,189,79
551,357,196,77
541,357,208,77
545,360,208,77
543,363,212,72
548,363,212,73
548,361,212,73
544,357,212,76
551,357,207,76
549,354,211,80
555,355,207,78
554,357,215,78
556,355,219,78
564,351,219,76
572,347,219,79
582,342,214,81
580,343,218,83
580,345,218,81
582,347,214,81
582,349,214,81
584,350,210,82
586,350,206,82
586,349,206,84
594,351,198,84
592,352,202,86
588,355,210,84
592,357,210,77
595,358,205,75
599,356,205,75
601,357,209,72
595,356,213,72
600,354,213,74
602,352,209,75
617,353,196,74
615,353,200,74
614,357,203,75
614,361,203,76
638,366,183,76
637,367,186,79
641,368,186,77
644,368,186,78
644,365,193,78
644,364,193,80
649,363,197,82
662,359,193,82
659,352,197,84
664,351,197,87
662,344,201,87
664,341,205,84
662,338,209,80
658,341,209,76
656,343,213,76
663,346,213,73
670,347,213,73
672,348,209,71
674,349,213,72
675,350,217,73
679,355,217,70
679,358,217,73
679,362,217,74
680,361,217,77
680,361,217,77
684,363,217,75
684,366,216,75
695,364,212,77
704,362,208,77
713,359,204,79
714,354,207,81
719,350,206,84
721,351,210,82
737,352,202,80
746,351,198,81
751,355,194,83
756,357,198,83
776,361,190,83
772,362,205,81
775,363,213,79
776,362,218,79
784,360,218,76
775,360,226,76
769,361,231,75
759,363,236,75
756,366,236,75
755,376,231,74
743,379,231,75
731,381,236,75
725,383,231,77
727,377,222,82
726,375,218,82
725,375,214,82
719,374,218,84
717,368,222,86
720,365,226,88
729,368,217,86
728,367,226,88
732,368,226,86
734,365,230,88
734,368,230,86
730,368,239,84
728,366,244,82
726,366,249,82
724,372,254,77
714,372,264,77
717,370,269,77
717,370,269,77
720,370,274,77
723,370,279,77
729,370,279,77
726,370,285,77
732,371,285,77
741,371,279,77
741,373,279,77
764,369,258,86
762,368,263,88
765,365,258,91
765,361,258,91
762,356,263,93
762,354,263,93
765,355,258,91
771,356,248,93
764,361,253,91
753,360,258,89
741,355,263,87
721,348,274,82
709,340,279,84
702,334,285,86
702,335,285,84
694,334,290,85
697,335,284,83
697,335,284,83
700,335,278,87
695,340,278,84
720,340,251,88
720,340,251,88
723,339,256,90
731,341,251,87
735,341,251,91
742,342,256,96
756,346,256,100
766,351,266,98
780,349,266,102
797,348,271,100
808,349,276,98
826,351,276,94
833,349,282,94
834,355,288,90
828,359,300,86
825,360,306,84
819,362,318,85
816,361,324,87
816,357,323,91
823,356,322,93
823,356,322,93
809,355,328,95
801,356,322,93
797,355,321,95
787,356,315,93
760,357,315,91
742,358,309,89
729,357,315,91
729,358,315,89
716,358,328,93
716,358,328,93
719,353,322,99
726,352,309,93
713,350,315,93
709,350,315,93
708,350,309,93
695,350,315,93
679,350,334,93
680,348,333,97
691,350,320,93
695,344,333,97
709,341,340,99
720,338,340,101
724,338,333,105
722,342,339,101
716,349,339,105
717,351,339,101
706,351,339,101
700,350,339,103
700,350,339,103
711,350,339,103
691,350,360,103
707,351,353,101
726,351,353,101
756,348,332,103
761,349,332,101
761,349,332,101
758,348,339,103
747,346,339,103
739,345,332,105
744,346,325,107
744,350,325,107
741,358,331,105
738,371,324,97
721,378,344,93
707,384,358,93
704,393,365,89
704,401,365,84
704,404,365,84
704,408,365,87
708,412,358,85
705,413,365,86
710,423,358,89
715,425,365,91
716,428,364,93
737,430,350,89
731,435,364,86
722,443,371,89
722,443,371,89
726,443,364,92
725,434,357,101
703,431,363,103
684,432,363,101
676,432,356,101
653,434,356,101
637,435,356,99
621,436,356,97
613,438,349,93
594,442,356,97
584,442,370,101
588,447,363,99
589,457,363,101
586,456,370,103
591,455,362,105
599,452,362,107
612,451,362,109
624,449,369,113
640,451,361,113
652,440,361,116
654,442,368,112
655,441,367,114
663,436,367,119
647,437,374,121
641,439,374,121
622,428,373,114
581,413,379,118
550,399,379,116
503,386,387,116
456,377,386,112
401,381,378,110
323,385,362,107
256,392,376,109
227,393,375,111
198,398,375,105
169,405,374,103
139,404,373,105
119,407,380,107
94,406,380,109
73,403,380,111
50,393,372,116
42,378,351,120
21,366,344,125
1,355,331,123
1,345,293,125
1,339,249,125
1,319,203,125
1,297,150,130
1,290,87,130
0,0,0,0
0,0,0,0
0,0,0,0
0,0,0,0
0,0,0,0
0,0,0,0
0,0,0,0
0,0,0,0
0,0,0,0
0,0,0,0
0,0,0,0
0,0,0,0
0,0,0,0
0,0,0,0
0,0,0,0
0,0,0,0
0,0,0,0
0,0,0,0
0,0,0,0
0,0,0,0
0,0,0,0
0,0,0,0
0,0,0,0
0,0,0,0
0,0,0,0
0,0,0,0
0,0,0,0
0,0,0,0
0,0,0,0
0,0,0,0
0,0,0,0
0,0,0,0
0,0,0,0
0,0,0,0
0,0,0,0
0,0,0,0
0,0,0,0
0,0,0,0
0,0,0,0
0,0,0,0
0,0,0,0
0,0,0,0
0,0,0,0
0,0,0,0
0,0,0,0
0,0,0,0
0,0,0,0
0,0,0,0
0,0,0,0
0,0,0,0
0,0,0,0
0,0,0,0
0,0,0,0
0,0,0,0
0,0,0,0
0,0,0,0
0,0,0,0
0,0,0,0
0,0,0,0
0,0,0,0
0,0,0,0
0,0,0,0
0,0,0,0
0,0,0,0
0,0,0,0
0,0,0,0
0,0,0,0
0,0,0,0
0,0,0,0
0,0,0,0
0,0,0,0
0,0,0,0
0,0,0,0
0,0,0,0
0,0,0,0
1,355,83,84
1,357,136,77
1,362,184,78
31,367,202,76
75,375,206,72
129,376,206,74
177,376,198,72
219,374,194,71
271,366,186,74
316,364,186,70
352,358,186,72
383,353,194,72
421,346,186,72
443,341,198,72
471,336,190,68
494,330,183,67
503,323,190,64
513,317,183,63
517,309,198,63
522,299,194,67
529,295,194,64
525,291,194,63
525,290,194,63
522,280,194,66
522,280,194,66
529,283,194,65
538,287,190,62
546,293,186,60
556,293,186,64
569,300,186,60
588,301,182,64
593,303,185,63
593,305,185,61
588,306,188,62
592,306,188,65
591,305,196,67
595,308,196,65
595,309,196,68
598,312,196,70
609,313,196,72
614,312,200,72
616,310,204,74
614,311,200,73
621,310,200,73
620,310,208,73
620,309,208,74
609,308,216,74
614,307,212,74
615,303,216,74
615,302,216,74
608,303,221,73
608,308,221,69
608,309,225,69
606,309,230,70
604,309,235,71
609,309,235,72
622,309,226,72
624,309,231,72
622,308,236,73
630,308,231,74
628,309,235,73
628,305,235,76
636,304,230,78
636,304,230,78
635,303,234,81
645,301,225,85
639,308,230,82
639,310,230,82
639,309,230,84
639,309,230,84
639,310,230,86
644,311,230,88
638,308,234,89
634,309,234,91
628,312,238,89
619,313,247,87
622,309,242,91
616,308,247,93
613,307,247,91
609,308,247,89
609,308,247,89
609,306,247,93
607,307,242,91
605,307,247,91
613,306,242,93
613,306,242,93
623,307,232,91
623,307,232,91
626,310,227,93
633,311,223,99
632,315,227,95
628,316,227,101
621,320,232,101
621,319,232,103
621,323,232,103
609,325,246,107
618,322,241,109
622,322,241,109
620,321,246,111
624,326,240,109
634,326,230,109
632,325,235,111
635,326,230,109
623,325,238,111
614,324,248,113
609,322,247,109
602,323,252,107
605,326,247,109
598,323,252,116
606,320,247,118
607,320,247,118
608,317,247,120
606,314,252,122
604,314,257,122
601,314,262,122
601,314,262,122
609,314,257,122
601,316,262,122
606,317,262,124
609,319,257,124
602,320,262,122
600,319,267,124
604,317,261,129
601,317,266,129
601,317,266,129
588,321,271,126
580,326,276,131
575,326,276,131
562,331,281,133
554,334,287,133
543,336,287,130
538,334,287,135
529,330,293,137
532,324,288,132
526,317,288,134
526,309,288,133
517,301,294,133
511,293,294,133
515,290,288,135
506,290,294,135
500,293,294,135
503,291,288,135
500,297,293,135
492,295,298,141
501,294,292,144
498,293,298,147
495,292,304,150
492,292,310,150
498,291,310,153
495,290,316,156
495,293,316,156
486,293,322,156
486,293,322,156
486,293,322,156
486,293,322,156
486,293,322,156
486,293,322,156
496,293,316,169
493,292,322,172
490,291,328,175
491,298,328,175
491,296,328,179
488,303,335,179
485,305,342,190
478,305,342,190
468,302,349,198
455,292,362,202
440,292,362,202
433,286,377,198
414,280,385,202
404,268,392,210
392,264,400,210
372,262,408,214
372,258,408,214
360,254,416,206
361,254,415,206
361,254,415,206
361,254,415,206
357,254,423,206
361,254,431,206
361,254,431,206
373,256,423,202
364,262,440,198
360,262,449,198
365,264,440,194
366,270,439,198
359,268,439,194
351,272,439,194
334,280,439,194
331,286,430,198
311,294,438,183
308,294,429,183
292,294,429,183
286,295,428,190
274,293,436,194
271,285,427,202
271,285,427,202
271,285,427,202
275,283,418,198
288,279,410,198
284,279,418,198
284,275,418,198
297,263,410,198
274,263,426,198
274,263,426,198
274,263,426,198
278,263,435,198
270,265,434,194
264,269,434,202
257,282,434,202
253,286,425,194
250,294,433,187
246,302,424,195
244,300,415,199
244,300,415,199
257,296,406,199
249,286,422,203
259,272,421,199
267,262,421,195
279,258,429,203
296,254,429,203
308,252,438,207
321,252,447,207
326,248,456,207
322,250,465,203
336,242,455,220
336,238,473,220
342,236,463,224
342,236,463,224
351,236,463,224
356,236,472,224
356,236,472,224
365,236,472,224
366,234,471,228
376,232,470,233
376,232,470,233
390,230,461,228
386,221,470,228
378,217,469,219
378,209,469,210
370,199,468,214
362,193,468,218
350,191,476,222
346,192,466,222
333,190,475,226
328,192,466,222
319,205,466,213
319,208,466,218
310,214,466,214
310,220,466,210
315,226,457,206
315,226,457,206
315,226,457,206
315,226,457,206
316,230,457,206
316,234,457,206
316,234,457,206
316,232,457,210
316,228,457,210
317,230,457,206
321,230,448,206
321,232,448,210
326,232,439,210
335,232,439,210
335,236,439,210
344,238,439,214
353,244,439,210
362,244,439,210
354,246,439,206
367,250,430,206
367,248,430,210
367,248,429,210
363,250,438,206
351,246,446,206
351,246,446,206
344,236,445,219
331,234,453,215
327,224,462,219
323,218,471,223
319,216,480,227
319,214,480,232
315,214,489,232
300,217,499,228
305,217,509,228
300,219,519,224
295,219,529,224
285,219,529,224
280,219,540,224
270,226,540,219
263,222,539,219
261,218,528,219
252,216,528,223
237,225,539,215
238,229,539,207
233,227,528,220
217,231,539,220
223,237,528,216
228,235,539,220
233,233,528,224
233,231,528,228
244,224,528,233
244,224,528,233
244,224,528,233
245,224,528,233
250,222,517,228
260,222,517,228
255,222,527,228
271,222,516,228
271,222,516,228
271,227,516,228
271,227,516,228
271,232,516,228
266,230,526,233
282,228,515,228
282,223,515,228
282,223,515,228
282,221,515,233
176,221,619,233
170,221,631,233
189,221,618,233
183,221,630,233
183,233,630,228
183,235,630,224
190,247,618,228
178,249,618,233
173,254,605,233
162,259,606,224
158,268,594,224
137,275,594,220
128,264,594,224
125,255,582,220
104,240,582,216
102,229,569,221
97,224,581,221
97,224,581,221
91,224,593,221
97,233,581,221
97,242,581,221
114,242,569,230
115,245,569,235
132,255,557,226
132,260,580,226
144,258,580,231
138,256,592,236
150,258,592,231
150,259,592,231
156,262,580,235
162,263,569,235
162,261,569,239
162,261,569,239
162,266,569,239
162,259,569,244
162,259,569,244
162,259,569,244
168,262,558,239
168,264,558,244
174,269,547,244
190,269,536,244
190,274,536,244
217,274,504,244
222,282,494,239
222,284,494,234
222,286,494,229
227,287,484,220
232,283,474,211
233,275,473,220
225,273,472,216
230,269,462,216
222,265,462,216
227,271,453,204
219,269,453,208
219,261,453,216
206,254,462,221
206,256,462,225
206,258,462,230
211,258,471,230
221,268,471,230
222,269,471,230
218,274,481,230
223,282,472,225
223,284,472,221
214,288,491,213
229,286,481,209
229,273,481,217
234,273,471,217
239,275,462,213
235,269,471,217
231,270,480,217
232,266,479,226
227,264,489,231
222,264,499,231
222,262,498,235
212,258,518,244
222,261,518,230
228,266,528,230
224,269,517,226
224,269,517,226
224,274,517,217
234,276,497,213
234,282,497,209
239,280,487,205
244,282,477,201
248,274,506,209
253,276,496,205
277,288,486,197
282,290,476,193
287,292,467,189
297,294,449,185
310,294,440,185
319,294,423,185
335,296,407,181
335,296,407,188
339,298,399,184
366,296,376,180
374,294,376,176
382,296,361,173
393,296,354,173
403,300,333,166
413,305,314,156
428,307,296,147
440,311,285,139
446,314,274,134
457,317,263,129
457,320,253,119
469,327,238,109
477,331,233,105
487,332,223,103
494,335,210,97
505,337,214,93
526,338,190,91
530,342,183,84
541,345,169,81
542,345,169,78
547,346,159,76
555,350,150,69
558,352,144,66
569,354,133,63
575,353,123,61
576,354,128,59
581,357,125,56
584,358,120,54
589,360,115,50
591,361,111,48
591,361,111,48
594,362,109,47
594,362,113,48
597,362,111,47
604,363,109,42
606,362,105,41
608,362,105,41
608,363,105,41
608,363,109,41
608,363,109,42
607,363,111,43
606,363,113,44
612,361,106,45
612,361,106,45
612,361,106,46
613,361,115,47
617,359,111,49
622,358,109,50
623,355,107,50
625,355,107,50
627,355,107,50
627,350,116,50
626,342,118,53
624,343,118,54
626,343,116,53
627,340,113,54
626,340,115,55
628,345,111,50
629,347,109,51
631,349,105,49
620,350,111,51
604,353,114,49
591,356,110,47
568,360,110,45
544,365,108,44
508,368,112,46
452,368,112,46
394,378,111,46
330,387,113,47
271,384,115,48
208,384,113,47
129,385,115,49
55,393,113,48
1,400,91,49
1,406,13,27
0,0,0,0
0,0,0,0
0,0,0,0
0,0,0,0
0,0,0,0
0,0,0,0
0,0,0,0
0,0,0,0
0,0,0,0
0,0,0,0
0,0,0,0
0,0,0,0
0,0,0,0
0,0,0,0
0,0,0,0
0,0,0,0
0,0,0,0
0,0,0,0
0,0,0,0
0,0,0,0
0,0,0,0
0,0,0,0
0,0,0,0
0,0,0,0
0,0,0,0
0,0,0,0
0,0,0,0
0,0,0,0
0,0,0,0
0,0,0,0
0,0,0,0
0,0,0,0
0,0,0,0
0,0,0,0
0,0,0,0
0,0,0,0
0,0,0,0
0,0,0,0
0,0,0,0
0,0,0,0
0,0,0,0
0,0,0,0
0,0,0,0
0,0,0,0
0,0,0,0
0,0,0,0
0,0,0,0
0,0,0,0
0,0,0,0
0,0,0,0
0,0,0,0
0,0,0,0
0,0,0,0
0,0,0,0
0,0,0,0
0,0,0,0
0,0,0,0
0,0,0,0
0,0,0,0
0,0,0,0
0,0,0,0
0,0,0,0
0,0,0,0
0,0,0,0
0,0,0,0
0,0,0,0
0,0,0,0
0,0,0,0
0,0,0,0
0,0,0,0
0,0,0,0
0,0,0,0
0,0,0,0
0,0,0,0
41,449,90,49
124,458,92,50
179,461,96,43
225,446,94,45
268,436,92,45
299,414,94,45
319,406,96,44
332,406,88,43
336,406,88,43
339,399,88,43
340,400,92,43
336,410,100,45
339,419,98,44
343,421,100,43
355,410,98,42
363,399,100,44
369,396,100,42
376,391,98,42
383,388,98,42
387,386,98,42
395,389,96,43
401,396,98,44
408,398,104,46
411,399,106,45
408,399,108,45
410,401,108,43
417,399,112,42
423,396,108,40
422,387,114,42
420,380,119,42
417,375,122,44
416,374,130,46
416,372,130,45
419,366,130,47
424,363,130,47
427,364,127,45
434,362,122,44
435,361,126,45
436,360,129,45
443,357,129,45
450,361,121,43
454,361,121,43
458,361,121,43
460,360,126,45
458,362,121,46
454,362,121,46
455,365,124,45
459,363,122,47
460,363,124,47
458,362,124,45
457,363,126,44
458,363,129,44
454,363,137,44
457,364,137,43
457,363,143,46
446,363,171,47
447,359,177,48
449,360,174,47
453,352,181,53
455,351,184,57
459,351,184,57
463,350,184,58
472,351,180,57
483,350,173,57
481,350,176,57
490,352,173,58
489,352,176,59
489,352,176,61
487,348,180,62
491,348,180,63
489,348,184,64
489,348,184,65
487,350,188,70
487,350,188,71
485,350,192,72
483,350,196,73
487,350,196,74
493,350,192,75
491,353,196,72
489,353,200,73
487,350,204,74
485,352,208,75
487,353,212,77
487,355,212,77
489,357,216,77
481,359,234,80
512,364,211,78
525,367,207,76
528,370,215,77
534,369,219,79
540,369,223,79
550,368,227,81
560,367,232,83
568,363,232,85
574,362,237,87
581,362,232,87
583,363,237,89
593,362,228,91
593,362,228,91
589,363,228,93
583,362,233,95
579,360,233,95
575,358,233,99
574,359,228,97
559,360,242,99
557,360,247,103
558,359,247,105
568,360,237,103
566,355,242,109
564,354,247,111
565,350,247,115
573,350,242,115
568,348,252,115
566,350,257,115
593,348,237,123
591,354,251,121
612,360,240,120
624,362,245,122
638,367,254,122
657,374,264,127
701,381,259,127
731,386,258,132
752,393,268,132
773,400,279,134
805,403,279,134
854,404,268,134
889,405,263,139
913,407,268,137
