296,180,540,532
296,180,519,540
296,180,519,540
296,180,519,540
296,180,529,540
296,180,529,540
296,180,529,540
296,180,529,540
296,180,529,540
296,180,529,540
296,180,529,540
296,180,529,540
296,180,529,540
296,180,518,540
296,180,528,540
296,180,528,540
296,180,528,540
296,180,528,540
285,180,528,540
296,180,528,540
296,169,528,551
296,169,528,551
296,169,528,551
296,169,528,551
296,169,528,551
296,169,528,551
296,169,528,551
296,169,528,551
296,169,528,551
296,169,528,551
296,169,528,551
296,169,528,551
296,169,528,551
296,169,528,551
296,158,528,562
296,158,528,562
296,158,528,562
296,147,560,573
296,147,560,573
296,147,560,573
296,147,560,573
296,147,560,573
296,147,560,573
296,136,560,584
296,136,560,584
296,136,571,584
296,124,571,596
296,124,571,596
296,124,571,596
285,124,560,596
285,124,560,596
285,124,560,596
285,124,560,596
285,112,560,608
285,112,571,608
285,112,582,608
285,112,582,608
285,112,582,608
285,100,593,620
273,100,605,620
273,100,605,620
273,100,605,620
273,100,593,620
250,100,580,620
250,88,557,620
250,88,557,632
245,82,557,638
245,82,557,638
240,76,557,644
235,70,568,650
230,64,579,656
202,1,544,719
218,32,555,688
207,1,554,719
182,1,565,719
168,1,565,719
168,1,565,719
168,1,565,708
168,1,565,712
213,1,532,719
224,1,532,719
237,1,532,719
272,1,521,719
318,1,500,719
332,1,510,719
336,1,520,719
336,1,541,719
336,1,563,719
347,1,563,719
347,1,574,719
347,1,574,719
347,1,574,719
347,1,585,719
347,1,585,719
347,1,585,719
347,1,585,719
347,1,573,719
347,1,562,719
347,1,562,719
336,1,573,719
347,1,562,719
347,1,562,719
336,1,573,719
336,1,573,719
325,1,584,719
313,1,584,719
313,1,584,719
313,1,572,708
313,1,549,712
313,1,527,687
318,1,497,656
347,1,459,636
356,1,441,613
387,1,406,597
413,1,381,587
438,1,358,590
435,1,372,584
450,1,372,584
457,1,379,584
461,7,403,573
465,2,419,584
469,1,445,592
464,1,491,597
469,1,531,602
469,1,586,602
469,1,586,602
469,1,563,602
458,1,574,590
458,1,563,590
464,1,563,596
464,1,563,596
464,1,552,596
464,1,552,596
464,1,552,596
464,1,552,596
464,1,552,596
464,1,552,596
464,1,552,596
464,1,552,608
464,1,552,620
475,1,541,620
475,1,541,632
367,1,659,632
367,1,659,645
367,1,659,645
367,1,659,658
367,1,659,658
367,1,659,671
367,1,646,671
367,1,646,671
367,1,646,671
367,1,646,671
367,1,646,671
367,1,633,671
361,1,633,663
348,1,646,649
342,1,633,642
329,1,646,629
329,1,646,629
329,1,633,616
329,1,633,616
316,1,646,604
316,1,646,604
316,1,646,592
316,1,659,580
316,1,686,568
316,1,699,556
444,1,594,534
450,1,594,528
456,1,606,522
444,1,618,501
444,1,618,481
419,1,630,471
394,1,655,471
394,1,655,452
394,1,655,443
394,1,668,425
394,1,654,425
407,1,641,392
420,1,640,384
420,1,627,384
433,1,614,369
433,1,614,369
433,1,614,369
440,1,626,372
440,1,639,387
453,1,626,419
453,1,626,427
478,1,601,444
478,1,589,462
478,1,589,490
478,1,589,510
478,1,589,520
478,1,589,530
478,1,589,541
478,1,589,541
490,1,577,552
490,1,577,563
490,1,577,563
490,1,577,563
490,1,577,563
490,1,577,574
490,1,577,574
490,1,577,574
490,1,577,574
502,1,565,574
502,1,576,574
502,1,576,562
514,1,564,562
514,1,564,562
514,1,564,551
514,1,564,551
503,1,575,551
503,1,575,551
503,1,575,551
471,1,610,551
471,1,610,551
471,1,610,551
471,1,610,551
471,1,610,551
471,1,622,551
471,1,622,562
434,1,660,562
408,1,687,573
394,1,700,573
394,1,700,573
394,1,714,573
380,1,728,584
365,1,743,584
358,1,743,591
343,1,758,579
343,1,758,579
343,1,758,591
343,1,758,591
343,1,758,591
343,1,743,591
343,1,743,591
343,1,743,591
343,1,743,591
343,1,743,591
343,1,728,591
343,1,728,591
343,1,728,591
343,1,728,579
358,1,713,579
358,1,713,579
358,1,699,579
358,1,713,579
358,1,713,579
358,1,713,579
358,1,699,579
372,1,699,579
372,1,698,579
372,1,698,579
372,1,698,579
372,1,698,579
372,1,698,579
372,1,684,639
385,1,657,665
385,1,657,678
398,1,644,692
398,1,644,692
398,1,631,706
398,1,631,706
398,1,631,706
411,1,618,706
411,1,618,706
423,1,605,706
423,1,605,719
423,1,605,719
423,1,605,719
423,1,593,719
423,1,593,719
423,1,593,719
423,1,581,719
423,1,581,719
423,1,569,719
423,1,569,719
423,1,557,719
423,1,546,719
423,1,557,719
423,1,557,719
423,1,546,719
423,1,546,719
423,1,546,719
423,1,546,719
423,1,546,719
423,1,546,719
423,1,546,719
423,1,546,719
423,1,546,719
434,1,535,719
434,1,535,719
434,1,535,719
434,1,535,719
445,1,524,719
445,1,524,719
445,1,524,719
455,1,524,719
455,1,524,719
465,1,514,705
465,1,514,705
465,1,514,704
465,1,514,704
475,1,504,690
470,1,514,683
470,1,514,683
480,1,504,669
480,1,504,656
480,1,504,656
490,1,504,643
490,1,504,643
490,1,504,630
500,1,494,630
500,1,504,630
500,1,504,630
500,1,504,630
500,1,494,617
500,1,494,617
500,1,504,617
500,1,504,617
505,1,514,623
505,1,514,623
505,1,514,623
505,1,535,635
527,1,524,635
527,1,524,635
527,1,524,648
522,1,556,654
533,1,556,654
544,1,556,654
544,1,556,654
544,1,556,667
555,1,545,667
555,1,545,667
544,1,556,667
544,1,578,667
544,1,578,667
544,1,590,667
544,1,590,667
544,1,590,667
544,1,590,667
556,1,590,667
580,1,566,667
580,1,566,667
569,1,577,667
569,1,577,667
569,1,577,667
569,1,589,667
569,1,589,667
569,1,589,654
581,1,589,654
593,1,577,654
593,1,589,654
593,1,589,667
593,1,589,667
337,1,858,667
337,1,858,680
346,1,840,687
363,1,840,700
363,1,840,700
380,1,823,714
380,1,823,714
396,1,806,714
396,1,806,714
412,1,774,714
412,1,774,714
427,1,758,714
427,1,758,714
427,1,758,714
412,1,758,714
412,1,758,714
397,1,758,714
397,1,743,714
397,1,743,714
397,1,743,714
382,1,743,714
382,1,743,714
397,1,743,714
397,1,743,714
397,1,743,714
397,1,743,714
397,1,743,714
397,1,728,714
397,1,728,714
397,1,728,714
397,1,728,714
397,1,727,700
397,1,712,700
383,1,726,686
383,1,726,686
383,1,725,685
383,1,725,671
383,1,711,658
383,1,711,645
383,1,711,645
397,1,711,645
397,1,711,632
397,1,711,632
405,1,711,625
413,1,711,618
421,1,725,611
429,1,725,605
437,1,740,599
460,1,739,581
468,1,739,575
468,1,739,575
468,1,754,575
468,1,754,575
468,1,754,575
483,1,754,575
491,1,754,582
499,1,754,589
499,1,769,589
507,1,769,594
515,1,754,588
515,1,754,588
530,1,739,588
530,1,739,588
537,1,740,593
537,1,740,593
545,1,735,598
552,1,728,591
559,1,721,596
566,1,714,602
573,1,707,596
573,1,707,596
573,1,707,596
573,1,707,608
573,1,707,608
573,1,707,608
580,7,700,596
580,1,700,602
594,1,686,602
594,1,686,590
601,1,679,572
601,1,679,572
601,1,679,561
601,1,679,550
601,1,679,550
615,1,665,550
615,1,665,539
615,1,665,539
615,1,665,539
628,1,652,539
628,1,652,528
628,1,652,539
628,1,652,539
628,1,652,539
628,1,652,539
628,1,652,539
628,1,652,550
641,1,639,561
641,1,639,561
641,1,639,584
641,1,639,583
635,1,645,601
635,1,645,613
629,1,651,619
629,1,651,619
616,1,664,619
610,1,670,625
604,1,676,618
597,1,683,611
590,1,690,617
583,1,697,610
576,1,704,604
557,1,723,598
543,1,737,586
544,1,736,598
529,1,751,610
529,1,751,623
522,1,758,631
530,1,750,637
523,1,757,656
523,1,757,656
523,1,757,656
516,1,764,663
524,1,756,670
532,1,748,678
547,1,733,679
547,1,733,680
561,1,719,680
575,1,705,695
582,1,698,688
589,1,691,695
596,1,684,702
590,1,690,695
597,1,683,702
591,1,689,709
598,1,682,702
611,1,669,718
618,1,662,719
625,1,655,719
632,1,648,719
639,1,641,719
646,1,634,719
652,1,628,719
658,1,622,719
658,1,622,719
658,1,622,719
670,1,610,719
670,1,610,719
670,1,610,719
670,1,610,719
670,1,610,719
670,1,610,719
670,1,610,719
658,1,622,719
646,1,634,719
633,1,647,719
633,1,647,719
620,1,660,719
607,1,673,719
607,1,673,719
594,1,686,719
594,1,686,719
581,1,699,719
581,1,699,719
588,1,692,719
607,1,673,719
633,1,647,719
665,1,615,719
703,1,577,719
745,1,535,719
778,1,502,719
821,1,459,719
850,1,430,719
885,1,395,719
915,1,365,719
933,1,347,719
951,1,329,719
972,1,308,719
972,1,308,719
975,1,305,719
975,1,305,719
975,1,305,719
975,1,305,719
963,1,317,719
950,1,330,719
936,1,344,719
915,1,365,719
900,1,380,719
886,1,394,719
864,1,416,719
842,1,438,719
819,1,461,719
796,1,484,719
772,1,508,719
748,1,532,719
724,1,556,719
699,1,578,719
674,1,606,719
649,1,631,719
636,1,644,719
623,1,657,719
610,1,670,719
597,1,683,719
597,1,683,719
583,1,697,719
583,1,697,705
576,1,704,712
576,1,704,712
576,1,704,712
562,1,718,712
562,1,718,712
562,1,718,712
562,1,718,712
562,1,718,712
562,1,718,712
562,1,718,698
584,1,696,691
591,1,689,684
591,1,689,670
612,1,668,662
620,1,660,655
620,1,660,655
627,1,653,662
634,8,646,649
646,1,634,632
645,1,609,601
637,1,529,560
643,1,441,526
574,1,477,521
556,1,477,506
546,1,477,506
542,1,449,496
534,1,440,491
535,2,423,491
522,1,431,497
522,1,422,497
522,1,422,497
522,1,422,497
522,1,422,497
522,1,430,497
522,1,430,497
522,1,439,497
531,1,430,497
531,1,430,497
531,1,430,497
531,1,430,497
531,1,430,497
531,1,430,497
531,1,430,497
531,1,430,497
531,1,430,497
531,1,430,497
523,1,430,487
523,1,430,497
514,1,430,487
505,1,439,487
505,1,439,487
505,1,439,497
505,1,439,497
514,1,430,497
514,1,430,497
514,1,439,497
523,1,430,497
532,1,430,497
536,1,430,492
541,1,430,487
555,1,430,482
555,1,430,472
555,1,430,472
555,1,430,463
551,1,430,458
547,1,430,453
543,1,430,447
544,1,421,438
536,1,420,438
535,1,404,425
539,1,388,417
527,1,388,417
511,1,395,413
496,1,395,421
488,1,403,429
480,1,411,429
480,1,411,438
480,1,411,438
464,1,419,447
464,1,419,447
464,1,427,447
464,1,427,447
464,1,427,447
455,1,427,456
455,1,427,456
455,1,427,456
455,1,427,456
455,1,427,456
455,1,427,456
455,1,427,456
455,1,427,456
455,1,427,456
455,1,427,456
455,1,427,456
464,1,427,447
464,1,427,438
473,1,418,447
465,1,426,438
474,1,417,438
474,1,417,438
474,1,417,438
474,1,417,438
474,1,417,438
474,1,417,438
482,1,417,429
482,1,417,429
482,1,417,438
482,1,417,438
482,1,417,438
482,1,417,438
482,1,417,438
482,1,417,438
482,1,417,438
482,1,425,438
482,1,425,438
482,1,425,438
482,1,425,438
482,1,425,438
482,1,425,438
482,1,425,438
482,1,425,438
482,1,425,438
482,1,425,438
482,1,425,438
482,1,425,438
482,1,425,438
482,1,425,438
482,1,425,438
482,1,425,438
482,1,425,438
482,1,425,438
482,1,425,438
482,1,425,438
482,1,425,438
482,1,425,438
482,1,425,438
482,1,425,438
482,1,425,438
482,1,417,438
482,1,409,429
474,1,417,429
466,1,417,429
466,1,417,429
466,1,417,429
466,1,417,429
466,1,417,429
466,1,417,429
466,1,417,429
466,1,417,429
466,1,417,429
466,1,417,438
466,1,417,438
466,1,417,438
466,1,417,438
466,1,425,438
466,1,425,438
466,1,417,438
466,1,417,438
466,1,417,438
466,1,417,447
466,1,417,447
466,1,417,447
466,1,417,456
466,1,425,456
466,1,425,456
466,1,425,456
475,1,417,456
475,1,417,456
475,1,417,456
475,1,417,456
475,1,417,456
475,1,417,456
475,1,417,456
475,1,417,456
467,1,425,456
467,1,425,456
467,1,425,456
467,1,425,456
467,1,425,456
467,1,425,456
467,1,425,456
467,1,425,456
467,1,425,456
467,1,425,456
467,1,425,456
467,1,425,456
467,1,425,456
467,1,425,456
467,1,425,456
467,1,425,456
467,1,425,456
467,1,425,465
467,1,425,474
467,1,425,474
467,1,425,474
467,1,425,483
467,1,425,483
467,1,425,493
467,1,417,493
467,1,417,503
467,1,417,503
467,1,417,503
467,1,417,503
459,1,417,503
459,1,417,503
459,1,417,503
459,1,417,493
459,1,417,493
459,1,417,493
459,1,417,493
451,1,425,493
451,1,425,493
451,1,425,493
451,1,425,493
451,1,425,483
451,1,417,483
451,1,417,464
451,1,417,464
451,1,417,464
451,1,417,464
443,1,417,455
443,1,417,446
443,1,417,437
443,1,417,437
443,1,417,437
443,1,417,428
443,1,417,428
443,1,417,428
443,1,417,419
443,1,417,419
443,1,417,419
443,1,417,411
443,1,417,411
443,1,417,411
443,1,417,411
443,1,425,411
443,1,425,411
443,1,425,411
443,1,425,403
443,1,425,403
443,1,434,403
443,1,434,403
443,1,434,395
443,1,434,403
443,1,434,403
443,1,434,403
443,1,434,403
443,1,434,403
443,1,434,403
443,1,434,403
443,1,434,403
443,1,434,403
443,1,434,403
443,1,434,403
443,1,434,403
443,1,434,403
443,1,434,403
443,1,434,403
443,1,434,411
434,1,434,411
434,1,443,411
434,1,443,411
434,1,443,411
434,1,443,411
434,1,443,411
443,1,434,411
434,1,434,411
434,1,434,411
434,1,434,411
434,1,434,411
434,1,434,411
425,1,434,411
425,1,452,419
425,1,452,419
425,1,452,419
425,1,452,419
425,1,452,419
425,1,452,419
412,1,461,432
408,1,470,436
404,1,460,431
395,1,460,431
378,14,478,423
373,19,488,422
368,24,488,430
363,29,488,430
363,39,488,412
353,57,498,404
343,66,497,411
333,75,507,411
334,84,506,403
324,101,526,402
314,118,536,393
303,126,535,393
298,139,535,392
287,155,546,384
282,175,557,376
271,183,568,376
271,191,568,376
260,199,579,376
260,207,579,368
260,222,579,361
254,226,579,360
249,230,568,360
227,237,579,360
216,244,579,360
216,251,580,360
204,265,580,353
204,279,580,346
216,300,580,339
217,307,580,339
223,318,569,339
229,322,569,339
229,336,569,332
218,336,580,332
212,340,580,332
201,348,591,331
189,356,590,330
177,371,601,329
165,395,600,315
159,415,600,302
142,435,600,284
131,458,600,262
114,478,612,242
92,500,624,220
84,517,623,203
63,538,635,182
50,559,635,161
44,584,635,136
25,608,648,112
19,646,345,74
13,678,287,42
0,0,0,0
0,0,0,0
0,0,0,0
0,0,0,0
0,0,0,0
0,0,0,0
0,0,0,0
0,0,0,0
0,0,0,0
0,0,0,0
0,0,0,0
0,0,0,0
0,0,0,0
0,0,0,0
0,0,0,0
0,0,0,0
0,0,0,0
66,690,246,30
81,654,319,66
81,616,389,104
105,581,620,139
117,545,620,175
111,506,632,214
124,488,632,232
142,454,620,266
154,426,620,294
166,402,620,300
178,379,620,306
190,367,620,300
190,344,620,306
202,332,620,306
208,323,620,300
222,318,619,294
228,298,619,306
229,292,618,299
229,286,618,299
229,274,630,305
229,274,630,293
229,268,630,293
229,268,630,293
229,262,630,293
229,262,630,293
229,262,630,293
229,262,630,293
229,262,630,293
229,262,630,293
229,262,630,293
229,262,617,293
229,262,617,287
229,256,617,293
217,256,629,293
217,250,629,293
217,250,629,293
217,250,629,293
217,250,629,287
217,250,629,287
217,250,629,287
204,244,629,287
204,244,628,287
204,244,628,293
204,238,628,293
204,238,628,293
204,238,628,293
204,238,628,293
204,238,628,293
204,238,628,293
204,238,641,293
204,232,641,293
204,232,641,293
204,226,641,299
217,226,628,299
217,226,628,299
217,226,628,299
217,226,628,299
217,226,628,305
217,226,640,305
217,226,640,305
217,232,640,305
217,232,640,305
217,232,640,305
217,232,640,305
217,238,640,299
217,238,640,299
217,238,640,305
217,238,627,305
217,238,627,305
217,238,627,305
204,238,640,305
204,238,627,305
204,238,627,305
204,238,627,305
204,238,614,305
192,238,626,305
192,238,613,305
192,238,613,305
192,250,613,293
192,250,613,293
192,250,613,293
192,250,601,293
204,250,589,299
204,250,589,299
204,250,589,299
204,250,589,305
216,250,577,305
216,250,577,305
222,247,566,311
228,250,566,311
234,247,555,311
240,244,555,317
246,241,555,324
241,231,555,331
252,231,555,331
252,231,555,331
252,231,544,324
252,231,544,324
252,225,544,330
252,225,544,337
252,225,544,337
252,225,544,337
252,225,544,337
263,225,533,337
263,225,533,337
263,225,533,337
263,225,533,337
263,225,533,337
263,225,533,337
263,225,533,344
263,225,533,351
263,218,533,358
263,218,533,358
263,218,533,365
274,218,512,372
274,218,512,372
274,218,512,372
274,211,512,379
274,211,512,379
274,211,512,387
274,211,512,387
274,211,502,387
274,211,502,395
274,211,502,395
284,211,482,395
284,211,482,395
284,211,482,403
284,211,491,403
284,203,491,403
284,203,491,411
284,203,491,411
284,203,491,411
284,203,491,419
284,203,491,419
284,203,491,411
284,203,491,411
284,195,491,419
284,187,491,427
294,187,491,427
294,187,491,427
299,191,481,419
313,187,481,419
318,191,481,419
318,183,491,427
318,183,491,427
318,174,491,427
318,174,491,427
318,174,491,427
318,174,481,427
318,174,481,427
318,174,481,427
308,174,481,427
308,174,481,427
308,174,481,427
308,174,481,418
308,182,481,410
308,182,481,410
308,182,481,410
308,182,490,410
318,182,480,410
318,182,480,402
308,174,490,410
318,174,480,410
318,174,480,410
318,174,480,418
318,174,480,418
318,174,490,418
318,174,490,418
318,174,490,418
318,174,490,418
318,174,490,418
318,174,490,410
318,174,490,410
318,174,490,402
318,174,500,402
318,174,510,394
318,174,510,394
318,174,520,394
318,174,530,386
318,174,530,378
318,174,530,378
318,182,541,363
318,182,541,356
318,182,552,349
318,182,552,335
318,182,563,335
318,182,574,322
318,182,574,316
318,182,574,310
318,182,585,304
318,182,585,304
318,182,597,304
318,188,597,304
318,188,597,304
318,188,597,304
318,194,597,298
318,200,597,292
318,200,597,286
306,200,609,286
306,200,597,286
306,200,597,286
306,194,597,298
306,194,597,298
306,194,597,298
306,194,597,298
306,194,597,298
306,194,597,298
306,194,597,298
306,194,597,298
306,194,597,292
306,194,597,292
306,194,597,292
306,194,597,298
306,200,597,292
306,200,597,292
306,200,597,292
306,206,597,292
306,206,597,286
306,206,597,286
306,206,597,286
306,206,597,286
306,206,597,286
306,206,597,286
306,206,597,286
306,206,597,286
306,206,597,286
306,206,597,292
306,206,597,292
306,206,609,292
306,206,609,292
318,206,597,292
318,206,597,292
318,206,597,292
306,206,597,292
306,206,597,292
306,206,597,292
306,206,597,292
306,206,609,292
306,206,609,292
306,206,609,292
306,206,609,292
306,206,609,292
306,206,609,292
306,206,609,292
306,212,609,292
306,212,609,292
306,212,609,292
306,212,609,292
306,218,609,286
306,218,609,286
306,218,609,286
306,218,609,286
306,218,609,286
306,218,609,286
306,218,609,286
306,218,609,286
306,218,609,286
306,218,609,286
306,218,609,286
306,218,609,286
306,218,609,286
306,218,609,286
306,218,609,286
318,218,597,286
318,218,597,286
318,218,597,286
318,218,597,286
318,218,597,286
318,218,597,286
318,218,597,286
318,218,597,286
318,218,597,286
318,218,597,286
318,218,597,286
318,218,597,286
318,218,597,286
318,218,597,286
318,218,597,286
318,218,597,286
318,218,597,286
318,218,597,286
318,218,597,286
318,218,597,286
318,218,597,286
306,218,597,286
306,218,597,286
306,218,597,286
306,218,597,286
306,218,597,286
306,212,597,292
318,212,585,292
318,212,585,292
318,212,585,292
318,212,585,292
318,212,585,292
318,212,597,292
318,212,597,292
318,212,597,286
318,212,597,280
318,212,597,297
318,212,597,309
318,212,597,321
318,212,597,327
318,212,597,327
318,212,597,334
318,212,597,334
318,212,597,334
318,212,597,334
318,212,597,327
318,212,597,320
306,206,597,326
306,206,609,326
306,206,609,319
306,206,609,313
306,206,609,301
306,206,609,295
306,206,609,289
306,206,609,289
306,206,609,289
306,206,609,283
306,200,609,283
294,189,621,294
294,183,621,294
294,183,621,300
294,177,621,300
294,171,621,300
294,171,621,300
294,171,621,300
294,171,621,306
294,165,621,312
294,159,621,312
294,159,621,312
294,159,621,318
294,159,621,318
294,159,621,318
294,159,621,318
294,159,621,318
294,159,621,318
294,159,621,318
294,159,621,324
282,159,633,324
282,159,633,324
282,159,633,324
282,159,633,324
282,159,633,324
282,159,633,324
282,159,633,324
282,159,633,324
282,159,633,324
282,159,633,324
269,159,633,324
269,159,633,324
269,159,633,324
269,159,633,324
269,159,633,324
269,159,633,324
269,159,620,324
269,159,620,324
257,159,632,324
257,159,632,330
257,159,632,330
257,159,632,330
257,159,632,330
257,159,632,330
257,159,632,330
257,159,632,330
257,159,619,330
257,159,619,330
257,159,619,330
257,159,619,330
257,159,619,330
257,159,619,330
257,159,619,330
257,159,619,330
257,159,619,330
257,159,619,330
257,159,619,330
257,159,631,330
257,159,631,330
257,159,631,323
257,159,631,323
257,159,631,323
257,159,631,323
257,159,631,323
257,159,631,323
257,159,631,323
257,159,631,323
257,159,631,323
257,159,631,323
257,159,631,323
257,159,631,323
257,159,631,323
257,159,631,323
257,159,631,323
257,159,631,323
257,159,631,323
257,159,631,323
257,159,631,323
257,159,631,323
257,159,631,323
257,159,631,323
257,159,618,323
257,159,618,323
257,159,618,323
257,159,618,323
257,159,618,323
257,159,618,323
245,159,630,323
245,159,630,323
245,159,630,323
245,159,617,323
245,159,604,323
245,159,604,323
233,159,616,336
233,159,616,336
233,159,604,336
221,159,616,336
221,152,616,336
221,152,616,336
221,152,616,336
221,152,604,336
221,152,604,336
221,152,604,336
221,152,616,336
221,152,616,336
221,145,616,336
233,145,616,336
233,140,616,342
233,140,616,342
233,140,616,342
233,140,616,342
233,140,616,342
233,140,616,342
233,140,616,342
233,140,616,342
233,140,616,342
233,140,616,342
233,140,616,342
233,140,616,342
233,140,616,342
233,140,616,342
233,140,616,342
233,140,616,342
233,140,616,342
233,140,616,342
233,140,616,342
233,140,616,342
233,140,616,342
245,133,604,342
245,133,604,342
245,133,604,342
245,133,604,342
257,133,604,342
257,133,604,342
257,126,604,335
257,126,604,335
257,126,604,335
257,126,604,335
257,126,604,335
257,126,604,335
257,119,604,342
257,119,604,342
257,119,604,342
257,119,604,342
257,119,604,342
257,119,604,342
257,119,604,342
257,119,604,342
257,119,604,342
257,119,604,342
257,119,604,342
257,119,604,342
257,119,604,342
269,119,604,342
269,119,604,342
269,119,604,342
269,119,604,342
269,126,604,328
269,126,604,328
269,126,604,328
269,126,604,328
269,126,604,328
269,126,604,328
269,126,604,328
269,126,604,328
269,126,604,328
269,126,604,328
269,126,604,328
269,126,604,321
269,126,604,321
269,126,604,321
281,126,592,321
281,126,592,321
281,126,592,321
281,126,604,321
281,126,604,321
293,126,592,321
293,126,592,321
293,120,592,321
293,120,592,321
293,120,592,315
293,120,592,315
293,120,592,315
293,120,592,315
287,117,604,321
287,117,592,321
287,117,592,321
287,117,592,315
275,104,604,328
275,104,604,321
275,104,604,321
287,104,604,321
287,104,592,321
287,104,592,321
287,104,592,321
287,104,592,321
287,104,604,321
287,104,604,321
299,104,592,315
299,104,592,315
299,104,592,315
299,104,592,315
299,104,592,315
299,104,592,315
299,104,592,309
299,104,592,309
299,104,592,309
299,104,592,309
299,104,592,309
299,104,592,309
299,104,592,309
299,104,592,309
299,104,592,309
299,104,592,309
299,104,592,309
299,104,592,309
299,104,592,309
299,104,592,309
299,104,592,315
299,104,592,315
299,104,592,315
299,104,592,315
299,104,592,315
299,104,592,315
299,104,592,315
287,104,592,315
287,104,604,328
287,104,604,328
287,111,604,321
287,111,604,321
287,111,604,321
287,111,604,321
287,111,604,321
287,111,604,321
287,111,604,321
287,111,604,321
287,111,604,321
287,111,604,321
287,111,604,321
287,111,604,321
287,111,604,321
287,111,604,321
287,111,604,321
287,111,604,321
287,111,604,321
287,111,604,321
287,111,592,321
287,111,592,321
287,111,592,321
287,111,592,321
287,111,592,321
275,111,604,321
275,111,604,321
275,111,604,321
275,111,604,321
275,111,604,321
275,111,604,321
275,111,604,321
275,111,604,321
275,111,604,321
275,111,604,327
275,111,604,327
275,111,604,327
275,111,604,320
275,111,604,320
275,111,604,320
275,111,604,320
275,111,604,320
275,105,592,326
275,105,604,326
275,105,592,333
275,105,592,340
275,105,592,340
275,105,592,340
275,98,592,347
275,98,592,347
287,98,592,347
287,98,592,347
287,98,592,340
287,91,592,347
299,91,592,347
299,91,592,347
299,91,592,354
299,91,592,354
299,91,592,354
299,91,592,354
299,91,592,354
299,91,592,354
299,91,592,354
299,91,592,354
299,91,592,354
299,91,592,354
299,91,592,354
287,98,592,354
287,98,592,354
287,98,592,354
287,98,592,354
287,98,592,354
287,98,592,354
287,98,592,354
287,98,592,354
287,98,592,354
287,98,592,354
287,98,592,354
275,91,592,354
275,91,604,354
275,91,604,354
275,91,604,354
275,91,604,354
275,91,604,354
275,91,604,354
275,91,604,354
275,91,604,354
275,91,604,354
275,91,604,354
275,91,604,354
275,91,604,354
275,91,604,354
275,91,604,354
275,91,604,354
275,91,604,347
275,91,604,347
275,98,604,347
275,98,604,347
275,98,604,347
275,98,604,347
275,98,604,347
275,98,616,333
287,105,603,333
287,105,603,333
287,105,603,333
287,105,603,333
287,105,603,333
287,105,603,333
287,105,603,333
287,112,603,326
287,112,603,326
299,119,591,319
299,125,591,313
299,125,591,313
311,138,591,295
311,138,591,295
311,138,591,289
311,138,591,289
311,138,591,295
311,138,591,295
311,138,591,301
311,138,591,307
311,138,591,319
311,138,591,319
311,138,591,319
311,138,591,325
311,138,591,332
311,138,591,332
299,125,603,339
299,125,603,339
299,118,603,339
299,118,603,332
299,118,591,332
299,118,591,319
299,118,591,319
299,118,591,319
299,118,591,325
287,125,603,325
287,125,603,325
287,125,603,325
287,125,603,332
287,125,591,332
287,138,591,325
270,135,602,332
270,135,602,332
270,135,602,332
270,135,602,332
270,142,590,332
270,142,590,325
258,142,602,325
258,142,602,325
246,136,602,332
246,136,602,339
246,136,602,339
246,136,602,339
246,136,602,339
246,136,602,346
234,143,614,339
234,143,614,339
234,143,614,339
234,143,614,339
228,154,613,319
222,151,613,325
216,148,612,332
210,158,611,319
204,167,611,307
186,164,623,313
180,167,623,313
168,173,636,313
162,176,636,319
151,182,648,313
145,185,661,326
139,188,660,340
146,192,660,353
146,192,660,360
133,192,687,382
133,192,687,382
147,192,687,390
140,188,701,398
154,188,687,398
154,188,701,398
154,188,715,390
169,196,700,382
169,196,700,374
155,203,728,359
170,210,728,352
170,210,743,338
185,210,743,331
178,214,758,324
186,211,758,317
179,202,773,323
204,199,757,316
197,190,772,322
197,190,757,322
197,184,757,316
197,184,757,316
197,184,757,310
197,178,757,310
190,175,771,310
183,159,770,316
176,150,769,322
169,147,784,315
169,147,784,309
177,138,784,309
177,132,784,315
193,126,768,328
178,119,783,321
178,119,783,321
178,119,783,321
178,119,783,321
178,106,783,334
178,106,783,334
178,99,783,334
178,92,783,334
178,92,783,334
178,92,783,334
178,92,783,334
178,92,783,334
178,92,783,334
178,92,783,334
178,92,783,334
178,92,783,334
178,92,783,334
178,92,783,334
178,92,783,334
178,92,783,334
178,92,783,334
178,92,783,334
178,92,783,334
178,92,783,334
178,92,783,334
178,92,783,334
178,92,783,334
178,92,783,334
178,92,783,334
178,92,783,334
178,92,783,334
194,85,767,334
194,85,767,334
194,85,767,334
194,85,767,334
194,85,767,334
194,85,767,334
194,85,767,334
194,85,767,334
194,85,766,341
194,85,766,341
194,85,766,341
194,85,781,348
210,85,765,355
210,85,750,355
218,75,735,377
225,86,707,370
211,79,707,401
211,79,693,401
211,79,693,409
211,79,679,417
211,79,665,425
211,79,665,434
211,88,652,434
211,97,652,452
211,97,652,452
211,97,652,461
211,97,651,470
211,106,650,470
198,106,663,470
198,106,663,479
198,96,663,498
211,96,650,498
211,96,663,498
211,96,663,518
211,75,663,550
211,75,663,550
211,75,663,561
211,64,663,584
211,64,663,584
211,64,663,584
224,64,650,596
224,64,650,596
218,58,663,608
239,52,649,632
246,46,649,632
266,40,636,645
273,34,636,671
280,28,636,684
287,21,636,698
287,21,636,698
300,7,636,712
313,1,623,719
313,1,635,719
338,1,610,719
362,1,598,719
362,1,610,719
386,1,586,719
409,1,574,719
420,1,562,719
431,1,562,719
453,1,540,719
475,1,519,719
485,1,509,719
485,1,551,719
510,1,540,719
521,1,529,719
532,1,529,719
543,1,529,719
543,1,529,719
564,1,508,719
564,1,508,719
564,1,518,719
564,1,518,719
564,1,528,719
564,1,528,719
564,1,539,719
553,1,550,719
542,1,561,719
531,1,572,719
520,1,583,719
520,1,583,719
508,1,583,719
508,1,571,719
508,1,560,719
497,1,560,719
497,1,549,719
494,1,538,719
492,1,527,719
500,1,506,719
506,1,476,719
502,1,476,719
527,1,439,719
557,1,389,719
588,1,352,719
588,1,345,719
602,1,325,719
602,1,319,712
602,1,319,691
596,1,332,670
586,1,345,642
576,1,366,614
573,1,337,599
567,1,351,579
564,1,358,565
571,1,358,534
612,1,281,519
618,1,275,500
618,1,275,472
618,1,275,463
615,1,281,449
618,1,275,454
616,1,265,459
611,1,265,450
611,1,265,450
611,1,265,441
606,1,265,441
606,1,265,441
606,1,265,441
606,1,265,441
601,1,265,441
601,1,265,441
601,1,265,441
601,1,265,441
601,1,265,441
601,1,265,459
601,1,265,459
601,1,265,459
601,1,265,459
601,1,265,459
601,1,265,459
601,1,265,459
601,1,265,459
601,1,265,459
601,1,265,468
601,1,265,468
601,1,265,468
601,1,265,478
601,1,265,478
601,1,265,478
601,1,270,478
612,1,265,478
615,1,270,473
623,1,270,479
641,1,270,479
651,1,265,485
662,1,265,480
673,1,271,496
686,1,271,496
693,1,271,496
700,1,266,491
706,1,282,491
706,1,282,491
712,1,276,491
712,1,276,491
706,1,276,491
706,1,276,491
703,1,282,496
695,1,266,481
688,1,271,486
688,1,271,476
674,1,271,480
666,1,271,474
666,1,266,465
661,1,266,465
661,1,261,456
654,1,266,460
654,1,266,460
654,1,261,460
644,1,266,460
639,1,266,460
639,1,266,460
639,1,266,460
639,1,266,460
634,1,266,469
629,1,266,469
629,1,266,469
629,1,266,469
629,1,266,469
629,1,266,469
629,1,266,450
629,1,266,450
629,1,266,450
629,1,266,450
629,1,266,450
629,1,271,450
613,1,293,450
607,1,299,432
595,1,317,432
589,1,317,423
583,1,330,423
583,1,330,423
583,1,330,423
570,1,336,423
570,1,336,423
570,1,343,423
570,1,343,423
570,1,343,423
570,1,343,423
577,1,343,423
577,1,343,423
577,1,343,423
577,1,343,423
577,1,350,440
577,1,350,440
577,1,350,440
577,1,350,440
577,1,350,440
577,1,357,440
577,1,357,440
584,1,350,440
584,1,350,440
584,1,357,440
584,1,357,440
584,1,357,440
584,1,364,440
584,1,364,449
584,1,364,449
584,1,371,449
584,1,371,449
591,1,364,449
591,1,364,449
591,1,364,449
591,1,364,449
591,1,371,449
591,1,371,449
591,1,371,449
584,1,378,449
576,1,393,449
584,1,385,440
584,1,385,440
584,1,385,440
592,1,385,440
592,1,393,440
600,1,385,449
608,1,385,458
612,1,393,462
620,1,393,471
620,1,393,471
628,1,385,471
628,1,385,471
628,1,385,471
628,1,377,471
628,1,377,471
613,1,385,490
613,1,385,490
613,1,377,490
605,1,384,490
605,1,384,480
605,1,384,480
605,1,384,480
605,1,384,480
605,1,384,470
605,1,384,470
605,1,384,461
605,1,384,461
605,1,384,461
605,1,384,461
605,1,384,461
605,1,384,461
605,1,384,461
605,1,384,461
605,1,384,461
605,1,384,461
605,1,392,461
613,1,384,470
613,1,384,470
613,1,384,470
613,1,384,489
613,1,384,489
613,1,384,499
613,1,384,509
613,1,384,519
613,1,369,519
610,1,368,524
607,1,368,529
607,1,361,518
604,1,361,513
601,1,376,518
602,1,375,508
595,1,398,518
612,1,390,507
612,1,390,507
612,1,390,507
612,1,390,507
604,1,390,507
604,1,390,517
604,1,382,517
604,1,382,527
604,1,382,527
608,1,383,533
616,1,391,534
629,1,383,534
650,1,383,545
671,1,383,556
674,1,536,562
698,1,536,562
722,1,525,585
712,1,525,585
717,1,515,592
722,1,505,597
727,1,536,590
727,1,536,602
727,1,525,602
727,1,525,602
727,1,515,602
727,1,505,602
727,1,505,614
727,1,505,614
722,1,495,620
722,1,495,620
717,1,495,614
722,1,485,620
717,1,485,626
707,1,485,612
702,1,475,606
678,1,485,600
673,1,485,594
655,1,485,600
652,1,475,600
639,1,466,588
635,1,465,582
626,1,456,583
626,1,456,583
617,1,456,583
617,1,456,571
617,1,456,571
617,1,456,571
617,1,456,571
617,1,456,560
617,1,456,560
617,1,456,560
617,1,456,560
617,1,456,560
617,1,456,560
