547,301,418,199
546,299,425,203
546,299,425,202
546,300,427,202
545,300,428,202
545,299,429,204
545,298,430,204
545,302,429,201
546,299,429,201
543,302,431,201
542,301,430,200
545,300,429,199
545,300,429,199
545,300,429,199
545,300,429,199
545,300,429,199
545,300,429,199
545,300,429,199
545,300,429,199
545,300,429,199
546,297,428,199
546,297,428,199
546,297,428,199
546,297,428,199
546,297,428,199
546,297,428,199
546,297,428,199
546,297,428,199
546,297,428,199
546,297,428,199
546,297,428,199
546,297,428,199
546,297,428,199
546,297,428,199
546,297,428,199
546,297,428,199
546,297,428,199
548,297,430,200
548,302,430,199
548,303,433,196
547,305,435,195
546,309,435,192
546,312,436,188
546,314,437,185
548,316,435,183
548,317,434,182
548,318,434,182
547,319,434,182
547,319,434,182
547,320,434,182
548,320,425,183
548,320,422,182
550,322,416,182
549,322,415,181
549,323,416,182
548,323,415,181
551,326,413,180
550,327,412,179
552,329,412,179
551,329,411,178
551,331,411,175
551,331,411,175
552,332,410,174
552,332,409,173
552,331,409,173
555,332,406,173
555,332,405,172
557,333,403,171
556,333,403,171
558,333,404,173
558,333,400,172
561,333,396,173
560,332,396,173
563,332,392,174
563,331,392,174
566,333,385,174
567,334,382,173
567,334,381,172
569,333,378,172
568,332,378,172
571,333,374,172
570,332,372,172
526,334,414,173
525,333,413,173
525,332,411,172
524,331,408,172
523,329,407,178
526,331,399,177
528,332,394,175
532,332,389,174
536,332,386,174
537,332,384,175
537,332,384,176
536,331,386,176
533,332,388,176
530,331,390,177
526,332,395,176
525,332,396,175
507,332,414,176
508,332,416,178
521,332,404,177
528,332,394,177
538,332,384,176
541,332,381,175
543,333,379,175
551,334,369,174
558,334,362,175
564,334,357,175
570,334,352,176
574,335,348,176
569,335,352,176
571,335,354,177
570,335,353,176
571,335,351,175
571,335,351,174
571,335,351,174
567,336,356,173
566,337,358,172
566,337,359,172
567,337,358,171
566,338,358,170
565,337,357,168
567,337,357,167
566,337,357,167
566,337,356,166
566,337,357,166
566,335,356,169
565,335,356,169
564,335,359,170
564,335,359,170
564,335,360,171
563,335,360,170
563,335,361,171
563,335,361,171
563,335,360,173
561,335,360,173
561,334,360,173
559,334,362,173
558,334,361,172
559,334,360,171
558,335,359,170
559,334,358,173
558,334,358,173
558,333,359,175
557,333,358,174
558,334,355,173
558,334,354,172
558,333,352,175
558,333,351,174
557,332,350,173
557,334,351,174
557,334,350,173
557,334,348,174
557,334,347,173
556,334,347,174
556,334,346,173
556,334,348,177
555,334,347,176
555,333,346,175
556,333,340,179
556,333,338,178
557,333,333,177
557,333,332,176
558,332,325,176
557,331,324,175
557,332,318,176
556,331,318,176
556,331,302,175
557,331,298,175
556,330,298,175
557,329,292,179
556,329,287,179
555,327,288,180
556,330,283,177
557,330,281,174
557,330,283,172
557,330,286,170
557,330,293,168
557,330,296,165
557,330,300,164
557,330,307,156
558,331,306,149
556,331,312,147
558,330,317,145
557,330,320,144
556,331,325,142
556,331,329,140
556,332,333,142
556,332,343,141
556,332,342,140
556,332,350,141
556,332,351,142
556,332,349,141
557,333,346,145
557,333,342,144
557,334,337,144
556,334,332,145
556,336,325,144
555,337,319,143
556,337,318,142
556,337,306,141
556,338,301,141
556,338,299,140
556,338,294,140
556,338,284,139
556,338,273,138
555,339,274,138
555,339,270,137
555,339,265,136
555,339,263,135
553,339,270,134
554,337,268,137
555,336,267,136
555,337,267,136
555,336,267,136
553,335,270,139
553,334,270,139
554,333,270,141
554,332,269,140
556,332,268,141
556,329,267,144
556,328,266,143
556,329,267,144
555,328,266,143
557,328,266,145
556,327,266,145
560,326,264,145
561,325,263,146
561,324,263,146
561,325,264,145
565,324,261,147
565,324,260,147
566,324,258,146
566,323,257,145
570,322,253,147
572,323,250,146
571,322,250,146
571,323,252,144
574,324,250,143
575,323,249,143
577,323,249,143
578,323,247,144
579,323,246,143
575,323,248,145
572,323,250,144
568,324,258,142
564,324,261,140
563,324,260,138
560,324,265,138
559,324,266,134
558,324,266,133
550,324,276,133
548,324,276,134
547,325,277,133
544,326,281,132
544,326,281,132
544,326,280,131
543,327,282,130
541,327,284,125
541,327,283,124
538,328,286,126
538,328,285,125
535,328,289,125
534,329,289,124
534,330,289,123
534,331,289,123
533,330,291,124
533,330,291,123
535,331,291,123
534,331,291,122
537,331,290,124
537,331,289,123
536,331,289,123
537,332,289,124
536,332,289,124
539,333,287,124
541,333,286,123
541,333,287,123
544,334,285,123
546,334,281,123
547,334,280,122
550,335,276,124
553,335,273,124
554,335,272,123
556,336,268,123
556,336,265,121
557,338,268,121
557,338,268,121
557,338,266,120
557,339,267,122
557,339,265,121
560,342,265,122
561,342,264,121
561,342,265,122
561,342,265,121
561,343,265,121
561,343,264,120
561,343,264,122
560,343,264,123
560,343,263,122
560,345,268,122
560,345,267,121
560,345,266,120
559,345,266,121
559,344,265,120
558,345,265,121
558,344,268,120
558,345,268,122
558,344,267,121
557,345,267,122
556,345,267,121
555,344,267,122
555,343,267,121
555,342,269,123
554,341,268,122
554,340,270,124
554,339,270,123
552,337,271,127
552,336,271,126
551,334,273,130
551,333,272,129
1,1,0,0
545,327,281,134
540,326,284,134
537,325,285,137
533,323,292,139
530,322,294,139
526,321,297,140
524,320,298,140
523,319,301,141
521,319,302,139
519,318,305,139
518,317,304,138
517,319,306,138
517,317,307,140
517,316,306,140
517,316,307,141
517,315,307,141
516,316,306,140
516,315,305,139
516,316,305,140
515,315,305,140
516,315,306,141
516,314,305,140
517,316,305,140
517,316,304,139
517,316,303,138
517,317,304,138
517,317,304,137
517,316,306,139
516,316,307,139
516,316,308,140
515,316,309,140
514,316,310,140
517,317,308,139
516,317,308,139
519,317,305,140
519,317,304,139
518,317,305,140
518,317,304,139
518,318,304,139
517,318,303,138
518,318,307,140
518,318,306,139
518,319,306,140
518,319,305,139
517,319,307,140
517,319,306,139
518,320,306,140
518,320,306,139
518,320,305,138
519,321,305,139
519,321,304,138
518,321,306,139
518,320,306,138
517,320,307,139
518,320,305,139
518,320,305,140
518,320,308,139
517,320,309,139
516,319,309,140
517,319,307,140
516,318,307,140
516,317,307,139
517,317,306,139
517,317,307,139
517,316,306,138
516,315,306,140
515,314,307,140
513,315,310,140
512,315,310,139
512,314,311,138
509,315,314,137
508,315,316,137
505,315,318,136
504,314,318,135
502,314,321,135
501,313,323,135
498,314,325,134
496,313,325,134
496,313,327,135
496,312,326,134
492,312,330,134
491,312,330,133
490,311,330,133
490,312,333,132
488,311,336,132
488,310,334,131
487,310,335,131
487,309,334,130
485,310,336,130
485,309,336,129
488,309,334,131
488,308,334,130
492,308,331,131
497,308,327,129
501,308,323,129
505,308,319,127
508,307,316,127
509,306,316,127
513,306,309,127
517,306,306,127
517,305,304,126
520,304,301,127
521,304,301,128
521,303,300,127
522,303,300,128
521,302,299,127
522,303,297,126
522,302,296,125
522,301,296,128
522,301,298,128
522,301,297,127
522,302,298,128
521,301,298,128
521,300,298,128
521,299,296,127
520,300,298,126
520,299,297,125
519,298,298,127
519,298,297,127
519,297,297,127
518,296,297,127
517,296,299,126
516,296,298,125
513,297,301,126
512,296,303,126
511,294,303,126
511,294,302,125
510,293,303,127
510,292,302,126
511,292,302,127
510,291,302,126
510,291,301,127
509,290,300,126
510,291,302,126
509,290,302,125
509,290,301,128
508,289,302,128
508,290,302,126
507,289,301,125
507,289,303,126
506,288,302,125
506,289,304,126
505,288,303,125
503,288,305,126
497,289,312,126
489,289,319,125
482,289,328,127
474,289,337,126
469,289,340,126
465,289,340,126
461,289,346,127
459,289,348,127
456,288,351,127
454,291,355,126
452,292,357,125
450,289,358,127
447,290,359,127
443,290,364,129
439,290,366,129
435,290,373,129
432,289,376,131
427,289,378,132
423,289,382,132
416,289,388,130
410,289,391,129
405,290,393,129
400,290,399,129
394,291,415,129
389,293,424,128
386,294,424,127
380,295,431,126
373,296,440,125
368,295,443,125
362,294,452,126
356,294,460,126
349,293,466,127
344,292,469,127
338,292,473,127
331,293,482,127
324,292,492,127
318,293,496,128
313,293,498,129
308,294,500,129
302,294,503,128
297,295,516,126
292,295,518,124
287,295,519,126
282,296,528,125
277,296,529,126
272,295,531,127
265,295,536,136
260,296,532,136
256,297,531,135
250,298,521,134
245,298,432,135
240,298,433,134
236,298,432,133
235,298,431,134
231,298,433,133
228,299,436,134
226,300,441,134
226,299,446,134
225,299,445,135
225,299,446,134
225,299,445,134
225,299,446,133
226,300,445,134
226,299,445,133
226,299,445,135
226,298,445,134
226,298,444,136
230,299,445,136
229,298,444,135
238,298,435,136
241,297,430,135
245,296,427,137
248,296,421,136
252,297,416,136
258,297,411,136
262,296,405,139
264,296,398,140
267,297,393,139
266,297,392,141
250,297,395,142
226,298,417,142
212,298,425,142
194,298,436,141
177,300,440,140
167,301,453,143
161,301,449,144
157,301,446,150
165,301,428,149
164,302,425,157
164,303,420,158
160,303,418,157
157,303,423,156
152,305,427,155
146,305,429,157
142,305,436,157
139,305,436,157
136,305,438,157
133,304,439,157
134,304,432,157
131,304,430,156
116,304,444,156
103,303,451,157
90,302,467,157
78,303,476,157
68,303,484,157
57,303,489,157
45,304,500,156
34,305,507,155
23,306,518,154
12,308,526,153
3,309,535,153
1,309,537,152
1,309,539,152
1,310,540,170
1,311,542,170
1,311,541,171
1,312,542,160
1,312,541,176
1,314,542,182
1,316,545,181
1,317,546,185
1,318,548,186
1,318,549,186
1,318,552,186
1,318,553,186
1,318,552,190
1,320,552,189
1,318,545,188
1,316,543,190
1,315,518,190
1,313,547,189
3,311,543,188
1,310,552,188
1,308,563,185
4,307,571,184
1,305,581,183
1,304,588,180
1,303,593,178
1,302,599,177
1,303,602,177
1,301,608,177
1,300,617,177
1,300,624,176
1,299,629,176
1,299,628,174
1,299,629,173
1,299,639,172
1,299,629,170
3,300,621,169
20,298,608,168
8,297,575,178
21,297,571,177
33,297,568,176
41,298,567,176
51,299,566,175
64,299,567,175
77,299,566,174
87,301,559,174
98,301,554,173
110,300,549,172
121,299,559,172
129,298,562,172
129,298,573,172
129,298,584,172
127,298,604,172
129,297,618,172
130,298,628,172
130,298,640,169
133,299,642,169
138,299,644,166
142,298,650,165
145,300,658,164
149,301,667,162
154,303,659,161
159,306,653,160
162,306,679,180
166,309,689,180
170,311,697,196
176,311,712,198
184,311,721,198
193,310,731,187
204,309,734,181
215,308,741,173
227,308,742,163
238,308,745,162
250,308,750,162
260,309,759,161
269,311,766,160
279,311,772,170
283,310,775,179
287,311,782,178
286,311,789,178
284,311,801,179
275,310,818,180
273,306,823,183
265,304,829,188
263,302,830,188
260,298,809,190
254,296,829,192
250,294,838,192
241,292,850,195
237,291,857,195
228,290,871,196
223,289,873,197
216,285,876,199
209,283,877,198
205,281,879,201
202,280,876,200
199,278,870,200
199,277,868,198
198,275,866,199
198,273,859,199
196,272,852,199
195,270,817,201
193,269,792,200
187,268,812,199
175,269,802,198
167,266,778,197
154,266,756,197
144,265,719,197
133,265,664,198
125,264,667,197
115,265,677,195
106,264,691,194
101,264,699,193
93,263,704,192
84,261,714,203
79,261,713,202
70,261,723,202
58,261,723,202
53,261,728,202
43,260,738,202
35,258,744,204
27,257,752,204
22,257,753,205
15,257,757,206
10,257,759,205
4,257,766,205
2,257,771,206
1,258,771,205
1,259,771,209
1,259,774,208
1,259,773,207
1,259,769,210
1,263,770,210
1,263,770,210
1,263,770,210
1,263,769,209
1,263,766,209
1,266,766,208
1,267,758,208
7,267,748,208
10,266,654,208
15,265,654,208
17,266,646,208
22,264,645,207
25,264,647,203
26,260,648,203
13,255,662,203
1,252,677,203
1,249,684,198
5,244,682,197
8,232,679,196
6,225,679,196
1,218,688,196
1,210,686,195
1,203,684,198
1,195,684,199
1,184,675,208
1,176,672,206
1,168,671,206
1,147,659,224
1,137,646,229
1,118,638,236
1,109,630,243
1,118,619,236
1,116,590,236
1,119,561,242
1,127,552,242
1,137,546,243
1,148,539,250
1,161,518,249
3,148,518,256
1,177,543,239
1,185,545,277
1,205,546,278
3,225,559,263
1,242,591,280
1,260,607,274
1,254,623,304
1,269,646,308
1,281,663,323
1,295,683,335
28,310,702,378
63,321,702,394
93,341,661,379
136,357,625,363
179,376,585,344
208,386,552,334
235,405,527,315
266,419,506,301
292,429,474,291
305,436,470,284
316,427,468,293
336,419,457,301
350,405,449,315
368,390,448,313
388,370,436,320
416,349,434,320
441,326,433,321
468,302,433,321
497,273,452,341
527,231,442,342
561,163,432,346
597,72,433,346
635,1,431,337
669,1,551,278
687,1,561,268
743,1,537,314
777,41,503,327
793,92,487,327
808,121,470,338
809,150,471,346
803,174,471,347
791,195,489,347
770,219,494,337
745,239,533,337
717,257,556,337
684,278,557,338
649,299,559,348
613,325,550,365
580,358,550,362
549,390,550,330
521,421,549,299
507,448,522,272
491,475,518,245
478,497,518,223
468,516,500,204
474,526,479,194
475,539,475,181
480,542,462,178
485,544,461,176
491,539,463,181
497,533,470,187
503,526,473,194
507,519,479,201
510,508,487,212
512,498,487,222
512,485,492,235
511,469,503,251
508,455,504,265
503,440,504,280
497,425,504,295
491,408,505,312
484,393,506,327
480,373,507,347
475,359,499,361
469,346,499,374
464,335,500,385
461,322,501,398
457,313,502,407
453,306,502,414
450,303,504,417
449,302,497,418
452,300,495,420
447,302,495,418
445,305,495,415
441,313,499,407
442,318,500,402
440,329,501,391
441,337,501,383
442,348,497,372
443,360,496,360
443,371,496,349
445,383,501,337
446,392,505,328
447,399,504,321
454,406,500,314
462,410,492,310
465,417,493,303
469,419,494,301
473,418,494,301
483,416,487,304
486,413,484,307
487,409,484,311
486,405,484,315
483,401,485,319
481,396,481,324
473,395,479,325
463,389,477,331
452,384,474,336
440,381,471,339
428,381,469,339
413,382,470,338
399,382,470,338
386,383,466,337
380,387,463,333
372,388,464,332
366,389,459,331
359,389,460,331
353,389,461,331
347,389,465,331
346,388,466,332
349,389,468,331
355,390,470,330
362,393,470,327
375,395,470,325
384,399,471,321
398,403,471,317
407,407,471,312
421,414,472,306
432,418,473,302
443,421,471,299
456,425,471,295
472,429,471,291
487,433,470,287
497,436,471,284
511,435,465,285
516,435,465,285
524,433,465,287
525,432,465,287
527,426,465,294
525,421,465,299
521,413,469,307
517,412,469,308
512,410,476,310
507,411,476,309
502,412,475,308
497,413,475,307
496,414,475,306
492,420,475,300
490,422,469,298
487,428,469,292
484,430,469,290
483,435,469,285
480,436,469,284
478,441,469,279
476,443,469,277
475,444,469,276
475,445,469,275
476,446,469,273
479,446,464,274
480,442,464,278
483,440,464,280
486,436,464,284
489,435,466,285
491,434,466,285
496,423,466,297
499,421,467,299
500,422,468,298
501,422,469,298
502,422,469,297
506,418,470,302
510,417,470,303
513,414,471,306
515,413,471,307
516,412,471,307
519,411,471,309
523,410,471,310
524,409,471,311
527,406,472,314
527,405,459,315
527,404,459,315
522,403,459,317
521,403,459,317
521,402,459,317
521,402,460,318
521,401,461,318
517,401,462,319
517,401,462,319
516,401,463,319
515,400,464,320
513,401,465,319
509,402,466,318
506,402,467,318
504,402,467,318
503,403,468,317
503,404,469,316
502,405,469,315
505,406,464,314
505,407,464,313
505,408,465,312
507,408,465,312
510,409,465,311
514,410,465,310
516,411,446,309
518,412,444,308
521,413,444,307
523,416,435,304
524,417,435,303
523,418,426,302
521,419,426,301
520,420,415,300
517,423,340,297
515,426,335,294
513,428,335,292
512,430,335,290
509,434,321,286
506,435,321,285
503,441,316,279
500,442,316,278
497,443,314,277
495,442,314,277
492,443,314,277
488,441,310,279
484,441,310,279
480,441,310,279
478,441,303,279
475,441,301,279
472,442,289,278
464,446,289,274
459,447,289,273
448,448,279,272
440,449,279,271
429,451,267,269
418,453,267,267
411,454,269,266
399,455,262,265
393,455,262,265
384,451,262,269
378,449,266,271
373,445,267,275
367,442,274,278
363,438,274,282
356,435,280,285
352,432,279,288
349,429,279,291
344,426,279,294
342,424,280,294
340,423,280,297
340,422,279,298
339,421,282,299
347,420,282,300
353,420,282,300
360,419,282,301
366,420,276,300
373,419,276,301
379,418,273,301
376,415,277,305
378,415,282,305
379,413,284,307
374,410,296,310
368,407,306,313
362,405,315,315
354,402,323,318
346,399,327,321
338,397,334,323
331,395,338,325
322,393,348,327
314,391,354,329
307,392,357,328
302,389,362,331
297,387,367,333
293,388,367,332
291,386,368,332
290,384,368,336
290,384,372,336
294,383,373,337
298,384,373,336
303,385,374,335
309,386,376,334
316,387,378,333
328,388,376,332
340,389,364,331
347,391,363,329
352,393,362,327
358,394,361,326
359,396,363,324
360,395,363,325
361,396,363,324
361,396,363,324
361,397,364,323
360,398,364,322
359,399,365,321
358,400,364,320
357,400,364,320
358,400,366,319
357,400,367,319
355,403,374,317
354,403,375,317
354,407,379,313
353,406,380,313
354,405,383,315
355,405,386,315
354,405,386,315
354,405,388,315
353,403,388,317
351,402,388,318
349,402,388,318
348,402,388,318
346,402,388,318
345,400,388,320
344,398,388,322
344,396,384,324
343,394,384,326
344,395,381,325
344,396,379,324
344,396,378,324
343,396,378,324
342,396,378,324
342,396,375,324
343,395,374,325
345,394,371,326
340,391,379,329
344,384,380,336
345,383,380,337
345,381,380,339
351,381,375,339
352,380,375,340
353,380,375,340
356,381,376,339
357,381,376,339
359,381,376,339
359,384,376,336
358,385,376,335
357,386,376,334
356,387,377,333
355,388,378,332
353,389,379,331
356,389,378,331
354,392,379,328
354,392,379,328
353,394,377,326
353,398,375,322
353,398,375,322
353,405,374,315
353,406,374,314
352,407,374,313
353,408,370,312
353,408,370,312
353,409,370,311
354,409,370,311
354,409,371,311
355,408,372,311
356,407,373,313
357,405,374,313
360,402,375,318
361,400,375,318
364,399,375,321
365,398,374,321
366,399,369,321
368,398,369,321
368,399,362,321
369,398,362,321
371,399,352,321
370,399,352,321
370,399,343,321
370,398,342,322
369,397,342,323
367,395,343,325
368,393,343,327
368,394,343,326
369,394,343,326
369,394,343,326
370,394,342,326
372,394,344,326
374,394,343,325
377,393,343,327
381,393,345,327
383,393,345,327
385,394,344,326
386,395,344,325
387,396,351,324
388,395,352,325
388,394,352,326
388,394,360,326
388,393,360,327
387,392,360,328
386,390,360,329
387,389,358,331
387,389,355,331
386,389,355,331
386,389,355,331
385,389,355,331
384,390,355,330
384,390,361,330
385,390,363,330
385,391,364,329
385,390,371,330
385,391,371,329
385,392,371,328
385,392,372,328
384,392,369,328
384,392,370,328
385,391,371,329
384,388,369,332
383,387,369,332
381,386,369,332
381,385,369,335
379,383,370,335
377,383,371,337
376,382,371,338
376,381,371,339
375,381,372,339
375,382,372,338
373,382,372,338
374,383,372,337
374,383,372,337
373,383,372,337
372,384,372,336
371,383,372,336
371,385,372,335
369,378,372,342
367,377,373,343
367,376,373,344
368,370,376,350
368,360,384,360
368,357,384,363
367,356,383,364
364,357,383,363
361,356,383,363
360,358,380,362
358,358,380,362
357,357,379,363
358,356,380,364
358,357,384,363
358,357,384,363
358,357,384,363
362,357,384,363
362,357,384,363
363,356,384,364
362,355,385,364
363,355,386,365
363,354,387,365
364,352,387,368
364,351,387,368
366,350,387,370
366,349,387,370
367,350,386,370
368,349,387,370
368,349,388,371
369,349,389,371
370,348,389,371
369,347,389,372
369,350,388,370
368,353,389,367
367,354,389,366
367,357,392,361
366,360,394,358
367,362,395,358
368,362,395,358
367,362,395,358
368,357,395,363
366,356,395,363
367,355,384,365
367,354,378,365
366,353,378,367
366,353,373,367
366,352,373,368
367,353,368,367
371,354,364,366
370,353,364,366
370,356,363,364
369,356,363,364
369,357,365,363
368,357,366,363
369,358,367,362
369,359,368,361
369,360,370,360
370,360,370,360
370,361,371,359
370,362,372,358
370,363,373,357
370,364,374,356
369,364,375,356
369,364,376,356
372,364,371,356
374,364,371,356
373,365,371,355
375,362,371,358
375,361,372,358
376,359,372,361
375,358,373,361
375,358,376,362
375,358,377,362
376,362,375,358
377,362,376,358
378,363,374,357
379,364,375,356
380,366,373,354
381,366,373,354
382,367,373,353
382,366,374,353
382,366,374,354
383,365,374,354
385,367,373,353
385,367,373,353
382,367,368,353
382,366,368,353
385,365,366,355
385,365,366,355
387,366,366,354
388,367,366,353
388,368,366,352
389,368,366,352
391,368,366,352
391,368,366,352
390,368,364,352
391,367,364,353
392,367,364,353
394,367,363,353
394,367,363,353
395,367,363,353
394,368,363,352
394,369,363,351
394,369,363,351
395,370,363,350
395,370,363,350
396,370,363,350
396,371,364,349
399,372,364,348
399,372,364,348
401,375,364,345
402,374,364,345
403,376,364,344
404,377,365,343
404,378,365,342
405,379,365,341
406,382,365,338
405,382,365,338
406,383,365,337
406,383,365,337
406,383,364,337
407,383,361,337
408,383,361,337
409,383,361,337
410,381,354,339
411,379,347,341
410,379,347,341
411,378,347,342
410,377,348,342
410,373,348,347
409,373,348,347
409,372,348,347
409,371,348,349
409,371,348,349
409,370,349,350
408,370,350,350
407,370,350,350
406,370,351,350
405,370,351,350
404,370,352,350
403,367,354,353
402,365,355,353
403,364,355,356
401,363,356,356
400,363,353,357
399,363,354,357
399,362,354,357
399,361,354,357
399,360,354,360
398,360,355,360
399,359,355,361
399,359,356,361
399,360,356,360
399,360,356,360
399,361,356,359
398,362,356,358
397,359,353,361
397,358,347,362
395,356,345,364
394,357,345,363
394,357,344,363
393,358,344,362
392,358,344,362
392,358,348,362
393,357,349,363
394,355,349,364
395,356,349,364
397,356,349,364
397,355,349,365
398,354,349,366
398,353,350,366
399,353,350,367
400,354,350,366
401,353,348,367
401,352,347,368
401,351,337,369
401,351,333,369
400,349,329,371
400,348,326,372
400,347,325,373
401,346,324,374
402,346,324,374
401,350,325,370
400,352,326,368
398,354,325,366
397,360,327,360
396,364,327,356
396,367,327,353
397,374,328,346
398,378,329,342
400,383,330,337
402,391,332,329
404,397,331,323
405,402,331,318
406,406,328,314
407,414,326,306
408,418,326,302
410,421,326,299
414,424,324,296
417,429,325,291
421,432,324,288
424,434,325,286
426,440,327,280
428,442,329,278
428,445,332,275
429,447,332,273
429,449,331,271
429,451,333,269
424,452,340,268
422,454,340,266
419,455,342,265
415,456,342,264
411,455,340,264
405,450,339,270
399,448,342,272
394,444,343,276
388,440,347,280
384,436,349,284
382,431,352,289
380,428,354,292
379,424,355,296
379,420,357,296
378,416,360,304
378,413,367,307
378,407,370,313
377,401,373,319
373,395,377,325
372,388,378,332
369,380,382,340
363,371,390,349
360,364,391,356
355,357,396,363
352,351,397,369
349,346,398,374
345,343,399,376
341,341,399,379
337,337,399,383
335,337,400,383
332,338,403,382
328,339,406,381
324,340,408,380
320,343,410,377
314,346,414,374
310,348,416,372
308,349,416,371
306,350,417,370
306,354,417,366
306,358,419,362
304,362,421,358
301,364,423,356
297,364,425,356
289,359,426,361
276,349,428,371
265,332,429,386
258,316,433,404
256,301,433,419
260,290,433,430
264,281,433,439
268,270,441,450
275,260,441,460
275,255,440,464
275,247,441,473
272,245,442,475
269,245,441,475
271,251,439,469
273,258,435,462
275,264,435,456
280,271,433,449
286,275,433,445
289,281,435,439
295,288,437,432
302,293,438,427
311,300,439,420
320,306,440,412
328,313,442,407
330,320,441,400
332,325,442,395
331,327,441,393
323,332,442,388
316,330,444,390
308,327,447,391
304,321,449,399
307,314,451,401
319,311,452,409
330,310,454,410
341,311,456,409
350,314,454,406
356,319,455,401
360,324,452,396
361,329,449,391
365,334,446,386
365,338,446,382
363,342,447,378
361,344,448,376
361,348,444,372
358,349,444,371
354,349,453,371
352,347,453,373
348,345,456,375
344,343,459,376
339,339,464,381
333,336,465,382
329,334,467,386
327,332,466,388
321,332,467,388
315,331,468,389
312,332,469,388
309,332,470,388
306,338,474,382
304,339,474,381
308,340,471,380
311,345,466,375
309,344,468,376
306,342,470,378
302,339,472,381
298,337,473,382
291,337,474,383
285,335,471,383
278,335,472,385
270,334,474,386
265,331,475,387
264,330,476,390
263,326,475,394
265,322,473,398
266,315,473,398
267,308,473,412
266,301,475,416
262,293,474,427
256,287,475,433
250,282,476,438
242,277,477,443
236,278,477,442
238,273,477,447
237,270,478,450
235,268,479,452
235,266,479,454
233,264,481,456
237,262,478,458
240,260,476,459
242,258,477,462
245,256,476,464
251,262,472,458
255,263,468,457
261,264,463,456
263,267,462,453
270,269,459,451
273,274,457,446
278,277,457,443
284,284,456,436
291,288,447,432
295,294,445,426
300,300,443,420
306,303,442,417
312,307,439,413
317,311,436,409
318,314,435,406
318,318,435,402
317,321,438,399
316,325,438,395
317,330,437,390
315,336,434,384
315,340,432,380
314,343,431,377
313,344,431,376
313,348,431,372
313,349,433,371
314,352,437,368
314,355,437,365
313,359,439,361
313,360,440,360
312,361,440,359
311,361,443,359
309,362,443,358
308,363,445,357
312,364,442,356
312,366,443,354
313,368,445,352
314,371,448,349
314,372,452,348
313,376,454,344
312,375,455,345
312,375,455,345
312,374,456,346
311,372,457,346
313,372,457,348
312,372,458,348
311,371,459,349
314,372,458,348
315,373,458,347
317,374,456,346
319,377,452,343
320,378,451,342
319,379,451,341
318,378,452,342
318,376,452,344
319,375,452,345
319,374,454,346
318,374,454,346
316,369,455,351
313,368,458,352
311,365,461,354
307,362,466,358
305,360,467,360
303,355,470,365
299,352,476,368
300,352,480,368
301,349,481,371
301,348,479,372
300,344,479,376
298,340,480,380
298,335,480,385
295,331,481,389
293,327,481,393
294,325,481,395
294,325,481,395
293,322,481,398
292,319,481,401
292,316,481,404
292,314,481,405
294,312,476,408
295,312,476,408
296,310,476,410
295,307,476,413
293,305,478,415
295,302,477,418
294,302,477,418
294,301,480,419
293,302,479,418
293,303,480,417
294,304,479,416
294,305,479,415
293,306,479,414
293,310,480,410
292,311,480,409
292,312,480,408
292,316,479,404
293,318,480,402
292,322,480,398
292,324,480,396
293,328,482,392
293,331,484,389
296,332,485,388
295,333,486,387
295,336,486,384
294,336,487,384
293,340,489,380
293,341,492,379
294,342,494,378
295,344,491,376
297,343,488,377
301,342,483,378
298,341,485,378
297,340,485,380
294,339,485,380
290,338,479,382
287,339,478,381
284,339,479,381
282,344,480,376
282,347,484,373
282,351,488,369
282,350,491,370
282,349,491,371
280,348,492,372
277,347,494,373
278,347,493,373
277,347,493,373
275,349,493,371
273,350,494,370
272,350,495,370
271,350,496,370
269,349,497,371
268,348,498,372
266,349,499,371
265,349,500,371
263,350,501,370
263,351,500,369
261,352,501,368
261,352,500,368
261,352,501,368
259,352,500,368
258,352,500,368
259,353,501,367
257,353,502,367
257,354,504,366
256,352,505,368
254,351,506,368
252,349,507,371
250,350,507,370
248,350,508,370
247,350,511,370
248,350,509,370
247,350,509,370
248,350,509,370
247,350,508,370
248,349,505,371
247,348,505,371
246,346,505,371
240,344,506,376
238,340,509,380
237,337,510,380
240,338,508,382
243,339,505,381
242,339,505,381
241,339,506,381
240,338,506,381
238,337,506,381
237,335,507,385
237,330,507,385
234,320,507,400
230,311,513,409
227,302,513,418
227,296,515,424
230,289,515,431
236,283,518,437
241,276,524,444
248,271,525,449
253,270,528,450
256,272,535,448
260,276,539,444
262,280,541,440
265,286,541,434
266,291,547,429
264,297,550,423
260,305,555,415
255,312,558,408
251,319,560,401
246,324,562,396
242,326,563,394
238,328,564,392
235,329,564,391
230,330,565,390
224,330,566,390
218,330,567,390
212,329,568,390
204,318,573,402
195,313,581,407
189,305,583,415
177,298,583,422
169,294,585,426
157,292,579,428
148,299,584,421
140,299,590,421
133,297,593,423
131,293,594,425
129,288,595,432
126,286,595,434
121,286,597,434
114,288,601,432
110,288,603,432
108,289,606,431
107,290,607,430
108,291,606,429
109,295,604,425
112,295,604,425
116,294,599,426
118,295,596,425
119,296,594,424
121,296,596,424
123,295,597,425
130,298,595,422
137,299,594,421
141,303,594,417
146,307,595,413
151,307,595,413
155,307,596,413
157,307,597,413
160,308,598,412
167,308,594,412
169,312,594,408
171,311,595,408
174,310,592,410
184,312,584,408
189,312,581,408
190,311,582,406
191,311,583,409
193,311,581,409
192,308,584,412
189,301,585,419
188,297,590,423
186,294,594,426
186,293,600,427
191,293,603,427
199,292,604,428
210,290,606,430
218,287,609,433
222,281,612,438
220,276,619,444
219,271,628,449
208,264,641,456
200,259,645,461
187,255,652,465
172,251,661,469
158,250,664,470
143,249,667,471
125,249,670,471
115,250,673,470
119,250,673,470
127,250,667,470
132,250,666,470
131,251,666,469
124,256,670,464
108,260,686,460
98,263,694,457
88,267,695,453
78,271,696,449
69,272,698,448
63,271,698,449
54,272,698,448
53,266,701,454
49,266,703,454
46,256,710,464
46,251,712,469
51,244,714,476
55,237,714,483
60,233,714,487
66,229,718,491
72,227,720,493
78,224,722,495
88,222,719,497
95,223,716,497
102,224,713,496
111,224,707,496
118,224,700,496
121,227,699,493
122,227,701,493
123,233,704,487
124,234,707,486
127,243,723,477
128,243,726,477
127,242,729,478
124,245,732,475
123,245,735,475
122,249,737,471
123,250,736,469
118,251,735,468
112,247,721,473
104,244,721,476
98,236,704,484
93,227,705,493
87,219,706,501
81,213,710,507
77,212,717,508
75,213,717,507
75,215,715,505
79,222,702,498
75,224,691,496
77,226,679,494
84,228,664,492
86,231,634,489
84,230,634,490
86,221,636,499
86,220,637,500
82,212,632,508
83,200,608,520
79,183,604,537
76,183,617,537
78,186,620,534
81,183,618,537
82,182,618,538
86,185,616,535
90,197,604,523
103,198,596,522
115,202,588,518
119,206,588,514
124,213,588,507
143,227,576,493
148,236,576,484
236,249,495,471
243,266,489,454
261,277,477,443
270,291,476,429
277,306,476,414
294,324,475,396
297,337,475,383
303,347,493,373
310,357,493,363
309,368,498,352
313,372,503,348
318,374,504,346
319,375,505,345
315,375,513,345
317,375,514,345
313,374,516,346
310,374,518,346
312,372,519,348
312,365,516,355
311,358,515,362
309,350,515,370
314,340,513,380
322,332,511,388
327,327,512,393
336,315,512,405
342,305,509,415
348,294,510,415
354,291,510,429
358,283,511,437
361,279,517,441
364,272,517,448
366,270,547,450
369,264,551,456
310,259,614,461
316,254,604,466
317,253,593,467
326,253,580,467
333,255,559,465
333,257,548,463
338,259,528,461
339,266,514,454
335,266,503,454
328,267,491,453
321,269,489,451
319,268,493,452
313,274,502,446
305,298,506,422
294,317,510,403
285,333,503,387
279,341,494,379
275,346,492,374
272,348,446,372
269,355,447,365
264,356,456,364
259,357,444,363
254,354,439,366
256,349,590,371
254,344,594,376
258,337,582,383
260,333,581,387
268,327,564,393
271,317,558,403
282,308,548,412
293,302,554,418
298,295,558,425
313,288,557,432
323,285,551,435
335,281,548,439
345,278,541,442
354,279,537,441
361,284,533,436
362,288,529,432
363,296,525,424
363,302,521,418
366,308,514,412
369,309,513,411
375,309,511,411
376,311,511,409
378,309,511,411
379,305,512,415
379,305,512,415
380,304,512,416
382,297,508,423
382,298,507,422
382,293,508,427
386,289,506,431
387,289,504,431
387,288,503,432
389,289,503,431
390,290,502,430
393,291,502,429
396,292,501,428
397,293,501,427
398,294,501,426
399,295,502,425
401,295,502,425
404,295,502,425
403,294,503,425
402,296,503,424
401,296,504,424
399,290,505,430
397,288,506,431
395,287,506,433
395,287,506,433
395,287,506,433
395,285,506,435
391,286,504,434
388,285,505,435
388,285,505,435
386,283,502,437
382,282,502,437
381,281,502,439
379,282,503,438
377,283,505,437
375,284,505,436
376,289,505,431
376,294,505,426
376,299,505,421
379,303,505,417
380,310,502,410
383,313,501,407
385,320,501,400
388,323,500,397
389,329,500,391
392,331,500,389
393,334,500,386
395,336,500,384
396,338,499,382
396,339,499,381
397,345,501,375
400,346,501,374
401,346,501,374
402,346,501,374
404,346,501,374
405,346,501,374
406,346,501,374
406,347,501,373
407,347,504,373
406,348,504,372
409,349,504,371
408,350,504,370
409,351,504,369
409,351,504,369
410,351,504,369
408,351,505,369
407,352,505,368
409,353,505,367
409,354,505,366
409,354,505,366
409,360,505,360
411,360,504,360
412,361,504,359
412,361,504,359
411,362,504,358
413,363,503,357
412,362,503,357
414,361,502,359
413,361,503,359
413,359,503,361
412,356,503,364
410,353,504,367
408,350,505,368
410,349,504,371
408,350,505,370
409,340,505,380
409,335,506,385
407,330,507,390
405,325,508,395
405,321,509,399
406,317,506,403
407,313,507,405
407,308,508,412
407,304,508,416
406,300,509,420
407,297,510,423
406,293,511,427
407,289,511,431
407,286,512,434
406,283,513,437
405,281,514,438
406,280,515,440
407,279,507,441
407,278,508,442
407,277,509,443
406,276,510,444
406,276,511,444
408,277,508,443
409,278,507,442
409,279,507,441
409,280,506,440
408,281,506,439
410,281,507,439
409,282,507,438
408,282,508,438
407,282,507,438
406,283,508,437
403,283,509,437
401,283,510,437
398,286,511,434
398,286,509,434
395,286,510,434
396,286,507,434
394,286,508,434
392,286,509,434
392,290,508,430
391,290,509,430
392,291,509,429
391,291,509,429
391,292,509,428
391,292,510,428
390,293,511,427
392,294,512,426
391,295,513,425
394,298,511,422
394,300,511,420
396,305,510,415
396,309,510,411
395,313,510,407
394,316,512,404
393,316,513,404
392,315,516,404
392,322,516,398
392,326,516,394
391,328,515,392
389,332,515,388
387,337,517,383
385,344,518,376
382,350,519,370
380,357,520,363
378,357,521,363
376,360,522,360
374,368,523,352
372,369,524,351
371,374,526,346
369,375,528,345
368,376,529,344
367,375,530,345
366,374,532,346
365,373,533,347
364,374,533,346
363,374,533,346
362,374,534,346
363,374,537,346
363,372,537,346
365,370,538,350
367,368,540,352
370,366,537,354
371,363,537,357
375,361,536,359
378,361,538,359
381,360,537,360
384,358,538,362
388,356,539,364
392,354,534,366
397,352,531,368
400,352,530,368
404,352,531,368
406,351,532,369
410,352,533,368
413,353,529,367
416,353,530,367
417,353,531,367
420,356,526,364
422,357,523,363
422,358,523,362
421,358,522,362
420,358,523,362
419,359,522,361
417,362,522,358
413,362,523,358
411,362,520,358
408,362,519,358
405,362,520,358
402,361,522,359
399,367,519,353
399,364,515,356
394,361,516,359
391,359,518,361
389,358,517,362
386,357,517,363
384,356,517,364
381,356,517,364
379,355,517,365
378,353,518,367
374,354,519,366
371,355,518,365
367,356,518,364
363,357,518,363
358,359,518,361
357,361,515,359
353,362,514,358
350,363,514,357
347,364,515,356
344,365,516,355
346,363,515,357
346,362,516,358
345,363,515,357
345,364,514,356
346,364,514,356
345,366,513,354
346,367,512,353
347,368,512,352
346,371,512,349
347,372,511,348
347,373,511,347
347,374,512,346
348,374,510,346
349,374,508,346
349,373,509,347
348,374,508,346
347,373,508,347
346,374,508,346
345,374,509,346
345,373,509,347
345,372,510,348
344,373,511,347
346,374,505,346
348,374,503,346
348,374,502,346
349,373,501,347
350,374,502,346
352,374,501,346
353,374,500,346
357,374,496,346
359,374,494,346
361,374,493,346
364,375,491,345
366,374,490,346
366,374,489,346
370,374,486,346
371,373,485,347
372,372,485,348
374,373,484,347
375,371,482,349
377,370,480,349
378,370,480,350
377,369,481,351
376,369,481,351
375,369,481,351
374,369,481,351
376,372,480,348
377,372,478,348
377,373,478,347
377,371,477,349
375,368,475,352
375,366,478,354
375,364,478,356
373,356,479,364
373,352,479,368
372,340,479,380
372,334,480,386
372,323,480,397
372,318,481,402
374,315,481,405
375,305,482,415
377,302,482,418
378,301,482,419
379,300,482,420
380,301,481,419
381,302,480,418
382,303,480,417
382,304,479,416
384,305,477,415
386,306,472,414
386,310,471,410
387,311,471,409
389,311,472,409
392,311,472,409
394,309,471,411
398,308,471,412
401,305,467,415
405,304,468,416
408,301,468,419
412,300,466,420
414,297,466,423
416,296,465,424
420,293,465,427
424,290,462,430
429,287,460,433
427,285,462,435
428,283,462,437
428,282,465,438
428,280,466,440
428,279,467,441
428,278,469,442
428,276,469,444
427,277,472,443
427,275,476,445
428,276,477,444
428,275,477,445
425,273,479,447
424,271,481,449
424,268,483,452
423,266,484,454
422,267,486,453
424,265,488,455
426,265,486,455
425,265,485,455
426,264,485,456
425,263,485,457
423,263,485,457
423,263,486,457
422,262,487,458
421,261,487,458
421,261,489,459
421,260,489,460
420,259,489,461
420,260,489,460
420,261,490,459
419,260,490,459
419,260,490,460
420,260,491,460
421,260,491,460
420,261,492,459
420,261,493,459
420,262,493,458
422,262,493,458
421,262,494,458
421,263,494,457
420,264,495,456
419,264,495,456
418,264,497,456
417,264,497,456
415,264,497,456
413,264,498,456
411,261,499,456
409,260,507,460
406,260,508,460
403,261,509,459
401,261,510,459
398,261,516,459
396,257,516,463
395,256,516,463
394,255,518,465
394,253,521,467
396,249,523,471
397,245,524,475
398,242,529,478
398,239,531,481
398,233,533,487
397,228,535,492
397,228,535,492
397,228,535,492
397,218,535,502
396,216,535,504
394,212,536,508
392,208,537,512
390,208,531,512
396,204,522,516
395,204,518,516
391,202,511,518
387,203,505,517
391,202,491,517
395,200,479,520
395,196,472,524
395,194,466,526
398,194,459,526
409,199,444,521
410,200,442,520
413,204,439,516
419,213,432,507
428,218,423,502
432,226,416,494
433,229,415,491
432,241,411,479
427,245,411,475
425,255,407,465
424,267,407,453
425,273,407,447
429,289,407,431
434,302,406,418
438,311,407,409
442,331,413,389
445,350,386,370
447,358,386,362
446,361,386,359
444,360,389,359
440,362,393,358
433,366,403,354
436,366,403,354
437,380,402,340
442,382,408,338
443,382,420,338
449,378,424,342
456,375,485,345
455,366,498,354
457,360,505,360
455,344,517,376
456,340,517,380
456,336,518,384
457,327,518,393
463,324,518,396
465,325,518,395
467,326,518,394
472,327,517,393
478,327,528,393
480,326,537,394
482,326,538,394
486,328,542,392
486,331,550,389
487,335,559,385
501,340,549,380
507,344,550,376
503,354,575,366
511,366,590,354
523,367,603,353
534,368,617,352
551,373,625,347
559,380,633,340
569,385,649,335
594,388,681,332
599,389,677,331
611,391,669,329
621,400,659,320
627,397,653,323
639,396,641,324
642,398,638,322
646,399,634,321
646,391,634,329
648,393,632,327
644,388,634,332
643,389,637,331
641,381,639,339
633,380,647,340
624,369,656,351
614,370,666,350
598,371,682,349
598,381,682,339
597,378,683,342
594,379,686,341
592,379,688,341
588,388,692,332
583,386,697,332
586,388,694,332
586,383,694,337
590,385,690,335
595,390,685,330
637,390,643,330
640,386,640,334
640,384,640,336
646,379,634,341
650,377,630,343
652,376,628,344
658,376,622,344
661,379,619,341
676,387,604,333
685,396,595,324
687,411,593,309
689,429,591,291
696,446,577,274
695,469,585,251
694,486,586,234
695,496,585,224
674,507,606,213
673,508,607,212
672,504,608,216
674,495,606,225
675,481,605,239
677,463,603,257
679,440,601,280
692,411,588,309
697,380,583,340
708,345,572,375
711,306,569,414
712,280,568,440
717,248,563,440
721,218,559,479
720,202,560,479
713,198,567,480
705,205,575,474
710,215,570,474
706,234,570,474
708,252,570,468
709,273,569,447
710,297,570,423
715,320,565,400
733,340,547,380
738,356,542,364
735,368,545,352
724,372,556,348
727,372,553,348
739,368,541,352
747,363,533,352
753,364,527,356
770,370,510,350
780,381,500,339
780,394,500,326
779,411,500,309
777,419,503,301
774,429,506,291
770,427,510,291
767,422,513,298
750,418,530,302
747,417,533,303
739,419,541,301
738,423,542,297
741,424,539,295
745,422,535,298
740,420,540,300
737,417,543,303
738,416,542,304
740,414,540,306
744,411,536,309
748,408,532,312
749,404,531,316
750,400,530,320
751,396,529,324
752,392,528,328
752,388,528,332
753,384,527,336
754,381,526,339
756,378,524,342
757,376,523,342
756,378,524,342
754,377,526,343
751,376,529,344
746,377,534,343
740,378,540,342
742,377,538,343
743,377,537,343
744,378,536,342
745,377,535,342
745,379,535,341
744,376,536,344
743,375,537,345
743,375,537,345
743,375,537,345
744,374,536,346
745,375,535,345
748,376,532,344
749,375,531,345
750,375,530,345
752,376,528,344
752,376,528,344
753,376,527,344
756,377,524,343
757,376,523,344
761,375,519,345
766,374,514,346
767,373,513,347
769,371,511,349
773,370,507,350
772,368,508,352
771,365,509,355
770,364,510,356
770,361,510,359
771,358,509,362
773,357,507,363
775,355,505,365
776,353,504,367
777,351,503,369
778,350,502,370
773,350,507,370
771,350,509,370
770,350,510,370
768,350,512,370
765,350,515,370
762,350,518,370
760,350,520,370
759,351,521,369
759,352,521,368
760,354,520,366
761,355,519,365
762,356,518,364
763,360,517,360
764,361,516,359
765,362,515,358
766,363,514,357
771,365,509,355
772,366,508,354
774,370,506,350
775,371,505,349
773,372,507,348
770,373,510,347
766,374,512,346
766,375,513,345
764,375,516,345
763,376,516,344
763,380,517,340
743,380,537,340
743,379,537,340
740,381,540,339
740,383,540,337
740,384,540,336
739,384,541,336
739,384,541,336
738,386,542,334
743,385,537,335
744,385,536,335
744,386,536,334
746,388,534,332
748,388,532,331
752,390,528,330
761,389,519,331
763,389,517,330
762,388,517,332
762,389,518,331
761,389,519,331
760,390,520,330
760,391,520,329
759,392,521,328
758,392,522,328
757,393,523,327
756,395,524,325
755,395,525,325
754,395,526,325
753,396,527,324
752,397,528,323
751,398,529,322
750,399,530,321
753,400,527,320
759,402,521,318
768,404,512,316
770,405,510,315
777,403,503,317
779,402,501,318
782,401,498,319
783,401,497,319
784,402,496,318
782,403,498,317
781,403,499,317
780,404,499,316
780,404,500,316
779,405,501,315
779,406,501,314
778,406,502,314
777,407,503,313
777,408,503,312
776,409,503,311
777,410,503,310
776,410,504,310
775,410,504,310
768,411,512,309
757,410,523,310
735,408,545,312
721,406,559,314
704,403,576,317
694,401,586,319
683,399,597,321
680,398,600,322
678,398,602,322
674,397,606,323
671,396,609,324
666,395,614,325
665,393,615,327
664,391,616,329
663,390,617,330
662,389,618,331
661,390,619,330
664,389,616,331
670,388,610,332
675,387,605,333
679,386,601,334
685,386,595,334
691,385,589,335
695,384,585,336
699,383,581,337
703,382,577,338
705,381,575,339
705,380,575,340
704,379,575,341
705,378,575,342
705,378,575,342
705,378,575,342
704,378,576,342
703,377,577,343
704,378,576,342
709,379,571,341
719,383,561,337
727,387,553,333
736,391,544,329
743,392,537,328
752,393,528,327
751,394,529,326
752,394,528,326
757,395,523,325
760,394,520,326
760,395,520,325
761,395,519,325
762,393,518,327
763,392,517,328
763,391,517,328
762,390,518,330
760,391,520,329
761,391,519,329
761,391,519,329
762,391,518,329
762,391,518,329
762,390,518,330
762,390,518,330
762,390,518,330
760,389,520,331
757,387,523,333
747,384,533,336
737,381,543,339
729,379,551,341
718,376,562,344
710,373,570,347
705,372,575,348
703,371,577,349
702,370,578,350
701,370,579,350
700,370,580,350
699,369,581,351
700,369,580,351
700,368,580,352
700,367,580,353
699,368,581,352
698,368,582,352
693,366,587,354
691,364,589,356
684,363,596,357
677,362,603,358
672,360,608,360
664,359,616,361
663,358,617,362
660,357,620,363
659,356,621,364
658,355,622,365
657,356,623,364
656,356,624,364
655,355,625,364
657,355,623,365
660,356,620,364
660,356,620,364
660,356,620,364
660,357,620,363
659,356,621,363
661,357,619,363
661,357,619,363
662,357,618,363
662,358,618,362
661,357,619,363
662,357,618,363
662,357,618,363
661,358,619,362
662,359,618,361
662,358,618,362
660,358,620,362
653,359,627,361
643,359,637,361
631,360,649,360
626,361,654,359
620,361,660,359
618,362,662,358
615,361,665,359
613,360,667,360
611,359,669,361
609,358,671,362
609,356,671,364
609,356,671,364
608,357,671,363
600,358,680,362
589,359,691,361
578,359,702,361
574,360,706,360
570,359,710,361
567,357,713,363
566,354,714,366
565,353,715,367
564,352,716,368
564,351,716,369
568,350,712,370
575,350,705,370
584,348,696,372
590,347,690,373
597,347,683,373
600,347,680,373
605,347,675,373
605,348,675,372
610,348,670,372
611,349,669,371
611,353,667,367
613,354,667,366
611,357,669,363
611,357,669,363
609,358,671,362
607,359,673,361
605,359,675,361
603,359,675,361
600,360,680,360
601,360,679,360
600,361,679,359
600,361,680,359
597,361,680,359
595,362,685,358
593,362,687,358
592,363,688,357
590,364,690,356
589,364,691,356
585,365,695,355
584,364,696,356
583,365,697,355
582,366,698,354
581,367,699,353
580,371,700,349
582,372,698,348
584,374,696,346
589,381,691,339
595,384,685,336
606,390,674,330
613,398,667,322
622,404,658,316
640,409,640,311
653,417,627,303
677,420,603,300
693,418,587,302
714,416,566,304
737,414,543,306
756,413,524,307
785,411,495,309
793,408,487,312
799,405,481,315
810,404,470,316
829,402,451,318
842,399,438,321
851,396,429,324
859,395,421,325
863,392,415,328
862,391,418,329
854,392,420,328
840,392,440,328
822,394,458,326
799,372,481,348
774,342,504,378
748,347,532,373
714,353,566,367
682,360,598,360
643,405,637,315
599,413,681,307
565,441,705,278
528,432,704,288
489,445,704,275
492,484,658,236
479,500,624,220
518,520,538,200
522,535,479,185
476,566,464,154
475,623,454,97
573,618,258,102
509,640,258,81
509,640,258,81
509,640,258,81
509,640,258,81
509,640,258,81
509,640,258,81
509,640,258,81
509,640,258,81
509,640,258,81
