292,50,43,37
294,54,40,33
293,55,40,33
294,57,38,33
294,58,39,35
293,59,39,35
294,61,39,35
294,62,39,35
294,64,39,35
293,66,40,38
294,68,40,38
294,70,41,40
294,73,41,39
294,74,41,39
293,76,40,39
293,78,40,38
293,80,40,38
293,82,40,38
293,84,40,40
293,86,40,40
293,88,38,39
293,89,37,38
293,91,37,38
293,94,37,38
293,97,38,37
292,99,40,40
292,101,40,40
291,104,42,40
292,107,42,40
292,109,42,40
292,112,42,40
292,114,42,40
292,117,42,40
291,120,42,40
291,122,43,40
290,125,43,40
291,127,41,40
289,130,44,40
290,132,42,40
291,135,41,40
291,137,40,40
291,140,40,40
290,143,40,42
290,145,40,40
289,148,39,40
289,151,39,40
290,154,39,40
290,157,39,40
290,160,39,40
290,162,39,40
289,165,39,40
289,167,39,40
289,169,39,40
289,172,38,39
289,174,37,38
288,175,37,39
288,177,36,38
288,178,38,39
288,179,38,38
288,180,39,38
288,181,39,40
285,182,41,40
288,182,40,40
287,183,41,40
287,182,40,40
285,182,43,40
285,181,43,40
286,181,41,40
286,181,41,40
284,181,43,40
285,180,41,40
286,179,38,37
286,178,37,36
285,177,37,37
285,176,36,36
285,174,37,35
284,172,40,38
285,170,40,38
285,167,39,38
285,164,39,38
285,161,40,38
284,158,40,38
284,155,40,38
284,151,40,38
285,148,39,39
285,144,39,39
285,141,39,39
285,138,39,39
284,135,39,39
285,132,38,38
286,128,38,39
287,124,38,39
291,120,37,38
294,117,38,38
298,113,38,39
302,109,38,39
307,105,38,40
313,102,38,40
319,99,38,40
325,96,37,39
333,92,37,39
341,89,37,38
349,85,37,39
358,81,37,40
368,77,37,40
377,75,39,40
386,71,43,33
397,67,45,33
411,62,46,35
418,58,50,37
424,56,47,36
426,52,47,36
418,49,53,35
409,45,53,35
402,40,43,34
392,38,39,33
383,35,38,33
373,31,39,32
364,27,40,32
356,23,40,32
349,21,39,31
341,17,40,32
334,13,40,33
329,10,41,35
324,6,40,34
318,3,40,34
313,2,40,35
309,1,40,34
306,1,40,33
302,1,40,32
299,1,41,31
298,1,42,32
297,2,41,32
295,4,41,34
295,7,41,34
294,10,42,36
293,14,42,36
292,18,42,36
291,23,42,35
291,28,44,37
290,33,43,39
289,41,43,39
288,49,41,35
288,56,40,32
287,62,39,31
286,68,39,31
286,73,39,31
285,78,39,31
285,82,39,31
284,86,39,31
284,90,38,31
283,92,40,32
283,95,39,32
283,98,39,32
283,100,39,33
282,101,40,33
282,102,40,33
282,103,40,34
282,104,40,34
282,105,40,34
281,105,41,34
282,105,41,33
283,105,41,33
283,105,39,33
283,105,38,32
283,104,38,32
283,104,38,33
283,104,38,33
283,104,38,33
283,104,39,33
284,104,39,33
284,104,39,33
284,104,38,33
284,104,39,32
284,103,40,34
285,103,40,35
285,103,39,34
285,103,38,34
285,104,38,33
285,103,38,32
285,104,38,32
285,104,38,32
285,103,38,33
285,103,38,34
285,103,38,35
285,103,38,35
285,103,38,35
286,102,38,36
286,102,38,36
286,102,38,35
286,101,38,35
286,101,38,35
287,101,37,35
287,101,37,35
287,100,37,34
287,101,37,33
287,101,37,32
287,101,37,31
287,101,37,33
288,101,38,32
288,101,38,33
288,101,37,32
288,100,37,33
285,101,41,33
286,101,39,32
287,101,39,32
287,101,39,33
287,101,39,34
287,102,38,34
287,102,38,33
288,101,37,32
288,102,37,31
288,102,37,32
288,102,38,33
288,102,37,33
288,102,37,33
288,102,37,33
288,102,37,34
288,102,37,34
288,102,36,33
288,101,36,34
288,101,37,34
288,101,37,35
288,101,37,36
288,102,36,33
288,101,37,35
288,102,36,34
288,102,36,33
288,102,36,32
288,102,35,31
288,102,36,31
288,102,36,31
289,102,36,32
289,102,36,33
289,102,37,33
289,102,36,32
289,102,37,32
290,102,37,32
289,103,38,33
289,102,39,34
290,103,37,31
290,102,37,31
290,102,37,32
290,102,37,31
290,102,37,30
290,102,37,31
291,102,37,31
291,102,36,30
291,102,36,30
291,102,35,30
291,102,34,30
291,102,34,31
291,102,34,31
291,102,35,31
291,102,35,32
291,102,35,32
291,102,35,32
290,102,36,32
290,102,35,32
290,102,36,32
290,102,36,32
290,102,36,32
290,103,36,32
290,103,35,32
290,103,35,32
289,103,35,31
289,103,36,30
289,104,36,30
289,104,36,30
289,104,36,30
289,105,36,30
289,105,35,30
289,105,35,30
289,106,35,30
288,106,35,30
287,107,35,30
287,108,34,30
286,109,33,29
286,110,32,28
285,111,32,27
285,112,32,26
284,113,32,27
282,114,32,28
282,115,32,29
281,115,32,28
279,116,33,27
278,115,33,27
278,114,33,27
277,113,32,27
278,112,31,27
279,111,31,27
280,111,32,28
282,111,32,28
283,111,31,27
283,111,31,27
283,111,31,27
283,112,31,28
283,113,32,29
284,114,32,29
285,114,32,28
286,113,33,28
287,112,34,28
289,111,35,30
291,111,34,28
291,109,32,28
292,108,32,29
292,109,31,28
292,109,31,27
293,110,30,26
292,110,30,26
292,109,29,25
293,110,29,25
292,110,30,26
292,110,31,26
293,110,30,26
293,110,29,27
292,110,28,26
291,110,30,27
291,109,29,28
291,109,29,28
290,109,29,27
289,109,29,26
288,109,29,27
287,109,29,28
287,109,29,28
286,108,28,27
285,108,28,26
284,109,29,25
282,107,29,26
282,106,28,26
281,106,28,26
280,106,28,25
279,106,29,26
279,106,29,27
278,105,29,28
278,106,29,28
278,107,29,27
278,107,28,27
278,107,28,27
278,107,28,27
278,108,28,26
278,108,28,26
277,109,28,26
277,109,28,26
278,110,28,26
278,110,28,26
278,110,28,26
278,110,28,26
278,111,28,26
278,111,28,26
278,111,29,26
278,111,29,26
279,112,28,26
279,112,28,26
279,112,28,26
279,113,29,27
279,113,28,26
280,113,27,25
280,114,26,24
280,114,27,25
281,114,27,25
280,114,27,25
281,115,27,25
281,115,28,26
281,115,28,25
281,115,28,26
280,115,31,27
281,115,31,28
282,116,30,27
282,116,30,27
282,116,30,27
282,116,30,26
283,116,29,27
283,117,29,26
283,116,29,26
283,117,28,25
282,117,28,25
283,117,27,25
283,117,27,24
282,117,28,25
282,117,28,26
282,117,29,27
282,117,29,27
281,117,30,26
282,117,30,26
282,117,29,26
282,117,28,26
283,117,27,26
283,118,27,25
283,118,27,25
283,118,27,24
284,118,27,24
284,118,27,24
284,118,27,25
284,118,28,25
284,118,28,26
285,117,28,27
285,117,28,27
285,118,28,26
285,118,29,27
284,118,29,27
285,118,30,28
285,118,30,28
286,118,30,29
286,118,30,29
287,118,31,31
288,118,30,31
288,118,31,31
288,119,32,32
289,119,32,33
290,119,31,33
291,119,30,33
291,119,31,32
291,119,31,31
291,119,31,33
292,119,31,34
292,120,31,33
293,120,31,33
293,120,31,33
293,121,32,33
293,121,32,33
293,121,32,33
294,122,31,32
294,122,31,31
294,122,30,32
294,122,32,32
294,122,32,32
295,122,31,32
295,121,31,32
297,120,31,33
299,120,31,33
301,120,31,33
304,120,31,33
307,120,32,33
311,120,32,33
315,121,32,33
319,120,32,34
324,120,32,35
328,119,32,34
333,118,32,34
338,116,31,33
342,115,32,33
347,113,32,33
351,111,32,33
355,108,31,32
358,105,30,31
360,103,30,31
361,101,31,29
363,99,30,29
362,97,30,29
362,96,29,28
361,96,30,26
361,96,29,25
360,96,28,24
359,96,28,24
359,97,29,25
360,99,29,25
361,100,29,25
363,101,29,26
366,103,28,25
369,105,29,26
371,107,29,26
375,108,29,26
379,110,30,27
384,112,30,28
388,114,29,27
393,116,28,27
397,118,28,27
400,120,27,26
403,123,27,25
406,125,27,24
409,126,27,24
410,128,27,23
411,129,27,25
411,129,25,22
412,129,24,21
413,128,25,21
415,127,26,22
418,127,26,21
420,128,25,20
423,128,26,18
424,128,25,16
426,130,26,21
426,130,28,19
425,131,28,19
424,132,28,18
423,133,28,18
421,134,27,17
418,135,26,16
414,137,26,16
410,139,26,17
406,141,24,16
402,142,23,15
397,142,24,14
392,143,23,15
386,143,23,15
381,143,22,15
375,144,22,15
369,143,23,15
361,144,24,15
355,144,22,14
347,145,21,13
340,145,20,12
332,145,20,12
324,145,20,12
315,145,20,12
306,144,20,12
297,144,20,11
287,144,20,10
276,144,21,9
265,144,21,9
254,144,22,9
243,144,21,10
232,144,21,10
220,143,21,11
207,144,22,11
194,144,25,12
182,144,26,11
169,143,26,10
157,143,27,11
146,143,26,10
139,143,25,9
131,143,25,9
123,143,25,9
116,143,24,10
111,143,23,10
106,142,23,11
102,142,22,11
98,142,23,11
97,141,25,13
95,142,27,13
94,142,29,13
95,142,29,13
97,141,30,13
103,140,28,14
106,139,29,15
109,140,30,15
114,139,31,16
122,139,27,16
126,138,28,16
130,138,28,16
135,138,28,16
141,137,26,15
145,137,27,16
151,137,28,16
155,136,29,17
160,138,28,17
166,137,27,17
170,136,26,19
174,137,27,20
178,137,25,19
181,136,25,19
186,135,26,23
191,136,25,21
198,136,23,22
202,137,23,22
205,135,25,23
208,135,24,24
213,135,23,25
216,134,22,24
219,134,21,23
222,136,22,24
227,138,20,22
231,138,19,21
234,137,19,21
236,138,19,20
239,138,20,20
241,137,17,20
243,138,18,20
245,138,18,21
246,138,19,21
248,139,20,22
250,139,21,22
251,139,21,22
251,138,22,22
252,138,22,22
252,138,24,22
253,138,26,22
253,138,27,23
253,138,27,23
254,138,27,24
256,136,25,22
258,136,24,22
258,135,23,23
259,134,22,23
260,133,21,23
260,132,21,23
260,130,21,23
259,129,21,24
259,129,20,23
259,128,19,23
257,127,20,23
256,127,20,22
256,125,20,22
255,124,21,22
254,123,21,23
252,121,22,24
251,120,22,24
249,118,23,25
250,117,23,25
249,116,23,24
250,114,21,24
250,112,21,25
249,110,22,23
249,108,22,24
249,107,23,23
248,106,22,22
246,103,23,22
242,102,24,22
241,100,25,23
239,98,26,24
238,97,24,24
237,95,24,24
235,94,24,24
234,93,24,24
234,92,24,24
234,90,23,23
234,89,23,22
235,88,23,22
236,87,22,22
235,85,23,22
234,83,23,23
233,82,24,24
233,80,24,25
233,79,24,26
233,78,23,24
232,77,23,24
233,74,24,23
233,74,24,22
234,72,23,23
234,72,22,23
234,70,23,21
235,69,21,21
235,68,22,22
234,69,22,21
234,68,23,20
234,67,23,19
233,66,24,19
234,65,23,19
235,64,22,21
235,63,22,20
236,63,20,19
236,63,21,19
237,63,21,19
236,62,22,20
236,62,22,20
235,61,22,20
237,60,22,20
237,60,21,20
237,60,21,20
236,60,21,20
236,60,20,19
236,59,21,19
236,59,22,20
236,58,22,20
235,58,22,20
235,57,22,21
235,55,23,21
236,54,24,22
236,54,25,22
239,53,24,23
241,53,23,23
243,53,23,23
241,54,26,23
243,54,25,21
245,53,26,22
247,52,24,23
249,52,24,23
250,51,25,24
251,51,25,24
254,51,24,24
256,50,23,24
257,50,22,24
258,50,22,24
256,50,23,16
257,51,21,16
258,52,21,15
260,54,21,14
261,55,23,14
261,56,24,13
263,57,22,12
265,58,22,13
269,60,20,13
272,61,20,13
275,63,20,12
277,64,21,12
279,65,21,11
281,66,23,13
285,68,21,13
287,68,21,14
289,70,21,14
291,72,20,12
293,73,19,12
296,74,18,13
297,75,18,12
299,76,19,12
301,78,20,11
302,79,21,11
304,79,21,12
305,80,21,12
305,80,24,13
307,80,28,23
308,80,29,23
309,80,30,23
310,81,31,23
311,80,31,23
313,80,31,23
314,80,31,23
316,80,31,23
317,80,31,23
318,80,31,23
319,80,32,23
319,80,32,23
320,80,32,23
320,81,33,23
320,82,35,23
321,82,35,23
321,82,35,23
322,82,35,23
322,82,34,22
324,81,33,19
325,80,33,19
326,80,34,19
328,80,34,19
329,80,34,13
331,79,33,13
332,79,32,13
339,78,27,13
340,78,26,12
340,78,25,11
342,78,27,11
344,77,26,12
345,76,26,14
345,75,24,12
347,75,22,12
350,75,20,9
351,76,20,9
353,75,19,9
356,74,19,9
357,74,19,10
358,73,20,10
359,73,19,10
360,73,20,9
361,73,20,8
364,72,19,9
365,72,18,10
368,72,19,9
368,72,18,9
371,71,18,10
373,71,18,10
372,70,20,10
373,70,19,11
375,69,19,10
376,69,20,10
376,68,19,9
379,68,19,11
379,67,20,11
379,67,20,11
380,66,21,11
380,67,22,11
379,66,22,11
382,66,22,12
381,66,23,12
380,66,25,12
381,65,25,12
381,66,26,12
384,65,22,12
387,65,21,11
387,66,20,12
387,66,19,11
387,67,19,8
388,67,19,9
388,67,20,10
389,67,19,10
389,67,20,9
389,68,20,10
389,68,21,12
389,68,22,12
389,68,22,12
389,68,23,12
389,68,23,12
390,68,23,11
390,69,23,10
392,69,22,10
392,71,22,10
392,70,22,12
393,70,24,13
394,70,23,12
394,71,24,12
395,71,22,12
397,70,21,12
398,71,21,13
398,70,22,13
400,71,23,13
401,72,23,13
402,71,23,13
403,72,23,13
405,73,22,12
407,73,22,12
408,73,22,12
409,73,23,12
410,73,24,12
413,74,23,11
414,75,21,11
416,75,20,10
417,76,21,11
417,76,22,11
418,76,22,13
420,76,21,12
421,77,21,12
422,77,21,13
424,78,20,12
425,78,20,12
426,79,20,12
427,79,21,12
428,80,20,11
430,80,20,11
432,80,19,11
433,80,18,11
435,80,17,11
436,81,18,12
438,81,18,13
439,82,18,12
440,82,18,12
441,82,18,12
442,82,18,12
444,82,18,11
446,83,18,11
448,83,18,11
449,83,18,11
450,83,18,11
451,85,19,11
452,85,20,11
454,85,20,12
456,85,19,13
456,85,20,13
455,85,22,14
458,86,20,13
460,86,19,12
462,86,18,11
462,87,19,10
463,87,19,11
464,87,19,11
466,87,19,11
467,87,19,12
467,87,20,11
468,88,20,10
469,87,21,11
470,87,21,12
471,88,21,12
471,88,22,12
472,88,21,12
473,87,21,12
474,88,22,12
474,88,22,12
475,88,21,12
475,88,22,12
477,88,20,13
478,88,19,13
478,89,19,11
479,88,19,12
479,89,20,12
479,89,20,11
479,89,20,11
481,89,19,11
480,90,20,11
480,89,20,12
481,90,19,11
482,90,17,10
482,90,18,11
481,90,19,12
482,90,18,12
482,90,17,11
483,90,17,11
482,90,18,12
482,90,18,12
482,90,18,12
481,91,19,12
481,91,19,13
480,92,19,12
480,93,19,12
479,93,18,11
479,93,18,11
479,93,19,13
479,93,18,13
479,93,18,13
479,93,18,13
479,94,20,14
479,94,17,13
478,95,18,12
478,95,18,13
476,95,20,14
475,95,21,15
474,97,21,14
474,98,20,13
474,98,20,13
474,98,19,13
474,98,19,14
474,99,18,13
474,99,18,13
473,99,19,14
473,100,18,13
473,100,18,13
474,101,18,13
473,101,18,13
473,101,18,13
472,101,18,13
472,101,18,14
472,101,18,14
472,101,19,14
472,101,19,14
471,102,19,13
472,102,18,13
472,102,18,14
472,102,17,13
472,103,17,14
471,103,17,13
471,103,18,13
470,104,18,13
469,104,19,13
469,105,19,13
469,106,19,12
468,106,19,13
469,106,18,13
468,106,19,13
468,106,19,13
467,106,19,13
467,106,19,13
467,106,19,13
466,107,20,13
466,108,20,12
466,108,20,13
466,108,19,13
466,108,18,13
466,108,18,14
465,108,19,14
465,109,19,13
465,110,19,12
465,110,20,13
465,110,23,14
463,111,26,13
463,111,25,12
465,111,26,15
465,111,25,14
466,111,25,12
471,110,24,14
471,110,24,14
471,110,25,15
472,110,26,16
474,110,25,16
476,109,25,16
478,108,23,17
480,107,23,18
482,107,23,18
483,106,23,18
485,106,24,18
487,105,23,18
489,104,24,19
490,103,24,19
491,103,24,19
494,103,24,15
495,101,26,15
495,101,26,15
500,100,23,15
504,99,22,15
504,98,22,15
506,97,24,16
508,96,24,16
510,95,24,15
512,94,24,15
514,93,24,15
516,92,24,16
518,91,24,16
519,89,24,16
521,88,24,16
522,87,24,17
524,86,24,18
526,85,24,18
527,86,24,18
529,85,24,16
530,83,24,16
531,83,24,16
532,83,24,16
533,83,24,16
535,84,24,16
536,84,24,16
539,84,23,15
540,84,23,15
541,84,24,15
543,84,24,15
545,85,24,15
546,85,24,15
548,85,23,16
550,86,22,15
551,86,22,15
552,86,21,15
553,86,21,16
556,86,21,16
558,86,20,15
560,87,20,15
561,88,20,12
562,87,21,13
563,87,20,14
564,88,20,14
566,88,20,14
567,88,21,14
568,88,22,15
567,87,24,14
569,88,24,14
571,88,24,14
572,89,23,13
573,89,23,13
574,89,22,12
575,89,22,13
576,89,22,13
577,90,22,13
578,90,22,13
579,90,22,13
580,90,22,13
581,90,21,13
582,90,21,14
583,90,21,15
583,90,21,15
584,90,21,15
584,91,21,14
585,91,23,14
585,91,22,13
586,91,22,14
587,91,21,13
587,92,22,14
588,92,22,15
589,92,21,15
590,92,20,15
590,92,20,15
591,92,20,16
592,92,20,16
592,92,21,16
592,92,22,16
592,92,22,16
593,93,22,16
593,93,22,15
594,93,22,15
593,93,23,15
593,94,23,15
594,93,23,16
594,93,23,17
595,92,22,17
595,92,22,18
595,92,22,18
595,91,22,18
595,91,22,18
595,91,22,18
595,91,22,18
595,90,24,18
595,90,24,18
595,90,24,18
596,89,24,18
597,88,24,18
597,88,24,18
598,88,24,18
599,87,24,18
599,86,24,18
599,87,24,18
599,86,24,18
600,85,24,18
601,84,24,19
601,84,24,19
601,83,24,19
600,83,24,19
601,83,23,19
601,82,22,18
601,82,21,17
602,82,20,16
602,81,20,16
602,80,20,16
602,80,20,16
602,80,21,16
603,79,21,16
602,79,22,16
604,78,22,16
605,77,21,15
606,77,20,16
605,77,19,16
605,76,19,16
604,76,19,16
603,76,20,17
603,76,20,17
602,76,19,16
601,77,19,16
601,76,19,16
600,76,19,16
599,75,21,18
600,74,21,18
599,75,22,18
600,76,21,17
600,76,20,17
601,75,19,17
599,77,20,17
599,77,21,18
598,79,23,17
599,79,22,16
600,81,22,16
600,82,21,16
600,84,22,16
602,85,22,17
601,88,24,16
601,90,24,16
603,91,23,19
602,93,23,19
601,95,24,20
601,98,24,20
601,101,24,21
602,107,23,20
603,110,23,19
604,113,22,17
604,116,23,19
605,122,23,19
604,125,23,19
604,130,23,18
604,133,24,20
604,138,24,19
604,141,24,20
605,145,23,20
605,149,24,21
606,152,25,21
607,157,23,20
607,160,23,20
607,164,23,20
608,167,23,20
608,170,23,21
608,174,23,21
608,178,23,21
608,181,23,20
608,184,24,19
608,187,24,20
608,190,24,20
608,192,25,20
609,194,24,20
609,197,24,21
610,199,23,20
610,201,23,19
611,203,22,19
611,205,23,20
611,206,23,20
611,208,24,21
611,209,24,22
610,211,24,22
610,212,25,22
610,214,25,21
610,215,25,20
610,216,25,20
610,217,25,21
610,217,25,22
610,218,24,21
609,218,25,22
608,218,26,22
607,217,26,21
608,217,25,20
609,217,23,20
608,216,24,21
607,216,25,21
607,215,25,21
608,214,24,22
607,213,24,21
608,211,23,22
608,210,24,22
607,208,25,22
606,206,26,22
606,204,26,21
605,202,26,21
604,200,26,21
603,198,26,20
602,195,26,20
601,193,25,20
600,190,25,20
598,187,25,20
596,184,25,19
594,179,26,21
593,176,25,22
590,171,26,24
589,166,25,24
586,162,25,23
584,157,25,23
582,152,25,23
580,147,25,23
578,143,25,23
576,137,25,23
573,131,25,23
572,125,24,21
570,119,24,22
567,112,24,23
566,106,24,23
565,99,24,23
564,92,24,22
562,84,25,23
561,76,24,24
559,68,25,25
557,61,25,24
556,54,25,24
554,46,25,23
553,39,25,23
551,31,25,22
550,25,25,22
549,23,25,22
548,22,24,21
547,24,23,20
544,28,24,22
543,35,24,22
541,46,23,22
538,56,24,25
535,71,25,26
532,84,26,26
532,100,25,25
530,114,24,26
527,126,26,27
527,138,24,24
525,147,26,23
522,156,27,20
521,163,27,20
519,167,26,19
518,169,26,20
516,169,26,22
514,170,25,22
513,172,24,22
511,172,27,23
505,174,28,19
503,175,28,19
500,176,27,19
497,176,28,21
495,177,29,21
492,178,29,22
491,180,28,23
489,181,27,25
486,182,26,19
484,184,27,19
482,186,27,20
480,186,26,22
478,187,25,22
474,190,26,21
471,193,26,21
468,194,26,20
466,196,25,22
463,198,25,23
460,199,26,24
457,201,26,23
454,202,26,23
451,201,25,22
449,201,25,21
445,199,24,20
443,198,24,20
439,195,24,21
436,192,24,22
432,189,25,23
428,186,26,23
424,181,27,24
420,176,28,24
417,171,28,23
415,166,27,23
414,161,26,22
414,157,27,22
417,152,27,21
421,148,25,20
425,144,26,22
435,140,25,23
443,138,26,23
453,133,27,24
465,131,27,23
476,128,31,23
489,127,34,24
504,126,35,24
518,122,38,24
539,121,39,23
559,119,38,22
579,119,36,21
603,118,35,20
626,117,37,21
643,117,38,21
661,116,35,20
681,117,25,23
695,116,24,22
704,115,26,25
713,114,26,27
721,114,25,26
725,114,25,27
730,113,24,26
732,112,25,27
732,113,25,26
730,113,26,25
726,112,25,24
723,111,25,24
720,111,27,24
718,111,26,24
716,110,25,23
714,109,25,23
711,108,25,23
708,108,25,22
705,107,25,22
702,106,26,22
699,105,26,23
698,104,24,24
695,103,24,23
692,102,23,22
689,100,24,22
686,99,24,23
686,97,21,24
681,96,24,24
678,95,25,24
675,94,24,23
672,91,26,25
669,90,25,25
666,88,25,24
665,86,24,25
662,84,25,24
657,83,27,24
654,82,26,24
652,80,26,25
649,78,27,26
647,76,27,24
645,74,26,25
642,73,27,26
639,72,27,25
637,70,27,26
635,68,26,26
633,66,26,27
631,64,26,28
629,62,26,28
626,62,27,29
624,61,26,28
621,61,27,26
619,60,27,24
617,59,28,24
615,59,27,23
613,57,28,24
612,55,27,26
611,55,26,25
607,55,28,25
608,53,28,24
606,53,27,22
605,52,26,21
603,52,24,21
601,52,25,22
598,51,26,23
597,50,26,24
596,50,25,24
595,50,24,24
591,49,26,25
588,49,27,26
588,49,26,24
586,50,26,25
584,49,26,25
583,49,26,25
582,49,26,25
582,47,25,27
581,47,25,28
580,47,25,28
578,47,25,28
577,48,26,28
576,47,26,27
575,47,26,26
573,48,27,25
573,48,26,24
573,48,25,25
572,48,25,26
571,48,25,25
570,48,25,26
569,48,26,26
568,47,26,25
567,48,26,25
567,48,26,26
566,49,26,26
565,48,27,26
564,48,28,25
563,48,29,25
562,48,29,25
563,49,27,25
563,49,27,26
562,49,27,25
562,49,27,24
562,49,26,24
562,49,27,25
562,48,26,25
562,49,26,25
562,49,26,25
561,49,27,25
562,49,26,24
562,49,26,24
562,49,26,24
561,49,27,24
560,49,27,24
560,49,28,24
560,49,28,24
560,49,28,24
561,49,27,24
561,49,26,25
561,49,26,25
562,49,26,25
562,49,26,25
562,49,26,25
562,49,26,25
563,49,26,25
563,49,26,25
563,49,26,25
563,49,26,25
563,49,26,25
563,49,26,25
563,49,26,25
563,49,26,25
563,49,26,25
563,50,26,25
563,50,26,25
563,50,26,25
563,50,26,25
564,50,26,25
564,50,26,25
564,50,26,25
565,50,27,25
565,50,28,26
566,50,27,25
566,51,27,24
566,52,27,24
567,52,27,24
567,52,27,24
567,53,27,24
568,53,27,24
568,53,26,25
568,54,27,26
569,54,27,24
569,55,28,24
569,56,28,23
570,56,28,25
570,56,28,24
571,56,27,24
571,58,28,24
573,58,28,25
572,58,28,24
572,59,29,24
573,59,29,25
573,59,29,24
575,60,26,23
575,62,27,23
575,62,26,23
575,62,26,23
576,63,27,23
576,64,27,24
576,64,28,24
577,65,28,24
578,66,26,23
578,66,27,23
579,66,28,23
581,66,28,23
582,67,28,23
582,67,28,23
583,68,28,24
584,68,28,24
585,69,28,23
586,69,28,23
587,69,28,23
588,69,28,23
589,69,28,23
590,68,27,23
592,68,27,23
593,69,26,23
594,69,26,23
595,68,27,23
595,68,27,24
596,67,27,24
597,67,27,24
598,67,27,24
599,67,27,24
601,67,27,24
602,67,27,24
603,67,28,24
604,66,28,24
604,66,28,24
606,65,28,24
608,64,28,24
609,63,28,24
610,64,28,24
611,64,28,24
613,64,28,24
614,64,28,24
616,64,28,24
617,63,29,24
617,62,30,24
618,63,30,24
620,63,30,24
620,63,30,24
622,63,31,24
624,63,32,24
626,62,33,24
627,63,34,24
628,61,35,24
633,60,31,24
634,60,30,24
637,60,30,24
639,59,29,24
642,59,28,24
644,59,27,24
646,59,27,24
649,60,27,24
651,58,27,24
652,59,28,25
653,58,29,25
656,58,27,25
658,57,28,24
660,57,28,26
663,57,27,27
664,57,27,27
665,57,29,26
668,56,29,26
669,56,29,27
671,55,29,28
673,56,30,25
675,56,29,24
678,57,29,23
680,56,30,23
683,56,27,26
686,56,28,26
689,56,27,26
693,57,26,25
695,57,26,25
698,57,26,24
701,57,26,24
703,57,27,24
706,57,27,24
710,57,27,23
712,57,27,23
715,56,27,25
718,56,28,24
719,53,29,25
722,51,28,24
726,47,27,24
728,43,28,23
730,38,28,22
732,33,27,22
736,26,27,22
739,17,27,23
742,9,27,24
742,1,27,24
743,1,29,11
736,1,29,11
736,1,29,11
736,1,29,11
736,1,29,11
736,1,29,11
736,1,29,11
736,1,29,11
736,1,29,11
736,1,29,11
735,1,30,11
735,1,30,11
735,1,30,11
735,1,30,11
735,1,30,11
735,1,30,11
735,1,30,11
735,1,30,11
735,1,30,11
735,1,30,11
735,1,30,11
735,1,30,11
735,1,30,11
735,1,30,11
735,1,30,11
735,1,30,11
735,1,30,11
735,1,30,11
735,1,30,11
735,1,30,11
735,1,30,11
735,1,30,11
668,3,30,25
665,21,31,26
661,36,29,25
652,53,29,24
641,69,30,27
633,81,29,26
624,90,30,26
618,97,29,23
614,102,29,23
612,109,29,23
611,110,30,22
611,111,31,21
614,109,30,20
619,105,30,19
626,101,30,19
633,95,31,18
640,86,34,18
657,72,28,23
671,61,30,21
682,49,30,21
701,38,31,21
722,24,32,21
742,13,27,21
755,3,30,21
769,1,30,21
769,1,30,21
769,1,30,21
769,1,30,21
769,1,30,21
769,1,30,21
769,1,30,21
769,1,30,21
769,1,30,21
769,1,30,21
769,1,30,21
769,1,30,21
769,1,30,21
769,1,30,21
769,1,30,21
769,1,30,21
769,1,30,21
769,1,30,21
769,1,30,21
769,1,30,21
769,1,30,21
769,1,30,21
769,1,30,21
769,1,30,21
769,1,30,21
769,1,30,21
769,1,30,21
769,1,30,21
769,1,30,21
769,1,30,21
769,1,30,21
769,1,30,21
769,1,30,21
769,1,30,21
769,1,30,21
769,1,30,21
769,1,30,21
769,1,30,21
769,1,30,21
769,1,30,21
769,1,30,21
769,1,30,21
769,1,30,21
769,1,30,21
769,1,30,21
769,1,30,21
769,1,30,21
769,1,30,21
769,1,30,21
769,1,30,21
