399,162,32,42
404,169,29,40
405,172,30,40
405,174,30,40
408,177,29,37
412,178,29,39
417,180,27,37
421,183,27,38
425,185,28,39
431,188,27,38
437,189,27,41
445,191,26,38
454,190,25,37
464,188,26,39
471,185,27,37
478,183,28,32
486,173,28,34
495,166,28,29
504,153,26,33
508,144,29,34
511,137,30,35
515,128,29,34
519,123,26,26
520,118,26,26
520,114,27,29
521,111,27,27
522,107,27,27
523,105,27,31
524,105,25,29
525,104,24,27
526,105,22,28
529,107,20,22
529,108,21,25
528,109,21,31
527,111,23,23
525,111,21,23
526,112,20,25
525,114,21,22
523,115,19,24
522,116,22,25
519,118,21,24
514,118,23,26
511,119,25,24
511,120,19,23
502,122,23,24
496,122,24,25
490,124,23,24
484,124,22,25
477,126,22,25
471,127,22,23
463,129,22,26
455,131,24,23
451,131,21,23
443,132,22,25
437,133,24,22
431,134,23,21
427,135,24,25
422,135,22,25
418,135,22,25
415,135,24,26
414,136,22,25
411,137,23,25
410,138,22,22
407,138,25,28
405,140,26,28
406,141,25,30
405,144,26,31
404,145,26,34
404,151,30,34
404,155,28,31
404,161,27,32
406,166,31,36
407,172,31,37
409,174,32,40
412,177,31,41
415,181,31,42
418,182,30,44
422,187,30,41
424,190,31,42
427,192,29,42
428,195,29,42
429,196,31,44
433,197,29,43
435,199,29,43
437,201,29,42
439,201,29,42
439,202,30,42
440,203,31,42
443,204,30,41
445,205,30,41
447,205,30,40
449,205,30,40
451,206,30,41
452,207,30,41
454,209,30,38
457,209,28,38
459,210,29,39
462,211,29,38
464,211,29,38
467,212,29,37
469,212,29,37
471,212,29,38
472,213,29,37
472,213,30,38
472,213,30,38
473,213,27,37
472,214,26,37
469,211,30,40
467,210,30,41
466,210,30,40
466,209,30,41
466,211,28,39
464,211,29,39
463,212,28,38
459,212,31,40
457,212,30,39
454,213,30,38
450,212,31,38
447,211,32,38
445,210,30,37
442,210,29,36
439,210,29,36
436,210,30,39
436,210,27,38
432,210,29,38
430,211,29,38
427,211,29,39
425,211,28,38
422,211,28,38
420,211,28,38
416,211,29,37
413,210,29,38
410,209,29,39
408,209,29,39
406,209,29,38
404,210,28,36
403,209,27,39
402,210,28,36
402,211,28,36
401,212,29,35
401,212,28,37
401,213,28,36
400,214,28,37
400,215,28,37
399,216,29,35
399,217,28,37
399,218,28,35
399,219,28,35
399,220,29,34
399,220,29,35
400,221,29,35
401,222,29,35
401,221,29,38
401,222,29,38
403,222,30,38
405,221,29,38
406,223,30,38
407,221,29,38
409,223,29,38
410,224,28,37
411,223,28,37
413,223,27,35
414,223,27,34
416,222,27,34
417,221,28,35
418,221,27,36
419,222,28,35
420,222,27,35
421,222,27,35
423,222,27,35
424,222,27,35
425,222,27,36
425,223,27,34
426,222,26,35
427,222,26,34
427,222,27,34
428,221,27,34
429,221,26,34
430,220,26,35
430,220,27,34
431,220,27,34
432,220,27,35
433,220,26,35
433,220,27,35
433,220,28,34
434,220,27,36
434,220,28,34
435,220,28,35
435,220,28,35
436,220,27,35
436,220,28,36
437,221,28,34
438,220,27,36
438,220,28,36
439,220,28,36
439,221,28,35
439,220,29,37
439,221,29,35
441,221,27,35
441,221,27,35
441,220,28,36
441,220,28,36
441,220,28,37
441,221,28,35
441,220,28,37
441,220,28,37
441,219,29,38
441,219,28,37
439,219,29,38
437,219,29,38
433,221,29,37
428,221,30,37
424,220,31,40
421,224,33,38
419,225,34,38
419,226,34,40
418,228,34,39
417,229,34,39
416,230,34,39
415,231,35,39
413,232,35,38
412,232,35,39
411,233,35,36
411,233,34,35
410,231,34,37
409,230,36,38
409,230,36,37
409,229,36,37
408,229,35,36
407,228,35,37
406,228,34,38
404,227,34,38
401,228,35,37
398,228,34,37
394,228,34,36
391,228,33,35
388,227,33,35
386,224,34,36
384,222,34,36
382,220,32,35
380,218,31,35
377,217,30,34
374,214,30,36
371,215,30,34
367,215,30,34
365,215,30,34
363,216,26,34
359,217,27,32
356,218,27,33
354,219,27,33
351,218,26,35
347,219,28,34
343,219,29,34
340,219,30,35
337,218,29,36
333,218,30,36
331,218,29,37
330,219,27,35
328,219,27,35
326,220,28,34
324,220,29,34
324,220,28,36
323,222,29,35
324,222,29,36
326,223,29,37
327,224,30,36
331,225,29,36
332,224,31,38
334,225,31,39
337,225,30,38
340,226,29,39
342,225,31,39
345,226,33,39
348,225,30,40
350,225,31,41
352,225,30,40
354,225,30,41
356,224,30,41
357,223,29,41
356,224,32,39
357,223,30,39
359,223,32,38
362,222,30,39
366,222,30,39
369,222,29,39
372,222,29,40
374,222,29,40
374,222,30,40
373,221,29,39
371,219,28,40
367,216,29,41
363,213,30,40
360,209,30,39
360,203,29,37
361,196,30,38
363,192,30,35
368,186,28,35
372,183,26,36
376,180,27,37
378,180,27,35
380,178,26,31
379,178,29,32
379,178,29,33
377,181,32,31
380,186,31,34
381,190,32,37
382,194,32,37
381,200,32,36
381,206,31,35
382,209,31,37
383,213,30,38
385,218,29,36
387,220,28,35
387,222,28,33
385,224,27,32
382,224,27,31
376,223,26,29
372,222,27,30
369,220,27,31
366,218,26,32
363,218,26,32
361,220,24,30
359,221,26,31
357,223,26,31
355,222,26,33
354,220,28,34
357,218,27,35
359,214,28,34
362,208,29,33
366,200,27,33
368,191,26,31
367,180,27,32
365,171,27,31
361,164,29,36
357,158,30,35
353,153,30,35
349,149,30,36
346,144,29,36
342,142,30,37
339,139,31,38
336,138,32,38
335,137,31,36
334,136,31,37
333,136,29,36
332,135,30,38
331,136,30,36
332,137,29,35
333,137,28,35
334,139,27,34
336,139,26,32
341,141,22,30
344,141,21,30
346,141,23,32
349,141,22,32
350,140,22,36
350,141,25,35
352,141,23,36
354,141,23,35
353,142,23,35
354,142,21,34
354,142,22,32
355,140,21,31
355,141,20,26
355,142,18,24
354,141,21,26
355,141,19,25
356,142,19,21
357,142,18,21
358,143,20,24
360,145,22,22
364,148,20,22
366,150,19,23
368,152,26,22
371,151,23,26
374,153,23,25
380,153,20,24
381,153,22,24
382,152,25,27
382,152,28,29
385,152,24,27
390,152,21,28
391,153,23,29
394,153,23,30
394,156,27,31
395,156,24,33
396,156,26,33
396,156,27,34
396,156,26,36
397,155,25,37
397,155,28,36
397,154,29,32
399,154,29,34
399,154,31,36
399,154,30,33
399,153,32,39
400,154,32,39
401,153,31,41
402,154,31,39
403,155,31,37
404,155,31,37
405,155,31,39
406,156,32,38
406,156,32,38
408,157,30,35
410,157,29,36
412,157,27,35
412,158,29,36
413,158,30,38
415,157,29,38
416,158,29,34
417,159,28,29
417,159,29,30
418,160,29,31
419,161,28,32
421,162,26,30
422,162,28,31
423,163,28,32
425,163,27,31
426,164,25,32
426,165,27,30
427,165,27,32
428,166,26,28
429,166,25,28
430,167,24,27
430,167,24,27
430,167,26,30
431,168,26,27
431,168,26,28
431,168,25,28
431,169,25,26
431,169,24,28
430,170,26,28
429,170,25,28
429,171,25,27
429,171,25,28
429,171,24,29
427,171,28,31
427,171,25,29
425,171,26,30
423,171,28,32
423,172,26,31
421,171,28,32
420,172,27,31
419,172,27,30
417,171,28,32
416,172,28,31
415,172,28,32
414,173,28,32
413,174,29,31
414,173,28,31
414,172,28,33
413,172,28,31
410,172,30,31
411,172,29,32
411,171,28,35
411,171,29,34
412,172,29,33
413,171,28,34
414,172,28,32
417,171,26,31
418,171,27,30
419,171,27,29
422,171,26,29
424,171,26,27
428,170,24,24
430,170,25,28
434,170,24,27
438,170,25,27
443,171,23,25
448,172,23,23
452,172,23,23
456,172,25,25
460,172,27,24
466,173,25,25
472,175,23,25
475,176,24,26
480,177,22,24
483,179,28,21
488,180,27,22
491,177,27,26
494,178,28,25
498,177,28,26
500,175,30,27
509,175,24,24
511,174,24,23
513,173,24,23
516,173,24,23
518,173,24,23
520,175,24,23
522,174,24,22
523,174,24,22
522,173,28,22
524,174,26,20
527,171,22,20
528,173,21,19
0,0,0,0
0,0,0,0
0,0,0,0
0,0,0,0
0,0,0,0
0,0,0,0
0,0,0,0
0,0,0,0
0,0,0,0
0,0,0,0
0,0,0,0
0,0,0,0
0,0,0,0
0,0,0,0
0,0,0,0
0,0,0,0
0,0,0,0
0,0,0,0
0,0,0,0
0,0,0,0
0,0,0,0
0,0,0,0
493,167,19,22
490,167,22,21
487,167,20,22
484,166,19,24
483,166,20,22
481,166,22,22
479,166,21,22
478,166,20,25
476,167,23,25
475,168,24,24
474,169,23,28
472,169,24,29
471,170,24,29
469,169,28,32
470,168,27,33
469,168,28,33
469,168,29,34
468,169,29,32
469,169,27,33
469,169,28,32
469,169,29,34
469,169,29,33
468,169,30,35
469,169,30,33
470,169,30,34
470,169,30,34
472,168,30,34
473,168,30,34
476,168,28,34
477,168,29,34
480,167,27,35
481,167,29,33
481,166,30,33
483,166,30,35
485,166,30,31
485,165,32,34
488,165,29,29
488,164,30,30
490,164,26,31
492,164,26,31
493,163,28,31
496,163,24,30
497,163,22,30
497,163,23,28
498,163,22,28
498,163,24,28
499,163,22,30
500,164,20,25
500,163,21,28
500,163,21,27
500,163,20,31
500,163,19,29
499,162,19,30
498,162,22,29
496,162,24,28
497,162,22,29
497,162,21,28
496,163,22,26
497,163,21,27
497,162,20,23
497,162,18,25
496,162,20,23
495,162,20,23
495,161,19,22
495,162,18,21
495,161,19,24
495,162,18,22
495,161,17,24
494,162,18,24
495,162,17,24
493,162,16,24
492,162,17,23
491,162,16,21
488,163,20,22
489,163,17,22
490,164,18,22
488,163,18,23
488,164,18,23
487,165,19,22
485,165,19,22
482,165,19,22
481,165,21,22
478,165,18,22
476,164,21,22
474,164,21,22
471,163,20,22
466,163,21,22
463,162,19,23
458,162,21,22
455,161,19,22
452,160,20,26
446,161,22,22
443,161,23,26
438,160,23,28
432,160,26,27
428,161,25,30
421,162,26,25
417,162,26,32
412,163,27,29
408,164,26,31
408,165,24,30
403,165,24,30
400,165,25,28
400,165,22,27
395,165,25,29
394,165,25,29
392,166,25,29
390,167,26,27
388,167,27,30
387,168,27,29
387,168,26,31
386,169,25,30
385,169,24,32
384,169,27,32
383,170,28,32
383,171,29,32
383,172,29,32
382,173,31,32
382,174,32,32
382,175,32,31
388,176,28,32
388,177,30,27
389,178,30,27
394,179,28,26
396,180,29,27
400,181,28,28
404,182,28,26
409,183,27,26
411,182,29,27
416,182,28,27
422,183,26,25
427,182,26,26
431,181,26,26
435,181,25,25
438,180,26,26
439,180,25,26
442,181,24,23
442,181,24,22
442,180,23,21
441,180,23,21
442,180,22,18
0,0,0,0
0,0,0,0
0,0,0,0
0,0,0,0
0,0,0,0
0,0,0,0
0,0,0,0
0,0,0,0
437,176,13,22
434,176,12,22
431,178,11,20
428,177,12,21
423,177,13,23
418,175,15,24
414,178,15,21
410,178,13,22
405,177,14,23
401,179,13,23
397,181,13,21
394,184,12,19
392,186,10,20
388,185,13,24
386,189,12,24
384,192,12,24
379,193,14,27
376,196,15,26
372,197,16,28
368,199,18,27
355,200,31,41
352,201,33,38
352,203,32,37
355,205,30,34
354,207,30,33
353,208,31,32
352,208,29,30
354,207,28,32
354,207,29,33
355,207,30,34
357,207,30,31
363,207,26,31
368,208,22,27
369,208,21,29
370,209,21,25
372,207,22,26
373,206,24,27
377,204,23,28
383,203,23,25
387,208,27,25
393,202,25,29
399,201,24,32
402,201,25,32
406,203,25,29
410,203,24,35
411,203,28,34
415,201,29,40
418,203,29,35
423,202,28,33
427,203,29,38
431,204,29,31
433,203,31,32
435,203,32,44
439,201,31,46
443,201,32,46
444,199,32,42
446,198,32,44
446,198,34,43
448,198,33,41
448,197,34,41
448,196,35,41
449,196,34,40
449,197,35,38
450,196,33,40
450,196,37,35
450,196,37,35
450,196,38,36
448,194,34,37
446,192,34,37
444,192,34,37
442,193,32,34
438,194,33,30
435,193,32,32
433,192,30,33
427,192,33,35
422,192,34,35
417,193,32,34
412,192,32,31
404,193,33,33
398,192,34,35
392,193,33,36
385,192,33,32
378,191,34,31
373,189,32,33
368,189,30,29
360,187,32,32
354,187,29,31
344,185,33,30
337,183,33,32
333,181,36,31
328,180,35,31
326,179,30,30
323,178,32,33
321,177,33,31
318,176,33,32
319,175,33,40
315,175,33,34
315,175,33,33
314,174,35,34
313,173,36,34
315,171,34,33
313,170,37,33
314,169,36,34
318,167,33,34
317,166,35,34
320,164,34,36
323,163,32,37
322,163,34,36
325,163,34,35
328,163,33,38
328,163,34,38
333,163,35,37
337,163,35,35
340,163,34,33
344,162,36,31
347,161,37,36
354,163,36,36
359,164,36,36
365,164,33,33
370,165,33,32
376,165,35,32
379,165,39,35
385,165,40,36
391,166,38,35
397,167,36,35
402,168,34,35
405,168,34,34
410,169,30,35
412,169,32,34
414,169,33,35
416,170,34,34
419,171,32,35
421,172,34,35
423,174,33,33
424,174,32,32
425,175,32,33
426,176,32,31
426,177,32,31
426,178,31,31
426,179,31,30
426,180,32,30
426,180,31,32
424,181,31,31
423,182,31,31
421,183,31,31
419,184,31,31
416,184,31,32
413,185,30,32
410,185,30,32
406,185,31,32
402,186,32,32
398,186,32,32
396,187,30,31
389,187,28,31
382,188,31,31
376,187,32,33
370,188,31,33
365,188,31,30
359,189,29,31
354,189,29,32
348,190,32,31
341,192,32,30
337,189,31,34
332,189,32,33
329,189,32,33
326,191,31,29
322,188,32,34
321,188,31,32
319,188,32,34
318,188,34,33
318,188,34,31
319,188,33,31
319,186,32,32
319,187,33,31
321,187,33,32
323,188,34,32
324,187,35,32
326,188,34,30
329,189,33,28
331,189,36,31
336,189,35,33
339,188,35,32
346,189,33,29
352,189,32,29
358,188,33,35
364,189,32,33
370,189,31,31
377,190,31,31
385,190,30,34
392,191,31,34
397,190,32,36
402,191,31,31
406,191,33,35
408,191,33,34
412,191,33,34
414,192,33,34
417,191,32,32
418,192,33,32
419,192,33,32
419,192,37,31
422,188,34,34
423,189,34,32
424,188,35,33
424,187,35,33
424,187,33,32
424,187,35,33
422,186,34,34
423,186,32,33
422,184,33,35
422,184,32,34
421,184,33,33
418,183,36,34
418,183,33,33
416,182,34,34
414,181,32,35
411,180,33,35
407,180,31,33
404,177,31,34
400,177,33,35
397,177,31,32
391,176,33,33
386,176,32,32
382,176,34,33
380,176,32,33
376,175,33,34
372,176,34,32
369,174,33,33
366,175,34,30
364,175,32,32
361,175,34,33
360,177,33,32
360,177,32,32
357,178,34,33
354,179,37,33
354,180,37,32
355,181,36,33
355,183,35,33
354,183,37,34
353,185,38,33
353,186,37,33
353,187,36,35
353,188,37,34
354,181,37,41
354,192,38,32
358,192,34,32
359,194,35,33
361,196,38,31
363,195,37,33
366,196,37,34
368,196,37,34
371,196,38,35
374,197,38,34
377,197,37,34
384,198,34,34
389,198,33,33
394,199,33,30
396,199,36,32
398,199,36,32
402,200,36,32
403,201,35,33
408,202,33,31
411,203,31,30
411,203,35,31
414,203,33,31
416,204,34,31
418,205,32,30
420,205,32,31
420,206,33,30
421,206,33,29
421,206,33,29
421,207,33,32
421,207,32,32
420,208,33,31
420,208,31,31
419,208,26,32
416,207,33,33
415,206,32,34
413,207,29,31
409,206,27,32
405,205,29,32
400,205,31,32
395,204,32,33
390,204,33,33
386,204,26,32
381,203,31,31
376,202,30,30
369,201,27,32
366,201,33,31
362,200,32,32
357,199,30,32
352,197,31,33
347,198,29,30
344,198,30,29
338,197,33,30
334,196,33,30
330,196,32,30
327,195,32,30
325,193,34,31
323,193,31,29
322,191,31,30
320,189,32,30
320,187,32,31
320,187,32,30
320,186,31,30
320,185,32,30
320,184,32,30
321,183,32,29
322,182,32,29
323,182,31,38
323,181,29,30
323,181,30,36
324,180,29,37
324,180,28,38
324,178,27,39
322,178,27,32
321,178,27,30
316,179,27,29
312,180,28,28
305,179,28,24
301,181,29,24
294,183,27,23
285,184,26,23
277,185,23,19
270,186,21,16
259,188,24,18
251,188,23,17
242,186,23,14
231,183,20,13
221,182,21,14
211,178,24,23
206,186,23,22
202,186,23,22
198,186,22,21
196,184,25,24
191,184,24,23
186,188,23,25
182,194,22,23
179,197,21,25
175,200,20,24
172,200,19,25
0,0,0,0
0,0,0,0
0,0,0,0
0,0,0,0
0,0,0,0
0,0,0,0
0,0,0,0
0,0,0,0
0,0,0,0
0,0,0,0
0,0,0,0
0,0,0,0
0,0,0,0
0,0,0,0
0,0,0,0
0,0,0,0
0,0,0,0
0,0,0,0
0,0,0,0
0,0,0,0
0,0,0,0
0,0,0,0
0,0,0,0
0,0,0,0
0,0,0,0
0,0,0,0
0,0,0,0
0,0,0,0
0,0,0,0
0,0,0,0
0,0,0,0
0,0,0,0
0,0,0,0
0,0,0,0
0,0,0,0
0,0,0,0
0,0,0,0
0,0,0,0
0,0,0,0
0,0,0,0
0,0,0,0
0,0,0,0
0,0,0,0
0,0,0,0
0,0,0,0
0,0,0,0
0,0,0,0
0,0,0,0
0,0,0,0
0,0,0,0
0,0,0,0
0,0,0,0
0,0,0,0
0,0,0,0
0,0,0,0
0,0,0,0
0,0,0,0
0,0,0,0
0,0,0,0
0,0,0,0
0,0,0,0
0,0,0,0
0,0,0,0
0,0,0,0
0,0,0,0
0,0,0,0
0,0,0,0
0,0,0,0
0,0,0,0
0,0,0,0
0,0,0,0
0,0,0,0
0,0,0,0
0,0,0,0
0,0,0,0
0,0,0,0
0,0,0,0
0,0,0,0
0,0,0,0
0,0,0,0
0,0,0,0
0,0,0,0
0,0,0,0
0,0,0,0
0,0,0,0
0,0,0,0
0,0,0,0
0,0,0,0
0,0,0,0
0,0,0,0
127,211,25,10
130,213,24,16
136,212,22,22
142,214,25,16
146,215,23,20
152,214,23,20
159,215,20,20
168,216,21,19
178,216,21,19
191,215,22,14
203,216,23,15
214,214,24,23
226,215,26,16
237,214,26,26
246,211,28,25
256,209,28,21
264,207,25,15
273,206,22,16
278,203,24,16
286,205,20,15
293,201,18,17
300,201,21,15
304,200,20,16
305,199,17,18
310,199,22,17
313,200,23,19
317,201,22,19
320,201,23,20
322,201,23,22
324,202,23,22
325,203,25,18
325,203,23,17
326,202,22,22
328,201,21,25
328,200,22,24
329,200,22,20
329,200,18,18
328,200,17,22
327,200,18,18
326,201,17,17
325,200,13,18
325,199,19,19
327,197,18,19
328,195,19,22
327,193,21,25
328,191,23,23
328,189,23,29
329,188,22,25
330,186,21,23
330,186,22,23
334,185,20,23
336,184,19,20
342,182,12,20
346,180,13,23
350,179,14,19
0,0,0,0
0,0,0,0
0,0,0,0
0,0,0,0
0,0,0,0
0,0,0,0
0,0,0,0
0,0,0,0
0,0,0,0
0,0,0,0
0,0,0,0
0,0,0,0
0,0,0,0
0,0,0,0
0,0,0,0
0,0,0,0
0,0,0,0
0,0,0,0
0,0,0,0
0,0,0,0
0,0,0,0
0,0,0,0
0,0,0,0
0,0,0,0
0,0,0,0
0,0,0,0
0,0,0,0
0,0,0,0
0,0,0,0
0,0,0,0
0,0,0,0
0,0,0,0
0,0,0,0
383,159,29,38
383,159,25,31
376,171,12,16
370,174,12,16
362,176,14,14
356,176,14,20
349,178,16,16
342,179,16,17
334,183,16,19
330,184,14,19
324,185,16,16
319,186,18,15
314,187,17,16
310,188,16,14
305,188,17,14
302,188,17,15
299,189,17,14
297,189,23,15
294,187,19,17
293,189,18,17
292,190,17,22
291,190,17,18
292,191,16,19
292,191,16,19
294,191,16,21
293,190,16,21
296,192,16,20
297,192,17,21
301,190,15,21
304,193,15,14
308,190,13,20
312,190,14,15
314,186,17,21
319,189,17,18
324,187,16,22
331,185,16,21
0,0,0,0
0,0,0,0
0,0,0,0
0,0,0,0
0,0,0,0
0,0,0,0
0,0,0,0
0,0,0,0
0,0,0,0
0,0,0,0
0,0,0,0
0,0,0,0
0,0,0,0
0,0,0,0
0,0,0,0
0,0,0,0
0,0,0,0
0,0,0,0
0,0,0,0
0,0,0,0
0,0,0,0
0,0,0,0
0,0,0,0
0,0,0,0
480,194,18,18
480,194,18,18
479,194,19,18
480,194,18,21
478,195,20,22
478,195,20,20
477,195,20,22
476,195,22,24
475,195,21,21
472,195,21,23
470,194,20,20
467,194,20,20
464,194,22,24
462,193,19,22
460,192,20,22
458,193,18,20
455,192,21,21
452,193,19,19
449,192,19,22
445,192,19,21
442,192,19,23
439,191,20,22
437,191,20,21
435,190,16,22
433,190,18,23
432,190,19,24
430,190,16,23
429,189,17,19
428,189,16,20
429,187,14,23
428,187,18,24
431,186,13,21
428,183,16,20
430,179,18,25
430,178,14,23
430,176,18,23
0,0,0,0
0,0,0,0
0,0,0,0
0,0,0,0
0,0,0,0
0,0,0,0
0,0,0,0
0,0,0,0
0,0,0,0
0,0,0,0
0,0,0,0
0,0,0,0
0,0,0,0
0,0,0,0
0,0,0,0
0,0,0,0
0,0,0,0
0,0,0,0
0,0,0,0
0,0,0,0
0,0,0,0
0,0,0,0
0,0,0,0
0,0,0,0
0,0,0,0
0,0,0,0
0,0,0,0
0,0,0,0
0,0,0,0
0,0,0,0
0,0,0,0
0,0,0,0
0,0,0,0
0,0,0,0
0,0,0,0
0,0,0,0
0,0,0,0
0,0,0,0
0,0,0,0
0,0,0,0
0,0,0,0
0,0,0,0
0,0,0,0
0,0,0,0
0,0,0,0
0,0,0,0
0,0,0,0
0,0,0,0
0,0,0,0
0,0,0,0
0,0,0,0
0,0,0,0
0,0,0,0
0,0,0,0
0,0,0,0
0,0,0,0
0,0,0,0
0,0,0,0
0,0,0,0
0,0,0,0
0,0,0,0
0,0,0,0
0,0,0,0
0,0,0,0
0,0,0,0
0,0,0,0
0,0,0,0
0,0,0,0
0,0,0,0
0,0,0,0
0,0,0,0
0,0,0,0
0,0,0,0
0,0,0,0
0,0,0,0
0,0,0,0
0,0,0,0
0,0,0,0
0,0,0,0
0,0,0,0
0,0,0,0
0,0,0,0
0,0,0,0
0,0,0,0
0,0,0,0
0,0,0,0
0,0,0,0
0,0,0,0
0,0,0,0
0,0,0,0
0,0,0,0
0,0,0,0
0,0,0,0
0,0,0,0
0,0,0,0
0,0,0,0
0,0,0,0
0,0,0,0
0,0,0,0
0,0,0,0
0,0,0,0
0,0,0,0
0,0,0,0
0,0,0,0
0,0,0,0
0,0,0,0
0,0,0,0
0,0,0,0
0,0,0,0
0,0,0,0
0,0,0,0
0,0,0,0
0,0,0,0
0,0,0,0
0,0,0,0
0,0,0,0
0,0,0,0
0,0,0,0
0,0,0,0
0,0,0,0
0,0,0,0
0,0,0,0
0,0,0,0
0,0,0,0
0,0,0,0
0,0,0,0
0,0,0,0
0,0,0,0
0,0,0,0
0,0,0,0
0,0,0,0
0,0,0,0
0,0,0,0
0,0,0,0
0,0,0,0
0,0,0,0
0,0,0,0
0,0,0,0
0,0,0,0
0,0,0,0
0,0,0,0
0,0,0,0
0,0,0,0
0,0,0,0
0,0,0,0
0,0,0,0
0,0,0,0
0,0,0,0
0,0,0,0
0,0,0,0
0,0,0,0
0,0,0,0
0,0,0,0
0,0,0,0
0,0,0,0
0,0,0,0
0,0,0,0
0,0,0,0
0,0,0,0
0,0,0,0
0,0,0,0
0,0,0,0
0,0,0,0
0,0,0,0
0,0,0,0
0,0,0,0
0,0,0,0
0,0,0,0
0,0,0,0
0,0,0,0
0,0,0,0
0,0,0,0
0,0,0,0
0,0,0,0
0,0,0,0
0,0,0,0
0,0,0,0
0,0,0,0
0,0,0,0
0,0,0,0
0,0,0,0
0,0,0,0
0,0,0,0
0,0,0,0
0,0,0,0
0,0,0,0
0,0,0,0
0,0,0,0
0,0,0,0
0,0,0,0
0,0,0,0
0,0,0,0
0,0,0,0
0,0,0,0
0,0,0,0
0,0,0,0
0,0,0,0
0,0,0,0
0,0,0,0
0,0,0,0
0,0,0,0
0,0,0,0
0,0,0,0
0,0,0,0
0,0,0,0
0,0,0,0
0,0,0,0
0,0,0,0
0,0,0,0
0,0,0,0
0,0,0,0
0,0,0,0
0,0,0,0
0,0,0,0
0,0,0,0
0,0,0,0
0,0,0,0
0,0,0,0
0,0,0,0
0,0,0,0
0,0,0,0
0,0,0,0
0,0,0,0
0,0,0,0
0,0,0,0
0,0,0,0
0,0,0,0
0,0,0,0
0,0,0,0
0,0,0,0
0,0,0,0
0,0,0,0
0,0,0,0
0,0,0,0
0,0,0,0
0,0,0,0
0,0,0,0
0,0,0,0
0,0,0,0
0,0,0,0
0,0,0,0
0,0,0,0
0,0,0,0
0,0,0,0
0,0,0,0
0,0,0,0
0,0,0,0
0,0,0,0
0,0,0,0
0,0,0,0
0,0,0,0
0,0,0,0
0,0,0,0
0,0,0,0
0,0,0,0
0,0,0,0
0,0,0,0
0,0,0,0
0,0,0,0
0,0,0,0
0,0,0,0
0,0,0,0
0,0,0,0
0,0,0,0
0,0,0,0
0,0,0,0
0,0,0,0
527,226,19,15
524,227,19,15
519,230,18,14
514,232,21,16
510,232,24,15
507,233,27,17
513,240,22,15
517,243,22,12
520,246,20,13
521,247,22,11
525,245,20,17
528,243,24,18
530,242,23,18
537,241,21,16
541,240,20,16
542,239,24,18
547,237,23,19
551,236,23,19
555,236,24,18
560,233,22,20
562,232,23,20
565,231,18,16
566,231,19,22
568,230,19,20
571,228,18,18
573,226,18,19
576,225,17,19
577,225,16,16
577,224,16,15
577,222,17,15
581,225,21,9
581,223,25,9
575,219,29,21
576,221,20,21
573,218,20,28
566,218,23,26
564,217,21,26
559,218,23,25
557,216,20,25
554,217,21,27
552,221,19,24
548,220,19,27
544,228,19,27
541,225,20,35
537,231,22,37
531,236,24,35
529,240,23,34
527,250,19,28
524,254,19,30
518,258,21,32
517,260,20,33
510,268,23,27
510,271,20,26
508,273,20,29
506,274,21,27
505,275,22,26
504,275,22,26
503,275,23,26
504,274,22,26
505,273,23,25
506,269,23,26
508,267,24,26
511,264,23,26
515,261,21,28
517,258,21,26
516,255,23,28
520,252,21,28
521,249,21,29
522,245,22,30
521,241,23,30
523,240,23,28
526,239,20,29
527,238,19,26
526,236,21,29
526,238,21,26
524,238,21,29
522,240,20,30
517,242,20,28
514,248,17,18
506,254,19,22
497,257,21,21
485,264,26,19
475,271,29,23
466,278,20,21
455,285,19,15
447,289,19,16
433,281,23,26
425,283,21,24
414,278,24,29
406,271,23,30
398,264,20,27
390,253,17,24
384,242,13,21
378,229,13,21
363,218,22,25
358,206,21,25
353,188,20,25
347,179,17,19
349,174,16,19
346,166,15,18
337,160,22,19
333,159,22,17
324,157,22,15
321,159,22,15
318,162,21,14
317,167,20,13
318,176,18,15
316,184,18,15
315,193,18,15
309,203,29,15
308,210,28,18
304,224,19,16
299,231,19,18
293,239,20,18
287,246,19,18
281,248,12,18
268,248,15,17
255,243,12,18
237,233,9,17
220,225,10,15
204,212,10,13
187,200,19,19
179,192,19,19
172,184,19,23
158,176,26,27
154,175,22,20
150,177,20,19
148,179,22,26
145,179,21,30
143,187,20,22
136,190,22,25
133,192,21,25
132,192,21,27
135,191,18,27
136,191,18,23
137,185,18,24
137,181,18,24
136,176,22,25
143,173,18,26
144,171,18,24
147,172,17,18
149,169,16,19
150,164,16,22
152,163,16,22
154,161,16,19
157,160,18,20
160,160,19,19
163,160,17,18
170,159,14,18
175,158,17,19
176,159,16,15
184,158,14,16
187,156,17,18
193,155,15,16
197,152,17,17
200,152,17,17
205,152,13,16
208,149,15,20
211,149,16,20
213,149,17,19
216,150,15,15
217,148,16,17
217,147,16,16
217,146,15,16
215,144,16,18
216,144,14,17
215,143,15,19
214,143,15,18
213,144,15,17
211,143,15,16
209,144,15,16
208,144,14,16
205,144,16,16
205,146,16,13
204,142,15,18
203,141,15,18
202,142,15,18
202,142,14,17
200,140,15,20
200,142,13,20
195,145,16,18
192,146,18,21
194,148,18,21
196,149,18,21
198,150,20,22
198,152,24,22
201,153,23,20
204,154,21,15
205,154,22,16
208,154,20,9
211,153,19,9
213,152,19,9
215,152,17,6
219,151,15,5
221,149,14,6
224,148,12,5
224,145,13,6
225,142,16,7
218,142,26,6
217,142,39,20
224,141,34,24
228,140,36,23
242,139,20,19
248,137,20,23
257,138,20,23
266,136,11,22
271,137,11,21
275,136,11,21
278,132,13,21
281,129,14,25
283,128,14,19
285,126,21,19
283,124,23,26
284,123,23,25
284,122,22,24
285,121,24,23
285,120,23,22
284,122,22,26
286,121,21,25
286,121,23,24
285,120,25,23
284,121,24,23
283,122,23,23
282,123,22,22
281,123,21,21
280,123,27,24
279,123,27,24
278,123,27,24
278,123,26,24
277,123,27,26
277,129,27,27
276,132,26,26
276,135,26,26
276,139,26,26
275,145,25,25
278,156,24,24
277,164,22,23
275,172,21,22
271,180,20,21
269,188,23,24
268,197,23,28
261,207,27,27
261,218,26,26
261,226,32,25
263,233,36,25
267,240,32,26
271,245,32,31
274,248,33,32
279,248,32,31
283,245,31,30
288,240,30,30
291,233,29,29
294,225,29,29
298,216,29,29
303,209,28,35
304,201,28,35
305,193,26,33
308,187,24,31
308,179,27,31
311,172,26,30
314,168,25,29
316,163,24,28
319,160,23,27
320,157,22,25
323,157,21,24
326,155,20,23
329,155,19,22
332,154,19,22
335,154,18,21
337,153,18,21
340,153,21,20
340,153,20,19
342,153,24,19
343,156,24,19
347,156,23,18
349,156,22,17
352,156,21,16
356,159,20,14
357,160,20,14
358,163,20,14
360,162,20,14
361,162,19,13
364,164,18,15
367,164,17,14
368,164,16,17
370,164,15,19
370,164,14,18
373,164,13,17
375,164,12,20
377,166,11,20
375,167,13,20
375,168,13,20
373,168,13,21
370,170,12,20
367,173,12,17
0,0,0,0
0,0,0,0
0,0,0,0
0,0,0,0
0,0,0,0
0,0,0,0
0,0,0,0
0,0,0,0
0,0,0,0
0,0,0,0
0,0,0,0
0,0,0,0
0,0,0,0
0,0,0,0
0,0,0,0
0,0,0,0
0,0,0,0
0,0,0,0
0,0,0,0
311,192,20,13
310,191,19,14
309,191,20,14
309,191,20,15
308,189,24,20
310,186,23,22
311,185,21,17
314,182,21,17
319,180,19,14
323,179,19,14
0,0,0,0
0,0,0,0
0,0,0,0
0,0,0,0
0,0,0,0
0,0,0,0
0,0,0,0
0,0,0,0
0,0,0,0
0,0,0,0
0,0,0,0
0,0,0,0
0,0,0,0
0,0,0,0
0,0,0,0
0,0,0,0
0,0,0,0
0,0,0,0
0,0,0,0
0,0,0,0
0,0,0,0
0,0,0,0
0,0,0,0
0,0,0,0
0,0,0,0
0,0,0,0
0,0,0,0
0,0,0,0
0,0,0,0
0,0,0,0
0,0,0,0
0,0,0,0
0,0,0,0
0,0,0,0
0,0,0,0
0,0,0,0
0,0,0,0
0,0,0,0
0,0,0,0
0,0,0,0
460,159,18,18
461,159,18,18
464,159,15,20
462,159,17,19
465,161,16,18
465,161,16,16
465,161,15,15
464,161,15,15
464,163,16,14
463,164,18,13
463,166,19,12
462,167,19,11
462,168,19,12
461,168,18,11
460,170,18,11
459,170,19,11
458,170,19,13
457,170,19,16
452,170,18,15
449,170,18,15
446,169,20,14
442,170,20,15
438,170,23,15
434,171,23,16
431,172,26,15
428,172,24,14
427,176,26,13
425,176,24,12
423,175,23,11
422,179,22,10
421,181,21,10
421,181,20,9
421,182,19,11
424,181,24,19
428,180,23,20
431,178,20,18
434,175,21,17
437,172,22,16
440,169,25,16
445,166,24,11
450,164,23,10
451,161,24,11
452,160,24,12
455,159,22,13
457,158,22,15
457,156,23,17
463,155,18,13
463,153,17,14
466,153,16,14
468,152,17,17
470,154,17,13
477,154,15,13
483,155,15,14
0,0,0,0
0,0,0,0
0,0,0,0
0,0,0,0
513,168,18,14
518,170,18,14
520,171,22,14
528,168,21,17
531,167,21,18
531,165,21,18
531,162,21,17
531,160,21,16
531,157,19,19
530,155,19,18
529,154,20,19
525,156,20,18
521,157,20,18
518,156,18,22
515,155,17,21
508,156,19,21
