446,267,223,281
446,267,223,281
441,251,224,299
441,251,223,297
438,243,224,307
437,243,223,306
438,242,222,305
441,241,222,305
445,245,221,301
447,245,221,301
450,245,220,300
457,246,226,300
463,251,224,300
469,253,223,303
472,253,223,305
473,253,223,305
473,253,222,304
472,254,222,304
470,254,222,304
470,254,224,306
468,253,224,306
467,255,224,313
473,258,221,312
474,262,221,310
475,262,224,315
478,263,224,315
478,260,230,319
480,262,230,319
483,262,230,319
482,263,230,319
485,265,229,318
487,265,233,318
490,267,233,318
492,267,233,318
487,270,233,318
489,273,233,318
490,273,233,318
483,274,233,318
481,275,232,317
480,272,232,317
478,272,231,316
471,272,230,315
465,273,230,315
464,273,229,314
462,273,233,313
460,275,232,315
460,278,231,312
459,280,230,311
458,282,230,311
457,284,229,310
456,283,233,307
454,281,235,306
453,270,235,306
452,269,234,305
451,267,233,304
448,268,235,309
448,268,235,308
447,267,234,306
445,266,237,308
445,265,237,308
445,265,236,307
444,266,236,307
445,267,237,306
445,266,236,305
445,266,236,305
444,266,236,308
445,267,235,307
446,268,235,307
447,268,235,307
448,268,235,307
450,267,234,306
452,261,234,306
455,256,234,306
459,254,234,306
463,251,233,305
466,258,229,300
469,259,228,294
471,261,227,291
474,264,226,290
476,269,224,282
479,270,223,281
479,281,222,270
480,283,221,268
481,284,221,268
480,282,220,267
484,278,217,263
479,272,216,269
477,245,216,298
474,243,215,297
473,239,214,304
473,238,212,303
473,229,212,310
473,229,212,310
471,231,216,309
470,232,216,309
470,231,220,309
464,232,225,309
471,230,222,308
472,228,221,314
471,227,220,312
470,228,219,315
469,225,219,315
470,224,249,317
460,225,281,316
457,227,293,311
455,234,290,306
453,240,281,300
455,259,261,284
455,270,250,271
457,272,248,271
458,274,245,269
457,278,244,268
457,281,242,265
457,283,248,264
458,297,260,254
459,288,261,266
462,297,259,261
465,300,243,264
468,303,234,262
469,304,230,261
472,307,230,264
477,311,224,270
476,311,223,283
472,315,228,281
477,317,223,280
479,319,223,284
481,323,223,285
481,328,223,285
480,329,222,284
476,327,228,279
477,321,227,273
480,311,223,279
486,309,222,278
490,306,221,277
496,301,221,277
497,293,221,278
497,288,223,293
502,278,220,301
497,273,221,305
484,267,233,313
480,262,233,317
464,259,251,321
463,258,251,324
459,257,258,326
459,259,256,323
460,261,256,323
463,261,256,322
465,262,259,319
465,263,259,319
467,263,258,318
476,263,254,321
467,264,265,317
473,268,261,314
479,268,257,313
485,260,252,318
488,261,249,317
496,263,243,316
498,265,243,318
498,265,243,318
495,265,240,318
493,265,236,317
497,266,232,314
498,269,231,313
500,275,230,315
495,281,232,316
497,282,229,317
494,283,228,317
489,284,227,316
487,285,226,315
487,286,226,315
483,287,225,314
475,292,225,314
471,293,224,313
462,297,224,307
459,297,224,307
459,296,224,307
457,293,224,306
457,285,225,307
459,280,224,306
466,274,224,306
472,269,223,305
478,258,223,313
481,255,222,312
483,253,225,316
484,256,225,320
484,263,227,319
482,269,231,315
477,270,235,314
458,278,253,309
448,281,265,305
447,281,265,305
457,281,258,304
478,270,236,315
491,271,227,315
495,273,221,314
498,279,217,309
502,281,213,308
509,282,209,304
511,275,208,311
511,274,207,312
511,273,209,310
508,271,214,309
501,272,225,308
495,272,229,307
498,272,228,310
499,273,227,309
502,275,226,308
504,275,223,320
504,277,219,319
504,282,216,319
506,287,212,321
505,287,209,324
500,292,208,323
491,298,211,322
481,300,223,320
479,298,225,324
478,298,224,323
477,285,223,333
480,277,219,337
481,270,218,342
492,269,212,341
514,278,181,326
510,283,187,321
518,281,181,317
517,282,181,313
516,279,180,314
515,277,179,313
514,275,179,313
513,273,186,313
513,271,185,313
518,271,185,313
520,271,188,312
522,272,187,311
522,273,186,310
522,272,190,309
525,271,189,304
529,271,192,303
534,270,191,302
537,273,194,305
540,273,193,304
543,272,192,303
545,271,191,302
545,270,204,295
547,271,204,300
550,272,202,299
553,272,201,298
556,272,200,297
558,274,199,296
559,274,198,295
559,274,203,295
560,276,206,294
560,275,206,294
560,274,206,294
560,273,206,294
545,271,227,292
544,270,226,295
543,270,230,294
543,268,235,293
542,268,234,292
542,268,233,299
542,267,232,298
542,266,231,297
541,265,235,296
540,264,234,295
540,263,238,294
537,262,237,293
534,261,236,292
532,262,243,302
524,261,248,302
520,261,253,301
519,260,252,300
519,259,256,299
520,258,255,303
524,259,251,299
523,259,250,298
522,257,250,298
522,256,249,297
521,257,252,296
521,256,251,295
522,256,250,299
523,254,248,293
522,253,247,298
522,253,246,297
523,251,246,292
522,251,247,291
521,249,246,295
520,248,245,294
523,247,244,298
522,246,247,297
522,246,246,296
521,246,245,297
520,245,248,296
519,243,251,298
519,242,250,300
519,242,250,297
519,241,249,296
518,237,250,301
518,237,249,302
521,236,248,301
522,235,245,298
522,235,245,300
519,230,246,308
519,231,245,302
522,231,245,302
522,230,242,306
522,227,241,305
518,227,246,304
518,226,246,304
518,226,246,304
518,227,245,303
519,228,246,302
519,227,245,301
519,226,248,300
518,228,247,303
514,227,251,302
516,225,250,305
519,226,250,305
520,227,250,305
520,227,250,300
522,228,247,299
523,227,246,303
524,226,245,302
525,225,244,301
525,225,243,300
526,227,242,299
527,226,241,298
527,225,240,300
527,225,242,299
527,225,241,298
527,225,240,302
529,227,239,296
529,227,238,295
529,227,237,297
527,225,236,296
528,225,235,301
526,224,238,300
524,223,240,299
524,224,238,298
523,224,238,298
521,225,239,296
521,224,238,295
517,221,243,304
516,224,243,304
516,224,242,298
515,224,245,297
516,224,245,300
517,226,244,296
517,226,244,296
516,225,244,299
515,225,244,299
514,224,243,295
514,224,242,296
514,226,241,295
513,226,240,294
513,223,242,296
513,224,241,295
513,225,242,294
513,222,241,298
514,221,240,297
514,221,239,296
515,223,238,295
516,224,237,294
517,224,236,293
518,225,235,292
518,225,234,291
518,225,233,290
516,225,232,291
515,225,231,290
515,225,233,289
515,221,233,295
515,221,232,294
516,219,230,297
517,221,229,296
517,221,227,295
517,222,226,294
517,223,225,293
517,224,224,292
517,225,224,292
517,225,223,291
516,224,223,291
516,223,220,291
516,222,219,295
514,220,218,294
513,219,217,293
512,220,219,294
512,220,218,293
512,220,217,292
511,221,219,290
510,214,219,298
511,217,219,298
512,219,218,297
513,220,217,296
514,221,216,295
514,220,215,290
514,221,218,289
513,225,220,277
513,223,221,274
514,224,222,273
515,225,223,272
515,226,223,272
515,228,222,271
516,228,221,274
516,228,220,277
516,228,219,276
515,227,222,270
515,228,224,271
514,227,223,270
513,228,227,269
513,230,226,268
513,231,225,267
514,231,225,267
515,231,224,266
515,229,224,272
515,229,223,271
515,229,222,270
514,230,225,269
514,230,227,268
514,230,226,267
514,230,228,266
513,231,228,266
513,238,228,262
515,244,227,261
516,253,226,265
518,261,225,264
519,268,224,263
520,272,223,262
520,276,222,268
522,282,225,262
524,287,224,267
528,292,223,266
534,297,222,264
536,302,221,263
536,301,220,266
537,301,220,266
536,292,226,265
535,287,225,264
528,287,225,264
522,285,224,263
517,286,226,262
514,287,228,261
511,288,227,260
508,289,226,259
505,287,227,261
502,288,226,262
497,288,228,261
495,290,227,260
505,291,226,259
515,292,228,260
520,292,228,260
520,291,227,259
519,288,226,263
519,286,229,264
518,282,228,263
517,280,230,262
517,279,231,261
523,279,230,260
533,280,229,259
537,280,228,265
540,280,228,270
541,279,231,266
544,280,231,266
546,279,230,265
548,275,229,264
551,269,228,263
555,266,231,262
556,262,230,264
558,259,229,263
560,255,229,263
562,253,229,263
563,253,229,263
564,253,229,263
564,251,229,260
564,250,232,259
564,251,234,258
564,251,233,261
565,250,232,260
566,249,232,263
566,248,231,262
566,247,230,261
567,247,233,260
566,247,233,260
567,247,232,260
566,246,231,259
566,245,230,265
566,245,230,265
567,245,231,268
569,246,235,265
570,247,235,265
570,246,235,265
571,247,234,264
572,248,233,263
572,247,232,267
573,247,236,266
575,247,235,265
577,249,235,265
578,249,234,264
578,246,236,267
578,249,236,267
576,246,235,266
575,247,234,266
573,246,233,265
569,245,232,264
568,247,231,263
566,247,230,262
565,248,229,261
565,247,228,263
563,246,232,262
563,246,231,261
562,247,235,261
562,245,234,260
561,243,235,259
561,242,234,258
561,239,238,261
562,238,237,260
562,239,236,259
562,240,235,258
562,236,235,259
565,235,235,259
565,234,234,258
565,236,233,257
565,234,233,257
566,234,232,256
566,233,231,255
567,232,230,254
567,231,233,259
568,231,232,258
568,231,231,257
569,231,230,256
569,231,229,255
569,230,228,257
570,229,227,256
570,228,232,255
570,227,231,257
570,229,230,256
571,228,229,255
571,227,228,259
571,229,227,258
571,229,227,258
571,229,226,256
571,229,225,255
569,230,230,254
569,229,229,253
571,229,231,255
571,228,231,255
571,228,231,258
573,228,231,258
572,225,230,257
571,226,230,256
570,225,230,256
569,224,235,256
569,223,234,259
569,222,233,258
569,221,232,257
570,220,231,256
570,220,233,255
569,220,234,254
569,219,233,253
570,221,232,255
570,222,233,256
570,222,232,255
571,219,236,254
571,218,235,253
571,217,234,260
571,216,233,257
571,215,232,256
571,215,231,261
571,215,233,257
571,216,232,256
571,217,231,255
570,216,234,254
571,216,233,253
570,214,232,252
570,213,236,253
571,214,235,252
571,213,234,251
570,211,233,257
570,211,232,256
570,211,231,255
570,211,230,254
570,211,229,260
570,211,228,259
569,211,233,260
568,207,236,259
569,208,235,258
566,210,234,261
566,210,233,260
566,210,236,259
566,211,235,258
566,209,237,262
567,210,236,261
567,210,235,266
569,212,234,265
569,213,233,264
568,213,232,263
568,213,235,260
569,214,234,259
567,214,234,266
567,213,233,265
566,211,233,265
565,210,232,264
562,209,235,264
562,208,234,263
562,207,237,264
564,206,236,263
564,205,236,263
565,205,236,263
565,203,235,262
566,205,234,259
567,204,231,258
568,202,230,257
569,204,229,256
570,205,226,255
568,204,233,258
568,204,232,257
566,204,235,258
567,205,236,257
567,206,235,256
567,205,234,255
567,205,238,254
568,204,237,253
566,205,236,252
566,205,240,255
567,204,241,258
568,201,240,257
559,200,245,262
558,202,248,262
559,201,248,262
556,203,252,260
553,202,255,259
554,202,254,258
555,202,253,257
557,202,252,256
558,203,251,255
557,204,250,257
563,204,249,256
564,206,248,255
570,206,242,258
573,206,241,257
573,205,240,256
573,202,239,261
576,203,237,260
576,204,236,259
577,205,235,258
580,205,234,257
580,206,233,256
582,206,232,255
582,204,231,257
583,202,230,256
585,201,229,255
584,199,228,254
584,198,227,253
587,197,226,257
587,197,225,258
587,196,224,257
588,194,222,262
587,192,221,261
586,191,220,260
585,187,220,262
581,187,224,260
580,189,223,259
578,187,222,258
576,185,226,263
574,181,227,265
574,180,227,265
573,182,226,268
572,181,226,268
572,183,225,267
571,181,227,265
573,180,222,270
574,182,221,269
573,182,220,268
573,181,219,267
574,180,217,274
573,181,216,273
573,180,215,272
572,179,218,270
572,180,217,269
573,181,216,268
574,180,213,265
575,179,212,264
574,178,216,268
573,177,213,264
572,176,212,263
571,175,215,262
572,174,214,261
570,175,214,261
569,176,217,260
568,175,220,259
567,176,219,258
567,176,218,257
566,175,217,261
565,171,221,260
566,171,220,259
568,172,219,258
568,172,218,264
568,172,217,263
568,172,217,260
568,169,219,262
568,169,218,261
568,171,220,260
568,173,219,259
568,173,218,258
568,173,221,264
568,172,222,263
568,172,221,262
570,171,223,267
573,171,222,266
576,171,221,265
578,171,221,265
578,170,221,265
578,169,227,268
582,171,226,267
582,170,226,267
582,169,234,266
582,168,234,266
583,167,239,262
584,167,245,261
586,167,245,261
585,171,245,261
582,172,250,261
581,170,255,261
582,174,256,260
581,173,255,259
580,171,257,264
580,171,256,263
580,171,256,263
580,170,255,268
583,172,254,267
584,171,253,266
585,172,252,265
586,171,252,270
590,172,251,269
592,169,250,272
597,171,246,271
599,164,243,277
602,163,240,283
607,168,240,283
610,168,237,292
612,174,237,292
614,180,236,286
616,185,235,285
620,187,235,285
621,188,235,281
622,188,234,280
623,188,234,280
624,188,233,279
627,188,232,278
628,184,231,283
632,183,231,283
634,185,230,282
639,184,234,282
640,183,230,286
640,178,229,290
641,178,228,289
641,172,228,296
640,170,227,301
637,165,228,303
636,159,227,308
635,157,227,308
634,157,226,312
633,156,226,312
632,155,225,311
632,151,224,315
631,152,223,317
629,153,223,317
628,152,222,316
627,152,221,315
626,152,220,318
628,152,220,318
627,152,219,317
626,148,221,316
625,153,224,316
624,150,226,315
625,153,225,314
624,153,224,313
624,156,223,312
623,159,225,311
625,165,225,311
625,168,229,297
626,170,228,296
626,176,228,296
626,176,228,290
625,176,228,290
624,178,228,290
625,181,228,290
624,181,227,289
623,179,226,288
622,179,226,288
621,182,230,287
621,183,229,286
620,184,228,285
620,183,227,289
619,183,226,288
618,183,231,287
620,183,229,284
619,183,228,283
617,179,229,282
616,178,229,285
615,177,228,284
614,178,233,289
613,177,232,288
613,176,231,287
613,175,230,286
612,176,234,283
612,175,233,282
611,174,232,281
610,173,231,280
610,173,234,279
609,172,233,284
610,174,232,283
609,174,231,282
608,172,236,281
608,170,235,280
610,166,235,280
610,163,235,280
610,163,234,279
611,161,238,278
614,159,237,282
613,157,237,285
613,156,236,284
613,155,235,287
607,157,241,286
606,156,241,281
603,158,240,280
599,157,247,279
604,156,253,281
598,159,258,280
599,159,257,279
604,158,261,279
605,157,264,279
606,156,264,279
607,155,263,278
608,155,262,277
611,156,261,276
608,155,261,276
604,155,260,275
600,155,259,274
602,159,259,274
605,160,258,273
605,159,257,272
609,159,256,271
610,158,256,271
609,155,260,271
609,154,260,271
608,153,260,278
607,155,260,278
605,155,260,278
604,155,259,277
603,156,259,277
600,155,258,276
602,154,257,275
605,156,255,275
611,157,252,274
615,156,251,273
619,159,249,273
620,159,248,272
622,159,247,271
623,159,252,275
623,151,252,275
623,150,251,287
623,150,250,286
624,157,249,285
624,159,249,285
623,159,248,284
622,159,248,284
621,159,248,284
620,159,252,284
623,162,252,284
624,165,252,279
624,165,251,278
624,165,251,278
629,166,248,279
629,171,246,274
629,171,246,274
629,171,246,274
629,171,245,273
628,171,244,272
627,171,243,271
626,170,242,278
627,169,241,277
626,169,240,276
626,169,249,275
625,169,251,277
627,169,246,276
626,169,245,275
619,169,244,274
611,171,256,273
606,170,261,273
603,171,260,272
602,170,259,271
601,169,259,271
601,171,258,270
600,170,263,270
599,169,262,269
597,171,267,268
599,170,267,268
597,169,266,274
596,170,266,274
596,170,269,274
596,172,268,273
596,172,268,273
595,174,270,272
594,173,269,271
593,173,274,274
596,173,273,273
595,173,273,273
595,173,272,272
595,173,271,271
594,175,270,270
594,175,270,272
593,177,269,271
592,177,268,276
591,177,267,275
591,177,274,274
590,177,273,273
592,176,271,270
591,176,270,269
591,176,269,272
590,176,268,271
586,177,267,270
580,176,267,270
576,174,266,276
575,174,266,276
574,180,268,276
572,184,267,275
567,189,265,273
564,189,265,273
558,192,268,272
549,197,271,270
545,198,271,270
542,200,274,267
530,208,282,271
520,210,284,270
516,210,283,269
513,207,286,268
517,208,281,269
515,208,277,273
516,210,274,272
515,209,273,271
516,208,272,270
513,207,270,270
512,208,269,269
509,206,266,269
504,204,265,268
501,204,264,267
499,203,266,270
498,200,266,270
498,197,268,271
498,195,267,270
499,192,272,269
501,189,271,268
502,185,270,267
514,179,269,266
517,172,268,272
521,172,267,271
526,171,267,271
529,168,264,268
531,166,263,267
536,163,262,266
543,162,262,268
547,159,261,267
548,157,264,272
551,155,263,271
553,151,262,270
554,150,264,270
548,149,264,270
547,152,268,269
546,151,267,268
544,152,270,270
544,152,269,269
544,153,273,268
545,153,272,267
546,153,272,267
546,155,277,267
545,155,276,266
546,156,275,265
544,157,274,264
539,155,276,269
536,155,275,268
533,156,278,268
528,160,277,267
522,161,276,266
518,161,275,265
515,160,274,264
510,160,272,268
506,159,271,267
503,158,270,266
500,160,273,268
495,160,272,267
492,159,272,267
490,157,271,266
489,157,270,265
488,156,277,265
488,156,276,264
488,155,278,266
490,154,277,265
495,155,276,264
496,157,276,264
497,161,275,263
497,161,278,266
495,161,277,265
494,161,280,264
491,161,283,264
491,160,282,263
491,159,288,269
490,158,288,269
496,148,289,282
497,147,289,282
496,148,289,282
497,147,289,282
496,145,289,282
495,140,295,293
492,139,298,293
485,136,303,298
481,131,308,304
480,131,308,304
481,133,312,306
481,132,312,306
480,127,317,316
484,124,317,322
483,120,320,326
482,124,320,326
481,127,320,331
476,124,331,335
476,124,334,335
475,125,334,335
474,119,340,344
466,119,351,348
460,119,356,348
459,119,356,348
456,117,363,355
455,116,363,355
454,116,369,360
453,108,375,368
452,107,375,368
451,106,375,376
451,102,385,381
444,98,389,386
441,97,390,387
443,96,390,387
444,94,403,397
452,90,403,401
461,88,400,410
468,84,395,415
468,83,395,418
468,77,396,425
466,75,396,426
465,74,399,433
464,67,399,441
463,66,412,442
451,63,419,448
449,60,425,451
447,59,428,457
435,58,441,459
434,58,441,459
427,59,443,457
422,59,451,457
421,59,451,457
413,58,456,461
416,58,456,461
421,58,450,461
420,57,449,460
420,59,449,460
422,59,449,460
421,58,449,460
420,57,449,460
419,57,449,460
418,57,449,460
421,57,447,460
421,57,447,466
421,60,446,465
422,60,446,465
422,60,446,465
422,65,446,465
422,65,446,465
418,65,450,465
411,67,457,464
411,67,457,464
411,67,464,464
412,67,464,464
412,68,464,464
420,70,460,463
421,73,460,463
422,74,460,463
423,75,460,463
423,76,460,463
423,76,460,463
423,76,460,463
424,76,460,463
425,76,460,463
425,75,460,463
425,74,460,463
426,76,459,462
427,76,459,462
428,82,459,462
428,85,458,461
429,87,458,461
429,88,458,461
429,89,458,461
430,90,454,460
430,90,453,459
429,90,453,459
428,93,453,459
420,93,453,459
416,92,463,459
414,93,463,459
409,93,463,459
402,92,468,459
404,90,465,459
402,88,465,459
402,81,465,459
403,78,465,459
401,71,465,459
401,64,465,459
402,56,464,458
402,51,464,465
406,48,463,464
407,50,464,463
409,48,463,462
411,45,462,461
412,43,461,457
416,35,461,465
416,34,460,464
417,32,459,463
416,32,458,462
415,30,457,461
418,28,459,465
420,25,458,464
431,23,457,463
433,22,457,463
436,21,456,462
433,24,455,461
433,24,455,461
433,22,462,461
438,21,462,461
446,22,458,461
446,20,458,461
462,19,445,461
470,19,440,461
478,18,432,461
485,18,427,461
485,18,427,461
486,20,427,461
484,20,427,461
483,22,427,461
481,23,427,461
479,23,427,461
472,22,433,461
458,26,443,464
448,28,453,464
444,31,453,464
444,33,461,463
439,38,466,463
439,40,466,463
439,42,466,463
438,46,466,463
437,48,466,463
439,52,466,463
439,53,464,463
441,56,461,459
442,57,461,459
442,58,461,459
442,58,461,459
444,59,461,459
444,59,461,465
443,59,461,465
443,63,467,465
442,62,467,465
441,62,467,465
440,61,467,465
436,61,467,465
436,65,467,465
435,65,467,460
433,65,467,460
431,65,467,460
434,66,467,460
435,68,467,460
437,69,467,460
436,69,467,460
439,69,467,460
439,67,467,454
441,64,467,454
440,56,467,454
439,50,467,454
439,46,467,454
447,41,467,456
462,37,467,459
480,35,462,459
488,34,461,454
504,35,453,452
512,32,457,455
511,31,464,462
512,33,469,461
533,29,469,461
548,29,473,457
566,30,466,459
571,37,474,462
576,57,466,463
575,64,465,463
573,68,465,463
580,70,461,469
600,72,444,466
596,72,441,466
577,72,441,466
558,72,440,466
540,71,440,466
528,70,438,466
520,69,438,466
522,70,438,466
528,77,437,466
532,87,437,466
537,101,435,464
542,111,433,464
546,117,433,464
546,124,430,464
549,129,429,464
555,135,429,464
561,138,429,464
572,142,427,464
580,144,422,464
586,144,421,463
594,143,420,463
602,145,418,463
613,146,415,463
620,147,415,463
630,149,415,463
630,146,421,463
637,146,421,463
646,149,420,462
647,142,420,462
653,137,424,465
660,133,423,464
668,125,423,464
674,118,423,464
681,114,424,468
685,110,424,468
689,105,424,468
694,100,424,468
698,97,424,468
703,92,424,468
709,90,424,468
712,86,424,468
716,85,424,468
720,84,424,468
722,84,424,468
724,83,424,468
727,82,424,468
731,83,420,465
734,84,420,465
735,84,420,465
738,85,420,465
739,86,420,465
741,87,420,465
743,92,420,465
743,92,420,465
742,90,420,468
739,90,423,468
736,91,423,468
737,91,423,468
736,94,423,468
735,94,426,468
734,94,426,468
737,96,426,468
738,98,426,468
738,100,427,469
739,103,425,467
738,104,426,468
737,105,426,468
738,110,426,468
732,112,426,468
729,113,426,468
728,114,426,468
722,116,426,468
721,116,426,469
723,119,426,469
723,119,426,469
723,120,426,469
723,120,426,469
723,119,426,469
722,119,426,469
719,118,432,469
721,118,432,469
719,120,432,469
717,119,432,469
708,120,432,469
702,120,432,469
700,120,432,469
698,125,432,469
696,127,432,469
694,126,432,469
693,125,432,469
691,124,432,469
690,123,432,469
689,122,432,469
688,124,432,470
688,125,432,470
687,125,432,470
686,125,432,470
685,125,432,470
684,125,432,470
683,128,432,470
683,128,435,470
684,128,435,470
688,131,432,468
695,134,423,468
682,138,434,464
671,138,438,461
658,138,451,461
655,138,456,461
650,140,459,461
647,140,459,461
645,140,459,461
641,140,471,461
642,141,470,460
642,140,469,460
642,143,469,460
641,145,469,460
642,146,469,458
618,143,495,457
591,144,521,457
579,146,534,455
576,147,531,454
579,147,528,453
580,147,528,453
583,149,522,451
587,147,519,451
592,147,516,454
594,147,516,454
599,146,512,454
600,146,508,454
602,147,506,454
603,146,502,452
604,146,499,457
612,147,491,457
613,148,491,457
635,150,469,454
654,152,455,453
666,153,435,449
676,153,426,448
678,152,426,453
678,153,426,453
678,152,426,453
678,154,426,453
677,153,426,453
676,153,426,453
677,154,424,453
677,153,424,453
678,156,424,453
679,155,420,449
678,154,420,449
679,154,420,449
679,154,420,449
678,150,420,456
678,149,420,456
677,148,420,456
676,147,420,456
677,146,420,456
676,146,420,456
678,148,420,456
678,150,420,456
679,151,420,456
677,150,420,456
678,151,420,456
679,151,420,456
678,152,420,456
678,153,420,456
677,153,420,456
675,153,420,456
674,153,420,456
672,153,420,456
671,154,420,456
672,155,420,456
670,155,420,456
669,154,420,456
667,153,420,456
666,152,420,456
665,151,420,461
663,150,420,465
664,152,420,466
663,151,418,462
664,150,418,462
663,149,418,462
662,148,418,462
664,147,418,462
663,150,418,462
663,149,418,458
662,149,418,458
662,151,418,458
661,150,420,458
660,150,423,458
660,154,423,458
657,154,425,458
658,157,425,458
657,159,425,458
659,158,425,458
660,160,425,458
660,160,425,459
659,160,425,459
661,160,425,459
663,162,425,459
663,162,425,456
664,162,425,456
664,162,423,456
665,161,423,456
665,161,423,456
665,160,423,456
666,159,423,460
665,161,423,460
664,160,423,460
666,159,423,460
666,160,423,460
666,159,423,460
669,162,423,460
670,164,423,460
671,165,423,460
671,166,424,456
661,165,431,456
638,163,456,456
608,163,490,455
586,170,513,450
569,171,530,445
557,170,542,444
556,170,542,444
555,169,542,444
554,169,542,444
552,167,542,444
552,167,542,444
550,165,543,444
549,165,543,447
548,163,543,447
549,161,543,447
547,158,542,446
548,154,542,446
546,146,542,446
545,140,542,446
538,138,540,445
530,136,540,445
527,134,540,445
524,134,540,445
523,134,540,445
521,133,540,445
517,132,540,445
515,132,539,444
510,133,539,444
504,135,539,444
517,137,520,447
518,137,517,447
540,138,492,450
558,138,467,454
572,139,450,450
587,140,435,451
594,141,431,450
596,143,431,450
597,143,431,450
598,143,431,450
599,146,431,450
600,145,431,450
602,145,431,450
601,145,435,450
581,145,462,450
554,145,489,450
542,146,504,447
532,147,516,447
533,147,516,447
533,147,516,447
533,148,516,447
530,147,516,447
524,153,528,447
526,152,528,447
526,150,528,447
533,147,520,447
537,144,518,446
540,143,518,446
541,141,518,446
545,140,518,446
545,135,518,446
549,134,518,446
549,136,518,446
549,134,517,445
549,132,517,445
549,134,517,445
551,134,517,445
552,134,513,450
552,133,513,450
550,132,512,449
550,131,512,449
550,130,512,449
552,129,512,452
554,128,512,452
559,129,512,452
567,127,506,452
578,127,490,452
578,126,489,451
587,127,483,451
590,126,483,451
593,127,480,451
596,126,476,451
596,128,476,451
595,127,476,447
598,126,476,447
598,125,475,446
597,124,475,446
597,123,475,446
595,122,475,446
591,126,475,448
583,126,490,448
574,126,494,448
573,126,493,447
573,127,493,447
573,128,493,447
578,130,493,451
578,133,493,451
579,139,493,451
583,146,493,451
583,151,493,451
584,156,493,451
584,162,493,451
583,165,493,451
586,170,493,451
597,175,487,449
597,178,487,449
597,184,487,449
598,188,487,449
599,193,486,448
600,197,485,447
600,201,485,447
600,204,484,446
586,211,489,442
548,218,530,438
529,213,542,446
524,217,542,446
529,219,539,445
540,222,524,444
545,223,517,446
549,225,513,445
552,229,510,445
551,231,510,441
559,232,501,445
568,233,491,441
573,234,482,441
577,236,479,441
579,237,477,441
578,238,477,441
577,237,476,440
573,237,475,439
561,238,486,439
549,240,500,439
550,238,499,438
552,235,495,438
556,232,492,438
560,230,487,437
559,226,487,437
562,224,483,439
568,223,473,439
566,222,472,438
564,225,471,437
561,225,471,437
559,226,470,436
558,226,470,442
563,226,470,442
562,226,470,442
561,228,469,441
561,229,469,441
561,229,469,441
560,229,468,440
543,229,490,440
529,230,500,440
521,233,509,440
517,233,510,439
522,232,505,438
535,234,492,444
563,234,461,442
578,232,450,444
592,233,434,446
598,238,420,443
599,240,420,443
598,240,420,443
597,240,420,443
600,240,421,443
600,241,421,443
600,241,420,442
599,240,420,442
599,239,420,442
599,238,420,442
598,237,422,447
599,238,422,447
599,237,422,447
602,237,421,446
603,234,422,445
611,225,422,445
617,220,422,445
620,216,422,445
623,215,421,444
624,213,421,444
626,215,421,444
627,216,420,443
624,216,419,442
605,216,445,442
593,216,450,441
569,214,478,440
558,216,483,440
554,216,483,440
550,217,482,439
546,217,481,438
542,218,480,437
550,219,470,442
548,219,469,441
544,220,468,440
538,221,468,440
533,222,472,442
532,222,466,442
533,224,461,444
529,225,460,443
526,226,460,443
522,226,457,443
521,222,456,444
515,220,460,443
511,219,460,443
507,219,464,446
502,220,467,442
499,220,466,441
500,221,466,441
502,222,465,443
500,222,465,443
496,223,464,443
494,224,464,443
491,223,464,443
488,222,462,443
480,220,464,443
478,217,463,442
474,215,462,441
454,214,485,445
440,216,494,444
434,217,500,443
433,216,499,442
442,214,487,440
444,213,481,439
446,213,475,439
450,215,471,438
453,214,460,438
450,213,459,437
454,213,453,436
453,213,447,441
458,213,446,440
455,212,445,439
453,211,445,439
459,211,439,439
458,212,438,438
457,212,438,438
448,211,437,437
447,211,436,441
443,211,441,440
457,211,438,439
468,207,417,442
474,207,417,445
475,211,414,445
474,211,414,445
472,212,414,445
470,212,413,444
468,211,413,444
467,212,413,444
466,212,412,443
465,211,412,443
464,212,411,443
463,211,411,443
457,211,420,443
442,211,429,443
430,213,444,442
426,213,451,442
424,213,456,442
423,213,456,442
423,213,456,442
422,214,456,442
423,213,456,442
425,213,456,442
429,212,455,441
430,212,454,440
430,212,453,439
430,212,452,438
430,211,452,438
430,210,451,437
430,210,450,436
431,210,449,435
433,209,452,439
433,208,452,439
433,209,451,438
434,209,451,438
435,208,451,438
436,208,450,437
436,209,449,436
433,210,448,435
425,211,455,434
418,213,460,434
417,214,466,434
416,214,465,433
415,215,468,432
418,215,468,431
420,215,468,431
421,210,471,440
421,210,467,440
420,210,467,440
419,212,467,440
420,212,467,440
419,212,467,440
424,212,464,443
423,212,464,443
426,212,464,443
427,212,464,443
426,212,463,442
427,215,462,441
427,218,462,441
428,218,461,440
429,220,461,440
429,221,461,440
429,220,457,439
429,221,456,438
428,221,455,437
428,222,454,442
429,223,454,442
428,222,453,441
428,222,453,441
427,221,453,441
426,220,453,441
425,219,449,443
424,218,448,442
423,221,447,442
422,211,446,449
423,210,443,446
424,209,442,445
422,207,442,445
421,208,441,448
420,209,440,447
420,211,439,446
420,210,438,445
418,209,437,444
416,209,436,443
414,208,435,442
415,204,434,444
417,203,433,443
408,204,437,443
397,205,450,440
387,203,463,444
371,199,473,445
362,198,486,444
353,189,496,451
351,188,495,450
349,194,495,450
346,194,500,444
344,199,503,437
344,203,506,439
343,206,506,429
340,209,506,424
340,213,504,418
339,216,512,412
341,222,510,412
340,226,509,411
339,229,507,400
337,231,506,400
337,232,505,399
338,235,504,396
339,234,503,393
340,234,502,392
339,233,505,391
340,232,504,390
340,236,503,389
341,233,502,392
341,233,501,391
342,233,500,390
342,232,499,389
342,233,498,388
342,232,497,387
343,233,496,386
343,234,495,385
343,234,494,384
343,234,493,383
343,234,492,382
343,233,491,387
342,231,498,388
341,228,499,389
340,225,499,392
339,220,501,397
338,217,503,400
337,213,507,405
337,207,506,409
337,202,505,416
338,197,504,421
339,193,503,425
337,188,502,430
336,186,502,430
335,181,508,427
340,178,508,427
339,181,507,426
339,181,507,426
337,180,507,426
336,180,507,426
334,179,507,426
336,181,507,425
336,181,506,424
335,180,506,424
334,179,506,424
332,176,510,424
331,178,510,424
330,178,510,424
331,174,512,427
331,175,510,427
332,178,510,427
332,175,508,424
331,173,508,424
332,167,505,427
332,165,504,435
332,155,503,441
330,151,502,444
329,151,499,441
329,153,498,441
327,160,498,435
325,162,498,435
324,162,498,435
328,165,499,431
326,164,498,430
323,165,497,429
323,164,500,429
321,163,499,428
322,164,499,428
322,163,501,428
319,166,502,427
317,165,502,427
316,166,507,426
315,166,506,425
318,156,506,431
316,158,510,429
315,161,510,425
316,161,508,424
316,160,507,424
315,159,506,423
317,159,506,423
317,159,506,423
317,159,506,423
316,155,510,427
318,154,510,427
319,156,510,427
319,155,508,427
320,155,507,427
320,156,507,427
320,156,507,427
319,154,507,427
318,153,506,426
317,152,506,426
316,152,505,425
317,155,505,425
318,156,508,427
317,157,508,427
320,156,508,427
319,155,508,427
318,155,508,427
317,156,508,427
317,155,507,426
316,155,506,425
316,155,506,425
318,154,507,426
318,153,507,426
316,151,506,425
315,149,511,427
316,145,511,427
317,144,511,427
317,143,511,432
317,144,511,432
317,143,511,432
317,142,511,432
317,141,511,432
318,142,511,432
316,143,511,432
316,142,510,428
315,142,512,428
314,145,512,428
317,146,512,426
316,147,511,425
316,146,510,424
315,145,510,424
314,145,509,430
313,146,508,429
312,148,511,428
313,150,511,419
314,149,510,418
313,150,510,418
312,150,509,417
312,151,509,417
317,149,512,416
318,149,511,415
322,149,510,418
325,146,509,422
326,146,509,422
326,149,509,424
325,151,508,423
325,153,512,422
324,153,512,422
323,152,512,422
322,151,517,422
323,151,515,422
322,149,515,422
324,150,515,422
323,149,515,422
322,149,515,422
321,151,515,422
320,152,515,422
321,153,514,421
321,153,513,420
321,153,512,419
321,154,511,418
322,156,510,417
322,155,509,416
322,155,509,419
322,155,511,421
325,155,511,421
325,157,511,421
325,158,510,420
325,158,510,420
325,159,510,421
325,159,509,420
326,158,513,421
325,159,512,420
325,162,514,419
324,160,517,421
325,159,517,421
324,160,516,420
325,162,514,418
322,164,512,417
324,165,510,416
330,166,508,414
334,166,506,415
327,167,511,414
326,171,514,413
328,172,512,411
323,172,507,410
329,175,479,408
332,185,450,407
330,194,356,375
334,210,403,387
341,231,382,372
382,226,345,364
545,396,155,194
349,388,324,207
334,353,324,240
336,348,513,236
336,364,514,217
339,369,512,224
337,411,514,179
337,396,511,214
337,394,490,209
332,399,439,200
335,387,380,213
463,371,146,214
337,360,508,249
334,364,503,240
337,432,486,176
329,464,468,144
548,447,231,160
535,422,223,184
511,411,226,191
489,426,196,183
0,0,0,0
665,209,174,232
629,190,221,282
574,184,278,287
517,187,335,419
450,184,402,424
396,187,453,418
395,186,452,418
392,185,460,419
381,184,470,424
382,187,469,421
377,187,475,421
373,189,475,421
367,189,486,421
362,190,491,421
361,192,491,421
361,193,491,419
360,193,491,419
352,193,499,418
351,193,499,418
350,193,504,418
350,194,503,417
350,194,502,416
349,194,501,415
349,193,504,420
347,195,506,421
347,194,505,420
347,192,505,420
346,194,505,420
346,192,505,420
346,195,507,419
346,195,506,418
346,198,506,418
345,198,507,419
345,197,506,418
344,198,506,418
343,197,508,420
347,197,507,419
348,196,507,419
348,195,506,424
348,195,506,424
347,195,506,424
346,195,506,424
348,197,507,422
347,196,507,422
347,196,506,421
347,196,506,421
346,196,506,421
346,195,505,420
347,193,505,420
350,191,507,419
351,188,505,419
351,187,504,418
352,186,503,417
351,184,502,416
349,182,507,414
317,181,541,417
291,174,574,425
264,171,597,426
245,170,619,426
224,171,641,428
218,169,648,428
217,167,654,428
221,167,652,427
223,166,651,426
223,165,651,426
223,164,650,425
225,162,650,429
225,159,650,433
225,157,650,433
224,155,650,433
226,153,650,433
226,152,650,433
225,151,650,433
228,150,650,433
230,152,649,432
229,151,649,437
230,150,649,437
230,148,655,441
229,148,654,440
228,148,653,445
229,142,653,447
229,142,653,451
233,134,649,458
236,131,644,457
243,132,638,454
255,130,624,453
273,134,602,443
288,136,585,442
302,138,572,433
316,140,554,432
334,140,532,427
360,140,502,424
385,142,478,420
400,143,461,418
404,143,460,417
411,144,453,412
422,146,437,406
429,148,427,402
435,149,422,399
443,149,414,391
459,148,400,390
455,147,399,392
454,146,406,391
454,142,426,398
463,142,421,413
463,140,421,423
465,141,419,422
468,137,414,430
466,136,414,430
462,134,425,432
468,129,418,438
471,127,419,438
472,123,420,443
470,121,420,443
469,120,424,443
474,118,424,443
480,119,421,449
492,120,418,448
514,121,408,446
554,124,375,441
603,125,320,439
647,128,285,437
657,129,285,436
659,131,304,436
658,134,312,435
658,141,331,431
660,144,347,425
661,151,359,420
660,157,378,416
659,163,392,421
665,174,413,417
665,179,430,415
671,179,439,417
673,182,446,413
676,182,460,412
681,182,462,411
688,183,463,409
695,184,467,409
702,185,470,408
701,188,481,406
701,189,487,406
703,189,490,404
706,191,494,404
701,192,513,398
700,191,530,398
707,191,548,402
713,190,566,410
721,200,559,403
