68,179,383,166
79,171,385,161
109,167,371,162
133,160,346,161
141,147,338,162
142,137,338,166
148,128,331,168
144,124,335,170
133,122,346,170
119,121,360,170
111,116,368,173
105,115,374,179
101,118,375,180
101,120,375,184
111,126,368,183
119,125,360,183
115,124,364,185
123,121,356,186
129,116,350,187
128,116,351,189
110,121,369,192
104,132,375,192
96,145,374,194
84,158,373,189
81,167,371,184
82,168,352,183
108,175,344,176
92,174,362,179
91,174,360,176
91,172,355,171
92,165,354,172
96,161,344,170
89,160,341,163
86,154,335,168
88,152,334,171
96,157,324,167
96,160,318,165
87,169,305,161
76,175,296,160
75,178,281,164
60,188,261,163
50,194,250,161
49,196,242,161
48,197,235,161
45,198,229,160
46,196,222,160
53,193,203,158
66,184,191,158
93,181,162,162
96,183,157,161
108,190,153,150
124,176,138,160
131,172,131,157
136,170,130,157
152,171,128,153
163,172,126,155
135,180,162,148
137,181,172,147
145,182,176,149
159,188,180,152
167,194,188,148
176,189,194,151
188,183,201,155
192,181,210,157
209,181,207,156
224,179,209,153
240,173,206,156
247,169,206,142
249,165,206,145
252,161,194,148
247,163,184,145
230,160,199,142
226,155,203,141
222,151,202,142
217,150,202,148
204,148,188,147
198,147,200,149
202,149,201,146
205,153,199,144
206,156,197,142
213,157,195,140
234,164,173,134
256,169,152,133
222,168,196,133
231,166,197,131
238,163,194,131
244,162,189,125
251,155,194,118
259,147,144,118
266,144,173,120
277,141,190,121
289,134,190,118
297,128,182,117
305,128,174,117
314,131,165,114
319,129,160,115
319,131,160,114
317,133,162,115
312,133,167,113
306,132,173,112
297,133,182,112
291,131,188,110
284,127,195,111
279,124,199,110
270,123,202,109
259,127,205,109
254,129,204,107
253,129,203,106
248,133,204,108
243,136,206,106
245,138,208,107
250,140,209,107
251,143,210,106
253,145,212,105
256,144,215,104
262,142,216,103
260,141,219,102
252,139,221,101
249,138,224,100
246,137,226,101
236,139,229,100
227,135,231,100
225,131,232,99
222,131,233,101
214,133,235,101
208,127,236,100
207,122,235,99
210,121,237,101
210,123,239,101
207,126,239,101
210,121,242,98
207,120,244,101
204,124,242,99
203,124,241,100
199,121,241,101
193,121,240,102
183,121,241,103
178,118,241,104
172,117,240,105
164,116,238,104
160,116,235,106
160,113,233,106
157,112,233,106
152,114,232,108
156,112,229,108
159,110,228,109
163,109,227,109
162,108,228,113
166,107,227,116
172,106,226,116
172,106,225,118
172,106,224,120
173,107,224,121
169,106,227,122
177,107,212,121
159,106,226,123
157,108,224,126
151,113,227,128
144,116,226,128
139,113,225,130
131,114,227,132
135,126,204,123
136,125,220,124
137,127,214,126
147,127,211,128
159,126,208,128
170,121,205,132
184,119,200,135
201,115,203,136
217,106,205,135
224,103,207,144
239,103,209,146
241,103,219,146
237,104,226,146
232,110,232,146
225,117,238,145
215,122,246,142
210,123,255,139
201,125,262,140
190,125,267,139
184,119,273,139
175,116,277,140
182,115,267,140
211,112,244,138
250,113,207,130
284,109,180,130
341,107,131,131
186,106,290,140
187,103,292,143
187,104,291,145
179,108,292,144
171,113,158,143
168,118,195,141
163,122,220,141
154,122,249,141
148,124,276,141
149,128,290,137
168,126,264,137
189,130,243,136
212,136,217,127
240,137,180,125
264,134,162,124
138,133,284,130
144,130,279,130
147,128,273,131
150,131,269,131
154,135,264,127
152,137,264,127
152,140,258,128
153,143,146,128
148,146,151,128
143,147,157,132
141,155,158,132
137,154,162,131
129,148,163,128
117,144,165,127
109,143,158,127
104,143,151,128
98,142,146,128
92,140,141,128
89,140,136,128
88,140,122,127
91,142,110,126
92,147,102,131
88,156,102,126
84,172,100,110
77,167,97,110
72,166,96,111
76,166,95,111
80,166,91,111
82,165,79,114
82,166,78,113
87,165,70,114
87,161,63,113
85,156,54,115
80,156,170,109
80,153,178,109
98,148,176,110
211,145,70,104
206,147,83,103
195,144,105,103
187,143,121,104
167,144,143,104
153,144,163,110
139,143,184,110
136,145,192,110
135,146,194,111
132,149,194,110
138,152,194,109
137,152,196,108
130,155,178,104
127,154,158,101
127,150,133,100
115,148,109,102
111,149,82,102
109,147,60,102
100,142,202,105
245,140,52,105
221,138,79,106
198,142,107,110
175,142,133,110
158,138,156,114
139,134,182,117
115,132,207,119
113,134,209,119
122,132,207,120
121,134,204,118
121,138,199,114
120,138,199,110
124,141,194,106
128,143,191,102
133,139,185,101
138,135,180,101
147,135,173,100
156,139,165,100
165,142,157,99
169,143,152,99
176,143,146,98
184,144,138,97
187,149,131,97
193,148,127,97
197,146,122,98
203,146,114,98
207,147,110,97
212,148,106,97
220,152,102,98
226,156,97,97
233,159,93,94
233,161,90,95
235,166,88,91
237,164,86,94
241,166,83,93
248,165,81,92
239,169,91,91
258,169,79,91
265,170,79,91
266,171,83,91
264,171,85,92
267,176,87,85
268,179,88,80
263,180,91,81
262,182,95,81
263,184,97,78
262,182,95,80
243,181,115,80
237,181,121,84
232,184,126,84
224,188,131,80
214,184,138,81
207,182,143,81
205,180,149,82
204,177,155,82
199,177,162,82
200,175,169,80
206,170,175,81
206,171,179,81
207,173,185,82
209,174,186,82
205,173,179,82
204,173,188,83
202,174,191,82
199,175,191,80
199,174,192,81
198,171,193,82
193,170,194,81
191,167,193,81
191,162,194,81
201,159,187,82
218,158,172,82
239,163,152,75
255,156,134,80
278,157,113,81
300,157,93,82
320,161,72,81
343,164,50,82
203,165,194,80
202,167,196,77
200,164,66,77
203,160,91,77
201,157,105,80
191,159,137,81
187,161,158,81
182,162,182,82
176,165,193,82
189,168,173,81
209,171,146,80
233,169,116,81
269,169,78,81
159,168,189,83
166,163,188,85
172,159,102,89
174,160,122,86
177,155,172,88
186,152,180,91
192,154,176,93
203,152,170,93
218,148,166,97
224,148,168,99
229,149,165,98
233,144,167,101
239,142,169,106
236,143,174,110
242,148,175,106
241,149,179,105
240,152,181,102
235,153,185,102
231,154,188,100
229,151,190,99
224,152,194,100
227,157,197,96
224,159,200,96
220,159,204,96
216,160,206,96
213,160,206,95
210,158,208,95
211,156,208,95
215,156,209,95
218,155,211,96
218,154,211,95
217,151,210,89
215,148,208,93
210,148,204,95
205,151,205,94
208,151,199,94
208,148,198,90
209,147,197,90
213,150,196,87
222,149,197,92
226,150,193,92
234,147,191,92
238,148,187,91
238,148,185,91
239,145,181,93
238,150,180,94
234,154,174,94
228,159,171,94
223,166,163,94
218,170,160,93
208,174,153,92
201,177,146,91
198,178,138,90
188,180,132,89
183,180,118,88
177,178,111,91
176,177,100,91
172,175,96,91
164,173,91,91
164,169,83,90
162,172,76,89
160,173,72,89
150,177,74,83
146,176,83,81
148,177,84,83
146,183,90,80
145,182,93,76
140,178,97,80
141,180,98,82
149,180,102,84
148,176,104,88
147,167,106,91
147,163,107,93
152,160,108,94
156,158,111,97
154,159,114,97
153,157,119,96
155,154,119,97
154,157,119,94
152,159,120,92
154,160,118,88
163,161,113,87
168,164,106,85
173,170,101,83
185,171,95,82
190,169,84,81
191,168,79,79
199,164,78,79
205,165,74,78
206,165,72,77
211,161,68,76
211,168,71,68
212,167,76,69
192,165,96,68
194,162,94,68
198,161,91,69
211,162,87,71
206,164,98,72
208,167,105,69
252,163,75,69
229,161,108,65
239,161,112,63
252,160,105,64
259,159,113,63
258,155,122,67
261,156,129,68
267,157,133,67
259,159,138,68
252,160,140,70
244,165,142,69
228,168,142,67
210,169,149,68
202,166,148,68
192,164,149,68
181,166,151,67
176,166,154,69
176,166,154,68
173,161,157,70
169,155,160,69
168,150,161,70
167,146,161,71
160,146,163,70
153,145,162,69
153,143,161,69
152,143,163,70
146,143,163,72
146,147,163,73
148,150,164,73
149,153,163,74
155,155,162,72
158,156,162,73
157,156,162,74
156,152,162,74
155,148,163,75
155,146,160,74
151,144,162,77
148,144,163,76
153,143,160,77
163,141,161,77
172,139,160,79
183,138,161,79
195,133,158,82
200,134,161,84
209,133,159,84
210,133,161,85
207,136,159,85
207,139,159,84
203,138,158,83
191,141,162,80
185,146,160,80
178,146,160,78
176,146,159,77
171,151,158,79
166,159,159,78
165,162,159,77
164,164,159,76
160,160,156,73
161,160,155,72
169,158,150,72
166,160,151,74
165,163,147,71
166,165,144,70
169,168,142,73
168,170,137,74
166,170,134,74
167,170,128,73
170,172,124,74
170,174,120,75
169,173,114,74
168,172,108,77
168,173,104,76
168,173,98,77
168,173,94,77
170,175,87,76
171,179,81,74
178,183,73,74
183,183,66,74
185,187,63,70
186,189,63,65
183,187,70,65
182,186,73,63
180,185,70,64
177,188,68,61
179,187,78,62
177,187,84,63
174,185,85,64
173,179,83,65
168,175,97,67
168,175,97,67
168,179,102,65
167,176,105,65
168,173,108,66
169,171,111,65
167,173,113,64
169,173,115,63
163,171,121,62
159,167,119,65
151,166,123,65
151,163,124,66
149,159,126,63
146,160,127,65
151,160,125,65
148,159,130,67
144,163,132,66
143,167,132,67
140,171,134,66
141,174,134,66
141,178,137,67
145,179,136,68
145,178,137,67
144,176,138,68
143,177,138,69
144,179,140,69
145,180,139,69
144,184,140,70
148,186,140,70
147,186,141,70
144,183,140,71
140,183,141,73
139,184,141,72
134,181,139,73
130,183,142,72
131,183,138,72
128,184,139,73
132,187,138,73
137,190,133,71
142,192,134,69
139,196,132,67
147,197,132,65
151,200,128,66
154,202,126,65
157,199,124,65
158,201,124,66
162,203,121,65
163,204,121,65
169,203,120,65
176,203,113,66
185,203,112,66
195,203,109,65
207,207,98,64
218,210,97,62
230,211,107,65
240,213,104,63
242,213,95,62
244,214,92,62
248,212,96,62
244,212,97,65
243,211,95,64
243,209,94,65
247,208,94,62
251,209,91,63
255,212,82,62
260,213,78,61
267,214,71,60
269,214,74,61
270,216,71,59
271,215,70,60
273,214,68,60
274,215,66,59
269,218,66,59
277,221,62,55
287,223,62,53
285,225,61,54
282,224,61,55
286,223,60,53
287,219,59,52
280,221,58,54
273,224,58,53
270,219,57,53
275,216,58,52
280,216,57,51
290,218,51,50
293,218,55,50
294,219,57,53
295,221,56,53
303,222,53,51
310,223,52,50
310,223,55,50
300,220,60,51
301,218,61,51
302,217,62,49
303,217,60,52
296,215,64,51
298,211,63,51
300,210,61,50
302,210,63,49
300,211,54,51
296,208,63,49
296,204,68,50
294,204,73,51
294,204,77,50
290,203,79,50
290,200,81,50
292,197,78,49
294,196,76,47
288,196,80,49
289,196,77,56
289,196,77,57
289,194,76,57
287,193,75,56
290,189,72,57
289,187,70,57
290,188,73,58
287,191,72,55
285,189,68,55
285,189,67,54
285,190,66,54
282,192,64,53
281,192,62,53
280,192,61,52
279,194,59,53
280,196,58,51
278,194,59,52
273,194,58,51
270,190,58,50
263,190,58,52
260,192,56,51
257,194,57,51
256,195,53,51
253,197,54,50
254,198,53,49
251,200,53,49
250,204,54,47
250,204,54,48
247,206,55,47
245,206,56,45
241,206,58,45
235,207,66,44
230,207,69,44
228,204,73,44
227,203,76,42
225,202,80,44
230,206,82,43
235,206,85,43
240,204,87,42
247,204,92,41
257,205,92,38
263,201,95,42
271,198,97,43
278,197,97,44
283,196,100,45
289,195,100,44
292,195,101,47
293,194,103,44
295,191,105,45
300,187,106,44
296,187,106,46
299,190,107,46
308,186,106,48
307,185,105,46
306,184,104,48
304,184,105,47
300,185,104,48
298,185,104,48
291,185,105,48
288,184,102,49
284,180,101,51
280,177,101,51
274,175,102,50
271,174,99,52
267,175,100,52
260,176,101,54
255,176,99,54
248,175,101,53
245,175,99,54
243,173,100,54
235,172,100,54
233,169,100,54
232,165,100,55
228,162,101,55
224,159,101,54
221,158,102,54
216,156,102,55
210,155,103,55
209,152,102,56
205,153,103,57
203,155,103,57
205,156,104,56
213,156,104,55
223,153,103,56
233,152,103,55
249,152,103,54
250,148,105,55
255,146,104,54
263,141,102,54
259,138,105,54
256,136,105,54
255,138,102,54
248,137,105,54
247,137,105,53
240,139,108,55
238,144,106,53
228,147,108,54
229,150,105,53
228,151,106,54
226,155,105,55
231,155,103,54
234,159,103,52
239,159,100,54
240,161,102,55
246,163,101,54
252,167,101,54
259,166,101,54
260,162,101,54
257,159,102,54
256,158,99,55
257,159,100,54
255,160,100,55
250,162,99,56
246,166,101,57
250,167,102,57
255,165,102,57
259,162,102,55
255,162,101,56
255,163,100,56
256,162,100,56
253,163,100,58
256,167,96,57
263,169,91,55
258,174,99,57
265,178,100,56
272,181,100,56
276,180,99,55
288,174,100,56
295,175,97,56
305,173,96,53
313,169,94,54
309,167,93,54
303,165,92,54
298,165,87,55
296,166,88,56
282,171,88,57
267,170,87,55
256,166,85,56
240,165,86,58
227,168,81,57
219,168,78,58
211,166,76,60
203,167,73,59
197,164,71,60
185,163,72,61
175,161,69,59
167,155,67,59
156,146,67,61
143,142,64,60
146,138,60,60
146,134,58,61
145,131,55,62
146,129,54,63
150,130,54,64
154,129,53,64
156,125,54,67
155,121,54,68
154,119,54,68
154,115,56,68
150,112,57,69
149,111,57,68
145,110,60,68
147,111,62,68
144,111,61,71
140,116,62,70
142,119,63,69
142,119,66,70
136,121,66,71
132,121,69,70
127,122,70,71
131,122,70,70
125,122,74,72
116,123,76,73
114,124,77,72
114,127,78,73
111,128,80,74
104,129,83,75
95,132,85,76
90,135,86,77
77,137,93,78
64,141,96,80
55,143,97,80
54,145,93,81
48,151,98,82
44,155,98,82
42,158,100,79
40,159,103,80
40,162,106,81
46,163,105,80
43,161,106,80
48,161,109,80
56,160,110,80
61,160,108,80
69,159,108,81
86,161,109,81
97,162,96,79
104,165,104,78
117,162,103,78
124,159,99,80
132,159,99,80
142,158,96,81
144,158,96,83
149,157,98,84
156,156,95,84
155,155,95,86
155,155,96,86
161,157,95,83
161,157,94,85
162,157,93,84
165,157,93,83
168,158,91,84
169,162,93,85
178,162,90,85
181,161,88,86
183,161,88,87
193,160,87,87
192,161,82,87
195,158,81,87
205,156,78,88
211,158,77,86
212,158,76,89
219,159,78,86
220,156,79,87
221,155,80,87
226,154,81,85
228,150,82,87
232,147,86,88
236,145,88,87
235,145,92,89
239,145,98,89
247,142,99,88
249,140,97,91
253,138,109,91
256,133,112,91
255,133,119,90
265,129,121,92
266,129,125,92
271,128,130,91
278,127,136,93
287,128,143,91
297,128,146,92
306,129,154,93
318,127,155,92
325,126,154,93
339,123,140,93
353,117,126,95
369,114,110,97
382,112,97,98
390,110,90,99
397,106,83,101
398,107,81,102
394,110,85,104
391,111,88,105
377,112,102,106
353,115,126,104
331,119,148,106
303,126,176,106
275,131,204,105
243,135,215,104
217,138,212,105
194,141,212,106
182,143,203,108
235,146,141,96
169,135,96,59
163,137,187,57
160,130,195,103
161,127,201,103
166,126,200,100
169,126,200,98
174,124,199,100
178,126,200,100
183,127,203,98
192,133,205,100
207,139,207,97
223,143,207,98
237,149,210,94
255,152,210,92
262,160,211,90
272,166,207,86
279,168,200,88
288,168,191,89
282,166,197,88
279,168,200,92
285,168,194,92
285,169,194,91
281,171,198,91
284,174,195,91
289,177,190,90
289,179,190,91
289,180,190,90
286,177,193,90
285,173,188,90
287,172,182,93
297,171,175,92
299,168,171,94
306,165,161,96
316,162,156,98
322,159,147,100
327,154,141,103
322,152,135,105
323,151,126,105
317,149,122,107
312,149,115,109
305,146,111,109
292,146,108,109
283,149,99,110
284,152,89,110
283,151,88,109
277,151,91,112
279,151,94,113
278,150,97,114
268,153,101,115
264,154,102,117
255,154,111,119
241,159,116,120
229,159,123,120
216,159,127,121
209,160,128,122
199,159,133,123
185,156,139,121
174,150,144,124
170,145,147,129
166,146,152,128
159,143,158,130
151,146,161,131
156,145,165,131
152,150,171,129
157,155,173,125
149,156,179,122
150,159,182,118
158,155,183,123
167,162,183,123
170,163,181,122
173,164,180,121
181,165,178,120
189,165,169,120
190,164,162,121
194,161,158,122
201,159,149,122
203,156,142,125
207,157,135,129
210,162,127,126
215,162,120,128
220,161,117,127
222,160,110,129
215,165,112,131
217,166,114,128
212,163,116,133
207,166,123,131
205,164,129,134
199,164,137,135
202,164,144,134
205,163,151,137
207,164,158,135
216,162,166,135
220,161,175,135
226,155,180,137
228,154,187,137
232,150,196,136
229,149,201,139
224,152,210,139
224,151,216,139
220,152,224,138
215,152,231,139
216,153,241,140
213,152,246,140
212,151,252,140
215,146,258,140
217,144,262,141
217,140,262,141
208,136,271,144
200,133,279,145
184,130,295,149
172,131,307,150
159,132,313,152
143,134,316,152
131,135,314,151
115,135,315,154
108,136,312,153
94,136,310,152
87,136,308,154
84,132,306,154
78,130,303,156
77,130,299,158
74,132,297,158
73,134,294,158
70,140,287,161
72,144,282,158
73,145,276,157
73,143,268,156
78,138,258,156
78,136,250,155
86,138,242,153
95,143,236,147
98,145,231,142
92,151,233,135
89,148,234,132
82,144,236,130
74,141,239,129
71,138,241,127
64,135,245,126
57,135,250,124
56,138,253,124
58,142,258,121
64,146,260,120
63,146,263,118
67,145,268,116
72,149,270,120
68,150,273,122
61,153,274,121
54,154,277,122
47,155,278,124
42,156,280,124
30,158,282,124
24,155,280,125
18,154,282,127
12,152,284,131
9,152,284,132
7,149,286,134
8,147,283,138
12,141,278,138
15,137,276,138
22,129,275,144
28,126,274,148
36,125,275,149
39,127,275,149
42,131,277,148
42,137,279,146
47,145,276,144
51,148,279,140
52,153,279,142
61,157,278,139
67,160,278,134
71,158,276,131
78,152,275,130
82,149,272,129
90,146,270,128
96,144,265,127
103,145,259,126
112,146,253,125
116,147,251,124
124,146,244,124
130,145,240,121
135,140,233,125
145,141,228,124
153,143,219,123
163,144,212,125
169,144,205,124
178,148,195,124
188,149,187,127
188,157,180,123
189,157,170,123
189,158,160,125
200,160,145,124
203,161,138,122
206,156,122,124
214,156,104,121
221,157,103,121
212,163,114,115
209,167,122,111
202,168,126,112
197,171,124,112
195,173,141,112
184,172,148,112
170,172,152,113
158,173,156,112
147,168,163,111
132,169,166,113
126,170,167,114
119,169,172,113
116,169,173,107
115,165,178,109
116,163,180,109
122,164,183,107
134,164,175,110
125,164,185,111
123,160,190,114
126,158,195,116
138,157,199,118
138,159,204,121
139,155,210,123
144,150,210,125
137,149,214,128
133,147,214,125
120,142,215,124
104,138,212,124
95,140,206,123
88,147,201,120
78,155,195,115
72,161,191,110
73,165,184,108
79,170,175,107
79,175,167,105
83,176,158,104
85,176,148,104
81,174,144,105
81,169,136,105
81,166,131,106
77,164,127,106
76,165,124,106
85,164,119,105
92,165,107,106
97,166,101,106
106,165,93,107
110,167,87,106
110,170,87,106
111,178,87,101
108,181,91,97
108,185,95,97
112,187,98,95
114,189,100,95
119,188,103,95
124,187,104,96
134,189,105,96
141,192,100,95
143,192,99,96
147,195,98,97
151,195,94,96
146,200,93,91
142,204,86,88
145,206,83,87
142,212,79,82
141,214,80,80
137,213,84,80
132,214,87,81
133,214,84,78
133,209,94,79
128,206,95,79
131,202,91,81
132,201,115,81
127,199,120,80
120,198,123,79
115,195,128,81
107,195,133,82
100,194,138,80
86,191,146,80
77,189,147,82
77,188,151,78
70,189,159,79
65,192,162,77
71,190,165,77
70,187,168,79
74,186,164,78
79,184,172,77
79,183,173,77
80,181,175,78
83,183,174,78
85,186,177,77
88,185,180,78
92,184,180,73
90,183,183,72
86,181,186,73
88,179,186,77
82,177,186,78
81,172,190,78
87,170,190,78
91,170,187,80
99,173,188,81
107,176,190,82
115,173,185,85
122,170,165,88
126,174,144,87
131,171,179,88
129,167,178,95
132,168,183,95
128,166,185,95
121,165,188,95
121,164,188,95
149,168,149,93
131,166,164,90
107,167,178,88
93,169,185,88
83,172,186,87
84,173,182,86
82,172,181,85
80,172,180,86
81,171,179,85
81,170,176,85
84,169,176,84
81,166,174,85
82,168,174,84
91,167,169,84
94,170,167,84
101,168,163,82
107,164,160,82
118,163,155,82
129,163,150,83
134,166,147,81
143,163,143,81
148,160,138,82
154,161,133,82
162,160,127,82
163,163,121,82
171,163,117,80
179,165,110,82
189,171,106,81
197,174,97,81
203,177,93,82
216,179,86,81
227,180,81,82
238,186,75,77
239,188,72,77
241,188,74,75
249,186,74,74
250,184,71,73
235,186,86,72
229,186,98,73
229,188,105,73
228,191,108,71
231,193,112,71
231,191,117,70
235,185,122,72
239,183,125,71
241,180,128,72
242,180,131,74
243,186,135,72
249,183,138,72
252,179,141,71
256,174,142,73
257,172,143,71
263,171,149,72
268,172,153,72
275,173,155,71
274,173,159,71
271,172,162,73
270,171,164,73
266,170,168,75
260,168,168,72
253,164,171,72
248,165,168,72
259,163,154,72
270,162,139,72
226,162,174,73
224,163,172,73
229,163,169,73
224,162,174,74
225,160,173,76
230,157,172,76
230,155,173,77
226,156,153,77
222,159,169,78
216,163,174,79
207,167,172,78
198,171,171,80
193,176,172,79
182,181,170,79
186,181,167,77
180,178,173,77
183,173,170,78
186,165,171,77
181,160,172,76
181,155,171,78
189,155,170,79
200,156,165,79
199,157,170,79
196,159,170,81
197,163,171,81
192,166,171,81
180,170,171,81
173,174,170,81
171,175,167,81
152,177,172,82
144,179,169,81
143,178,169,81
141,178,167,82
143,178,165,83
147,169,165,86
151,168,167,81
155,163,166,82
162,157,166,84
161,153,168,86
162,152,167,84
163,151,167,86
160,148,169,86
159,151,162,88
155,154,169,91
153,160,170,90
154,165,169,88
155,165,169,91
152,167,167,89
154,170,166,88
148,170,167,88
134,172,167,88
127,169,166,87
110,170,170,89
97,172,168,89
86,174,170,89
72,176,170,90
60,176,170,90
51,175,168,90
45,175,166,89
41,171,164,92
45,171,163,93
61,166,163,90
64,159,162,91
74,157,160,92
86,152,159,91
92,149,160,92
96,150,159,92
96,150,159,93
97,152,156,93
95,151,156,94
93,152,154,95
96,154,151,97
92,156,150,99
100,157,131,97
107,155,132,100
104,157,130,99
111,153,129,100
114,149,129,101
118,146,125,102
120,143,125,104
120,142,125,106
120,138,125,108
114,137,126,111
112,140,125,111
107,139,127,115
96,143,126,118
89,148,125,116
83,151,124,116
76,154,121,115
66,154,121,115
57,154,120,117
50,153,121,120
43,155,103,122
38,154,104,120
34,153,104,124
33,154,104,126
38,151,105,126
41,151,106,127
48,149,108,129
53,149,111,131
59,148,113,133
58,150,115,134
57,152,117,135
52,153,119,137
46,156,121,137
41,158,124,140
19,165,139,138
15,161,145,139
7,158,150,141
5,154,155,142
4,152,159,144
8,148,166,146
3,147,172,147
6,141,180,147
2,137,189,152
1,138,196,152
1,133,201,153
1,124,203,154
1,118,207,159
1,119,210,165
1,122,213,163
1,122,214,166
1,123,223,170
1,127,229,170
1,128,237,171
1,127,241,176
1,123,247,180
1,118,256,183
1,115,265,183
1,114,273,187
1,113,281,185
1,108,292,185
1,107,299,188
1,103,304,190
1,102,302,192
1,101,306,195
1,102,310,199
1,106,311,198
1,105,314,197
1,105,321,198
1,106,337,201
1,108,352,201
1,107,368,196
1,103,392,199
1,104,408,198
1,99,424,198
1,95,430,198
9,92,431,198
13,93,434,202
14,98,437,202
19,100,436,202
17,102,435,203
14,106,435,203
13,106,432,205
20,109,431,205
22,113,428,205
23,111,423,205
22,105,419,205
25,101,415,206
25,100,412,206
24,100,406,204
18,96,402,203
20,94,399,203
26,94,389,203
24,92,383,202
28,97,374,199
36,100,366,197
48,107,357,196
51,116,343,192
48,123,336,190
52,130,328,189
48,138,314,186
40,140,304,183
39,141,298,181
34,146,287,182
30,146,279,179
26,142,269,179
24,139,264,178
24,140,255,179
27,142,249,177
35,142,238,175
43,145,230,175
57,149,216,174
69,158,208,173
89,160,195,166
94,160,191,168
106,161,189,160
112,158,185,161
116,161,184,156
120,159,184,153
121,157,186,153
120,158,187,156
124,161,187,150
116,163,193,148
110,166,195,143
96,162,205,141
86,156,203,138
87,146,204,139
72,144,213,135
60,140,213,132
54,131,217,132
49,123,221,131
46,120,225,127
46,116,229,123
43,109,232,124
51,106,236,125
53,107,240,123
54,109,244,121
53,110,247,123
54,112,250,120
54,115,254,121
48,117,257,120
42,115,263,120
31,116,267,119
26,114,270,120
20,114,275,117
11,111,279,118
1,109,282,119
1,108,279,122
1,113,282,122
1,117,279,123
1,124,279,122
1,127,289,120
7,129,289,120
18,130,287,122
30,132,285,123
47,133,284,126
59,138,281,127
74,141,281,127
87,142,275,129
94,148,274,131
105,155,269,132
110,159,267,136
116,160,266,134
127,157,259,137
133,159,260,137
151,157,256,137
166,153,247,141
174,157,244,141
186,161,237,143
197,164,231,140
202,164,219,143
198,164,212,141
196,159,203,141
197,155,196,145
197,151,186,146
198,149,181,149
201,145,179,151
211,146,173,154
224,148,160,155
232,151,153,158
249,150,145,160
259,153,134,162
262,154,129,164
257,149,133,165
251,145,134,170
254,143,137,172
251,145,138,173
250,147,137,173
250,150,137,175
255,151,144,178
244,153,151,179
240,152,155,178
236,149,159,183
231,148,168,183
223,147,176,183
216,142,175,185
218,138,180,187
223,138,187,191
224,141,195,192
227,141,202,195
232,139,211,195
244,138,218,195
247,140,222,189
254,139,225,200
258,137,221,206
262,139,217,207
269,140,210,211
269,144,210,209
269,146,210,212
267,147,212,212
264,143,215,216
259,137,220,215
247,131,232,218
232,128,247,220
224,123,255,225
216,121,263,227
204,121,275,228
195,119,284,227
181,114,298,231
173,112,306,237
170,112,309,238
167,109,312,242
161,106,318,248
153,108,326,247
148,105,331,251
127,100,352,255
113,96,366,262
97,94,382,261
68,89,411,270
37,88,442,264
8,80,471,268
1,77,479,275
1,75,479,270
1,69,479,268
1,63,460,268
1,60,435,269
1,91,416,238
1,85,405,240
1,81,413,243
1,81,423,245
1,81,438,248
1,59,457,277
1,62,471,277
1,71,473,276
1,80,476,271
1,83,472,273
1,96,459,263
1,103,444,256
1,98,428,256
1,92,414,258
1,89,397,254
1,86,386,250
1,84,370,249
1,87,354,246
1,110,342,227
1,117,318,228
1,126,302,226
1,137,288,221
1,144,270,214
1,147,258,213
1,150,250,209
1,148,240,204
1,146,229,199
1,145,221,200
1,152,215,189
1,151,202,182
1,148,187,179
1,147,173,178
1,145,155,180
1,147,140,179
1,147,115,172
1,146,97,161
1,142,86,155
1,142,70,142
1,146,54,138
1,151,48,136
1,156,48,135
1,160,48,131
1,161,49,128
1,161,57,127
1,161,73,130
1,157,88,134
1,155,97,135
1,140,106,154
1,142,111,156
1,144,119,152
1,137,119,149
1,136,112,151
2,154,126,133
7,142,123,147
12,149,126,145
24,156,123,142
31,160,122,137
38,159,121,137
39,166,120,136
38,175,120,131
34,175,122,126
32,177,123,123
32,181,122,120
29,184,121,117
23,189,120,113
20,188,122,113
16,186,124,110
11,186,123,109
12,182,126,107
11,180,124,106
16,186,128,100
24,182,127,100
34,180,120,97
41,181,91,97
48,181,96,88
63,177,123,96
66,179,120,96
71,176,122,100
72,178,122,99
75,175,121,96
66,173,119,94
60,173,118,92
54,175,119,91
48,176,122,87
37,173,122,85
30,172,122,85
25,171,121,85
23,168,120,85
25,163,122,84
19,162,123,85
23,159,125,84
28,154,124,82
28,155,125,81
38,156,120,81
43,152,125,82
43,149,126,81
50,145,126,80
54,139,143,79
55,137,142,78
54,137,142,80
58,137,144,79
64,138,143,78
65,142,142,77
67,141,143,78
65,144,145,81
66,150,144,81
72,156,144,82
69,164,146,80
68,170,146,80
64,172,148,81
58,175,148,78
53,172,149,76
39,170,150,74
38,169,149,72
37,168,151,73
30,168,154,72
20,169,152,74
22,172,153,74
18,177,155,73
13,183,154,74
14,188,153,70
14,185,154,71
13,188,154,71
18,189,154,74
23,194,155,73
31,193,153,70
31,194,154,69
38,196,154,70
39,202,155,68
45,205,156,65
51,206,158,63
48,207,159,67
51,211,157,66
52,212,159,68
50,213,158,70
49,213,157,69
47,211,158,70
41,213,159,69
37,217,159,66
31,211,160,64
28,206,158,64
26,206,159,67
28,208,161,66
33,207,160,64
30,205,162,64
37,206,162,66
43,212,163,65
52,211,164,64
58,210,159,65
61,212,163,66
77,212,164,67
87,212,160,67
92,208,159,67
103,201,159,68
108,201,160,69
115,198,157,69
112,194,159,69
116,192,160,70
119,194,159,70
116,195,159,70
116,195,158,69
105,192,161,69
100,188,158,69
91,188,160,70
78,192,160,69
61,193,161,70
52,195,159,69
44,200,159,74
34,206,159,68
31,208,160,69
22,210,160,70
23,209,156,70
22,209,162,71
20,214,156,70
16,212,142,70
15,210,123,71
20,207,157,72
27,208,155,71
28,210,162,71
28,206,161,74
34,200,160,75
78,201,124,76
70,204,142,80
65,208,154,79
64,208,160,79
76,204,155,81
85,204,156,84
88,206,158,83
91,203,161,82
99,202,160,82
107,206,157,79
115,208,155,78
127,208,158,79
139,213,154,75
151,214,152,75
165,212,157,73
175,212,156,74
187,216,157,73
202,215,151,71
205,216,151,71
211,212,147,72
220,209,146,71
224,208,144,71
235,210,143,68
243,209,144,70
245,209,140,69
252,209,140,70
259,210,133,70
263,214,128,70
274,215,121,71
276,221,117,71
283,227,113,70
284,226,107,69
284,221,103,68
284,217,98,68
287,217,94,68
291,214,88,68
291,211,83,67
294,210,77,69
298,211,70,69
302,210,66,67
307,214,63,56
312,213,66,57
317,214,62,57
320,207,66,60
324,208,63,63
304,211,82,64
303,212,87,65
295,215,95,61
299,213,97,61
302,211,100,61
300,209,103,62
301,203,106,62
299,200,108,62
298,199,111,62
296,199,115,63
295,201,115,63
296,203,114,54
302,215,114,54
280,205,119,62
275,204,124,62
275,206,128,62
275,206,129,63
275,206,131,63
278,206,133,62
280,206,135,64
282,208,135,64
291,206,139,64
293,204,137,64
295,198,139,63
296,189,140,63
296,183,140,63
294,181,140,63
287,180,143,63
283,177,144,62
283,177,143,62
279,176,143,62
288,179,130,62
312,181,110,63
274,183,143,63
276,180,144,64
278,181,143,62
281,177,143,67
278,176,109,68
280,175,129,69
283,175,143,69
283,175,143,70
280,175,142,70
280,176,142,70
281,175,143,72
280,178,141,74
282,182,138,72
277,179,140,73
274,177,141,73
274,176,139,73
264,176,140,74
264,180,138,74
266,180,137,74
262,180,138,73
263,180,137,71
271,179,135,72
278,181,135,70
286,183,131,70
293,186,131,65
303,188,129,67
311,192,127,66
313,193,126,64
312,191,125,65
310,188,124,65
306,183,125,66
303,183,123,67
296,183,126,66
284,183,123,65
279,182,122,68
268,180,121,68
261,179,117,66
252,179,116,67
244,181,114,68
241,179,114,69
240,178,111,69
243,179,109,69
247,184,104,68
252,185,105,67
256,187,104,67
272,189,98,65
272,187,97,63
277,181,98,62
276,179,97,60
276,182,98,60
284,183,95,60
285,185,95,59
285,188,96,58
288,187,95,58
286,187,96,57
283,183,97,58
278,181,98,55
270,180,101,51
262,184,99,53
256,186,101,54
251,187,99,53
244,185,102,53
237,188,101,52
234,191,100,52
234,190,101,52
233,184,101,52
234,181,102,52
240,181,106,51
251,183,102,52
258,184,107,51
271,179,103,51
273,179,103,52
281,178,103,50
287,177,103,51
290,177,105,51
294,178,104,49
295,179,104,49
300,179,106,48
298,180,107,50
295,183,106,49
291,178,108,50
283,175,107,49
277,176,108,50
264,180,112,52
251,181,110,49
240,181,111,50
230,184,111,50
224,186,111,49
209,188,114,50
203,189,109,49
192,188,113,48
183,190,111,49
181,191,110,50
172,193,112,50
170,196,112,49
171,198,112,50
168,201,111,51
168,202,112,52
160,204,115,49
155,205,111,50
158,208,110,49
152,213,111,48
149,215,113,49
146,215,110,47
137,208,107,47
138,205,111,46
133,202,109,48
126,194,110,45
127,185,108,43
123,181,110,49
127,185,105,49
134,186,106,49
140,186,103,48
137,185,102,48
144,186,101,46
144,190,102,47
143,191,102,48
145,190,100,48
146,188,97,50
148,188,92,50
148,191,90,51
140,194,88,52
137,194,83,52
131,196,81,52
124,199,80,52
118,201,72,52
120,200,66,53
115,198,64,54
121,197,52,55
122,197,49,55
120,198,48,55
125,197,48,55
119,196,52,55
118,195,52,55
112,197,56,57
107,202,54,55
105,203,55,55
98,204,60,56
96,209,60,56
91,209,63,54
86,206,66,56
81,203,68,55
79,201,72,57
76,203,75,56
69,201,79,58
70,199,81,59
72,198,83,59
73,201,87,57
76,202,89,54
70,199,91,59
66,199,92,58
62,194,95,60
55,193,96,62
50,197,97,59
43,198,99,60
42,200,93,59
31,202,100,58
32,202,102,56
33,203,102,57
33,204,104,60
40,201,107,59
46,194,108,58
52,192,107,60
61,191,111,60
65,189,111,61
68,187,115,61
74,183,114,61
74,180,115,61
75,177,117,62
78,177,116,63
74,176,118,63
70,174,121,64
72,176,121,64
64,176,125,63
53,175,126,62
51,175,126,62
43,178,127,62
34,182,127,61
35,184,128,60
30,186,127,61
29,192,123,58
32,189,122,57
38,185,125,56
46,186,121,58
50,191,125,56
61,186,120,55
60,182,120,55
67,181,118,56
75,184,110,55
81,185,117,55
89,184,115,55
96,185,113,56
99,188,112,56
102,189,109,56
101,190,107,57
104,191,105,57
107,191,103,56
110,192,103,57
115,190,100,57
116,182,98,58
123,178,97,59
126,181,94,60
131,182,93,58
137,176,88,59
136,174,87,58
140,175,85,59
146,176,80,59
146,174,77,59
149,172,74,59
157,171,70,60
163,171,63,60
170,171,58,60
177,172,56,61
179,174,59,61
183,174,59,60
186,174,65,60
188,172,68,61
189,172,73,61
196,168,76,61
192,168,80,62
198,166,87,63
202,167,90,64
205,164,96,65
211,164,101,65
224,165,104,66
231,166,106,66
239,166,110,66
242,167,115,65
248,166,119,66
249,167,121,67
244,170,128,66
243,172,130,68
243,172,132,67
245,172,133,67
242,172,135,69
244,174,135,68
251,177,137,68
253,171,139,68
248,171,140,69
253,167,139,69
251,166,140,70
251,165,139,70
250,164,135,70
245,165,139,71
241,171,138,71
242,176,137,72
235,177,137,70
232,176,135,70
231,181,132,70
230,190,131,70
228,188,129,68
227,188,127,68
223,189,124,69
224,185,119,69
223,181,115,70
223,181,109,70
224,183,106,67
220,187,107,67
223,196,106,63
227,203,106,63
229,212,108,61
231,214,109,60
236,217,114,59
240,217,115,55
243,215,125,56
255,213,127,51
257,211,129,53
258,209,131,54
260,206,132,54
255,206,131,55
263,205,123,54
249,207,133,55
244,209,134,56
241,206,135,58
240,202,131,57
237,194,127,59
233,190,132,58
231,187,132,59
234,181,133,57
235,178,133,59
235,178,132,59
237,176,129,59
234,178,130,60
239,179,125,59
239,179,123,60
227,184,128,57
226,185,129,57
221,186,129,58
214,188,127,57
208,187,125,57
204,188,124,58
197,186,122,59
191,181,121,59
182,181,120,60
181,178,114,61
178,177,115,62
171,175,114,61
168,171,111,62
166,171,108,63
161,174,106,64
156,175,105,65
150,175,102,65
148,175,98,67
145,178,96,67
148,179,91,67
147,179,90,68
147,181,82,68
153,178,77,69
154,177,70,71
152,175,66,71
148,172,65,72
142,171,62,72
142,167,66,71
138,166,65,73
136,162,64,74
138,158,63,75
143,157,64,76
151,160,65,77
160,164,68,75
169,164,71,72
184,165,73,71
195,167,75,67
203,167,81,68
210,168,86,67
218,168,91,67
224,170,97,69
231,173,103,69
235,173,107,68
245,169,111,70
250,169,116,70
256,166,117,70
263,159,119,72
267,157,121,72
275,157,125,75
271,161,133,76
269,162,138,77
264,165,141,79
262,166,146,79
257,162,150,80
258,157,151,80
252,155,152,78
246,155,155,79
243,155,156,77
241,156,151,75
234,160,154,74
224,169,153,73
219,175,154,70
213,177,152,69
211,178,149,68
208,181,151,68
210,185,145,64
209,184,144,65
215,185,141,66
222,183,139,66
225,181,137,67
228,180,132,68
234,176,126,71
235,175,122,73
232,173,114,75
231,167,109,78
227,167,103,81
226,169,95,81
223,168,94,83
220,169,89,84
211,174,87,83
208,174,87,85
199,171,87,84
191,170,88,86
190,170,85,87
188,172,88,84
181,172,91,82
177,174,93,81
179,177,101,79
178,179,107,78
175,178,112,77
175,176,119,77
170,173,124,78
169,173,130,80
167,175,134,80
165,176,137,80
165,176,140,81
167,179,145,83
168,180,145,84
164,183,149,84
170,183,154,84
164,187,157,85
168,186,162,85
165,180,167,86
159,176,169,88
161,173,173,89
159,171,174,88
152,168,176,88
148,165,174,87
138,167,174,86
139,166,173,82
130,167,175,79
123,170,174,79
123,174,173,76
120,174,172,76
123,177,170,77
129,180,167,75
143,180,166,74
147,180,166,74
159,177,163,73
169,177,162,74
176,183,159,74
190,182,156,73
192,176,154,78
192,174,147,81
202,172,143,83
200,175,141,86
203,177,133,86
201,178,130,90
199,184,121,89
199,188,113,88
196,189,109,90
192,190,106,91
187,189,104,92
187,188,106,95
188,189,105,96
187,182,102,94
190,170,105,96
189,166,108,96
192,164,114,93
194,163,119,93
193,163,123,90
189,165,129,91
185,171,134,89
188,173,141,88
188,174,145,89
187,178,150,87
191,179,157,88
183,181,161,86
183,178,163,86
184,175,170,87
174,176,172,88
171,177,177,88
170,177,179,88
163,178,185,87
166,175,186,86
158,175,189,87
154,172,190,87
152,170,189,89
139,171,188,91
129,172,188,92
120,172,186,93
116,175,178,92
117,177,165,92
123,190,148,81
127,193,127,81
138,196,103,80
144,195,91,79
43,193,182,78
46,191,180,78
55,189,175,77
58,185,166,78
65,176,43,81
85,166,54,82
113,157,40,84
125,157,39,88
144,151,41,87
170,145,44,89
192,143,44,91
212,146,44,91
237,145,44,91
161,154,59,85
172,155,68,86
197,159,71,84
200,160,83,81
202,158,95,82
193,160,111,85
191,156,121,89
180,158,126,88
174,160,122,87
166,164,121,85
161,162,117,85
160,160,117,84
159,166,112,84
162,165,109,83
162,169,106,80
163,169,101,77
161,169,96,77
158,172,91,77
156,176,87,77
150,181,83,77
150,182,78,78
149,182,73,78
147,183,70,74
146,188,73,77
153,191,76,74
156,192,72,77
157,197,70,73
158,200,69,71
158,197,67,70
159,194,65,69
158,195,65,69
164,198,62,69
159,198,61,69
159,198,63,63
158,199,65,63
157,203,67,63
149,204,81,61
141,203,83,63
136,201,84,64
128,199,87,65
112,199,97,64
104,201,98,63
95,200,103,59
92,196,87,64
82,193,99,65
80,187,104,66
81,181,102,68
82,178,103,69
80,178,103,69
82,177,106,70
83,174,107,72
74,173,109,74
79,173,102,73
54,176,116,74
49,176,111,74
46,173,109,72
31,174,110,72
29,176,103,70
25,181,98,68
24,182,94,65
23,181,90,65
23,183,81,65
24,182,78,65
27,180,75,65
27,181,73,65
31,181,70,60
32,183,68,59
38,186,67,57
44,187,65,54
43,188,63,55
45,191,61,55
41,193,60,57
42,195,58,57
43,197,55,54
36,197,54,54
33,195,51,54
33,196,49,54
34,195,48,53
35,194,55,53
33,195,55,54
36,197,59,54
39,195,60,54
37,193,59,55
43,192,55,54
46,192,82,56
42,191,87,55
39,188,89,56
37,189,92,56
36,189,97,57
32,189,101,57
30,188,103,58
30,190,107,58
33,192,111,59
34,194,116,57
34,194,117,58
42,192,111,57
47,190,117,59
40,189,125,57
39,186,125,59
51,181,123,60
49,179,127,61
60,178,122,62
59,177,125,63
63,176,125,63
68,176,128,65
75,176,128,64
80,176,129,64
83,177,129,66
87,180,129,67
95,181,129,66
96,182,128,67
96,184,126,66
92,181,125,64
84,179,123,66
82,180,125,65
79,180,123,64
77,178,122,63
79,181,121,62
82,184,120,61
82,184,119,59
85,183,119,58
89,183,119,59
92,182,117,58
94,181,118,58
92,185,118,57
92,186,114,54
89,179,112,56
82,179,100,58
80,182,86,58
72,184,82,57
65,185,64,56
63,186,43,56
56,185,46,56
52,184,38,56
51,185,30,56
53,192,15,49
43,192,21,49
35,191,16,49
32,191,11,49
28,190,11,49
20,187,10,47
168,188,24,47
156,193,31,44
148,187,35,45
139,179,47,45
127,178,54,46
120,175,58,49
113,176,60,50
113,176,56,49
112,178,50,48
114,180,43,47
84,175,68,53
77,173,68,54
78,167,67,49
73,164,64,50
76,163,58,53
85,160,52,56
91,159,45,54
100,162,41,54
113,166,104,54
126,171,100,52
141,170,97,54
148,168,92,59
215,168,33,59
208,165,36,63
209,166,37,66
206,168,36,66
207,167,36,66
209,163,34,66
211,164,36,68
217,168,40,69
221,170,44,69
221,168,51,70
221,168,57,72
223,170,62,69
229,173,60,70
232,174,61,67
225,174,64,65
225,175,69,65
225,178,72,63
215,181,78,61
207,182,82,61
199,183,88,60
191,183,93,60
180,184,99,60
172,182,102,62
167,181,107,61
156,177,111,62
150,177,114,65
150,180,114,66
144,179,118,65
142,179,120,64
140,181,121,66
142,189,123,63
146,192,125,64
144,194,128,65
146,196,126,64
148,196,132,63
146,193,131,63
143,188,135,65
136,187,137,65
134,190,138,65
136,193,138,66
134,196,139,67
144,194,136,68
146,194,134,67
153,193,134,67
160,193,135,68
167,194,129,69
177,195,132,71
184,198,129,70
188,198,128,70
198,198,123,71
200,197,122,70
208,197,116,71
214,198,110,73
219,199,106,74
226,203,103,72
232,204,99,70
233,206,98,67
243,206,98,67
242,207,100,65
242,204,101,63
240,200,103,61
231,200,105,62
231,203,107,63
222,205,111,59
218,203,112,59
212,205,117,59
212,209,121,58
213,209,123,55
213,208,126,57
218,205,125,58
222,204,130,59
230,204,123,60
230,202,130,61
237,198,131,63
238,201,131,63
239,202,130,63
242,195,130,63
237,192,132,64
237,195,130,64
239,196,130,64
233,193,130,65
232,192,131,66
231,192,127,67
231,194,131,67
235,194,129,67
236,193,128,66
237,188,129,66
242,189,127,65
248,189,126,64
241,187,125,64
234,184,120,64
228,183,124,66
219,185,125,64
206,183,123,65
198,180,123,66
193,179,125,66
189,182,124,65
182,182,125,65
174,179,124,66
168,180,124,65
161,182,120,63
155,183,119,63
157,185,117,62
153,188,117,60
151,183,115,57
156,177,113,57
160,177,114,56
163,176,110,56
162,173,109,56
167,168,106,57
164,177,104,51
162,172,102,57
158,170,98,58
157,168,92,59
161,166,83,59
163,164,94,58
162,165,94,59
168,166,93,57
172,163,90,57
172,160,88,56
177,159,86,57
178,165,82,57
184,166,82,57
192,164,78,55
193,166,79,56
204,170,76,56
216,170,72,56
218,170,71,55
223,172,70,55
230,178,67,55
231,183,64,55
230,183,61,53
233,181,61,54
233,183,57,55
234,185,56,52
237,180,52,52
238,180,51,53
241,182,50,51
239,180,49,53
245,183,47,53
248,186,45,53
247,187,45,53
252,194,45,47
251,196,46,48
255,195,46,46
250,193,48,46
251,193,49,47
252,198,50,48
247,206,51,45
244,203,54,46
239,203,55,47
239,207,56,46
240,211,57,43
239,208,59,44
238,205,60,43
241,206,63,45
245,208,65,45
243,209,66,46
243,210,70,47
241,213,72,45
236,215,71,46
226,218,73,47
219,220,74,45
215,219,76,46
202,221,78,44
192,224,84,45
187,223,86,45
185,221,85,42
183,219,80,44
183,215,83,45
184,211,88,45
187,207,88,45
184,203,89,46
183,199,89,44
186,197,90,45
184,197,89,46
184,195,89,47
178,195,93,46
174,199,92,45
174,196,92,45
172,194,94,45
169,192,93,45
174,194,92,46
173,201,95,45
182,197,98,47
193,190,98,45
204,186,99,46
217,182,99,46
223,179,99,46
231,178,97,46
233,182,97,46
239,184,97,46
240,185,96,47
238,188,97,46
237,190,98,46
230,191,98,45
227,190,97,45
224,191,98,45
219,195,98,46
221,194,98,47
213,194,99,47
212,192,99,46
212,190,98,47
204,189,96,45
200,189,95,46
194,188,96,46
187,185,97,46
175,184,96,45
170,184,96,46
162,182,97,46
156,181,95,46
151,183,95,46
152,185,96,45
152,185,96,46
149,181,96,46
152,179,97,47
158,185,95,47
162,186,95,46
158,185,95,46
158,189,95,46
161,194,94,46
157,193,95,46
151,194,96,46
150,192,96,44
146,191,96,44
152,188,96,45
160,186,88,44
151,182,96,44
160,175,98,44
171,170,96,44
174,165,96,43
176,162,97,44
177,164,97,44
183,165,90,43
184,169,96,44
184,174,96,44
186,175,97,43
186,169,98,43
214,167,69,42
255,164,29,41
250,163,29,41
250,163,29,41
250,163,29,41
179,177,42,32
177,171,98,42
178,169,98,41
179,166,96,43
187,161,93,42
195,160,87,42
192,160,97,41
198,156,95,41
199,153,96,41
206,156,94,42
206,162,93,42
208,164,92,43
207,167,92,41
208,168,90,42
209,168,89,41
204,168,89,42
203,167,86,43
203,166,81,41
200,164,76,42
198,168,73,42
199,171,66,42
198,172,61,41
194,174,59,41
194,174,52,41
195,173,48,43
192,174,44,42
190,173,39,42
188,172,36,43
187,173,30,43
186,174,27,42
178,178,23,34
176,179,18,36
168,182,17,38
164,185,17,33
163,191,14,25
161,192,12,18
156,190,12,16
155,189,12,16
152,189,11,15
152,189,11,15
152,189,11,15
152,189,11,15
152,189,11,15
152,189,11,15
152,189,11,15
152,189,11,15
152,189,11,15
152,189,11,15
152,189,11,15
152,189,11,15
152,189,11,15
152,189,11,15
152,189,11,15
152,189,11,15
152,189,11,15
152,189,11,15
152,189,11,15
152,189,11,15
152,189,11,15
152,189,11,15
152,189,11,15
152,189,11,15
152,189,11,15
152,189,11,15
152,189,11,15
152,189,11,15
152,189,11,15
152,189,11,15
152,189,11,15
