240,25,110,315
230,25,121,315
230,25,121,315
223,25,121,315
223,25,121,315
223,22,121,309
223,25,121,303
223,25,121,303
222,25,114,303
221,25,116,303
221,25,116,303
223,28,121,297
224,28,123,297
225,28,126,297
224,22,129,297
224,22,129,297
224,22,129,297
221,25,140,291
224,25,140,291
226,25,137,291
226,25,137,291
226,25,137,291
226,25,137,291
224,28,131,285
225,31,125,279
225,31,120,279
227,31,111,279
228,31,104,279
228,31,104,279
238,37,83,279
242,37,75,279
244,37,75,279
233,37,88,279
228,37,95,279
228,34,95,284
228,34,101,284
231,34,103,284
232,34,105,284
232,37,105,278
236,37,105,278
236,37,105,278
242,37,101,278
245,31,99,278
247,31,91,278
247,34,87,272
247,34,87,272
247,34,87,272
245,34,75,272
245,34,75,272
245,34,69,272
239,34,78,272
229,34,91,272
229,34,91,272
217,31,111,267
214,31,118,267
211,34,123,262
212,37,121,257
213,35,124,262
213,35,124,262
218,35,124,262
218,27,124,267
218,27,124,267
223,27,119,267
227,22,116,267
227,22,116,267
229,22,111,267
228,22,109,267
227,23,102,266
227,23,98,266
226,23,92,266
226,23,92,266
225,23,80,266
224,23,82,266
222,23,89,266
217,23,98,266
208,23,112,266
208,23,112,266
200,29,128,266
199,29,131,266
199,29,136,266
199,32,141,261
202,32,141,261
202,32,141,261
210,32,138,261
213,32,138,261
216,35,138,256
216,35,138,256
219,35,138,256
219,35,138,256
219,35,140,256
218,35,143,256
221,35,143,256
223,38,140,251
224,36,140,256
224,28,140,261
226,28,137,261
229,33,132,251
229,33,132,251
230,30,124,256
238,30,108,256
238,30,108,256
241,30,104,256
246,30,102,256
248,30,106,256
248,30,106,256
248,25,106,256
248,25,106,256
241,25,119,256
241,28,119,251
241,26,123,256
243,26,123,256
249,19,120,261
249,19,120,261
254,19,120,261
259,19,115,261
260,19,113,261
262,19,109,261
262,19,109,261
262,19,109,261
262,19,109,261
274,11,93,266
275,11,91,266
276,9,89,271
275,12,91,265
275,12,91,265
275,12,91,265
261,12,102,265
251,12,113,265
244,12,122,265
228,12,137,265
228,12,137,265
219,12,148,265
216,12,154,265
216,12,154,265
216,12,154,265
216,12,154,265
219,12,154,265
227,7,145,276
230,13,139,276
230,13,139,276
234,13,136,276
234,13,136,276
234,5,136,282
240,11,125,282
242,8,123,288
245,11,118,282
245,11,113,282
247,8,108,288
247,8,108,288
246,8,110,288
243,8,108,288
243,8,108,288
243,11,108,294
241,11,108,294
241,11,108,294
241,14,108,300
230,14,117,300
222,17,124,294
216,17,132,294
213,17,132,294
213,17,132,294
218,17,127,294
218,17,127,294
222,17,124,294
227,17,119,294
227,14,119,300
227,14,119,300
229,14,114,300
234,14,109,300
235,20,107,300
235,20,107,300
235,20,107,300
235,20,107,300
239,23,109,294
238,23,111,294
238,23,111,294
235,20,120,300
233,26,125,300
233,26,125,300
236,26,128,300
235,26,131,300
236,35,131,294
237,35,131,294
244,35,131,294
244,35,131,294
240,32,142,300
244,41,147,294
250,41,147,294
253,41,147,294
259,32,147,312
259,32,147,312
262,29,147,318
262,29,147,318
264,38,144,312
255,38,153,312
255,44,153,312
255,44,153,312
248,41,169,318
250,41,172,318
253,41,172,318
256,48,175,312
264,45,165,315
264,45,165,315
267,45,152,315
273,45,140,315
275,48,132,309
275,48,127,309
279,54,124,306
279,54,124,306
284,54,114,305
283,57,121,299
278,57,131,299
271,57,139,299
243,66,169,293
243,66,169,293
220,69,200,287
194,80,239,276
184,91,249,265
174,89,259,270
167,70,264,286
167,70,264,286
175,42,249,316
176,2,244,356
174,2,239,356
204,2,207,356
200,2,207,356
196,2,207,356
198,2,203,356
196,2,199,356
198,2,195,356
198,2,195,356
198,2,195,356
198,2,195,356
194,2,195,356
194,2,195,356
196,2,199,356
194,2,195,356
194,2,195,356
194,2,195,356
194,2,195,356
183,2,195,356
183,2,195,356
183,2,195,356
179,2,195,356
179,2,195,356
175,2,195,356
169,2,199,356
169,2,199,356
175,6,195,349
173,3,199,356
173,3,199,356
169,3,199,356
163,3,195,356
163,3,195,356
165,7,191,349
168,4,198,356
168,4,198,356
175,8,198,349
167,1,198,355
171,2,198,355
178,2,198,355
176,3,194,355
176,3,194,355
176,4,194,355
183,4,194,355
179,4,194,355
183,8,194,348
188,8,190,348
188,5,190,355
188,9,190,348
188,9,190,348
184,9,190,348
188,6,190,354
188,6,190,354
188,6,190,354
190,7,186,353
183,4,186,353
185,12,183,346
183,12,187,346
179,22,187,338
179,12,187,345
179,22,187,338
179,22,187,338
172,22,187,338
169,26,187,331
165,29,187,325
165,29,187,325
165,29,187,325
158,36,187,318
154,33,187,324
150,33,187,324
146,33,187,324
146,33,187,324
146,33,187,324
150,23,187,337
156,20,183,340
160,20,183,340
160,20,183,340
160,20,183,340
160,20,183,340
162,24,179,333
162,24,179,333
162,24,179,333
165,17,179,340
165,17,179,340
172,17,179,340
172,17,179,340
172,10,179,350
172,10,179,350
172,1,179,355
174,1,175,355
171,4,175,355
170,44,185,314
170,61,185,296
174,54,182,302
182,99,178,257
182,99,178,257
186,94,178,266
192,79,233,277
194,79,210,277
194,79,210,277
203,77,193,282
203,77,193,282
202,80,174,276
206,80,148,276
208,77,139,282
210,86,136,274
219,84,131,276
219,84,131,276
214,81,131,279
211,89,133,271
211,86,133,274
208,86,133,274
207,84,136,276
206,84,133,276
209,81,133,279
207,78,133,282
210,79,133,281
212,76,135,284
212,76,135,284
212,76,135,284
211,73,138,287
206,70,138,290
209,70,138,290
211,67,135,293
198,67,143,293
201,67,143,293
202,67,137,293
196,61,137,299
199,61,137,299
195,58,140,302
191,58,140,302
191,58,140,302
194,58,134,302
194,55,134,305
193,52,137,308
192,39,140,320
189,45,140,315
189,45,140,315
189,45,140,315
185,45,143,315
181,42,140,318
187,39,135,321
182,26,140,334
182,26,140,334
182,29,140,327
185,26,134,334
185,26,134,334
187,27,136,333
187,27,136,333
187,27,136,333
188,28,136,332
188,25,136,335
188,25,136,335
188,25,136,335
188,25,136,335
188,25,136,335
190,26,133,334
190,26,133,334
192,23,135,337
192,23,140,337
192,23,140,337
192,23,140,337
194,20,137,340
204,20,137,340
203,17,140,343
203,17,140,343
203,17,140,343
203,17,140,343
203,17,140,343
203,17,140,343
203,17,140,343
203,17,140,343
203,17,140,343
203,27,140,333
203,27,140,333
199,21,138,339
192,24,141,332
189,24,141,332
189,24,141,332
189,24,141,332
188,21,144,339
188,24,144,332
182,24,144,332
182,24,144,332
183,24,147,332
183,24,147,332
181,21,153,338
182,18,153,342
198,2,133,358
203,2,128,358
209,2,120,358
209,2,120,358
214,2,120,358
209,2,125,358
215,2,128,358
216,2,128,358
216,2,146,358
216,2,146,358
209,2,182,358
207,2,178,358
207,2,144,358
210,2,144,358
207,2,150,358
207,2,150,358
201,1,156,359
201,4,156,356
201,14,156,346
199,18,162,339
199,18,162,339
199,18,162,339
198,22,159,332
198,22,159,332
197,19,162,339
197,19,162,339
194,16,162,344
194,16,162,344
194,16,162,344
194,9,162,351
193,2,165,358
199,2,152,358
198,2,149,358
198,2,149,358
195,2,149,358
195,2,149,358
199,2,146,358
200,2,143,358
199,2,146,358
199,2,146,358
198,2,149,358
198,2,149,358
198,2,149,358
197,2,146,358
197,2,146,358
197,2,146,358
197,2,146,358
197,2,146,358
197,2,146,358
201,2,149,358
204,2,149,358
204,2,149,358
204,2,149,358
204,2,149,358
204,2,149,358
204,2,149,358
205,2,152,358
205,2,152,358
205,2,152,358
205,2,158,358
203,2,161,358
203,2,161,358
206,2,161,358
206,2,161,358
206,2,161,358
205,6,158,351
202,6,158,351
202,6,158,351
204,6,155,351
201,6,155,351
200,3,158,357
200,3,158,357
200,3,158,357
192,3,161,357
192,3,161,357
192,3,161,357
187,3,164,357
186,7,168,350
185,1,171,359
185,1,171,359
187,5,168,352
187,5,168,352
189,9,165,345
189,9,165,345
181,6,168,352
181,6,168,352
181,6,168,352
181,6,168,352
180,3,171,357
173,3,164,357
171,3,161,357
171,3,161,357
173,4,152,356
173,4,152,356
174,4,149,356
173,4,146,356
178,8,135,349
178,8,135,349
178,15,135,345
178,15,135,345
178,15,135,345
178,15,130,345
178,12,130,348
178,12,125,348
176,12,125,348
176,12,125,348
172,12,128,348
171,9,131,351
173,1,134,356
175,5,131,349
177,9,128,342
177,9,128,342
179,13,125,335
174,16,141,342
177,17,141,342
177,17,141,342
177,17,141,342
176,17,138,342
176,17,138,342
176,17,138,342
179,7,138,349
179,7,138,349
180,7,141,349
180,7,141,349
180,7,141,349
187,4,133,356
197,2,118,356
199,2,118,356
203,2,116,356
203,2,116,356
204,3,114,356
203,3,116,356
202,3,118,356
202,3,118,356
202,3,118,356
202,3,118,356
202,3,118,356
203,3,120,356
201,3,125,356
205,3,123,356
204,3,131,356
204,3,131,356
204,3,131,356
207,3,131,356
208,3,139,356
209,3,142,356
208,3,145,356
208,3,145,356
208,3,145,356
208,3,145,356
208,3,145,356
208,3,145,356
208,3,145,356
208,3,145,356
208,3,145,356
208,3,145,356
212,4,136,356
212,4,136,356
212,4,136,356
212,4,136,356
214,5,133,355
214,5,133,355
216,9,130,348
212,9,138,348
212,6,138,354
212,6,138,354
212,6,138,354
212,6,138,354
205,6,146,354
205,6,146,354
205,6,146,354
205,6,146,354
205,6,146,354
208,6,146,354
208,6,146,354
208,6,146,354
208,6,146,354
212,6,143,354
212,6,143,354
215,6,143,354
215,6,143,354
215,6,143,354
215,6,143,354
216,6,140,354
219,6,140,354
219,6,140,354
223,6,137,354
227,6,134,354
224,6,134,354
224,6,134,354
224,6,134,354
227,20,129,340
224,20,129,340
227,20,129,340
230,20,129,340
227,20,129,340
230,20,129,340
226,17,132,343
221,17,137,343
221,17,137,343
228,17,134,343
228,17,134,343
227,17,137,343
227,17,137,343
227,14,137,346
227,24,137,336
231,24,134,336
231,24,134,336
231,24,134,336
231,24,134,336
231,24,134,336
231,24,134,336
231,24,134,336
231,24,134,336
231,21,134,339
231,14,134,346
231,11,129,349
233,1,122,353
237,1,120,353
236,1,118,356
238,1,118,356
242,1,116,356
242,1,116,356
240,1,121,356
244,1,119,356
242,1,119,356
243,1,117,356
241,1,117,356
239,1,117,356
234,1,122,356
225,1,135,356
225,1,135,356
225,1,135,356
234,1,127,356
234,1,127,356
238,11,130,349
238,11,130,349
238,11,130,349
238,8,130,352
237,8,127,352
236,8,124,352
236,8,129,352
237,8,132,352
237,8,132,352
237,8,132,352
237,8,132,352
237,8,132,352
237,8,132,352
237,8,132,352
237,8,132,352
240,8,132,352
240,8,132,352
241,8,135,352
240,8,132,352
240,8,132,352
240,8,132,352
240,8,132,352
240,8,132,352
240,8,132,352
240,8,132,352
240,8,132,352
241,8,135,352
245,8,132,352
257,8,119,352
258,5,116,355
258,5,116,355
256,14,116,346
256,14,116,346
256,23,116,337
258,15,116,344
258,15,116,344
253,12,125,344
254,12,128,344
254,12,128,344
252,9,139,351
251,6,148,354
245,6,180,354
244,2,228,354
239,2,228,354
244,2,228,354
239,2,228,354
237,2,223,354
237,2,214,354
238,2,190,354
240,2,179,354
240,2,179,354
236,2,172,354
239,2,165,354
244,2,155,354
253,2,143,354
257,2,135,354
257,2,135,354
258,2,132,354
255,2,132,354
248,6,137,347
243,5,148,354
242,5,145,354
239,5,145,354
230,5,151,354
224,5,163,354
221,9,163,347
218,6,163,354
223,7,154,353
225,7,151,353
234,7,139,353
235,7,136,353
232,11,144,346
242,11,130,346
242,18,130,342
242,18,130,342
241,18,138,342
241,18,138,342
241,18,138,342
244,18,138,342
244,15,138,345
244,15,138,345
244,15,138,345
246,19,135,338
246,19,135,338
246,12,135,348
246,12,135,348
246,12,135,348
246,12,135,348
246,12,135,348
246,12,135,348
246,12,135,348
246,12,135,348
246,12,135,348
249,12,135,348
249,12,135,348
249,9,135,351
256,3,117,357
256,3,117,357
256,3,117,357
259,3,115,357
264,3,115,357
269,3,115,357
269,16,115,344
260,16,115,344
260,16,115,344
257,17,112,343
253,17,112,343
250,14,114,346
235,11,126,349
226,11,139,349
226,11,139,349
223,11,139,349
222,11,142,349
219,11,142,349
216,21,142,328
218,24,139,322
218,24,139,322
222,24,136,322
229,24,133,322
226,24,133,322
224,21,133,328
224,18,133,321
220,18,130,321
221,18,127,321
218,18,127,321
221,18,117,321
226,8,102,327
228,15,98,327
228,8,98,327
228,17,94,321
225,17,99,321
226,17,97,321
232,17,93,321
232,20,93,315
232,20,93,315
228,20,109,315
229,20,111,315
231,26,111,315
242,26,107,328
241,29,114,321
241,29,114,321
241,35,114,321
241,35,109,321
241,35,109,321
241,35,109,321
241,38,109,315
241,38,109,315
241,38,109,315
239,38,109,315
239,38,109,315
239,38,109,315
239,38,109,315
239,38,109,315
239,38,109,315
239,38,109,315
240,38,111,315
241,38,113,315
241,38,113,315
241,38,113,315
241,38,113,315
241,38,113,315
241,38,113,315
239,38,113,315
240,38,111,315
240,38,111,315
240,38,111,315
240,38,111,315
240,38,111,315
240,38,111,315
240,38,111,315
240,38,111,315
240,38,111,315
240,38,111,315
237,32,109,315
237,32,109,315
237,32,109,315
237,32,109,315
237,32,109,315
237,32,109,315
238,26,103,315
238,20,103,315
243,20,101,315
243,20,101,315
243,20,101,315
246,20,99,315
246,20,99,315
246,20,99,315
253,20,97,315
253,20,97,315
256,20,95,315
261,20,97,315
258,20,107,315
258,20,111,315
258,23,116,309
256,23,116,309
259,23,114,309
265,23,107,309
276,17,130,309
275,17,138,309
278,17,138,309
278,14,138,303
279,17,141,297
281,20,138,291
281,20,138,291
281,20,138,291
283,23,135,285
283,23,135,285
276,20,138,291
277,20,135,291
277,20,135,291
276,20,132,291
270,20,135,291
270,20,135,291
270,20,135,291
267,20,135,291
269,26,132,291
264,20,132,291
258,20,132,291
258,20,132,291
258,20,132,291
258,20,132,291
252,17,134,297
252,20,134,291
253,20,131,291
253,20,131,291
253,20,131,291
253,20,131,291
253,20,131,291
253,20,131,291
246,20,131,291
246,20,131,291
246,20,131,291
246,20,131,291
246,20,131,291
242,20,128,291
242,20,123,291
242,20,123,291
241,20,121,291
240,20,119,291
242,20,114,291
243,20,112,291
240,20,110,291
240,20,110,291
241,20,108,291
239,20,108,291
239,20,108,291
233,17,108,297
225,26,110,291
225,26,110,291
225,26,110,291
219,26,117,291
214,26,119,291
208,26,121,291
199,26,112,291
199,26,112,291
196,26,110,291
190,26,108,291
187,29,110,297
183,23,110,309
174,26,114,315
174,26,114,315
165,26,123,315
163,16,128,321
163,16,128,321
158,16,133,321
150,6,144,327
150,6,144,327
149,3,141,334
147,1,135,339
144,1,140,343
146,1,143,343
153,1,146,347
153,1,146,347
155,2,155,347
159,6,155,340
163,10,168,333
171,10,165,333
172,3,197,333
172,3,197,333
181,3,193,333
187,3,149,333
168,3,137,333
201,3,105,333
212,3,105,333
210,6,114,326
222,6,107,326
231,6,107,326
237,6,105,326
244,6,105,326
255,6,105,326
255,6,105,326
260,6,105,326
261,13,107,326
267,13,107,326
271,13,107,326
276,20,111,326
276,20,111,326
276,20,111,326
278,20,115,326
280,20,115,326
280,20,115,326
286,20,113,326
286,20,113,326
286,20,113,326
285,20,115,326
283,20,124,326
285,20,124,326
284,14,136,326
285,14,133,326
288,14,133,326
293,14,133,326
295,11,130,333
295,18,130,333
298,21,120,326
298,21,120,326
297,21,118,326
298,21,116,326
297,21,118,326
292,18,122,333
288,28,124,326
288,28,124,326
288,28,124,326
279,28,132,326
276,28,129,326
275,35,126,325
273,36,121,324
273,36,121,324
274,39,119,318
272,39,119,318
270,39,119,318
270,39,119,318
262,33,126,324
262,33,126,324
254,33,132,323
254,33,132,323
251,33,132,323
248,33,132,323
245,30,137,323
245,33,137,317
245,33,137,317
245,33,137,317
245,33,137,317
248,33,121,317
247,33,119,317
247,33,119,317
243,33,117,317
243,33,117,317
243,33,117,317
242,30,119,323
242,24,119,323
241,24,121,323
241,24,121,323
242,24,119,323
242,24,119,323
242,24,119,323
241,24,121,323
242,24,123,323
244,24,123,323
242,24,123,323
242,24,123,323
242,24,123,323
242,24,123,323
242,24,123,323
246,27,116,317
246,27,116,317
246,27,116,317
246,27,116,317
246,27,116,317
245,27,105,317
244,33,103,304
244,33,103,304
244,33,103,304
244,33,103,304
244,33,103,304
244,33,103,304
242,24,107,310
242,24,107,310
242,24,107,310
242,24,107,310
242,24,107,310
242,24,107,310
242,24,107,310
244,24,107,310
244,24,107,310
244,24,107,310
249,24,105,310
249,21,105,316
253,21,105,316
250,18,121,322
244,18,134,322
243,18,137,322
243,18,137,322
243,18,137,322
245,15,140,328
242,15,140,328
242,15,140,328
242,15,140,328
242,15,140,328
242,15,140,328
242,15,140,328
245,15,129,328
238,15,132,328
234,15,135,328
230,22,138,328
230,22,138,328
219,22,141,328
219,19,141,335
209,19,144,335
203,19,141,335
196,19,144,335
196,19,144,335
180,19,144,335
172,9,144,342
165,6,141,349
164,6,138,349
164,6,138,349
164,6,138,349
149,6,146,349
146,6,146,349
145,6,155,349
144,3,158,356
141,3,178,356
141,3,178,356
148,3,178,356
152,3,171,356
154,7,168,349
156,4,165,356
163,4,172,356
163,4,172,356
180,4,138,356
173,4,135,356
157,4,149,356
134,4,171,356
127,4,185,356
127,4,185,356
123,4,200,356
121,4,204,356
129,4,204,356
131,4,200,356
137,4,188,356
137,4,188,356
154,4,153,356
161,4,128,356
166,4,118,356
141,4,141,356
105,4,177,356
105,4,177,356
92,4,188,356
86,4,192,356
96,8,188,349
105,8,184,349
119,5,170,355
119,5,170,355
156,1,144,359
169,1,136,359
176,5,133,352
171,8,143,352
165,5,149,345
165,8,149,338
165,5,149,345
171,2,137,352
167,2,134,352
169,6,131,345
169,1,142,343
169,1,142,343
173,2,153,343
180,2,144,343
184,2,136,343
196,2,123,329
201,5,119,323
201,5,119,323
215,11,110,298
221,11,106,298
228,11,100,298
236,2,100,304
235,5,102,310
238,5,100,310
249,5,125,298
246,5,135,298
245,5,143,298
245,14,149,292
248,14,155,292
248,14,155,292
251,11,155,298
254,11,155,298
273,17,130,298
284,20,120,292
302,17,100,298
302,17,100,298
319,11,87,323
318,5,104,322
318,11,133,322
320,17,147,322
323,20,153,316
323,20,153,316
328,26,150,316
335,26,144,316
340,23,141,322
341,23,133,322
347,30,128,309
347,30,128,309
350,27,134,315
351,24,164,321
352,21,177,327
348,21,184,327
350,21,188,327
354,21,188,327
354,24,188,334
354,21,167,339
357,18,145,342
357,18,128,342
357,21,120,339
357,21,120,339
344,32,128,328
338,29,136,331
337,29,147,331
334,19,153,338
323,19,169,338
323,19,169,338
304,19,198,338
296,16,198,344
283,16,202,344
276,16,194,344
276,16,186,344
276,16,186,344
263,16,186,344
252,16,186,344
245,16,186,344
243,16,182,344
237,16,178,344
242,16,174,344
247,16,164,344
244,16,164,344
237,16,164,344
240,16,164,344
240,16,164,344
240,16,164,344
229,16,174,344
229,16,174,344
224,16,177,344
220,16,177,344
220,16,177,344
220,16,177,344
227,16,170,344
229,16,167,344
236,16,160,344
237,13,160,347
237,23,160,337
237,23,160,337
239,23,163,337
239,23,163,337
239,23,163,337
234,23,166,337
234,23,166,337
232,23,169,337
229,23,176,337
229,23,176,337
229,23,176,337
229,23,176,337
227,23,172,337
230,23,172,337
237,23,159,337
237,23,159,337
239,23,156,337
239,20,156,340
236,20,156,340
236,20,156,340
236,20,156,340
236,20,156,340
235,13,159,340
230,20,162,340
228,20,165,340
228,20,165,340
228,20,165,340
228,20,165,340
228,20,165,340
231,20,165,340
234,20,165,340
232,20,162,340
237,20,159,340
243,20,153,340
243,20,153,340
243,20,153,340
243,20,153,340
243,20,153,340
243,20,153,340
240,20,153,340
237,20,153,340
237,20,153,340
237,20,153,340
237,20,153,340
237,20,153,340
237,20,153,340
237,20,153,340
237,23,153,333
240,30,153,330
240,30,153,330
245,30,150,330
245,30,150,330
245,30,150,330
245,30,150,330
245,30,150,330
245,30,150,330
245,30,150,330
239,30,156,330
234,40,159,320
237,40,159,320
237,40,159,320
237,40,159,320
237,40,159,320
245,40,156,320
257,40,144,320
261,40,141,320
260,40,144,320
260,40,144,320
260,40,144,320
253,40,153,320
250,40,159,320
248,40,162,320
246,40,165,320
244,40,168,320
242,40,171,320
239,37,177,323
239,37,177,323
246,37,170,323
248,37,167,323
248,37,167,323
250,37,164,323
250,37,164,323
253,41,158,316
253,41,158,316
250,41,158,316
250,41,158,316
249,41,155,316
246,38,161,322
241,38,164,322
241,38,164,322
241,38,164,322
241,38,164,322
245,35,164,325
244,38,161,319
247,38,161,319
250,38,161,319
250,38,161,319
250,38,161,319
250,38,161,319
250,38,161,319
250,38,161,319
250,38,161,319
247,32,161,328
247,32,161,328
244,32,161,328
243,29,164,331
243,29,164,331
243,29,164,331
243,29,164,331
240,26,164,334
240,26,164,334
240,26,164,334
237,26,164,334
237,26,164,334
237,23,164,337
237,23,164,337
237,23,164,337
234,20,164,340
237,20,164,340
236,10,167,347
233,10,167,347
233,10,167,347
233,10,167,347
236,17,161,334
235,21,158,339
235,21,158,339
235,22,152,338
235,22,152,338
235,22,152,338
235,22,152,338
233,22,149,338
234,22,146,338
231,22,146,338
231,22,146,338
231,22,146,338
227,22,149,338
224,19,149,341
218,19,155,341
221,19,155,341
221,19,155,341
226,19,152,341
250,19,119,341
251,23,117,334
243,23,124,334
243,23,124,334
243,23,124,334
238,20,129,340
237,17,132,343
236,14,135,346
239,14,135,346
241,18,132,339
241,18,132,339
246,18,132,339
244,34,137,326
230,27,148,333
222,27,151,333
216,27,157,333
216,27,157,333
216,27,157,333
206,27,157,333
206,27,157,333
219,24,136,336
219,21,136,339
219,21,136,339
208,18,139,342
192,18,150,342
178,18,159,342
175,22,159,335
170,22,162,335
170,19,162,341
167,19,169,341
169,23,166,334
169,23,166,334
170,20,166,340
179,14,156,346
179,14,156,346
185,14,150,346
198,8,150,352
189,8,162,352
190,12,169,345
172,12,191,348
172,12,191,348
172,12,191,348
187,12,176,348
199,12,159,348
210,12,150,348
227,12,133,348
227,12,133,348
231,12,130,348
234,12,125,348
233,12,123,348
234,12,121,348
234,12,121,348
234,12,121,348
236,12,150,348
233,15,193,341
229,22,193,338
231,23,189,337
235,23,161,337
235,23,161,337
233,23,152,337
219,20,149,340
197,17,175,343
188,14,186,346
186,14,197,346
186,14,197,346
188,14,201,346
200,14,193,346
206,14,189,346
214,14,182,346
219,14,178,346
219,14,178,346
219,14,178,346
223,14,171,346
244,14,148,346
254,14,134,346
254,14,129,346
254,14,129,346
255,18,123,339
253,18,123,339
243,18,133,339
239,18,136,339
231,18,147,339
231,18,147,339
227,14,153,346
215,13,166,347
210,13,171,347
207,15,171,345
204,15,171,345
204,15,171,345
209,15,168,345
211,15,165,345
219,15,149,345
220,15,146,345
216,15,149,345
216,15,149,345
216,15,149,345
215,15,152,345
209,15,158,345
206,12,164,348
207,9,170,351
204,9,170,351
199,9,173,351
199,9,173,351
199,13,173,344
202,13,173,344
204,13,170,344
204,13,170,344
211,17,164,337
211,14,164,344
211,14,164,344
211,14,164,344
211,14,164,344
211,14,164,344
211,14,164,344
211,14,164,344
211,14,164,344
209,14,174,344
209,14,174,344
209,14,174,344
209,14,174,344
209,11,174,349
209,8,174,352
208,1,177,356
210,1,173,356
217,1,166,356
217,1,166,356
214,1,166,356
214,1,166,356
214,1,166,356
214,1,166,356
214,1,166,356
207,1,173,356
205,1,176,356
208,1,169,356
215,5,163,349
219,2,157,356
221,2,154,356
221,2,154,356
219,2,151,356
219,2,151,356
219,2,151,356
219,2,151,356
219,2,151,356
219,2,151,356
219,2,151,356
219,2,151,356
222,6,145,349
222,6,145,349
222,3,145,356
222,3,145,356
228,3,134,356
223,3,129,356
220,3,129,356
219,3,132,356
219,3,132,356
210,4,145,356
203,4,167,356
198,10,184,350
196,11,187,349
198,11,183,349
202,11,183,349
197,11,187,349
197,11,187,349
195,8,176,352
198,8,169,352
198,4,156,356
198,4,156,356
196,4,147,356
197,4,128,356
200,4,123,356
204,4,121,356
204,4,121,356
204,4,121,356
204,4,121,356
204,4,121,356
204,4,121,356
202,4,121,356
198,4,128,356
201,4,128,356
197,4,136,356
196,4,156,356
196,4,193,356
194,4,205,356
194,4,205,356
194,4,205,356
194,4,205,356
196,8,201,349
196,8,201,349
196,8,201,349
200,8,185,349
200,8,185,349
200,8,178,349
201,5,168,355
204,9,143,348
207,9,132,348
211,9,124,348
212,9,122,348
213,3,120,357
214,4,118,356
215,5,116,355
215,1,116,359
215,1,116,359
215,1,116,359
216,1,128,359
216,1,128,359
215,1,136,359
215,1,136,359
215,1,136,359
214,1,139,359
213,1,153,359
216,5,169,352
213,2,169,358
217,6,169,351
214,6,169,351
214,6,169,351
214,6,169,351
213,3,172,357
213,3,165,357
210,3,158,357
215,3,149,357
212,3,149,357
218,3,132,357
218,3,132,357
230,2,140,358
233,6,140,351
233,6,140,351
233,6,140,351
233,6,140,351
233,6,140,351
232,1,143,350
231,1,146,350
231,5,146,355
231,5,146,355
230,5,149,355
225,5,158,355
212,5,164,355
212,5,158,355
207,5,149,355
207,5,149,355
200,5,146,355
191,5,152,355
175,5,164,355
165,5,164,355
162,5,164,355
162,5,164,355
157,5,167,355
159,6,171,354
156,6,200,354
162,6,196,354
168,2,184,358
168,2,184,358
180,2,166,358
198,2,150,358
221,2,133,358
228,2,153,358
211,2,179,358
211,2,179,358
211,2,179,358
215,2,172,358
232,2,122,358
224,2,137,358
215,2,154,358
215,2,154,358
217,2,157,358
194,2,188,358
188,2,192,358
196,6,184,351
209,7,159,351
209,7,159,351
217,7,150,351
229,7,138,351
217,3,155,357
222,3,158,357
234,3,152,357
234,3,152,357
247,3,137,357
254,3,134,357
265,3,129,357
280,3,129,357
281,3,137,357
282,3,134,357
285,3,134,357
288,3,134,357
288,3,129,357
284,1,131,349
284,1,137,352
281,1,137,352
278,1,143,352
263,1,158,352
251,1,174,342
248,1,174,342
247,1,177,345
247,1,177,345
247,1,177,345
247,1,177,345
245,1,173,345
248,1,173,345
245,1,173,345
250,1,170,345
250,1,170,345
247,1,170,345
247,1,170,345
250,1,170,345
255,1,167,345
257,1,164,349
259,1,161,349
262,1,155,349
265,1,155,349
266,2,161,349
268,1,164,353
268,5,164,346
268,5,164,346
268,5,171,346
268,5,171,346
276,5,168,346
274,5,171,346
272,2,174,353
274,2,177,353
274,2,177,353
274,9,177,351
278,13,170,344
273,13,173,344
273,13,173,344
271,13,176,344
273,13,172,344
270,10,172,350
270,10,172,350
267,10,172,350
267,10,172,350
267,10,172,350
267,7,172,353
269,7,169,353
266,7,169,353
263,7,169,353
263,7,169,353
265,3,166,357
267,3,163,357
265,3,160,357
262,7,160,350
259,4,160,356
264,4,157,356
264,4,157,356
264,4,157,356
258,4,163,356
247,8,173,349
240,8,180,349
238,8,184,349
236,8,188,349
238,8,184,349
238,8,184,349
238,8,177,349
238,8,177,349
238,8,177,349
242,8,170,349
249,1,157,349
249,1,157,349
249,1,157,349
248,1,160,352
248,5,160,345
244,1,163,343
239,1,166,343
229,1,180,343
220,1,184,343
222,1,188,343
222,1,188,343
218,8,188,343
214,8,188,343
214,8,188,343
214,12,180,336
216,9,170,343
219,9,170,343
221,13,167,336
228,17,161,329
225,17,161,329
222,17,161,329
219,17,161,329
219,17,161,329
219,17,161,329
203,17,174,329
201,17,177,329
201,20,177,336
201,20,177,336
201,20,177,336
199,21,181,336
201,25,177,329
201,25,177,329
218,25,163,329
218,25,163,329
218,25,163,329
218,25,163,329
223,25,160,329
221,25,163,329
217,22,173,336
215,22,176,336
213,22,180,336
217,22,180,336
217,15,180,336
219,15,184,336
226,8,177,336
233,8,170,336
233,8,170,336
235,8,167,336
233,8,164,336
231,8,161,336
231,5,161,329
236,5,158,329
236,5,158,329
236,5,158,329
236,8,158,323
239,8,158,323
242,8,158,323
245,8,158,323
245,8,158,323
245,8,158,323
245,8,158,323
245,8,158,323
245,8,158,323
260,2,140,323
261,2,137,323
261,2,137,323
261,2,137,323
261,2,137,323
261,2,137,323
261,2,137,323
261,2,137,323
261,2,137,323
261,2,137,323
271,2,126,323
271,1,126,327
271,1,126,327
271,1,126,327
271,1,126,327
275,1,124,330
276,1,122,330
272,1,135,330
276,4,146,324
276,4,146,324
281,7,149,318
281,7,149,318
284,7,149,318
283,7,152,318
288,7,149,318
288,4,149,324
290,4,140,324
295,4,124,324
291,1,122,321
292,1,115,321
293,1,113,321
294,1,111,321
294,1,111,321
295,1,109,321
297,1,109,321
299,1,109,321
298,1,111,321
298,1,111,321
296,1,125,321
294,1,135,321
293,1,149,321
294,1,176,321
292,4,172,327
297,4,169,327
299,7,166,321
301,10,163,315
301,10,163,315
301,10,163,315
300,7,166,321
297,7,159,321
297,7,153,321
294,7,147,321
297,4,136,327
297,4,111,327
298,4,109,327
298,4,109,327
299,4,107,327
300,6,105,327
292,6,121,327
292,6,126,327
288,3,134,334
288,3,134,334
287,3,137,334
283,3,140,334
276,10,143,334
269,10,158,334
259,14,178,327
261,14,182,327
261,11,182,334
257,11,182,334
248,11,186,334
244,11,186,334
242,11,182,334
242,11,182,334
242,14,182,341
240,14,186,341
248,14,186,341
242,14,190,341
246,25,190,334
246,25,190,334
242,22,190,338
242,22,190,338
232,22,194,338
234,22,198,338
224,16,202,344
220,16,202,344
220,16,202,344
220,16,202,344
214,19,198,337
214,22,198,330
212,38,186,311
212,38,186,311
209,47,186,305
205,47,186,305
205,47,186,305
199,47,182,305
199,56,182,287
199,56,182,287
199,64,182,281
194,64,186,281
194,67,186,275
192,67,190,275
188,55,198,287
184,55,198,287
182,49,202,299
180,37,206,311
174,34,210,317
178,21,202,330
178,24,194,323
178,24,194,323
178,24,194,323
178,24,194,323
182,24,194,323
182,57,194,292
184,63,190,280
184,63,190,280
188,63,190,280
188,74,190,269
192,74,190,269
194,77,186,264
206,43,168,297
211,43,165,297
216,31,156,309
219,18,150,321
224,15,159,327
226,12,162,334
226,5,162,334
226,5,162,334
219,5,156,334
222,5,156,334
222,2,150,341
219,2,150,341
221,1,147,345
221,1,147,345
221,1,153,345
223,1,162,345
209,1,182,345
207,1,186,345
205,1,182,338
210,1,178,338
208,1,174,338
227,1,154,338
239,1,142,338
243,1,134,342
244,1,124,345
244,1,124,345
243,1,126,345
243,1,136,345
242,1,144,345
242,1,144,345
239,1,133,331
239,1,133,331
234,1,128,331
230,1,125,331
230,1,125,331
231,1,123,331
229,1,123,331
229,1,123,331
228,1,125,331
228,1,125,331
229,1,128,331
225,1,131,334
227,1,150,334
227,1,150,334
224,1,150,334
221,1,156,334
221,1,156,334
224,1,144,334
220,1,141,334
221,1,138,334
220,1,135,334
220,11,135,327
220,11,130,327
219,11,127,327
216,11,127,327
216,11,127,327
216,11,127,327
216,11,127,327
212,11,130,327
212,11,130,327
214,14,127,321
214,14,127,321
213,14,140,321
213,14,146,321
210,14,152,321
212,14,155,321
206,7,168,327
208,7,171,327
206,7,168,327
206,7,168,327
205,4,171,334
202,4,171,334
200,4,168,334
200,4,168,334
203,4,161,334
205,18,158,320
208,18,152,320
211,18,146,320
212,18,143,320
212,12,143,320
212,12,143,320
212,12,143,320
211,15,146,326
211,18,146,319
210,18,149,319
210,18,149,319
210,18,149,319
214,18,146,319
214,18,146,319
214,18,146,319
214,18,146,319
214,18,146,319
214,18,146,319
214,18,146,319
214,18,146,319
214,18,146,319
215,18,149,319
215,18,149,319
215,18,149,319
215,18,149,319
215,18,149,319
215,18,149,319
215,18,149,319
215,18,149,319
218,12,149,319
218,12,149,319
218,12,149,319
218,12,149,319
218,12,149,319
218,12,149,319
218,12,149,319
218,12,149,319
218,12,149,319
218,12,149,319
218,12,149,319
221,12,149,319
221,12,149,319
221,12,149,319
221,12,149,319
221,12,149,319
221,6,149,319
221,6,149,319
221,6,149,319
221,6,149,319
221,6,149,319
221,6,149,319
221,6,149,319
221,6,149,319
221,6,149,319
221,6,149,319
220,3,152,325
220,3,152,325
220,6,152,319
220,6,152,319
220,6,152,319
220,9,152,313
220,9,152,313
217,9,152,313
217,9,152,313
217,9,152,313
217,9,152,313
217,9,152,313
217,9,152,313
219,9,149,313
234,12,137,307
234,9,137,313
241,12,124,307
247,12,122,307
246,9,124,313
247,18,124,307
247,18,129,307
247,18,129,307
248,15,151,313
245,6,157,319
244,2,160,319
246,1,157,323
245,1,160,326
245,1,160,326
244,1,163,329
234,1,177,336
227,1,191,354
219,1,199,354
209,5,220,354
209,5,220,354
181,16,288,344
181,16,300,344
184,16,282,344
192,13,266,347
223,17,213,340
223,17,213,340
265,14,260,346
281,15,250,345
282,19,250,338
283,23,240,331
274,26,230,325
274,23,230,332
264,33,192,325
264,33,192,325
262,30,196,330
256,27,200,333
242,24,204,336
242,24,204,336
228,11,200,349
224,11,200,349
224,11,200,349
224,11,200,349
220,4,200,356
220,4,200,356
230,4,188,356
237,4,181,356
246,4,170,356
256,8,151,349
260,8,142,349
260,5,142,355
273,5,134,355
273,5,139,355
262,5,145,355
255,5,148,355
228,5,177,355
228,5,177,355
210,5,207,355
206,5,224,355
205,5,257,355
208,5,273,355
205,5,268,355
205,5,268,355
205,5,268,355
202,5,263,355
205,5,258,355
203,5,253,355
206,5,248,355
206,5,248,355
205,5,211,355
207,5,191,355
207,5,183,355
209,5,172,355
207,5,169,355
209,5,166,355
229,5,133,355
233,5,130,355
236,5,125,355
236,5,125,355
234,5,130,355
234,5,130,355
233,5,127,355
233,9,127,348
233,9,127,348
230,9,132,348
230,9,132,348
229,9,135,348
229,9,135,348
219,9,143,348
216,9,149,348
213,9,149,348
216,9,149,348
217,9,146,348
218,9,143,348
222,9,140,348
218,9,155,348
217,9,164,348
219,9,174,348
219,19,174,341
217,19,177,341
213,19,177,341
213,19,177,341
209,19,177,341
209,19,177,341
209,19,177,341
207,19,181,341
211,19,181,341
215,19,167,341
217,19,164,341
217,19,158,341
217,19,158,341
217,16,158,344
217,16,158,344
211,16,158,344
208,20,152,337
208,17,152,343
206,17,149,343
206,17,149,343
197,17,161,343
192,17,164,343
192,17,171,343
189,17,171,343
189,17,171,343
202,17,158,343
193,17,158,343
177,17,164,343
172,17,161,343
157,17,178,343
157,17,178,343
157,17,178,343
162,14,161,346
167,14,158,346
174,15,152,345
182,16,143,344
182,16,143,344
181,9,158,344
186,6,155,351
183,6,175,351
183,6,168,351
183,3,168,344
185,3,165,344
182,3,158,344
182,3,158,344
176,3,158,344
178,3,155,344
178,3,155,344
178,3,155,344
178,3,155,344
178,7,155,351
178,7,155,351
178,7,155,351
178,7,155,351
178,7,155,351
174,4,158,356
174,4,158,356
176,4,155,356
176,4,155,356
176,4,155,356
176,4,155,356
170,4,158,349
166,8,161,342
163,15,161,342
159,19,152,335
156,16,146,342
156,16,146,342
141,3,140,356
126,3,158,356
120,3,171,356
115,3,181,356
115,3,188,356
115,3,188,356
128,1,184,355
132,1,177,355
127,5,174,348
129,2,171,355
131,13,168,347
131,13,161,347
144,17,193,340
148,17,178,340
155,6,165,354
162,1,152,359
161,1,143,359
161,1,143,359
157,5,140,352
157,5,140,352
162,9,137,345
177,10,129,345
185,7,123,338
187,7,123,338
185,10,131,312
184,10,131,312
187,10,136,312
194,10,139,312
210,10,128,312
210,10,128,312
221,10,125,312
218,10,130,312
217,13,132,306
214,13,143,306
227,13,137,306
228,13,134,306
232,13,131,306
239,4,126,306
245,4,123,306
255,4,121,306
262,7,112,300
262,7,112,300
271,13,108,300
289,7,93,312
293,4,93,318
278,1,123,324
268,1,147,311
268,1,147,311
267,1,156,314
269,8,179,308
277,11,194,302
281,11,194,302
289,11,186,302
289,11,186,302
305,14,155,296
329,7,117,302
331,7,134,302
335,4,137,308
340,10,132,308
340,10,132,308
342,7,122,314
330,13,123,314
330,13,123,314
330,13,123,314
331,13,121,314
326,13,126,314
326,13,126,314
321,10,160,320
323,7,163,326
326,14,157,326
326,14,157,326
328,14,160,326
328,14,160,326
326,14,151,326
329,14,139,326
326,14,139,326
323,14,139,326
323,14,139,326
322,14,136,326
324,4,133,333
323,4,130,333
319,4,127,333
318,4,120,333
318,4,120,333
313,5,125,333
308,12,149,333
305,12,155,333
302,15,155,326
302,15,155,326
302,25,155,319
294,25,158,319
292,25,161,319
287,38,164,306
284,35,158,312
281,26,152,318
281,26,152,318
280,26,143,318
274,13,122,331
272,13,117,331
272,13,117,331
272,13,117,331
270,13,117,331
270,13,117,331
269,13,115,331
269,13,115,331
267,13,115,331
261,13,122,331
261,13,122,331
260,10,124,338
258,10,140,338
258,10,158,338
258,13,171,331
256,13,174,331
254,13,177,331
256,13,173,331
256,30,173,312
256,30,173,312
256,30,173,312
253,30,173,312
255,30,170,312
252,27,170,318
253,14,149,331
256,7,137,331
253,4,126,338
254,4,123,338
256,4,123,338
256,4,123,338
257,17,121,331
257,20,137,325
262,20,145,325
256,20,157,325
256,20,157,325
259,20,163,325
261,20,160,325
256,20,163,325
258,20,173,325
256,20,176,325
258,20,172,325
260,20,175,325
255,20,179,325
255,20,179,325
249,17,176,332
249,17,176,332
249,17,176,332
249,17,176,332
247,14,180,339
247,14,180,339
247,14,187,339
247,27,187,326
247,27,187,326
245,27,191,326
249,27,191,326
247,24,195,333
247,24,195,333
247,24,195,333
247,24,195,333
245,24,199,333
231,37,211,320
229,37,215,320
225,46,215,314
216,46,215,314
216,46,215,314
212,46,215,314
199,55,215,305
199,58,207,299
195,58,207,299
187,58,207,299
187,58,207,299
183,58,207,299
171,70,199,287
165,67,195,293
161,70,187,287
156,73,183,281
156,81,183,275
149,84,183,270
143,100,190,259
139,103,190,254
131,103,198,254
131,103,198,254
131,103,198,254
131,118,198,242
121,124,210,236
117,127,210,232
113,128,210,232
113,128,210,232
113,128,210,232
115,129,206,231
115,129,206,231
117,132,202,226
119,134,198,222
121,138,194,222
121,138,194,222
121,138,194,222
131,140,190,218
129,140,194,218
135,150,190,206
139,150,190,206
139,150,190,206
139,152,190,202
147,152,194,202
160,152,175,202
168,150,172,198
176,142,175,206
176,142,175,206
180,140,179,210
202,119,162,232
212,107,162,246
225,102,147,256
230,84,144,272
230,84,144,272
230,73,138,283
234,56,123,304
236,50,118,304
234,44,144,316
237,44,144,316
237,41,144,319
239,35,153,325
244,25,169,325
241,31,176,325
243,31,180,325
245,31,176,325
245,31,176,325
252,28,169,332
262,28,156,332
260,28,153,332
260,21,153,332
265,21,150,332
268,21,150,332
270,21,147,332
275,8,138,346
281,2,133,346
286,2,128,346
285,6,130,339
284,6,133,339
286,6,141,339
288,6,150,339
290,6,159,339
287,6,159,339
289,10,156,332
289,10,156,332
289,10,156,332
286,10,156,332
285,13,141,339
286,13,133,339
288,10,131,346
288,7,131,339
285,7,131,339
282,7,126,339
270,11,142,332
271,15,142,325
265,18,148,332
264,18,151,332
259,18,148,332
263,18,134,332
255,21,131,332
260,25,123,325
260,25,123,325
261,25,121,325
251,25,121,325
256,25,121,325
254,32,165,318
253,26,175,318
255,26,186,318
255,29,186,312
253,41,190,300
253,41,190,300
251,44,194,294
255,44,186,294
255,44,179,294
255,44,179,294
257,53,175,288
257,56,169,282
259,53,147,288
256,53,147,288
255,53,144,288
255,53,144,288
254,53,141,288
255,53,138,288
252,53,138,288
253,53,135,288
254,53,132,288
254,53,132,288
251,53,132,288
250,50,129,294
245,44,134,306
242,41,139,312
236,41,145,312
237,41,142,312
236,41,139,312
235,35,136,324
232,22,128,331
230,12,123,338
230,12,118,338
232,9,118,345
232,9,113,345
232,18,113,342
232,23,113,328
232,23,113,328
232,23,113,328
232,23,113,328
232,23,113,328
232,23,113,328
227,23,132,328
227,23,137,328
226,23,145,328
226,23,145,328
225,23,154,328
219,23,167,328
219,23,174,328
221,23,171,328
225,26,165,322
227,26,162,322
224,23,162,328
226,23,159,328
226,23,159,328
226,23,159,328
229,23,159,328
229,23,159,328
229,23,159,328
229,23,159,328
229,23,159,328
226,23,159,328
223,23,159,328
223,23,159,328
223,23,159,328
223,23,159,328
223,30,159,328
223,27,159,333
217,20,159,333
217,20,159,333
214,20,159,333
211,20,159,333
201,20,172,333
203,31,169,326
191,34,187,320
187,34,187,320
196,34,169,320
211,34,119,320
199,31,156,326
193,31,150,326
196,31,144,326
196,31,144,326
200,31,130,326
200,28,130,332
181,25,168,312
181,25,168,312
226,22,118,318
226,22,118,318
219,22,133,318
205,19,193,324
146,19,245,324
136,19,255,324
131,19,255,324
131,19,255,324
150,19,209,324
182,13,158,323
196,16,137,329
196,16,137,329
203,13,142,336
203,13,142,336
204,13,139,336
204,10,139,343
219,7,139,350
216,14,158,346
215,11,168,349
213,11,171,349
215,11,174,349
217,11,177,349
219,15,174,342
227,15,164,342
227,15,164,342
227,15,164,342
227,15,164,342
227,15,158,342
229,15,143,342
229,15,143,342
229,15,143,342
229,15,143,342
229,15,143,342
229,15,143,342
231,19,140,335
223,16,140,341
223,16,140,341
223,16,140,341
223,16,140,341
223,16,140,341
224,16,132,341
223,16,135,341
220,16,135,341
220,16,135,341
220,16,135,341
219,13,138,347
212,13,141,347
209,13,147,347
201,13,156,347
203,13,153,347
203,13,153,347
201,13,156,347
214,13,141,347
214,13,135,347
214,17,135,340
214,17,135,340
218,17,132,340
218,17,132,340
214,17,135,340
213,17,138,340
210,17,144,340
210,17,144,340
203,17,153,340
198,17,156,340
193,17,159,340
192,18,162,340
198,18,156,340
198,18,156,340
201,11,150,340
211,11,141,340
217,14,135,333
217,14,135,333
217,14,135,333
217,14,135,333
217,14,135,333
217,14,135,333
217,14,135,333
217,14,135,333
217,14,135,333
217,14,135,333
217,14,135,333
216,11,138,340
215,8,141,347
213,5,141,340
213,5,141,340
213,5,141,340
216,5,135,340
216,5,135,340
218,16,132,333
219,16,124,333
219,16,124,333
219,16,124,333
219,16,124,333
219,16,124,333
219,16,124,333
210,16,137,333
204,16,143,333
204,16,143,333
204,16,143,333
200,16,152,333
199,16,149,333
204,16,152,333
214,16,137,333
214,16,137,333
214,16,137,333
219,16,132,333
220,16,129,333
220,16,129,333
220,16,129,333
220,16,129,333
221,16,132,333
220,13,135,340
220,16,135,333
219,13,138,340
219,16,138,333
219,16,138,333
219,16,138,333
223,16,135,333
227,9,132,333
230,10,126,333
232,14,122,326
232,11,122,333
233,11,120,333
232,11,118,333
233,11,116,333
231,11,116,333
229,11,116,333
229,11,116,333
227,11,116,333
225,11,116,333
223,11,116,333
221,11,116,333
220,15,114,326
220,15,114,326
218,15,114,326
217,15,116,326
215,15,116,326
215,15,121,326
214,15,123,326
214,15,123,326
212,12,128,333
211,12,131,333
212,12,128,333
213,12,125,333
214,12,123,333
214,12,123,333
215,12,121,333
221,12,119,333
226,12,114,333
235,15,114,326
236,15,112,326
236,15,112,326
242,15,114,326
244,15,119,326
244,15,124,326
243,12,131,333
243,9,131,326
242,9,134,326
245,6,134,333
245,6,134,333
246,6,131,333
246,6,131,333
247,10,131,326
247,10,131,326
248,13,131,320
248,13,131,320
247,13,134,320
250,13,134,320
250,10,134,326
254,10,126,326
255,10,123,326
255,10,123,326
255,10,123,326
255,10,123,326
255,17,123,326
255,17,123,326
255,17,123,326
255,17,123,326
255,17,123,326
249,17,125,326
247,17,125,326
245,17,125,326
243,17,125,326
241,17,125,326
239,17,125,326
228,17,125,326
225,27,130,319
225,27,130,319
225,27,130,319
225,24,130,325
220,31,130,325
208,28,127,332
208,28,127,332
208,28,127,332
208,28,127,332
205,28,127,332
202,28,127,332
197,28,127,332
192,28,127,332
192,28,127,332
184,25,130,335
184,25,130,335
184,25,130,335
176,29,127,328
176,29,127,328
176,29,127,328
175,26,130,334
171,23,133,337
169,20,133,340
163,17,136,343
162,21,133,336
161,21,136,336
162,22,141,336
163,23,141,336
163,23,141,336
172,23,141,336
175,27,141,329
175,27,141,329
183,24,144,336
188,21,147,339
192,21,147,339
200,18,150,342
210,18,150,342
210,18,156,342
218,11,159,349
223,11,169,349
225,15,173,342
235,15,166,342
240,15,163,342
240,15,163,342
248,15,160,342
257,12,150,348
262,12,147,348
269,6,147,354
271,6,150,354
271,6,150,354
271,6,150,354
278,6,147,354
282,6,144,354
280,10,144,347
282,14,141,340
282,11,141,347
286,11,138,347
287,11,141,347
290,8,136,352
289,5,128,355
289,5,128,355
288,5,131,355
287,5,134,355
286,5,142,355
286,5,142,355
286,5,142,355
289,5,142,355
289,5,142,355
290,5,139,355
294,5,136,355
294,5,136,355
296,2,133,348
296,2,133,348
296,2,133,348
299,6,127,341
299,6,127,341
304,6,122,341
304,6,122,341
300,6,124,341
300,6,124,341
299,6,126,341
299,6,126,341
299,6,126,341
312,6,109,341
314,6,109,341
314,1,109,339
312,8,109,339
310,8,109,339
310,8,109,339
299,8,118,339
297,8,123,339
297,8,123,339
292,1,138,339
291,1,146,339
290,1,149,339
298,1,152,339
300,1,149,339
299,1,146,339
300,1,143,339
310,1,135,339
314,1,127,339
313,1,125,342
312,1,135,342
309,1,140,342
313,1,137,342
324,1,126,342
334,1,121,342
335,1,119,342
334,1,121,335
334,1,121,335
324,1,131,335
314,1,141,338
310,1,144,338
309,1,147,338
309,1,147,338
309,18,147,331
310,21,144,324
310,24,144,318
310,24,144,318
310,24,144,318
309,24,147,318
306,24,147,318
307,24,144,318
321,18,133,318
322,18,130,318
322,18,130,318
319,18,130,318
319,18,130,318
319,18,130,318
318,15,133,324
314,15,136,324
313,15,139,324
309,15,142,324
309,15,142,324
309,15,142,324
309,12,136,318
309,12,136,318
312,6,131,318
311,1,129,317
311,1,129,317
309,1,129,320
309,1,129,320
308,1,132,320
304,1,135,320
299,1,135,323
299,1,135,323
298,1,138,326
304,1,138,326
305,4,138,320
304,1,140,314
307,1,158,317
307,1,158,317
305,1,149,317
304,1,135,320
304,1,135,320
306,4,133,314
302,7,141,320
302,7,141,320
301,4,144,326
303,1,141,320
294,1,141,326
294,1,141,326
282,1,159,329
282,1,159,329
280,8,162,329
282,8,159,329
291,8,141,329
296,2,128,343
305,5,131,336
305,5,131,336
301,12,134,336
301,9,129,329
300,9,126,329
289,6,129,336
280,3,137,343
280,1,137,335
272,1,148,339
268,10,151,332
265,10,151,332
265,10,151,332
278,7,131,332
278,7,131,332
279,7,139,332
284,8,136,332
282,19,141,325
282,13,147,338
274,1,138,337
274,1,138,337
274,1,138,340
273,1,135,340
271,5,135,333
263,5,146,333
275,5,135,333
272,5,135,333
275,2,130,340
279,1,128,330
280,1,136,343
290,5,133,336
296,9,133,329
293,9,133,329
293,9,133,329
293,16,128,316
289,1,131,321
284,1,131,321
285,4,131,328
285,4,131,328
282,11,136,328
284,14,133,322
292,8,123,321
293,5,115,327
293,2,124,334
293,2,124,334
294,2,134,334
290,12,148,327
292,12,157,327
292,15,157,320
286,31,157,314
286,34,157,308
286,34,157,308
280,40,157,308
277,40,134,308
278,40,131,308
275,27,131,320
278,27,131,320
275,27,131,320
274,24,134,326
277,24,145,326
278,24,142,326
282,27,134,319
283,27,131,319
286,27,131,319
286,27,131,319
286,27,131,319
283,40,131,306
283,40,131,306
283,40,131,306
282,40,139,306
284,49,160,300
276,49,177,300
273,49,192,300
279,49,204,300
279,49,204,300
279,46,221,306
282,49,226,300
282,49,235,300
282,49,226,300
282,58,185,294
282,58,185,294
284,58,174,294
284,58,160,294
285,58,145,294
284,55,137,300
287,55,132,300
286,55,135,300
286,55,135,300
285,55,132,300
282,49,132,300
282,52,132,306
282,52,132,306
282,52,132,306
281,52,135,306
282,52,132,306
278,52,146,306
274,52,161,306
272,52,188,306
272,52,188,306
270,52,184,306
268,52,195,306
266,46,215,306
268,46,219,306
275,46,215,306
275,46,215,306
279,46,206,306
277,46,194,306
277,46,179,306
279,46,155,306
279,46,127,306
278,46,124,306
278,46,124,306
278,46,124,306
276,46,124,306
272,46,126,306
269,40,126,306
268,40,129,306
271,37,124,312
272,28,122,318
272,28,117,318
273,28,115,318
274,28,113,318
274,28,113,318
271,28,130,318
272,28,152,318
274,28,161,318
274,25,161,324
276,25,164,324
274,25,167,324
271,25,174,324
270,25,200,324
266,25,208,324
264,25,212,324
269,25,195,324
269,25,195,324
269,25,180,324
270,25,153,324
270,25,153,324
269,25,144,324
269,25,144,324
268,25,141,324
264,25,150,324
264,25,150,324
263,25,147,324
254,25,147,324
261,25,128,324
262,25,125,324
266,25,118,324
267,25,120,324
271,25,127,324
278,22,135,330
272,22,158,330
274,22,155,330
276,15,152,330
276,15,119,330
275,15,108,330
272,15,129,330
242,15,164,330
242,15,164,330
236,15,151,330
242,18,134,324
248,15,126,330
241,15,134,330
236,12,151,311
231,12,154,311
255,9,136,317
255,9,116,317
248,9,131,317
234,9,163,317
221,9,176,317
216,9,180,317
214,9,169,317
195,9,187,317
197,9,183,317
208,9,150,317
208,9,150,317
221,9,136,317
237,9,109,317
239,6,109,323
240,6,107,323
240,6,107,323
240,6,107,323
240,6,107,323
239,3,109,329
241,3,109,329
243,3,109,329
244,6,107,323
245,6,105,323
245,6,105,323
242,6,125,316
243,9,123,316
243,12,119,310
242,12,117,310
240,12,127,310
240,12,127,310
215,9,155,316
213,9,158,316
216,9,158,316
219,9,158,316
221,9,155,316
221,9,155,316
223,9,152,316
221,3,155,316
219,3,158,316
217,3,161,316
228,3,152,316
228,3,152,316
228,6,152,310
230,6,149,310
230,9,149,304
227,9,149,304
225,12,155,298
223,12,158,298
217,15,164,304
217,15,164,304
219,15,167,304
219,15,167,304
216,15,167,304
216,15,167,304
216,15,167,304
216,21,167,292
216,24,167,286
216,32,167,280
229,32,154,280
234,32,151,280
225,32,157,280
222,32,163,280
220,32,166,280
220,32,166,280
220,32,166,280
220,32,166,280
220,32,166,280
220,32,166,280
218,32,169,280
225,32,169,280
230,32,159,280
230,29,159,286
230,26,159,292
236,26,153,292
236,20,153,292
230,20,159,292
228,20,162,292
228,20,162,292
225,23,168,298
225,23,168,298
225,23,168,298
225,23,168,298
225,23,168,298
225,23,168,298
225,23,168,298
235,23,161,298
235,23,161,298
235,23,161,298
235,23,161,298
235,23,161,298
235,23,161,298
235,23,161,298
235,23,161,298
243,23,158,298
246,23,158,298
246,23,158,298
267,23,140,298
279,20,132,304
284,21,129,303
284,20,127,303
284,19,128,304
284,20,127,304
286,14,133,310
279,14,141,310
275,14,156,310
259,14,176,310
252,11,183,316
250,11,187,316
248,18,191,316
248,18,191,316
248,18,191,316
252,18,191,316
254,15,187,322
260,15,183,322
249,26,190,322
243,23,194,328
231,23,202,328
229,23,198,328
229,20,190,335
229,20,190,335
214,20,190,335
204,24,201,328
202,21,205,335
194,21,205,335
196,21,201,335
198,21,197,335
206,21,182,335
208,21,165,335
207,18,162,341
207,25,156,328
196,28,166,328
196,28,166,328
198,28,163,328
202,22,163,338
201,15,167,345
205,12,160,348
218,9,147,351
215,9,147,351
215,13,159,344
217,24,162,336
219,24,165,336
219,24,165,336
226,24,158,336
226,24,158,336
238,24,149,336
250,24,140,336
253,21,140,339
263,21,137,339
266,21,137,339
266,21,137,339
275,4,140,353
278,4,146,353
278,4,146,353
284,4,146,353
284,18,146,339
288,18,143,339
287,18,143,339
286,22,140,332
286,22,140,332
283,22,140,332
285,26,137,325
285,26,137,325
284,16,145,338
284,16,145,338
284,16,145,338
287,16,145,338
287,19,145,331
288,19,142,331
291,19,136,331
295,16,133,324
295,16,133,324
288,16,136,324
285,16,136,324
284,16,139,324
280,16,142,324
272,13,148,330
272,13,148,330
269,13,148,330
269,13,148,330
269,13,148,330
269,13,148,330
266,13,148,330
266,13,142,330
268,16,139,324
268,19,139,330
269,19,136,330
270,19,133,330
275,19,133,330
278,19,133,330
273,19,138,330
274,19,138,330
275,19,141,330
274,19,144,330
271,22,156,337
274,22,156,337
274,22,156,337
283,22,150,337
288,19,147,330
288,19,147,330
295,19,147,330
295,19,147,330
298,19,147,330
301,19,147,330
301,19,147,330
301,19,147,330
308,19,147,330
308,5,147,343
309,5,150,343
311,5,147,343
311,5,147,343
312,5,144,343
320,5,128,343
323,5,123,343
321,5,118,343
317,5,116,343
317,5,116,343
312,5,126,343
307,5,148,343
306,5,151,343
299,9,154,336
294,9,157,336
294,9,157,336
294,9,157,336
284,9,157,336
280,6,160,343
275,1,163,355
278,1,157,355
278,1,157,355
280,5,154,348
259,8,139,348
256,8,139,348
256,18,139,341
259,18,133,341
259,18,133,341
263,15,125,345
280,15,115,345
286,15,113,345
283,9,115,345
283,9,115,345
283,9,115,345
283,9,115,345
293,2,108,345
292,2,110,345
295,2,129,345
295,2,140,345
295,2,140,345
296,2,137,345
297,2,114,345
297,2,109,345
299,2,109,345
301,2,109,345
303,2,109,345
305,2,109,345
306,2,111,345
305,1,113,349
307,1,113,349
308,1,120,349
308,1,120,349
308,1,120,353
304,1,122,353
303,1,124,353
291,5,132,346
286,2,143,353
286,2,143,353
282,2,152,353
262,2,164,353
257,2,174,353
250,2,181,353
246,2,181,353
246,2,181,353
239,2,181,353
230,2,192,353
230,2,192,353
230,2,192,353
230,2,192,353
230,2,192,353
232,2,196,353
228,2,204,353
232,2,204,353
232,9,204,351
234,9,208,351
234,9,208,351
230,9,208,351
220,9,212,351
214,6,216,344
203,6,220,344
201,3,224,351
201,10,224,350
192,10,224,350
181,20,211,329
181,23,195,323
173,26,187,330
171,26,183,330
171,29,183,323
165,39,187,316
158,36,180,322
160,36,176,322
160,36,176,322
147,42,194,309
147,45,194,303
133,48,206,297
131,54,210,285
135,63,202,279
137,66,198,274
137,71,198,274
137,71,198,274
135,74,194,269
127,77,202,274
127,80,202,269
125,88,206,264
121,98,206,254
121,98,206,254
121,98,206,254
122,106,202,249
134,104,186,254
134,96,186,259
141,83,179,275
146,83,175,275
146,66,175,286
171,35,152,322
173,35,149,322
172,22,146,335
168,19,149,341
168,19,149,341
165,19,149,341
157,16,165,344
159,13,168,347
161,6,193,347
167,6,197,347
167,6,197,347
171,6,197,347
179,10,182,340
179,10,175,340
182,7,168,347
187,4,158,354
185,4,155,354
190,5,152,354
190,5,152,354
196,5,146,354
205,5,140,354
212,5,132,340
212,5,132,340
212,5,132,340
222,6,129,340
219,6,134,340
219,3,145,347
228,3,145,347
228,3,145,347
228,3,145,347
234,3,134,347
237,3,134,347
244,3,131,347
228,1,150,353
228,1,150,353
226,1,153,353
231,1,150,353
231,1,138,343
231,1,133,343
231,1,133,343
231,1,133,343
227,1,136,343
217,1,142,346
213,1,142,346
213,1,142,346
213,1,142,346
210,1,142,346
210,1,142,346
207,1,142,346
207,1,154,346
205,11,163,339
205,11,170,339
202,11,177,339
204,11,180,339
204,11,173,339
199,11,170,339
196,11,163,339
196,11,157,339
196,11,157,339
194,11,154,339
194,11,154,339
197,11,160,339
197,11,160,339
197,11,160,339
197,11,160,339
199,15,157,332
193,15,170,332
195,15,180,332
189,15,191,332
185,15,191,332
185,15,191,332
189,12,191,339
178,12,199,339
174,12,199,339
170,12,199,339
172,19,195,339
172,19,195,339
181,19,184,339
186,19,173,339
186,16,173,332
190,20,167,325
187,17,167,332
189,17,164,332
187,17,161,332
189,17,158,332
181,17,181,332
181,27,181,325
186,27,177,325
186,27,177,325
184,27,173,325
189,27,170,325
201,27,148,325
202,27,145,325
203,27,142,325
203,27,142,325
203,27,142,325
203,27,142,325
203,10,142,345
202,10,145,345
202,10,151,345
202,10,151,345
202,10,151,345
202,10,151,345
203,10,160,345
206,10,166,345
206,10,173,345
206,13,173,338
209,13,173,338
206,13,195,338
206,13,211,338
204,13,224,338
206,23,228,331
206,23,228,331
206,23,228,331
204,26,224,325
211,26,211,325
209,26,207,325
209,26,207,325
209,26,207,325
209,26,207,325
209,26,207,325
209,26,207,325
227,33,195,325
235,33,187,325
235,27,187,325
235,27,187,325
233,24,191,332
235,24,173,332
233,24,176,332
231,21,180,339
227,21,180,339
227,21,180,339
227,21,180,339
227,21,180,339
234,21,180,339
240,15,176,339
238,15,180,339
236,19,176,332
238,23,173,325
238,20,173,332
243,20,163,332
239,17,159,339
239,17,159,339
241,17,156,339
247,17,156,339
242,17,166,339
245,17,166,339
250,21,163,332
248,21,166,332
248,21,166,332
248,21,166,332
250,18,169,339
249,8,172,346
254,8,175,346
252,8,179,346
254,8,183,346
259,8,179,346
257,8,190,332
261,8,190,332
259,8,179,332
259,8,179,332
258,12,175,325
259,12,155,325
256,9,143,332
257,9,140,332
257,16,158,332
257,16,158,332
257,16,171,332
254,10,178,332
254,10,178,332
254,10,171,332
257,7,158,339
257,7,158,339
260,7,146,339
259,7,143,339
266,7,143,339
269,7,146,339
273,7,149,339
273,7,149,339
279,7,149,339
285,14,149,326
302,14,135,326
302,14,135,326
312,14,135,326
312,14,135,326
311,14,143,326
316,14,146,326
311,14,146,313
311,11,146,319
319,11,149,319
313,14,143,313
321,14,135,313
327,17,122,307
350,14,110,313
350,14,114,313
345,14,128,313
345,14,128,313
349,11,136,319
348,11,144,319
341,14,147,313
341,14,147,313
343,14,144,313
343,14,144,313
346,14,138,313
349,17,132,307
363,20,126,301
366,17,121,307
373,14,116,289
373,14,116,289
375,5,116,295
378,5,114,295
380,8,109,289
379,5,111,295
378,17,113,283
378,17,113,283
376,23,113,283
373,23,115,283
355,23,132,283
351,20,135,289
350,17,132,283
350,17,132,283
355,17,122,283
356,17,110,283
347,17,94,283
345,14,90,289
331,11,103,295
331,11,103,295
302,20,139,289
289,20,153,289
284,27,156,284
286,30,153,278
290,27,147,284
290,27,147,284
296,21,136,295
299,27,125,295
303,33,95,289
303,33,84,289
299,33,89,289
299,33,89,289
290,24,97,295
274,21,107,301
251,24,127,307
247,30,130,307
242,30,135,307
242,30,135,307
243,33,135,313
243,30,135,319
248,20,122,338
241,30,127,330
240,30,130,330
240,30,130,330
235,30,130,330
227,30,130,330
231,20,118,337
228,20,116,337
225,20,118,337
225,20,118,337
218,20,123,337
218,20,123,337
216,20,123,337
218,20,123,337
218,20,123,337
218,20,123,337
218,20,123,337
220,17,125,343
220,20,125,336
223,20,125,336
227,20,128,336
227,23,128,329
227,23,128,329
227,23,128,329
227,23,128,329
226,23,125,329
225,23,123,329
225,23,123,329
225,23,123,329
222,20,125,336
220,14,125,336
219,17,128,329
216,17,128,329
215,17,131,329
215,17,131,329
217,20,128,323
213,20,131,323
210,20,131,323
210,10,131,329
210,10,131,329
207,17,131,329
207,17,131,329
207,17,131,329
207,17,131,329
207,17,131,329
207,17,131,329
207,17,131,329
207,10,131,329
207,10,131,329
206,13,128,323
206,13,128,323
206,13,128,323
206,13,128,323
205,10,126,329
206,3,123,329
209,3,128,329
211,6,125,323
211,3,125,329
212,6,123,323
212,6,123,323
212,6,123,323
212,6,128,323
203,6,136,323
203,6,136,323
197,6,141,323
194,6,147,323
185,6,159,323
182,6,153,323
181,3,144,329
181,6,144,322
181,3,133,328
181,6,133,335
181,6,133,335
188,1,118,347
188,1,118,347
188,1,118,347
192,1,116,347
192,1,116,347
204,1,111,347
194,1,130,347
183,1,141,347
183,4,141,340
173,4,153,340
164,4,159,340
167,4,159,340
177,8,159,347
198,8,135,347
198,8,135,347
203,5,130,354
209,5,122,354
209,5,122,354
216,5,140,354
219,5,164,354
219,5,164,354
224,5,174,354
224,5,160,354
230,15,148,345
241,15,128,345
242,12,125,348
242,12,125,348
246,12,123,348
239,12,128,348
230,12,136,348
229,12,141,348
229,12,141,348
229,12,141,348
232,12,141,348
241,9,136,351
250,9,128,351
262,9,113,351
263,9,111,351
263,9,111,351
263,9,111,351
262,9,113,351
259,9,125,351
259,9,168,351
259,9,168,351
259,9,168,351
257,9,158,351
257,9,140,351
255,9,122,351
251,9,110,351
249,9,114,351
249,9,114,351
249,9,119,351
249,9,119,351
249,9,119,351
239,12,128,348
234,10,133,350
234,10,133,350
230,6,136,354
230,6,136,354
230,6,136,354
245,6,123,354
245,6,123,354
245,6,123,354
246,6,121,354
248,6,121,354
243,6,126,354
238,6,184,354
238,6,191,354
238,13,191,340
238,6,191,340
238,6,176,340
241,6,162,340
243,6,132,340
244,6,135,340
244,6,135,340
243,3,138,347
244,3,135,347
246,3,138,347
253,3,135,347
254,7,132,353
253,1,129,352
253,8,129,352
253,8,129,352
252,1,132,352
256,1,129,352
248,1,134,352
248,1,134,352
248,1,134,352
245,1,134,352
238,1,137,342
236,5,137,335
235,9,139,328
234,6,142,335
235,10,160,328
234,6,177,335
239,7,174,335
244,7,157,335
245,7,148,335
245,7,148,335
249,7,123,335
248,7,125,335
251,7,125,335
247,7,138,335
250,7,138,335
250,7,138,335
250,10,138,342
250,14,144,346
244,14,144,346
228,7,153,332
214,10,162,339
214,10,162,339
211,7,162,346
203,10,165,339
200,10,165,339
210,17,159,326
212,14,156,333
212,14,156,333
209,14,183,333
215,11,194,340
219,4,194,340
235,4,155,340
239,4,135,340
240,4,132,340
241,4,124,340
242,4,126,340
242,4,126,340
264,1,107,333
267,1,101,333
267,1,101,333
268,1,99,333
264,1,99,333
262,1,99,333
263,5,105,326
257,2,114,333
256,2,116,333
256,2,116,333
256,2,116,333
257,2,118,333
257,3,118,333
255,3,118,333
255,3,118,333
255,3,113,333
255,3,113,333
253,3,113,333
253,3,113,333
252,2,115,333
252,2,115,333
256,1,117,337
245,1,124,337
226,4,140,344
225,4,143,344
225,4,143,344
226,4,140,344
220,1,146,340
220,1,146,340
221,1,143,340
222,1,140,340
221,1,143,340
218,1,143,340
221,1,143,340
221,1,143,340
221,1,143,340
222,1,146,344
222,1,146,344
222,1,146,344
222,1,146,344
225,1,146,344
236,8,135,344
237,1,132,344
237,1,132,344
238,1,129,344
241,1,129,344
238,1,129,344
237,1,132,344
237,1,132,344
226,5,143,351
226,5,143,351
217,1,155,348
208,8,161,348
208,8,161,348
210,8,158,348
210,8,158,348
210,8,158,348
207,8,158,348
209,8,155,348
209,8,155,348
209,8,155,348
209,8,155,348
209,8,161,348
209,5,161,355
211,5,152,355
211,5,152,355
214,5,152,355
221,9,143,348
224,9,143,348
223,9,140,348
223,9,140,348
223,9,140,348
223,2,140,348
223,2,140,348
223,2,140,348
224,2,143,348
224,2,143,348
223,2,146,348
223,2,146,348
226,2,146,348
226,2,146,348
226,2,146,348
226,2,152,348
224,2,155,348
223,1,158,352
226,5,158,345
226,5,158,345
224,5,161,345
222,5,164,345
225,5,164,345
232,6,157,345
241,9,145,338
241,9,145,338
244,9,145,338
247,9,139,338
251,9,136,338
251,9,136,338
248,9,136,338
248,9,136,338
248,9,136,338
247,6,133,345
247,6,133,345
247,6,133,345
244,1,128,343
245,1,125,343
245,1,125,343
243,1,125,343
244,1,123,343
242,1,123,343
240,1,123,343
239,1,121,343
240,1,119,343
239,2,117,343
239,2,117,343
237,2,117,343
237,13,117,336
236,13,119,336
235,13,121,336
234,13,123,336
230,13,125,336
227,13,130,336
227,13,135,336
227,3,135,343
226,1,138,349
225,1,141,349
221,5,138,342
221,8,138,335
217,8,133,335
217,11,133,328
217,11,128,328
216,11,125,328
215,11,128,328
212,4,139,328
211,10,139,335
211,13,139,328
210,13,136,328
207,13,116,341
207,10,111,348
200,10,111,348
161,7,136,341
161,7,136,341
155,11,144,334
151,11,147,334
144,4,150,334
146,1,153,327
150,1,144,327
150,1,144,327
156,1,128,326
165,1,116,326
168,4,109,320
168,1,109,326
159,1,133,326
159,1,133,326
155,1,136,329
159,1,139,329
160,1,142,329
161,1,145,329
169,7,148,329
169,7,148,329
173,7,145,329
184,10,142,323
194,10,134,323
204,13,129,317
222,13,116,293
222,13,116,293
229,13,112,293
238,13,108,293
254,7,88,293
260,7,80,293
265,4,87,299
265,4,87,299
268,1,87,293
268,1,87,293
271,4,88,287
275,4,95,287
273,4,111,287
271,4,111,287
277,1,113,293
279,1,118,293
283,1,116,293
290,1,126,293
294,1,132,293
294,4,132,287
294,4,132,287
293,4,135,287
296,4,130,287
299,4,125,287
306,4,121,298
307,4,119,298
303,10,117,298
298,16,119,292
297,13,121,298
296,33,123,280
288,33,125,280
288,33,125,280
288,27,125,280
288,24,125,286
284,18,128,298
283,12,131,298
283,3,131,304
287,3,123,304
285,3,123,304
286,3,121,304
286,3,121,304
287,6,119,298
287,6,119,298
287,6,119,298
287,6,119,298
288,6,117,298
288,1,117,300
292,1,115,300
290,1,115,300
290,1,115,300
290,1,115,300
289,1,117,300
288,1,119,300
288,1,119,300
283,10,124,294
283,10,124,294
278,13,129,288
277,13,132,288
277,13,132,288
276,10,135,294
275,4,138,294
275,4,138,294
274,1,130,300
277,1,120,294
276,1,122,297
274,1,117,300
276,1,112,300
276,1,112,300
276,1,112,300
277,1,110,300
279,1,110,300
280,1,108,300
279,1,110,300
281,1,110,300
281,1,110,300
281,1,110,300
281,1,110,300
279,1,110,300
279,1,110,300
279,1,110,300
277,1,129,300
279,1,126,300
278,1,129,300
273,10,134,294
275,13,131,288
275,10,131,294
275,10,131,294
274,7,134,300
273,4,137,306
271,4,137,306
271,1,137,312
272,1,134,312
275,4,123,306
275,4,123,306
275,4,123,306
277,4,118,306
278,4,116,306
278,4,116,306
275,4,128,306
275,4,133,306
275,1,144,312
275,1,150,312
274,1,153,312
272,1,156,312
270,1,159,312
268,1,162,312
271,1,162,312
273,1,165,312
270,1,165,312
270,1,165,312
272,1,168,312
271,7,171,312
268,7,177,312
266,7,181,312
266,7,181,312
266,7,181,312
261,10,184,306
261,10,184,306
261,13,184,312
261,13,184,312
261,13,184,312
257,13,184,312
253,13,177,312
251,7,174,312
249,7,171,312
244,10,168,306
243,10,158,306
243,10,158,306
243,10,135,306
241,10,127,306
241,13,122,300
239,13,122,300
234,19,122,300
234,19,122,300
224,28,142,294
209,31,160,288
201,31,170,288
199,40,173,282
196,40,180,282
192,40,180,282
195,54,173,266
211,64,153,255
211,81,153,240
211,81,153,240
206,93,153,226
206,95,153,221
203,106,159,208
204,106,172,216
201,106,186,216
207,108,182,212
207,108,182,212
207,108,182,212
211,108,174,212
219,108,164,212
225,102,151,216
229,98,145,224
235,89,139,233
235,89,139,233
234,62,131,268
233,43,128,273
233,37,123,284
237,25,121,295
240,22,131,301
236,22,134,301
242,19,145,307
242,16,145,313
241,13,148,319
241,13,160,319
247,7,160,319
247,7,160,319
258,7,166,319
256,13,183,319
250,13,194,319
254,13,194,319
247,13,186,319
247,13,186,319
250,10,165,325
250,10,158,325
250,10,158,325
269,10,137,325
271,10,129,325
271,10,129,325
271,10,129,325
268,10,129,325
268,10,129,325
268,10,129,325
268,10,129,325
268,10,129,325
268,10,129,325
260,10,140,325
257,10,140,325
257,10,146,325
253,17,149,325
253,17,149,325
253,17,149,325
253,17,149,325
252,17,146,325
251,11,143,325
251,11,143,325
251,11,143,325
247,11,158,325
245,11,155,325
245,11,155,325
245,11,155,325
243,11,152,325
243,11,152,325
242,11,161,325
240,11,164,325
240,11,164,325
240,11,164,325
240,11,164,325
240,11,164,325
248,11,161,325
250,11,164,325
249,5,167,325
249,5,167,325
251,8,164,319
251,8,164,319
248,14,164,319
246,11,167,325
246,11,167,325
246,8,167,319
246,8,167,319
246,8,167,319
246,8,167,319
244,8,170,319
247,8,170,319
250,8,170,319
253,8,170,319
255,8,167,319
262,8,160,319
259,8,160,319
257,8,163,319
257,8,163,319
260,8,163,319
260,8,163,319
255,8,173,319
258,8,173,319
258,8,173,319
257,5,176,325
257,5,176,325
257,5,176,325
257,5,176,325
257,5,176,325
261,5,176,325
261,5,176,325
261,5,176,325
261,5,176,325
261,5,176,325
261,5,176,325
254,12,176,325
254,12,176,325
254,12,176,325
254,12,176,325
257,12,163,325
259,12,160,325
264,15,157,319
264,15,157,319
264,15,157,319
264,15,157,319
264,15,157,319
264,15,157,319
264,12,157,325
264,12,157,325
284,12,136,325
284,12,136,325
285,12,133,325
287,21,130,319
289,21,127,319
286,21,127,319
283,21,127,319
286,21,127,319
285,21,124,319
279,21,137,319
280,21,140,319
281,21,137,319
282,21,134,319
283,21,131,319
286,21,126,319
283,21,112,319
283,21,112,319
283,18,121,325
285,18,121,325
287,18,121,325
290,21,119,319
309,24,112,325
315,21,109,332
322,22,109,319
323,19,111,325
323,19,111,325
325,16,127,318
326,19,144,312
322,22,153,306
322,22,159,306
325,16,159,306
322,16,159,306
325,16,159,306
342,19,150,300
362,19,136,300
380,19,116,300
385,19,111,300
384,19,113,300
388,19,143,300
402,22,192,294
400,22,204,294
405,22,221,294
407,25,217,288
407,25,217,288
407,19,208,300
402,16,196,306
404,16,192,306
400,16,184,306
400,22,163,306
400,22,163,306
398,22,153,306
395,22,141,306
391,16,144,306
391,16,144,306
384,16,153,306
386,16,150,306
382,16,159,306
384,19,176,300
383,28,172,294
380,28,165,294
379,22,156,294
376,22,156,294
371,22,147,294
360,22,133,294
353,19,123,300
339,19,130,300
309,22,155,306
309,22,155,306
291,22,158,306
279,22,152,306
280,13,152,312
275,13,155,312
271,13,155,312
271,13,155,312
271,13,155,312
273,16,155,306
276,16,155,306
276,25,155,300
276,25,155,300
276,25,155,300
276,25,155,300
276,25,155,300
276,25,155,300
276,25,155,300
276,25,155,300
276,25,155,300
276,25,155,300
276,25,155,300
276,25,155,300
276,25,155,300
276,19,155,300
276,22,155,294
276,22,155,294
275,19,158,300
275,19,158,300
266,13,158,300
268,13,155,300
268,13,155,300
270,13,152,300
273,16,146,294
273,7,146,300
273,7,146,300
263,7,146,300
263,13,146,300
263,13,146,300
251,10,146,306
251,4,146,306
246,1,122,303
244,1,108,303
244,1,108,303
245,1,106,303
242,4,102,297
247,4,100,297
247,1,100,303
246,1,98,303
241,1,104,303
229,1,119,303
201,1,151,303
196,1,160,306
198,1,163,306
195,1,163,306
192,1,163,306
195,1,163,306
195,1,163,306
195,1,163,306
193,7,166,306
204,7,156,306
204,7,156,306
219,7,144,306
218,10,141,312
218,13,141,306
218,13,141,306
218,13,141,306
218,13,141,306
215,13,159,306
217,13,162,306
215,13,159,306
215,13,159,306
215,13,159,306
215,13,159,306
215,13,159,306
215,13,159,306
215,13,159,306
215,13,159,306
212,13,159,306
212,13,159,306
212,13,159,306
212,13,159,306
209,13,153,306
212,1,153,317
211,1,150,317
211,1,150,317
216,4,147,323
235,4,121,323
234,4,109,323
236,4,109,323
236,4,109,323
236,4,109,323
233,4,116,323
231,4,111,323
227,4,111,323
223,4,120,323
223,4,135,323
223,4,135,323
216,4,149,323
218,4,152,323
215,4,146,323
218,4,140,323
222,4,137,323
223,4,134,323
223,1,134,329
233,1,105,329
235,1,105,333
237,1,105,333
237,1,109,333
237,1,109,333
244,1,109,333
242,1,118,333
242,1,118,336
241,4,120,329
239,4,120,329
239,4,120,329
238,4,118,329
239,4,116,329
238,7,114,323
235,7,107,323
236,4,101,329
236,1,101,325
236,1,101,325
242,1,93,328
242,1,93,328
242,1,93,331
243,1,95,324
243,1,95,324
243,1,95,327
242,1,97,330
240,1,109,330
241,1,116,330
243,4,113,329
244,4,111,329
243,4,109,329
243,4,109,329
247,4,109,329
246,1,111,336
246,1,106,339
246,1,106,326
248,1,106,326
248,1,106,326
247,1,108,332
246,1,110,332
229,1,124,332
229,1,124,332
228,1,126,332
227,1,129,332
223,8,132,325
225,14,129,325
235,17,119,319
235,17,119,319
244,20,110,313
241,17,112,319
231,23,124,319
232,23,122,319
235,23,122,319
235,26,122,313
235,26,122,313
234,26,124,313
234,26,124,313
241,29,119,307
253,32,110,301
253,32,110,301
255,32,106,301
255,32,106,301
252,32,112,301
249,32,114,301
240,32,123,301
240,32,123,301
240,32,123,301
240,32,123,301
240,32,123,301
239,32,125,301
235,32,128,301
235,32,128,301
236,32,125,301
242,32,118,301
243,29,116,295
243,29,116,295
240,29,118,295
240,29,118,295
233,26,123,301
224,26,136,301
229,26,131,301
229,26,131,301
229,26,131,301
229,26,131,301
229,26,131,301
228,26,134,301
227,26,137,301
232,20,126,301
232,20,126,301
235,23,126,295
235,23,126,295
235,23,126,295
236,17,123,295
236,14,128,301
240,17,141,307
240,17,141,307
237,20,159,301
240,20,165,301
228,20,190,301
220,20,206,301
218,20,219,301
220,26,215,301
218,26,211,301
226,26,195,301
234,20,180,301
236,20,150,301
238,20,147,301
238,20,147,301
237,20,144,301
238,20,141,301
238,20,141,301
244,14,141,301
244,14,141,301
244,14,141,301
247,14,147,301
256,14,136,301
263,14,123,301
261,11,118,307
261,11,113,307
261,11,113,307
261,11,113,307
254,17,118,307
228,17,147,307
227,20,156,313
227,20,156,313
222,20,166,313
224,20,176,313
220,20,183,313
225,20,179,313
225,20,186,313
225,20,186,313
225,23,186,307
225,23,201,307
225,23,201,307
225,23,201,307
231,26,174,301
229,26,171,301
229,26,171,301
229,26,171,301
229,26,171,301
227,26,168,301
229,23,158,307
227,23,155,307
230,23,155,307
230,23,149,307
230,23,149,307
231,23,146,307
232,23,143,307
229,23,149,307
229,23,149,307
224,23,158,307
222,20,161,313
225,20,161,313
225,20,161,313
232,20,161,313
230,20,158,313
235,23,155,307
235,23,155,307
238,26,155,301
238,26,155,301
238,26,155,301
238,26,155,301
238,26,155,301
233,26,158,301
239,17,152,307
236,17,152,307
240,17,143,307
244,17,140,307
245,17,137,307
245,17,137,307
244,17,140,307
245,17,143,307
245,17,149,307
244,11,152,307
244,11,152,307
244,11,152,307
249,11,149,307
249,11,149,307
249,11,149,307
249,11,149,307
258,11,137,307
261,11,132,307
259,11,132,307
262,14,126,301
263,17,124,295
263,14,124,301
263,14,124,301
267,14,117,301
271,14,115,301
271,14,115,301
271,14,115,301
272,14,113,301
271,14,106,301
267,5,102,319
248,8,117,325
233,8,132,325
225,11,142,319
225,11,142,319
220,14,142,313
220,14,136,313
232,5,136,319
233,5,133,319
237,5,130,319
241,1,127,317
246,1,122,317
238,1,124,317
229,1,124,317
229,1,124,317
229,1,124,317
228,1,122,317
231,1,127,317
231,1,127,317
232,1,130,317
229,1,137,317
227,4,137,311
227,4,137,311
227,4,137,311
227,4,137,311
230,7,126,305
231,7,124,293
226,7,124,293
226,7,124,293
225,4,126,299
227,1,129,305
224,1,129,305
224,1,129,305
226,4,131,299
226,4,131,299
223,7,133,293
223,10,133,287
228,10,128,287
229,1,125,285
227,1,125,288
228,1,123,288
232,1,121,288
234,1,116,288
241,4,112,282
258,1,101,288
269,1,95,291
269,1,95,291
271,1,95,294
272,1,95,285
268,1,103,285
264,1,111,285
259,7,111,285
259,7,111,285
257,13,116,285
252,16,112,279
251,16,110,279
254,13,108,285
250,10,112,291
250,10,112,291
248,7,112,297
246,4,126,303
246,1,136,300
242,10,144,299
245,13,138,293
245,13,138,293
249,13,135,293
249,19,135,293
258,16,122,299
259,16,120,299
262,13,120,305
262,13,120,305
262,7,120,305
264,7,127,305
259,7,127,305
263,10,124,311
264,10,122,311
265,10,120,311
266,10,118,311
267,13,116,305
265,13,116,305
259,13,118,305
254,10,122,311
254,10,122,311
254,10,122,311
248,10,124,311
248,10,124,311
248,7,123,317
247,10,125,310
247,10,125,310
246,10,123,310
246,13,119,304
245,13,117,304
244,13,115,304
244,13,115,304
244,13,115,304
244,13,115,304
244,13,115,304
246,13,124,304
248,13,124,304
253,7,124,304
253,7,124,304
251,7,134,304
254,7,134,304
254,7,134,304
254,7,134,304
254,4,129,310
255,4,126,310
255,4,126,310
255,4,126,310
255,4,126,310
255,10,131,310
255,10,131,310
255,10,131,310
255,10,131,310
255,10,131,310
257,19,128,304
256,16,131,310
257,16,128,310
257,16,128,310
261,16,125,310
261,16,125,310
262,16,118,310
266,16,116,310
272,16,109,310
272,16,109,310
272,13,109,316
272,13,109,316
272,13,109,316
269,13,107,316
268,13,105,316
268,13,105,316
268,13,105,316
266,13,105,316
266,13,105,316
257,13,114,316
257,13,114,316
257,13,114,316
253,10,128,322
247,4,142,321
244,10,154,321
243,10,170,321
243,13,170,315
243,13,170,315
243,13,170,315
249,25,173,302
252,25,173,302
249,28,173,296
251,28,169,296
251,28,169,296
251,28,169,296
253,19,159,302
253,19,153,302
252,7,138,314
254,4,120,320
254,4,120,320
254,4,115,320
254,4,110,320
253,7,108,314
254,10,106,308
254,10,106,308
254,10,106,308
254,7,106,314
254,4,106,320
256,1,106,326
258,1,106,329
258,1,115,319
258,1,115,319
258,1,130,319
258,1,135,322
257,1,143,322
254,1,155,322
257,14,155,309
259,14,152,309
256,23,152,303
258,26,149,297
258,26,149,297
255,23,149,303
259,23,140,303
259,23,140,303
256,14,134,309
261,11,124,315
260,11,112,315
263,5,93,328
263,1,86,325
263,1,86,325
265,5,83,318
265,11,83,318
262,11,88,318
261,11,97,318
260,11,103,318
260,11,103,318
260,11,107,318
258,11,111,318
258,11,115,318
255,11,132,318
254,11,140,318
254,11,140,318
254,11,146,318
254,11,146,318
253,11,149,318
253,11,149,318
259,11,149,318
259,11,149,318
259,23,149,305
260,26,149,299
260,26,149,299
260,26,149,299
259,23,152,305
259,23,152,305
259,14,152,311
257,14,149,311
259,11,140,317
258,8,122,323
260,1,117,326
260,1,117,326
259,4,115,320
260,4,113,320
259,4,115,320
252,4,130,320
247,13,146,314
250,13,146,314
250,13,146,314
241,13,146,314
240,13,149,314
233,13,158,314
223,13,185,314
227,19,185,314
223,19,192,314
217,19,196,314
211,25,200,314
211,25,200,314
211,25,200,314
211,25,200,314
207,25,200,314
209,15,188,320
205,12,196,326
209,12,188,326
203,12,184,326
203,19,184,326
203,19,184,326
203,19,184,326
205,16,188,333
199,20,192,327
187,23,200,320
187,23,200,320
185,23,204,319
185,20,204,325
191,14,184,325
185,14,180,325
183,14,156,325
183,30,156,306
178,30,153,306
179,42,153,294
181,45,150,288
179,48,150,282
168,56,166,276
168,56,166,276
172,67,166,266
160,67,176,266
160,70,176,261
160,80,176,251
160,100,176,232
160,100,176,232
156,111,176,218
158,111,172,218
158,122,172,214
157,120,175,218
154,120,175,218
154,120,175,218
154,120,175,218
154,122,175,214
159,116,172,214
159,112,172,223
172,93,159,241
172,93,159,241
175,73,159,261
183,59,156,277
192,45,150,294
201,36,144,300
202,20,144,331
202,20,144,331
201,17,147,338
193,14,162,345
189,8,179,345
191,1,183,345
197,1,186,335
197,1,186,335
201,1,186,335
201,5,186,328
208,5,179,328
217,8,168,322
224,14,155,322
224,14,155,322
233,11,149,328
240,11,135,328
240,8,135,335
240,11,135,328
242,8,122,335
242,11,122,328
238,11,124,328
238,11,124,328
231,11,124,328
229,4,124,328
220,1,175,335
220,1,175,335
225,1,179,335
223,1,183,335
225,1,179,335
224,8,168,335
222,1,152,335
222,1,152,335
216,1,146,335
216,1,146,335
213,1,146,335
212,1,149,335
206,1,155,335
206,1,155,335
206,1,155,335
206,1,155,335
209,1,149,335
216,1,140,335
223,4,137,328
223,4,137,328
227,4,134,328
227,4,134,328
227,4,134,328
224,4,134,328
223,4,131,328
223,4,131,328
222,4,128,328
223,4,125,328
224,4,123,328
225,4,121,328
227,4,116,328
227,4,116,328
228,4,114,328
229,4,112,328
235,4,110,328
235,4,110,328
235,11,110,328
235,11,110,328
237,11,106,328
239,11,102,328
236,11,100,328
235,11,102,328
235,11,102,328
235,11,102,328
236,11,104,328
236,2,104,328
236,6,104,328
239,4,106,328
239,4,106,328
240,4,104,328
245,4,102,328
257,4,87,328
255,4,87,328
255,13,87,328
254,12,96,321
254,12,96,321
254,12,96,321
252,12,96,321
254,12,96,321
259,9,98,327
252,9,100,327
252,9,100,327
253,6,102,334
253,6,102,334
252,1,100,333
250,1,104,336
251,1,106,336
251,1,106,336
251,1,106,336
251,1,106,336
252,8,104,336
253,12,102,329
252,9,96,336
254,9,96,336
254,9,96,336
251,9,94,336
251,12,90,329
252,12,92,329
249,9,106,336
249,9,106,336
248,9,112,336
248,2,116,336
251,2,114,336
253,2,114,336
249,1,114,336
252,1,112,336
255,1,110,336
255,1,110,336
255,1,110,336
255,1,110,336
255,1,110,336
255,1,124,336
255,1,124,336
255,1,124,336
264,1,117,336
266,1,117,336
268,5,113,329
268,5,113,329
268,5,113,329
268,5,113,329
265,5,120,329
260,5,125,329
246,8,141,323
246,5,141,329
246,5,141,329
246,5,141,329
246,12,141,329
246,12,141,329
269,15,111,322
269,15,111,322
272,12,109,328
271,12,107,328
271,12,107,328
271,12,107,328
271,22,107,321
271,22,107,321
253,22,128,321
249,22,131,321
246,22,136,321
246,22,136,321
246,22,136,321
250,22,133,321
263,19,118,327
271,12,107,327
277,12,103,327
282,22,97,320
280,22,97,320
280,22,97,320
278,19,97,326
278,19,101,326
276,22,109,319
276,22,113,319
273,22,115,319
273,22,115,319
273,22,106,319
271,22,106,319
268,22,96,319
268,22,96,319
267,19,102,325
267,19,102,325
264,19,122,325
262,26,132,325
261,29,140,319
258,29,146,319
258,29,152,319
258,23,152,319
258,26,165,325
243,29,182,319
217,32,205,313
193,29,226,307
181,20,240,313
181,20,240,313
176,3,240,339
176,1,240,344
179,5,255,351
174,6,265,351
169,6,276,351
169,6,276,351
172,18,260,342
185,32,276,328
204,45,271,315
215,48,261,309
230,54,241,306
232,54,236,306
254,48,178,306
256,45,161,312
267,45,140,312
267,45,129,312
265,42,129,318
265,42,129,318
255,36,145,324
249,26,157,330
239,26,177,330
234,26,188,330
232,23,192,337
232,26,192,330
232,26,192,330
232,26,192,330
241,26,181,330
248,26,160,330
254,26,148,330
254,26,148,330
276,29,121,324
281,29,112,324
281,26,108,330
275,26,108,330
269,26,115,330
269,26,115,330
267,26,129,330
264,26,134,330
267,26,139,330
266,26,160,330
265,26,170,330
263,26,173,330
257,16,184,337
257,16,184,337
257,16,184,337
253,16,184,337
255,16,180,337
255,16,180,337
255,19,180,330
257,19,176,330
257,19,176,330
257,19,176,330
253,19,176,330
253,19,176,330
253,19,176,330
253,19,176,330
249,19,176,330
256,19,169,330
254,19,166,330
256,19,163,330
258,16,159,337
258,16,159,337
258,13,159,330
256,13,162,330
254,13,165,330
254,13,165,330
251,13,165,330
248,13,165,330
248,13,165,330
248,13,165,330
248,13,165,330
248,13,165,330
248,13,165,330
248,16,165,323
248,16,158,323
250,16,155,323
250,16,155,323
250,16,155,323
247,16,155,323
249,16,152,323
246,16,152,323
246,16,152,323
246,16,152,323
241,16,155,323
230,32,164,317
230,32,164,317
230,32,164,317
230,32,164,317
230,32,164,317
227,32,164,317
227,32,164,317
232,29,161,311
238,29,149,311
241,32,149,305
238,32,149,305
238,32,149,305
238,32,149,305
238,32,149,305
237,32,152,305
232,32,155,305
232,32,155,305
230,32,152,305
230,32,152,305
233,32,146,305
240,32,137,305
244,32,134,305
244,23,134,311
244,23,134,311
240,23,131,311
240,23,131,311
239,20,134,317
237,14,145,317
237,14,145,317
237,14,145,317
233,14,154,317
228,14,151,317
228,14,151,317
225,14,151,317
225,14,151,317
225,14,151,317
225,14,151,317
235,14,142,317
239,11,139,323
239,11,139,323
250,11,128,323
250,11,128,323
255,24,120,317
251,27,130,311
256,30,130,317
266,27,120,323
280,24,106,329
280,24,106,329
287,8,110,342
296,11,119,335
301,14,134,328
302,11,145,322
302,14,151,316
302,14,151,316
300,17,151,310
295,14,148,316
283,14,154,316
283,14,154,316
291,14,145,316
291,17,145,310
325,17,123,310
328,20,123,303
329,20,131,303
332,20,136,303
332,20,136,303
332,17,136,297
332,20,125,291
333,26,118,291
309,26,144,291
296,29,158,285
238,29,218,285
238,29,218,285
231,29,218,285
240,29,178,285
254,29,158,285
271,29,134,285
280,26,111,290
280,26,111,290
284,26,102,290
270,26,117,290
249,32,137,290
239,32,145,290
236,32,145,290
236,32,145,290
236,38,134,290
240,38,131,290
240,35,131,284
240,35,131,284
240,35,131,284
240,35,131,284
240,35,131,284
240,35,131,284
244,35,128,284
244,35,128,284
244,35,128,284
244,35,128,284
244,35,128,284
244,35,128,284
244,35,128,284
244,35,128,284
244,35,128,284
244,35,128,284
244,35,128,284
244,35,128,284
244,35,128,284
244,35,128,284
244,35,128,284
244,35,128,284
244,35,128,284
246,38,125,278
246,38,125,278
245,38,128,278
244,38,131,278
241,38,131,278
241,38,131,278
240,30,134,284
237,30,134,284
233,30,137,284
233,27,137,290
233,27,137,290
232,27,140,290
229,27,140,290
229,21,140,290
229,21,140,290
229,21,140,290
229,21,140,290
229,21,140,290
230,21,143,290
233,21,143,290
233,21,143,290
229,21,146,290
229,21,146,290
229,21,146,290
241,18,135,296
244,18,135,296
248,18,132,296
252,18,129,296
256,18,126,296
256,18,126,296
255,15,129,302
261,15,121,302
257,15,119,302
251,9,112,302
251,9,112,302
248,3,114,302
236,6,105,308
231,6,111,308
226,6,120,308
217,6,132,308
217,6,132,308
205,6,146,308
196,9,158,302
194,9,161,302
196,9,158,302
196,9,158,302
199,6,158,308
199,6,158,308
196,1,158,310
198,1,155,310
199,1,149,313
195,1,146,313
195,1,146,313
196,1,137,313
204,1,121,322
208,1,118,328
213,1,118,328
214,1,116,328
214,1,116,328
219,1,111,328
229,1,109,328
233,1,111,328
233,1,111,328
234,4,109,322
234,4,109,322
238,4,113,322
245,1,117,328
239,1,134,328
244,1,134,328
244,1,134,328
241,1,134,328
242,1,137,328
243,4,142,322
253,1,128,328
263,1,118,328
268,1,113,328
268,1,113,328
274,1,115,328
273,1,108,328
274,1,106,328
268,1,106,328
266,1,106,328
267,1,104,328
268,1,110,328
264,1,119,328
263,1,117,328
260,1,119,331
262,1,119,331
262,1,119,331
260,1,119,331
263,1,123,330
265,1,123,330
266,1,121,330
266,1,121,320
266,1,121,320
266,1,121,320
260,4,124,314
260,1,123,320
260,4,123,314
255,4,133,314
255,4,133,314
251,1,136,320
249,4,136,314
250,4,136,314
249,4,133,314
252,4,128,314
249,4,128,314
253,1,120,319
236,1,144,319
234,4,144,313
233,2,141,319
242,1,135,323
242,1,135,323
238,1,138,326
228,1,143,326
232,1,135,316
225,4,155,322
214,4,165,322
216,4,162,322
213,1,162,328
228,1,138,328
240,1,125,328
241,1,128,328
240,4,130,322
240,4,130,322
236,8,133,322
234,8,133,322
231,4,130,322
231,1,149,328
228,4,149,321
227,4,146,321
222,1,158,341
204,8,174,334
204,15,174,334
218,12,160,341
227,5,136,341
227,5,136,341
227,5,141,341
227,14,147,334
228,25,147,327
229,25,144,327
227,9,138,341
227,9,138,341
227,6,133,334
220,9,147,341
214,9,166,341
208,23,166,327
205,23,166,327
205,23,166,327
225,20,138,334
235,10,125,327
235,10,125,327
231,17,133,327
230,23,130,315
230,23,130,315
230,23,130,315
229,8,133,321
229,8,133,321
224,8,138,334
214,8,153,334
214,8,153,334
212,11,156,327
234,11,130,327
242,8,111,334
243,5,109,327
244,17,116,321
243,17,114,321
243,17,119,321
246,17,129,321
246,14,116,321
244,4,112,328
242,4,112,328
242,1,112,321
235,4,131,327
231,4,139,327
221,17,154,314
226,17,151,314
235,8,123,333
235,1,123,333
240,4,118,326
239,4,120,326
239,22,125,307
236,25,131,301
231,22,131,307
231,22,131,307
227,16,134,313
219,1,134,318
210,8,143,330
210,8,143,330
214,11,148,318
214,11,148,318
214,24,148,305
219,33,151,299
239,27,128,324
249,24,113,330
253,24,138,330
253,24,138,330
255,24,146,330
254,24,143,330
251,37,132,317
249,40,122,311
249,40,122,311
249,40,122,311
249,31,122,317
249,28,122,323
249,15,122,336
247,15,122,336
243,15,124,336
243,15,124,336
243,15,124,336
243,15,124,336
243,15,124,336
243,25,124,329
244,25,122,329
244,25,122,329
244,35,122,322
244,35,122,322
246,45,134,315
242,48,142,309
242,48,184,309
242,48,184,309
238,48,184,309
237,48,195,309
242,48,211,309
236,48,233,309
234,48,247,309
234,48,247,309
239,48,247,309
234,48,247,309
239,48,210,309
241,48,190,309
246,48,172,309
246,48,172,309
254,48,143,309
260,48,132,309
271,48,119,312
267,48,121,312
267,48,121,312
266,57,123,303
266,57,123,303
266,57,123,303
268,57,130,303
266,57,141,303
268,57,156,303
265,57,156,303
264,54,165,306
266,54,162,306
262,54,194,306
256,54,206,306
256,45,206,312
252,45,206,312
252,45,206,312
252,45,206,312
253,45,149,312
253,45,137,312
252,45,129,312
252,42,129,318
251,42,121,318
251,42,121,318
251,42,116,318
250,42,118,318
250,42,118,318
250,42,118,318
250,42,118,318
248,42,118,318
249,32,107,324
249,32,107,324
248,32,109,324
248,32,109,324
250,32,120,324
248,32,135,324
247,29,152,330
247,29,158,330
240,29,171,330
243,29,171,330
243,29,178,330
243,29,178,330
240,19,200,337
236,19,200,337
238,12,196,337
238,12,196,337
236,12,184,337
234,12,166,337
236,12,144,337
233,12,138,337
234,12,135,337
234,12,135,337
234,12,130,337
233,16,127,344
233,16,127,344
233,16,127,344
233,16,127,344
233,16,127,344
233,19,127,337
233,19,127,337
232,19,146,337
232,19,158,337
234,19,161,337
231,19,161,337
233,19,164,337
233,19,164,337
234,19,200,337
236,19,212,337
245,16,221,344
247,16,217,344
247,16,217,344
247,9,217,344
244,9,178,344
239,9,140,344
239,9,140,344
239,9,140,344
235,9,149,344
229,9,143,344
209,2,155,344
217,1,140,334
201,4,149,327
201,4,149,327
203,4,171,327
205,4,174,314
217,4,164,314
217,4,164,314
217,4,164,314
217,4,164,314
217,4,164,314
198,4,181,327
195,4,181,327
200,4,177,327
214,1,163,323
214,1,163,323
219,1,160,323
219,1,126,323
227,1,126,323
226,1,129,319
225,1,132,322
225,1,132,322
225,1,132,322
228,1,132,322
227,4,134,316
225,1,134,322
232,1,126,322
229,1,126,322
235,1,119,322
244,1,110,322
242,1,101,322
242,1,105,309
244,1,105,309
244,1,105,309
244,1,105,309
244,1,105,309
242,1,105,312
242,4,105,306
235,1,114,306
235,1,114,306
234,1,116,309
219,1,136,309
208,1,147,309
208,1,153,309
208,1,153,309
208,4,153,315
208,4,153,315
208,4,153,315
225,7,125,309
226,10,123,303
226,10,123,303
226,10,123,303
227,13,121,297
225,13,121,309
211,13,134,309
200,13,145,309
199,13,148,309
199,13,148,309
195,13,151,309
195,13,151,309
202,13,142,309
213,16,131,303
213,19,126,297
213,19,126,297
220,19,117,297
223,19,110,297
222,19,104,297
223,19,102,297
221,16,98,303
221,16,98,303
221,16,98,303
221,16,98,303
220,16,108,303
196,25,138,297
185,22,149,303
185,22,149,303
185,22,149,303
186,22,146,303
186,28,146,303
190,28,143,303
197,28,135,303
197,28,135,303
198,31,132,297
203,28,132,291
203,28,132,291
202,34,135,291
202,34,135,291
202,34,135,291
191,34,146,291
189,34,155,291
189,34,155,291
198,40,155,291
197,43,158,285
197,43,158,285
197,43,158,285
202,40,155,291
207,46,152,291
212,46,149,291
215,46,149,291
215,46,149,291
217,46,152,291
219,46,149,291
218,40,152,291
218,40,152,291
218,40,152,291
216,40,155,291
216,40,155,291
215,37,158,297
215,37,158,297
216,31,158,297
220,31,158,297
225,31,155,297
227,31,152,297
229,31,149,297
242,31,134,297
250,31,123,297
252,28,118,303
252,28,118,303
251,25,116,309
250,25,109,309
248,25,109,309
225,22,136,315
214,22,147,315
214,25,147,309
210,25,156,309
208,25,159,309
211,31,159,309
214,31,153,309
217,31,153,309
217,31,153,309
215,31,150,309
215,34,138,303
219,34,125,303
217,37,92,309
213,31,89,321
213,31,89,321
173,28,122,314
160,31,137,307
146,31,155,307
136,34,192,301
139,37,221,295
141,37,217,295
141,37,217,295
148,34,212,301
151,28,200,301
169,17,163,301
179,17,150,301
179,17,150,301
182,14,138,307
186,11,120,301
190,14,118,295
175,17,128,289
156,14,145,295
156,14,145,295
143,17,160,289
137,14,166,295
141,14,166,295
143,17,163,289
162,14,150,295
162,14,150,295
175,14,141,295
181,20,141,295
189,23,138,289
206,20,122,283
207,23,120,277
208,23,122,277
212,26,120,271
216,23,118,266
225,23,105,266
228,23,103,266
234,23,99,266
234,23,99,266
230,23,107,266
224,23,128,266
234,23,130,266
247,16,146,261
258,14,137,266
254,14,140,266
258,14,137,266
261,14,132,266
267,22,126,261
282,25,112,256
292,25,92,256
292,25,92,256
295,20,94,266
295,23,94,271
293,18,106,270
295,19,115,281
300,16,120,286
296,22,122,286
296,22,122,286
302,28,120,286
306,25,113,292
306,25,113,292
301,19,127,292
301,19,127,292
298,4,135,304
298,13,162,298
296,13,188,298
292,7,221,298
296,7,221,298
296,7,221,298
294,7,225,298
301,7,221,298
297,7,221,298
300,1,191,301
298,1,180,301
298,1,180,301
303,1,163,301
301,1,160,301
304,1,154,301
306,4,151,307
311,7,126,301
311,7,126,301
312,7,121,301
312,10,121,295
323,16,107,295
310,13,118,301
305,10,123,307
306,13,125,301
305,16,128,307
302,19,125,301
302,19,125,301
300,19,125,301
298,19,125,301
298,19,125,301
296,19,125,301
296,19,125,301
295,19,123,301
291,19,125,301
292,13,127,301
292,19,127,301
291,19,135,301
290,13,138,301
287,13,144,301
284,19,144,301
285,19,136,301
285,19,136,301
285,19,136,301
285,19,136,301
285,19,141,301
295,19,133,301
300,19,128,301
300,19,128,301
304,19,125,301
305,19,123,301
311,22,116,295
313,25,116,289
312,25,118,289
312,25,118,289
311,22,120,295
310,22,122,295
304,22,129,295
292,22,142,295
289,22,142,295
289,22,142,295
289,28,142,295
290,28,139,295
291,28,136,295
295,25,128,301
305,25,113,301
305,25,113,301
306,25,111,301
307,25,109,301
303,25,113,301
303,22,113,307
297,22,115,307
297,22,115,307
294,22,117,307
290,22,119,307
290,19,119,313
286,16,121,319
273,16,123,319
275,16,123,319
271,16,125,319
267,16,128,319
262,16,125,319
253,16,125,319
244,16,125,319
244,16,125,319
236,19,123,313
231,19,125,313
227,16,125,319
227,16,125,319
222,16,125,332
222,16,125,332
223,13,123,338
221,10,123,345
219,17,123,343
215,17,125,343
211,11,128,343
211,11,128,343
210,12,131,343
205,13,131,343
205,13,131,343
205,17,131,343
195,11,136,343
196,11,139,343
193,11,139,343
193,11,139,343
186,18,142,342
183,7,148,349
180,4,148,349
180,4,148,349
179,4,145,349
180,4,136,349
180,4,131,349
183,4,126,349
181,4,136,349
181,4,136,349
181,1,147,345
178,1,159,345
180,1,162,345
183,1,162,345
185,9,159,345
185,9,159,345
185,3,153,345
187,3,150,345
190,13,144,338
189,14,141,338
189,11,135,345
193,11,132,345
192,11,129,345
191,11,126,345
191,1,126,352
201,8,116,352
205,12,112,345
203,12,112,345
209,12,110,345
210,12,108,345
210,12,108,345
208,22,108,338
206,15,112,338
206,15,112,338
206,22,112,338
203,25,124,331
204,25,122,331
204,28,122,324
216,28,118,324
216,28,118,324
217,28,116,324
218,31,114,318
222,31,109,318
222,31,109,318
225,25,107,318
225,25,107,318
225,25,107,318
225,22,111,324
225,22,115,324
227,22,115,324
228,22,117,323
228,25,117,317
228,25,117,317
228,28,117,311
228,25,117,317
228,25,117,317
228,19,117,317
226,19,117,317
227,19,115,317
227,16,115,323
225,16,115,323
225,16,115,323
225,6,115,329
225,6,115,329
219,6,117,329
219,6,117,329
219,6,117,329
219,6,117,329
220,6,110,329
220,6,110,329
218,6,110,329
217,6,121,329
217,6,121,329
216,6,123,329
217,6,121,329
218,6,119,329
218,6,119,329
220,6,119,329
219,6,126,329
221,3,139,336
225,1,156,328
225,1,156,332
224,1,172,332
221,4,194,339
217,4,210,339
217,4,210,339
215,4,214,339
215,4,214,339
215,11,214,339
215,11,214,339
215,11,214,339
215,11,214,339
213,11,210,339
213,11,210,339
215,12,198,339
213,5,186,339
215,5,168,339
212,12,161,339
214,12,158,339
216,12,155,339
216,12,155,339
215,12,152,339
215,12,146,339
215,12,146,339
211,12,149,339
211,12,149,339
211,12,149,339
211,12,155,339
211,12,155,339
211,12,155,339
208,6,143,339
212,6,140,339
212,6,140,339
209,6,140,339
209,6,140,339
212,6,140,339
211,6,143,339
211,6,143,339
211,6,143,339
214,6,143,339
214,6,143,339
214,6,143,339
215,1,140,337
216,1,137,341
216,1,132,341
218,5,129,334
218,2,124,341
218,2,119,341
224,1,121,345
224,4,121,338
228,1,123,345
223,4,133,338
222,4,141,338
219,4,147,338
219,4,147,338
219,4,147,338
216,4,147,338
219,4,125,338
222,4,111,352
224,1,106,359
218,5,117,352
218,5,117,352
212,6,124,352
208,10,132,345
204,10,140,345
200,7,143,338
194,7,143,338
197,7,143,338
198,7,140,338
204,7,134,338
207,11,128,331
210,8,123,324
215,11,113,318
215,11,113,318
214,8,110,324
200,5,117,330
187,2,124,330
181,1,131,329
176,1,137,328
176,1,137,328
174,1,142,328
174,1,142,328
174,1,142,328
178,4,139,321
188,4,131,321
185,4,131,321
194,4,123,308
198,1,121,302
205,1,116,302
199,4,118,296
199,4,118,296
199,4,118,296
210,4,111,296
211,4,109,296
209,4,109,296
209,4,109,296
212,4,107,296
212,4,107,296
215,4,105,296
217,4,97,296
215,7,97,290
215,7,97,290
219,10,93,284
219,10,93,284
226,7,89,278
230,7,87,278
235,7,87,278
235,7,91,278
237,4,95,284
237,4,95,284
238,10,116,272
238,10,116,272
245,16,112,272
253,16,101,272
263,16,89,272
263,16,89,272
268,16,93,272
270,14,93,277
270,11,93,283
274,8,105,277
277,8,111,277
276,8,113,277
270,6,125,282
274,14,123,276
279,14,118,276
279,14,113,276
281,17,109,270
281,17,109,270
286,6,113,275
286,12,113,275
285,12,120,275
287,15,120,270
286,8,122,275
286,8,122,275
285,8,110,286
287,8,106,286
289,8,98,286
284,2,100,286
286,8,100,286
285,8,102,286
284,11,104,280
282,11,108,280
281,11,110,280
279,11,114,280
276,11,121,280
276,11,121,280
269,8,136,286
262,8,144,286
255,5,153,292
257,5,156,292
256,11,153,292
256,11,153,292
265,14,141,286
268,14,135,286
269,14,132,286
268,14,135,286
267,14,132,286
266,14,129,286
263,14,129,286
262,14,132,286
259,14,132,286
258,14,135,286
258,14,135,286
259,14,132,286
255,14,135,286
255,14,135,286
256,14,132,286
262,14,126,286
262,14,126,286
262,14,126,286
263,14,123,286
264,14,121,286
262,14,121,286
262,14,121,286
262,14,121,286
262,14,121,286
262,14,121,286
262,14,121,286
263,14,119,286
264,14,117,286
265,14,115,286
266,14,113,286
267,14,111,286
267,14,111,286
265,14,111,286
263,14,111,286
261,11,111,292
261,11,111,292
255,11,113,292
256,11,115,292
256,11,115,292
257,11,117,292
258,11,115,292
258,14,115,286
261,14,113,286
261,14,113,286
261,14,113,286
261,14,113,286
258,14,115,286
258,14,115,286
256,11,115,292
255,11,117,292
254,14,115,286
253,14,113,286
254,17,111,280
254,17,111,280
254,17,111,280
254,17,111,280
254,17,111,280
248,17,123,280
246,17,128,280
246,17,128,280
246,17,128,280
243,17,128,280
238,17,123,280
238,39,123,258
229,45,131,248
229,45,131,248
229,73,131,220
226,88,133,207
223,90,133,203
219,108,136,183
219,108,136,183
219,108,136,183
218,106,139,187
218,106,139,187
218,98,139,195
218,88,139,207
211,73,153,220
214,73,153,220
217,55,176,238
220,50,169,248
222,35,153,258
224,25,144,268
231,23,144,274
231,23,144,274
230,15,136,279
231,12,133,285
231,12,128,285
237,12,125,285
242,12,115,285
243,12,113,285
253,15,106,285
255,9,106,285
252,15,108,285
252,9,112,285
252,6,117,291
250,6,117,291
243,6,126,291
236,6,134,291
231,6,139,291
230,12,142,291
226,12,145,291
226,12,145,291
229,12,145,291
236,12,136,291
240,9,133,297
244,6,130,303
248,6,127,303
249,6,124,303
249,6,124,303
249,15,124,297
247,15,124,297
243,15,126,297
243,15,126,297
243,15,126,297
233,15,136,297
233,15,136,297
229,15,139,297
228,15,142,297
228,15,142,297
227,15,145,297
228,15,142,297
228,9,142,297
235,9,134,297
243,9,124,297
244,9,122,297
244,12,122,291
244,12,122,291
240,12,124,291
239,12,126,291
235,12,129,291
234,12,132,291
233,12,129,291
233,12,129,291
229,12,132,291
228,12,135,291
228,12,135,291
225,12,135,291
225,12,135,291
233,12,125,291
240,12,115,291
241,12,113,291
241,12,113,291
241,12,113,291
241,12,113,291
241,12,113,291
236,12,118,291
236,12,118,291
232,12,120,291
231,12,122,291
231,12,122,291
231,18,122,291
225,18,129,291
228,18,129,291
233,18,124,291
235,18,124,291
239,18,122,291
239,18,122,291
239,18,122,291
238,18,124,291
235,18,129,291
231,18,137,291
232,18,134,291
229,18,139,291
226,18,145,291
226,18,145,291
225,18,148,291
225,18,148,291
225,18,148,291
225,18,148,291
242,18,131,291
242,24,131,291
242,24,131,291
241,24,134,291
241,24,134,291
241,24,134,291
241,18,134,291
237,15,142,297
236,15,145,297
236,15,145,297
236,21,145,297
236,21,145,297
237,21,142,297
243,21,136,297
243,21,136,297
248,21,131,297
248,21,131,297
253,21,126,297
265,15,107,297
265,18,107,291
265,18,107,291
263,18,107,291
261,18,107,291
260,21,105,285
260,21,105,285
259,21,107,285
255,21,130,285
259,21,127,285
259,18,127,291
259,18,127,291
270,18,110,291
275,24,104,291
276,24,102,291
277,24,100,291
274,24,102,291
276,24,102,291
276,24,102,291
276,24,102,291
282,21,108,297
280,15,108,309
279,15,110,309
273,18,117,315
267,15,139,321
260,24,159,315
258,24,176,315
256,24,179,315
258,24,183,315
256,24,187,315
252,24,187,315
250,24,183,315
248,24,179,315
246,24,183,315
250,24,183,315
252,24,187,315
250,24,191,315
246,24,199,315
244,21,203,321
244,31,203,315
244,31,203,315
243,31,203,315
243,34,187,321
239,40,180,320
239,40,166,320
239,40,166,320
239,40,166,320
237,40,156,320
232,40,153,320
233,40,150,320
225,46,153,307
223,46,144,307
223,46,144,307
219,55,147,301
204,58,165,295
202,58,168,295
202,70,168,283
202,84,168,266
202,84,168,266
197,87,171,261
194,103,171,251
187,106,178,246
185,108,174,241
182,111,174,236
182,111,174,236
182,114,174,231
182,131,181,217
184,131,185,217
182,137,188,213
182,141,196,213
182,141,196,213
182,141,196,213
182,145,196,213
182,145,196,213
180,145,192,213
176,145,192,213
176,145,192,213
176,145,192,213
178,134,188,217
182,134,188,217
184,130,184,217
184,124,184,217
184,124,184,217
193,122,181,221
195,110,181,225
197,111,177,225
202,104,174,230
210,98,167,235
210,98,167,235
210,92,167,239
222,80,157,244
222,75,151,244
225,70,151,244
231,63,145,249
231,63,145,249
236,64,142,249
239,57,156,264
241,49,165,269
241,46,172,274
241,46,172,274
241,46,172,274
246,46,169,274
249,32,156,291
251,32,147,291
252,32,144,291
257,20,135,302
257,26,135,302
257,17,130,308
266,17,120,308
264,17,115,308
265,11,113,308
269,11,109,308
269,11,109,308
273,14,105,314
272,14,107,314
268,14,111,314
264,14,111,314
263,17,109,308
261,17,109,308
259,17,109,308
260,11,99,320
262,11,99,320
267,11,89,320
270,11,82,320
270,11,82,320
271,11,71,320
269,8,71,314
267,17,77,308
259,19,87,308
254,22,90,302
254,22,90,302
248,22,96,302
231,19,104,308
222,16,113,314
219,22,125,314
219,22,130,314
219,22,130,314
218,25,127,308
218,25,128,308
231,28,107,314
239,22,91,314
244,22,89,314
244,22,89,314
256,22,82,314
251,31,89,308
243,34,98,302
245,34,98,302
249,34,98,302
249,34,98,302
251,34,98,302
244,34,104,302
242,31,108,302
243,31,110,302
243,25,110,302
242,25,112,302
239,25,114,302
245,25,112,302
258,22,103,296
258,22,103,296
259,19,101,290
259,19,101,290
258,16,103,296
258,10,103,296
259,13,101,302
258,10,103,308
252,13,111,302
249,13,113,302
249,13,113,302
247,13,122,302
247,13,122,302
256,13,117,302
259,4,115,308
259,4,115,308
259,4,115,308
260,4,113,308
253,4,118,308
253,4,118,308
253,4,118,308
252,4,120,308
251,1,122,314
247,7,125,314
246,7,128,314
247,4,125,320
249,4,120,320
249,4,120,320
250,4,118,320
252,10,113,320
250,10,113,320
246,7,109,313
246,7,109,313
246,7,109,313
243,7,107,313
242,7,105,313
