598,370,100,226
596,371,102,235
599,376,100,235
600,379,102,230
602,379,102,230
602,374,106,230
602,374,106,230
604,373,110,225
605,374,112,225
608,370,112,225
607,368,114,230
613,364,111,230
622,360,102,229
638,360,87,229
641,356,85,229
640,352,88,228
644,351,92,233
642,346,92,233
647,340,94,229
651,334,98,233
658,325,98,233
662,321,104,232
666,321,106,232
665,321,108,232
654,321,117,232
644,321,119,232
641,326,121,232
644,340,116,223
644,340,116,223
642,336,121,232
654,334,112,227
669,329,99,227
681,330,93,227
699,317,81,227
699,324,81,222
702,310,84,226
704,307,89,226
702,305,96,222
706,293,100,221
709,293,106,221
708,293,108,221
705,304,115,217
706,304,118,217
709,312,121,209
715,312,119,209
717,312,119,209
720,310,117,213
730,310,110,213
739,304,105,218
749,304,97,218
748,308,99,218
748,312,103,218
750,312,103,218
751,310,101,222
750,318,103,221
748,322,107,221
747,322,114,221
746,326,116,221
746,328,116,217
748,328,116,217
749,328,118,217
758,330,118,213
762,328,118,218
765,324,123,218
765,326,123,214
770,326,120,214
775,317,122,214
784,310,117,210
791,293,112,210
801,283,106,214
801,283,106,214
806,275,100,214
807,271,94,214
810,263,92,214
810,259,88,214
811,255,86,214
811,255,86,214
814,245,81,218
815,241,76,218
816,241,72,218
815,239,69,222
815,245,72,227
815,247,72,222
817,248,72,222
818,249,72,226
815,256,73,222
814,252,74,221
814,248,74,221
814,250,74,217
812,242,73,217
811,233,74,221
811,232,75,216
810,226,75,221
808,226,74,221
808,226,74,221
801,228,74,217
797,224,75,217
795,224,74,217
794,220,71,216
794,220,71,216
794,220,71,216
795,220,72,216
796,218,74,220
798,226,74,220
799,229,72,215
798,227,75,220
798,227,75,220
799,232,75,220
799,233,76,220
796,238,77,220
795,241,77,216
792,241,77,216
790,241,79,216
785,247,81,212
780,247,82,212
772,247,85,212
766,249,85,208
760,249,85,208
760,249,85,208
754,247,82,204
747,243,81,204
743,245,78,200
737,239,76,204
737,239,72,204
738,239,71,204
730,241,72,208
724,246,75,207
718,246,75,207
714,246,75,207
709,252,75,203
708,252,76,203
706,248,75,203
702,244,78,203
701,244,79,203
702,240,80,203
703,240,81,203
704,240,83,203
706,240,81,203
712,240,79,203
719,244,75,203
727,244,74,203
737,244,71,203
737,244,71,203
748,244,70,203
756,244,67,203
763,244,67,203
765,242,70,207
768,248,71,203
768,248,71,203
774,248,72,203
774,248,76,203
775,241,77,203
777,238,77,202
774,237,77,198
774,237,77,198
773,229,78,198
773,229,78,198
773,229,78,198
774,229,76,198
776,233,76,198
777,233,74,198
777,231,71,202
778,231,65,202
780,231,60,202
775,235,60,202
768,237,60,198
769,237,60,198
763,237,61,198
753,237,68,198
743,237,74,198
735,237,75,198
727,239,75,194
727,239,75,194
718,239,77,194
709,245,77,190
702,245,77,190
699,241,75,190
702,241,70,190
702,241,70,190
703,243,67,187
703,247,63,187
705,247,59,187
710,243,51,187
708,243,49,187
708,243,49,187
703,243,49,187
699,243,49,187
692,250,60,180
690,252,65,176
687,255,67,176
687,255,67,176
685,261,66,176
680,267,67,176
677,272,69,172
678,273,66,172
674,278,69,169
674,278,69,169
675,280,68,166
671,280,67,166
670,279,64,169
669,275,60,165
666,274,57,168
668,274,55,168
669,270,49,164
669,265,45,164
667,259,46,164
662,253,48,164
657,249,60,161
657,249,60,161
655,248,65,158
651,245,67,158
646,247,66,155
639,242,69,158
634,239,65,158
634,241,65,155
632,241,64,155
631,246,62,152
632,245,60,155
635,248,58,155
641,245,51,155
641,245,51,155
645,246,46,155
646,248,45,152
650,248,37,152
652,253,34,152
649,255,35,152
649,255,35,152
643,260,44,152
637,267,52,149
632,272,49,149
626,276,49,146
620,277,52,146
619,277,53,146
615,277,51,146
611,277,53,146
607,275,53,146
605,272,49,146
601,271,48,143
601,271,48,143
601,268,44,143
601,270,43,140
601,270,43,140
609,268,37,140
608,268,38,140
608,268,38,140
604,266,40,140
602,266,45,140
597,271,54,137
595,273,57,137
593,279,60,134
591,279,61,134
590,284,61,134
588,286,61,134
587,289,62,134
586,292,61,134
585,289,57,134
585,290,57,131
586,290,56,131
587,290,53,131
589,290,45,131
589,290,41,131
593,290,35,131
594,290,34,131
595,290,34,131
595,287,35,131
591,285,40,131
591,282,44,129
591,280,47,129
591,280,47,129
591,280,47,129
589,282,50,126
591,282,52,126
596,282,51,126
602,282,49,126
602,282,49,126
607,280,47,124
611,276,47,124
616,272,46,126
622,274,44,123
626,274,44,123
626,274,44,123
631,272,44,123
636,265,42,123
641,262,41,121
644,261,42,123
648,262,45,121
648,262,45,121
654,264,47,121
662,264,47,121
668,268,45,118
672,267,42,120
674,268,41,118
673,268,41,118
673,271,41,116
672,269,42,116
671,268,44,118
670,267,45,116
668,267,47,116
668,267,48,116
667,264,47,114
667,264,43,114
666,260,43,114
668,261,45,112
672,255,45,114
672,255,45,114
677,256,44,112
681,254,44,112
686,254,44,112
693,255,43,110
702,256,42,108
701,256,42,108
710,256,42,108
719,260,41,108
726,261,40,110
734,264,39,108
742,265,38,106
743,266,37,108
749,265,37,110
754,265,37,110
760,265,38,110
765,263,38,110
771,261,38,110
771,263,38,110
778,261,37,110
783,261,37,110
788,261,37,110
790,261,37,110
790,259,40,110
790,259,39,110
788,259,41,106
790,257,39,106
787,254,37,106
782,252,36,106
775,250,38,106
775,250,38,106
770,248,39,106
767,249,40,104
767,251,40,104
768,253,40,104
770,255,40,104
770,255,40,104
772,259,39,104
773,260,38,106
772,261,37,104
769,263,36,104
768,265,36,104
768,265,36,104
767,268,36,106
766,271,36,104
765,271,35,104
764,271,34,104
760,271,35,104
760,271,35,104
756,271,34,104
752,272,33,102
748,273,33,104
744,273,33,104
740,273,34,104
740,273,34,104
735,275,35,104
732,278,34,102
730,278,34,102
728,278,33,102
726,281,33,100
726,281,33,100
726,282,32,102
725,284,33,102
723,283,33,104
722,284,33,102
721,284,34,102
721,287,34,100
721,287,33,100
720,289,33,100
720,289,33,100
720,289,33,100
719,289,33,100
719,289,33,100
716,288,34,102
715,287,34,104
714,288,34,102
715,289,33,100
714,289,33,100
714,289,33,100
713,289,33,100
713,289,33,100
713,289,33,100
709,289,33,100
708,289,33,100
708,289,33,100
706,290,33,98
704,290,34,98
702,292,34,98
700,292,34,98
699,292,35,98
699,292,35,98
698,292,34,98
697,295,33,96
695,295,34,96
694,296,34,94
692,297,34,96
693,297,33,96
691,297,34,96
690,298,33,94
688,298,34,94
687,300,35,94
685,300,36,94
686,300,34,94
684,300,35,94
682,298,35,94
681,298,34,94
679,298,33,94
677,296,33,94
677,296,33,94
676,294,32,92
672,293,33,92
668,291,34,92
666,290,36,94
663,290,36,94
662,289,37,92
660,289,38,92
658,293,39,92
657,293,39,92
657,293,39,92
657,293,39,92
657,293,39,92
657,293,38,92
655,293,38,92
654,291,37,92
653,291,37,92
654,289,35,92
654,289,35,92
652,289,36,92
650,293,37,92
655,293,32,92
655,293,31,92
653,293,31,92
653,293,31,92
650,291,32,92
650,289,31,90
650,285,32,92
651,285,32,92
653,287,32,92
652,287,32,92
654,287,32,92
653,287,32,92
653,288,32,94
652,286,32,94
652,286,32,94
652,286,32,94
652,286,32,94
651,286,32,94
648,284,32,94
648,284,30,94
646,282,29,94
646,282,29,94
645,282,26,94
642,281,25,92
641,280,23,94
638,279,23,92
635,279,23,92
635,279,22,92
630,279,22,92
627,279,22,92
627,279,21,92
625,281,21,92
624,281,22,92
624,281,22,92
624,283,22,92
625,283,23,92
628,285,23,92
629,285,23,92
629,288,22,92
629,288,22,92
629,288,22,92
629,288,22,92
629,288,22,92
629,288,22,92
629,288,22,92
628,287,22,94
627,289,22,94
626,290,22,92
625,290,22,92
623,291,22,94
623,291,22,94
623,291,22,94
623,293,22,94
624,294,23,92
625,294,23,92
625,294,23,92
626,294,23,92
627,294,23,92
628,294,23,92
629,295,23,90
629,294,24,92
631,294,24,92
631,294,24,92
631,294,24,92
632,292,24,92
632,292,24,92
632,292,24,92
632,292,25,92
631,292,30,92
631,292,30,92
631,292,31,92
631,294,32,92
631,293,32,94
631,293,32,94
630,293,32,94
630,293,32,94
629,293,32,94
629,293,33,94
628,292,31,92
628,292,31,92
629,290,30,92
629,290,30,92
629,290,29,92
629,290,29,92
629,290,29,92
629,290,29,92
629,289,30,94
634,289,24,94
634,289,22,94
634,289,22,94
633,289,22,94
633,289,22,94
633,291,22,94
633,291,22,94
632,291,23,94
632,291,23,94
632,291,23,94
631,291,24,94
631,291,24,94
631,291,24,94
630,290,25,94
631,287,25,94
632,286,25,94
632,284,26,94
632,284,27,94
632,284,27,94
632,284,27,94
634,281,28,94
635,280,28,96
635,280,28,96
635,283,28,96
635,283,28,96
634,286,28,96
633,288,27,96
633,288,28,96
633,288,28,96
634,285,28,96
634,285,28,96
634,280,29,100
635,279,28,96
637,278,28,96
637,275,29,96
638,272,30,96
639,272,30,96
639,269,30,96
640,265,29,98
642,265,30,98
646,265,29,98
650,264,29,100
650,264,29,100
656,268,28,98
659,271,28,98
663,273,28,100
666,276,29,100
669,274,30,104
669,274,30,104
672,279,29,100
673,279,28,100
674,279,28,100
677,279,28,100
680,277,28,100
680,277,28,100
680,277,28,100
679,277,29,100
678,274,30,100
677,274,30,100
677,273,30,102
677,273,30,102
677,274,31,104
679,278,30,102
680,279,29,100
680,280,29,102
680,280,29,102
680,280,29,102
681,279,28,104
681,282,28,104
681,282,28,104
680,283,28,102
677,281,27,102
678,281,28,102
675,279,30,104
678,276,27,104
678,276,27,104
678,276,27,104
678,276,27,104
678,276,27,104
678,276,27,104
676,276,29,104
674,274,32,104
673,273,34,102
671,274,35,100
672,274,36,100
670,274,36,100
668,274,36,100
667,274,36,100
664,274,36,100
664,274,36,100
664,274,36,100
661,272,37,100
660,270,37,100
658,271,36,98
658,266,33,100
657,269,32,98
657,269,32,98
656,269,32,98
660,269,28,98
662,268,26,100
662,268,27,100
658,270,27,100
658,270,27,100
658,269,31,98
654,268,37,96
650,267,40,98
646,265,43,98
641,265,44,98
641,265,44,98
638,265,42,98
635,265,42,98
634,265,43,98
632,267,44,98
632,267,42,98
632,267,42,98
633,269,40,98
637,269,39,98
639,272,37,100
642,271,36,102
645,274,35,100
647,274,33,100
648,274,33,100
649,274,31,100
654,272,26,100
652,271,27,100
649,270,30,100
649,270,30,100
648,269,31,100
645,267,32,100
642,264,34,100
639,260,35,102
638,257,35,100
638,257,35,100
635,253,36,100
636,253,32,100
634,252,34,102
634,253,33,100
636,256,32,100
635,256,32,100
641,258,28,102
645,260,28,102
648,258,29,102
651,258,30,102
655,255,29,102
655,255,29,102
653,257,33,102
650,260,38,102
648,265,40,104
646,268,41,102
646,268,42,102
644,268,42,102
643,268,42,102
640,268,42,102
637,270,42,102
634,272,41,102
633,273,41,104
633,273,41,104
633,273,40,104
633,273,40,104
632,271,40,104
634,271,37,104
634,273,36,104
634,273,35,104
636,273,33,104
637,273,33,104
638,273,33,104
638,273,33,104
638,275,33,104
638,275,33,104
638,279,34,104
638,281,34,104
633,285,37,104
634,290,36,102
636,291,35,104
636,291,35,104
635,293,35,104
634,295,34,104
633,297,33,104
632,299,32,104
634,300,31,102
635,300,30,102
638,301,28,100
638,300,28,102
638,300,28,102
638,300,28,102
638,299,29,104
638,299,29,104
635,297,33,104
632,295,35,104
630,292,37,102
628,291,38,100
627,288,40,102
627,288,40,102
627,288,40,102
629,290,39,102
629,293,41,104
633,294,40,102
637,294,39,102
637,294,39,102
641,294,39,102
645,295,37,104
647,299,35,104
647,302,34,106
648,306,33,106
648,306,33,106
648,306,33,106
647,306,33,106
643,304,34,106
640,307,34,104
635,308,35,104
635,308,35,104
632,310,36,104
629,310,36,104
625,306,36,104
622,304,35,100
618,299,36,102
618,299,36,102
616,296,33,104
617,294,31,104
616,293,30,102
615,292,30,100
614,291,29,102
614,289,29,102
611,288,30,104
610,287,32,102
607,288,35,100
606,288,37,100
604,291,40,98
604,291,40,98
603,292,38,100
601,294,39,100
599,296,39,100
599,296,40,100
597,296,40,100
597,296,40,100
593,295,40,102
593,295,38,102
592,291,38,102
591,287,38,102
593,287,36,102
592,287,36,102
594,285,36,102
594,285,36,102
595,285,36,102
597,284,37,104
600,281,38,102
600,281,38,102
602,281,39,102
605,279,40,102
609,277,38,102
613,277,38,102
617,277,37,102
617,277,37,102
620,276,38,104
624,279,36,102
631,280,31,104
635,281,30,102
639,281,29,102
639,281,29,102
638,277,30,104
636,276,31,106
635,279,31,104
635,279,31,104
634,283,33,102
634,283,34,102
630,288,35,100
626,290,37,100
620,290,39,100
613,290,39,100
604,291,41,98
604,291,41,98
594,292,42,100
586,294,41,100
577,296,40,100
570,296,40,100
564,293,39,102
564,293,39,102
556,289,40,102
549,289,34,100
542,286,33,100
534,285,31,100
529,285,28,100
529,285,28,100
521,284,29,102
514,282,29,102
509,283,28,100
505,287,28,98
501,289,28,100
501,289,28,100
495,292,27,96
492,294,26,94
492,292,26,96
492,286,24,96
488,285,25,102
488,285,25,102
484,285,26,102
480,282,28,102
481,282,26,98
479,282,27,98
479,283,27,100
480,283,26,100
480,283,26,100
480,283,26,100
480,283,28,100
479,280,32,100
480,277,33,100
480,277,34,100
479,277,35,98
478,274,37,100
477,274,38,100
476,274,39,100
477,276,40,100
477,276,40,100
481,278,41,100
484,280,39,100
490,281,38,98
497,283,38,98
503,283,36,98
503,283,36,98
509,280,36,98
516,278,34,98
523,277,32,100
529,280,29,98
537,284,27,96
538,283,26,98
544,283,24,98
548,285,25,98
553,285,25,98
556,285,25,98
559,284,25,96
559,284,25,96
559,284,25,96
559,284,26,98
562,286,24,96
565,287,23,98
567,289,22,98
567,289,22,98
569,289,23,98
570,290,23,96
571,288,23,96
572,288,24,96
572,288,24,96
572,288,24,96
572,286,24,96
571,286,25,96
571,284,27,96
573,284,30,96
576,286,31,96
576,286,31,96
579,289,33,96
582,293,36,94
587,292,37,96
590,293,35,96
592,297,36,98
592,297,36,98
592,301,37,96
593,302,38,100
596,306,38,96
600,307,37,98
603,308,35,96
602,308,35,96
604,308,35,96
609,308,32,96
611,308,31,96
612,309,31,98
616,310,29,96
616,310,29,96
621,310,26,96
624,309,25,98
627,310,25,100
631,315,24,96
634,318,24,96
634,318,24,96
637,317,24,98
637,318,25,96
638,320,26,96
636,320,28,96
635,322,27,96
635,320,27,96
635,320,27,96
635,317,27,96
635,317,27,96
634,320,26,94
634,319,26,96
633,320,26,94
631,322,27,94
633,323,27,92
632,325,26,92
630,327,27,92
630,326,28,94
630,326,28,94
630,327,29,92
626,329,32,92
625,331,34,92
624,331,35,92
622,330,36,94
621,331,36,92
621,334,37,90
619,334,38,90
620,334,37,90
619,334,37,90
619,334,37,90
619,334,37,90
619,334,37,90
622,334,35,90
623,334,33,90
625,334,30,90
627,335,28,92
627,335,28,92
627,333,29,92
627,337,29,92
627,337,29,92
627,336,29,90
625,338,29,90
625,336,29,90
625,337,29,88
625,336,30,90
624,337,28,88
623,335,28,88
623,335,28,88
623,335,27,88
622,335,27,88
620,337,26,88
619,335,25,88
616,337,25,86
615,339,25,88
615,339,25,88
613,342,24,87
612,344,24,87
612,344,24,87
611,343,24,89
611,346,26,88
610,346,27,88
609,349,28,88
609,349,29,88
607,351,29,88
606,351,29,88
603,350,30,90
603,349,30,88
602,345,32,90
600,344,33,90
599,343,34,88
600,341,31,88
600,343,30,88
600,342,30,86
601,342,30,86
602,341,31,88
602,340,32,86
605,340,30,86
609,337,28,88
609,338,28,86
609,337,28,88
609,339,28,88
609,339,29,88
609,335,30,88
611,337,31,88
610,337,31,88
611,338,30,86
612,337,30,87
615,337,30,87
618,338,30,89
622,339,29,87
622,337,29,87
625,338,28,88
628,342,27,86
631,345,26,86
634,347,25,86
636,349,25,86
636,349,25,86
636,349,25,86
636,349,26,86
637,349,27,86
637,349,28,86
635,349,30,86
635,349,30,86
633,349,31,86
630,350,31,84
627,350,34,84
626,348,36,84
625,347,36,86
624,348,34,84
623,346,34,85
620,345,35,85
620,343,34,86
620,341,33,86
619,341,34,86
619,341,34,86
618,341,33,86
616,340,34,88
616,343,32,86
615,345,32,86
612,347,33,86
612,347,33,86
612,347,33,86
613,351,32,83
613,354,32,83
615,355,31,81
618,355,31,81
618,355,31,81
620,354,32,83
624,350,32,85
627,350,31,85
631,350,30,85
634,350,30,85
634,350,30,85
636,351,29,83
639,349,29,83
641,349,29,83
643,348,28,85
647,346,26,85
646,347,26,83
650,345,26,84
652,341,27,86
656,342,27,85
659,342,28,85
663,342,27,85
662,342,27,85
663,340,27,83
666,338,28,83
668,338,29,83
671,339,29,81
674,338,29,83
674,338,29,83
677,340,30,83
678,340,32,83
681,343,31,81
685,343,32,81
689,342,31,83
689,344,31,83
692,345,30,81
693,345,30,81
695,345,30,81
697,345,30,81
697,343,30,83
697,342,30,81
697,342,30,81
697,342,30,81
698,342,30,81
699,342,29,81
700,342,28,81
700,342,28,81
700,342,28,81
700,342,28,81
700,342,28,81
700,344,27,79
699,345,27,77
698,346,27,79
698,346,27,79
696,346,27,79
696,346,27,79
695,345,28,81
694,344,29,80
693,345,29,78
691,345,29,78
691,344,28,78
689,343,29,77
689,341,29,77
689,343,29,77
689,343,29,77
690,343,29,77
690,343,29,77
690,343,29,77
690,343,29,77
691,343,29,77
691,343,29,77
691,343,29,77
692,343,29,77
693,343,29,77
693,340,29,77
693,340,29,77
693,340,29,77
691,340,29,77
689,340,29,77
686,340,29,77
684,340,29,77
683,339,28,75
683,339,28,75
682,337,28,76
680,335,28,76
677,336,28,74
674,335,29,75
671,334,29,75
671,334,29,75
669,334,29,75
669,334,29,75
670,337,28,74
670,342,28,74
672,347,27,72
672,346,27,73
675,349,26,71
678,348,27,72
677,351,29,76
677,351,29,76
679,351,28,75
679,351,28,75
679,351,28,75
677,347,27,75
677,345,27,73
674,343,29,74
675,345,28,71
675,345,28,71
674,342,28,72
673,340,28,74
672,338,28,74
671,336,28,74
670,334,28,74
670,334,28,74
670,334,28,74
670,334,28,74
670,334,28,74
670,334,28,74
670,334,28,74
670,334,28,74
670,334,28,74
673,335,27,73
674,336,27,73
676,337,27,73
678,341,26,73
678,341,26,73
678,345,26,73
676,347,28,75
674,351,27,72
671,353,27,72
668,352,27,72
668,352,27,72
665,349,27,72
664,346,27,72
662,346,27,72
660,345,27,73
659,346,27,73
659,347,27,73
657,347,27,73
655,344,28,74
651,341,28,76
647,339,29,75
642,337,29,74
642,337,29,74
638,337,29,74
634,338,29,73
632,338,28,74
630,339,27,73
629,342,27,73
629,342,27,73
629,345,26,71
629,346,26,71
627,351,26,71
626,354,27,71
626,354,28,71
625,354,28,71
624,357,29,73
623,358,30,73
622,360,30,73
621,359,31,74
621,358,30,74
621,358,30,74
619,358,31,72
617,357,30,72
618,355,30,72
617,352,30,72
617,352,30,72
617,352,30,72
618,349,30,74
619,347,30,74
618,344,32,74
623,345,28,74
624,346,27,73
624,346,27,73
624,346,27,73
626,346,27,73
626,346,27,73
627,344,28,73
627,343,28,73
627,343,28,73
628,347,27,70
629,349,27,71
630,351,28,71
628,354,27,73
626,356,28,73
626,356,28,73
623,357,27,72
621,357,27,72
619,354,28,73
616,353,29,73
612,353,28,72
612,353,28,72
609,351,29,72
607,351,29,72
608,348,29,74
609,346,28,73
609,344,28,73
609,344,28,73
608,341,28,73
608,341,28,74
607,340,29,75
605,340,30,73
604,341,30,72
604,340,30,72
604,341,29,72
604,341,28,71
602,342,28,71
602,341,28,71
602,338,28,71
602,338,28,71
601,334,29,74
600,337,29,71
600,338,28,71
600,341,27,70
600,343,26,70
600,343,26,70
600,345,26,71
599,347,26,70
597,347,26,70
595,345,27,72
595,342,27,72
595,342,27,72
596,342,27,72
597,342,27,72
597,342,27,72
598,343,27,72
602,344,26,71
602,344,26,71
603,344,26,71
605,344,26,71
607,344,26,71
608,346,26,71
611,348,25,70
611,348,25,70
613,351,25,69
614,351,25,69
615,352,26,68
615,352,26,68
615,352,27,68
614,352,27,68
615,352,28,69
616,349,27,69
618,349,27,69
618,349,27,69
619,349,27,69
619,349,27,69
622,350,26,68
623,349,26,68
624,349,25,68
625,349,24,68
625,349,25,68
625,349,25,68
626,349,25,68
626,349,25,68
626,349,25,68
626,349,26,69
627,347,26,69
627,347,25,69
628,347,24,69
628,347,24,69
628,344,24,69
629,343,24,70
629,343,24,68
629,343,24,68
629,343,24,68
629,343,24,68
629,343,24,68
629,343,24,68
629,343,24,68
629,343,24,68
629,343,24,68
629,343,24,68
631,344,23,67
632,343,23,66
632,343,23,66
632,343,23,66
632,343,23,66
632,343,24,66
632,343,24,66
632,342,25,65
633,342,25,65
633,342,25,65
633,342,25,65
634,342,25,65
634,342,25,65
635,342,24,65
635,343,24,65
636,343,24,65
636,343,24,65
636,343,24,65
636,343,24,65
635,343,24,65
634,343,24,65
634,343,24,65
634,343,24,65
632,343,24,65
631,344,24,65
632,343,23,64
631,344,22,64
630,343,22,63
629,343,22,63
628,343,22,63
628,343,22,63
628,344,22,63
628,344,22,63
628,344,22,63
628,344,22,63
628,344,22,63
628,344,22,63
628,344,22,63
628,344,22,63
627,344,22,63
627,344,22,63
627,345,22,63
627,346,22,63
627,346,22,63
628,346,21,63
627,346,21,63
626,347,21,62
625,347,21,62
625,345,21,62
624,345,21,62
622,343,21,62
622,343,21,62
621,341,21,62
619,340,21,62
617,340,21,62
615,340,21,62
610,342,21,61
610,342,21,61
608,343,21,61
606,343,21,62
602,340,22,61
600,340,22,60
599,340,20,60
599,340,20,60
598,340,20,60
597,340,20,60
596,342,20,59
596,344,19,58
594,348,19,57
594,347,19,58
593,351,18,58
591,351,19,58
590,351,19,58
588,353,19,58
588,353,19,58
588,353,19,58
588,353,19,58
585,355,19,57
583,357,19,57
581,358,19,56
576,357,21,57
576,357,21,57
576,356,21,58
577,356,21,59
578,356,21,59
580,356,21,59
582,355,21,59
582,355,21,59
584,353,21,60
586,353,21,60
588,352,19,60
591,352,18,60
595,352,17,60
594,352,17,60
597,352,16,60
596,352,16,60
596,353,17,60
594,353,17,60
592,353,17,60
592,353,17,60
590,353,17,60
588,353,17,60
587,353,17,60
586,353,17,60
585,353,17,60
585,353,17,60
584,353,17,60
583,352,17,60
583,352,17,60
582,352,17,60
581,352,17,60
582,351,16,61
580,352,16,61
579,352,15,61
578,352,15,61
578,352,16,61
577,352,16,61
577,352,16,61
575,352,18,61
574,352,19,61
571,352,23,61
568,352,25,61
567,352,26,61
567,352,26,61
567,352,26,61
567,352,26,61
567,352,26,61
567,352,26,61
567,352,26,61
567,352,26,61
567,352,26,61
567,352,26,61
567,352,26,61
567,352,22,61
566,352,21,61
566,352,21,61
565,353,20,61
564,353,19,61
563,353,19,61
562,353,19,61
561,353,19,62
560,353,19,62
557,353,22,62
555,353,24,62
554,353,25,62
553,353,25,62
554,353,26,62
554,353,26,62
554,353,26,62
554,353,25,62
555,353,24,62
554,353,23,62
554,352,20,63
554,352,20,63
553,352,19,63
552,352,18,63
551,352,17,63
547,352,21,63
544,352,23,63
544,352,23,63
542,352,23,63
537,352,27,63
535,352,29,63
534,352,30,63
533,352,31,63
532,352,31,63
531,352,31,63
529,353,31,62
528,352,31,62
530,352,28,62
529,352,26,62
529,352,26,62
528,352,25,62
528,351,22,62
527,350,21,63
527,350,18,63
523,350,21,63
522,350,21,63
518,349,23,63
514,349,26,63
511,349,29,61
511,349,29,61
511,349,29,61
511,349,29,61
511,349,29,61
511,349,28,61
511,349,28,61
511,349,28,61
509,349,26,61
509,349,26,61
509,349,22,61
509,349,21,61
508,349,21,61
505,349,21,61
503,349,21,61
503,349,21,61
498,349,27,61
497,349,28,61
497,349,28,61
497,349,28,61
497,349,28,61
497,349,28,61
495,350,30,60
495,350,30,60
495,350,30,60
495,350,30,60
497,350,26,60
497,350,26,60
495,349,26,61
498,349,21,61
495,349,19,61
495,349,19,61
495,349,19,61
495,349,19,61
495,349,19,61
487,350,27,61
488,352,26,60
488,354,27,60
489,354,27,61
488,354,27,61
488,354,27,61
488,354,27,61
489,354,27,61
489,354,27,61
491,353,25,61
491,353,25,61
492,353,23,61
492,353,23,61
493,353,21,61
492,353,21,61
492,353,22,61
491,353,22,61
491,353,23,61
490,353,24,61
489,353,25,61
490,354,26,62
490,354,26,62
490,354,26,62
489,354,27,62
489,354,29,62
490,354,28,62
490,354,26,62
490,354,25,62
490,354,25,62
490,354,24,62
489,353,23,62
487,353,21,62
486,352,21,63
484,352,21,63
484,352,21,63
481,351,21,64
479,352,22,64
477,352,22,64
473,352,26,64
473,353,27,63
472,353,27,63
471,353,27,63
469,353,28,63
468,353,28,63
468,354,29,63
468,354,27,63
468,354,26,63
468,354,23,63
468,354,20,63
467,354,19,63
466,353,19,64
464,354,19,65
464,354,19,65
463,354,19,65
458,354,24,65
455,354,26,65
453,354,28,65
453,354,29,65
453,355,29,64
451,355,31,64
451,355,32,64
451,355,33,64
449,355,33,64
450,355,32,64
450,354,32,64
449,354,32,64
449,354,30,64
448,354,26,64
448,354,24,64
448,354,23,64
448,354,23,64
447,354,21,64
445,353,21,64
445,353,21,64
444,353,22,64
442,353,23,64
442,353,23,64
442,353,23,64
441,353,23,64
441,353,23,64
442,353,22,64
443,352,21,64
442,352,21,64
442,352,21,64
442,352,21,64
442,352,21,64
442,352,21,64
442,352,21,64
442,352,21,64
443,352,20,64
443,352,20,64
443,352,20,64
443,352,20,64
443,352,20,64
443,352,20,64
443,352,20,64
443,352,20,64
443,352,20,64
443,352,20,64
442,352,20,64
442,352,20,64
442,352,20,64
442,352,20,64
442,352,20,64
442,351,20,64
442,351,20,64
441,351,20,64
440,351,20,64
439,351,20,64
439,351,20,64
438,351,20,64
437,351,20,64
437,351,20,64
437,351,20,64
437,351,20,64
437,351,20,64
437,351,20,64
436,351,20,64
436,351,20,64
435,351,20,64
434,351,20,64
434,352,20,63
434,352,20,63
434,352,20,63
434,352,20,63
434,352,20,63
434,352,20,63
434,352,20,63
434,352,20,63
434,352,20,63
434,352,20,63
434,353,20,64
435,353,20,64
435,353,20,64
435,353,20,64
436,352,20,64
436,352,20,64
436,352,20,64
436,352,20,64
436,352,20,64
436,352,20,64
436,352,20,64
436,352,20,64
436,352,20,64
436,352,20,64
436,352,20,64
437,352,20,64
437,352,20,64
437,352,20,64
437,352,20,64
438,352,21,64
437,352,21,64
437,352,21,64
438,352,21,64
438,352,21,64
438,351,21,64
438,350,21,64
438,349,24,64
437,349,26,64
437,349,27,64
437,349,27,64
437,349,27,64
437,349,27,64
437,349,27,64
437,349,26,64
435,349,26,64
435,349,26,64
434,349,27,64
433,349,27,64
433,349,27,64
433,349,27,64
435,349,25,64
435,348,25,64
435,347,25,64
436,347,24,64
437,347,23,64
438,347,22,64
439,347,21,64
439,347,21,64
438,347,21,64
438,347,21,64
438,347,21,64
438,347,21,64
438,347,21,64
438,347,21,64
438,347,21,64
438,347,20,64
438,347,20,64
438,347,20,64
438,347,20,64
438,347,20,64
438,347,20,64
438,348,20,64
438,348,20,64
438,348,20,64
438,348,20,64
438,348,20,64
438,348,20,64
438,348,20,64
439,349,20,64
439,350,20,64
439,350,20,64
439,351,20,64
439,351,20,64
439,352,20,64
439,352,20,64
439,352,20,64
439,352,20,64
439,352,20,64
439,352,20,64
439,354,20,63
439,354,20,63
439,354,20,63
440,354,20,63
440,354,20,63
440,354,20,63
440,354,20,63
440,354,20,63
441,354,20,63
441,354,20,63
441,354,20,63
441,354,20,63
441,354,20,63
442,354,20,63
442,354,20,63
441,354,20,63
441,354,20,63
441,354,20,63
440,354,20,63
439,354,20,63
439,354,20,63
437,354,21,63
436,354,23,63
433,354,24,63
432,354,25,63
432,354,25,63
432,354,25,63
431,354,25,63
431,354,25,63
431,354,25,63
431,354,25,63
431,354,25,63
431,354,25,63
431,354,25,63
431,354,25,63
431,354,25,63
431,354,25,63
431,354,25,63
431,354,23,63
430,354,23,63
429,354,23,63
428,354,23,63
427,354,22,63
427,354,22,63
424,354,22,63
423,354,22,63
423,354,22,63
422,354,22,63
421,354,22,63
420,354,22,63
419,353,22,63
419,353,23,63
419,353,23,63
418,353,23,63
418,353,23,63
418,353,23,63
418,353,23,63
417,353,23,63
416,353,20,63
416,353,20,63
415,353,20,63
414,353,20,63
413,352,21,64
407,353,25,64
407,353,25,64
406,353,25,64
405,353,25,64
403,353,27,64
402,353,27,64
402,353,28,64
402,353,28,64
401,353,29,64
400,356,30,63
400,356,30,63
400,356,29,63
399,356,27,63
399,356,27,63
400,356,26,63
399,356,24,63
398,356,22,63
398,356,21,63
396,356,21,63
396,356,21,63
395,356,21,63
393,356,23,63
393,356,23,63
392,356,23,63
391,356,24,63
391,356,24,63
391,356,25,63
391,356,25,63
391,356,25,63
391,356,25,63
392,356,24,63
392,354,23,64
392,354,21,64
393,354,21,64
393,354,21,64
394,354,21,64
394,353,21,65
394,353,21,65
392,352,23,66
392,353,25,65
391,353,27,65
390,353,30,65
389,354,33,65
390,354,33,65
392,354,33,65
395,354,32,65
395,354,32,65
396,354,32,65
396,354,32,65
396,354,32,65
398,352,28,66
399,352,27,66
401,351,24,68
401,351,24,68
401,351,24,68
401,351,24,68
401,351,24,68
401,351,24,68
401,350,24,69
401,351,24,69
401,352,25,69
401,352,25,69
401,352,26,70
401,352,26,70
401,352,26,70
402,352,26,70
404,352,25,70
405,352,25,70
405,352,25,70
405,352,26,71
408,351,26,71
410,350,24,70
409,350,25,70
409,350,25,70
410,350,26,70
410,350,28,70
411,350,30,70
412,350,31,70
413,350,31,70
413,350,31,70
416,350,31,70
419,350,31,70
423,350,31,70
425,350,32,68
429,350,31,68
428,350,31,68
430,350,31,69
431,352,30,69
431,354,30,69
432,355,29,68
432,355,26,68
431,355,26,68
428,355,27,68
426,355,27,68
424,354,27,68
422,355,26,68
419,356,26,68
419,356,26,68
419,357,26,69
418,357,26,70
418,357,25,70
417,358,25,69
416,357,26,69
416,357,25,69
417,357,24,69
416,356,24,69
416,356,25,69
416,356,25,69
415,357,25,68
415,357,25,68
414,354,25,69
413,353,25,70
413,353,23,70
413,353,23,70
415,352,21,70
415,352,21,70
414,352,22,70
414,352,23,70
412,351,25,70
410,351,29,70
408,351,32,70
406,351,34,70
407,351,34,70
409,352,33,69
409,349,33,69
409,347,32,68
409,343,33,71
409,344,33,70
409,344,33,70
409,344,33,70
409,344,33,70
411,345,31,69
410,345,27,69
410,345,27,69
411,343,27,71
410,343,27,72
411,346,26,71
414,350,25,68
414,351,27,68
414,351,27,68
412,352,27,68
411,350,28,71
411,348,28,70
411,348,29,68
411,348,29,67
411,348,30,67
411,348,30,67
411,348,30,67
416,348,28,68
416,348,27,68
416,348,26,68
416,348,25,68
416,346,25,70
415,346,25,70
415,345,25,70
415,344,25,70
416,345,24,67
416,344,24,68
413,346,27,68
408,347,32,67
408,346,33,68
407,345,34,69
406,346,35,69
407,346,34,69
407,346,34,69
407,346,34,69
407,347,35,70
408,347,34,71
408,346,32,71
408,346,32,71
409,346,31,71
408,346,28,71
407,347,26,72
406,347,26,72
406,347,26,72
405,347,26,72
405,347,26,72
403,347,26,72
403,347,26,72
400,347,29,72
399,347,29,72
399,347,29,72
399,347,29,72
398,347,29,72
398,347,29,72
398,347,28,72
399,347,27,72
398,346,27,72
399,346,26,72
397,346,26,72
396,346,26,72
395,346,26,72
394,346,26,72
394,346,26,72
391,345,28,72
390,345,29,72
384,345,33,72
383,345,33,72
381,345,34,72
380,345,35,72
378,345,35,72
378,345,34,72
379,345,33,72
379,345,33,72
379,343,33,73
379,343,33,73
380,343,32,73
379,343,31,73
378,343,30,73
378,343,29,73
377,343,27,73
377,343,27,73
379,344,25,72
376,343,27,72
377,343,28,72
377,342,29,73
377,342,30,73
377,342,30,73
378,341,30,76
379,341,29,76
378,342,29,74
378,342,29,74
378,342,29,74
378,342,29,74
378,342,29,74
379,342,28,74
378,342,28,74
378,342,27,74
376,341,27,74
376,341,27,74
376,341,27,74
376,341,27,74
376,341,27,74
376,340,27,74
376,340,27,74
375,340,28,74
371,339,32,74
370,339,34,74
369,339,35,74
369,337,35,75
368,337,35,75
368,337,35,75
368,337,35,75
369,336,35,75
370,336,35,75
370,336,35,75
370,336,35,75
370,336,35,75
371,335,34,75
370,335,32,75
372,334,29,77
371,334,29,77
371,332,29,77
370,332,29,77
370,332,29,77
370,334,29,77
369,334,29,77
369,334,29,77
368,334,29,77
368,334,29,77
368,334,29,77
368,334,29,77
368,334,29,77
367,334,29,77
367,334,29,77
367,334,29,77
367,334,29,77
367,334,28,77
367,334,27,77
366,334,25,77
367,334,24,77
367,334,24,77
367,334,24,77
367,334,24,77
367,334,24,77
360,334,32,77
360,334,33,77
360,334,33,77
360,334,34,77
361,334,34,77
361,334,35,77
364,332,36,77
366,332,36,77
366,332,36,77
368,332,36,77
369,332,36,77
369,332,36,77
369,332,36,77
369,332,36,77
374,331,30,79
376,331,27,79
378,330,24,79
378,329,24,79
378,329,24,79
378,329,24,79
375,327,28,79
373,327,30,79
371,327,34,79
371,327,36,79
373,327,37,79
373,324,38,81
374,324,37,81
375,323,37,83
376,323,36,83
378,322,32,81
379,322,31,81
378,320,29,81
378,320,29,81
380,319,27,83
381,319,27,80
380,319,27,80
381,319,26,80
375,319,29,80
374,319,30,80
371,319,33,80
369,320,35,78
369,320,37,78
369,319,38,80
366,319,38,80
366,319,38,80
365,320,38,80
365,320,38,80
364,319,37,82
363,319,37,82
364,318,35,79
364,318,35,79
365,318,33,79
365,318,29,81
366,318,27,81
364,318,28,81
364,318,28,81
364,318,28,81
359,318,30,81
356,318,31,81
353,318,32,81
350,321,35,81
348,322,36,83
348,323,36,81
346,325,36,81
346,326,36,81
347,330,35,79
347,330,32,82
348,333,31,82
348,332,30,84
349,336,29,82
351,335,28,84
353,333,27,84
354,331,28,86
356,331,28,86
355,331,29,86
353,334,32,86
353,339,34,83
354,344,35,80
357,343,35,82
357,340,36,82
357,340,36,82
357,338,36,84
355,336,37,83
356,331,36,83
356,328,35,83
355,328,34,83
355,328,34,83
353,327,33,86
353,329,31,85
350,331,31,85
349,331,30,85
348,329,30,85
348,329,30,85
346,328,31,87
345,328,31,87
344,328,31,87
344,326,31,87
343,327,32,89
345,327,30,89
344,327,30,89
344,325,30,89
344,327,30,89
343,327,30,89
343,327,30,89
343,327,30,89
343,327,30,89
343,327,30,89
343,327,30,89
343,327,30,89
340,325,30,89
340,325,30,89
340,325,30,89
340,325,30,89
339,325,30,89
339,325,30,89
339,325,30,89
339,325,30,89
337,325,30,89
337,325,30,89
331,325,33,89
330,325,34,89
329,325,34,89
329,325,34,89
329,325,34,89
328,325,33,89
326,325,32,89
325,325,32,89
325,324,32,91
325,324,32,91
325,324,32,91
324,324,32,91
324,324,32,91
322,324,34,91
322,324,34,91
322,324,34,91
322,324,34,91
322,324,34,95
321,324,34,95
320,324,34,95
320,324,34,95
320,324,34,95
320,324,34,95
320,324,34,95
320,324,34,95
320,324,34,95
320,324,34,95
320,324,34,95
320,324,34,95
320,324,34,95
320,323,35,97
320,323,35,97
320,323,35,97
320,323,35,97
320,323,35,97
318,323,35,97
318,321,35,97
317,321,35,97
316,321,35,97
316,321,35,97
314,321,35,97
313,321,35,97
313,321,35,97
312,321,35,97
311,321,35,97
311,321,35,97
311,321,35,97
311,319,35,97
311,319,35,97
309,319,35,97
308,316,35,99
308,316,35,99
308,316,35,99
308,316,35,99
305,315,35,101
305,315,35,101
305,315,35,101
305,315,36,101
304,315,36,101
303,316,37,103
303,316,37,103
302,315,37,105
302,317,37,105
302,317,37,105
302,317,37,105
302,317,37,105
302,317,37,105
302,317,37,105
302,317,37,105
302,317,37,105
302,317,37,105
302,317,37,105
302,317,37,105
302,317,37,105
304,317,37,105
304,317,37,105
304,317,37,105
304,317,37,105
304,317,37,105
303,316,38,107
302,317,39,109
302,317,40,109
302,319,40,109
302,319,40,109
302,319,40,109
302,319,40,109
302,319,40,109
302,319,40,109
302,319,40,109
302,319,40,109
302,319,40,109
302,319,40,109
302,319,40,109
302,319,40,109
302,319,40,109
302,319,40,109
302,319,40,109
300,319,40,109
300,319,40,109
300,319,40,109
300,319,40,109
299,319,40,109
299,319,41,109
299,319,41,109
298,319,41,109
298,319,41,109
298,319,41,109
298,315,41,113
298,315,41,113
298,315,41,113
299,315,41,113
299,315,41,113
300,315,41,113
300,315,41,113
301,315,41,113
302,315,41,113
302,315,41,113
302,315,41,113
302,315,41,113
302,315,41,113
303,315,41,113
303,315,41,113
304,315,41,113
304,315,41,113
304,315,41,113
304,315,41,113
304,315,41,113
304,315,41,113
304,315,41,113
304,315,41,113
304,315,41,113
304,315,41,113
304,315,41,113
304,315,41,113
305,315,41,113
305,315,41,113
305,315,41,113
307,315,41,113
310,315,41,113
311,315,41,113
312,315,41,113
312,315,41,113
313,315,41,113
313,315,41,113
313,315,41,113
313,315,41,113
313,315,41,113
313,315,41,113
313,315,41,113
313,315,41,113
313,315,41,113
313,315,41,113
315,315,41,113
315,315,41,113
315,315,41,113
316,315,41,113
316,315,41,113
316,317,41,113
316,317,41,113
316,317,41,113
317,317,41,113
317,317,41,113
317,317,41,113
317,317,41,113
317,317,41,113
317,317,41,113
317,317,41,113
317,317,41,113
317,319,41,113
317,319,41,113
317,319,41,113
317,319,41,113
317,319,41,113
317,319,41,113
317,319,41,113
317,319,41,113
318,319,41,113
318,319,41,113
318,319,41,113
318,319,41,113
318,319,41,113
318,319,41,113
318,319,41,113
318,319,41,113
318,319,41,113
318,319,41,113
318,319,41,113
320,319,39,113
321,319,38,113
321,319,38,113
321,319,38,113
321,319,38,113
321,319,38,113
321,319,38,113
321,319,38,113
321,319,38,113
321,319,38,113
321,319,38,113
321,319,38,113
322,319,38,113
322,319,38,113
322,319,38,113
322,319,38,113
322,319,38,113
321,319,38,113
316,316,41,115
312,316,43,115
312,316,43,115
310,316,44,115
309,314,45,115
307,314,46,115
306,317,45,113
305,317,45,113
305,317,45,113
305,317,45,113
304,319,45,113
303,319,45,113
303,319,45,113
303,319,45,113
303,319,45,113
305,319,44,113
308,319,42,113
308,319,42,113
308,319,42,113
309,319,41,113
310,319,40,113
312,319,36,113
311,319,36,113
311,319,36,113
313,321,34,113
313,321,34,113
313,321,34,113
313,321,34,113
310,321,36,113
310,321,36,113
310,321,37,113
310,321,38,113
310,321,38,113
310,321,38,113
310,321,38,113
310,321,38,113
310,321,38,113
310,321,38,113
310,321,38,113
310,321,38,113
310,321,38,113
310,321,38,113
310,321,38,113
310,321,38,113
310,321,38,113
310,321,38,113
311,318,38,115
311,318,38,115
306,318,42,115
304,318,45,115
301,318,47,115
300,318,48,115
299,318,49,115
298,318,50,115
298,315,50,117
297,313,50,117
297,313,50,117
297,313,50,117
297,313,50,117
297,313,50,117
297,313,50,117
301,313,48,117
301,313,48,117
301,313,48,117
301,313,48,117
303,313,46,117
304,313,45,117
303,313,43,117
303,313,43,117
307,313,37,117
307,313,33,117
308,313,29,117
308,313,29,117
308,313,29,117
308,313,29,117
301,313,38,117
297,313,42,117
296,313,44,117
296,313,47,117
298,312,48,119
298,312,48,119
301,311,48,117
303,309,49,117
307,309,48,117
311,308,48,119
315,307,48,117
315,307,48,117
316,307,46,117
320,307,43,117
323,307,39,117
327,304,36,119
329,303,36,121
328,303,36,121
331,302,36,119
329,302,40,119
332,302,43,119
336,302,43,119
337,302,45,119
337,302,45,119
339,302,47,119
339,302,49,119
342,302,49,119
342,301,50,121
342,300,51,123
342,300,51,123
345,300,50,118
345,300,50,118
345,300,50,118
345,300,50,118
345,300,50,118
345,300,50,118
344,299,39,120
342,299,36,120
337,297,37,120
337,295,38,120
333,295,36,120
333,295,36,120
326,293,41,120
322,293,44,120
319,293,47,120
317,294,48,118
314,294,51,118
313,295,51,116
311,295,51,116
309,295,51,116
309,295,51,116
309,295,51,116
309,295,46,116
309,295,46,116
309,294,41,119
309,296,36,119
308,296,33,119
307,297,29,122
305,299,28,122
305,299,28,122
296,302,35,120
291,304,40,120
288,304,43,120
286,304,45,120
286,304,46,120
286,304,46,120
285,304,48,120
286,302,49,120
286,299,50,122
286,299,50,122
287,299,46,122
288,299,45,122
288,298,42,120
289,298,37,120
285,298,36,120
284,299,35,118
282,299,35,118
282,299,35,118
278,298,35,120
271,298,38,120
268,298,40,120
265,299,44,118
264,300,46,116
264,300,46,116
264,300,46,116
264,300,46,116
265,300,46,116
265,300,46,116
266,300,46,116
266,300,46,116
266,300,46,116
266,300,46,116
270,300,38,116
271,299,33,118
272,300,31,116
272,300,31,116
271,300,31,116
271,300,30,116
265,300,34,116
260,298,39,116
259,298,40,116
259,298,40,116
259,298,40,116
259,298,40,116
259,298,40,116
259,297,41,113
259,297,43,113
259,297,43,113
259,297,43,113
259,297,43,113
259,297,43,113
259,294,43,111
262,294,32,111
262,294,32,111
259,292,32,111
258,291,32,113
255,289,32,113
254,289,33,113
252,289,34,113
251,289,35,113
248,289,37,113
247,289,39,113
247,289,39,113
246,288,40,115
246,286,40,115
246,286,40,115
247,287,39,113
247,287,39,113
247,287,39,113
247,287,39,113
248,285,38,113
248,285,38,113
248,285,38,113
248,285,38,113
248,285,38,113
249,285,37,113
249,285,37,113
249,285,37,113
250,285,36,113
246,285,36,113
246,285,36,113
246,285,36,113
246,285,36,113
246,285,36,113
247,286,35,111
247,284,36,115
247,289,37,115
249,288,36,117
251,294,35,112
251,294,35,112
255,297,34,110
259,297,33,110
262,297,34,110
265,297,35,110
268,297,35,110
268,297,35,110
271,299,35,110
275,299,35,110
279,299,35,110
283,299,35,110
287,299,35,110
287,299,35,110
290,299,35,110
292,299,35,110
296,302,34,108
298,304,33,108
300,307,32,106
300,307,32,106
302,307,31,106
304,307,30,106
305,309,30,106
306,309,30,106
307,309,31,106
307,309,31,106
307,309,31,106
308,309,31,106
308,309,31,106
309,307,31,106
310,307,31,106
310,307,32,106
310,305,32,106
311,305,32,106
311,305,32,106
313,308,32,104
313,308,32,104
313,308,32,104
313,310,32,104
313,310,32,104
313,310,32,104
312,310,32,104
311,310,32,104
311,310,32,104
310,313,32,104
310,316,32,104
312,317,31,102
313,317,31,102
312,316,31,104
312,316,31,104
312,316,31,104
312,316,31,104
312,316,31,104
314,316,32,104
314,316,32,104
314,316,32,104
314,316,32,104
314,316,32,104
314,316,32,104
313,316,32,104
313,318,31,104
313,318,31,104
313,318,31,104
313,318,31,104
314,318,30,104
315,318,29,104
316,318,28,104
316,318,28,104
316,319,29,102
314,319,32,102
314,319,33,102
312,321,34,102
312,321,35,102
312,321,35,102
312,321,35,102
313,321,35,102
313,320,36,104
312,320,36,104
312,319,37,106
312,320,37,104
312,320,38,104
310,318,37,104
309,318,37,104
308,318,37,104
307,318,35,104
307,318,35,104
308,316,32,104
307,316,32,104
306,316,31,104
306,316,31,104
303,316,32,104
303,316,32,104
300,316,35,104
299,316,36,104
299,316,37,104
299,316,37,104
299,316,37,104
299,316,37,104
299,316,38,104
299,316,39,104
301,314,38,104
301,314,38,104
301,314,38,104
301,314,38,104
302,314,35,104
300,312,35,104
301,312,33,104
301,312,32,104
301,312,32,104
301,312,32,104
302,313,31,102
302,313,31,102
302,313,30,102
300,313,32,102
298,313,34,102
298,313,34,102
296,313,36,102
296,313,37,102
297,313,38,102
297,313,38,102
297,313,38,102
297,313,38,102
297,313,38,102
297,313,38,102
297,313,38,102
297,313,38,102
296,313,34,102
296,313,34,102
296,313,33,102
296,313,31,102
296,313,31,102
297,313,29,102
296,313,30,102
296,313,30,102
292,313,33,102
290,313,35,102
290,313,36,102
290,313,37,102
289,313,38,102
288,313,39,102
288,313,39,102
288,313,39,102
288,316,39,100
288,316,39,100
288,316,39,100
288,316,39,100
288,316,39,100
288,316,35,100
287,316,34,100
285,316,33,100
283,316,31,100
283,316,31,100
283,316,30,100
283,316,30,100
280,316,31,100
279,316,32,100
274,316,35,100
274,316,36,100
271,316,39,100
270,316,40,100
270,316,40,100
270,316,40,100
270,316,40,100
270,316,40,100
269,318,40,100
270,318,37,100
269,318,35,100
268,318,33,100
268,318,29,100
268,318,29,100
268,318,25,100
267,318,25,100
266,318,25,100
265,318,25,100
260,318,28,100
260,318,29,100
257,318,30,100
256,318,31,100
255,318,32,100
255,318,32,100
253,318,33,100
252,318,34,100
251,318,35,100
251,317,34,102
251,317,34,102
251,317,33,102
251,317,31,102
249,315,31,102
250,315,29,102
249,315,29,102
249,318,29,100
249,318,29,100
248,318,30,100
248,318,31,100
248,318,32,100
248,318,33,100
248,319,33,98
248,319,34,98
248,319,34,98
248,319,34,98
248,319,34,98
248,319,35,98
247,318,35,96
247,316,36,96
248,316,35,92
248,316,35,92
249,317,34,90
249,317,34,90
247,313,34,92
246,310,35,94
246,310,35,94
245,310,35,94
245,310,35,94
246,309,34,92
247,307,34,92
249,307,35,92
250,307,35,92
250,307,35,92
251,307,35,92
252,307,35,92
253,307,35,92
254,307,35,92
254,307,35,92
254,307,35,92
254,306,36,94
254,310,35,94
251,309,36,96
249,310,35,94
249,309,34,92
249,307,34,92
248,307,33,92
246,307,33,92
245,307,32,92
243,309,32,92
240,310,32,94
240,310,32,94
240,310,32,94
239,308,32,94
238,308,32,94
238,311,32,92
237,308,34,98
237,309,34,96
235,310,34,94
234,310,34,94
232,309,34,96
231,308,34,94
230,306,35,94
230,306,35,94
230,306,35,94
230,307,35,92
231,308,34,90
232,309,33,89
233,309,32,89
233,309,32,89
234,309,31,89
235,309,30,89
236,310,31,88
239,310,31,88
242,309,31,90
242,309,31,90
245,309,31,90
245,311,30,87
246,311,29,87
248,311,29,87
249,311,29,87
249,311,29,87
249,310,30,89
249,310,30,89
249,310,30,89
249,310,30,89
250,310,30,89
250,310,30,89
252,311,29,87
255,311,28,87
256,311,27,87
257,311,27,87
259,311,26,87
259,311,26,87
259,311,26,87
260,310,27,89
260,312,27,89
261,312,27,89
261,312,27,89
261,312,27,89
261,312,27,89
259,312,28,89
258,312,29,89
258,312,29,89
258,313,29,87
258,313,29,87
258,312,30,89
256,312,31,89
255,315,31,87
256,314,29,85
256,314,29,85
256,314,29,85
257,316,28,85
257,316,28,85
257,316,28,85
257,316,28,85
258,316,28,85
258,316,28,85
259,316,28,85
259,316,28,85
259,316,28,85
259,316,28,85
261,318,28,85
261,318,28,85
261,318,28,85
261,319,28,83
261,319,28,83
263,319,28,83
263,319,28,83
263,319,28,83
263,319,28,83
263,319,28,83
263,319,28,83
263,319,28,83
263,319,28,83
263,318,28,81
263,318,28,81
263,318,28,81
263,318,28,81
263,318,28,81
263,318,28,81
263,318,28,81
263,318,28,81
263,317,29,83
263,316,30,85
263,322,30,80
263,322,30,80
263,322,30,80
263,322,30,80
263,322,30,80
263,322,30,80
263,322,30,80
263,322,29,80
263,323,29,78
263,323,29,78
263,323,29,78
263,323,29,78
263,323,29,78
263,323,29,78
263,323,29,78
263,323,29,78
264,323,29,78
265,323,28,78
265,322,28,76
265,322,28,76
266,322,26,76
266,322,26,76
266,322,26,76
266,322,26,76
266,322,26,76
266,322,26,76
267,322,25,76
267,322,25,76
267,322,25,76
267,322,25,76
268,322,25,76
269,322,25,76
269,322,25,76
269,322,25,76
269,322,25,76
269,322,25,76
270,322,25,76
270,322,25,76
270,322,25,76
270,321,26,78
270,321,26,78
270,321,26,78
272,321,26,78
273,323,25,75
273,323,25,75
273,323,25,75
273,322,26,77
274,323,25,75
276,324,25,77
277,324,25,77
277,325,25,75
278,326,25,74
280,326,24,74
281,326,23,75
282,326,23,75
284,326,23,75
284,327,23,74
286,327,23,74
288,327,23,74
289,327,23,74
290,327,23,74
292,327,23,74
292,328,23,74
294,328,23,75
296,328,23,75
297,328,23,75
298,328,23,75
300,328,23,75
300,328,23,75
301,328,23,75
303,328,23,75
303,329,23,74
304,330,23,73
305,330,23,73
305,330,23,73
306,330,23,73
307,330,24,73
308,331,24,71
309,332,24,69
310,332,24,70
310,332,24,70
311,332,24,71
312,331,24,72
313,331,24,72
313,331,24,72
313,331,24,72
313,331,24,72
314,331,24,72
315,331,24,73
317,331,24,73
318,331,24,73
319,331,24,73
319,331,24,73
320,333,23,70
321,333,24,71
322,332,24,72
323,332,23,73
323,330,23,74
323,330,24,74
323,329,24,74
323,328,24,74
323,327,24,74
323,326,24,74
324,327,24,71
324,325,24,72
325,325,24,72
326,325,24,72
326,326,26,71
326,326,26,71
326,323,27,72
326,323,27,72
326,320,27,72
327,320,26,72
327,320,26,72
326,320,26,72
326,320,26,72
326,320,26,72
326,321,26,73
326,321,27,74
329,321,26,74
330,320,26,75
330,319,26,75
330,319,26,75
330,319,26,75
329,316,26,75
329,315,26,75
329,315,26,75
329,315,26,75
329,315,26,75
329,315,26,75
329,315,26,75
328,318,26,75
327,321,26,75
327,324,26,75
327,324,26,75
327,324,26,77
325,325,26,77
325,326,26,77
322,326,26,77
320,326,26,77
320,326,26,77
318,324,26,77
319,325,26,77
318,325,26,77
318,327,26,77
318,327,26,77
318,327,26,77
317,327,27,78
316,329,27,76
315,328,28,79
313,329,27,79
312,330,27,77
312,330,27,77
312,330,27,77
312,329,27,80
311,329,27,81
310,327,27,79
310,325,27,77
310,325,27,77
310,325,27,77
309,325,27,77
309,325,27,77
308,325,27,77
308,325,27,77
308,325,27,77
308,325,27,77
308,325,27,77
308,325,27,77
308,325,27,77
308,325,27,77
308,325,27,77
308,325,27,77
308,325,27,77
308,324,28,79
305,325,28,77
304,325,28,77
305,325,27,77
304,325,27,77
303,325,27,77
302,325,27,77
302,325,27,77
302,325,27,77
302,325,27,77
302,325,27,77
302,325,27,77
303,325,27,77
304,325,27,77
305,325,27,77
305,325,27,77
306,325,27,77
306,325,27,77
307,325,27,77
307,325,27,77
308,325,27,77
308,325,27,77
309,325,27,77
309,325,27,77
309,325,27,77
309,325,27,77
309,325,27,77
309,325,27,77
309,325,27,77
309,325,27,77
309,325,27,77
309,327,27,77
309,327,27,77
309,327,27,77
309,327,27,77
310,327,27,77
311,327,27,77
312,328,26,75
313,328,26,75
313,328,26,75
314,330,25,72
314,329,25,73
314,329,25,73
316,328,26,73
317,329,25,73
318,329,25,73
318,326,26,76
320,326,26,76
320,326,26,76
321,326,26,76
321,326,26,76
321,326,26,76
321,326,26,76
321,326,26,76
321,326,26,76
321,326,26,76
321,326,26,76
321,326,26,76
321,326,26,76
321,326,26,76
321,326,26,76
321,326,26,76
321,326,25,76
321,326,25,76
321,326,25,76
321,326,25,76
321,326,25,76
321,326,25,76
321,326,25,76
321,326,25,76
321,326,25,76
322,326,25,76
322,326,25,76
323,326,25,76
323,326,25,76
323,326,25,76
323,326,25,76
323,326,25,76
323,326,25,76
323,326,25,76
323,326,25,76
323,326,25,76
323,326,25,76
323,326,25,76
324,326,25,76
324,326,25,76
324,326,25,76
324,326,25,76
324,326,26,76
324,326,26,76
322,326,28,76
321,326,28,76
320,326,28,76
319,326,29,76
319,326,29,76
319,326,29,76
319,326,29,76
319,326,26,76
318,326,26,76
317,326,26,76
317,326,26,76
317,326,26,76
316,326,27,76
314,326,27,76
313,326,27,76
313,326,27,76
312,326,27,76
313,326,25,76
311,326,25,76
310,326,24,76
310,326,23,76
310,326,22,76
307,326,24,76
302,325,26,74
299,326,30,74
298,326,31,74
296,326,32,74
295,326,33,74
295,326,33,74
295,327,33,74
294,327,33,74
293,327,34,75
293,327,33,75
293,327,33,75
293,327,33,75
294,327,28,75
293,327,25,75
292,327,24,75
290,327,24,75
290,327,25,75
289,327,25,75
286,327,26,75
283,325,28,77
281,325,29,77
280,325,30,77
279,325,30,77
279,325,30,77
278,325,30,77
278,325,30,77
277,325,30,77
276,325,30,77
275,325,30,77
275,325,30,77
275,325,25,77
272,326,25,75
271,326,23,75
271,326,21,75
271,326,21,75
268,326,21,75
265,326,22,75
262,326,24,75
255,326,32,75
253,326,36,75
252,326,35,75
251,326,35,75
252,326,36,75
251,326,36,75
252,326,36,75
251,326,34,75
253,326,33,75
254,326,32,75
252,325,29,75
252,325,26,75
252,324,23,75
250,325,22,77
250,323,21,77
248,323,21,77
246,322,22,79
241,323,27,77
236,324,32,75
232,325,35,74
232,325,35,74
232,325,35,74
232,325,35,74
229,325,35,74
228,325,35,74
231,325,32,74
230,325,32,74
230,325,29,74
230,325,25,74
231,325,19,74
228,325,18,74
225,325,19,74
225,325,19,74
221,326,23,75
215,325,29,75
211,325,31,75
210,325,34,75
209,325,34,75
209,325,34,75
208,325,34,75
208,325,34,75
205,325,34,75
207,325,32,75
208,325,26,75
208,325,26,75
206,325,24,75
206,325,21,75
203,325,20,75
202,325,20,75
197,325,24,75
197,325,24,75
193,325,28,75
