86,68,85,202
86,68,85,202
87,64,83,202
88,64,81,202
89,64,79,202
89,64,79,202
90,62,77,198
91,60,75,202
91,56,75,202
95,56,74,202
95,54,74,206
95,52,75,210
99,44,75,210
96,40,77,210
94,42,80,206
91,40,88,202
93,42,107,198
93,42,107,198
98,44,93,194
98,42,97,198
100,40,93,194
100,34,89,198
100,34,89,198
102,34,89,198
102,36,85,194
104,36,85,194
104,36,85,194
104,36,85,194
100,42,87,190
91,44,96,186
85,44,100,186
70,51,117,179
64,53,124,168
56,59,137,143
45,62,155,137
34,64,171,140
22,67,189,134
14,71,197,126
12,75,201,119
4,86,209,110
10,88,205,106
14,82,197,113
14,76,197,135
18,71,151,149
21,71,134,161
22,76,123,158
30,74,107,181
36,74,95,188
40,69,88,229
40,74,81,229
40,81,78,216
40,77,78,216
31,72,90,224
24,109,99,190
20,113,103,183
16,111,107,187
16,111,107,195
13,115,109,195
11,113,113,199
12,107,115,211
12,105,119,215
21,120,112,202
23,120,112,202
23,124,112,202
24,122,110,206
30,118,101,214
31,120,99,210
32,122,97,206
33,124,95,202
34,130,93,206
33,130,91,206
34,130,89,206
46,130,76,206
48,119,74,219
48,110,75,227
48,110,75,227
54,108,77,232
61,115,79,219
59,111,83,219
61,113,83,215
61,113,83,215
60,111,85,219
55,109,88,215
55,105,88,215
56,103,86,220
58,103,86,220
58,99,86,220
62,101,82,216
63,103,80,212
66,99,78,212
68,95,78,212
68,93,78,216
69,93,76,216
69,93,76,216
69,93,76,216
69,93,76,216
69,95,76,212
71,99,76,212
71,99,76,212
71,99,76,212
71,99,76,212
71,99,76,212
71,99,76,212
74,99,76,212
76,99,76,212
78,103,76,212
77,103,78,212
77,103,78,212
75,103,80,212
75,103,80,212
75,103,80,212
75,103,80,212
72,101,82,216
70,101,82,216
70,101,82,216
70,101,82,216
70,101,82,216
70,101,82,216
70,101,82,216
69,99,84,220
69,99,84,220
67,97,77,216
67,97,77,216
67,97,77,216
67,97,77,216
67,97,77,216
67,97,77,216
73,95,75,212
73,95,75,212
73,95,75,212
76,95,75,212
76,95,75,212
76,95,75,212
76,95,75,212
76,95,75,212
76,95,75,212
76,95,75,212
75,95,75,212
75,95,75,212
75,95,75,212
74,95,75,212
74,95,75,212
74,95,75,212
74,95,75,212
74,95,75,212
73,95,75,212
70,93,77,216
66,93,77,216
61,93,77,216
58,91,77,220
58,91,77,220
60,91,77,220
60,91,77,220
60,91,77,220
60,91,77,220
60,95,77,220
60,95,77,220
61,95,75,220
61,95,75,220
61,95,75,220
61,95,75,220
60,99,75,220
60,95,75,220
60,95,75,220
60,95,75,220
60,95,75,220
57,95,75,220
57,93,75,216
57,93,75,216
59,93,75,216
59,93,75,216
59,97,75,216
59,97,75,216
59,97,75,216
58,97,75,216
59,99,74,212
59,95,74,212
60,95,74,212
60,95,74,212
61,95,74,212
61,95,74,212
61,95,74,212
61,95,74,212
61,95,74,212
61,95,74,212
61,93,75,216
61,93,75,216
62,95,74,212
62,95,74,212
62,91,74,212
62,91,74,212
62,89,75,216
57,87,75,220
57,87,75,220
57,87,75,220
57,87,75,220
57,87,75,220
57,87,75,220
57,87,75,220
57,87,75,220
57,87,75,220
59,87,75,220
58,85,77,224
57,85,75,224
58,85,72,224
58,85,72,224
58,83,72,220
59,83,72,220
59,79,72,220
58,81,73,224
57,81,73,224
57,77,73,224
54,77,73,224
54,77,73,224
54,77,73,224
55,77,73,224
56,77,73,224
56,77,74,223
55,77,74,223
55,79,74,219
54,79,75,219
53,79,77,219
53,79,77,219
53,79,77,219
53,79,77,219
53,79,77,219
53,79,80,219
53,79,80,219
52,79,82,219
50,81,82,215
50,81,82,215
50,81,82,215
50,81,82,215
50,81,82,215
50,81,82,215
50,81,82,215
50,81,82,215
50,81,82,215
50,81,82,215
48,81,82,215
48,81,82,215
45,79,84,219
43,79,84,219
45,79,84,219
43,81,84,215
45,81,84,215
43,81,84,215
45,81,84,215
45,81,84,215
45,81,84,215
43,81,84,215
45,81,84,215
45,81,84,215
45,81,84,215
45,81,84,215
44,83,86,219
42,83,86,219
42,83,86,219
42,83,86,219
45,83,84,219
46,78,85,219
46,78,85,219
46,78,85,219
48,78,85,219
48,78,85,219
48,78,85,219
48,78,85,219
48,78,85,219
48,78,85,219
48,78,85,219
48,78,85,219
50,78,85,219
51,78,83,219
50,78,85,219
50,78,85,219
50,76,85,223
50,76,85,223
50,76,85,223
50,76,85,223
53,78,83,219
56,77,82,223
56,77,82,223
56,77,82,223
56,77,82,223
56,77,82,223
56,77,82,223
56,77,82,223
58,77,82,223
58,77,82,223
56,77,84,223
54,77,84,223
56,77,84,223
57,77,82,223
57,77,82,223
57,77,82,223
57,77,82,223
57,77,82,223
57,73,82,223
55,73,82,223
55,73,82,223
55,73,82,223
55,73,82,223
55,73,82,223
55,73,82,223
55,69,82,223
55,69,82,223
55,69,82,223
54,69,80,223
54,65,80,223
54,67,80,219
52,69,80,215
52,69,80,215
52,69,80,215
52,69,80,215
52,69,80,215
51,69,78,215
51,69,78,215
53,69,78,215
53,69,78,215
53,69,78,215
53,69,78,215
53,69,78,215
51,69,78,215
51,69,78,215
51,69,78,215
51,69,78,215
49,69,78,215
49,69,78,215
47,69,78,215
45,69,78,215
45,69,78,215
45,69,78,215
45,69,78,215
45,69,78,215
47,69,78,215
49,69,78,215
50,71,76,211
51,69,75,215
52,67,77,219
55,67,77,219
55,67,77,219
57,67,77,219
56,67,79,219
52,68,81,218
50,68,78,218
50,68,78,218
50,68,78,218
50,68,78,218
52,68,78,218
53,70,76,214
54,70,78,214
54,70,78,214
54,70,78,214
54,70,78,214
54,70,78,214
50,68,83,218
50,68,83,218
48,68,83,218
51,68,85,218
51,68,85,218
51,68,85,218
51,68,85,218
51,68,85,218
51,68,85,218
52,68,83,218
54,68,81,218
54,68,81,218
54,68,81,218
54,68,81,218
52,68,81,218
52,66,81,222
53,68,79,218
53,68,79,218
51,68,79,218
51,64,79,218
51,64,79,218
51,64,79,218
51,64,79,218
51,64,79,218
51,64,79,218
49,64,79,218
49,64,79,218
49,64,79,218
48,60,81,218
48,60,81,218
50,60,81,218
50,60,81,218
48,60,81,218
48,60,81,218
48,60,81,218
48,60,81,218
48,60,81,218
48,60,81,218
48,60,81,218
48,60,81,218
48,60,81,218
48,60,81,218
46,60,81,218
46,60,81,218
46,60,81,218
48,62,81,214
48,62,81,214
48,62,81,214
46,60,81,218
46,60,81,218
46,60,81,218
46,60,81,218
45,58,83,222
43,58,83,222
43,58,83,222
43,58,83,222
43,58,83,222
43,58,83,222
42,60,81,218
42,60,81,218
42,60,81,218
42,60,81,218
43,62,79,214
43,62,79,214
43,62,79,214
43,62,79,214
43,62,79,214
42,60,81,218
42,60,81,218
40,60,81,218
40,60,81,218
40,60,81,218
40,60,81,218
40,60,81,218
41,56,79,218
41,56,79,218
44,56,79,218
45,56,81,218
45,56,81,218
45,56,81,218
45,56,81,218
44,56,79,218
44,56,79,218
45,56,81,218
47,56,84,218
47,56,84,218
45,54,87,214
45,54,87,214
45,48,91,210
45,50,95,206
44,52,101,202
41,50,107,198
38,54,113,190
35,54,124,190
35,54,129,182
31,56,142,178
30,58,151,174
25,60,160,171
25,60,166,171
23,60,169,164
23,62,169,161
21,67,187,158
21,69,187,155
25,71,194,152
29,74,194,146
31,76,190,143
31,79,197,137
35,82,197,132
31,80,205,137
29,86,209,137
25,88,226,134
30,91,226,134
30,94,226,134
32,97,231,134
33,99,231,131
33,100,231,128
33,101,231,125
33,101,231,125
38,106,231,125
36,106,236,125
36,109,236,125
36,109,236,125
34,110,241,123
34,112,241,123
34,114,241,123
32,116,246,123
32,116,246,123
32,116,246,123
32,117,246,121
32,118,246,119
32,118,246,119
32,118,246,119
32,118,246,119
32,118,246,119
32,118,246,119
32,118,246,119
32,118,246,119
32,118,246,119
32,118,246,119
32,118,246,119
32,118,246,119
32,113,246,119
32,113,246,119
27,113,246,119
27,113,246,119
25,112,251,121
25,112,251,121
25,112,251,121
30,112,251,121
30,112,251,121
30,112,251,121
30,110,251,121
37,110,246,121
37,110,246,121
44,110,241,121
44,110,241,121
44,108,241,121
46,106,236,121
46,106,236,121
46,106,236,121
46,104,236,121
46,104,236,121
51,104,236,121
51,104,236,121
51,104,236,121
51,104,236,121
51,104,236,121
51,104,236,121
46,104,236,121
46,102,236,121
46,102,236,121
51,102,236,121
51,102,236,121
51,101,236,123
51,101,236,123
51,101,236,123
51,101,236,123
51,101,236,123
53,101,231,123
48,101,231,123
48,101,231,123
48,101,231,123
48,101,231,123
48,103,231,123
48,103,231,123
48,103,231,123
48,103,231,123
53,103,231,123
53,103,231,123
53,103,231,123
53,103,231,123
53,103,231,123
51,103,236,123
56,103,236,123
56,103,236,123
58,103,231,123
58,105,231,123
58,105,231,123
58,105,231,123
58,105,231,123
58,105,231,123
58,105,231,123
58,105,231,123
63,105,231,123
58,105,231,123
58,105,231,123
58,105,231,123
58,105,231,123
58,112,231,118
63,112,231,118
58,112,240,118
68,112,240,118
71,113,235,116
72,114,244,114
79,116,239,114
79,116,239,114
81,116,234,114
81,116,234,114
81,116,234,114
88,116,239,114
88,115,239,116
88,115,239,116
88,115,239,116
90,115,234,116
95,109,234,123
95,109,234,123
95,109,234,123
95,104,234,123
95,104,234,123
100,104,234,123
100,104,234,123
100,104,234,123
102,104,229,123
102,104,229,123
102,104,229,123
102,108,229,125
102,108,229,125
102,108,229,125
102,108,229,125
102,108,229,125
104,111,224,125
108,111,224,125
108,110,224,133
115,107,215,144
115,107,215,144
122,103,211,159
126,102,211,162
135,104,202,165
147,108,198,172
151,108,202,165
163,114,194,159
174,112,190,169
174,114,194,172
174,114,194,172
174,114,194,172
182,112,190,175
180,107,190,186
180,109,186,182
180,109,186,182
176,107,186,178
176,107,186,178
176,107,186,178
176,107,186,178
176,107,186,178
174,101,190,182
183,96,179,209
183,92,179,201
195,88,162,201
197,82,159,213
194,80,159,209
194,80,159,209
192,70,156,213
204,57,144,230
201,59,144,225
201,68,144,216
195,64,144,216
195,64,144,216
201,53,133,229
201,53,133,229
201,55,133,224
200,59,130,215
200,59,130,215
199,59,133,215
197,57,139,202
197,57,139,202
194,57,145,202
193,55,148,206
194,57,151,202
194,53,151,210
186,53,160,210
186,55,160,198
189,53,160,194
194,49,157,194
196,51,154,190
196,51,154,190
191,49,163,186
196,45,160,186
199,45,160,186
194,47,163,182
196,45,173,178
189,45,180,172
194,44,177,175
199,63,173,143
201,66,177,137
202,70,188,134
206,64,187,148
200,52,199,154
214,46,195,160
216,52,191,154
222,54,187,151
220,56,183,154
216,56,183,134
210,54,195,134
202,51,203,142
200,50,207,139
204,49,199,131
206,52,203,120
208,53,207,118
200,56,215,111
200,48,215,114
202,49,211,112
200,47,207,112
200,47,207,112
200,47,207,112
202,46,203,114
202,46,203,114
202,47,211,112
196,47,224,112
189,56,228,97
187,55,233,99
185,56,238,97
187,56,233,97
187,55,233,103
194,53,228,107
194,55,228,111
194,54,228,113
199,54,228,118
199,54,228,118
199,56,228,118
194,59,238,116
208,63,229,113
210,64,225,111
213,67,220,109
211,74,224,113
211,82,224,115
211,90,224,117
211,93,224,124
211,98,224,126
211,102,224,126
204,110,228,129
204,119,228,129
204,122,228,129
217,118,210,142
221,118,210,142
219,131,214,134
219,136,214,139
210,133,223,139
221,135,219,136
227,137,215,138
232,139,223,141
232,139,223,141
236,139,223,141
236,138,223,144
238,138,219,150
246,137,211,153
244,137,215,159
244,137,215,159
244,137,215,159
244,137,215,159
244,137,215,159
246,139,211,169
250,139,211,169
250,141,211,172
250,141,211,172
250,139,211,183
256,137,207,187
258,135,203,191
266,129,195,203
266,127,187,207
264,117,184,206
270,109,173,210
267,93,173,222
269,89,170,218
266,90,170,214
263,85,177,214
261,81,181,214
261,77,181,214
264,75,174,218
269,73,164,214
261,73,160,214
258,71,160,218
258,67,160,218
259,63,160,218
263,54,147,218
265,47,144,214
265,47,144,214
264,45,141,210
253,34,147,214
238,36,153,210
223,34,159,214
212,30,162,205
214,26,165,205
210,24,168,201
200,24,175,201
192,16,179,196
192,12,179,192
190,8,183,188
190,8,183,188
188,6,187,192
184,5,195,181
196,3,187,185
195,2,184,182
178,1,191,171
166,4,195,164
168,4,187,158
159,4,187,158
159,3,187,161
153,3,190,161
146,2,194,164
136,2,194,164
118,3,202,170
106,7,206,173
102,15,206,169
98,19,206,169
94,19,206,169
92,21,202,166
88,21,202,166
87,15,202,173
75,7,198,170
59,4,210,173
61,3,205,169
49,1,209,163
43,1,209,163
45,3,205,160
45,3,205,160
45,3,205,160
51,3,205,160
61,3,205,160
59,2,209,163
65,3,205,160
67,8,209,163
69,8,213,163
81,11,205,163
93,11,201,170
105,13,197,167
105,13,197,167
103,15,201,177
101,15,197,177
99,13,201,181
95,9,201,181
93,7,205,185
93,1,205,189
93,1,205,182
95,3,201,171
99,7,193,164
99,7,193,164
99,1,193,163
101,1,189,156
96,2,193,150
92,2,193,150
92,2,193,150
96,1,186,139
89,1,193,129
89,2,193,126
89,3,193,123
89,4,193,121
87,3,197,123
85,6,201,118
83,3,205,115
83,3,205,115
87,3,205,115
91,6,197,109
93,4,209,109
97,3,209,103
82,1,222,105
80,1,226,106
80,1,226,106
80,1,226,106
100,2,204,104
102,2,200,104
108,2,188,104
104,3,188,102
104,3,188,102
104,3,188,102
98,3,191,102
95,2,191,104
95,2,191,104
93,2,187,104
87,1,191,110
85,1,195,111
83,1,199,112
81,2,203,114
89,1,195,121
87,2,199,123
93,1,187,127
93,1,187,127
95,1,183,129
95,1,183,129
95,1,183,129
93,1,187,129
93,3,187,126
95,3,183,126
89,2,187,129
93,1,187,132
93,1,187,132
93,1,187,132
91,1,191,133
89,1,195,134
91,3,191,131
91,3,191,131
89,2,195,134
97,1,187,137
97,1,187,137
97,1,187,137
97,1,187,137
97,1,187,137
97,1,187,137
97,1,187,137
97,1,187,137
97,1,187,137
99,3,183,134
99,3,183,134
95,3,190,134
91,4,190,134
91,1,190,134
87,1,190,134
85,1,186,130
87,3,182,127
87,3,182,127
89,4,178,125
89,4,178,125
89,4,178,125
89,4,178,125
87,1,182,127
85,1,186,128
83,1,190,122
87,2,190,120
87,2,190,120
87,2,190,120
87,2,190,120
85,1,194,122
85,1,194,120
93,1,186,120
93,1,186,120
93,1,186,120
95,1,182,120
95,1,182,120
95,1,182,120
95,1,182,120
95,1,182,120
97,2,178,118
101,2,179,118
101,6,194,125
121,2,175,144
129,2,197,162
157,1,158,159
166,1,161,168
189,1,152,184
200,7,152,184
212,12,152,199
221,21,149,199
229,28,152,203
234,30,149,207
243,32,143,203
253,37,140,211
263,39,137,207
277,39,132,207
285,33,132,211
292,31,130,215
300,31,127,215
308,29,127,219
318,33,124,219
327,33,124,219
336,33,124,219
344,35,122,215
349,37,120,211
356,41,118,211
364,41,114,211
370,45,114,220
376,45,114,220
376,45,114,220
380,47,114,225
387,53,112,221
395,55,112,225
401,60,112,225
407,58,112,230
411,61,114,235
411,61,114,235
417,64,110,231
419,69,110,231
419,70,110,230
419,73,110,225
422,75,108,230
422,80,112,230
422,80,112,230
421,78,114,235
423,78,114,235
423,78,114,235
422,71,116,240
416,71,119,240
415,71,117,240
414,73,115,235
416,68,110,235
413,71,112,240
413,71,108,240
413,66,104,221
410,72,102,217
408,72,102,217
406,70,102,213
408,72,98,209
408,70,98,205
400,72,106,201
391,68,110,201
380,66,121,197
369,64,131,193
355,68,142,185
348,66,151,181
345,60,151,185
342,60,157,185
340,60,160,185
339,63,163,178
335,70,173,172
329,71,180,179
327,78,184,165
327,83,184,162
327,93,191,156
327,95,198,153
325,97,210,156
325,96,210,159
321,109,218,146
315,108,231,149
316,117,231,137
312,124,240,129
315,126,244,126
325,126,254,126
328,129,249,124
329,132,249,122
332,133,244,120
330,135,269,120
336,136,259,118
339,136,254,114
340,137,254,112
347,137,259,112
347,134,259,114
347,134,259,114
352,134,259,114
352,133,259,116
352,128,259,121
350,127,264,123
343,126,269,125
341,125,263,128
339,121,268,136
337,114,262,145
332,113,262,148
332,110,262,148
327,110,273,148
324,107,268,148
319,104,268,148
317,100,273,151
317,97,273,151
317,94,273,151
317,89,262,154
320,85,257,145
320,84,257,148
315,80,257,151
310,77,257,151
310,74,257,157
310,76,257,160
310,76,257,160
310,76,257,160
310,76,257,160
305,76,257,160
305,76,257,160
305,76,257,160
305,76,257,160
305,75,247,163
298,75,252,163
296,76,257,156
294,76,252,156
294,76,252,156
289,76,252,156
289,76,252,156
284,76,252,156
284,76,252,156
284,76,252,156
279,76,252,156
279,76,252,156
279,76,252,156
284,75,252,147
284,75,252,147
284,72,252,147
284,75,252,147
279,75,252,147
279,75,252,147
282,75,247,147
282,75,247,147
284,74,242,150
284,73,242,147
284,69,242,150
284,73,242,147
279,73,242,147
279,72,242,144
286,71,237,147
286,71,237,147
284,71,242,147
284,71,242,147
284,71,242,147
284,71,242,147
284,71,242,147
284,71,242,147
284,71,242,147
284,71,242,147
284,71,242,147
284,71,242,147
284,71,242,147
284,71,242,147
284,71,242,147
284,71,242,147
284,71,242,147
284,71,242,147
284,71,242,147
284,71,242,147
274,71,242,147
267,71,247,147
267,71,247,147
267,71,247,147
267,75,247,144
267,75,247,144
267,75,247,144
267,75,247,144
267,75,247,144
267,75,247,144
267,75,247,144
267,72,247,144
267,72,247,144
267,72,247,144
267,72,247,144
274,71,242,147
274,68,242,147
279,68,242,147
279,68,242,147
282,70,237,144
290,72,241,141
290,72,241,141
295,78,241,141
300,78,241,141
298,78,246,141
296,86,251,144
309,91,246,147
310,102,246,144
313,103,251,130
311,109,256,125
314,114,251,121
312,122,246,114
307,130,246,112
310,136,241,108
317,137,236,106
317,137,236,106
317,137,236,106
315,137,241,106
315,137,241,106
315,137,241,106
315,137,241,106
315,137,241,106
315,137,241,106
318,137,246,106
318,136,246,108
321,136,241,108
324,138,246,117
336,145,241,121
336,159,222,126
336,183,222,129
331,207,222,137
329,229,217,123
333,242,209,110
335,244,240,106
340,244,240,106
343,241,235,108
343,237,235,112
341,228,240,121
337,227,240,123
340,219,235,133
340,212,235,140
340,207,235,145
340,201,235,151
340,198,235,151
338,194,240,154
333,181,231,160
331,177,227,170
329,170,222,177
332,167,217,184
334,164,213,176
334,158,196,180
334,158,196,180
334,151,196,187
336,145,192,183
338,143,181,187
342,141,174,191
342,139,167,187
342,139,167,187
339,137,154,191
338,137,145,191
341,135,134,195
339,133,129,199
336,129,121,207
334,125,116,207
331,123,113,211
329,121,110,215
326,117,110,215
326,117,105,215
328,119,101,211
332,121,86,199
334,123,82,195
332,123,80,195
334,127,76,187
330,128,74,191
329,130,71,195
330,126,70,195
330,126,67,195
328,131,69,198
325,142,77,206
320,145,78,206
317,152,80,198
314,155,80,197
311,159,80,189
307,157,80,193
304,157,79,193
308,160,74,192
308,158,77,188
308,158,77,188
311,161,74,188
314,166,72,185
318,168,70,182
322,174,72,178
325,175,72,177
328,180,70,172
329,179,71,172
329,184,73,168
330,187,74,165
328,188,77,164
327,193,79,159
326,198,81,154
326,198,79,154
323,198,84,154
321,197,84,155
318,200,87,152
318,205,80,147
319,205,78,147
319,204,75,148
319,203,75,149
319,205,73,146
319,205,73,146
321,204,69,148
321,204,69,148
320,204,69,148
320,204,69,148
319,203,70,149
314,203,71,149
312,202,73,150
305,203,79,149
303,200,79,152
303,200,79,152
298,200,82,152
298,200,82,152
296,200,82,152
294,200,82,152
292,200,82,152
289,200,87,152
289,200,87,152
289,200,87,152
288,200,92,152
288,198,92,154
287,198,98,154
283,198,102,154
283,198,102,154
280,197,108,155
278,202,112,150
273,202,117,150
274,204,115,147
269,208,120,144
269,208,120,144
269,207,120,145
269,207,120,145
265,207,122,145
264,206,124,146
264,203,124,149
264,203,124,149
264,203,124,149
260,202,126,150
261,203,124,149
261,203,124,149
261,203,124,149
261,203,124,149
261,203,124,149
261,203,124,149
263,203,124,149
263,203,124,149
263,203,124,149
263,203,124,149
263,203,124,149
264,203,122,149
264,203,122,149
264,203,122,149
264,203,122,149
262,200,122,149
262,200,122,149
262,200,122,149
262,200,122,149
260,200,122,149
258,200,122,149
258,200,122,149
257,200,124,149
257,200,124,149
256,200,126,149
255,200,129,149
255,199,129,152
255,197,129,155
252,197,129,155
255,197,129,155
255,195,129,157
255,193,129,159
252,193,129,159
252,193,129,159
252,193,129,159
252,193,129,159
253,193,126,159
253,193,126,159
253,193,126,159
253,193,126,159
257,193,123,159
259,193,123,159
259,193,123,159
259,187,123,165
259,187,123,165
259,187,123,165
260,187,121,165
260,187,121,165
260,187,121,165
260,187,121,165
260,187,121,165
260,187,121,165
260,184,116,168
259,183,113,169
252,183,113,169
247,181,113,171
245,181,111,171
245,181,111,171
246,183,109,168
243,183,107,168
241,182,107,170
241,182,107,170
240,181,105,171
239,180,103,172
240,180,97,172
239,180,95,172
239,185,95,167
234,185,97,167
234,185,97,167
234,185,97,167
232,188,97,164
232,188,97,164
232,190,97,161
232,190,97,161
231,190,99,161
231,190,99,161
231,190,99,161
223,187,103,165
221,186,103,166
224,186,101,166
223,186,103,166
224,186,101,166
223,185,103,167
222,185,101,167
221,185,99,167
221,185,99,167
218,185,101,167
217,185,103,167
216,185,105,167
213,185,107,167
211,185,107,167
210,185,109,167
209,183,111,169
206,181,113,171
206,181,113,171
206,181,113,171
206,181,113,171
203,180,115,172
201,180,115,172
201,180,115,172
201,180,115,172
201,180,115,172
199,180,115,172
197,178,120,174
197,178,120,174
197,178,120,174
197,178,120,174
197,178,120,174
197,178,120,174
190,178,120,174
186,180,122,171
185,179,124,173
185,179,124,173
185,182,124,170
185,182,124,170
181,182,132,170
181,182,132,170
181,181,132,171
181,181,132,171
181,181,132,171
181,181,132,171
181,181,132,171
177,181,119,171
176,175,116,177
177,175,114,177
177,175,114,177
175,168,114,184
175,168,114,184
175,168,114,184
175,168,114,184
176,168,112,184
176,168,112,184
174,170,112,166
175,172,110,163
173,164,110,173
169,162,114,170
169,162,114,170
169,162,114,170
169,162,114,170
169,162,114,170
164,162,119,170
163,160,121,173
163,158,121,176
162,156,119,172
163,156,112,172
165,156,108,172
165,153,104,172
165,153,104,172
163,153,104,172
162,152,106,175
162,150,106,172
162,150,106,172
162,150,106,172
162,148,106,175
162,146,106,179
161,148,100,183
162,148,98,183
170,150,89,165
169,150,87,159
170,146,85,156
170,141,85,159
172,135,81,165
172,132,81,165
172,132,81,165
177,130,73,168
179,132,72,171
180,134,71,168
178,129,70,165
178,136,65,152
176,136,64,152
176,136,64,152
176,136,64,152
176,116,64,171
176,116,64,171
177,116,63,171
179,118,61,168
179,118,61,168
177,116,61,152
177,112,62,155
177,109,65,155
177,109,65,155
174,105,67,158
171,115,71,143
169,111,72,146
169,111,72,146
169,111,72,146
169,111,72,146
169,113,73,137
169,110,73,137
169,110,73,137
168,109,74,140
165,105,74,132
165,105,74,132
165,105,74,132
165,105,74,132
174,105,71,132
175,108,70,126
176,112,69,124
178,115,66,119
179,111,65,122
181,112,63,120
182,113,62,118
183,114,61,116
184,116,60,116
185,117,59,119
186,118,58,117
186,118,57,117
184,118,58,121
182,118,58,121
182,118,58,121
182,119,57,119
183,119,57,119
182,118,58,121
180,116,59,111
181,115,58,109
180,109,57,114
179,103,58,117
179,98,58,117
179,96,58,115
178,94,60,115
179,95,59,113
179,95,59,113
180,96,59,115
181,97,58,113
182,98,57,111
180,65,55,153
174,66,56,153
171,65,56,150
168,68,56,150
160,70,62,150
155,72,67,153
151,76,69,153
147,76,69,153
143,76,72,153
144,82,71,153
145,84,70,150
148,83,68,153
150,83,67,153
151,83,66,153
151,83,66,153
156,85,61,144
158,85,59,144
160,108,58,120
162,108,59,120
162,107,59,122
162,107,59,122
162,92,60,139
160,91,66,136
160,91,63,131
157,91,70,142
155,92,70,145
154,92,71,157
148,86,80,163
149,87,79,163
145,86,78,166
141,95,78,160
137,104,83,142
136,113,83,131
132,118,88,128
129,124,88,123
122,124,95,123
113,124,101,123
104,123,107,131
96,123,114,131
89,123,119,131
85,123,121,131
83,122,126,134
77,121,134,137
75,120,129,140
74,120,132,140
71,121,137,137
71,121,137,137
70,124,140,137
68,126,146,134
60,127,155,131
59,131,158,124
59,138,158,114
56,142,171,111
55,142,174,111
52,150,181,104
50,149,185,106
46,157,201,90
44,158,197,88
42,160,201,85
40,162,197,85
38,162,193,88
36,161,197,90
32,161,189,101
30,159,193,105
24,160,182,120
19,160,179,124
17,159,169,131
14,158,162,134
11,157,155,148
10,156,158,151
9,155,161,154
6,150,137,177
5,152,140,181
1,154,132,185
2,161,129,185
4,163,126,181
4,163,126,181
4,163,126,181
4,163,126,181
4,163,131,181
3,163,134,181
3,163,134,181
3,163,139,181
2,163,142,181
2,163,142,181
1,163,145,181
1,161,146,185
7,161,146,185
6,159,149,189
10,157,149,193
10,161,149,178
15,159,146,182
14,153,149,186
21,155,146,183
23,153,149,179
26,150,149,186
30,150,146,186
31,150,143,186
33,150,146,186
33,150,146,186
36,159,146,175
39,160,146,175
44,159,143,171
43,158,146,174
47,156,143,177
50,156,143,177
49,156,146,177
49,156,146,177
49,156,146,177
52,156,146,177
55,158,146,173
59,158,143,173
59,158,143,173
59,158,143,173
63,158,140,173
66,158,140,173
66,158,140,173
66,158,140,173
66,158,140,173
66,158,140,173
65,158,143,173
64,155,146,173
64,155,146,173
64,155,146,173
64,155,146,173
64,155,146,173
65,155,143,173
65,155,143,173
65,157,143,170
65,157,143,170
65,157,143,170
65,157,143,170
65,154,143,170
66,154,146,170
66,154,146,170
66,154,146,170
66,154,146,170
66,154,146,170
63,154,146,170
63,154,146,170
63,154,146,170
63,154,146,170
63,154,146,170
63,154,146,170
63,154,146,170
64,154,143,170
64,154,143,170
64,154,143,170
61,154,143,170
58,154,143,170
55,154,143,170
55,154,143,170
55,154,143,170
59,154,146,170
62,154,146,170
59,154,146,170
56,154,146,170
56,154,146,170
56,154,146,170
55,151,149,170
54,148,146,177
56,150,143,174
46,151,146,173
46,153,146,170
46,153,146,170
46,153,146,170
49,153,146,170
49,153,146,170
49,156,146,170
49,159,146,170
49,159,146,170
46,164,146,167
45,166,149,170
45,175,155,170
48,187,155,163
48,189,155,160
45,189,149,160
47,189,135,160
44,195,135,154
45,195,132,154
50,190,122,162
48,188,122,164
48,188,122,164
49,179,120,173
49,179,120,173
50,181,118,170
50,181,118,170
50,181,118,170
51,183,116,167
53,185,116,164
53,185,116,164
55,185,116,164
56,183,114,167
55,183,116,167
53,183,116,167
51,183,116,167
51,183,116,167
51,183,116,167
51,183,116,167
51,183,116,167
52,185,114,164
54,175,119,177
53,173,121,179
54,173,119,179
59,169,114,183
59,166,119,176
64,164,114,180
64,164,114,180
66,162,114,176
67,157,117,179
68,159,115,175
70,159,115,175
70,159,115,175
70,159,115,175
70,159,115,175
71,159,113,175
71,159,113,175
71,159,113,175
71,159,113,175
72,154,111,179
72,154,111,179
71,154,113,179
70,152,115,183
70,149,115,176
70,149,115,176
70,149,115,176
70,149,115,176
71,151,113,173
72,153,111,170
84,150,104,170
84,150,104,170
84,150,104,170
84,150,104,170
87,148,102,173
87,146,102,170
90,146,100,170
90,148,100,167
90,146,100,164
91,148,98,161
92,150,96,158
93,152,94,155
95,152,94,155
95,152,94,155
95,155,94,149
94,158,103,143
92,154,111,146
92,154,115,146
91,153,122,143
92,153,124,143
90,153,129,143
94,153,132,143
95,152,137,140
94,151,145,137
95,153,145,134
95,155,151,131
95,157,157,128
94,156,160,131
94,161,160,128
96,163,163,125
95,164,166,123
95,164,173,123
94,163,176,125
92,165,180,123
87,168,184,118
87,168,184,118
87,168,184,118
81,168,188,118
81,168,188,118
81,168,188,118
81,168,188,118
81,168,188,118
81,168,188,118
81,168,188,118
81,168,188,118
81,168,188,118
81,168,188,118
81,168,188,118
81,168,188,118
81,168,188,118
81,168,188,118
81,168,188,118
81,168,188,118
81,168,188,118
81,168,188,118
81,168,188,118
75,169,192,116
75,169,192,116
75,169,192,116
75,169,192,116
75,169,192,116
75,169,192,116
75,169,192,116
75,169,192,116
71,169,192,116
73,169,188,116
73,169,188,116
73,169,188,116
73,169,188,116
73,168,188,118
73,167,188,116
73,165,188,111
73,165,188,111
73,165,188,107
73,165,188,107
73,163,188,107
77,163,188,107
75,163,192,107
75,163,192,107
75,163,192,107
75,163,192,107
75,163,192,107
75,163,192,107
75,163,192,107
75,163,192,107
75,163,192,107
75,163,192,107
75,162,192,109
75,162,192,109
75,161,192,111
75,161,192,111
75,161,192,111
75,161,192,111
75,161,192,111
75,161,192,111
79,161,192,111
79,161,192,111
79,161,192,111
79,161,192,111
79,161,192,111
79,161,192,111
79,161,192,111
79,161,192,111
79,161,192,111
79,161,192,111
79,161,192,111
79,161,192,111
79,161,192,111
79,161,192,111
79,161,192,111
79,161,192,111
79,161,192,111
79,161,192,111
79,161,192,111
79,161,192,111
79,161,192,111
79,161,192,111
79,161,192,111
79,161,192,111
79,161,192,111
79,161,192,111
79,162,200,109
77,162,204,109
77,162,204,109
77,162,204,109
79,160,208,109
83,160,208,109
87,160,208,109
87,157,208,111
87,155,208,111
89,152,204,113
93,150,204,113
91,149,208,115
95,149,208,115
95,149,208,115
95,149,208,115
95,149,208,115
99,149,208,115
103,148,208,117
101,147,212,119
103,147,208,119
103,143,208,126
111,143,200,131
111,143,200,131
111,140,200,136
109,139,204,139
109,137,204,145
109,140,204,145
111,140,200,145
111,140,200,145
115,131,192,151
117,131,188,151
117,128,188,145
117,128,188,145
117,123,188,145
119,125,184,142
127,123,184,148
127,117,184,154
127,117,184,154
134,115,177,157
134,118,177,151
141,113,170,154
144,113,170,154
146,115,167,151
146,113,167,154
154,113,164,154
156,115,161,151
160,117,155,148
149,121,164,139
151,124,161,139
145,135,161,133
157,139,149,130
153,139,152,130
144,143,158,128
143,150,161,120
136,151,168,118
135,151,171,118
134,151,174,118
134,153,174,118
136,154,171,116
127,156,181,116
125,158,192,116
125,158,192,116
123,157,196,118
129,157,192,118
129,157,192,118
129,157,192,118
129,157,192,118
125,157,192,118
123,157,196,118
123,157,196,118
123,157,196,118
125,157,192,118
111,156,204,120
111,159,204,118
105,159,208,118
105,159,208,118
107,159,212,123
107,159,212,123
107,159,212,123
107,159,212,123
107,159,212,123
103,159,212,128
103,159,212,128
107,159,212,128
107,159,212,128
105,157,216,134
105,157,216,134
105,157,216,134
105,157,216,134
105,157,216,134
98,159,212,131
102,159,212,131
102,159,212,131
102,159,212,131
102,159,212,131
102,159,212,131
102,159,212,131
102,164,212,126
100,167,216,126
100,167,216,126
100,167,216,126
100,167,216,126
100,167,216,126
100,167,216,126
100,167,216,126
100,170,216,126
100,170,216,126
100,170,216,126
100,171,216,123
100,170,216,125
100,170,216,125
100,166,216,128
104,166,216,128
104,166,216,128
104,166,216,128
104,162,216,131
102,162,212,131
102,162,212,131
102,162,212,131
102,162,212,131
102,162,212,131
102,162,212,131
102,162,212,131
102,162,212,131
102,162,212,131
102,162,212,131
102,159,212,131
102,159,212,131
106,159,212,131
106,159,212,131
106,159,212,131
106,159,212,131
106,159,212,131
106,159,212,131
106,159,212,131
106,159,212,131
106,159,212,131
106,159,212,131
106,159,212,131
106,159,212,131
106,159,212,131
106,159,212,131
106,159,212,131
106,159,212,131
106,159,212,131
106,159,212,131
106,159,212,131
106,159,212,131
106,159,212,131
106,159,212,131
106,159,212,131
106,159,212,131
106,159,212,131
106,159,212,131
106,159,212,131
106,159,212,131
106,159,212,131
106,159,212,131
102,159,212,131
102,159,212,131
106,159,212,131
106,159,212,131
106,159,212,131
106,159,212,131
106,160,212,128
108,160,208,128
108,163,208,128
108,163,208,128
108,163,208,128
108,163,208,128
106,158,204,139
106,158,204,139
106,158,204,139
106,158,204,139
106,150,204,139
110,151,204,136
112,151,200,136
114,150,196,139
116,150,192,139
116,147,192,139
116,143,192,142
114,139,188,145
114,139,188,145
114,139,188,145
114,139,188,145
114,139,188,145
114,140,188,142
114,140,188,142
114,140,188,142
114,140,188,142
114,143,188,142
118,143,188,142
118,143,188,142
118,143,188,142
118,143,188,142
118,143,188,142
118,143,188,142
118,143,188,142
118,143,188,142
118,143,188,142
118,143,188,142
118,143,188,142
118,143,188,142
118,143,188,142
118,143,188,142
118,143,188,142
118,143,188,142
118,143,188,142
118,143,188,142
118,143,196,142
118,143,196,142
118,143,196,142
118,143,196,142
118,143,196,142
118,143,196,142
122,143,196,142
122,143,196,142
120,143,192,142
120,143,192,142
124,143,192,142
124,143,192,142
124,143,192,142
124,143,192,142
124,143,192,142
124,143,192,142
124,143,192,142
124,143,192,142
120,143,192,142
120,143,192,142
120,146,192,142
120,146,192,142
120,146,192,142
116,146,200,142
116,146,200,142
114,149,204,142
118,149,204,142
118,149,204,142
118,149,204,142
118,149,204,142
118,149,204,142
118,149,204,142
118,149,204,142
118,149,204,142
118,149,204,142
118,149,204,142
118,149,204,142
118,149,204,142
118,149,204,142
118,149,204,142
118,149,204,142
118,149,204,142
118,149,204,142
118,149,204,142
118,149,204,142
118,149,204,142
118,149,204,142
118,149,204,142
118,149,204,142
118,150,204,139
118,150,204,139
118,150,204,139
118,150,204,139
114,150,204,139
114,150,204,139
114,150,204,139
114,150,204,139
114,150,204,139
114,150,204,139
114,150,204,139
114,150,204,139
118,150,204,139
118,150,204,139
118,150,204,139
118,150,204,139
118,150,204,139
118,150,204,139
118,150,204,139
118,150,204,139
118,150,204,139
118,150,204,139
116,150,208,139
116,150,208,139
116,150,208,139
116,150,208,139
116,150,208,139
116,150,208,139
116,150,208,139
116,150,208,139
120,150,208,139
120,150,208,139
120,150,208,139
120,150,208,139
120,150,208,139
120,150,208,139
120,150,208,139
120,150,208,139
120,150,208,139
120,150,208,139
120,150,208,139
120,150,208,139
120,150,208,139
120,150,208,139
120,150,208,139
120,150,208,139
120,150,208,139
120,150,208,139
120,150,208,139
120,150,208,139
120,150,208,139
120,150,208,139
120,150,208,139
120,150,208,139
120,150,208,139
120,150,208,139
120,150,208,139
120,150,208,139
120,150,208,139
120,150,208,139
116,150,208,139
116,149,208,136
116,149,208,136
114,144,204,136
116,145,200,133
110,149,196,130
108,148,200,133
122,148,181,133
107,152,196,135
105,152,200,135
107,154,196,132
107,157,196,132
95,157,204,132
95,160,204,132
95,160,204,132
95,160,204,132
95,163,204,132
95,163,204,132
95,163,204,132
95,163,204,132
95,163,204,132
95,163,204,132
95,163,204,132
95,163,204,132
95,163,204,132
95,163,204,132
89,163,208,132
89,163,208,132
89,163,208,132
95,163,204,132
95,163,204,132
95,163,204,132
95,163,204,132
95,163,204,132
95,163,204,132
95,163,204,132
95,163,204,132
97,163,200,132
97,163,200,132
97,163,200,132
97,163,200,132
97,163,200,132
97,163,200,132
97,163,200,132
101,163,200,132
101,163,200,132
101,163,200,132
101,163,200,132
101,163,200,132
101,164,200,129
101,164,200,129
101,164,200,129
99,170,212,126
99,171,212,123
99,175,212,121
99,175,212,121
99,176,212,119
99,176,212,119
99,181,212,114
95,181,212,114
95,184,212,112
95,186,212,112
95,187,212,110
93,187,216,110
91,190,220,108
91,193,220,106
91,193,220,106
91,195,220,106
91,195,220,106
91,197,220,106
91,199,220,106
91,201,220,106
91,203,220,106
87,203,220,106
87,203,220,106
87,203,220,106
87,203,220,106
87,203,220,106
87,203,220,106
87,203,220,106
87,203,220,106
87,203,220,106
87,203,220,106
87,203,220,106
89,211,216,98
91,211,212,98
91,211,212,98
93,213,208,98
93,213,208,98
95,216,212,100
95,215,212,102
103,217,204,106
103,216,204,108
105,216,200,108
105,217,200,110
111,216,196,126
111,217,196,129
113,217,192,129
119,219,188,126
125,221,184,126
129,221,184,126
133,221,184,126
140,221,184,126
140,221,184,126
144,221,184,126
144,221,184,126
150,224,187,124
160,225,183,122
167,228,183,120
165,231,179,118
169,232,179,116
169,235,179,114
169,242,187,109
165,249,195,103
163,248,199,104
163,249,199,102
161,249,203,102
159,251,207,101
157,250,211,102
157,249,211,103
155,252,215,100
161,254,211,98
161,256,211,96
161,256,211,96
161,260,211,92
159,260,215,92
161,261,211,90
161,261,211,90
161,261,211,90
161,261,211,90
161,261,211,90
161,261,211,90
161,261,211,90
161,261,211,90
159,260,215,92
157,259,219,93
161,259,219,93
161,260,219,91
161,260,219,91
161,260,219,91
161,260,219,91
163,260,223,91
163,260,223,91
166,259,227,93
164,258,232,94
162,257,237,95
165,258,232,93
170,260,223,89
186,262,218,86
194,264,210,83
190,263,218,85
198,267,210,82
198,275,210,77
198,275,210,77
194,277,218,75
192,278,222,72
190,279,226,71
190,280,226,71
190,280,226,71
190,280,226,71
192,280,231,71
197,280,231,71
200,281,226,70
207,282,221,70
211,284,213,68
213,286,209,66
213,286,209,66
219,287,205,65
221,287,209,65
223,287,213,65
225,287,217,65
232,287,221,65
245,289,196,62
247,290,192,61
249,291,188,60
251,292,184,59
253,292,196,60
251,292,200,60
257,297,204,55
255,299,208,53
253,303,212,49
257,306,212,46
259,311,216,41
259,314,216,38
257,316,220,36
255,316,224,36
247,317,228,35
240,318,228,34
225,313,233,35
218,315,233,35
227,315,224,35
231,316,216,34
231,316,216,34
237,316,212,34
237,316,212,34
242,319,202,33
249,319,134,33
251,320,131,32
254,320,131,32
256,321,128,31
256,321,128,31
255,321,131,31
255,321,131,31
255,321,131,31
254,321,134,31
253,321,137,31
249,321,137,31
244,321,137,31
241,321,134,31
241,321,134,31
244,321,129,31
241,321,127,31
241,321,127,31
239,321,132,31
236,318,194,34
237,318,192,34
237,317,192,35
229,317,192,35
229,317,192,35
229,313,192,39
