238,158,58,76
241,159,57,76
238,159,58,76
238,159,58,76
238,159,58,76
238,159,58,76
237,159,58,76
236,158,61,76
234,156,61,76
232,156,63,76
230,155,62,76
229,155,62,76
225,153,64,76
224,150,62,76
222,147,61,76
222,147,61,75
222,146,61,76
222,146,62,77
224,147,61,77
225,148,61,78
228,150,63,78
230,151,63,78
233,156,63,78
233,156,63,78
238,161,62,78
241,164,62,77
245,168,63,76
248,171,63,76
249,173,64,76
249,174,64,76
251,176,64,75
253,170,65,75
253,162,66,75
254,158,66,75
257,155,66,76
257,155,66,76
257,158,65,76
258,161,65,75
261,161,66,75
264,164,66,75
265,168,66,75
265,167,66,75
271,167,65,75
273,167,65,76
275,166,65,76
279,163,66,77
282,163,65,77
282,163,64,78
289,164,64,77
290,164,63,77
292,164,62,77
298,162,62,78
298,163,62,78
297,163,62,78
300,165,62,78
300,169,62,78
299,169,60,78
297,172,59,78
287,172,59,78
287,172,59,77
283,171,57,78
275,169,57,78
271,166,57,79
268,162,57,80
264,162,56,79
264,162,56,79
259,162,56,79
257,159,54,79
256,157,53,79
255,159,51,78
254,161,49,78
254,161,50,79
251,162,50,79
250,164,48,79
252,165,47,79
249,168,45,78
253,166,44,79
252,167,44,79
249,167,43,76
252,161,40,80
254,161,42,80
254,161,42,80
256,159,42,81
256,159,42,80
254,159,42,81
252,159,42,82
253,154,43,82
247,156,44,76
249,153,45,78
249,153,45,78
250,154,43,79
250,157,44,78
254,159,43,77
255,161,43,77
255,161,43,77
255,161,43,77
256,161,43,77
255,159,43,78
253,158,43,78
253,157,43,78
253,156,43,78
252,156,43,78
253,154,43,78
253,153,45,77
252,153,45,76
250,153,47,76
248,154,47,74
249,154,47,74
249,154,47,74
246,156,50,71
244,155,51,71
244,154,51,71
241,154,50,72
242,154,49,72
241,152,52,74
236,149,53,79
233,147,54,82
232,141,53,84
231,141,53,81
232,138,52,87
228,137,55,83
225,135,58,81
223,135,56,84
223,135,54,87
216,133,60,87
217,134,58,87
213,134,60,91
208,136,62,89
204,136,62,89
193,136,69,89
186,136,71,89
186,136,71,89
178,133,72,91
173,131,76,93
169,131,75,94
161,133,81,97
154,134,85,91
154,131,85,95
149,133,87,92
141,133,91,90
132,129,95,95
124,129,99,94
118,125,96,95
118,125,96,95
118,125,95,99
115,124,95,88
113,124,96,90
112,126,96,90
113,127,97,95
113,127,98,95
117,127,99,98
120,127,100,100
124,129,100,99
127,130,96,99
129,130,94,102
129,128,94,104
129,128,95,108
129,130,96,105
132,127,94,109
132,126,94,108
130,123,96,108
130,124,95,106
130,124,95,106
128,124,94,106
126,122,95,105
124,121,96,106
120,121,96,106
120,121,97,106
120,118,97,107
116,116,99,106
115,115,99,105
109,116,101,105
106,118,101,105
106,118,101,105
102,121,102,102
98,123,103,102
95,125,100,103
89,129,102,103
83,134,103,103
83,134,103,103
81,140,104,102
79,145,103,101
74,148,104,100
71,151,104,102
66,157,104,100
66,157,104,100
61,160,103,103
58,164,104,101
52,166,103,101
48,161,104,104
43,158,105,103
43,158,105,103
38,153,105,106
37,151,105,105
32,150,106,106
32,150,106,106
32,150,106,107
32,150,107,107
32,150,107,107
32,149,108,106
32,149,108,106
32,147,109,106
32,145,110,105
33,145,109,105
35,142,109,107
36,142,109,105
39,140,109,107
39,144,110,104
41,147,110,105
41,147,110,105
43,149,110,105
43,151,111,106
44,153,112,106
44,158,112,106
46,162,112,106
46,162,112,107
52,166,109,107
53,170,108,106
56,173,107,106
57,174,106,106
57,174,105,106
57,175,105,106
55,175,104,106
53,178,103,106
50,181,103,106
51,183,100,107
54,185,96,107
54,185,96,107
57,186,92,107
61,189,89,108
64,188,86,109
66,186,84,112
68,186,82,109
68,185,82,110
68,183,82,111
70,181,79,111
71,181,77,111
73,183,75,111
73,183,73,112
73,183,73,112
73,186,71,112
74,187,68,112
75,185,65,111
73,177,65,111
71,167,65,109
71,167,65,109
69,159,68,107
66,153,70,107
66,151,72,105
63,151,74,104
64,148,75,107
64,150,75,104
62,150,77,105
63,151,78,104
66,149,79,106
69,151,80,103
73,150,81,104
73,150,81,104
76,147,83,106
80,146,85,105
84,141,86,106
89,139,87,104
94,135,89,105
94,137,89,103
99,134,91,104
106,133,93,102
108,132,95,103
113,130,97,104
116,130,100,103
116,130,100,103
118,130,101,102
119,128,104,103
117,128,106,103
119,128,107,103
117,130,110,103
118,131,109,102
117,133,111,102
113,136,112,101
110,136,113,102
107,137,114,101
102,136,114,100
102,136,114,100
97,132,115,102
92,130,115,103
88,127,114,102
82,124,117,100
77,120,118,101
77,120,118,101
74,119,119,100
71,119,119,100
71,120,119,99
67,122,121,98
68,119,122,101
68,119,122,101
66,120,123,100
70,121,122,99
72,123,122,99
74,124,123,100
76,127,124,99
75,128,125,99
77,128,127,101
81,130,126,100
83,130,127,100
84,130,127,100
85,127,127,102
85,128,127,101
85,128,127,101
87,125,125,101
88,123,124,101
87,120,126,102
89,122,125,100
89,122,125,100
90,122,125,101
91,123,127,102
93,125,127,101
94,125,129,102
95,127,129,99
95,127,129,100
95,127,130,99
96,127,128,99
96,124,129,101
95,125,128,101
97,126,129,101
97,126,128,100
97,126,128,100
98,125,128,100
98,126,127,98
98,124,127,100
100,124,127,101
101,124,127,100
101,124,126,100
102,124,126,99
101,124,126,99
103,122,125,102
102,128,125,97
102,125,125,100
103,128,125,98
103,128,126,99
104,129,125,98
105,129,125,98
105,129,125,99
105,129,125,99
107,131,125,97
107,131,125,98
107,130,125,98
107,131,125,98
109,131,124,99
110,132,124,98
110,134,124,97
111,133,124,98
112,133,124,100
113,135,124,97
115,133,123,98
115,133,123,98
115,133,123,96
116,131,123,97
119,131,123,97
120,131,123,96
123,131,124,96
123,130,125,97
125,129,124,96
127,130,125,95
127,130,126,96
127,130,126,97
127,130,128,98
127,129,129,99
123,131,131,98
120,132,134,98
117,132,134,99
114,133,136,100
109,134,138,100
109,134,139,100
102,134,140,100
96,133,140,100
90,133,141,99
85,130,140,100
76,126,139,100
76,125,140,101
70,121,139,102
63,117,137,103
52,119,136,102
44,119,132,100
32,119,129,101
32,119,129,101
26,119,126,101
20,119,125,103
13,121,125,104
9,123,124,104
9,124,120,104
9,125,120,103
8,125,118,102
15,125,114,103
19,126,112,101
32,127,107,100
43,127,103,101
43,127,103,101
54,127,101,101
66,127,97,101
76,123,94,103
84,122,91,102
93,115,87,106
93,115,87,106
98,113,84,105
104,112,82,104
104,112,80,102
108,108,79,104
107,107,78,105
107,107,78,105
111,107,77,105
110,109,77,103
111,111,77,103
110,114,77,102
111,114,77,103
111,112,78,106
111,114,79,107
113,114,78,107
116,117,79,105
119,117,78,107
121,116,79,107
121,116,79,107
124,113,79,107
126,113,79,106
132,113,79,106
134,112,80,106
135,114,80,105
135,114,80,105
134,117,80,104
135,121,80,106
134,128,81,106
133,136,83,105
133,147,83,105
133,147,83,105
133,157,81,102
133,160,81,103
133,161,80,101
134,153,80,104
133,149,80,102
133,149,80,102
130,149,80,101
127,150,80,101
121,152,80,100
117,152,79,98
113,150,79,98
113,150,79,98
109,144,79,100
104,137,79,101
102,130,79,103
97,126,79,103
99,123,78,102
98,123,79,102
98,124,79,100
101,126,78,99
101,126,79,99
104,126,80,99
105,125,82,98
105,125,82,98
108,121,83,98
108,115,84,100
107,110,86,99
105,106,88,99
106,104,92,97
106,104,92,97
106,105,95,97
105,105,99,97
102,101,102,100
102,99,104,101
97,98,109,101
97,99,109,100
98,99,112,99
96,99,114,100
97,100,118,100
96,100,121,101
94,102,124,101
94,102,125,101
92,102,128,101
88,105,134,101
87,106,138,100
85,103,142,103
84,103,145,102
84,103,145,101
84,103,148,101
83,103,150,101
83,101,151,103
83,101,153,103
83,103,154,101
83,103,154,101
80,104,156,102
80,104,157,102
80,104,158,103
82,105,158,103
84,106,157,102
84,106,157,102
86,106,157,103
87,106,157,104
90,106,155,104
92,106,155,104
96,106,153,103
96,106,153,103
98,106,151,103
99,105,151,103
100,103,153,104
100,103,153,104
102,104,153,103
102,104,153,103
102,104,153,103
102,103,153,104
102,103,153,104
103,101,151,103
102,102,151,102
102,102,151,102
102,102,150,102
100,102,150,102
98,102,150,102
97,102,150,104
97,102,150,105
97,102,150,105
97,102,150,105
100,102,149,105
100,102,149,105
100,101,150,103
102,101,150,102
102,101,151,102
102,101,154,102
106,99,152,103
108,98,153,102
111,98,153,101
112,98,155,99
112,98,155,99
115,96,156,101
117,95,156,100
117,95,157,100
119,95,156,100
119,95,157,100
119,95,157,100
120,96,157,98
120,94,158,100
122,95,158,99
121,95,154,99
121,95,152,99
121,95,152,99
120,95,152,99
119,96,152,99
119,96,152,99
119,96,152,100
119,99,151,98
119,99,151,98
122,101,150,96
122,101,150,96
123,99,151,98
125,101,150,96
126,103,150,95
126,103,150,95
128,106,149,95
129,104,151,98
129,106,151,97
129,107,151,96
131,107,150,96
131,107,150,96
130,103,151,98
130,103,150,96
128,101,152,96
130,97,150,98
129,96,150,97
129,96,149,97
129,92,150,98
131,90,150,98
131,89,150,98
134,92,150,92
134,93,150,91
133,93,151,92
138,95,149,88
138,95,149,88
140,93,152,92
145,94,151,90
149,92,151,93
149,92,151,93
149,92,159,93
148,89,168,96
158,89,162,95
169,91,161,92
174,88,161,92
174,89,158,92
190,88,152,89
205,88,145,85
210,86,152,85
216,87,154,85
222,87,160,84
222,87,159,84
219,87,168,84
216,87,182,83
213,88,194,81
215,88,201,85
232,91,189,81
231,92,191,81
244,87,175,87
254,90,164,88
235,93,166,89
222,92,164,88
207,86,164,94
207,86,164,94
177,82,165,97
149,82,169,94
118,86,171,89
88,88,175,89
62,81,173,91
61,82,174,90
36,74,171,93
16,67,170,94
7,63,162,96
7,57,154,99
7,55,143,105
7,55,143,105
7,52,143,106
7,54,139,102
7,54,143,100
7,56,146,98
7,56,151,97
7,56,151,97
17,55,150,99
32,57,143,99
50,57,139,99
66,60,129,98
88,60,119,99
88,60,119,101
105,60,111,104
126,60,98,102
142,64,93,98
157,68,90,94
167,72,86,91
167,72,86,91
179,76,82,89
189,80,77,88
200,84,72,88
207,90,65,89
213,97,54,88
211,98,56,87
214,107,52,89
219,114,51,90
226,119,51,89
229,122,50,90
231,125,50,89
231,125,50,89
234,126,49,91
231,124,50,93
231,121,52,94
229,121,50,95
229,121,50,95
231,123,48,92
230,123,49,92
230,123,49,92
230,125,50,90
227,122,50,89
222,119,53,91
224,119,51,93
217,117,53,93
213,114,56,95
211,113,58,96
209,113,61,96
209,113,64,96
209,113,64,96
209,113,69,82
210,113,76,82
210,113,85,85
211,113,88,87
213,113,91,88
213,113,92,88
215,113,101,89
214,113,108,90
215,113,113,91
215,117,115,88
211,120,119,89
211,120,119,89
212,122,123,88
205,127,124,83
207,127,122,82
205,127,124,81
205,127,123,82
204,127,124,81
203,127,121,80
199,127,122,77
199,127,120,73
199,127,115,73
196,129,116,72
195,129,116,72
195,129,114,70
191,133,116,67
191,133,117,67
189,134,119,67
185,134,118,67
185,134,117,67
179,136,117,66
175,137,116,65
173,137,117,65
169,138,117,64
165,139,118,63
165,139,118,63
162,139,117,64
159,140,117,63
155,139,119,64
155,140,117,63
157,138,116,68
156,139,118,67
156,139,116,68
156,139,116,69
156,139,114,69
160,139,112,67
160,139,112,67
160,139,112,67
160,136,107,71
167,139,107,67
167,142,105,65
171,142,103,66
171,142,105,66
172,142,104,65
175,142,103,65
176,142,104,65
179,141,100,67
182,142,99,64
182,141,99,64
182,141,100,64
183,141,103,64
184,142,103,65
187,143,103,64
195,143,98,64
197,143,97,64
197,143,97,64
202,144,96,64
204,145,96,64
210,145,94,64
213,144,94,65
215,145,91,64
215,145,91,64
219,141,90,65
219,139,89,64
220,138,88,66
221,138,88,64
221,138,87,64
221,138,87,63
223,138,84,61
223,138,83,59
224,138,81,57
227,136,77,59
227,133,77,60
228,134,77,59
229,132,76,60
231,127,74,61
231,126,72,61
231,124,73,60
232,122,72,60
232,122,72,60
233,119,72,61
234,120,73,60
234,121,74,60
235,122,72,60
237,123,70,60
237,123,70,60
237,123,68,60
237,120,68,63
239,119,65,61
239,118,65,61
242,118,63,61
242,118,63,61
242,118,62,61
242,118,61,61
246,118,56,63
248,120,55,62
253,123,53,60
253,123,53,60
253,123,53,60
256,128,51,57
257,122,51,60
260,124,46,57
259,121,46,59
261,121,44,59
261,124,44,58
255,120,51,64
253,119,54,64
250,119,55,64
247,117,55,66
247,117,55,66
244,118,59,68
240,120,62,66
237,120,66,68
232,122,69,66
230,125,67,68
229,125,67,68
227,125,69,68
225,125,70,68
222,125,71,68
219,124,70,71
221,127,69,74
223,126,68,74
218,128,68,75
221,129,68,75
219,130,67,75
221,132,66,75
221,133,64,74
221,133,64,74
223,133,62,74
224,131,59,75
227,130,57,74
227,130,56,74
227,130,55,70
227,130,55,70
228,126,52,70
227,126,50,69
227,126,48,69
226,124,48,66
226,124,48,70
226,124,48,70
225,124,48,67
225,123,46,67
224,122,45,67
226,122,44,68
224,123,47,69
225,123,45,68
228,123,44,68
226,123,44,69
226,123,44,68
226,123,44,67
226,120,43,70
226,120,43,70
226,119,44,70
224,120,43,70
225,121,43,68
224,122,43,68
224,123,43,68
224,123,43,68
225,123,41,68
226,126,40,68
226,126,40,72
227,128,40,71
227,128,40,71
227,128,40,71
227,128,40,71
227,128,40,71
225,128,42,71
224,129,43,71
221,131,43,67
221,131,43,67
222,130,43,66
218,132,45,71
219,133,46,72
216,134,47,72
216,135,48,70
216,135,48,70
216,135,48,70
217,136,48,71
219,136,47,71
222,136,47,70
224,136,48,70
223,136,49,70
226,136,47,69
228,135,48,69
229,135,49,71
232,135,48,69
234,135,47,70
234,136,47,70
235,136,47,70
234,136,47,68
235,133,47,68
235,133,47,68
236,131,44,69
236,131,44,69
236,129,44,69
232,130,45,69
235,130,44,72
231,135,44,69
235,135,43,71
235,136,43,70
232,138,46,70
233,138,44,70
236,139,42,70
231,141,45,69
237,138,42,71
237,138,42,71
233,138,44,70
239,138,43,69
237,139,45,70
239,139,43,70
239,139,44,70
239,139,44,70
238,139,44,70
240,139,44,69
238,139,43,69
240,136,43,69
237,136,44,70
237,136,44,70
239,135,44,69
238,135,43,66
239,134,43,65
239,133,43,65
238,133,44,65
238,133,44,65
239,133,44,64
238,132,43,65
241,131,43,65
239,132,43,65
242,132,42,65
241,132,43,64
240,134,43,64
240,133,43,65
240,133,43,64
240,134,43,64
240,134,43,64
240,134,43,63
239,134,42,62
240,134,42,63
238,134,44,61
239,135,45,52
239,135,46,57
239,135,45,57
239,135,45,57
240,139,42,54
239,140,42,53
242,144,48,48
243,143,40,50
243,143,40,50
243,143,40,49
243,143,44,46
240,143,50,62
239,141,59,67
235,142,63,67
235,142,63,67
236,142,69,63
233,141,73,68
234,140,78,65
232,143,79,62
236,141,83,63
236,141,83,63
243,141,76,65
247,139,70,70
247,138,67,74
247,134,68,83
241,135,69,81
241,135,69,83
238,138,71,84
239,140,68,88
234,144,68,83
230,145,70,83
225,145,73,83
225,145,73,83
221,144,77,85
219,144,78,85
213,142,82,87
208,140,82,88
200,137,83,89
200,137,82,89
195,136,84,90
185,136,89,90
176,136,93,90
169,136,97,90
160,137,99,89
160,137,99,89
153,140,103,87
146,140,103,89
144,138,105,88
141,133,102,89
139,131,104,91
139,132,104,90
138,130,103,91
138,130,106,90
138,130,106,90
138,131,106,89
138,132,112,89
138,132,112,89
138,133,115,91
136,135,119,90
136,135,122,90
126,135,128,90
126,135,127,90
126,135,126,90
120,133,122,89
106,131,127,88
99,131,123,85
85,126,123,87
76,123,124,88
76,123,124,88
65,124,126,87
61,125,125,86
52,125,129,87
44,125,131,89
43,125,131,90
43,125,131,90
35,127,132,90
37,125,132,90
35,126,136,90
38,126,137,90
41,126,140,90
41,126,139,89
46,128,139,88
52,128,142,88
55,128,142,90
62,128,144,90
66,132,144,89
66,132,144,89
72,133,143,88
76,133,141,89
79,136,140,88
79,136,141,89
78,135,144,89
78,135,144,89
80,135,144,89
79,135,143,89
83,135,141,87
80,135,142,85
81,134,142,82
82,134,142,82
81,135,139,84
85,135,136,83
89,136,134,85
91,133,131,88
93,133,130,87
93,133,130,87
92,133,130,87
94,131,130,87
97,131,125,88
96,131,122,88
92,135,121,87
91,133,122,89
94,135,114,88
92,135,113,88
89,136,110,87
86,137,106,87
83,138,103,89
83,139,103,88
80,142,99,86
82,143,97,85
85,148,88,83
88,150,83,84
89,151,78,83
89,151,78,83
90,152,73,84
90,152,73,84
92,152,71,84
92,154,70,79
91,154,69,79
91,154,69,79
97,154,66,78
93,154,66,79
96,154,64,79
98,153,62,81
98,153,62,82
98,153,62,82
101,152,60,84
102,152,58,86
104,150,57,86
106,149,56,85
107,148,54,84
107,148,54,84
110,145,52,85
110,144,52,85
114,141,49,85
111,141,51,81
114,135,53,84
114,135,53,84
112,130,55,84
113,125,55,86
112,121,56,85
111,118,55,86
110,119,55,86
110,119,55,86
106,124,56,86
105,131,57,88
101,138,58,89
103,144,60,90
100,144,62,91
100,144,62,91
101,144,64,91
100,140,65,91
99,137,68,89
99,137,68,87
97,137,70,87
97,136,70,88
97,136,70,88
95,136,72,90
95,136,73,90
96,136,74,90
97,136,75,89
97,136,75,89
100,136,75,86
101,129,75,88
105,125,75,85
107,120,76,86
110,120,77,84
110,120,77,84
114,116,78,84
117,116,78,82
122,112,79,86
127,115,78,79
131,118,78,79
131,119,78,78
135,122,79,79
140,121,79,79
144,121,80,80
148,125,79,79
153,128,79,78
153,128,79,78
159,129,78,78
161,129,80,79
165,129,80,82
167,133,79,82
172,133,79,84
171,136,79,80
174,137,78,82
177,140,77,80
181,141,74,80
181,141,75,77
182,138,74,70
182,141,75,67
182,141,75,69
184,142,71,69
186,140,71,72
183,138,71,73
185,138,69,71
185,138,69,71
183,136,69,71
186,134,68,68
186,134,68,62
188,134,65,63
190,134,64,82
190,134,64,81
191,132,62,89
194,130,60,87
191,128,60,88
191,128,60,88
191,125,56,89
191,125,56,89
189,125,55,89
187,125,53,89
184,125,55,89
182,125,59,89
180,125,61,89
180,126,61,89
178,127,61,88
176,127,64,88
174,127,72,88
172,127,74,89
172,130,78,86
172,130,78,86
169,130,81,86
167,130,84,87
166,130,86,87
163,130,90,87
163,130,92,84
162,130,94,84
161,128,95,86
163,128,95,85
162,128,102,83
163,128,103,83
164,126,105,85
164,126,105,85
164,126,108,85
164,126,113,85
162,126,116,85
159,125,119,85
158,123,123,86
157,123,124,86
154,123,127,86
154,123,127,86
150,123,126,83
138,123,135,83
139,119,127,85
139,119,127,85
136,119,125,85
127,119,127,82
123,119,134,85
121,121,134,86
117,120,137,88
116,122,138,86
112,122,139,87
112,123,140,87
111,122,141,87
112,122,141,89
114,123,141,88
114,123,141,88
122,123,137,89
121,125,139,89
122,125,142,88
122,124,143,89
124,123,145,90
124,123,145,90
122,123,140,89
125,122,137,89
123,123,139,87
120,123,139,87
119,120,139,89
119,120,139,89
117,120,141,89
117,120,141,88
118,120,140,89
123,121,135,88
128,123,131,85
128,123,131,85
132,123,129,86
132,124,137,86
138,124,144,87
139,123,145,87
143,123,142,87
143,123,143,87
148,123,141,87
152,123,138,87
155,123,137,87
155,123,137,87
155,124,142,86
155,124,142,86
152,124,149,84
153,124,153,85
153,127,154,83
156,128,153,83
159,129,159,83
159,129,159,83
159,130,155,81
164,132,152,80
167,132,151,82
170,134,147,84
169,132,147,85
169,133,146,84
169,133,145,85
167,133,145,85
165,129,145,88
163,132,145,86
161,129,149,90
161,130,149,89
166,130,144,89
165,130,145,87
167,129,146,89
165,132,145,90
165,134,148,90
165,134,148,91
168,135,149,87
