492,378,177,174
495,377,179,182
508,377,178,182
525,376,177,184
542,376,176,184
560,379,174,186
576,384,173,186
589,396,177,183
609,404,173,183
631,407,177,185
654,419,174,185
670,422,175,187
693,420,174,186
717,417,173,192
744,416,173,187
771,413,172,187
796,405,174,186
812,401,182,185
822,393,185,185
835,388,183,182
849,382,182,179
862,372,181,173
865,359,176,166
865,342,175,161
862,321,173,156
851,309,170,155
845,300,165,149
841,288,161,144
838,273,155,140
821,255,149,142
798,242,146,135
768,227,146,137
740,215,145,135
710,210,140,124
672,200,140,122
636,196,148,132
608,198,137,140
579,197,133,144
556,194,132,146
536,199,132,147
512,206,138,141
491,209,143,137
476,221,145,129
463,238,145,116
444,252,154,122
441,268,155,132
440,289,162,155
448,295,161,152
460,316,165,165
467,331,169,167
479,346,168,170
500,364,163,169
525,379,165,171
556,393,162,170
584,399,166,164
614,398,166,178
639,401,169,173
666,398,170,159
703,387,166,151
733,383,168,173
756,371,174,173
796,349,168,168
817,328,179,158
836,303,174,144
847,272,166,139
831,242,165,137
813,220,156,133
797,198,151,132
771,177,151,136
739,167,139,141
695,167,141,127
646,167,135,132
596,170,142,139
553,189,131,132
513,195,129,143
482,210,130,142
454,224,136,137
434,241,144,129
418,262,153,140
411,289,156,150
402,321,163,156
404,356,166,160
429,380,161,165
454,402,161,159
485,416,156,153
536,426,156,151
584,433,161,161
624,430,165,163
665,419,160,160
708,402,160,146
741,377,168,155
763,352,174,155
776,331,176,148
794,300,166,152
804,272,163,147
800,244,159,145
794,225,154,139
781,207,151,130
756,180,146,137
730,169,141,139
704,163,133,137
676,161,134,132
647,155,136,133
609,158,135,133
569,176,122,133
525,184,115,135
486,199,127,142
462,218,127,143
443,242,126,142
410,272,142,130
389,304,145,142
370,351,157,149
343,405,170,150
316,458,182,161
325,490,176,172
358,506,164,169
376,526,185,174
382,536,188,184
402,547,179,173
441,544,169,176
485,532,169,185
528,507,173,184
561,484,175,174
581,458,175,163
610,429,165,162
627,401,164,156
631,380,156,139
625,351,155,138
618,327,154,137
612,308,148,143
589,294,144,144
565,288,145,141
540,280,146,140
506,272,141,143
459,272,144,130
417,282,135,88
383,279,130,65
0,0,0,0
0,0,0,0
0,0,0,0
0,0,0,0
0,0,0,0
308,484,107,140
261,482,156,174
228,503,198,190
280,522,176,189
316,541,181,179
360,560,183,160
405,563,176,157
458,564,170,156
508,567,167,153
563,560,167,160
624,542,169,178
664,521,176,181
697,502,180,187
726,475,177,173
741,449,176,168
752,416,171,156
754,385,163,151
742,362,155,140
729,345,152,126
700,317,158,128
682,295,150,138
657,290,150,139
628,284,142,138
610,282,140,136
579,282,142,136
547,287,140,138
510,305,134,130
474,314,134,137
444,327,129,144
421,342,132,141
400,365,137,128
385,388,144,137
383,418,146,147
378,451,152,150
385,484,152,156
402,504,151,164
432,526,152,165
465,545,159,159
499,560,164,148
535,561,156,152
568,560,155,159
599,563,153,155
635,555,147,161
671,548,148,152
711,526,153,162
739,501,155,158
751,476,154,152
752,454,156,142
753,426,151,136
748,403,149,130
746,378,144,128
721,359,141,128
679,352,134,128
623,349,139,125
574,346,131,124
539,337,131,123
496,329,133,123
431,336,137,126
352,352,133,125
274,355,130,138
227,365,135,142
190,369,138,154
158,401,163,140
160,417,166,149
181,432,166,156
201,452,168,148
217,471,168,156
236,484,170,171
259,483,171,184
275,483,177,185
286,484,184,184
318,480,184,185
343,500,186,183
367,514,174,193
395,526,174,194
421,542,180,178
436,550,188,170
442,549,189,171
453,554,186,166
474,545,177,170
499,528,174,170
524,516,172,178
545,508,171,180
566,495,171,178
581,482,174,173
589,468,173,166
592,453,170,163
605,439,160,158
611,418,160,154
615,399,155,153
618,382,155,150
626,370,146,141
626,352,145,137
622,334,142,139
613,322,140,139
605,310,140,138
590,302,143,138
576,299,146,139
570,295,140,137
566,289,138,136
554,288,133,134
543,288,132,134
532,287,132,135
524,286,133,136
516,286,132,135
503,286,131,135
488,288,131,135
473,290,130,135
462,291,128,136
456,289,135,134
456,289,131,138
453,292,133,137
447,291,134,135
443,292,131,131
432,293,132,110
419,289,132,115
400,294,131,136
383,301,131,140
366,307,133,140
348,312,137,145
328,328,142,145
326,340,144,148
345,349,146,152
357,356,153,157
355,356,156,156
352,360,156,157
349,363,156,157
343,363,157,158
344,372,155,160
350,383,161,163
344,392,162,165
344,401,164,169
351,409,165,169
359,419,171,169
366,432,170,171
373,447,170,175
381,462,170,181
386,475,179,188
388,503,181,186
404,516,172,195
441,518,160,196
482,517,156,195
521,517,158,194
558,517,170,182
580,515,174,176
595,504,176,176
608,490,177,170
622,477,175,157
638,468,171,158
655,457,172,165
676,449,170,163
688,435,170,161
705,419,163,156
704,400,161,155
701,387,155,148
702,376,149,141
702,358,141,139
692,346,141,136
676,337,140,132
663,328,141,130
649,321,140,131
625,318,145,135
606,308,147,134
596,299,144,135
585,291,143,133
573,280,138,129
560,267,137,135
557,266,136,134
549,262,134,131
537,256,134,134
532,257,132,133
527,254,133,129
525,250,132,132
520,252,131,133
519,251,130,133
518,248,136,131
526,257,138,136
532,258,138,138
537,257,136,138
537,261,136,123
534,264,137,106
524,267,138,140
512,270,140,141
503,271,141,142
506,268,146,142
503,269,143,144
483,272,150,145
481,272,149,144
507,274,144,144
522,282,143,146
529,294,144,149
540,304,143,152
549,319,146,154
559,334,147,156
577,343,144,160
599,355,146,161
627,368,147,159
644,373,154,160
658,376,156,164
677,378,151,165
695,374,152,159
711,358,156,159
717,344,161,159
719,331,159,158
719,317,159,157
720,296,164,162
718,279,161,164
709,265,160,159
705,254,159,152
701,236,155,152
695,225,156,151
688,215,155,145
677,199,150,140
662,181,146,141
645,166,143,141
630,151,139,138
623,139,139,135
615,128,135,138
607,124,131,136
598,116,133,137
589,111,130,135
573,103,123,137
547,99,122,138
520,97,126,140
501,97,127,141
482,98,132,141
474,105,134,137
468,110,135,123
463,116,133,88
452,124,134,126
444,129,132,128
426,134,135,131
407,138,133,146
394,142,133,143
375,144,135,130
359,149,138,119
344,152,144,147
348,154,146,152
353,155,151,151
349,157,150,158
333,168,149,158
316,176,152,157
330,178,153,157
333,178,154,155
340,179,156,152
350,180,153,149
339,192,154,148
330,198,156,147
354,202,157,153
375,217,149,155
404,222,143,155
430,224,143,158
449,237,145,156
470,243,145,154
484,242,146,155
498,248,147,153
508,253,148,151
518,254,151,150
521,256,152,153
520,261,154,153
527,267,149,153
534,272,154,154
544,276,156,154
560,277,153,153
579,278,153,152
594,278,154,153
612,276,153,153
622,276,155,154
625,280,157,153
646,284,151,153
659,281,154,158
665,281,156,159
669,283,156,159
673,282,156,159
677,279,158,159
677,280,158,158
687,281,150,156
714,279,142,157
741,277,143,153
767,272,145,153
786,267,151,154
811,264,146,152
817,253,152,144
806,243,139,143
785,236,137,135
769,220,134,136
749,206,143,141
743,203,143,141
738,201,143,138
734,195,143,134
726,188,141,128
716,187,140,121
709,182,138,129
702,178,134,132
685,179,137,131
671,177,133,129
650,175,136,126
635,176,129,124
626,178,130,120
617,178,130,129
607,179,130,134
598,181,126,133
587,180,127,132
561,178,127,135
548,183,127,135
537,186,129,137
527,189,131,140
517,195,133,137
510,194,130,135
495,194,138,111
485,192,140,97
467,194,137,135
437,205,141,136
425,216,138,129
418,223,144,123
421,232,145,125
420,243,145,143
412,252,150,157
405,264,149,154
408,273,143,157
433,286,141,161
456,302,146,160
479,319,150,161
506,337,151,154
530,350,153,148
559,359,154,151
585,370,156,164
607,380,161,178
627,377,162,167
681,360,151,157
712,348,167,151
723,336,166,157
729,317,166,164
737,308,163,160
737,297,162,156
741,282,160,154
744,269,158,153
738,258,156,148
731,241,153,147
733,227,150,141
733,214,146,135
721,203,142,139
707,197,134,139
689,195,135,134
678,184,132,132
672,177,134,136
663,177,134,138
656,177,137,135
651,173,138,123
644,175,139,99
637,171,133,126
633,168,134,132
629,167,132,131
622,164,130,133
615,164,128,132
604,166,126,133
587,165,130,125
578,160,129,130
569,158,128,132
552,153,132,133
537,149,131,137
530,152,131,135
527,158,130,135
519,163,132,136
522,168,132,134
530,167,132,134
529,161,132,134
522,158,131,135
522,158,129,134
520,161,133,134
518,164,134,138
520,163,132,135
527,158,130,139
528,159,129,138
528,161,126,136
526,158,130,133
526,161,128,129
525,164,128,123
524,165,128,123
525,163,133,123
540,161,133,123
544,164,133,123
544,167,133,130
537,169,133,130
530,172,132,129
529,169,132,129
529,166,132,133
527,168,132,133
524,168,131,132
517,166,132,133
511,166,132,133
508,165,131,132
510,162,130,131
509,160,129,130
502,159,129,130
490,167,128,120
478,170,128,120
469,173,127,119
459,179,136,119
451,183,136,119
442,187,136,119
430,193,136,119
416,199,136,133
406,199,135,150
410,203,134,149
423,208,136,149
435,214,143,149
445,221,144,150
451,229,154,151
464,236,154,151
477,240,154,151
481,246,155,152
484,252,155,152
490,257,155,152
508,264,155,152
523,270,155,152
541,272,155,152
564,273,155,152
582,268,155,152
595,261,154,151
593,254,153,150
586,247,153,150
591,243,153,150
601,238,153,150
608,242,153,150
618,247,152,149
619,246,152,149
621,247,151,148
626,246,150,147
643,240,151,148
660,233,152,149
677,229,152,149
708,224,153,150
724,219,154,151
741,212,146,136
746,204,145,135
745,198,145,124
741,192,144,123
740,182,144,144
737,173,144,144
730,169,144,144
725,163,144,144
723,156,143,143
721,153,138,131
707,148,137,130
692,144,136,129
677,144,136,134
659,142,135,138
643,137,135,138
630,133,135,138
615,127,135,138
601,120,135,138
588,119,135,126
591,117,135,126
592,115,135,126
590,116,135,138
584,116,135,138
568,113,134,137
549,113,133,136
532,112,133,136
516,112,133,136
499,117,132,140
487,129,131,139
478,129,130,138
477,128,129,137
465,134,129,109
446,135,129,109
426,139,129,128
409,145,131,144
403,148,135,151
403,155,139,160
397,164,139,151
397,166,139,151
399,172,138,131
411,180,138,131
432,191,138,131
462,204,138,131
464,219,144,132
464,227,144,132
466,234,144,132
473,240,144,132
481,245,148,132
497,253,148,162
514,258,149,163
531,259,150,160
552,254,150,160
571,251,150,161
587,248,150,161
617,244,150,161
625,236,154,161
627,231,153,160
624,227,152,159
617,222,152,152
620,215,153,153
627,208,153,149
632,199,153,149
636,194,153,149
645,183,152,148
650,175,151,147
654,167,150,146
672,163,145,146
685,159,145,146
699,152,145,146
707,145,144,145
700,140,144,145
685,144,143,144
681,140,142,143
684,138,141,142
684,133,141,142
681,135,140,141
672,138,139,140
661,145,138,132
642,138,133,132
622,133,132,131
596,131,131,111
570,134,131,111
551,133,131,129
532,133,131,129
510,135,131,136
503,135,132,137
495,137,132,137
486,139,131,136
471,142,131,115
455,141,132,94
440,145,133,124
425,151,133,140
405,154,138,140
398,160,138,140
395,166,137,143
385,171,141,143
382,177,140,142
388,182,140,142
396,182,142,144
415,188,142,144
438,192,143,145
440,190,150,145
439,189,150,129
437,190,155,130
439,190,156,131
445,191,156,131
451,197,156,147
455,201,156,159
468,207,156,159
475,213,156,152
479,214,157,153
482,210,157,162
475,210,157,162
470,210,157,162
462,209,157,162
451,208,156,161
446,207,159,160
448,199,158,159
447,196,158,136
444,197,157,144
445,195,156,161
440,191,164,160
442,192,163,159
450,195,163,159
467,199,163,159
484,205,163,159
499,209,163,159
512,210,163,143
518,208,163,143
520,205,163,155
516,202,159,166
515,199,159,166
518,200,159,154
522,199,159,136
525,197,159,145
528,200,159,152
526,204,159,152
524,207,159,152
514,215,159,154
510,218,159,154
509,222,159,154
510,225,158,153
515,229,157,154
527,233,156,153
538,230,155,152
546,227,154,151
551,225,153,136
556,223,152,151
560,222,152,151
555,221,152,151
550,219,152,158
548,215,152,158
549,219,152,158
548,218,152,158
548,218,152,158
551,218,152,158
554,217,152,158
556,216,152,158
555,214,151,157
554,214,150,156
553,213,149,155
548,212,148,154
543,211,148,154
543,213,147,153
543,213,147,153
544,215,147,153
545,214,147,153
550,211,147,153
552,209,147,153
545,203,151,122
545,199,151,140
546,197,151,151
548,194,151,151
545,191,153,155
545,190,153,155
543,193,152,154
541,195,151,157
542,194,151,157
542,196,150,156
542,199,149,155
544,196,157,156
544,194,156,155
546,193,155,154
547,193,154,153
545,194,154,153
541,196,154,153
539,199,154,153
540,203,154,153
535,206,154,153
530,207,154,153
529,206,154,153
530,199,153,152
531,190,153,152
531,181,152,151
532,172,151,150
530,163,150,149
524,153,150,149
517,145,150,149
511,142,149,148
500,141,149,157
492,139,149,157
478,138,157,156
478,134,156,155
483,130,155,154
493,129,155,133
503,121,155,133
505,114,155,154
505,111,155,154
502,107,155,154
491,108,154,153
481,109,154,153
473,112,154,157
472,116,154,157
466,118,154,157
465,118,154,157
465,116,162,160
463,113,162,160
466,110,161,159
465,104,161,159
461,100,160,158
457,99,160,158
450,100,160,158
440,99,160,158
431,100,160,158
420,108,160,158
407,116,160,162
405,123,160,162
393,129,160,162
378,133,159,161
365,134,159,161
353,132,159,161
339,131,158,143
317,125,157,158
292,119,157,158
259,115,159,170
239,114,159,170
212,114,158,169
187,129,157,152
153,132,156,126
114,138,155,143
30,166,178,153
2,227,106,140
1,260,44,140
1,260,17,140
1,255,17,140
1,255,17,140
4,254,17,141
6,241,63,141
3,218,86,159
1,221,113,170
1,217,127,165
1,217,181,194
40,218,186,181
95,210,186,181
152,198,186,181
192,184,186,158
220,157,186,158
254,137,185,157
297,114,170,168
326,88,170,168
350,60,169,167
369,36,168,166
378,11,168,166
375,1,168,152
358,1,157,133
329,1,146,119
294,1,139,114
255,1,139,114
215,1,139,114
174,6,139,114
133,2,135,132
95,1,135,148
62,18,135,148
16,38,149,164
1,61,122,164
1,81,99,164
1,101,81,176
1,120,80,175
1,143,80,176
6,161,80,198
1,170,96,210
1,185,131,197
1,206,168,197
53,208,181,171
106,208,180,170
155,207,184,184
197,203,184,184
238,207,184,184
264,209,183,162
284,197,183,153
306,188,183,153
334,180,181,151
361,170,179,150
388,157,178,181
392,142,177,180
387,129,174,177
388,112,173,162
391,85,172,161
405,67,171,142
406,47,170,141
394,30,151,125
376,21,150,124
356,15,142,144
332,6,142,144
308,1,142,144
281,3,142,139
260,3,142,139
239,2,142,128
216,5,154,129
203,9,153,128
189,7,152,127
181,7,151,126
183,20,150,125
170,25,152,136
150,28,152,152
149,31,152,152
138,36,152,152
131,41,152,152
128,53,156,152
119,63,156,140
108,71,156,129
96,79,156,129
87,90,158,150
76,98,159,151
64,102,164,162
59,111,164,162
48,117,171,162
47,124,171,162
44,129,174,160
52,133,170,163
79,135,166,170
110,138,165,173
129,137,168,174
154,139,162,175
193,142,151,173
237,145,146,171
278,152,141,167
319,150,136,162
351,144,142,163
377,137,145,163
391,135,147,161
397,131,154,160
397,127,155,159
394,127,158,160
389,132,157,158
380,137,154,159
368,145,156,157
359,151,159,158
356,155,161,158
360,157,159,155
369,156,158,155
378,153,157,153
388,147,156,156
400,143,156,160
403,141,158,161
404,140,159,162
405,141,160,161
403,142,158,158
397,141,159,157
399,139,156,156
406,136,151,155
424,126,148,154
440,114,147,157
455,110,147,154
464,103,148,151
469,97,149,143
471,93,151,129
473,89,149,136
475,84,149,150
478,80,148,152
480,76,147,150
483,72,146,150
483,70,146,150
484,66,145,147
484,59,143,147
483,55,142,144
485,48,141,141
489,40,141,140
494,33,135,139
484,30,137,139
471,34,131,138
451,35,132,135
435,34,131,119
415,36,135,121
400,42,134,120
380,46,134,139
360,49,136,141
346,55,136,142
330,58,134,143
314,57,134,147
301,64,135,147
282,71,137,146
264,77,140,147
252,88,144,142
243,94,144,136
230,94,149,124
235,98,146,118
240,104,152,122
243,106,155,125
255,111,151,115
256,119,154,130
258,120,156,156
267,124,154,166
274,132,158,166
276,139,164,165
273,144,166,167
274,151,166,162
279,148,166,159
277,146,166,152
279,145,166,139
283,145,166,144
291,146,166,159
302,148,162,162
314,148,163,159
331,147,160,157
345,147,160,154
370,146,149,157
394,141,147,156
411,132,152,156
413,125,158,156
419,120,155,157
428,116,155,159
430,113,155,161
426,115,156,161
421,120,155,160
408,125,155,160
391,134,154,157
384,137,157,156
422,132,143,155
445,123,147,158
460,120,148,158
478,116,146,153
500,112,145,152
516,107,147,136
530,104,147,130
558,101,140,112
578,91,145,119
585,82,152,120
588,75,151,119
582,70,149,127
575,60,149,151
567,54,145,151
564,49,141,144
560,40,138,143
548,35,131,142
526,32,129,137
503,24,128,136
481,19,126,136
458,22,125,126
429,24,130,106
405,24,133,136
382,33,135,141
377,33,137,143
377,31,139,143
377,30,139,142
375,32,138,142
369,36,139,147
367,39,136,149
361,47,139,145
360,52,137,145
354,51,139,144
350,52,139,141
342,51,140,141
338,54,139,142
332,62,139,140
320,66,145,144
316,72,142,145
306,80,143,146
296,80,143,145
286,79,146,144
284,83,144,140
276,81,146,129
269,78,147,115
262,83,144,102
255,87,140,125
251,96,142,144
250,109,146,154
243,111,143,158
226,119,149,156
216,129,156,149
215,134,157,139
210,145,162,135
233,155,154,137
265,157,148,132
289,158,154,138
318,162,147,144
354,166,148,145
385,168,150,136
417,164,145,144
445,159,144,157
447,152,163,160
446,144,161,161
442,140,160,161
438,138,155,159
425,135,154,157
417,131,157,154
424,124,154,146
428,118,154,140
433,112,153,156
439,112,151,157
441,112,154,158
443,117,153,153
440,120,154,148
434,128,155,127
426,136,152,112
417,134,152,141
408,134,156,156
405,133,157,158
404,132,155,158
405,132,156,158
413,132,154,157
420,131,153,138
425,134,156,125
422,134,153,159
416,134,149,156
427,131,149,155
431,126,154,156
433,122,156,159
434,122,156,160
428,126,152,157
417,128,156,159
423,129,157,157
425,127,160,155
422,128,159,150
420,129,157,152
419,127,158,150
419,119,158,153
423,116,154,151
427,116,155,143
426,119,156,146
423,126,152,162
420,130,153,160
411,136,153,158
401,139,157,158
396,138,159,155
396,135,160,158
403,130,155,154
421,125,152,152
433,117,154,148
441,113,154,134
447,113,155,132
448,115,154,136
443,117,153,140
434,122,151,157
416,126,148,149
399,129,158,127
417,132,152,125
429,129,156,137
434,129,160,140
436,128,158,135
432,127,158,125
427,125,155,146
423,124,153,155
431,118,153,156
431,112,154,154
427,107,154,158
422,106,154,158
421,103,155,159
424,96,156,161
424,89,157,161
423,87,155,155
416,93,154,141
401,100,156,126
413,109,144,125
431,112,148,130
438,104,156,146
440,99,157,156
440,92,155,155
435,80,151,158
427,74,152,157
417,72,152,152
408,68,150,148
399,65,148,134
396,64,149,124
394,66,150,114
401,69,149,124
406,76,153,127
413,79,153,148
418,81,153,160
421,84,154,159
423,87,149,161
423,89,150,158
420,91,152,148
414,100,154,136
404,105,149,145
389,111,154,153
377,118,157,163
367,120,157,163
359,122,162,163
363,123,160,162
386,125,149,157
403,125,150,157
413,122,158,157
420,116,159,160
420,115,159,152
431,111,147,133
449,103,154,137
459,85,154,157
467,80,154,160
469,72,154,156
467,65,153,157
468,63,153,157
471,60,153,156
475,58,153,156
482,56,152,157
486,54,151,156
490,52,151,156
494,48,150,146
502,38,148,147
511,36,147,144
516,30,147,147
520,24,145,148
521,16,143,148
524,7,141,146
517,1,140,151
494,3,130,147
465,4,130,142
435,1,142,122
422,1,136,110
408,5,136,121
397,4,139,146
385,9,134,144
368,15,132,142
347,16,133,141
321,25,139,130
296,36,138,126
273,43,137,135
254,51,143,133
245,59,147,118
238,68,155,120
239,65,158,136
240,73,152,154
231,84,156,158
223,86,156,159
219,96,154,156
213,100,155,158
205,102,157,158
199,106,154,160
187,109,157,163
180,110,163,164
184,119,163,160
179,124,167,150
175,130,170,125
194,133,159,116
218,125,159,132
219,123,164,151
208,129,170,173
207,137,170,170
204,138,170,172
202,145,168,172
223,149,159,171
247,152,159,170
277,155,157,169
303,160,162,170
323,161,165,172
328,161,174,172
337,163,172,172
358,166,164,172
378,169,163,171
394,173,163,169
408,172,165,172
424,169,163,168
441,166,163,171
454,166,163,170
471,163,163,170
489,162,163,170
503,162,163,170
516,162,165,170
537,163,163,170
562,166,158,168
568,163,164,165
572,153,162,159
576,143,163,158
590,134,155,156
596,128,154,154
597,120,153,151
597,112,149,153
596,108,149,153
593,107,146,151
588,103,143,147
576,97,138,146
562,91,138,143
552,87,137,138
542,80,134,130
527,73,134,117
521,71,136,117
523,72,140,106
522,71,139,103
518,68,139,105
511,68,132,127
492,63,133,138
473,65,128,139
444,68,133,129
428,63,133,129
413,62,133,134
400,64,138,141
391,63,137,142
382,62,137,142
373,65,136,145
357,65,141,145
349,64,140,149
337,68,145,150
324,73,146,147
313,74,147,147
307,77,145,144
300,82,140,142
281,87,146,140
275,95,149,140
274,103,146,139
258,103,153,123
253,104,151,111
244,109,154,141
240,108,156,156
245,111,154,155
244,118,155,156
231,119,156,157
228,123,157,159
227,129,157,159
225,132,153,158
223,137,155,157
226,142,156,149
223,144,157,146
217,151,159,143
232,155,153,140
246,158,155,143
259,161,155,159
273,171,155,160
284,178,155,159
293,177,157,161
300,181,160,164
315,187,156,160
333,186,155,163
349,190,158,162
368,191,156,160
395,186,150,161
421,184,145,160
439,182,147,160
460,177,144,156
482,167,144,156
499,159,148,156
509,156,152,155
516,151,151,154
548,145,137,151
574,136,137,152
596,131,139,151
620,125,140,152
640,121,141,150
661,116,144,148
663,111,148,144
656,106,144,121
647,104,144,106
639,101,147,112
634,96,143,127
628,88,139,135
621,74,134,139
602,67,134,144
589,65,125,142
568,60,124,138
548,61,127,136
532,62,129,133
514,61,129,129
495,60,129,122
480,63,129,129
470,64,132,135
461,67,132,138
451,77,132,137
440,78,134,140
430,82,134,143
422,88,134,142
415,88,131,142
405,90,132,144
397,95,130,141
385,96,129,138
372,98,138,140
366,107,139,135
357,110,140,136
345,115,140,135
335,119,140,115
329,116,143,102
327,114,145,128
323,114,150,139
314,114,152,152
300,119,153,158
289,129,151,155
276,131,156,157
268,137,159,161
265,146,159,158
258,151,160,155
251,156,159,154
255,152,162,156
261,149,162,160
263,149,162,160
268,152,158,160
271,151,160,162
272,158,161,163
283,164,159,164
293,163,160,167
308,169,159,168
319,174,161,167
330,175,161,167
346,177,157,168
367,181,154,166
387,180,154,166
408,179,153,167
424,179,154,163
438,173,154,163
455,169,156,160
473,163,151,159
487,153,152,158
497,143,156,155
504,133,154,154
506,124,154,153
509,115,154,152
511,110,153,151
507,104,150,152
503,100,149,153
499,100,149,153
492,100,148,152
485,98,149,153
482,98,150,153
479,98,151,154
478,100,150,157
488,100,148,156
497,98,147,155
507,97,146,155
515,99,147,154
522,97,148,152
532,93,150,151
534,92,149,150
542,88,147,148
548,83,147,150
550,80,146,150
553,76,145,149
559,71,145,148
564,65,144,147
567,60,141,144
568,51,144,146
567,49,140,145
564,53,141,146
552,52,140,145
545,52,139,143
543,52,138,141
539,45,135,133
533,43,132,130
525,39,129,127
509,40,133,120
490,40,131,116
478,44,133,112
463,42,132,129
441,43,131,136
416,48,134,143
395,53,134,143
377,55,138,139
366,61,140,133
359,67,138,117
349,70,139,102
336,74,137,104
317,77,143,116
305,78,144,137
299,83,144,151
291,94,144,149
279,103,148,139
274,110,152,145
263,123,155,134
249,133,157,140
244,139,158,151
244,140,158,149
241,148,158,157
246,160,157,148
279,159,149,155
309,157,146,158
334,156,150,164
352,159,153,165
369,167,163,165
381,172,157,165
397,175,153,164
416,177,153,164
434,177,157,162
451,172,156,162
465,168,155,162
478,160,153,157
493,152,150,156
501,145,153,155
506,139,154,155
510,132,153,158
510,128,151,153
508,128,151,124
508,126,150,122
505,126,149,142
494,126,148,157
498,121,143,154
509,111,148,155
519,104,148,152
526,96,147,149
536,87,143,148
542,78,142,145
548,70,141,139
558,57,136,140
560,48,137,137
561,41,130,139
554,39,127,142
534,40,127,128
513,41,127,120
502,41,128,124
496,39,132,134
490,39,133,139
486,40,133,140
481,37,129,139
469,33,129,140
455,32,133,142
451,36,132,139
441,37,131,134
429,42,132,136
417,46,128,138
402,46,129,141
386,47,130,142
368,55,130,141
353,61,132,142
340,66,139,142
334,72,141,139
330,74,142,131
323,74,146,102
308,81,152,98
300,83,151,119
293,88,151,144
283,96,151,157
277,100,149,156
277,109,150,158
277,119,150,157
270,126,150,157
256,133,154,148
251,145,158,130
272,149,147,121
291,149,154,125
309,157,156,131
313,164,163,134
329,167,160,138
340,175,167,149
346,179,168,175
351,185,170,172
358,189,167,173
363,192,170,172
370,193,169,173
383,193,163,173
397,194,165,174
412,194,163,171
426,195,163,171
439,193,165,171
455,191,162,172
476,189,161,172
493,185,164,172
511,182,162,171
534,177,156,169
561,172,155,168
590,167,154,169
601,159,163,165
604,147,161,163
598,134,162,162
597,125,161,160
603,113,157,156
612,99,156,157
619,89,153,153
628,80,152,154
638,73,149,151
635,67,149,150
628,61,149,146
625,54,148,140
616,46,146,144
609,41,146,146
604,35,146,145
595,30,145,146
582,26,144,149
564,25,145,146
552,18,139,146
540,11,136,144
526,5,135,145
513,4,134,144
502,1,135,146
495,1,134,145
487,5,133,141
477,5,132,140
470,1,133,137
465,6,135,131
459,5,131,123
442,6,135,136
433,11,138,142
425,20,136,142
412,23,136,143
403,31,136,139
394,33,134,118
380,27,136,118
365,26,138,129
356,26,139,146
346,20,141,150
334,17,144,151
323,18,143,150
313,17,145,152
309,18,146,144
306,25,151,143
295,28,148,134
284,35,148,132
274,44,152,128
267,51,151,122
258,57,153,122
250,65,152,106
226,67,156,128
212,71,159,138
204,76,161,138
203,78,162,151
206,82,161,154
210,92,161,147
204,96,161,142
203,94,161,148
213,93,158,149
224,89,162,154
227,89,165,166
235,97,165,165
238,100,166,164
236,102,168,166
239,107,168,167
237,112,168,172
231,114,171,173
240,122,168,173
269,138,162,169
302,142,163,168
334,150,164,167
374,160,156,171
409,162,152,171
434,165,156,171
458,168,152,167
475,167,155,167
491,168,159,169
506,171,159,169
526,174,159,170
545,174,161,173
568,177,160,176
588,181,165,171
598,175,168,165
592,166,166,165
594,160,168,168
599,154,166,162
602,145,165,165
611,139,162,167
625,134,161,163
633,126,160,162
638,112,161,165
637,103,161,163
636,96,160,159
640,85,157,155
643,72,153,154
647,62,151,150
647,52,147,150
643,45,144,148
633,40,141,145
615,32,136,146
595,26,135,147
575,20,136,147
553,15,135,147
536,15,134,145
516,14,137,144
513,11,141,145
514,7,139,145
506,4,137,145
497,1,138,145
492,1,137,120
481,1,141,113
481,1,140,114
482,1,137,111
479,1,141,106
477,1,139,107
469,1,138,97
458,1,136,90
447,1,138,91
434,1,137,91
421,1,138,90
409,1,137,96
397,1,138,90
377,1,138,93
358,1,142,108
339,1,144,114
309,1,143,126
274,1,142,146
248,4,142,149
213,4,147,148
193,6,151,153
175,15,160,152
160,20,162,153
156,32,162,149
172,54,152,141
189,86,157,130
202,111,153,121
238,144,142,106
268,167,148,119
286,185,155,135
297,212,156,141
306,224,159,155
312,238,167,170
322,254,167,170
337,271,167,170
368,285,164,178
401,309,163,172
421,326,170,169
456,347,163,164
513,360,148,160
567,362,153,170
607,362,167,188
638,358,174,192
666,352,172,175
689,339,179,156
724,321,175,146
749,298,185,168
772,281,184,174
801,259,188,173
825,236,192,182
841,222,190,181
853,202,186,173
867,181,181,168
877,159,175,163
885,136,172,156
878,119,167,154
853,108,160,152
825,100,154,151
813,91,153,145
796,79,145,147
770,74,148,144
751,66,142,140
718,58,134,143
678,61,126,142
628,71,124,141
579,79,120,140
531,99,109,136
471,135,96,130
389,210,76,114
259,315,74,98
43,443,75,75
0,0,0,0
0,0,0,0
0,0,0,0
0,0,0,0
0,0,0,0
0,0,0,0
1,699,96,21
108,675,121,45
258,650,134,70
397,621,147,99
488,605,180,115
605,590,161,130
712,567,155,128
803,535,170,126
858,495,192,145
913,449,193,161
953,412,190,142
985,363,188,127
1023,301,179,111
1045,238,165,117
1035,201,165,98
1023,158,165,134
1016,114,166,135
992,83,162,138
964,54,154,141
928,37,138,137
877,22,139,132
825,17,126,131
772,19,122,128
723,26,119,128
676,39,115,124
626,50,114,128
584,68,112,124
531,89,121,123
497,112,117,128
461,127,125,134
436,148,141,127
425,168,143,131
415,194,148,119
417,231,152,118
414,284,153,135
409,332,163,152
423,391,166,148
445,434,166,145
495,497,170,124
534,533,190,129
607,545,193,131
698,549,191,138
767,548,199,145
832,541,192,138
897,513,181,137
956,480,183,146
991,448,190,140
1018,405,183,141
1037,361,177,120
1044,310,161,108
1025,279,156,93
992,243,161,111
978,203,158,134
942,183,153,124
904,159,149,127
858,140,136,119
820,110,117,108
780,75,122,115
740,60,116,121
683,57,111,117
621,49,115,125
564,52,107,122
506,64,107,118
451,72,106,123
391,80,118,128
339,95,135,136
301,121,142,136
268,149,150,130
230,194,154,110
191,257,159,128
193,305,169,138
226,353,161,144
268,399,163,138
321,424,164,132
400,447,168,119
487,452,170,118
574,453,180,110
661,445,180,114
754,428,162,118
823,406,165,112
872,374,165,120
913,339,181,126
949,307,179,125
981,284,173,116
