589,160,44,46
589,158,44,46
589,158,44,46
588,156,45,46
586,146,45,44
586,137,45,41
587,130,41,39
583,122,39,36
588,122,37,35
595,122,37,37
602,125,38,37
607,123,37,35
610,123,37,36
613,124,37,35
617,126,37,35
622,127,37,35
625,127,36,34
629,127,35,33
630,127,35,35
632,128,36,35
636,127,35,34
639,127,35,35
643,128,35,35
646,130,35,35
651,130,34,34
653,132,34,33
656,132,34,34
661,132,34,34
664,134,33,33
669,135,33,33
672,137,33,33
676,138,32,32
680,139,33,32
684,142,33,32
687,145,32,31
687,148,32,31
690,160,32,31
692,177,32,31
692,196,32,31
691,217,31,30
689,239,31,30
688,261,32,31
689,278,30,30
687,290,30,30
687,304,30,29
686,307,29,28
686,306,28,27
683,300,28,27
678,290,27,26
671,282,26,25
669,282,25,24
669,287,24,23
670,291,24,23
670,305,24,23
669,319,24,23
663,332,23,22
653,344,24,23
647,355,23,22
645,366,22,21
642,379,20,21
639,393,20,22
636,406,20,22
637,416,20,22
638,423,20,22
639,425,19,21
640,423,22,21
642,419,21,22
645,413,21,22
648,407,20,21
648,398,22,21
647,389,21,20
645,378,20,19
643,368,19,18
637,357,20,19
631,351,20,19
623,347,20,19
615,344,19,18
608,341,18,17
599,336,21,20
593,330,22,22
588,324,22,22
584,315,24,24
582,314,25,24
577,320,25,24
570,333,25,24
559,349,26,24
548,361,26,24
536,374,26,24
529,386,25,23
522,397,26,23
518,405,26,23
515,413,25,22
515,418,25,22
515,422,25,22
515,425,24,21
518,429,24,21
520,431,24,21
525,433,24,23
528,435,25,23
532,434,24,22
536,430,23,21
538,431,23,21
538,440,22,21
536,447,22,21
533,454,22,21
529,455,22,21
528,446,22,21
529,432,22,21
531,419,22,21
534,412,22,21
536,409,23,23
536,411,24,23
535,412,25,25
531,411,25,25
529,414,24,24
525,416,24,23
520,415,23,22
516,415,23,21
510,415,22,20
503,416,21,19
496,417,21,19
480,416,23,19
462,415,23,19
440,419,23,19
426,421,22,18
417,426,23,19
415,427,22,18
419,428,21,17
423,429,21,17
422,429,21,19
421,435,20,18
422,448,20,18
430,460,20,18
439,471,21,19
451,477,20,18
459,482,21,19
471,487,22,20
480,494,23,21
494,498,24,22
503,504,24,22
511,505,24,22
526,504,23,21
537,504,23,21
548,503,22,20
560,501,22,20
567,498,22,20
572,493,22,20
577,492,21,19
585,488,20,18
594,484,19,17
598,483,20,18
600,483,20,18
601,488,19,17
596,493,25,24
594,502,28,24
596,510,24,21
596,518,24,22
595,520,27,28
597,523,28,27
597,524,30,27
599,526,27,27
600,526,27,29
601,529,28,29
603,536,29,29
608,542,28,28
610,548,28,29
610,553,28,29
610,560,29,29
610,567,28,28
612,576,28,26
613,584,28,26
616,594,28,26
617,601,28,26
616,607,28,27
615,608,28,27
614,608,28,26
613,605,28,27
613,600,28,28
616,592,29,29
618,585,29,28
620,578,28,28
620,573,27,27
622,571,27,27
623,571,26,26
620,569,27,27
620,566,28,26
618,567,27,27
615,568,28,27
613,572,27,26
611,575,27,27
609,578,27,28
608,581,27,28
608,582,27,29
607,581,27,28
607,580,26,27
605,581,28,27
605,580,27,27
603,581,27,28
600,582,28,29
598,585,27,27
595,589,27,26
593,593,27,26
591,597,26,26
591,600,25,25
590,603,26,26
591,606,25,26
592,608,25,26
593,610,25,26
595,613,24,25
595,615,24,25
595,616,24,25
594,616,25,25
593,616,25,25
593,616,25,25
591,618,25,25
590,621,25,25
588,623,25,26
585,625,25,26
584,627,24,25
583,626,25,25
583,625,25,26
584,623,25,25
586,621,25,25
587,618,25,25
587,615,25,25
587,612,25,25
587,610,25,25
587,608,25,25
587,606,25,26
586,605,25,26
585,602,24,25
584,599,24,25
582,597,24,24
581,594,24,26
580,594,25,26
578,595,25,25
577,594,25,25
575,593,26,25
574,592,26,25
573,591,26,26
573,590,26,25
573,590,25,24
573,590,25,25
573,591,25,25
572,591,26,26
571,590,25,25
569,589,25,25
567,591,25,25
565,593,24,24
564,596,25,26
563,601,24,25
562,606,25,26
563,612,25,26
563,616,25,26
563,619,27,27
563,623,26,26
562,628,27,27
560,632,28,27
559,633,28,27
558,635,28,28
557,639,29,29
556,643,29,28
553,640,30,30
551,632,31,31
548,621,32,31
545,609,33,32
545,595,32,31
545,578,32,31
545,560,33,32
544,540,35,33
548,516,34,33
551,495,34,33
552,471,33,32
550,446,35,33
549,425,34,32
545,399,39,38
544,376,39,38
545,352,40,40
548,330,41,41
552,312,42,41
556,296,42,41
559,280,42,41
562,264,45,43
564,252,45,43
566,240,45,43
570,232,46,46
572,229,45,45
572,224,47,46
573,219,48,46
572,217,48,47
570,216,48,47
570,216,49,48
571,217,49,48
573,217,48,47
574,217,47,46
575,215,48,48
576,215,48,48
576,214,48,48
576,213,48,48
577,214,48,48
578,211,48,48
577,207,48,48
576,203,48,48
577,198,48,48
578,192,48,48
578,188,48,48
579,182,47,47
579,178,47,47
579,176,48,48
580,174,48,47
582,171,48,48
584,169,48,47
585,166,47,46
584,163,48,47
584,163,48,47
584,164,49,47
583,165,48,47
583,166,48,48
582,167,50,50
582,169,50,49
581,170,50,49
579,172,50,49
579,175,50,49
578,176,49,48
579,177,49,48
579,180,49,48
578,180,49,48
577,179,49,48
578,178,49,48
580,178,49,48
580,177,49,48
581,175,50,49
581,173,50,49
580,170,49,48
580,169,49,48
580,166,49,48
580,161,50,49
581,157,50,49
582,154,49,48
581,151,50,49
581,150,50,49
582,148,49,48
583,146,49,48
583,145,51,49
584,145,51,49
585,145,51,49
585,144,51,49
585,143,50,48
584,142,50,48
585,142,50,48
585,141,50,48
584,142,50,48
583,143,51,49
583,144,51,49
584,145,51,49
585,146,50,48
585,146,49,47
585,147,49,47
583,149,50,48
582,151,50,48
580,152,50,48
579,155,50,48
578,158,50,48
578,159,50,48
578,160,50,48
578,161,50,48
577,163,49,47
577,164,49,47
578,165,49,47
578,165,49,47
578,164,50,49
578,163,50,49
577,161,50,49
575,161,50,49
574,160,51,49
575,158,52,50
575,157,52,50
574,148,52,47
573,139,47,43
573,129,45,42
570,121,44,39
571,116,40,37
572,113,38,36
573,111,37,32
572,105,36,31
572,104,35,30
572,106,35,30
573,109,34,29
574,112,34,31
575,118,34,31
575,120,34,31
576,120,34,32
576,121,34,32
576,124,33,32
575,126,33,32
575,128,32,31
575,129,34,33
576,130,34,33
576,130,33,32
576,130,33,32
577,133,33,32
577,134,33,32
579,135,32,32
579,136,32,32
578,138,33,32
579,141,32,31
580,145,32,31
583,151,33,31
583,154,32,30
583,156,34,32
581,156,34,32
576,160,34,31
572,161,34,31
567,164,34,32
563,173,33,31
558,178,34,31
557,188,34,31
556,199,34,31
555,211,33,30
551,227,33,29
548,250,33,29
544,271,35,33
542,298,36,35
541,326,38,37
543,353,36,35
543,381,37,36
544,409,37,36
545,437,35,37
545,461,33,34
546,483,33,34
548,502,32,33
554,522,33,34
565,539,33,32
579,553,33,30
599,567,32,29
617,577,32,27
637,581,33,26
658,577,31,26
679,573,31,26
705,571,29,24
731,565,28,22
760,561,28,22
788,563,28,22
811,570,26,21
830,579,26,21
847,588,24,21
859,596,27,24
870,603,27,24
880,608,27,24
891,610,27,24
903,613,27,24
918,614,27,24
933,611,27,24
948,604,27,24
962,596,27,24
977,597,26,23
996,605,26,23
1015,613,25,22
1030,616,26,24
1041,614,26,25
1047,611,26,26
1050,608,26,26
1049,608,25,25
1048,610,27,27
1048,615,26,26
1045,618,25,25
1039,617,26,26
1030,614,25,25
1021,609,24,24
1009,600,26,26
996,589,26,24
984,578,26,24
971,563,26,24
960,549,26,24
952,534,27,25
945,519,28,26
938,505,26,26
934,497,25,25
931,494,25,25
929,495,26,26
930,501,26,26
932,509,25,25
931,513,26,26
929,517,25,25
927,519,25,25
925,522,25,25
924,523,25,25
924,522,24,24
924,518,25,25
921,513,24,24
919,512,24,24
916,504,23,24
912,495,22,23
909,485,22,23
905,481,23,23
903,481,23,23
904,485,22,22
906,485,23,22
907,482,23,22
906,479,23,22
901,479,23,22
896,479,22,21
891,481,21,20
887,482,23,22
884,483,23,22
884,484,22,21
886,485,22,21
888,486,22,21
894,489,21,21
900,494,22,22
910,499,22,22
920,497,21,21
926,492,21,21
926,486,21,21
924,475,20,20
920,467,20,21
913,464,21,20
909,465,22,22
904,467,22,22
898,468,22,21
890,468,21,20
881,468,21,20
873,467,21,21
864,463,22,23
855,460,22,22
847,460,22,22
841,464,22,22
834,465,22,21
828,465,22,21
821,465,21,20
814,470,21,20
808,478,21,20
803,485,20,19
796,497,19,18
788,508,18,17
781,514,18,17
770,514,19,19
760,514,19,19
752,512,19,19
744,511,19,19
736,509,19,19
728,506,18,18
722,503,17,17
716,501,16,16
709,502,15,15
699,503,18,17
691,505,18,17
684,507,18,16
677,509,17,15
672,504,19,18
667,503,18,17
664,500,20,18
663,496,20,19
663,493,20,19
665,491,19,19
666,489,20,19
667,488,20,19
666,488,20,19
664,488,20,18
661,486,19,19
657,481,20,19
654,478,19,18
650,473,19,19
647,469,18,18
643,466,18,19
640,465,19,18
639,465,19,18
639,467,19,18
640,469,19,19
641,472,19,19
641,475,18,18
641,476,17,17
640,477,18,17
640,478,18,17
640,480,18,17
641,481,18,18
642,483,17,18
643,484,18,17
646,484,19,18
648,485,19,18
650,486,19,17
651,487,19,17
652,487,18,17
652,487,19,18
653,489,18,17
653,489,19,18
654,490,18,17
654,490,19,18
653,489,19,18
651,489,20,18
648,489,20,18
647,488,20,18
646,489,19,17
645,489,19,20
644,490,19,19
643,492,19,19
642,495,19,19
642,500,19,19
640,506,19,19
637,510,19,19
634,512,18,18
632,512,19,18
632,511,19,18
631,512,19,18
631,512,19,18
632,513,19,18
635,516,19,18
639,524,19,18
642,531,19,18
647,539,20,18
651,543,20,18
654,544,20,19
654,546,20,19
655,547,20,20
655,550,19,19
655,555,20,19
655,560,21,20
652,565,21,20
651,570,20,19
650,573,19,18
648,576,20,19
647,579,20,19
643,578,22,19
642,579,22,18
641,582,21,21
642,591,22,22
645,600,21,21
649,604,24,22
655,606,24,23
660,610,23,22
666,616,24,22
673,624,23,23
679,633,24,24
686,642,23,23
694,649,23,22
701,652,24,23
708,652,25,24
715,649,25,24
724,645,24,23
727,639,25,24
729,634,25,24
728,627,26,26
727,622,26,25
730,618,25,24
735,615,28,28
744,615,28,27
753,617,28,27
761,621,27,26
767,621,28,27
774,617,31,28
781,610,31,28
789,598,30,27
797,586,29,26
804,574,31,29
809,558,33,30
817,538,36,34
826,518,38,36
834,502,37,35
838,486,36,34
841,467,37,37
845,453,36,36
849,439,38,36
855,425,39,38
860,413,38,37
865,402,39,38
869,386,41,39
872,371,42,41
877,362,42,41
881,355,44,44
886,346,46,46
893,342,46,46
901,341,47,46
908,338,47,46
912,329,47,46
916,321,47,46
921,315,47,46
927,310,47,46
931,307,46,45
934,306,46,45
933,306,46,45
932,305,46,45
932,305,46,45
935,306,46,45
939,305,47,45
942,303,46,44
942,300,46,46
940,298,46,46
941,297,46,46
943,295,45,46
944,292,45,46
944,289,45,47
947,287,45,46
949,285,44,46
949,280,45,46
948,276,45,46
946,271,45,46
943,267,44,45
941,264,45,47
938,261,46,47
935,259,46,47
933,257,46,47
933,255,46,47
936,254,47,48
935,253,47,48
933,250,47,48
932,248,47,48
933,247,47,48
934,246,47,48
933,246,47,48
932,246,47,48
931,247,47,48
929,247,47,48
927,246,47,48
928,246,47,48
928,245,47,48
928,245,47,48
928,245,47,48
927,245,47,48
926,245,47,48
924,244,47,48
922,243,47,48
922,241,47,48
922,242,46,47
922,244,47,46
921,245,47,46
922,244,48,48
922,244,48,48
922,244,48,48
922,244,48,48
924,243,48,48
924,242,48,48
925,241,48,48
923,239,48,48
923,237,47,47
924,235,47,48
924,234,47,48
924,233,47,48
923,232,47,48
922,233,48,49
921,233,48,49
921,232,49,50
920,232,49,50
919,232,49,50
919,234,48,49
918,236,48,49
918,236,48,49
918,235,48,49
919,234,47,48
920,232,48,47
920,230,48,46
921,228,48,49
922,228,49,49
922,228,49,49
922,227,49,49
922,226,49,49
923,225,49,49
924,227,49,49
924,225,49,49
923,225,49,49
923,224,49,49
924,223,49,49
924,223,49,49
923,224,49,49
922,222,49,49
922,221,49,49
922,221,49,49
922,221,49,49
921,221,49,49
921,221,49,49
921,221,49,49
920,221,49,49
921,220,49,49
921,219,49,49
922,219,49,49
922,219,49,49
921,218,49,49
922,219,49,49
921,219,49,49
922,220,49,49
923,220,49,49
924,220,49,49
925,221,49,49
924,219,49,49
923,219,49,49
922,219,49,49
921,220,49,49
922,219,49,49
922,219,49,49
921,218,49,49
922,218,49,49
921,218,49,49
921,219,49,49
921,218,49,49
920,217,49,49
920,217,49,49
920,218,49,49
920,219,49,49
919,219,49,49
919,221,49,49
920,223,48,48
918,223,48,48
917,225,48,48
915,225,48,48
914,225,48,48
915,225,48,48
916,224,48,48
912,224,49,49
918,235,49,49
928,213,50,50
896,183,48,44
863,240,40,37
853,245,40,37
819,233,42,39
790,233,43,40
768,233,40,40
760,239,40,39
746,229,40,39
737,227,40,38
730,227,39,37
735,229,39,37
742,229,39,37
745,229,39,37
747,227,39,38
750,226,38,37
754,228,38,37
758,230,38,39
763,232,40,39
770,234,40,40
774,235,39,39
776,236,39,40
776,237,40,41
778,238,40,40
778,241,40,41
780,251,40,41
779,263,40,41
775,278,40,42
769,297,40,41
764,324,39,40
756,351,39,40
748,378,38,39
740,404,37,38
734,435,36,37
736,450,33,35
732,464,30,34
731,466,32,34
729,465,31,33
725,456,33,33
720,441,32,32
713,430,35,33
710,423,33,33
712,419,32,32
716,412,32,31
719,401,31,30
727,392,29,28
729,377,31,31
728,365,31,30
727,357,30,29
725,350,29,29
721,347,30,29
719,346,30,29
718,343,30,30
722,339,30,30
729,337,30,30
736,338,29,29
743,341,29,29
748,346,29,30
752,355,28,29
756,366,28,28
759,379,28,30
760,391,29,30
760,401,29,29
759,413,28,28
756,420,27,27
749,428,27,27
739,431,29,29
730,434,31,31
722,433,31,29
719,426,30,27
716,412,28,27
707,397,28,26
698,389,29,27
683,389,30,28
675,401,30,29
669,422,31,33
667,443,31,33
667,462,30,32
667,469,30,32
667,469,31,31
666,466,31,31
665,468,32,31
660,474,32,31
654,479,33,33
648,485,33,33
642,486,33,33
635,490,33,33
623,498,33,33
602,508,35,33
576,519,34,32
551,518,35,34
528,515,35,34
510,511,38,37
498,505,37,36
485,504,37,35
470,511,40,37
456,524,40,37
443,538,40,38
432,554,39,37
427,565,37,38
426,572,37,36
428,573,38,36
432,567,38,37
439,557,38,38
443,541,38,38
447,527,36,37
446,519,36,36
443,510,36,36
441,493,36,36
440,475,35,35
442,461,34,34
443,455,34,34
447,447,34,34
455,437,33,33
464,432,32,32
473,434,31,31
483,439,31,31
491,449,32,31
499,457,35,32
508,463,35,32
516,466,34,31
524,467,34,31
529,468,34,31
530,467,34,31
527,466,34,32
521,464,34,32
515,454,33,32
511,437,33,32
516,421,34,34
529,410,34,33
539,406,33,32
546,409,33,31
555,416,31,30
564,427,32,31
579,438,31,30
591,446,31,29
602,450,30,29
611,448,29,28
621,443,28,29
626,443,29,29
631,444,29,29
637,444,29,29
643,445,29,29
647,451,28,28
647,460,28,28
646,468,27,27
645,471,26,26
644,471,27,27
643,469,26,26
643,467,26,25
645,465,26,25
647,464,26,25
651,463,26,25
654,464,27,26
658,467,26,25
660,471,27,26
663,476,26,25
666,479,25,24
669,484,26,26
671,488,26,26
672,492,26,26
673,497,26,26
672,502,26,26
673,505,25,25
674,507,26,25
676,508,26,26
678,509,26,26
680,509,26,26
681,512,26,26
681,515,25,25
681,517,24,24
681,521,25,25
682,525,25,26
682,529,25,26
684,531,24,25
686,534,24,25
687,533,23,24
687,531,23,24
685,527,24,25
684,523,23,24
682,518,22,23
679,511,23,24
677,506,22,23
675,499,25,24
674,492,24,23
674,484,24,23
672,477,24,24
670,473,24,25
668,471,24,24
665,472,25,24
662,471,25,24
662,471,24,23
663,469,24,23
664,466,24,23
667,463,24,23
668,462,24,24
672,463,23,23
674,463,23,23
675,464,24,23
673,466,23,23
672,467,24,23
672,469,24,23
673,472,24,23
673,472,25,24
671,473,25,24
668,471,24,23
663,469,25,24
658,468,26,25
655,467,25,24
651,467,25,24
650,467,25,24
648,468,25,24
648,469,25,23
648,469,25,24
647,468,24,23
646,467,25,25
645,466,24,24
643,465,25,25
644,463,25,25
645,460,25,26
646,459,25,24
645,459,25,24
645,458,25,24
646,459,25,24
646,460,25,24
645,458,26,25
644,458,25,24
644,459,25,25
643,463,26,27
642,470,26,26
640,478,25,25
638,486,24,24
633,489,26,25
630,489,26,25
629,488,25,24
626,484,26,25
624,484,26,25
622,487,27,26
621,493,27,26
621,499,27,26
621,503,28,27
621,502,27,27
617,500,28,27
613,500,29,27
608,506,29,28
605,519,27,27
602,530,29,28
601,536,29,28
603,537,29,28
606,536,28,27
610,536,29,27
613,541,29,27
613,542,29,27
611,541,28,28
609,540,29,28
607,539,28,27
606,540,29,27
606,544,29,29
605,551,29,28
606,556,29,28
606,559,29,27
607,559,29,29
607,558,29,28
607,556,29,29
606,555,31,28
605,552,31,29
602,547,32,29
598,538,33,31
595,528,33,31
590,516,33,31
588,507,34,32
586,494,34,32
583,483,35,34
581,472,36,35
578,459,37,36
577,450,36,35
574,439,37,36
573,430,38,36
573,419,35,33
566,406,41,36
566,394,42,39
565,382,42,39
563,370,44,41
562,361,44,41
563,351,46,43
562,344,46,43
560,338,46,43
559,335,46,43
561,334,47,46
565,333,47,46
568,325,47,46
575,314,47,46
580,303,46,45
583,293,47,47
584,289,46,46
584,287,47,47
584,283,47,47
583,280,47,47
583,277,46,46
586,276,47,45
588,271,47,45
591,266,49,47
595,263,49,47
595,262,48,47
593,262,49,47
591,262,48,47
589,262,48,46
588,260,49,47
587,258,49,46
588,255,49,46
589,251,50,48
592,251,50,48
594,252,50,49
594,256,51,50
593,260,52,51
591,264,53,52
591,269,51,51
590,272,51,49
589,272,50,49
588,271,50,49
587,271,50,49
586,271,50,49
585,272,49,48
585,273,48,47
586,274,50,48
585,272,49,47
586,269,49,48
585,267,50,48
585,265,50,49
584,264,52,51
582,262,53,51
581,261,52,50
581,260,51,50
580,258,51,49
579,257,50,48
578,255,50,48
579,255,50,48
578,254,50,48
578,252,50,48
579,250,50,48
580,247,50,49
581,244,49,48
581,240,48,47
582,238,49,49
584,234,49,49
585,231,50,50
585,228,50,50
585,225,49,49
585,222,50,50
585,219,51,51
585,215,51,51
585,212,50,50
587,210,50,50
586,209,50,50
585,208,50,50
585,207,50,50
585,207,50,50
587,206,50,50
587,206,49,49
589,204,49,48
590,202,51,47
592,201,51,47
591,200,52,49
592,199,51,48
592,200,51,48
591,199,51,48
591,198,51,48
591,198,52,51
592,199,51,50
592,200,51,50
591,200,51,49
590,201,51,50
591,202,52,50
591,202,51,48
592,202,50,47
593,202,50,47
593,205,49,47
592,206,49,46
590,207,48,45
589,210,51,47
588,213,52,48
586,215,52,48
584,217,52,49
585,223,51,48
585,228,50,47
585,232,50,47
585,234,49,46
585,234,49,46
586,235,49,46
586,235,48,45
587,235,48,50
587,235,49,50
587,233,49,50
588,233,49,49
590,235,49,49
591,235,49,49
590,235,49,49
589,233,49,49
590,232,49,49
590,231,49,49
589,229,49,50
588,207,40,45
586,184,41,39
583,174,38,35
572,154,32,29
569,141,31,27
567,138,30,24
567,132,28,22
561,125,27,22
558,120,25,23
558,121,25,23
567,130,25,22
578,139,24,20
584,143,24,21
589,146,24,22
593,147,25,25
599,149,25,24
604,151,25,23
608,151,26,25
612,151,25,24
616,151,25,25
620,151,24,24
624,151,24,25
627,151,24,24
632,151,25,24
637,152,25,24
643,154,25,24
648,157,27,24
652,158,25,26
655,159,24,25
657,161,25,25
660,160,25,25
663,161,24,24
666,160,26,25
667,159,25,24
668,162,23,23
668,165,24,23
669,171,24,23
668,179,23,22
669,189,22,21
666,198,24,23
664,207,22,22
663,215,22,23
662,224,22,23
661,237,21,21
661,250,20,20
662,263,22,22
665,275,22,21
670,289,23,23
674,307,24,24
678,323,20,22
681,342,21,23
682,355,21,23
686,369,19,21
687,380,21,21
686,388,21,22
685,392,21,22
682,393,20,20
681,392,20,19
684,385,17,19
689,373,18,18
702,367,17,17
707,367,19,18
710,370,19,17
712,375,18,16
714,385,16,16
715,394,17,16
718,404,16,16
720,411,16,16
719,415,17,17
715,417,19,19
709,422,18,16
699,431,18,16
686,441,18,19
670,456,19,18
653,469,19,16
638,479,18,16
622,481,18,14
609,474,19,15
603,468,19,18
595,453,17,16
586,439,18,18
581,434,19,19
580,433,19,18
582,439,17,17
587,448,17,17
593,456,17,17
602,462,17,17
612,465,17,16
624,465,18,16
638,460,19,17
655,454,19,17
670,444,21,18
683,438,20,17
694,436,19,16
706,436,19,16
720,439,18,15
724,453,18,19
723,469,18,19
724,478,18,18
727,485,17,17
729,495,17,17
731,504,17,17
734,513,17,17
736,520,17,17
737,523,19,17
737,526,18,16
736,527,17,15
732,526,18,16
730,525,18,17
731,525,18,16
729,519,18,17
729,515,18,17
728,512,19,18
729,509,18,17
732,515,18,16
734,525,18,16
732,541,18,17
731,559,17,17
727,572,19,18
724,580,19,18
719,586,19,17
713,591,19,17
711,595,20,19
709,595,21,19
709,593,21,19
706,591,20,18
701,588,17,17
694,582,17,17
687,581,19,18
682,586,18,18
676,595,18,18
672,597,20,20
670,594,20,19
669,588,20,19
671,584,20,19
676,578,20,19
681,573,21,20
686,570,21,20
691,569,21,20
694,570,21,21
695,574,22,21
693,579,21,20
687,581,21,19
680,579,23,20
673,573,24,20
662,566,23,20
652,568,22,19
642,574,23,21
634,583,23,21
627,594,22,22
614,611,23,23
602,633,24,24
591,653,22,23
579,672,24,22
570,687,25,23
566,694,25,23
562,687,25,23
555,666,26,24
547,658,26,24
541,670,25,24
532,685,25,22
525,685,26,24
518,681,25,23
512,676,26,24
508,671,26,24
505,656,26,24
504,643,26,24
505,637,26,24
507,640,26,24
508,648,26,24
506,657,27,25
506,666,26,24
508,668,26,24
507,666,29,27
509,663,28,27
510,657,29,27
507,653,30,27
501,649,30,27
494,645,31,27
486,639,31,28
478,635,31,28
474,634,30,27
470,633,30,27
466,633,31,28
461,634,31,28
453,639,31,29
445,645,31,29
441,650,31,29
438,655,31,29
438,657,31,29
439,658,30,28
439,656,29,27
441,653,30,29
444,652,29,28
447,650,30,29
450,649,29,28
454,648,28,27
457,648,29,26
460,645,30,28
466,644,30,27
471,644,30,27
477,643,31,27
483,637,30,26
489,627,28,26
495,611,29,27
500,598,29,28
506,588,30,27
513,581,29,27
518,576,29,26
522,577,29,26
526,581,29,26
529,587,30,27
536,597,29,26
536,607,27,26
535,612,27,26
533,616,26,25
532,618,27,27
533,619,26,26
534,619,27,26
535,623,27,25
532,626,28,26
531,631,29,26
531,632,28,26
532,632,28,26
534,632,28,26
536,632,28,26
537,632,28,26
537,634,28,25
535,635,29,26
533,637,29,26
532,638,28,25
531,638,29,26
532,636,28,25
531,634,27,26
533,632,27,26
535,631,27,26
535,631,28,26
536,632,28,26
537,635,27,25
536,635,28,27
535,637,28,27
534,639,27,26
532,641,25,25
531,641,27,26
531,641,27,25
531,643,28,25
531,644,28,25
530,647,28,26
529,650,27,25
529,651,28,25
531,653,27,26
534,653,27,26
540,654,28,27
548,656,28,27
559,656,27,27
568,655,28,25
577,653,28,25
582,652,27,26
584,653,28,26
587,654,28,26
593,655,28,26
600,656,27,25
610,654,27,25
618,654,29,26
631,655,28,26
644,658,28,26
660,660,28,26
677,664,28,26
691,670,28,25
704,674,28,25
714,676,29,26
722,679,27,25
726,679,28,25
730,679,28,26
733,678,28,26
736,676,28,26
737,674,28,27
739,674,27,26
739,673,28,26
738,671,27,27
735,672,27,26
731,671,27,25
728,671,29,26
727,670,28,26
724,670,28,28
721,670,28,28
719,669,28,28
717,670,28,27
714,670,28,27
712,670,28,27
710,670,27,26
708,668,28,27
707,667,28,27
707,667,28,26
707,666,28,27
706,664,28,27
706,662,28,28
707,660,28,27
706,658,28,26
705,656,27,25
702,655,28,27
699,656,28,28
695,658,28,27
690,657,29,26
686,655,29,26
679,652,29,27
672,651,30,26
666,652,30,26
661,652,29,25
654,651,29,27
648,653,32,29
641,654,32,29
633,655,33,29
626,655,33,31
620,653,32,31
615,648,32,32
611,644,32,32
607,635,34,33
605,619,35,36
600,601,36,37
596,585,36,37
596,563,36,39
595,537,36,39
591,508,38,41
587,477,39,42
587,451,40,44
588,423,41,44
586,393,41,44
583,364,42,44
581,341,43,45
580,321,43,45
579,303,45,45
578,287,45,45
577,273,45,45
575,261,45,45
573,248,45,45
573,237,45,45
571,228,45,45
568,220,48,47
567,216,49,47
568,214,48,46
570,212,48,48
572,211,49,48
572,211,51,48
572,209,51,48
575,206,50,47
576,204,49,51
576,199,50,51
577,193,50,51
578,187,50,51
578,181,50,51
578,175,50,51
579,171,50,51
580,168,50,51
581,164,50,51
582,161,49,50
582,159,50,50
581,158,50,50
580,154,51,49
579,151,52,51
580,150,53,51
580,151,53,52
582,150,52,52
581,148,52,52
581,147,52,52
582,148,51,51
583,148,51,51
584,147,51,51
585,147,51,51
586,148,51,51
587,149,51,51
586,149,51,51
585,148,51,51
584,148,51,51
583,150,51,51
584,152,50,50
586,152,50,49
585,154,49,48
585,158,50,48
584,162,50,48
584,165,50,48
583,167,50,48
583,169,50,48
584,171,50,48
583,173,50,48
582,177,51,52
582,178,50,51
583,177,50,51
584,178,50,51
586,178,49,50
587,179,48,49
588,180,48,49
588,179,48,49
588,178,47,48
591,176,46,47
591,175,48,49
591,171,48,49
590,159,47,45
588,149,45,42
589,137,42,39
588,123,38,34
590,116,36,32
594,111,34,31
595,115,34,31
594,120,34,33
592,121,34,33
590,121,34,33
587,121,34,33
586,125,33,32
584,126,34,33
583,128,33,32
579,127,34,33
575,127,35,33
572,127,36,34
570,128,36,34
569,129,36,34
568,130,34,33
566,133,35,33
564,139,35,35
562,147,34,34
560,160,34,34
559,178,34,34
559,199,33,35
559,222,34,36
562,246,33,34
567,270,32,34
572,298,32,36
577,323,32,34
582,346,32,32
587,367,32,30
592,381,31,30
596,390,30,29
598,399,30,28
599,403,30,27
601,407,30,27
600,412,29,26
597,416,30,28
597,425,30,28
598,436,27,26
602,450,26,25
607,466,26,25
611,484,27,26
613,501,26,28
615,517,27,28
619,528,26,27
620,537,26,27
619,543,27,27
616,547,26,26
611,548,26,25
607,545,27,27
601,539,26,26
593,525,26,26
584,507,25,29
580,495,24,28
579,493,26,27
577,496,27,27
569,503,29,27
562,508,29,27
557,509,28,26
556,507,28,26
558,504,28,26
561,502,27,25
563,499,28,26
566,497,28,26
567,498,28,26
568,500,27,25
568,497,27,26
570,494,28,26
570,494,27,25
565,495,27,25
560,500,27,25
556,501,27,25
555,501,26,24
559,500,25,23
564,500,25,23
570,500,25,23
576,501,25,23
581,503,26,24
587,504,26,24
591,506,26,24
596,508,26,24
597,512,24,24
594,516,25,24
588,520,25,25
582,521,25,25
575,515,25,25
568,513,25,25
563,515,24,24
558,520,25,24
554,521,25,24
551,518,25,24
549,516,25,24
547,516,25,24
547,519,25,23
547,527,24,23
548,531,24,23
551,537,23,22
555,539,23,22
560,538,25,22
568,536,24,23
575,533,24,23
579,533,23,22
585,531,24,23
593,532,24,22
599,533,24,22
602,535,24,22
603,535,24,22
604,536,24,23
604,533,24,23
605,529,24,24
608,525,23,23
610,523,24,24
613,520,25,24
616,518,24,23
619,516,23,22
622,512,23,23
626,510,22,22
631,507,23,23
642,503,21,21
652,498,23,22
665,495,23,22
678,496,23,21
690,497,27,23
703,499,26,23
715,500,25,22
725,499,24,23
735,498,24,23
747,496,25,24
757,495,25,24
767,495,24,23
774,493,24,22
777,489,24,24
778,484,24,24
777,478,23,24
772,472,23,24
766,468,25,23
760,466,24,22
754,465,24,25
748,465,25,24
743,465,24,23
739,465,25,26
735,464,25,26
732,465,25,26
730,464,26,26
725,466,27,27
723,471,26,26
718,476,26,26
712,481,25,25
706,484,25,24
701,486,25,24
698,487,25,24
696,490,25,25
696,492,26,26
695,493,25,25
695,491,26,25
693,488,26,26
689,486,27,26
686,486,26,25
681,485,25,24
677,485,25,24
673,486,26,25
670,487,26,25
666,488,26,25
664,490,26,25
664,491,27,26
663,494,27,26
663,496,26,26
663,498,26,26
663,499,25,25
662,499,25,24
662,498,24,23
661,495,24,23
659,494,25,24
659,493,24,23
658,493,25,23
658,492,24,24
656,493,23,23
652,493,25,24
647,494,25,23
640,494,25,23
633,493,25,23
621,488,24,22
608,482,25,23
596,479,25,23
585,479,24,22
572,478,23,21
561,475,23,21
550,471,24,23
539,468,23,22
526,464,24,21
513,461,24,21
501,462,24,21
491,465,25,21
482,465,26,24
474,465,25,23
470,462,24,22
466,453,23,21
462,439,25,23
456,435,26,25
450,440,27,28
445,450,26,29
441,460,25,26
439,462,25,26
438,461,25,25
437,458,25,25
436,456,26,26
435,455,28,26
436,455,28,25
437,452,28,26
439,450,27,25
439,450,27,27
439,452,27,27
437,454,26,26
432,457,27,26
428,456,26,25
424,453,26,25
421,452,27,26
421,451,26,25
421,450,25,24
423,449,26,26
424,453,26,26
428,457,25,25
432,462,25,25
437,466,26,26
450,475,25,25
466,488,26,25
485,502,26,25
503,514,26,25
519,526,26,25
534,535,25,24
544,539,26,24
550,539,26,24
553,535,27,25
556,531,28,26
558,526,28,26
560,522,28,26
562,520,28,26
564,519,28,26
565,518,28,26
565,517,28,26
569,520,28,28
571,521,29,28
571,525,28,27
571,527,29,28
572,527,29,28
573,525,30,29
574,521,31,31
574,513,31,32
575,504,30,31
577,492,30,31
579,478,29,30
579,457,30,31
578,435,31,32
575,413,34,32
572,396,33,31
572,382,32,30
569,367,36,35
568,351,38,37
566,335,39,40
565,322,39,40
563,308,40,40
562,292,42,43
562,279,42,43
563,269,42,43
566,260,44,44
568,253,43,43
570,250,45,45
571,250,45,45
572,248,45,45
574,247,46,45
574,247,46,45
573,245,46,45
572,241,46,45
573,240,45,44
572,239,45,44
573,239,45,44
574,241,45,44
576,243,44,45
578,244,43,46
580,244,42,45
577,245,45,45
576,246,45,45
576,249,45,45
575,250,45,45
575,249,45,45
574,248,45,45
573,248,45,45
574,245,45,45
575,239,45,45
575,234,45,45
576,230,45,45
576,225,45,45
576,216,48,48
578,211,48,47
579,209,47,46
581,206,49,49
582,202,50,49
582,199,50,49
582,197,49,48
582,195,48,47
582,193,48,47
582,190,47,46
583,189,47,45
582,188,47,45
584,186,48,47
584,185,48,47
584,184,48,47
583,186,48,47
583,186,48,47
584,188,47,46
585,190,46,45
586,192,45,44
584,193,48,46
584,194,48,46
583,196,49,45
582,199,50,45
581,201,50,46
582,201,49,45
581,201,49,47
582,201,48,47
584,202,48,47
584,202,48,48
583,201,48,47
585,199,48,47
585,197,48,47
586,197,48,47
586,196,48,47
586,195,48,47
586,194,48,47
588,193,48,47
590,191,48,47
591,190,47,46
590,186,49,47
590,184,49,48
591,181,49,47
591,179,48,46
591,177,50,48
591,175,49,47
592,174,49,48
593,172,49,48
593,170,48,47
593,168,47,46
593,167,49,48
593,166,49,48
594,165,49,49
594,165,50,51
594,165,50,50
595,165,50,50
595,165,50,50
594,164,50,50
594,164,50,50
593,163,50,50
592,162,50,50
594,162,50,50
594,162,50,50
593,161,50,50
592,162,50,50
592,161,50,50
593,162,50,50
593,161,50,50
593,160,50,50
592,159,50,50
592,161,50,48
591,163,50,48
590,163,50,48
589,163,50,48
589,162,50,48
590,162,50,48
589,161,50,48
592,163,49,47
593,163,48,46
592,167,47,45
592,166,48,47
591,168,47,46
591,170,46,45
590,173,45,44
589,175,47,47
589,180,47,47
589,183,47,47
589,185,47,47
589,186,46,46
589,187,47,46
589,189,48,47
590,189,48,47
591,189,49,47
591,188,49,48
591,187,49,48
591,185,49,48
590,184,49,48
593,184,49,48
594,182,48,47
593,179,47,46
592,175,45,43
581,139,45,41
584,133,35,37
575,114,33,36
560,111,31,30
552,130,28,26
539,135,27,26
514,129,28,26
509,135,31,27
521,142,28,29
529,148,29,29
535,151,24,28
541,151,31,30
551,149,27,31
550,150,33,31
554,151,33,31
560,154,34,33
565,156,34,33
572,157,34,33
576,158,35,36
582,162,36,36
587,167,37,36
592,168,36,35
598,169,37,37
603,169,37,38
607,170,39,39
613,171,40,39
617,171,41,39
621,170,42,39
627,164,43,41
632,158,43,41
638,149,43,41
641,142,44,44
643,136,44,44
645,127,44,44
645,123,44,44
643,119,44,44
638,115,44,44
633,113,44,44
623,111,44,44
611,115,44,44
601,126,43,43
591,142,42,42
579,154,41,41
570,170,40,39
563,191,39,38
557,209,40,38
553,223,38,38
554,236,37,38
559,243,37,38
571,252,37,37
583,264,37,37
599,278,36,37
612,291,36,37
627,300,35,36
642,308,30,38
654,333,29,34
658,348,32,36
666,372,32,35
674,397,32,35
682,418,34,35
692,431,34,33
702,436,34,33
713,440,34,34
723,447,33,32
728,449,35,33
734,452,33,31
737,453,32,30
738,453,32,30
739,453,31,29
739,450,31,29
738,446,30,28
737,443,29,30
738,445,28,29
741,446,28,29
745,446,27,28
750,448,30,30
758,456,29,29
765,466,28,28
771,477,30,28
776,484,30,29
780,488,30,29
784,496,29,30
787,503,30,30
793,515,30,30
799,524,30,30
806,529,30,30
814,529,29,29
820,526,29,29
823,523,29,29
825,519,32,31
826,513,31,31
825,505,31,31
819,492,30,30
814,481,30,30
814,463,27,31
800,441,30,31
783,437,33,31
767,451,32,33
753,478,33,35
743,505,32,34
737,523,30,31
733,523,29,30
728,516,29,30
719,504,29,30
706,495,32,31
693,491,32,31
680,495,31,30
664,500,33,30
649,505,33,30
633,510,33,30
615,515,33,29
598,520,32,28
581,525,32,28
564,529,32,28
543,535,32,28
518,539,31,27
494,541,31,27
470,542,30,26
449,537,31,26
429,531,31,26
410,523,31,27
395,516,31,29
384,508,31,29
376,506,30,28
370,511,30,28
364,517,30,28
359,522,31,31
358,527,31,31
363,532,30,31
371,537,30,30
381,539,30,30
391,539,31,31
401,536,31,31
410,535,31,31
423,533,30,30
432,534,30,30
440,534,29,29
446,534,29,29
454,532,29,29
464,531,29,29
477,529,30,28
488,527,31,29
494,528,30,29
497,532,29,28
500,536,29,28
503,539,28,27
507,539,28,26
512,537,29,28
519,535,27,26
528,534,28,28
535,536,27,28
541,541,27,28
549,547,26,27
557,557,27,26
562,566,27,26
564,575,28,28
566,580,28,28
565,578,28,28
565,575,27,27
564,571,28,27
565,565,27,26
564,563,27,26
564,564,28,27
561,567,27,26
559,567,28,28
559,566,29,27
561,563,29,27
564,561,28,26
567,559,27,25
570,557,28,28
572,557,30,28
572,559,30,28
572,565,30,28
570,571,30,28
567,574,30,28
562,571,29,27
557,568,30,27
554,562,29,28
550,558,29,28
551,554,28,27
550,550,27,26
549,546,29,27
545,541,28,26
541,536,27,25
539,531,27,28
538,526,26,27
538,522,28,29
541,515,28,28
543,507,28,28
544,503,28,28
546,499,28,28
546,495,28,28
546,492,27,27
545,489,28,29
545,486,29,29
546,486,28,28
546,486,27,27
545,483,27,27
544,479,28,26
543,474,29,30
542,472,29,30
543,470,28,29
543,469,29,30
544,467,30,30
545,464,30,30
545,463,30,30
546,463,29,29
546,461,29,29
548,460,29,29
549,460,29,29
548,460,29,29
549,462,30,30
548,462,29,29
546,461,29,30
546,462,28,29
545,463,27,28
544,463,29,31
545,465,29,31
547,468,29,31
548,472,29,31
552,478,29,31
553,486,29,31
557,493,29,30
560,498,30,30
563,504,30,30
566,508,31,30
566,514,31,30
568,522,33,31
568,530,33,31
570,537,33,30
572,544,33,30
572,548,35,30
572,554,35,32
573,561,36,32
577,566,35,31
577,569,38,36
578,572,37,37
576,573,38,38
572,573,39,39
570,576,40,40
569,576,41,41
567,574,42,42
564,567,41,41
559,556,43,41
550,541,43,43
543,524,47,47
538,511,47,47
535,496,47,47
532,476,47,47
529,452,47,47
527,429,49,48
525,410,49,48
525,393,49,48
528,376,49,48
533,359,49,48
539,343,48,48
541,328,48,48
542,317,47,47
542,307,49,50
544,298,48,50
544,286,49,50
544,277,49,50
545,270,48,49
546,262,49,50
547,256,50,51
549,252,50,51
552,247,52,51
553,245,51,51
554,245,51,50
556,244,51,52
560,241,51,51
564,239,50,50
565,235,49,49
564,233,50,50
562,229,49,49
561,226,48,48
562,226,49,49
562,222,49,49
562,218,50,50
563,214,50,50
563,212,51,49
563,210,51,49
563,209,53,52
562,208,53,52
562,207,54,53
561,207,54,53
561,205,54,54
560,202,53,53
560,198,53,53
565,195,53,53
568,189,53,53
570,184,52,52
571,182,51,51
571,180,51,51
570,178,54,54
570,176,54,54
570,174,53,53
572,174,53,52
573,171,52,51
574,170,53,50
575,169,53,52
575,169,53,53
575,168,53,53
575,167,53,53
575,166,53,53
576,165,54,53
576,164,54,53
576,163,54,53
577,161,54,53
577,160,54,53
577,159,54,53
577,161,55,53
577,160,54,52
577,160,54,52
576,162,54,52
577,161,54,52
576,162,54,54
575,162,53,53
576,164,54,53
575,164,54,53
574,164,54,53
576,166,53,52
575,166,52,51
576,168,54,50
575,169,55,50
574,170,55,52
573,171,55,52
572,172,54,51
571,173,54,51
571,173,57,53
571,174,57,53
571,173,57,53
571,174,57,53
571,174,56,52
573,173,56,52
574,173,56,54
573,172,56,54
573,170,56,54
573,167,55,53
576,169,54,52
577,162,54,52
578,150,52,48
577,140,50,46
576,133,49,45
576,128,48,45
583,127,48,45
591,126,47,43
597,125,47,43
602,124,46,42
607,122,44,41
611,119,43,40
618,118,42,39
622,118,43,41
626,117,43,41
631,117,43,41
635,117,42,40
640,117,42,41
645,117,42,41
651,116,42,41
654,115,42,41
658,114,40,39
663,113,39,38
668,112,38,37
672,111,37,35
676,111,37,35
676,110,37,36
675,110,37,37
676,111,36,36
676,112,36,36
677,114,36,35
678,115,37,36
680,119,37,35
684,123,36,34
687,125,36,35
689,126,35,34
689,125,35,33
689,125,34,32
688,125,36,34
690,125,36,35
691,126,35,34
692,126,35,34
692,127,34,33
692,128,35,34
691,129,34,33
690,131,33,32
691,135,33,33
691,145,32,32
689,157,32,31
686,174,29,31
681,194,28,30
674,215,29,30
666,244,28,29
657,274,27,28
652,305,20,28
631,333,29,30
616,357,30,31
601,378,29,34
585,398,29,30
566,412,29,26
545,418,28,25
525,422,27,24
499,427,31,24
476,435,32,24
456,443,29,23
438,451,29,25
424,458,28,24
412,467,27,23
400,473,27,23
385,478,26,24
371,481,27,25
356,480,26,24
338,480,26,24
325,483,26,24
314,484,26,23
307,480,26,24
302,477,25,23
296,475,27,25
292,475,27,25
289,478,26,25
286,483,27,25
291,493,24,23
302,504,27,25
320,516,26,24
340,528,29,23
360,537,27,22
376,544,27,22
386,549,29,26
393,552,28,25
400,556,28,26
406,559,28,26
410,561,28,26
412,560,26,24
410,557,27,26
407,558,27,26
400,564,27,26
391,566,26,25
384,565,25,24
377,561,25,24
371,556,24,23
362,549,26,26
352,544,26,25
338,539,26,25
321,537,26,25
306,535,25,24
295,535,26,24
287,536,26,24
279,536,26,26
275,535,25,25
271,533,27,27
268,530,27,27
263,525,26,26
256,519,27,26
251,509,26,28
247,500,28,28
246,495,27,27
249,489,26,26
255,483,27,27
260,483,28,27
264,488,28,26
262,493,28,28
249,500,27,25
222,502,31,25
188,501,32,26
147,501,32,26
104,501,33,25
67,502,33,25
40,502,33,25
15,503,33,25
2,506,29,28
1,507,18,28
1,507,17,28
1,510,14,28
1,508,16,29
1,504,20,29
1,500,27,29
6,497,29,29
13,496,29,28
17,492,29,28
26,488,29,28
31,484,28,27
38,482,30,29
43,481,29,28
44,482,28,28
44,482,27,27
48,477,27,27
52,473,28,28
61,469,27,27
69,469,26,26
82,469,25,25
96,470,26,26
115,471,26,24
140,472,28,26
173,474,34,23
215,478,40,23
287,487,26,20
346,494,26,24
404,505,27,25
461,515,26,24
489,522,35,26
523,530,32,24
544,535,30,25
558,539,27,26
564,543,27,26
567,548,26,25
567,552,25,26
567,554,25,25
566,556,26,26
565,558,27,26
564,560,27,26
563,561,27,25
559,563,28,27
554,563,28,27
552,565,29,29
547,565,29,29
543,566,29,28
539,565,29,30
533,563,29,29
526,558,32,32
523,551,31,30
519,539,31,30
512,525,33,33
510,511,31,33
509,493,31,33
510,473,32,33
511,452,32,32
515,431,33,33
522,402,36,36
528,377,39,38
540,354,39,38
550,327,41,38
559,307,41,38
567,291,41,38
571,270,40,37
574,252,43,39
578,242,43,39
583,238,43,39
582,232,45,42
583,225,45,42
581,224,47,46
580,227,47,46
580,228,47,46
580,227,47,46
582,224,46,45
583,221,48,47
583,217,47,47
585,214,47,46
586,211,48,46
585,208,49,47
582,206,49,47
579,202,49,47
578,200,50,48
577,198,51,49
575,194,51,49
575,190,51,49
575,186,51,49
575,181,50,48
578,179,50,48
580,174,50,48
584,169,50,48
587,166,50,48
588,163,49,47
588,160,49,48
588,158,49,48
589,156,49,48
591,154,50,48
592,153,50,48
593,153,51,48
593,152,51,48
592,151,51,48
592,150,51,48
592,150,51,50
592,150,52,50
591,149,52,50
590,149,52,50
590,149,52,50
590,149,52,50
589,149,52,50
588,148,52,50
588,147,52,50
588,146,52,50
588,149,51,49
591,149,52,49
591,151,52,49
591,151,52,49
590,150,51,49
589,150,51,49
589,151,51,49
588,152,51,49
588,153,50,48
587,153,50,48
587,154,50,48
588,155,50,48
587,156,50,48
586,159,50,50
585,162,50,50
583,164,50,50
582,166,49,49
581,167,48,48
582,169,48,50
583,171,49,50
583,173,48,49
582,176,49,48
582,178,48,47
581,178,51,49
581,178,51,49
581,177,51,49
581,176,51,49
581,177,52,49
581,176,52,49
581,175,53,49
582,173,53,49
583,172,53,49
584,171,53,49
587,171,52,48
587,157,50,46
588,145,44,44
587,136,44,41
586,128,41,39
584,119,41,39
585,113,38,35
586,108,35,34
585,105,34,33
578,106,33,32
583,109,35,33
591,115,35,33
599,120,34,32
609,125,33,31
616,130,34,31
626,136,34,31
635,143,34,31
643,149,36,32
650,157,35,33
657,166,35,34
664,176,35,34
672,186,35,34
678,195,35,34
685,207,35,34
691,219,35,34
698,233,36,35
703,250,38,36
708,266,38,36
709,283,38,36
711,299,38,36
708,313,37,37
705,333,38,38
703,353,35,38
700,374,34,37
696,397,34,37
693,414,34,37
688,431,33,36
684,448,32,35
679,464,32,35
667,481,33,37
656,494,35,36
645,507,32,33
635,519,33,32
622,522,37,41
617,536,34,37
614,548,30,32
611,561,29,31
611,575,28,30
608,584,28,30
606,593,27,29
605,602,26,27
601,606,28,27
598,610,27,26
595,614,26,25
591,616,26,25
591,620,25,24
594,624,26,25
600,631,27,26
606,636,26,25
615,640,26,24
625,643,28,24
636,644,26,24
642,639,26,24
645,631,25,23
648,623,25,23
649,618,25,23
649,615,25,23
648,614,25,24
646,612,25,24
643,608,26,24
638,599,23,23
623,588,23,24
607,583,23,22
595,581,23,21
586,580,22,20
580,580,24,21
577,582,24,21
578,586,24,21
582,588,23,20
586,585,23,23
591,579,22,22
601,563,22,22
614,554,24,20
645,558,20,20
667,565,22,20
690,570,21,18
706,568,21,18
719,564,20,20
735,559,21,21
752,558,21,21
777,559,21,20
797,561,23,22
820,565,24,21
840,568,24,21
859,569,23,20
874,566,22,20
885,560,22,21
895,553,21,21
910,544,20,21
921,539,20,21
932,533,21,22
942,524,22,22
950,516,23,23
950,509,21,21
945,504,22,21
937,504,22,20
929,510,22,20
920,518,21,19
914,529,20,18
908,538,21,20
901,545,21,20
894,551,20,19
885,558,20,20
877,561,20,19
871,564,21,19
866,565,20,19
861,561,20,20
856,553,21,20
853,539,21,21
849,521,21,23
850,502,20,22
847,479,19,21
841,459,20,21
837,447,20,21
834,446,19,20
828,448,19,20
817,442,19,20
803,432,20,20
791,424,20,19
782,413,20,19
775,405,20,19
772,402,20,19
773,401,20,19
775,400,20,19
776,398,20,19
781,393,20,19
788,385,19,18
797,378,19,18
807,370,19,18
815,360,20,19
822,348,21,20
828,336,20,20
833,322,19,19
834,312,20,20
838,303,19,19
842,302,19,19
844,308,19,18
839,317,19,18
831,326,21,19
822,329,21,18
814,329,20,17
807,325,20,18
801,321,20,18
794,319,20,17
788,319,21,19
781,317,21,19
777,320,21,19
767,323,22,19
759,336,18,18
748,349,20,18
743,369,18,18
736,401,20,18
724,413,21,18
713,419,21,17
702,423,21,19
691,428,21,19
681,435,22,18
675,443,21,19
671,450,21,19
671,458,21,20
673,468,21,20
678,479,22,21
683,485,22,21
687,489,21,20
690,493,22,19
690,494,25,23
689,494,25,23
691,500,24,22
687,510,24,22
683,522,22,22
675,527,25,23
670,528,25,23
666,533,24,23
666,541,24,22
665,550,25,23
664,560,25,23
661,568,25,23
657,576,24,22
653,581,25,24
650,584,24,23
643,587,24,23
638,592,24,24
633,597,25,25
627,597,26,26
622,599,26,26
619,599,25,25
615,599,26,25
611,602,27,25
607,602,27,27
602,598,27,27
598,596,27,26
595,592,26,25
589,587,27,27
582,584,27,27
574,581,28,27
566,577,26,26
557,576,27,25
552,572,28,25
548,570,26,24
545,568,27,27
541,566,26,26
534,561,26,26
523,558,28,26
512,556,26,25
496,560,27,25
483,561,25,24
470,565,25,23
461,569,24,22
453,569,24,22
447,567,27,26
445,565,25,24
445,561,25,25
445,557,25,25
447,546,25,25
451,535,24,24
454,526,23,23
461,515,23,23
469,510,23,22
479,504,24,23
497,498,24,23
514,492,26,24
532,485,27,24
548,482,26,23
564,478,25,22
578,471,26,24
591,472,24,23
602,473,25,24
612,477,25,24
623,483,25,24
632,486,25,24
642,491,25,26
648,497,25,26
653,502,25,26
657,507,25,26
662,511,24,25
662,516,24,25
661,521,25,25
658,525,25,25
654,527,26,25
648,528,27,26
642,531,27,26
637,533,26,26
633,535,26,26
627,536,27,27
620,536,27,27
611,536,26,26
601,533,25,27
592,531,25,26
584,528,26,26
580,527,26,26
576,525,24,24
573,522,26,23
572,521,25,22
572,519,25,23
571,517,25,22
568,515,25,24
564,515,26,24
561,514,25,24
556,514,24,24
551,514,24,23
546,513,24,24
542,513,24,25
537,512,24,25
532,512,24,24
530,513,25,25
527,513,26,26
526,514,25,25
525,515,24,26
526,516,25,25
527,517,25,26
531,520,24,25
535,523,25,25
537,523,26,27
540,524,25,26
541,524,25,26
542,523,26,25
540,522,25,24
537,519,27,26
536,518,25,25
534,520,25,25
531,521,24,24
530,521,25,24
530,521,26,24
534,520,25,23
538,519,25,24
544,519,25,24
552,519,24,23
561,520,23,23
565,521,23,23
570,521,26,25
575,524,27,25
578,524,26,24
584,525,25,23
587,528,25,23
590,529,26,25
592,531,25,24
593,534,25,24
594,535,26,26
595,536,26,26
596,537,26,26
597,536,25,25
598,536,25,25
600,536,25,25
601,537,25,25
602,539,26,27
603,541,25,27
606,546,25,26
607,551,26,26
610,555,25,25
612,553,26,25
612,550,26,25
613,547,26,26
610,547,26,25
605,551,26,24
601,554,27,27
599,558,26,26
596,556,28,28
593,556,29,28
589,555,30,28
587,555,29,27
581,553,29,29
578,550,30,29
576,544,31,30
573,537,31,30
572,526,32,30
573,514,32,30
570,498,32,32
569,480,31,31
565,462,32,32
565,443,33,33
571,422,33,33
574,403,33,33
572,382,34,34
571,357,36,36
571,337,36,36
573,322,38,36
575,312,39,38
578,304,40,38
580,295,39,38
580,286,40,38
581,281,40,38
582,273,42,40
586,263,42,40
588,256,41,39
589,253,42,40
590,252,43,43
591,250,44,43
591,247,45,43
590,245,45,44
590,243,47,45
590,241,47,45
590,240,47,45
589,237,46,44
591,233,46,46
591,231,46,46
592,229,46,46
593,227,46,46
592,224,46,46
591,220,46,46
591,215,46,46
591,211,46,46
590,206,46,46
590,202,47,46
590,198,47,46
589,193,47,46
592,187,47,47
593,181,47,47
593,174,46,46
595,173,47,46
594,173,46,45
595,174,47,47
593,180,47,47
591,183,47,47
590,183,49,47
588,184,49,47
587,187,49,48
587,187,48,47
587,188,47,46
590,188,47,45
590,188,49,48
590,187,49,48
588,186,49,48
587,186,49,48
586,186,49,48
586,184,49,48
588,183,48,47
589,184,48,47
589,183,50,47
588,180,49,46
588,176,48,45
590,173,49,48
589,169,49,48
589,163,49,48
591,159,50,49
593,157,49,48
594,157,49,48
594,154,48,47
595,151,49,48
596,152,50,49
596,151,50,49
596,150,50,49
595,148,50,49
596,147,50,49
596,146,50,49
595,145,50,49
595,145,50,49
594,145,50,49
593,145,50,49
594,148,50,48
594,149,50,48
593,150,50,48
591,152,50,48
589,156,50,48
587,159,50,48
585,162,50,48
585,168,50,48
584,171,49,47
584,172,50,48
585,172,50,48
584,172,50,48
584,173,49,47
586,174,48,46
586,175,49,50
586,174,49,50
587,174,50,50
587,174,49,49
590,175,49,49
591,174,48,48
590,173,48,48
590,173,48,48
590,171,50,48
592,169,49,48
592,165,49,48
596,146,42,41
596,134,39,39
595,120,37,34
589,112,32,31
595,104,31,30
601,99,30,27
603,93,25,23
600,85,25,23
593,86,25,24
595,91,26,25
599,96,26,24
602,98,26,25
604,100,26,25
606,102,25,25
607,105,25,24
608,106,26,25
609,107,27,26
609,106,27,26
609,107,28,27
609,108,29,28
607,110,29,29
606,114,30,29
605,118,29,29
603,120,31,29
601,124,31,30
602,129,32,32
601,133,32,33
603,142,33,34
604,147,33,34
607,147,33,34
610,139,35,36
614,130,35,36
616,119,35,35
620,112,38,37
624,107,40,39
627,113,40,39
627,114,40,39
624,122,40,39
619,126,40,39
617,134,39,38
616,138,39,38
620,138,39,38
633,139,38,37
643,131,38,36
647,123,37,35
646,114,37,35
642,109,36,34
637,113,35,33
634,126,37,35
634,147,37,35
641,165,35,33
646,169,35,33
647,165,35,33
649,165,36,34
656,173,36,34
663,186,36,34
672,209,36,35
685,231,36,35
699,258,35,32
715,274,32,32
726,281,33,31
749,284,33,30
768,287,33,30
783,290,33,30
797,295,33,30
806,296,33,30
813,286,32,31
820,271,29,31
823,254,30,30
824,238,30,30
824,232,29,29
821,236,29,29
819,251,28,27
812,286,25,26
804,300,27,26
797,295,26,25
792,278,27,26
786,263,28,27
781,257,28,27
775,256,27,26
767,260,27,25
759,268,27,25
749,275,28,26
740,275,26,27
728,274,25,26
717,270,25,26
708,264,24,25
691,251,23,20
647,239,22,19
609,248,22,19
593,266,21,21
588,294,21,23
581,319,24,24
573,327,26,23
566,326,25,22
559,321,25,22
552,318,24,21
546,317,24,21
541,322,23,22
534,330,23,22
524,338,23,21
511,343,23,21
500,349,25,21
486,351,24,21
471,355,23,20
460,356,23,20
447,354,23,20
438,350,23,20
431,343,23,20
423,337,23,20
416,336,22,19
407,343,23,22
401,358,22,21
395,380,21,20
391,398,25,24
391,410,25,24
395,415,25,24
399,415,25,24
405,410,25,24
410,405,26,25
416,399,25,24
422,399,25,24
425,398,26,26
428,392,26,27
429,388,26,27
428,391,27,28
427,401,26,28
429,405,25,27
440,400,27,27
452,395,26,26
464,393,27,26
474,395,27,26
481,401,27,26
486,409,26,25
490,418,27,27
490,422,27,27
490,423,27,27
488,423,26,26
484,419,27,27
479,415,28,27
474,412,28,29
466,408,28,28
458,399,28,27
450,389,28,27
443,382,29,31
444,382,30,30
452,384,30,30
461,388,31,30
468,398,30,30
472,411,30,30
478,426,30,30
483,437,29,29
489,444,29,29
499,447,29,28
507,448,29,28
517,447,30,29
528,444,30,29
538,440,30,29
550,438,30,29
560,433,29,28
570,427,28,27
582,415,26,24
590,401,26,24
604,389,27,25
616,378,27,25
626,371,27,25
632,366,26,24
632,359,25,23
629,354,28,26
630,353,28,26
633,349,28,26
638,348,27,23
642,343,27,25
645,341,26,24
649,342,27,26
649,345,26,25
649,349,25,26
648,353,24,25
645,360,25,25
642,365,25,25
643,375,24,24
645,382,24,24
650,390,24,24
655,399,23,23
655,404,23,23
654,405,25,24
654,408,25,24
653,411,24,23
651,417,23,22
647,428,24,23
638,437,26,23
631,443,25,22
627,451,26,23
620,458,26,23
614,464,26,23
612,469,27,26
610,475,27,26
607,479,27,27
604,484,25,26
599,490,26,27
596,497,26,27
594,503,25,27
592,511,25,28
588,517,26,28
587,522,26,28
586,527,25,27
586,529,24,26
585,526,25,25
584,525,25,25
583,521,26,27
580,519,26,28
579,517,26,27
578,513,26,28
580,509,26,27
580,507,26,27
580,505,27,27
581,504,27,26
581,500,28,26
583,495,29,26
585,493,28,27
586,496,28,29
588,503,29,29
592,512,27,27
596,520,26,26
596,526,27,26
598,529,27,26
600,529,27,26
603,527,26,25
606,522,27,26
609,517,27,25
612,513,27,28
613,512,26,26
614,510,26,25
612,507,27,27
612,506,26,26
611,505,26,26
611,507,26,28
611,515,26,25
612,524,26,26
616,532,25,25
619,535,25,25
620,538,25,24
622,541,25,25
622,546,26,26
622,557,26,27
623,568,25,27
624,578,25,28
624,584,25,28
620,585,25,28
617,587,24,25
615,587,25,25
611,585,25,24
609,583,25,24
610,579,24,25
611,576,25,25
611,569,25,25
614,564,25,25
615,558,25,24
619,552,24,23
621,541,24,23
624,529,23,22
626,515,25,25
627,504,25,25
628,495,25,25
630,486,24,26
628,479,24,26
625,475,24,26
625,474,24,25
624,475,24,24
623,477,24,23
622,480,24,24
620,483,26,23
618,485,25,25
616,487,24,26
615,489,25,26
614,489,24,25
613,487,25,25
612,485,25,24
611,480,24,23
611,477,25,24
611,475,26,24
611,473,25,25
611,469,26,24
611,466,26,24
609,463,26,26
607,462,26,27
604,461,25,26
602,462,26,26
603,464,26,26
603,467,26,26
601,469,28,28
599,472,28,28
596,476,27,27
592,478,28,27
590,484,28,27
587,489,28,27
584,493,30,27
583,497,29,29
582,500,30,29
583,501,33,30
583,499,35,32
582,493,33,31
582,485,33,31
582,476,33,31
583,466,33,31
585,449,33,31
588,429,32,30
587,406,35,32
586,384,34,33
585,360,35,36
585,341,37,36
586,325,37,36
586,309,37,36
584,294,36,35
581,279,38,36
580,266,39,37
579,255,39,37
579,247,39,37
581,243,39,38
583,237,39,38
585,230,38,37
586,225,38,37
587,222,40,38
587,219,42,39
587,212,42,38
586,208,42,40
586,204,43,41
587,202,43,41
589,201,44,41
590,200,45,43
592,198,45,43
593,196,44,43
593,193,42,44
592,191,43,44
593,189,45,45
594,188,45,45
594,187,45,45
595,183,44,44
598,179,44,44
597,173,44,44
596,168,45,44
595,165,45,44
596,163,44,43
596,163,44,43
597,162,44,43
597,156,44,45
598,153,44,44
599,150,44,43
599,148,43,42
599,148,45,43
598,147,46,44
598,145,47,44
598,145,48,46
599,144,47,42
599,144,47,42
599,144,46,42
599,146,45,42
599,148,44,41
597,148,45,42
598,149,44,42
597,150,44,42
595,153,43,42
591,155,45,44
591,159,45,44
591,162,45,44
590,164,44,43
589,166,43,42
590,167,46,42
591,168,45,41
592,168,45,41
590,168,45,41
590,167,45,41
594,168,44,40
595,166,44,40
595,165,44,40
595,165,44,40
594,166,44,40
594,163,45,42
594,163,45,42
593,162,45,42
592,162,45,42
591,162,45,42
592,162,47,44
594,160,47,45
594,159,47,45
594,158,47,45
596,155,46,44
597,154,46,44
598,152,45,45
598,147,45,45
598,142,45,45
599,139,44,44
601,139,45,44
602,138,45,45
604,138,45,45
605,138,45,45
604,136,45,45
603,135,45,45
604,134,45,45
606,134,44,44
606,135,43,43
607,134,44,43
607,134,45,44
606,134,46,44
606,132,46,44
606,132,47,44
606,133,46,43
607,133,46,43
607,132,46,43
607,132,46,43
607,132,46,43
607,131,46,43
606,131,46,43
606,134,45,42
606,136,45,42
606,138,44,41
603,139,45,41
602,141,44,44
601,145,43,43
598,146,43,43
597,149,44,43
596,152,45,43
595,152,44,42
596,155,43,41
597,157,42,40
595,158,45,42
594,159,45,42
595,159,45,42
595,159,45,42
594,159,45,42
594,159,45,42
594,158,45,42
596,157,46,44
596,159,46,44
596,156,47,47
596,155,47,47
596,153,47,47
596,152,46,46
597,153,46,46
597,152,46,46
596,151,46,46
595,146,46,46
595,138,45,45
596,129,44,42
599,125,41,39
600,119,41,39
603,114,38,38
604,108,37,37
603,104,36,36
603,101,34,34
601,96,34,34
600,96,33,33
599,95,32,32
599,94,31,31
601,93,30,30
600,91,29,29
599,89,29,29
602,88,28,28
602,86,27,27
602,83,25,25
603,83,25,24
602,81,24,23
602,79,25,22
602,78,24,21
602,79,24,22
601,78,23,21
600,78,24,22
600,79,23,21
599,79,24,21
599,79,24,23
598,78,24,23
599,78,23,21
597,80,22,20
598,80,21,19
597,81,20,18
597,82,21,20
596,83,22,20
596,82,22,21
596,83,21,21
595,83,20,21
595,84,21,20
594,84,21,19
593,86,21,17
593,88,21,18
592,89,21,20
591,90,21,20
591,91,22,20
591,91,21,20
590,94,20,20
589,100,19,19
587,104,20,18
583,108,20,18
581,109,20,17
578,110,20,16
574,113,19,15
573,117,23,18
574,117,22,17
571,119,21,18
572,118,20,18
565,124,19,17
564,118,19,17
564,110,20,18
562,109,19,19
563,112,19,19
564,114,17,18
567,124,17,19
570,147,16,18
577,157,16,19
586,185,15,17
599,214,15,17
610,242,15,17
624,271,15,17
631,295,9,14
660,317,13,24
664,333,20,24
676,342,20,24
683,351,22,25
697,365,22,25
706,376,23,26
717,389,21,20
728,396,20,19
740,404,22,21
750,413,21,20
754,420,21,20
763,427,19,19
766,431,18,19
769,434,18,19
773,434,18,19
776,434,18,19
779,434,18,19
786,441,20,18
793,448,20,18
798,456,20,18
802,463,20,18
805,468,20,20
804,472,19,19
801,477,19,19
795,478,19,19
787,481,19,19
781,483,19,18
776,487,19,17
773,489,19,17
770,488,21,20
770,487,20,19
770,482,22,22
773,479,22,21
779,478,21,20
781,480,22,20
785,486,21,20
788,491,21,20
788,495,21,20
789,501,22,20
789,504,21,19
789,506,22,21
787,506,21,20
784,504,23,23
780,502,23,21
775,501,22,20
769,501,22,20
762,497,22,22
756,491,21,21
752,488,21,21
752,484,21,21
758,479,20,20
761,478,19,19
766,481,21,21
769,492,22,22
773,505,21,21
772,506,22,22
768,500,21,21
761,491,21,20
752,480,21,20
744,471,21,20
736,467,21,20
732,464,24,22
732,464,23,22
733,464,24,23
734,465,25,24
735,466,25,25
735,467,24,25
733,470,24,25
732,475,25,24
736,475,25,26
745,475,24,25
755,474,24,25
760,476,25,26
760,481,24,25
756,487,24,25
755,494,23,24
757,507,23,24
761,524,22,23
762,541,21,22
759,553,25,25
755,561,25,25
752,568,25,24
748,573,25,25
745,579,25,25
741,583,25,25
737,583,25,25
732,587,27,27
727,589,26,26
723,585,26,25
718,574,25,25
711,565,24,24
704,563,26,24
697,564,27,25
691,569,27,26
686,572,28,28
680,579,27,27
674,583,28,28
668,589,26,27
661,595,25,25
655,599,25,24
649,601,25,25
645,604,25,25
641,606,26,26
640,608,26,25
639,610,25,24
638,608,25,25
636,607,24,24
633,606,25,26
631,610,24,27
631,613,24,26
632,614,24,26
634,616,24,25
637,613,25,25
638,605,26,25
640,594,25,24
639,582,24,23
639,570,23,23
639,558,25,23
638,551,25,23
640,547,25,23
640,547,25,24
640,547,24,23
638,547,25,24
637,547,25,24
633,551,25,23
633,555,25,25
634,557,25,25
635,556,25,25
636,553,25,25
639,549,25,25
640,545,25,25
640,544,24,24
640,546,23,23
637,547,23,24
636,549,23,24
634,550,23,23
632,547,22,22
630,546,23,24
630,546,23,23
630,546,22,22
629,543,25,24
629,541,24,23
628,537,25,24
626,535,25,24
624,534,24,23
623,535,23,22
622,536,22,21
622,535,24,23
623,535,25,23
623,533,24,24
623,532,23,23
623,531,22,22
624,530,24,23
626,530,24,23
626,532,24,23
628,532,24,23
629,532,24,23
630,534,24,23
632,535,24,23
631,536,24,23
633,539,24,24
634,541,23,23
634,543,25,23
633,546,25,23
631,547,25,25
630,547,24,24
628,549,23,23
628,549,23,24
627,549,23,23
625,547,23,22
623,545,23,22
622,542,24,24
620,541,23,23
619,539,22,22
618,538,24,23
620,536,24,24
622,534,25,23
624,533,25,24
624,532,24,23
621,532,25,23
619,531,25,23
616,531,23,23
616,531,23,22
618,531,25,25
620,530,24,25
622,529,24,25
624,528,23,24
623,527,23,23
623,527,24,24
623,525,24,24
623,522,24,25
623,522,23,25
624,523,23,24
624,522,23,24
624,524,24,24
625,524,23,23
624,521,22,22
624,519,24,24
623,517,24,24
623,516,24,24
624,516,24,23
622,515,25,24
621,518,25,24
619,523,24,24
619,531,25,24
620,535,25,24
619,535,24,23
616,535,25,24
611,533,25,26
608,533,24,25
603,532,25,25
600,530,27,25
596,527,28,27
593,524,30,27
593,522,29,28
592,521,29,29
590,518,28,31
589,514,30,30
588,503,31,32
588,491,31,32
587,480,31,32
584,467,34,34
583,449,34,34
581,432,35,33
584,413,35,39
585,390,34,38
585,370,34,38
584,350,34,38
585,330,34,38
584,311,39,39
584,296,39,38
584,285,39,37
585,277,40,36
587,269,40,35
588,259,42,39
590,251,42,38
591,244,42,38
590,237,42,38
591,232,41,37
590,226,41,37
586,222,42,39
585,221,43,39
586,220,44,39
586,221,44,39
587,221,43,39
587,220,44,39
587,219,44,39
590,220,43,40
591,220,42,39
589,220,43,39
589,219,44,43
590,217,44,42
590,213,45,42
590,208,44,41
590,202,45,43
591,195,44,42
593,189,44,42
596,184,44,42
597,176,43,41
600,172,44,43
600,169,44,42
600,165,43,41
599,163,45,42
599,161,45,42
600,159,45,43
600,159,46,44
600,159,46,44
599,159,46,44
601,160,45,42
602,160,46,41
602,158,46,41
602,156,46,41
604,156,48,43
605,155,49,44
605,155,47,45
608,155,42,44
607,156,41,43
604,158,40,42
604,160,42,42
604,163,42,42
603,165,43,41
601,168,43,41
599,171,43,41
597,176,43,41
598,177,43,40
597,180,43,39
596,182,43,39
595,182,43,39
596,185,43,39
599,185,42,38
600,186,41,37
600,186,41,37
599,185,41,37
598,185,41,37
597,185,41,37
596,184,41,37
596,183,40,36
596,185,41,35
596,184,40,34
596,184,42,35
597,183,41,34
598,183,42,38
598,182,41,37
598,181,40,36
599,179,42,39
599,179,41,39
600,178,42,40
599,178,43,41
598,177,44,42
597,177,45,43
598,177,45,44
598,178,45,44
599,177,46,45
599,176,46,46
598,175,46,46
597,174,46,46
596,173,46,46
598,173,47,44
599,175,45,41
600,174,47,41
600,172,46,40
600,169,45,39
599,166,44,38
600,163,45,40
600,159,45,43
601,155,45,44
602,153,45,44
602,152,45,44
603,153,45,44
604,152,45,45
604,151,45,45
605,152,46,45
607,151,46,45
607,150,47,42
608,150,47,42
608,149,45,41
609,149,46,41
609,148,46,41
609,149,46,41
609,148,46,41
609,147,46,41
609,147,46,43
609,147,46,43
608,146,46,43
607,145,46,43
607,146,46,43
608,147,46,42
608,148,46,42
607,148,46,42
606,148,45,41
605,148,45,41
607,149,45,41
606,150,46,42
606,151,45,41
605,152,45,41
604,152,45,41
602,152,45,41
602,154,45,41
600,156,45,41
598,157,44,40
599,160,45,42
598,161,44,41
597,161,43,40
597,164,43,40
597,166,43,40
597,167,44,41
596,167,46,42
595,166,46,42
595,168,45,41
595,169,44,40
596,171,46,41
596,171,45,45
596,171,46,41
596,171,45,45
596,173,45,44
599,173,46,44
599,174,46,46
599,172,46,46
599,171,46,46
600,171,46,46
601,171,46,46
602,171,45,45
602,167,44,44
605,165,44,43
606,153,43,38
608,141,37,37
606,133,36,33
608,124,35,31
613,118,33,30
613,117,33,30
615,112,30,29
615,103,29,26
615,100,26,24
618,97,25,23
620,93,24,22
621,89,23,21
621,88,22,20
616,91,21,19
612,95,21,19
608,95,20,18
603,98,20,18
598,98,21,18
594,98,21,18
590,97,21,18
589,97,20,17
585,97,19,16
584,98,19,17
581,97,20,18
579,98,19,17
578,99,20,18
575,100,19,17
573,101,20,19
570,101,19,18
568,100,19,18
567,98,20,17
565,96,18,16
563,95,19,18
560,94,18,17
558,93,18,17
559,92,18,18
561,93,18,17
561,92,17,16
564,93,19,18
566,93,18,17
567,93,19,18
567,92,18,17
571,93,19,19
571,92,18,18
573,93,20,19
573,93,19,18
577,93,18,19
577,93,17,18
579,94,19,18
580,92,19,18
579,94,20,17
580,95,19,18
580,95,20,18
580,92,19,17
579,88,18,16
578,86,20,19
577,86,19,18
576,93,20,19
574,99,20,19
571,101,20,19
567,103,21,18
565,105,21,17
560,102,21,17
558,103,20,19
553,108,20,18
547,113,20,18
537,110,20,18
531,119,19,20
524,133,21,20
515,143,20,19
507,171,16,17
498,194,15,16
490,221,15,16
486,251,14,15
485,282,14,15
487,313,14,15
496,333,15,17
504,349,15,17
514,361,15,16
524,369,14,15
529,372,16,16
535,375,16,17
539,377,16,16
541,379,16,15
540,380,16,17
540,378,18,17
536,373,17,16
534,370,18,17
536,369,17,17
536,367,16,16
537,364,17,17
538,361,18,17
540,359,19,16
544,357,18,18
547,356,17,18
551,354,17,18
553,350,18,17
556,348,18,16
559,345,18,18
562,343,18,17
565,339,18,17
568,335,18,17
572,330,18,17
574,325,18,17
577,320,18,17
580,318,18,17
582,317,17,17
583,317,17,17
582,318,18,17
587,321,17,17
593,321,18,17
597,323,17,16
600,323,16,15
596,322,17,18
594,321,18,16
593,318,18,18
594,317,19,18
595,317,18,17
598,316,18,17
601,317,18,18
602,317,17,17
604,314,18,18
605,313,19,19
608,310,19,18
609,309,18,17
610,307,20,19
610,307,20,21
611,305,19,20
611,302,20,21
613,301,20,19
613,300,20,19
613,296,20,20
614,293,19,21
615,293,19,20
616,292,19,20
614,291,20,21
616,292,19,20
616,291,18,19
619,291,18,19
620,291,20,18
621,291,21,18
623,291,20,21
626,290,21,20
627,292,20,19
629,290,20,19
631,290,21,20
632,289,20,19
633,287,20,20
635,286,19,19
636,287,19,19
637,287,18,19
638,287,19,19
639,287,20,19
639,288,20,18
641,289,19,19
641,290,19,20
643,294,19,20
645,297,19,21
646,302,19,20
647,306,19,19
647,310,20,19
646,312,20,19
645,314,19,18
644,316,20,19
645,317,19,18
644,318,19,18
644,318,20,19
644,319,20,19
644,319,19,18
646,320,19,19
646,322,19,18
646,323,19,19
648,324,19,18
651,323,19,20
655,325,19,19
658,328,19,19
659,333,19,18
659,337,20,18
656,337,20,19
650,336,19,18
641,333,19,19
631,331,20,20
621,330,20,19
612,330,20,19
605,333,19,18
600,332,20,19
596,334,20,18
596,342,20,19
596,350,20,19
598,356,19,18
599,361,21,18
603,366,21,20
607,374,20,20
611,384,20,20
617,392,21,21
622,398,20,22
626,402,21,20
629,401,22,20
631,399,22,21
633,399,21,20
633,400,21,20
633,403,22,21
632,408,22,21
633,412,22,21
632,412,23,21
632,413,24,22
632,414,25,23
631,414,23,23
631,415,23,22
630,414,22,21
629,415,23,23
629,418,24,24
627,422,23,24
624,424,25,23
624,431,25,23
625,438,23,22
624,442,23,24
624,446,23,23
623,450,23,25
620,454,24,26
617,460,26,28
616,466,24,27
615,472,24,27
614,476,23,26
611,481,25,25
610,487,25,26
610,493,24,26
611,502,25,25
609,510,25,24
606,517,26,26
601,522,27,27
596,527,27,26
590,531,26,26
583,535,28,26
576,538,29,28
571,542,28,27
566,543,29,30
563,543,29,29
558,542,29,29
555,542,31,30
553,540,31,29
553,540,33,31
553,539,32,30
553,533,34,31
555,523,34,33
552,511,37,36
548,495,37,36
548,481,37,36
550,466,34,35
554,448,33,34
552,427,37,34
555,410,36,33
555,386,37,34
555,360,40,36
559,338,40,36
561,315,39,35
561,295,41,37
564,281,41,37
566,267,40,36
569,253,39,35
568,237,44,40
571,227,45,42
572,216,45,44
573,210,45,44
573,211,47,46
573,210,48,47
573,208,48,47
574,202,48,46
576,198,50,48
579,194,51,49
580,191,51,49
582,189,48,49
582,186,47,48
582,185,47,49
583,185,48,49
583,182,47,48
583,181,47,48
584,181,47,48
585,180,47,48
585,173,46,47
586,171,48,46
586,170,48,48
586,166,47,47
587,164,50,47
587,164,49,46
587,160,51,46
586,159,52,46
585,158,53,49
583,156,54,50
583,156,55,51
582,155,55,51
583,151,54,50
584,147,53,49
587,143,53,50
587,141,54,51
588,139,54,52
589,137,53,51
589,134,52,50
590,132,52,49
590,129,51,48
590,130,52,48
591,131,52,49
592,130,53,50
593,129,53,50
593,128,53,50
593,127,53,50
593,126,53,50
593,127,53,51
592,127,53,51
591,127,53,51
591,128,52,51
591,128,51,50
591,127,50,49
591,126,50,49
593,130,51,49
593,131,51,49
592,132,50,48
593,135,50,48
592,138,50,48
592,141,50,48
591,143,49,47
589,145,49,46
589,147,49,45
589,149,50,45
589,152,50,45
588,153,50,46
587,152,49,49
588,154,49,48
588,155,50,49
586,155,52,49
587,155,54,49
587,154,54,49
586,153,54,49
586,152,52,49
586,152,52,49
586,148,51,48
587,145,52,48
587,137,51,46
587,128,48,44
589,123,45,42
589,118,44,39
591,112,40,36
596,106,37,34
597,102,36,33
597,101,34,32
603,101,34,31
610,101,34,31
622,104,30,28
630,108,29,27
637,110,29,29
641,112,31,29
647,114,32,29
654,117,31,28
661,122,31,29
669,123,32,28
675,125,32,28
683,127,30,27
688,127,30,27
693,128,31,27
695,130,32,29
696,133,32,29
696,135,31,28
697,138,32,29
698,142,31,29
697,145,31,29
696,150,31,29
695,156,31,29
695,159,32,31
694,163,33,32
694,167,33,32
695,169,32,32
695,166,32,33
697,159,32,32
696,152,31,31
696,146,31,30
693,139,31,29
689,138,32,30
686,138,33,30
683,140,32,29
678,137,31,28
673,139,29,29
668,145,29,29
663,155,28,28
658,173,27,27
653,189,27,27
648,209,26,27
644,230,26,27
639,253,27,28
634,272,25,26
633,285,25,26
632,293,25,25
628,294,24,24
622,289,25,23
612,285,25,23
601,283,24,22
593,285,23,21
584,293,23,21
571,306,23,21
566,319,22,20
561,333,23,21
560,344,23,21
559,354,23,21
557,362,22,20
557,372,23,21
561,380,22,20
568,386,21,19
581,386,21,19
592,385,21,19
604,382,21,19
614,383,21,19
620,388,21,19
626,401,19,19
632,415,19,19
638,424,19,19
645,426,19,18
652,417,21,18
657,408,22,19
661,408,23,20
668,415,23,20
672,425,22,19
676,434,22,19
678,443,22,19
678,449,21,19
676,455,20,18
673,460,20,18
668,465,21,19
668,468,20,20
665,471,19,19
660,472,20,19
656,475,21,19
652,475,20,19
645,471,20,19
638,469,19,18
633,469,19,18
628,472,20,20
626,474,19,19
625,475,19,20
624,475,20,20
623,474,19,19
622,474,21,20
624,474,20,20
626,474,20,20
630,476,19,19
634,480,19,19
638,482,19,19
639,483,18,18
640,484,20,20
640,484,19,19
635,484,20,19
632,484,19,18
632,483,20,20
632,482,20,21
632,479,20,22
635,476,20,20
635,471,20,20
637,464,20,20
639,458,19,19
643,452,18,18
647,443,18,18
649,434,18,18
653,424,18,18
655,415,18,18
657,408,19,17
657,404,20,18
657,400,20,18
659,395,20,18
660,392,20,18
663,390,20,18
666,388,20,19
670,388,19,18
673,388,19,18
675,389,20,18
676,390,20,19
677,391,21,19
678,391,21,19
678,392,20,18
678,394,20,19
678,396,20,18
678,396,20,19
679,396,20,19
680,395,20,19
678,396,19,18
678,395,20,18
677,392,20,19
676,390,20,18
674,389,20,18
672,387,20,19
672,385,20,19
674,386,20,19
676,386,20,19
676,384,20,19
676,382,20,19
674,381,20,19
673,380,20,18
669,379,20,18
665,378,20,18
663,378,20,19
660,379,21,19
658,380,20,18
657,382,20,17
654,384,21,20
654,385,20,19
652,384,19,18
650,385,20,18
647,385,20,19
647,386,20,19
646,387,20,20
645,388,19,20
643,389,20,20
642,390,20,20
640,391,20,20
639,393,21,21
636,395,22,23
634,398,22,23
631,400,21,22
628,403,22,22
624,406,21,21
622,412,22,21
619,416,22,20
614,416,23,22
609,419,23,23
606,424,23,24
601,429,23,24
598,435,23,24
593,440,25,24
591,444,25,24
588,446,25,24
586,448,26,24
582,451,26,25
579,453,27,26
576,454,27,26
574,458,26,25
570,460,28,26
567,458,30,27
565,451,30,27
561,441,30,27
559,430,29,26
561,417,29,26
562,404,30,27
563,388,31,29
562,369,32,33
561,350,34,36
561,328,35,38
564,308,35,37
564,292,37,35
567,278,36,34
569,268,36,33
569,257,38,33
568,242,38,34
567,234,38,36
568,228,40,38
570,225,39,37
571,223,40,37
571,219,40,37
573,215,41,37
573,213,40,36
573,211,42,40
574,208,42,40
575,204,41,39
577,200,40,41
580,196,41,41
580,191,42,43
582,189,41,42
582,186,40,41
580,182,43,43
579,179,42,42
580,176,42,42
580,171,42,42
582,166,42,42
583,160,41,41
583,153,40,40
585,147,42,40
585,146,42,42
585,147,43,43
584,146,43,43
583,145,43,43
582,145,43,43
580,146,42,42
579,148,42,41
577,151,41,40
575,154,41,40
575,158,43,42
575,160,43,42
575,160,43,42
574,162,43,42
575,162,43,42
574,162,42,41
574,166,42,41
574,166,41,40
576,164,40,39
576,164,42,41
577,164,43,41
577,164,43,41
577,162,43,41
578,161,43,42
578,159,43,41
579,155,42,40
580,152,43,41
580,148,43,41
582,143,43,41
582,139,42,40
582,139,41,39
583,137,43,41
585,136,43,41
586,135,44,43
585,135,44,44
584,135,44,45
583,134,45,45
582,133,45,44
582,133,45,44
583,132,45,44
582,131,45,44
581,131,44,43
582,131,44,43
582,132,44,43
583,132,43,42
583,133,42,41
582,134,42,41
581,135,41,40
580,135,43,41
580,135,44,42
580,136,44,42
581,136,46,44
580,136,46,44
580,136,45,43
579,137,44,43
578,140,43,42
576,142,43,42
575,144,43,42
574,146,42,41
573,148,44,43
573,151,44,43
572,153,44,43
574,156,43,42
575,158,42,41
575,158,43,42
575,159,42,41
576,159,43,42
576,161,43,42
577,160,44,43
577,157,44,43
577,155,45,44
577,156,47,45
577,155,43,44
579,155,45,45
580,155,44,44
582,154,43,43
587,137,42,40
589,131,38,36
593,120,36,34
596,105,32,32
603,100,31,31
615,104,31,29
627,108,29,27
636,106,28,24
644,105,25,24
645,108,26,25
640,112,25,23
633,114,25,22
621,115,25,22
612,118,26,21
605,120,26,22
599,122,25,22
591,123,25,23
583,122,24,22
573,122,24,22
565,128,23,21
558,131,22,20
551,132,22,22
546,133,21,22
542,134,21,21
535,131,21,20
528,132,22,20
521,132,21,20
515,134,22,20
511,134,21,19
506,133,21,19
504,132,20,18
501,131,22,19
497,130,22,20
496,131,19,18
498,129,20,17
499,129,21,19
502,129,21,18
505,127,21,20
508,127,22,20
512,132,20,19
513,132,22,20
518,141,20,18
520,147,20,19
523,152,20,20
525,157,20,20
527,161,19,19
530,164,18,19
535,177,18,19
539,190,17,18
542,200,17,16
545,211,18,17
545,216,18,18
548,223,18,17
549,227,19,18
548,228,19,17
555,229,18,19
563,231,16,17
569,237,19,17
576,242,18,16
580,248,18,16
579,258,19,20
579,274,20,20
579,286,21,20
583,300,21,20
589,313,22,21
597,322,21,20
606,331,20,19
612,335,21,20
616,339,20,19
617,343,20,19
618,350,21,19
621,357,21,20
622,361,21,20
622,366,20,19
623,363,21,19
625,360,21,20
630,365,20,21
634,374,21,21
635,384,22,21
634,393,21,21
634,401,20,20
630,407,20,20
628,412,22,21
626,413,22,21
624,414,22,20
623,414,23,23
625,410,24,24
625,405,26,25
625,401,26,26
625,394,27,28
626,386,27,27
628,379,27,28
629,370,27,29
630,361,29,29
634,360,31,29
640,360,32,29
645,363,32,30
652,374,32,31
662,391,30,28
671,414,29,28
678,431,29,28
686,446,30,30
690,455,30,30
691,465,33,33
694,475,33,32
695,482,33,32
697,488,34,33
698,494,33,32
696,493,34,33
693,491,35,33
693,491,36,35
694,491,37,37
697,494,36,36
701,504,36,37
705,514,36,36
706,530,37,36
705,546,36,35
699,550,38,36
695,553,37,35
691,553,37,35
688,556,37,36
688,561,37,35
691,566,37,34
699,575,37,36
708,583,39,37
722,592,39,34
736,593,40,34
753,596,38,33
772,601,38,33
800,605,38,31
823,605,36,31
842,597,37,32
856,591,37,32
866,586,36,32
875,591,35,30
885,600,36,32
891,608,35,33
896,613,34,31
896,614,33,32
895,612,33,32
894,606,33,31
890,595,33,31
888,586,33,31
884,579,33,31
882,574,31,30
880,561,31,30
878,549,30,29
874,540,29,28
870,543,29,27
864,553,28,26
859,557,27,25
851,555,27,24
844,555,27,23
835,554,27,23
827,558,26,22
819,563,25,22
813,567,26,22
807,574,27,23
805,581,27,23
804,587,25,22
805,588,25,22
811,587,25,21
816,577,22,20
816,555,25,23
811,519,25,23
801,482,24,22
796,464,24,23
788,452,26,23
776,450,25,22
765,449,24,21
749,442,26,21
733,434,26,21
714,430,26,21
699,429,27,21
685,431,28,22
675,435,27,21
665,436,27,22
657,437,27,23
649,444,27,23
643,450,27,23
638,453,26,22
635,455,26,23
636,461,24,24
636,471,24,24
635,478,24,24
633,480,24,24
631,480,24,24
629,480,24,23
628,480,23,22
625,480,23,24
623,486,23,24
621,492,25,23
620,497,24,24
620,499,25,24
620,499,24,23
621,498,23,22
620,498,23,23
619,504,22,22
617,512,23,22
616,517,22,21
614,519,22,21
613,521,21,20
612,519,22,21
612,520,22,21
614,524,22,22
618,527,22,21
621,529,22,20
624,529,22,20
623,525,23,22
621,523,22,21
618,524,23,21
618,527,22,22
617,527,22,21
616,526,21,20
617,523,21,20
619,522,22,21
621,522,21,22
624,520,21,21
626,514,21,21
626,507,21,21
625,498,21,20
622,489,22,22
620,488,23,22
619,487,23,21
618,486,23,22
617,485,23,22
616,484,22,22
613,482,21,22
612,482,22,23
612,481,22,23
612,482,22,22
612,481,22,21
612,480,22,22
613,479,23,22
611,480,22,22
609,481,22,21
609,482,22,22
609,481,22,22
610,484,23,23
613,487,22,21
615,490,23,22
615,494,23,23
616,499,22,22
615,502,22,23
616,507,21,22
617,509,22,22
616,511,23,23
614,513,23,24
612,513,24,24
610,516,23,22
609,519,23,22
606,521,23,23
603,525,22,22
600,528,22,22
597,532,22,21
595,534,24,22
595,535,24,22
594,535,24,23
593,534,24,24
592,533,24,25
591,533,25,25
589,533,25,26
587,533,25,26
584,532,25,26
581,531,27,25
578,529,28,25
576,527,28,25
575,526,27,26
573,523,27,28
571,518,27,28
567,511,26,28
563,500,26,27
558,492,26,26
554,486,27,26
551,477,29,26
550,470,28,25
549,459,30,29
548,451,29,28
547,441,30,30
546,428,30,29
546,412,31,30
546,396,30,29
548,383,31,30
551,368,31,30
553,350,32,31
556,334,33,32
559,317,34,32
564,299,35,32
568,284,35,32
572,275,36,35
575,266,40,37
576,258,39,38
577,253,39,38
579,250,40,40
580,246,40,41
582,241,41,41
583,239,41,42
583,236,41,42
585,233,43,43
585,234,44,44
584,231,43,44
584,229,44,44
584,227,44,45
584,223,44,44
585,220,43,44
588,218,44,45
587,214,46,46
588,211,45,46
587,207,46,47
587,203,47,48
585,199,47,49
584,193,47,50
584,186,47,49
585,178,46,49
586,169,47,49
588,166,47,46
591,163,46,45
592,161,47,45
593,160,47,47
592,159,47,47
592,157,47,47
592,156,46,46
593,161,46,46
591,164,46,46
592,171,45,46
594,173,44,45
591,175,45,44
590,178,44,43
589,178,44,43
589,178,43,42
589,177,46,44
590,177,48,45
591,176,48,45
591,175,49,46
591,175,50,47
591,174,50,47
592,174,51,45
592,173,49,45
593,171,48,45
594,170,48,45
594,168,48,45
594,167,48,45
594,166,48,45
594,164,48,45
593,162,48,45
595,161,48,44
596,157,48,45
597,153,48,46
597,148,48,47
598,144,47,47
599,140,47,47
599,138,46,47
600,136,46,46
600,134,47,46
601,134,48,46
602,134,48,46
602,132,48,46
601,132,49,47
601,131,49,48
600,132,49,49
600,132,49,49
601,131,49,49
602,130,49,49
601,131,49,50
600,132,49,50
600,131,49,50
600,131,49,50
599,132,48,49
598,135,47,48
598,135,46,47
597,137,46,47
597,138,46,46
596,141,46,45
595,143,47,44
592,144,46,43
590,147,46,43
589,149,46,43
589,152,47,46
589,153,46,45
589,156,47,45
588,158,47,46
587,160,47,47
587,162,47,47
587,161,47,48
587,161,47,48
586,164,47,49
585,166,47,48
587,167,48,47
587,167,48,47
588,167,49,47
589,167,50,47
588,167,50,47
589,166,50,47
589,165,51,47
590,165,52,47
591,164,50,49
590,162,48,48
589,152,46,43
585,142,45,42
587,130,40,37
583,123,38,34
578,115,33,31
570,106,32,30
567,106,30,27
565,105,29,26
561,101,27,25
561,101,28,24
560,102,27,23
562,102,26,22
575,105,25,21
586,109,24,20
595,113,24,20
604,115,23,19
613,118,22,18
620,119,21,17
628,121,20,16
637,121,22,19
645,121,21,18
655,124,21,17
663,123,20,17
668,120,20,17
672,119,20,17
677,119,20,17
682,121,20,17
688,124,21,18
690,124,21,19
695,125,22,19
701,127,23,20
705,128,21,19
708,128,20,18
712,127,21,19
717,129,21,18
722,131,21,19
728,131,21,20
733,133,21,20
737,134,21,20
740,135,22,21
744,137,22,20
745,136,23,22
748,138,24,22
751,140,24,23
754,141,22,22
757,142,22,21
761,145,24,21
765,144,25,23
769,144,25,22
773,143,26,23
777,141,25,22
782,139,25,21
786,138,25,23
790,139,25,23
794,141,24,23
797,144,23,23
798,151,24,22
800,159,24,21
803,167,25,23
806,180,24,23
809,194,25,25
809,208,27,26
804,229,26,25
799,247,27,26
794,266,27,27
791,286,26,26
783,304,25,25
776,322,25,25
769,339,25,25
761,349,24,24
753,363,24,24
745,369,26,26
737,378,26,26
731,387,26,26
722,400,26,26
715,416,26,26
709,432,24,24
702,443,27,26
692,454,27,26
686,466,27,26
684,479,26,24
683,489,25,24
683,498,25,24
682,505,25,23
678,507,25,23
673,510,24,22
672,511,23,21
661,516,23,21
656,518,22,22
654,520,22,21
653,521,22,22
653,522,23,23
653,523,23,23
654,524,23,23
654,521,23,23
657,520,21,22
658,520,21,21
658,517,20,20
658,513,19,19
656,502,19,19
652,487,20,20
648,471,20,20
645,455,21,20
642,441,22,20
642,429,20,20
641,421,20,20
640,415,20,20
637,412,22,21
637,412,22,20
636,416,21,20
636,419,20,20
637,423,22,20
640,428,21,19
644,430,21,19
647,433,22,21
653,435,23,21
660,439,22,20
665,442,21,19
668,445,22,21
668,449,22,21
669,453,22,21
668,459,22,21
670,463,22,21
670,465,21,20
670,462,22,21
670,459,23,22
665,459,22,22
660,463,22,22
655,470,21,22
652,471,21,23
653,466,21,23
654,459,22,24
657,452,22,24
660,448,22,24
664,446,24,21
668,447,22,20
669,446,23,22
669,445,22,22
664,442,22,22
658,443,21,21
652,446,20,20
646,452,22,21
640,457,23,23
635,465,22,23
631,471,21,22
629,478,21,22
628,482,20,21
626,489,21,20
622,490,21,23
617,491,22,23
614,493,22,23
613,494,21,22
612,494,22,22
610,494,23,22
608,495,24,23
607,497,24,23
610,501,23,23
615,505,22,23
619,508,23,22
620,511,23,22
620,516,23,22
619,524,23,21
619,532,22,20
621,537,23,23
623,540,22,23
625,539,23,23
627,537,23,23
626,534,23,23
626,532,24,23
626,532,23,23
627,533,23,23
628,536,23,23
629,539,23,22
629,543,24,23
629,547,25,24
629,553,23,23
630,557,24,23
630,561,25,23
632,564,24,23
633,568,24,23
635,569,25,23
637,570,24,23
637,571,25,23
640,568,24,24
641,567,25,25
641,565,25,24
642,564,25,24
642,564,25,24
642,562,25,25
640,559,25,25
639,555,26,24
637,550,27,26
634,544,27,26
631,538,27,26
627,535,27,25
621,534,28,26
616,537,27,25
612,541,26,24
608,543,27,24
606,545,26,24
605,546,28,26
604,548,25,25
604,551,27,25
604,552,27,26
605,553,26,24
607,553,26,24
607,554,26,24
607,556,26,24
607,559,26,24
606,561,27,25
607,563,26,25
603,567,25,25
600,571,25,24
597,573,24,24
596,574,25,25
596,576,25,25
597,573,25,26
602,572,24,24
606,568,25,24
611,566,25,24
615,564,26,24
620,560,25,23
623,555,24,22
626,552,23,21
628,547,23,20
631,542,23,21
635,539,24,22
638,535,25,22
641,534,25,24
644,537,27,24
648,541,24,23
649,546,25,23
650,551,25,23
650,555,24,22
648,558,25,23
646,561,25,23
643,563,24,24
640,566,24,24
637,569,24,24
632,571,25,24
627,575,26,24
623,577,26,24
619,578,26,25
614,580,26,25
610,579,26,25
605,577,27,26
601,574,28,26
597,570,27,25
592,558,28,26
587,547,27,25
579,534,30,28
576,521,29,27
575,506,28,28
573,491,29,28
568,476,30,28
569,461,30,27
574,440,24,29
566,420,32,31
568,397,32,30
567,376,32,30
567,349,36,34
569,330,37,34
570,313,37,33
571,298,38,33
571,280,38,35
572,267,38,35
569,255,39,36
568,243,41,39
568,235,42,39
571,227,43,41
573,222,44,42
573,217,43,42
573,215,43,42
572,217,42,41
572,218,41,40
573,218,42,40
574,218,42,40
575,218,41,39
576,220,42,39
579,220,45,43
579,219,46,45
579,217,46,45
580,216,46,45
581,214,46,45
581,212,46,45
581,211,46,45
582,210,46,45
583,208,45,44
583,206,44,45
584,203,44,44
583,200,46,44
583,197,47,44
583,195,47,43
583,191,47,44
582,184,47,45
581,182,47,45
582,181,47,44
584,179,46,43
585,177,46,44
584,173,47,45
583,171,47,45
581,169,47,45
581,167,47,45
581,165,47,45
582,161,47,45
584,156,47,45
584,150,47,45
584,145,47,45
589,142,46,44
589,139,45,43
589,138,45,43
590,136,45,46
592,134,46,47
594,132,45,46
594,131,45,46
594,130,44,45
595,130,45,47
595,130,45,47
594,130,45,47
594,129,46,48
593,129,46,49
592,130,46,48
591,136,45,46
591,138,45,45
591,140,45,45
589,143,45,45
586,146,46,45
584,149,46,45
583,150,45,44
582,151,45,44
582,155,46,45
582,155,45,44
582,157,44,43
582,160,45,45
582,160,46,45
582,160,45,44
583,160,46,46
583,160,47,47
583,159,47,48
582,158,46,48
582,162,45,49
582,162,44,46
580,162,45,46
580,162,47,46
580,162,47,46
582,162,46,45
581,161,46,45
581,162,46,45
582,162,47,45
583,161,47,45
582,160,47,45
582,158,47,45
583,156,46,44
585,154,46,45
586,150,45,45
586,145,45,46
588,142,44,45
589,140,44,44
591,140,45,45
591,139,45,45
591,137,45,45
591,135,45,45
592,134,45,45
592,133,45,45
594,133,45,45
593,134,45,46
592,134,46,46
591,134,46,46
590,134,47,46
589,135,47,46
590,135,47,46
591,135,47,46
590,135,46,45
589,138,46,45
588,138,46,45
587,138,46,45
588,139,45,44
588,140,47,44
587,140,47,44
586,142,46,45
585,143,47,46
584,144,48,47
584,146,47,47
583,146,47,46
582,147,46,46
581,151,44,46
579,152,44,45
579,153,45,45
579,155,44,44
579,157,43,43
578,157,45,42
579,158,45,44
580,156,46,44
580,157,46,44
579,157,45,44
579,158,47,45
579,158,47,46
579,157,47,46
580,158,47,46
581,158,46,45
583,159,47,45
584,159,48,46
583,158,47,46
582,158,47,46
582,158,47,46
582,157,47,46
583,155,46,45
586,153,46,43
588,144,46,43
586,132,42,40
588,124,35,35
586,104,33,31
585,98,29,28
590,98,28,26
592,95,27,25
592,85,26,24
588,80,25,22
585,79,22,21
583,83,21,19
581,87,22,20
580,87,21,19
577,86,21,19
573,87,21,20
571,87,23,20
569,86,24,21
565,85,24,21
563,84,23,21
561,83,23,21
560,82,23,21
558,82,22,21
557,82,21,20
555,80,22,21
553,79,21,20
551,80,22,22
548,79,23,21
546,79,22,20
544,79,23,20
542,79,22,20
540,78,22,21
538,79,22,21
535,79,22,20
534,81,23,19
532,79,22,21
530,78,22,21
530,79,22,20
528,79,23,22
527,77,22,21
526,76,21,20
525,75,22,21
524,75,22,20
522,75,22,22
521,75,21,21
520,77,22,22
520,77,23,22
519,81,21,21
518,81,23,20
518,82,23,19
517,82,22,20
515,82,21,20
514,82,23,20
513,82,22,20
512,82,21,20
510,81,22,20
509,80,23,21
508,79,22,20
507,78,21,19
507,78,24,20
507,77,22,19
506,76,24,21
508,73,22,20
509,70,22,20
510,64,22,19
512,58,22,19
514,51,22,17
513,47,21,21
513,47,23,20
510,54,22,21
509,61,22,21
508,70,21,19
512,81,23,20
517,85,22,19
524,86,23,19
532,97,24,19
540,103,23,18
548,103,22,19
556,107,23,20
562,112,23,21
567,122,22,20
575,135,23,24
575,141,23,24
576,155,21,22
578,168,22,23
581,187,23,24
585,207,22,23
588,225,22,23
591,240,20,22
587,259,20,22
583,274,19,21
581,294,20,22
582,313,21,22
584,335,21,23
589,357,21,23
592,379,21,23
598,401,22,24
601,430,23,25
606,448,22,22
608,460,23,23
611,468,22,22
617,472,21,21
622,472,22,21
628,469,22,21
633,466,22,21
635,463,23,23
636,463,24,23
637,464,24,23
639,467,24,23
641,469,24,23
645,467,23,22
650,460,23,23
653,448,22,24
653,430,21,23
653,408,21,23
648,382,20,22
641,362,22,21
644,352,25,24
651,343,25,25
655,336,26,25
656,332,26,25
658,331,27,26
663,335,28,27
669,342,29,27
677,355,29,27
685,368,30,26
694,382,30,26
705,397,29,26
719,414,28,25
734,427,28,25
750,437,28,25
765,440,30,28
777,442,30,28
792,442,30,28
803,439,29,27
817,431,30,30
829,421,30,30
842,410,29,30
854,403,30,31
860,399,30,30
863,396,31,30
863,391,32,32
860,385,33,34
856,375,32,32
849,364,34,34
839,350,34,34
828,337,35,33
818,324,35,35
808,317,36,34
798,313,37,34
791,305,37,35
783,295,36,35
772,282,38,36
769,281,39,36
767,277,39,40
758,274,41,40
748,271,41,40
742,268,41,40
736,259,44,45
734,255,45,43
732,251,45,44
725,243,45,43
720,235,46,46
716,227,47,46
711,215,48,48
709,200,50,51
707,186,50,51
704,173,51,52
701,160,56,54
699,146,58,59
