661,182,15,14
661,182,15,14
661,182,15,14
656,183,15,16
642,195,18,17
642,196,18,17
629,208,18,17
603,234,18,17
588,248,18,17
588,248,18,17
574,262,18,17
560,276,18,17
544,291,18,17
530,306,18,17
528,306,18,17
526,309,16,17
526,309,16,17
525,309,16,17
525,310,16,17
526,308,16,17
526,308,16,17
526,306,16,17
527,305,16,17
529,303,16,17
529,301,16,17
530,300,16,17
531,300,16,17
532,299,16,17
531,296,20,20
533,295,19,19
534,295,17,18
536,293,17,18
536,290,18,20
536,291,17,18
537,290,17,18
538,289,17,17
539,287,17,17
540,285,17,18
541,284,17,18
540,283,19,20
542,284,16,16
542,283,16,16
543,282,16,16
544,281,16,16
545,280,16,16
545,280,16,16
546,279,16,16
546,278,16,16
548,276,16,16
549,275,16,16
549,275,16,16
549,274,16,16
550,273,16,16
551,272,16,16
552,270,16,16
553,269,16,16
553,268,16,16
553,268,16,16
554,267,16,16
555,266,16,16
555,265,16,16
555,265,16,16
556,264,16,16
557,263,16,16
556,260,21,21
557,260,19,20
557,258,20,21
557,259,20,20
559,259,18,18
559,258,20,20
559,257,19,19
560,258,18,18
561,257,18,18
562,256,18,18
562,256,18,18
563,255,18,18
563,254,18,18
563,253,18,18
563,252,18,18
563,251,18,18
563,251,18,18
564,251,18,18
564,250,18,18
565,250,18,18
566,249,18,18
566,248,18,18
566,248,18,18
566,248,18,18
566,247,18,18
566,246,18,18
566,246,18,18
567,246,18,18
567,246,18,18
568,245,18,18
569,245,18,18
569,244,18,18
569,243,18,18
570,243,18,18
570,243,18,18
570,243,18,18
570,242,18,18
570,242,18,18
571,242,18,18
571,241,18,18
572,241,18,18
572,240,18,18
572,240,18,18
572,240,18,18
573,239,18,18
573,238,18,18
573,238,18,18
573,238,18,18
573,238,18,18
573,237,18,18
574,238,18,18
574,237,18,18
574,237,18,18
574,238,18,18
574,238,18,18
574,237,18,18
574,236,18,18
574,236,18,18
574,236,18,18
574,236,18,18
574,236,18,18
574,236,18,18
574,236,18,18
574,236,18,18
574,236,18,18
574,236,18,18
574,235,18,18
574,235,18,18
574,235,18,18
574,235,18,18
574,235,18,18
574,235,18,18
574,235,18,18
574,235,18,18
574,235,18,18
574,235,18,18
574,235,18,18
574,235,18,18
574,235,18,18
573,235,18,18
573,235,18,18
573,235,18,18
573,235,18,18
573,234,18,18
573,234,18,18
573,234,18,18
573,235,18,18
573,235,18,18
573,235,18,18
573,235,18,18
573,235,18,18
573,235,18,18
573,235,18,18
573,235,18,18
573,235,18,18
573,235,18,18
573,235,18,18
573,235,18,18
573,235,18,18
573,235,18,18
573,235,18,18
573,235,18,18
573,235,18,18
573,235,18,18
573,235,18,18
573,235,18,18
573,235,18,18
573,235,18,18
573,235,18,18
573,235,18,18
573,235,18,18
573,235,18,18
573,235,18,18
573,235,18,18
573,235,18,18
573,235,18,18
573,235,18,18
573,235,18,18
573,235,18,18
573,235,18,18
573,235,18,18
573,235,18,18
573,234,18,18
573,235,18,18
573,235,18,18
573,235,18,18
573,235,18,18
574,235,18,18
574,236,17,17
574,236,17,17
574,236,17,17
574,236,17,17
574,235,17,17
574,235,17,17
574,235,17,17
574,235,17,17
574,235,17,17
574,235,17,17
574,235,17,17
574,235,17,17
574,235,17,17
574,235,17,17
574,235,17,17
574,235,17,17
574,235,17,17
574,235,17,17
574,235,17,17
574,235,17,17
574,235,17,17
574,235,17,17
574,235,17,17
574,235,17,17
574,235,17,17
574,235,17,17
574,235,17,17
574,235,17,17
574,235,17,17
574,235,17,17
574,235,17,17
574,235,17,17
574,235,17,17
574,235,17,17
574,235,17,17
574,235,17,17
574,235,17,17
574,235,17,17
574,235,17,17
574,235,17,17
574,235,17,17
574,235,17,17
574,235,17,17
574,235,17,17
574,235,17,17
574,235,17,17
574,235,17,17
574,235,17,17
574,235,17,17
574,235,17,17
574,235,17,17
574,235,17,17
574,235,17,17
574,235,17,17
574,235,17,17
574,235,17,17
574,235,17,17
574,235,17,17
574,235,17,17
574,235,17,17
574,235,17,17
574,235,17,17
574,235,17,17
574,235,17,17
574,235,17,17
574,235,17,17
574,235,17,17
574,235,17,17
574,235,17,17
574,235,17,17
574,235,17,17
574,235,17,17
574,235,17,17
574,235,17,17
574,235,17,17
574,235,17,17
574,235,17,17
574,235,17,17
574,235,17,17
574,235,17,17
574,235,17,17
574,235,17,17
574,235,17,17
574,235,17,17
574,235,17,17
574,235,17,17
574,235,17,17
574,235,17,17
574,235,17,17
574,235,17,17
574,235,17,17
574,235,17,17
574,235,17,17
574,235,17,17
574,235,17,17
574,235,17,17
574,235,17,17
574,235,17,17
574,235,17,17
574,235,17,17
574,235,17,17
574,235,17,17
574,235,17,17
574,235,17,17
574,235,17,17
574,235,17,17
574,235,17,17
574,235,17,17
574,235,17,17
574,235,17,17
574,235,17,17
574,235,17,17
574,235,17,17
574,235,17,17
574,235,17,17
574,235,17,17
574,235,17,17
574,235,17,17
574,235,17,17
574,235,17,17
574,235,17,17
574,235,17,17
574,235,17,17
574,235,17,17
574,235,17,17
574,235,17,17
574,235,17,17
574,235,17,17
574,235,17,17
574,235,17,17
574,235,17,17
574,235,17,17
574,235,17,17
574,235,17,17
574,235,17,17
574,235,17,17
574,235,17,17
574,235,17,17
574,235,17,17
574,235,17,17
574,235,17,17
574,235,17,17
574,235,17,17
574,235,17,17
574,235,17,17
574,235,17,17
574,235,17,17
574,235,17,17
574,235,17,17
574,235,17,17
574,235,17,17
574,235,17,17
574,235,17,17
574,235,17,17
574,235,17,17
574,235,17,17
574,235,17,17
574,235,17,17
574,235,17,17
574,235,17,17
574,235,17,17
574,235,17,17
574,235,17,17
574,235,17,17
574,235,17,17
574,235,17,17
574,235,17,17
574,235,17,17
574,235,17,17
574,235,17,17
574,235,17,17
574,235,17,17
574,235,17,17
574,235,17,17
574,235,17,17
574,235,17,17
574,235,17,17
574,235,17,17
574,235,17,17
574,235,17,17
574,235,17,17
574,235,17,17
574,235,17,17
574,235,17,17
574,235,17,17
574,235,17,17
574,235,17,17
574,235,17,17
574,235,17,17
574,235,17,17
574,235,17,17
574,235,17,17
574,235,17,17
574,235,17,17
574,235,17,17
574,235,17,17
574,235,17,17
574,235,17,17
574,235,17,17
574,235,17,17
574,235,17,17
574,235,17,17
574,235,17,17
574,235,17,17
574,235,17,17
574,235,17,17
574,235,17,17
574,235,17,17
574,235,17,17
574,235,17,17
574,235,17,17
574,235,17,17
574,235,17,17
574,235,17,17
574,235,17,17
574,235,17,17
574,235,17,17
574,235,17,17
574,235,17,17
574,235,17,17
574,235,17,17
574,235,17,17
574,235,17,17
574,235,17,17
574,235,17,17
574,235,17,17
574,235,17,17
574,235,17,17
574,235,17,17
574,235,17,17
574,235,17,17
574,235,17,17
574,235,17,17
574,235,17,17
574,235,17,17
574,235,17,17
574,235,17,17
574,235,17,17
574,235,17,17
574,235,17,17
574,235,17,17
574,235,17,17
574,235,17,17
574,235,17,17
574,235,17,17
574,235,17,17
574,235,17,17
574,235,17,17
574,235,17,17
574,235,17,17
574,235,17,17
574,235,17,17
574,235,17,17
574,235,17,17
574,235,17,17
574,235,17,17
574,235,17,17
574,235,17,17
574,235,17,17
574,235,17,17
574,235,17,17
574,235,17,17
574,235,17,17
574,235,17,17
574,235,17,17
574,235,17,17
574,235,17,17
574,235,17,17
574,235,17,17
574,235,17,17
574,235,17,17
574,235,17,17
574,235,17,17
574,235,17,17
574,235,17,17
574,235,17,17
574,235,17,17
574,235,17,17
574,235,17,17
574,235,17,17
574,235,17,17
574,235,17,17
574,235,17,17
574,235,17,17
574,235,17,17
574,235,17,17
574,235,17,17
574,235,17,17
574,235,17,17
574,235,17,17
574,235,17,17
574,235,17,17
574,235,17,17
574,235,17,17
574,235,17,17
574,235,17,17
574,235,17,17
574,235,17,17
574,235,17,17
574,235,17,17
574,235,17,17
574,235,17,17
574,235,17,17
574,235,17,17
574,235,17,17
574,235,17,17
574,235,17,17
574,235,17,17
574,235,17,17
574,235,17,17
574,235,17,17
574,235,17,17
574,235,17,17
574,235,17,17
574,235,17,17
574,235,17,17
574,235,17,17
574,235,17,17
574,235,17,17
574,235,17,17
574,235,17,17
574,235,17,17
574,235,17,17
574,235,17,17
574,235,17,17
574,235,17,17
574,235,17,17
574,235,17,17
574,235,17,17
574,235,17,17
574,235,17,17
574,235,17,17
574,235,17,17
574,235,17,17
574,235,17,17
574,235,17,17
574,235,17,17
574,235,17,17
574,235,17,17
574,235,17,17
574,235,17,17
574,235,17,17
574,235,17,17
574,235,17,17
574,235,17,17
574,235,17,17
574,235,17,17
574,235,17,17
573,232,18,20
573,232,18,20
573,232,18,20
573,232,18,20
573,232,18,20
573,232,18,20
573,232,18,20
573,232,18,20
573,232,18,20
573,232,18,20
573,232,18,20
573,232,18,20
573,232,18,20
573,232,18,20
573,232,18,20
573,232,18,20
573,232,18,20
573,232,18,20
573,232,18,20
573,232,18,20
573,232,18,20
573,232,18,20
573,232,18,20
573,232,18,20
573,232,18,20
573,232,18,20
573,232,18,20
573,232,18,20
573,232,18,20
573,232,18,20
573,232,18,20
573,232,18,20
573,232,18,20
573,232,18,20
573,232,18,20
573,232,18,20
573,232,18,20
573,232,18,20
573,232,18,20
573,232,18,20
573,232,18,20
573,232,18,20
573,232,18,20
573,232,18,20
573,232,18,20
573,232,18,20
573,232,18,20
573,232,18,20
573,232,18,20
573,232,18,20
573,232,18,20
573,232,18,20
573,232,18,20
573,232,18,20
573,232,18,20
573,232,18,20
573,232,18,20
573,232,18,20
573,232,18,20
573,232,18,20
573,232,18,20
573,232,18,20
573,232,18,20
573,232,18,20
573,232,18,20
573,232,18,20
573,232,18,20
573,232,18,20
573,232,18,20
573,232,18,20
573,232,18,20
573,232,18,20
573,232,18,20
573,232,18,20
573,232,18,20
573,232,18,20
573,232,18,20
573,232,18,20
573,232,18,20
573,232,18,20
573,232,18,20
573,232,18,20
573,232,18,20
573,232,18,20
573,232,18,20
573,232,18,20
573,232,18,20
573,232,18,20
573,232,18,20
573,232,18,20
573,232,18,20
573,232,18,20
573,232,18,20
573,232,18,20
584,227,24,20
611,218,25,16
639,207,21,16
662,197,21,16
662,197,21,16
686,189,18,13
696,185,15,16
696,185,15,16
696,185,15,16
695,185,15,16
695,185,15,16
694,186,15,16
693,187,15,16
691,188,15,16
689,188,15,16
686,189,15,16
686,189,15,16
682,191,15,16
678,192,15,16
675,194,15,16
671,195,15,16
668,197,15,17
668,197,15,17
664,198,15,17
661,200,14,17
657,202,14,16
653,204,15,15
649,206,15,15
649,206,15,15
645,207,16,16
642,209,15,15
639,211,15,15
635,212,14,15
631,214,15,16
627,215,15,16
627,215,16,17
623,217,15,16
620,218,15,16
615,220,16,16
615,220,16,16
612,222,16,17
608,223,17,18
603,224,17,18
601,227,16,17
597,229,15,16
592,229,17,17
589,232,16,16
589,232,16,16
585,233,17,17
582,234,16,17
578,236,17,17
574,238,17,17
574,238,17,17
570,239,17,17
567,241,16,16
563,243,16,16
559,245,16,16
555,246,17,17
555,246,17,17
552,247,17,17
547,248,19,18
543,250,18,17
540,251,18,18
534,251,22,22
535,251,21,21
532,254,20,21
527,255,20,21
523,256,20,21
519,258,20,21
516,259,20,21
516,260,19,20
514,262,19,20
510,263,19,20
506,265,19,20
502,267,19,20
499,269,19,20
499,269,18,19
496,272,17,18
492,274,18,18
488,275,18,18
484,276,18,18
481,277,18,18
481,278,17,18
478,280,16,17
474,281,16,17
471,283,16,18
467,285,16,17
463,286,17,18
463,286,17,18
460,288,16,17
456,290,16,17
453,292,15,16
449,293,17,17
446,294,16,17
442,296,16,17
442,296,16,17
438,298,16,17
434,299,17,19
431,300,17,18
428,303,16,17
428,302,17,18
424,304,17,18
421,306,16,17
418,308,15,16
414,308,16,18
411,310,15,17
410,309,16,18
407,311,16,18
403,313,16,18
400,314,16,17
396,316,17,17
392,317,18,18
393,317,17,18
390,318,16,18
386,319,17,19
383,321,17,19
380,322,16,18
380,322,16,18
376,324,18,19
378,326,16,18
378,326,17,19
378,327,18,20
379,328,18,20
379,328,18,20
380,330,18,20
381,331,18,20
382,332,18,20
383,333,18,20
384,334,18,20
385,335,18,20
385,335,18,21
386,336,17,21
387,337,17,21
388,339,16,20
389,340,16,20
390,341,16,20
390,342,17,20
390,343,17,20
391,344,17,20
392,345,17,20
393,346,16,19
394,347,16,18
394,348,16,18
394,348,18,19
395,349,17,18
395,349,19,21
396,350,18,20
396,350,18,20
396,351,18,20
396,352,20,21
397,352,20,21
397,352,20,21
398,353,20,22
399,354,20,22
400,355,19,21
401,356,19,21
401,356,19,21
402,358,18,20
403,360,18,19
404,361,17,18
404,361,17,18
403,361,20,19
404,362,19,19
405,363,19,19
406,364,18,18
406,365,18,19
406,364,18,19
407,365,18,19
408,366,17,18
407,366,19,20
408,366,19,20
408,366,19,20
409,367,18,20
409,368,19,20
410,368,19,20
411,369,18,20
409,369,22,22
409,369,22,22
410,370,21,21
410,370,21,21
411,371,21,21
412,372,20,20
413,373,19,19
412,374,20,20
413,374,19,19
413,373,19,20
413,373,19,20
414,374,19,20
414,375,19,20
415,376,18,19
415,376,18,19
416,376,18,20
416,376,18,20
416,376,18,21
417,377,18,20
417,377,18,20
417,377,18,20
417,378,18,20
417,378,18,20
417,378,19,21
417,378,19,21
417,378,19,21
418,379,19,21
418,379,18,20
418,380,18,19
418,380,19,20
418,381,18,19
419,380,18,20
418,380,20,21
418,380,19,20
418,381,19,20
418,381,19,20
418,380,19,20
418,379,19,20
418,380,19,20
418,379,19,20
418,379,19,20
419,380,19,20
419,380,19,20
419,380,19,20
419,380,19,20
419,380,19,20
419,380,19,20
419,380,20,21
419,380,19,20
419,380,18,19
419,380,18,19
418,379,20,21
418,379,20,21
418,379,19,20
419,380,18,19
418,380,20,21
418,380,20,20
418,380,20,20
418,380,20,20
418,380,19,19
419,380,19,19
419,380,19,19
418,379,20,20
419,380,19,19
419,380,19,19
419,380,19,19
419,380,19,19
419,380,19,19
419,380,19,19
419,380,19,19
419,380,19,19
419,380,19,19
419,380,19,19
419,380,19,19
419,380,19,19
419,380,19,19
419,380,19,19
419,380,19,19
419,380,19,19
419,380,19,19
419,380,19,19
419,380,19,19
419,380,19,19
419,380,19,19
419,380,19,19
418,379,20,21
418,380,20,21
418,380,19,20
418,380,19,20
418,380,19,20
418,380,19,20
418,380,19,20
418,379,21,22
418,379,20,21
418,380,19,20
418,380,19,20
419,380,19,20
418,379,21,23
418,379,20,22
418,379,19,21
418,380,20,21
419,380,19,20
419,380,19,21
419,380,18,20
419,380,19,21
419,380,18,20
419,380,18,19
419,380,19,21
419,380,18,20
419,379,19,21
418,378,22,23
418,378,21,23
418,379,20,22
418,378,21,23
419,379,20,22
419,379,19,21
419,380,19,21
419,380,20,21
419,380,19,20
419,379,20,21
419,379,19,21
419,380,19,21
419,379,19,21
419,380,18,21
419,379,19,21
419,379,19,21
418,379,19,21
418,378,19,21
419,380,18,20
419,380,18,19
419,380,18,19
419,380,18,19
419,380,18,19
419,380,18,19
419,380,18,19
419,380,18,19
419,380,18,19
419,380,18,19
419,380,19,20
419,380,19,20
419,380,18,20
419,379,18,20
419,379,18,20
419,379,18,20
418,379,20,21
418,379,21,21
419,380,20,20
419,380,20,20
418,380,20,20
418,380,20,20
418,380,20,20
418,380,20,20
418,380,20,20
418,379,20,21
418,379,20,21
418,380,20,21
418,380,20,21
418,379,20,21
418,379,19,20
419,380,19,20
418,380,19,20
418,379,19,20
418,379,20,22
418,380,20,21
418,380,20,20
418,380,20,20
418,380,19,20
418,379,20,21
418,379,20,21
419,380,19,20
418,380,20,21
418,380,19,21
418,380,20,21
419,380,19,21
419,380,19,20
419,379,18,21
419,378,19,22
419,379,20,22
419,379,19,21
419,379,19,21
419,379,19,21
419,379,20,21
419,380,19,20
419,381,18,19
418,380,21,21
418,379,21,22
418,378,21,23
418,378,21,23
418,378,21,23
418,378,21,23
418,378,21,24
418,378,21,24
418,378,21,24
418,378,20,23
418,378,20,22
418,378,20,22
418,378,20,22
418,378,20,22
418,379,20,22
418,379,20,22
418,379,20,22
418,379,20,22
418,379,20,22
418,379,20,22
418,379,19,21
418,380,20,21
418,379,20,21
419,379,20,21
419,379,20,21
418,379,20,21
418,379,20,21
418,379,20,21
418,379,20,21
418,379,20,21
418,379,20,21
418,379,20,21
418,379,20,21
418,379,20,21
418,379,20,21
418,379,20,21
418,380,20,21
418,380,20,21
418,380,20,21
418,380,20,21
418,380,20,21
418,380,20,21
418,380,20,21
418,380,20,21
418,380,20,21
418,380,21,21
418,380,20,20
418,380,20,21
418,379,20,21
418,380,20,21
418,380,20,21
418,380,20,21
418,380,20,21
418,380,20,21
418,380,20,21
418,380,20,21
418,380,19,20
418,380,19,20
418,380,19,20
418,379,20,21
419,380,19,20
419,380,19,20
419,380,20,21
419,380,19,20
419,380,19,20
419,380,19,20
419,380,19,20
419,380,19,20
418,380,20,21
419,380,18,20
419,380,19,20
419,380,19,20
419,380,20,20
419,380,19,19
418,380,20,21
419,380,19,21
419,380,19,21
419,380,19,21
418,380,19,21
418,380,19,21
419,380,18,20
419,379,19,21
419,379,19,21
419,380,19,21
419,380,19,21
419,380,18,20
419,380,18,20
419,381,18,20
419,380,18,20
419,380,18,20
420,380,18,20
419,380,18,20
419,380,19,21
419,380,18,20
419,380,18,20
419,380,18,20
419,380,18,20
419,380,18,20
419,380,18,20
419,380,18,20
419,380,18,20
419,380,18,20
419,380,18,20
419,380,18,20
419,380,18,20
419,380,18,20
419,380,18,20
419,380,18,20
419,380,18,20
419,380,18,20
419,380,18,20
419,380,18,20
419,380,18,20
419,380,20,21
419,380,19,20
419,380,19,20
419,380,19,20
419,380,19,20
419,380,19,21
419,380,19,21
419,380,19,21
419,380,19,21
419,380,19,21
419,380,19,21
419,380,19,20
419,380,19,20
419,380,19,20
419,380,19,20
419,380,19,20
419,380,19,20
419,380,19,20
419,380,19,20
418,380,20,21
419,380,19,20
419,380,19,20
419,380,19,20
419,380,19,20
419,380,19,20
419,380,19,20
419,380,19,20
419,380,19,20
419,380,20,21
419,380,19,20
419,380,19,20
419,380,19,20
419,380,19,20
419,380,19,20
419,380,19,20
419,380,19,20
419,380,19,20
419,380,21,22
444,387,27,22
472,398,30,20
503,407,28,21
534,416,27,22
531,416,32,24
567,427,26,21
596,436,27,21
620,443,20,21
620,443,20,21
620,443,20,21
620,443,19,20
618,442,20,22
615,442,19,21
612,442,19,20
608,440,20,22
608,440,20,21
604,439,20,21
602,439,19,21
601,439,20,22
595,437,20,21
592,437,19,20
592,436,20,20
588,435,21,22
586,434,20,21
583,433,20,21
579,432,20,22
576,431,21,23
573,431,20,22
574,431,19,21
571,431,19,22
568,429,19,22
565,429,20,21
562,429,20,20
562,428,20,20
559,427,20,21
557,427,20,21
554,426,20,21
551,425,20,21
549,425,20,21
548,425,21,21
545,423,22,22
543,422,22,22
541,421,21,22
538,421,21,22
536,420,21,22
537,421,20,21
534,420,20,21
531,419,21,22
529,418,21,23
528,418,20,22
526,417,19,22
523,418,21,21
523,418,20,20
521,417,21,22
519,417,21,22
518,417,19,20
516,416,18,19
514,416,18,19
514,416,18,19
513,416,18,19
510,415,19,19
509,415,19,19
507,413,19,20
507,413,19,20
505,413,19,20
505,413,18,20
502,412,19,20
501,412,19,20
499,412,19,20
500,412,19,20
499,412,19,20
496,411,19,20
494,410,20,20
493,410,20,20
492,409,20,21
492,409,19,20
491,409,19,20
490,409,20,20
489,408,19,21
487,408,19,21
487,408,19,20
485,407,19,20
485,407,19,20
484,407,20,20
483,407,20,20
482,406,20,20
481,405,20,21
481,405,21,21
480,405,21,21
479,404,22,23
478,404,22,21
478,404,21,22
477,404,20,21
