185,146,66,46
184,146,71,47
185,147,72,48
184,149,72,46
184,149,72,46
185,149,72,46
186,149,71,46
186,150,71,47
187,150,72,47
187,150,71,47
187,150,71,47
188,150,72,47
189,150,70,47
189,147,70,50
191,146,68,52
190,146,69,52
189,147,70,52
190,150,70,51
190,150,70,51
191,151,71,51
191,152,71,50
191,152,71,49
191,151,71,49
191,149,72,50
191,150,71,49
190,149,71,50
189,150,71,50
190,150,71,50
189,147,72,51
188,147,73,52
184,148,76,53
185,147,74,53
191,148,70,53
191,149,69,52
197,149,66,51
199,152,66,49
199,152,66,49
201,153,66,48
204,155,66,47
207,156,66,47
206,156,67,48
205,156,68,48
208,155,66,48
209,154,67,48
211,154,66,48
212,155,68,48
212,154,67,48
211,154,68,48
212,154,69,48
209,151,72,47
206,148,73,48
201,144,78,50
201,144,78,51
197,144,79,51
192,145,79,50
184,146,83,49
183,144,77,52
183,143,77,53
183,140,76,55
180,139,75,58
178,136,75,62
177,133,74,55
178,132,74,53
177,130,75,54
176,131,79,56
175,131,79,57
176,131,80,57
173,133,80,57
172,132,82,59
178,136,76,58
182,138,77,55
184,143,76,54
186,145,75,53
188,146,74,52
185,146,77,51
186,146,78,52
187,146,79,51
190,146,76,52
187,146,78,50
186,146,79,51
183,146,79,50
183,146,77,49
177,146,82,47
177,142,81,50
178,142,81,51
174,142,78,51
174,148,78,47
174,148,78,46
176,147,76,46
177,147,77,46
176,146,78,46
176,147,79,47
179,146,78,48
179,146,77,48
179,146,78,48
179,146,79,47
179,146,78,47
180,147,78,47
180,147,77,47
176,146,82,48
176,146,82,48
169,138,92,57
164,143,97,52
158,142,102,54
146,138,114,57
132,137,128,62
133,137,128,62
132,136,125,64
120,126,140,76
120,124,137,75
109,114,151,86
108,117,151,83
101,110,165,93
117,116,153,88
123,113,160,95
129,114,165,101
150,120,159,96
150,122,167,95
172,121,163,91
164,136,162,88
169,139,162,84
164,143,165,85
164,144,162,83
165,145,161,81
162,147,161,82
160,148,162,85
161,135,162,96
161,134,162,97
155,133,163,99
151,131,163,99
147,129,164,100
151,124,161,100
151,124,161,99
150,123,162,101
150,123,168,100
150,123,167,101
142,122,173,100
128,135,178,90
129,135,177,89
121,129,176,94
117,119,177,104
117,115,173,106
117,118,176,105
117,112,174,111
115,106,175,115
116,102,176,118
119,110,177,111
130,116,171,104
140,115,168,104
140,121,168,99
156,122,157,99
167,123,153,98
171,126,153,94
172,127,155,94
173,126,152,95
175,123,152,98
175,123,153,98
173,122,156,99
172,124,158,95
170,124,158,98
169,122,159,101
169,117,160,105
170,118,159,103
168,118,159,103
170,115,155,104
170,115,156,104
171,113,156,104
169,111,160,104
167,116,160,100
155,117,170,100
154,116,170,100
151,116,172,101
146,117,171,101
141,121,171,100
132,121,173,99
121,117,176,100
119,116,181,101
116,113,175,103
104,111,185,106
92,105,190,108
90,105,146,86
90,107,145,75
89,108,142,81
89,101,136,90
91,97,131,94
107,97,116,94
107,96,115,96
106,101,115,91
127,103,94,90
134,105,85,89
138,106,80,88
143,104,75,88
142,104,77,95
146,103,72,95
148,104,70,94
151,105,68,94
153,102,68,94
153,103,68,95
154,102,68,95
154,101,68,95
154,100,69,94
153,99,71,96
154,98,70,96
152,98,72,98
151,99,71,97
152,100,70,95
151,101,74,94
152,104,73,93
152,104,77,92
152,104,77,92
149,106,80,92
148,105,81,97
146,101,84,99
145,98,87,102
143,93,86,107
143,92,85,107
143,87,85,113
144,87,85,113
152,84,77,112
154,85,77,113
158,83,74,117
156,88,75,111
158,93,72,106
158,96,72,98
158,98,70,96
158,100,70,96
159,103,71,94
159,105,71,93
159,106,70,90
159,104,70,91
162,105,67,94
162,103,68,94
162,105,67,91
161,105,65,92
160,107,67,93
160,104,67,93
161,106,72,91
160,103,79,93
158,100,86,95
154,110,93,89
150,108,98,90
145,109,103,89
132,108,113,82
125,106,120,78
114,108,133,82
115,107,131,82
112,108,132,81
109,107,133,81
107,106,129,82
109,105,119,81
109,106,113,80
109,106,113,83
110,106,110,83
108,108,110,88
108,110,110,88
106,109,113,88
105,109,115,86
104,108,119,86
103,109,120,87
102,110,120,90
102,109,118,88
102,109,117,89
100,107,120,93
98,107,119,93
102,110,115,86
100,109,119,90
99,110,119,90
98,110,120,90
97,110,123,93
99,111,121,93
99,114,120,92
98,118,119,91
103,118,112,87
98,119,120,89
100,118,117,89
103,117,114,89
103,116,120,91
101,116,121,90
101,116,122,91
98,117,121,92
99,116,119,92
100,115,117,91
100,114,117,94
100,114,117,93
102,117,114,89
101,116,117,91
100,117,117,90
101,118,117,92
101,118,116,91
101,119,115,90
106,112,115,97
105,116,116,92
106,117,113,88
103,119,115,90
102,119,115,87
102,120,118,89
104,122,118,87
104,121,119,88
104,120,119,89
104,120,118,90
106,118,119,95
106,118,119,96
104,117,118,96
104,118,118,94
104,116,118,89
102,116,120,87
102,116,120,96
98,115,123,98
98,116,123,95
98,115,122,94
98,115,121,95
100,114,117,94
103,114,117,92
106,115,114,92
105,116,115,89
105,114,115,90
105,113,118,91
108,114,119,91
110,114,119,95
110,117,120,96
116,118,119,94
116,117,119,96
114,120,128,96
119,119,122,96
128,118,113,97
135,117,104,97
137,117,101,96
144,121,94,94
148,122,88,93
151,122,82,91
153,122,78,89
153,123,76,85
151,122,78,86
152,121,76,85
153,118,75,94
155,118,73,99
154,119,75,100
155,119,74,99
154,119,76,93
154,118,76,88
154,117,76,95
153,116,77,100
153,118,76,97
153,117,78,98
153,118,78,92
151,118,80,93
156,119,76,91
157,120,75,85
157,120,76,84
156,117,78,90
153,115,83,94
154,113,88,99
153,111,90,98
153,112,89,95
152,112,92,96
152,111,96,97
153,111,98,98
153,112,99,98
153,111,99,100
152,111,99,100
153,111,106,104
152,111,103,103
153,111,101,102
154,111,101,103
156,110,99,105
154,109,102,103
152,107,103,107
154,106,100,104
154,111,101,99
154,111,101,98
152,110,105,97
154,109,104,94
155,108,106,94
152,106,115,98
154,107,112,96
156,108,113,96
156,110,117,96
158,110,119,102
159,108,124,108
162,108,128,108
163,108,127,108
164,108,129,104
170,108,123,103
160,112,133,102
160,114,132,100
160,114,132,100
160,119,132,96
159,122,136,88
158,122,136,86
158,123,139,83
157,125,142,88
157,126,141,89
156,126,144,92
156,125,140,98
153,124,144,97
152,127,144,93
151,128,146,90
151,127,144,86
153,123,143,83
150,121,139,83
152,120,132,83
152,120,129,84
151,119,130,85
150,118,133,84
151,118,135,84
151,118,139,83
148,116,145,89
147,118,145,87
147,117,147,88
146,117,146,91
144,115,147,92
145,116,145,90
146,115,144,90
144,117,143,86
144,118,142,84
143,120,142,90
141,120,143,92
141,121,143,91
141,120,143,87
140,119,143,79
140,118,143,78
140,118,145,79
140,119,148,78
139,119,149,77
140,118,150,79
139,118,151,87
139,118,151,87
138,118,150,91
137,118,151,89
138,117,151,89
139,117,149,90
137,117,151,91
137,117,151,90
137,119,152,89
137,119,151,89
135,119,156,88
139,117,153,75
139,117,152,77
141,116,152,77
138,115,155,78
141,115,154,79
142,115,158,78
144,115,153,79
142,110,154,85
143,108,153,87
141,109,153,88
141,110,152,83
140,111,152,85
139,111,151,88
137,111,150,87
137,110,150,86
136,113,151,83
138,116,150,82
139,116,147,81
138,116,146,86
139,117,146,86
138,117,147,87
138,117,149,87
138,117,149,87
136,117,150,86
136,119,150,85
135,121,150,84
136,121,150,82
139,122,149,81
137,123,148,80
137,125,148,80
137,126,150,79
138,125,152,79
138,126,151,78
139,127,149,77
138,127,149,76
138,125,148,79
137,125,150,80
136,126,150,80
137,122,150,81
136,122,151,80
134,123,151,79
136,123,148,79
135,123,147,81
134,123,147,80
133,123,148,81
132,123,148,82
131,122,149,82
130,122,148,82
129,122,149,81
128,122,148,84
127,124,147,83
127,124,149,83
126,125,149,84
126,125,150,83
126,124,151,83
128,123,149,82
128,122,149,87
127,123,149,85
129,123,147,84
128,123,149,85
127,123,148,85
126,123,150,84
128,124,149,84
127,124,146,83
126,125,147,83
125,126,147,82
124,126,147,83
124,126,147,83
125,126,147,84
125,126,146,83
124,125,146,84
124,128,145,80
123,128,145,79
123,128,144,78
124,127,145,77
123,129,145,79
123,128,145,79
123,126,145,80
127,126,143,80
124,125,144,81
123,122,144,85
121,121,147,86
120,120,147,87
120,119,148,87
119,119,149,87
121,119,146,88
120,120,145,88
120,120,146,88
119,120,146,88
119,121,147,87
118,121,147,86
117,123,146,85
115,124,146,85
114,124,145,85
114,123,145,85
114,123,144,86
110,122,145,89
108,123,145,89
106,126,145,84
104,126,148,83
105,127,147,83
105,126,148,84
104,126,149,83
106,126,147,82
104,126,150,81
105,125,149,84
104,125,148,85
102,123,151,87
101,122,152,87
99,122,151,88
100,121,151,88
97,121,150,90
95,123,150,88
94,124,150,86
93,124,149,87
93,123,149,88
92,123,149,88
91,123,149,89
90,122,150,90
93,122,147,90
94,123,148,89
94,124,148,88
94,124,148,88
96,124,149,88
96,123,151,88
95,119,153,87
95,118,153,87
96,113,153,91
96,110,159,91
96,109,159,96
97,107,160,94
97,107,155,96
96,107,155,96
96,108,154,95
96,109,155,94
98,110,155,93
98,110,155,92
99,110,154,91
100,112,152,92
97,111,151,92
95,111,151,91
94,113,152,91
97,112,152,91
96,111,152,91
97,109,151,90
97,110,150,91
95,112,151,90
95,112,152,90
95,112,150,90
96,109,151,91
94,109,150,90
95,109,150,89
94,108,150,89
95,109,149,89
94,109,148,93
94,113,148,92
92,115,149,91
92,119,144,79
94,123,139,78
93,123,140,76
92,125,137,74
91,123,139,73
91,119,140,81
93,119,141,79
93,119,140,78
92,118,148,78
92,120,148,90
94,120,149,95
96,119,148,94
95,119,148,93
95,118,150,94
93,119,150,88
94,119,148,87
93,120,147,85
94,119,146,78
93,119,145,78
95,118,140,80
94,117,138,79
94,116,136,81
94,116,137,83
95,115,134,84
93,118,137,84
92,117,137,80
92,118,134,78
95,117,128,77
95,118,125,76
96,117,124,76
95,116,123,75
94,117,123,75
96,117,122,76
97,117,122,76
98,117,122,78
98,117,122,80
99,117,121,81
99,116,122,80
99,116,121,81
99,117,122,80
99,117,120,81
99,117,120,84
99,116,120,82
100,115,118,84
99,117,121,83
98,116,122,85
97,118,122,84
98,118,121,85
99,117,120,85
98,116,121,85
98,117,120,83
97,116,120,83
98,117,119,82
98,116,120,82
97,117,120,82
98,117,120,81
97,118,121,81
100,118,120,80
100,118,119,79
99,118,117,78
99,118,116,83
99,118,117,85
100,118,117,84
101,118,113,84
100,117,114,82
102,118,113,81
103,118,112,80
102,118,114,80
102,118,113,82
104,119,111,80
105,118,111,80
105,118,110,79
105,118,109,78
103,118,111,81
103,117,112,80
104,117,112,81
105,116,114,82
105,117,113,81
106,116,113,80
106,115,112,79
107,114,111,78
108,113,109,83
107,113,110,84
109,112,110,84
108,112,110,83
106,111,110,83
107,110,111,86
106,109,111,87
107,110,111,86
107,109,112,87
110,112,109,84
111,112,108,85
112,110,109,85
112,112,110,84
111,112,110,83
110,112,112,82
110,112,112,83
110,112,114,82
110,113,113,83
110,111,114,87
110,110,114,87
113,110,112,86
113,109,113,86
115,108,112,85
117,110,108,84
116,110,110,83
112,109,111,82
116,108,109,84
118,110,109,83
118,109,109,83
117,108,109,82
116,106,109,82
115,105,108,81
118,104,107,80
116,103,106,87
116,103,106,87
119,105,102,87
120,106,100,79
122,108,97,82
124,108,96,80
124,107,96,79
123,109,98,80
125,110,97,80
127,110,99,81
125,110,100,80
125,110,100,79
123,110,103,79
121,109,104,82
125,109,98,84
123,109,98,87
123,109,99,86
123,109,99,88
121,109,100,87
118,109,101,87
118,108,100,88
119,108,92,89
119,107,92,88
118,108,92,88
119,107,94,88
120,107,93,92
120,106,92,92
120,106,90,93
121,105,96,93
123,103,97,93
123,104,98,92
123,105,99,92
124,104,99,91
123,104,99,90
128,104,101,90
137,107,102,91
143,111,102,92
144,115,102,92
146,116,101,91
142,120,100,91
146,119,102,92
148,121,104,94
145,124,102,94
142,128,104,94
142,128,105,94
140,129,105,94
135,128,106,92
135,124,108,92
133,120,109,91
133,120,109,89
127,120,112,89
125,119,112,90
126,114,112,91
126,112,109,91
125,111,111,92
123,111,110,91
121,114,111,91
121,114,111,91
123,115,111,91
122,115,110,92
122,116,109,91
119,116,110,92
116,117,111,92
115,117,109,92
117,116,110,91
117,115,110,92
116,116,110,92
115,115,113,92
118,114,111,92
119,112,110,92
119,112,111,93
118,111,112,94
115,112,114,89
115,112,116,89
115,111,116,86
114,113,117,83
114,113,116,83
112,112,115,84
112,111,114,84
112,113,115,84
112,113,118,83
111,112,118,83
110,111,118,86
109,111,115,87
111,109,112,88
111,110,113,89
109,111,111,90
108,110,113,92
108,110,111,93
108,110,111,92
106,110,113,93
109,111,111,90
109,112,111,89
110,111,113,87
109,109,114,85
107,109,115,86
108,110,114,86
108,110,115,88
108,111,116,87
107,112,114,86
106,112,115,87
105,110,116,88
105,111,116,86
105,111,116,85
104,111,119,84
104,110,121,86
103,109,120,87
104,109,120,86
103,109,121,86
103,109,120,85
103,109,122,87
106,110,121,86
106,108,122,88
106,107,121,90
104,107,121,91
102,107,122,90
100,105,124,90
99,103,125,89
98,104,123,88
98,105,122,88
95,105,123,89
94,107,122,88
92,107,122,90
91,108,122,90
90,109,125,90
95,107,122,90
96,108,121,89
97,107,120,88
98,105,120,88
99,103,120,88
99,105,119,87
98,105,118,86
98,104,117,85
102,105,114,85
101,105,113,85
103,105,111,88
100,105,115,89
98,105,114,90
97,106,113,90
98,105,117,92
98,106,117,91
98,107,120,92
98,109,122,91
99,107,121,89
100,105,127,90
100,108,137,89
99,109,139,88
98,109,138,97
99,110,135,104
102,109,135,107
106,111,133,104
106,111,132,102
102,111,137,101
106,109,133,98
108,107,132,96
108,108,132,104
108,109,133,103
111,110,130,98
113,110,126,97
112,108,125,100
111,107,125,96
109,107,124,95
109,107,123,94
109,106,125,93
108,105,125,88
110,103,118,88
110,101,115,87
110,101,114,86
108,99,114,86
107,98,116,86
112,98,110,84
110,98,118,88
110,97,119,87
111,100,116,84
114,97,121,88
113,97,119,88
111,96,123,98
107,96,130,100
107,96,129,99
107,95,132,98
109,93,132,98
113,93,131,89
115,93,130,99
116,93,131,99
116,95,128,98
118,97,126,96
116,97,126,96
119,101,126,96
117,101,127,96
115,100,127,96
114,102,127,95
113,101,126,94
115,101,127,98
118,102,123,98
118,101,122,98
116,102,121,97
114,100,125,83
116,103,125,83
116,103,125,83
117,104,122,83
120,104,115,83
121,104,112,82
121,104,111,85
122,103,113,87
124,103,117,87
124,102,116,88
123,102,120,92
119,102,125,92
117,101,128,92
116,101,128,91
115,103,128,81
116,103,129,89
118,104,130,94
117,107,128,88
116,108,126,80
116,108,125,80
119,108,123,79
123,108,123,89
125,107,119,89
124,108,118,87
127,109,114,85
127,109,117,85
132,107,120,91
132,106,119,94
131,106,123,101
131,106,126,101
132,107,125,97
133,107,125,97
137,108,125,97
137,110,122,98
137,113,125,98
140,114,124,98
139,115,125,97
138,117,124,99
137,117,126,101
138,116,129,101
140,117,131,101
139,116,131,101
142,117,132,99
145,120,133,103
146,120,138,104
149,116,139,107
149,115,138,106
149,119,143,105
150,121,142,104
156,123,142,104
157,123,142,104
159,125,141,103
160,125,141,103
166,126,139,100
171,126,132,100
172,126,133,101
173,129,135,96
174,132,133,93
174,130,132,93
173,128,135,93
173,131,136,93
172,129,138,104
172,131,138,104
170,131,138,106
168,130,137,107
166,130,138,103
163,130,138,96
162,131,140,96
163,131,139,96
162,132,134,93
162,131,132,92
161,132,132,95
159,132,135,96
158,131,133,96
159,124,129,107
157,127,129,99
155,130,131,99
152,130,134,100
152,131,139,100
152,131,139,94
152,130,139,94
149,131,145,99
148,132,144,100
148,132,144,97
147,131,144,99
146,130,149,98
145,132,148,95
145,131,147,94
143,133,146,86
144,134,145,85
143,133,144,84
145,133,141,83
146,133,138,82
144,133,142,88
144,133,143,95
142,132,145,95
143,131,145,98
142,130,144,92
141,129,146,94
143,128,147,93
142,129,148,90
141,130,148,101
141,129,148,100
141,131,147,90
141,128,146,91
141,129,146,92
141,128,145,97
141,130,144,91
141,131,140,91
142,129,139,92
141,129,135,94
141,126,139,101
139,128,139,100
142,128,140,100
143,128,137,97
142,129,137,97
142,129,138,98
142,128,142,97
139,127,139,98
142,130,137,94
145,131,135,94
144,132,134,92
144,131,134,92
143,130,134,92
143,128,134,91
145,127,132,91
144,128,130,90
144,128,128,89
143,128,126,88
143,128,129,89
146,127,129,89
145,128,129,88
145,129,129,87
145,132,128,86
144,132,128,88
145,133,126,88
147,131,127,89
146,128,128,90
147,129,128,90
148,127,127,91
147,126,129,92
145,126,130,92
150,128,127,93
150,127,126,93
149,127,125,92
149,127,126,93
150,126,126,93
150,127,124,92
150,128,124,92
149,127,125,92
148,130,125,90
150,132,127,88
150,132,129,88
151,130,128,89
151,129,126,89
150,128,126,90
148,128,125,90
149,125,130,93
148,129,129,91
148,129,129,91
149,129,131,94
148,126,140,100
149,127,132,98
151,130,129,94
151,130,128,94
150,130,129,94
150,129,127,95
151,129,126,96
151,128,129,95
151,127,132,95
151,126,132,95
152,128,132,105
152,127,135,107
153,127,133,106
153,126,135,106
153,126,135,106
152,125,136,106
152,125,137,105
153,127,133,107
153,127,136,108
153,127,137,107
153,128,138,107
153,127,135,99
152,127,133,95
153,127,129,93
153,128,128,94
153,128,128,95
156,127,127,98
157,127,126,97
156,127,128,97
156,126,128,96
156,126,128,99
155,126,129,100
155,128,128,98
156,128,128,101
157,128,129,100
155,129,130,97
156,129,129,97
156,131,128,96
157,129,127,95
156,130,127,93
155,131,127,91
155,130,127,90
155,134,128,96
153,131,130,100
152,129,128,100
154,125,127,102
159,123,124,105
158,122,124,106
156,121,126,107
155,119,126,108
154,116,127,110
154,115,127,111
154,114,126,112
153,115,127,112
152,114,127,113
155,116,126,110
153,117,126,109
152,116,127,110
155,116,126,110
155,117,125,109
154,117,125,108
154,117,125,108
154,117,126,107
155,116,125,107
154,115,126,110
156,113,125,110
157,112,124,110
157,111,124,111
158,111,123,110
159,110,123,110
158,110,123,110
156,111,122,109
154,112,121,108
154,112,120,107
155,113,123,106
157,124,128,97
157,124,131,89
158,124,133,96
159,124,135,100
156,126,137,96
156,126,136,98
157,125,136,100
157,125,136,102
157,124,141,103
157,124,141,103
158,125,143,102
158,125,152,107
158,125,146,110
154,126,150,109
154,129,150,106
154,129,151,105
153,129,146,107
152,128,148,103
150,127,149,107
150,127,152,103
150,126,152,105
149,125,152,105
148,125,152,105
147,125,149,104
146,125,150,98
147,126,147,96
147,126,143,95
146,125,140,98
145,126,143,100
145,125,147,100
145,125,148,101
145,125,146,100
143,126,151,105
141,128,152,102
136,126,155,101
136,125,155,102
136,127,156,101
135,130,155,103
136,127,158,109
135,128,158,104
134,129,160,98
134,131,159,95
133,130,158,94
131,129,159,105
130,128,159,105
128,126,162,104
125,126,158,95
127,126,157,94
125,127,152,93
126,127,146,94
126,126,145,92
127,125,141,91
128,125,140,90
126,126,144,95
126,126,147,99
126,126,148,98
126,126,151,97
128,123,149,98
129,123,152,97
130,121,156,97
128,121,159,103
128,119,159,103
130,119,154,102
130,119,155,105
129,118,158,106
130,118,159,104
131,121,160,101
130,122,160,99
130,124,160,98
129,124,160,97
128,124,159,96
128,124,158,95
127,124,158,98
130,124,156,99
130,124,156,100
130,124,155,99
130,123,154,98
129,123,152,97
129,123,155,96
129,123,156,95
129,122,158,94
126,113,161,109
131,114,157,106
131,116,156,105
132,116,156,104
130,117,155,103
131,116,156,102
131,117,156,101
130,119,156,104
127,119,159,104
126,119,159,103
125,118,159,105
128,116,159,106
129,116,159,107
128,118,158,105
128,120,157,104
128,121,157,103
128,121,159,103
128,119,158,102
127,118,157,101
131,118,156,100
132,117,156,103
131,116,156,104
128,117,155,103
127,117,158,102
127,117,158,101
127,117,157,108
129,115,157,108
128,114,156,107
129,114,155,106
129,114,155,105
129,119,155,104
128,119,157,103
129,118,157,105
128,117,158,104
128,117,158,103
128,119,158,102
129,119,158,101
130,118,158,103
129,117,158,104
132,116,155,104
132,116,155,105
132,116,156,104
133,117,156,103
134,120,157,102
134,123,157,101
132,123,159,100
133,123,159,99
132,122,158,104
132,121,158,104
131,121,158,104
132,114,151,110
133,113,147,110
136,112,143,109
135,111,142,114
133,110,140,115
134,111,150,116
131,110,153,115
131,109,152,115
133,109,152,114
133,109,152,113
132,109,151,116
133,110,152,115
133,111,152,114
132,112,151,113
133,113,150,112
134,113,151,112
132,113,151,113
132,113,152,113
132,113,151,112
132,111,150,114
132,110,149,113
132,110,149,113
131,111,148,112
131,112,148,112
131,109,149,113
130,110,149,112
131,112,149,112
130,112,149,112
129,112,150,111
128,109,150,115
128,108,150,117
131,107,149,116
133,109,148,115
132,111,147,114
133,110,147,114
135,111,146,113
130,111,151,112
130,111,151,115
132,111,149,114
131,110,150,116
130,110,152,117
130,111,153,116
132,111,151,116
132,112,151,116
132,112,151,114
132,113,151,113
133,113,151,113
133,113,151,113
132,125,147,103
132,131,153,95
132,132,151,93
134,132,155,92
135,132,156,95
136,132,155,99
136,132,155,102
139,132,153,100
138,133,152,102
137,132,151,101
137,132,153,101
138,132,151,102
137,131,155,103
138,133,155,100
138,134,156,100
138,136,155,99
138,134,155,99
137,133,156,99
137,132,157,101
137,132,157,102
139,135,159,97
141,135,160,97
140,136,160,95
144,134,158,99
145,135,156,95
149,136,154,94
151,138,153,93
153,139,152,93
153,138,151,94
153,140,153,93
151,139,155,89
145,138,163,92
147,138,163,91
146,137,164,83
146,136,163,82
145,136,162,92
144,136,163,92
143,136,163,93
142,137,164,92
143,137,167,84
142,137,168,84
141,138,170,92
140,138,168,89
139,138,168,86
141,138,164,83
141,140,163,82
139,140,164,92
138,140,164,88
137,141,165,84
137,141,162,87
136,141,163,87
135,141,163,89
135,141,161,89
133,140,162,87
134,140,159,87
132,139,161,89
132,138,160,90
133,139,159,87
134,139,158,76
131,138,154,78
131,139,150,79
130,139,150,77
131,139,146,79
129,138,144,81
129,138,143,81
127,137,144,83
124,137,142,83
124,137,143,84
121,137,144,84
121,137,145,89
121,137,144,89
120,137,146,89
121,136,145,89
121,134,144,89
121,134,147,88
119,136,148,87
117,136,151,86
116,137,152,86
121,137,148,85
121,136,149,84
121,136,149,86
121,136,148,84
123,134,146,84
124,134,146,85
122,133,149,86
121,134,150,85
122,132,150,85
124,131,148,84
125,131,146,83
126,132,144,82
124,133,144,81
123,131,147,82
122,130,149,82
121,131,150,82
121,131,151,82
120,131,152,82
119,129,153,82
119,127,156,85
118,121,156,97
118,121,156,96
119,119,158,96
118,120,161,95
117,120,161,96
117,119,159,96
117,119,158,97
117,119,159,99
116,119,158,100
114,118,158,101
113,118,158,104
111,118,159,105
112,118,159,102
111,119,159,104
109,121,160,102
107,124,159,99
106,123,158,102
106,124,157,100
104,124,157,102
103,125,157,101
102,126,157,99
102,127,156,96
102,128,158,95
100,128,158,96
98,129,158,94
97,130,159,95
97,129,159,95
96,129,155,95
100,133,151,91
100,132,149,91
103,130,146,91
101,129,144,92
98,128,141,94
97,128,141,95
104,128,137,94
98,128,143,94
97,129,143,93
96,130,143,94
96,129,144,94
95,128,144,94
95,128,145,95
99,128,143,95
100,128,144,95
99,127,146,97
98,126,147,99
100,127,143,96
101,128,143,94
100,129,143,92
99,130,142,93
101,129,140,93
103,129,139,93
102,128,139,95
101,128,138,94
101,127,138,94
100,126,139,96
100,126,140,97
100,127,139,94
99,128,139,94
98,128,138,95
99,129,138,95
99,128,139,95
98,128,138,94
98,129,140,93
99,129,139,92
100,131,138,91
100,132,138,91
102,132,138,91
102,133,138,91
102,133,139,91
105,133,140,91
106,132,142,91
105,131,145,93
105,131,148,93
105,130,153,95
107,129,154,95
107,128,155,94
110,128,153,93
115,128,151,93
116,128,150,93
117,128,158,93
121,132,154,90
120,133,153,89
120,133,160,89
122,133,158,88
122,133,163,88
121,135,163,88
123,135,164,87
122,135,164,86
126,134,162,85
127,134,163,85
132,133,160,85
136,135,162,85
137,136,161,83
138,137,161,83
141,137,163,81
152,135,154,86
158,137,150,85
159,137,152,85
159,138,151,85
163,137,152,85
164,136,156,85
164,137,157,84
163,133,161,89
164,133,160,89
164,132,161,89
162,131,162,89
160,132,161,88
158,132,160,88
158,131,160,87
153,130,160,87
149,134,156,87
145,135,151,86
143,141,147,81
143,142,143,81
142,143,141,79
141,142,141,78
141,139,141,81
141,139,143,80
141,143,145,78
142,142,143,78
142,143,147,78
141,141,156,78
142,141,157,77
140,138,159,82
142,137,158,81
143,137,155,80
145,139,157,83
144,138,157,84
142,138,155,83
141,140,152,81
141,140,154,80
140,141,152,79
139,144,148,78
138,143,143,80
137,141,140,80
136,141,140,81
139,141,140,82
139,142,142,81
141,141,146,81
140,141,147,80
140,141,148,80
140,141,149,80
142,141,149,80
144,143,149,80
145,144,147,79
143,145,147,78
142,146,149,78
142,146,150,78
142,145,152,77
142,144,155,76
142,145,157,75
145,144,153,74
146,145,154,74
147,145,155,73
145,145,154,73
146,146,152,72
146,143,150,77
146,144,149,74
147,145,146,73
146,144,148,77
146,144,147,75
145,146,148,74
145,146,147,73
145,145,150,76
148,145,149,75
146,146,148,74
146,147,148,73
146,147,148,72
146,146,149,75
145,147,147,73
146,144,146,75
148,143,145,75
147,141,146,78
146,139,146,79
145,137,146,81
147,131,147,88
147,131,149,90
147,131,150,91
147,130,151,90
147,130,147,89
147,132,146,88
147,130,145,90
147,131,147,89
147,131,146,88
145,133,149,85
148,132,144,86
147,132,143,85
148,132,142,84
149,133,140,84
149,135,139,83
149,135,140,83
151,135,135,80
150,140,132,76
148,138,129,75
149,138,129,75
148,138,130,75
147,139,131,75
146,139,133,75
144,138,136,76
143,137,136,77
144,138,135,76
145,137,134,75
145,138,134,74
146,136,133,76
148,137,133,76
148,138,132,75
147,137,135,75
147,135,139,77
147,133,144,79
146,132,150,78
145,133,152,78
145,134,153,77
145,132,156,77
144,131,158,76
144,130,157,75
145,129,159,75
145,129,159,74
145,126,159,83
146,125,161,85
147,120,163,90
148,119,163,91
148,118,163,92
147,118,162,92
145,117,163,90
144,116,164,90
145,119,163,87
145,121,163,85
142,120,163,86
140,121,161,86
139,121,161,86
138,121,158,86
139,120,152,85
140,120,151,88
139,133,147,74
143,130,142,73
142,129,140,78
142,129,142,78
141,128,143,78
142,128,145,79
142,128,150,78
141,127,151,77
140,128,153,76
141,130,152,77
142,129,151,76
140,130,155,76
142,131,152,75
143,131,155,74
144,131,153,73
145,131,152,72
145,130,155,75
148,126,155,78
151,121,155,84
152,120,157,85
153,120,156,85
154,119,159,87
158,117,157,87
164,116,150,83
167,117,147,81
173,117,138,80
175,117,136,79
180,117,129,83
183,116,128,86
183,116,126,85
181,114,126,86
181,114,127,85
181,124,126,76
180,125,127,75
182,124,127,75
183,124,129,74
183,123,129,73
182,120,134,80
181,116,135,85
181,111,142,88
182,109,143,92
182,110,144,94
183,110,143,93
184,109,143,92
184,111,141,90
184,111,141,92
186,110,140,92
189,111,137,90
190,110,137,90
186,112,139,89
186,113,137,88
187,117,137,83
186,120,137,81
187,121,135,80
186,122,134,78
187,122,132,77
186,124,131,74
186,130,127,66
185,131,128,66
185,129,127,65
183,130,128,64
184,128,128,67
185,130,129,68
185,130,130,68
183,130,131,68
181,130,131,68
182,127,133,71
187,121,134,74
186,119,135,76
186,118,135,75
181,117,136,77
184,119,135,77
186,122,135,78
189,124,131,76
189,123,131,78
190,122,129,77
188,118,129,77
186,119,129,77
185,121,130,76
184,124,131,75
183,125,131,75
182,126,130,75
180,134,127,68
181,136,123,64
181,136,121,64
180,135,120,63
179,133,119,62
179,133,122,61
179,133,125,64
180,128,127,67
180,128,126,66
180,126,127,67
181,126,126,72
180,122,127,76
178,119,128,81
179,119,128,80
179,119,127,81
178,121,126,79
177,122,126,78
177,121,125,77
176,121,126,77
178,120,125,76
178,122,125,78
175,125,126,71
176,127,124,67
176,129,118,62
176,131,117,62
176,128,117,65
179,126,115,66
178,127,119,65
178,128,122,65
178,128,122,66
178,127,123,67
176,126,123,67
173,127,124,69
173,127,125,70
174,128,124,67
173,129,125,68
178,129,120,67
177,129,119,66
179,129,118,66
179,127,119,66
179,126,118,70
180,126,118,70
182,125,118,70
180,124,119,73
179,116,123,81
178,115,125,84
177,114,125,83
175,114,126,83
175,113,125,82
174,117,124,80
173,120,124,76
172,121,124,74
171,122,125,73
169,124,125,72
168,126,124,69
168,125,121,68
167,127,118,64
167,127,118,63
167,126,118,63
168,124,121,66
168,124,124,67
166,125,125,67
165,126,126,66
164,127,126,65
165,127,126,64
169,127,121,63
171,125,120,62
171,125,120,62
173,124,120,65
173,123,119,64
174,123,118,66
173,131,117,60
174,131,118,61
174,130,118,61
177,127,117,63
180,127,116,63
178,126,117,63
176,125,119,65
173,126,123,64
172,128,125,63
172,129,123,65
171,129,125,66
170,129,126,68
170,128,126,69
171,129,125,68
172,129,125,68
172,130,125,67
172,130,127,66
173,128,128,69
173,128,128,68
176,128,126,68
178,127,127,69
179,126,127,70
179,126,128,69
178,125,129,70
177,126,129,69
177,127,129,68
181,129,123,63
185,131,119,61
198,130,105,64
198,128,105,67
200,128,105,72
206,130,96,69
207,129,96,68
208,126,96,69
208,128,95,68
209,125,95,69
211,121,94,72
210,118,95,76
210,117,94,78
209,117,93,79
210,116,97,80
209,117,96,79
207,115,95,80
207,116,98,78
207,114,96,76
208,116,95,75
206,119,95,70
205,124,94,69
205,123,94,69
208,121,89,68
209,122,88,67
209,127,85,63
209,125,84,62
208,124,85,62
206,128,87,65
207,127,86,64
207,127,88,66
206,128,88,66
204,127,87,65
203,127,86,64
207,129,85,63
207,128,83,62
209,127,82,66
208,126,85,65
207,126,85,65
207,126,87,65
207,128,87,62
209,129,86,61
207,129,86,63
204,128,88,62
204,127,89,62
204,124,89,63
203,123,90,64
204,121,90,63
206,115,92,63
210,110,87,62
210,108,88,62
210,107,88,65
210,108,89,64
211,109,88,63
212,109,87,62
212,108,86,65
212,109,86,65
211,110,86,65
211,111,88,64
211,112,88,66
210,108,91,69
212,105,92,71
212,106,91,70
210,106,94,71
208,106,94,71
209,108,94,73
209,109,94,74
209,108,94,74
207,108,95,75
208,109,93,75
207,111,91,75
206,112,89,75
205,112,91,75
206,118,91,76
204,123,90,73
202,122,90,73
202,126,92,73
201,128,91,73
201,128,90,75
200,130,90,76
200,132,89,77
199,134,89,78
197,137,88,78
197,138,88,72
198,139,87,69
200,139,87,67
201,141,89,66
202,143,87,66
203,144,84,65
203,144,83,64
203,143,86,63
201,144,87,63
201,145,88,63
200,145,86,62
200,145,86,61
200,144,85,61
200,141,86,65
201,139,87,67
203,138,86,66
203,137,85,65
205,136,84,64
206,135,86,64
208,134,86,63
209,133,86,62
208,134,84,62
207,133,87,62
206,136,86,62
205,139,85,62
205,141,83,63
203,144,83,62
204,144,83,62
205,143,82,61
205,142,82,62
205,141,86,62
206,140,86,60
209,140,83,60
209,137,82,59
208,136,81,64
207,138,80,60
208,134,80,64
209,133,79,64
209,132,78,63
210,132,79,64
209,133,78,64
210,133,77,66
209,132,79,66
210,131,78,67
208,132,79,65
207,133,81,63
206,134,83,63
205,135,86,63
205,135,86,63
206,136,85,63
204,139,84,62
