277,127,27,17
278,126,32,17
279,127,30,16
279,124,33,19
278,124,34,20
278,124,33,20
278,122,34,22
278,120,35,22
278,122,36,21
278,124,33,20
278,124,33,20
278,125,32,19
278,127,32,17
278,128,30,16
278,128,28,16
278,128,27,16
278,128,27,17
278,129,27,16
278,129,27,18
278,129,27,17
278,129,26,17
278,128,27,17
278,129,26,17
278,129,26,17
278,129,27,18
278,129,28,18
277,128,28,18
277,129,28,17
278,129,28,17
278,129,28,17
278,129,28,18
279,129,26,17
278,130,26,16
279,131,26,16
279,130,26,17
279,130,26,17
280,129,26,17
280,129,25,17
280,129,25,17
281,129,25,17
281,129,25,17
281,129,25,17
281,129,26,17
281,130,26,16
282,127,26,16
282,129,26,17
282,129,26,17
282,129,27,17
282,129,27,17
282,129,27,17
282,129,27,17
283,130,26,16
283,130,26,16
283,130,26,17
283,129,26,17
283,130,27,17
283,130,29,17
283,130,29,17
283,130,29,17
283,130,29,17
282,129,30,18
282,129,30,18
283,129,29,18
283,129,29,18
283,130,29,17
283,130,29,17
283,130,29,17
283,130,29,17
282,129,29,18
283,129,29,18
283,129,29,18
283,129,28,18
283,130,29,18
282,130,29,18
282,130,29,18
282,130,29,18
282,129,29,19
282,129,29,18
282,129,29,18
283,129,28,18
283,129,28,18
282,129,29,18
282,129,29,18
282,129,29,18
282,130,29,18
282,129,29,18
283,130,29,18
283,130,28,19
283,130,28,18
283,130,28,18
283,130,28,18
284,130,28,18
283,130,29,18
283,130,29,18
284,130,29,17
284,130,29,18
284,129,29,18
285,129,29,19
287,126,29,20
286,124,29,22
286,124,30,22
287,125,31,22
287,125,31,22
287,124,31,23
287,124,31,23
289,125,30,23
289,125,30,23
289,126,29,21
291,125,29,22
290,125,29,22
290,126,30,22
291,126,31,22
291,126,30,22
292,125,29,22
292,126,29,22
293,126,28,23
293,125,28,24
293,127,29,22
292,126,30,22
292,126,31,22
294,126,30,22
294,126,30,23
295,127,30,22
296,129,28,21
296,127,30,22
296,126,30,22
295,125,31,22
297,125,29,23
296,125,31,22
296,127,31,21
295,126,32,23
297,125,30,22
298,125,29,21
298,124,29,21
299,125,28,21
298,125,30,22
298,126,30,21
298,125,29,21
299,125,28,21
299,125,28,20
299,125,29,21
299,125,28,21
299,124,29,23
299,125,29,21
299,125,30,21
298,125,30,21
299,124,28,22
299,122,29,24
299,123,28,22
299,125,31,22
299,125,29,22
300,124,29,22
301,125,27,20
301,125,28,21
301,125,28,20
301,124,28,20
301,124,27,21
301,125,27,20
302,125,27,22
302,127,28,20
302,125,27,20
302,125,27,20
302,125,28,19
303,124,26,22
303,124,28,21
304,123,27,22
304,124,27,22
305,125,26,21
305,125,27,22
305,125,28,22
306,126,26,19
306,126,28,20
304,125,30,21
306,125,28,20
307,125,27,20
308,125,27,20
309,125,27,20
309,125,28,20
310,125,27,21
310,126,28,19
311,126,27,20
311,126,28,19
311,126,29,20
311,127,28,18
312,126,27,19
312,125,27,19
312,125,27,19
313,126,27,18
313,127,26,18
313,126,28,19
313,125,28,19
313,125,28,19
314,125,27,20
313,126,27,19
313,128,27,19
314,127,27,20
313,126,27,20
314,127,26,20
314,126,26,20
314,125,26,20
315,127,26,20
315,127,25,19
315,126,26,20
315,125,28,21
314,126,28,20
315,126,27,20
315,127,27,20
315,126,27,21
315,127,26,20
315,127,27,20
316,127,26,20
315,127,28,20
315,128,28,19
315,129,28,18
315,128,28,18
315,128,28,18
315,127,29,19
315,128,28,19
316,128,27,19
316,127,27,20
315,126,27,20
316,127,27,19
316,126,27,20
316,127,27,20
316,127,27,20
316,125,27,21
316,126,27,20
316,126,28,20
315,126,28,20
315,125,28,22
315,126,28,21
316,126,27,21
316,126,27,21
316,126,26,20
315,126,27,20
315,127,27,20
315,127,26,19
315,126,26,19
315,126,26,19
315,127,27,20
315,127,27,20
315,127,27,20
315,127,25,20
315,126,26,20
315,126,27,21
315,126,26,20
315,126,26,20
315,126,26,21
314,126,26,20
315,127,25,20
314,127,26,20
315,126,25,21
315,126,24,20
315,126,23,19
315,126,23,19
315,126,23,19
314,126,24,19
314,126,24,19
314,126,26,19
314,126,27,19
313,126,26,18
313,128,27,18
313,127,27,20
312,126,28,21
312,126,27,20
313,126,26,20
312,126,27,21
312,126,26,20
312,126,26,20
312,126,26,21
312,126,25,21
311,126,26,21
311,126,25,20
311,125,27,21
310,126,27,21
310,126,28,20
309,126,28,21
309,126,27,20
308,126,28,20
308,126,28,20
308,127,28,21
307,128,29,20
307,127,29,20
307,126,28,21
308,126,28,20
307,124,28,22
307,125,28,22
306,125,29,22
306,126,29,21
306,126,29,21
306,126,28,21
306,126,27,21
306,126,27,21
306,127,28,21
306,127,28,21
305,127,28,21
305,126,28,22
305,127,27,21
305,127,28,22
305,126,27,21
305,126,28,21
304,126,29,22
304,127,28,22
304,127,28,22
305,126,28,21
305,126,26,21
306,124,27,23
304,125,29,24
304,124,29,25
305,124,28,25
304,124,28,25
304,124,28,25
305,124,28,25
304,126,29,23
304,126,30,23
305,126,29,22
306,126,28,22
306,126,28,22
306,125,29,23
306,126,28,22
307,126,28,22
305,126,31,21
306,126,30,21
306,126,30,22
306,125,29,22
306,126,29,22
306,126,30,22
306,126,28,22
306,126,31,23
306,125,31,23
306,124,31,23
307,126,30,22
307,124,30,22
307,125,30,22
307,127,29,22
308,126,28,21
308,126,28,21
308,126,29,21
308,125,28,22
308,126,28,22
307,126,29,22
307,126,28,21
306,127,30,22
306,126,30,22
306,126,29,22
307,125,28,23
306,127,30,22
306,127,30,22
306,127,30,22
306,128,30,21
306,127,30,21
306,127,30,21
306,125,29,22
306,125,30,22
307,126,29,21
307,125,29,21
306,125,31,21
306,126,30,21
306,125,31,22
306,126,31,21
305,125,32,21
308,124,29,22
306,123,31,22
307,123,31,23
306,123,32,22
307,126,31,23
307,126,31,22
307,125,30,21
308,125,30,22
310,124,29,23
309,125,30,19
308,125,31,20
310,125,30,22
310,122,30,25
310,125,30,21
309,126,32,18
310,126,31,18
310,126,30,19
310,126,32,22
310,125,31,22
311,126,32,19
312,127,31,20
313,127,30,19
313,126,30,20
313,126,30,20
313,127,30,20
313,127,30,21
313,127,31,21
314,127,31,21
314,127,30,20
314,128,31,20
314,127,31,21
315,126,31,21
316,126,31,21
316,126,31,21
316,127,31,21
316,127,31,20
316,128,32,20
316,126,31,20
317,126,30,20
316,126,33,22
317,127,32,21
317,128,32,20
317,125,32,22
318,125,31,21
318,126,31,21
318,126,31,21
318,127,32,22
318,128,33,22
318,127,34,23
318,125,34,24
318,126,35,24
318,127,34,23
319,127,33,23
319,126,32,23
319,126,33,23
319,126,32,22
320,127,33,23
320,128,33,23
320,126,33,24
320,125,34,24
320,126,33,23
320,125,33,23
320,126,32,22
322,126,32,22
321,127,33,23
322,125,34,24
321,126,34,23
322,126,34,24
322,126,35,24
323,126,35,24
323,127,34,23
324,127,33,22
324,127,34,23
324,127,34,23
324,128,34,23
325,127,35,23
325,128,34,22
325,127,35,22
325,128,35,21
326,128,35,22
327,129,35,22
327,128,34,21
327,129,33,20
327,127,36,22
327,127,36,22
327,127,34,22
327,127,35,22
327,127,34,21
328,127,34,20
328,128,35,20
328,127,34,21
329,128,34,20
330,128,33,22
329,127,35,23
329,126,37,24
329,125,36,25
329,125,35,24
326,124,39,27
328,123,36,28
329,124,35,28
327,124,37,28
328,124,37,28
328,124,37,28
328,125,38,27
327,126,39,28
327,127,39,27
326,126,40,27
325,125,41,28
326,126,39,27
325,126,41,28
324,126,41,27
324,125,41,28
323,125,41,29
323,125,42,30
322,125,42,30
322,125,41,30
321,125,42,29
321,124,41,31
320,125,43,30
321,125,42,30
320,123,41,31
320,125,41,29
320,124,41,29
318,125,42,30
318,125,42,29
318,123,42,32
317,125,42,31
316,124,42,31
316,124,42,30
316,125,42,31
314,124,43,32
314,124,43,32
314,124,43,32
313,123,43,32
313,122,43,34
313,123,42,33
313,124,42,31
312,123,42,32
312,123,42,33
312,124,42,32
311,124,42,32
310,123,42,32
310,123,42,32
309,124,43,32
309,125,42,31
308,125,42,32
308,124,42,33
307,125,42,32
306,126,42,32
305,126,44,34
305,125,44,34
305,125,44,34
306,125,45,33
304,126,44,33
303,126,45,33
303,126,44,34
303,126,44,32
302,125,44,32
302,125,44,31
302,126,43,31
302,125,43,31
301,126,43,32
302,125,43,34
301,125,43,35
300,125,44,34
300,124,44,33
300,125,43,32
299,125,43,32
301,126,43,32
301,126,42,30
300,126,42,30
299,127,42,30
299,127,42,30
299,127,41,29
297,126,43,34
296,126,45,33
296,126,45,32
295,127,46,32
295,126,46,32
294,125,46,33
294,125,46,33
294,125,46,33
294,125,46,33
294,125,46,33
294,125,46,33
294,125,46,33
295,125,46,33
294,125,45,33
294,125,44,32
293,124,45,32
294,124,44,32
293,124,44,32
292,125,46,32
292,125,45,31
292,125,47,31
292,126,47,33
293,125,47,33
292,126,47,33
293,126,47,33
292,125,48,34
292,126,47,33
294,125,46,34
294,125,46,34
293,125,46,34
293,126,46,34
294,126,46,35
292,127,47,36
293,124,46,37
292,124,47,36
293,125,47,36
292,125,48,35
293,126,47,35
293,125,49,35
293,125,49,36
293,125,49,37
292,125,50,37
292,124,51,36
292,124,51,37
292,124,51,38
293,123,51,39
292,124,52,37
292,124,51,36
293,125,50,36
294,125,48,34
293,125,51,37
293,125,50,36
293,125,50,39
293,124,51,38
293,124,52,40
294,125,52,38
294,126,52,35
295,126,51,37
294,124,52,38
294,125,53,38
294,124,54,38
294,125,54,36
294,126,55,38
295,125,54,39
295,126,55,39
295,125,55,40
296,124,54,40
297,125,54,40
297,125,55,40
298,126,54,40
298,125,55,41
300,125,54,41
300,127,55,41
299,129,56,41
301,124,55,42
301,125,54,41
301,124,56,41
304,124,56,41
304,124,56,41
304,125,56,41
304,126,58,41
305,126,58,41
306,126,58,41
307,126,58,41
307,124,58,41
307,124,59,42
306,124,60,43
305,125,63,43
307,125,64,43
306,125,64,42
307,125,65,43
307,125,65,43
309,125,65,43
309,125,65,43
313,128,62,42
315,128,61,42
316,128,61,42
317,128,61,42
317,129,60,41
317,130,60,41
318,130,61,41
318,130,61,41
319,130,62,41
319,130,62,41
319,129,62,41
320,128,62,42
321,128,62,42
322,128,62,42
323,127,62,43
323,128,62,43
322,128,61,42
322,128,63,42
323,128,63,42
324,128,63,42
324,128,63,42
324,129,63,42
324,128,63,42
324,127,63,42
324,127,65,44
324,128,65,44
325,128,65,44
325,129,65,44
325,128,65,44
325,126,65,44
326,126,64,43
325,127,65,43
326,128,64,43
326,128,64,43
326,127,64,43
327,126,64,43
326,125,64,43
326,127,64,43
326,126,64,43
326,125,67,43
326,124,67,45
325,125,68,45
326,126,67,42
326,126,66,42
326,125,67,43
325,124,67,44
326,126,67,42
326,126,67,42
326,126,67,42
327,126,65,41
328,127,65,42
327,127,66,43
325,127,68,42
325,127,68,43
326,127,67,42
326,127,67,42
326,128,66,42
327,129,65,42
326,127,65,42
326,127,65,42
326,124,65,45
326,126,65,41
326,127,64,42
326,126,65,42
328,126,62,41
327,126,64,42
326,125,64,44
326,125,64,44
325,126,64,45
325,126,63,44
325,126,64,45
324,126,65,45
323,126,64,43
324,126,64,42
323,126,64,44
323,127,64,45
323,127,62,42
323,126,64,42
324,127,62,43
323,126,63,44
322,127,63,44
322,126,62,43
323,127,61,43
323,127,60,41
322,127,61,41
323,128,60,40
322,126,60,40
324,126,59,41
323,126,58,41
323,126,59,42
323,125,59,40
321,127,60,41
321,128,61,39
322,127,60,39
322,128,59,40
323,126,57,42
324,127,57,39
323,126,56,40
324,126,56,42
323,128,58,39
323,128,57,39
324,129,57,38
324,129,57,39
324,128,57,41
326,127,55,39
326,127,55,40
326,128,55,39
326,127,55,39
326,126,56,40
326,128,56,40
326,129,56,39
327,128,55,41
326,127,56,42
326,128,56,39
328,127,55,40
328,127,56,39
328,127,55,40
329,127,55,38
329,127,55,39
329,127,56,39
329,127,56,37
329,127,56,37
330,127,55,38
330,128,54,37
331,127,55,39
330,127,56,40
331,126,55,39
331,127,55,39
332,127,55,38
332,127,54,39
332,127,54,37
333,127,53,36
333,128,53,37
331,127,56,35
332,128,56,35
333,128,55,35
334,127,54,35
335,127,53,35
336,126,52,34
333,127,54,35
334,127,55,35
333,127,56,36
334,127,56,36
333,127,57,37
335,127,56,37
334,127,56,38
334,127,57,38
334,128,57,39
336,128,56,38
335,128,57,37
335,128,57,38
335,127,57,37
335,127,56,36
336,127,56,38
338,128,53,38
336,127,54,38
336,127,56,39
336,128,56,38
337,128,54,36
337,127,55,39
337,128,55,38
337,127,55,39
336,128,55,39
337,127,55,36
336,128,55,36
336,128,56,37
336,127,56,37
335,127,56,37
336,126,55,37
336,127,55,39
335,127,56,37
335,127,54,37
334,126,56,37
335,126,55,37
334,127,55,36
334,126,56,37
333,128,57,35
332,127,56,36
333,128,56,35
332,126,56,40
332,127,56,38
331,127,56,38
331,127,56,39
332,127,55,38
331,127,55,40
332,127,54,41
330,127,56,40
332,128,54,38
330,128,55,38
328,128,57,34
331,127,54,36
330,128,56,37
331,128,54,38
329,127,55,38
330,127,54,39
329,128,54,38
328,127,55,40
329,128,56,39
329,128,54,40
330,127,53,39
331,128,52,38
328,128,54,37
328,127,54,37
328,127,54,37
328,127,55,37
328,127,56,37
327,128,56,37
326,127,57,37
327,126,56,36
327,127,56,36
326,127,56,36
327,127,55,38
327,128,55,36
327,128,55,36
327,128,54,36
327,128,54,36
325,129,54,36
322,127,58,40
322,127,58,40
321,126,58,39
320,127,58,39
319,127,58,39
320,127,58,40
319,127,58,40
318,128,58,39
317,128,58,40
316,128,58,39
315,128,58,39
314,128,58,39
314,129,57,39
313,128,57,39
313,128,57,39
312,128,57,39
311,127,57,39
309,128,57,39
308,129,57,39
307,128,57,39
306,128,57,39
304,128,57,39
303,128,57,39
301,128,57,41
299,127,57,41
298,127,57,41
296,127,57,41
294,128,57,41
292,127,57,41
290,127,57,41
289,128,57,41
287,126,57,42
285,128,57,42
284,128,57,42
283,126,57,42
282,125,57,42
280,126,57,42
278,125,57,42
271,127,58,42
269,127,59,42
267,127,60,42
266,127,59,42
264,127,59,42
262,127,59,42
259,127,60,42
258,128,60,42
256,128,60,43
253,126,60,43
250,126,60,43
248,126,60,43
245,127,60,43
240,128,62,43
237,129,63,43
234,129,63,43
231,128,63,43
228,128,63,43
225,129,63,46
222,129,63,47
218,128,63,47
213,127,71,49
211,126,73,49
208,128,76,46
204,128,80,48
200,126,84,49
197,127,83,51
194,127,86,48
191,126,90,47
186,126,93,51
183,128,97,51
179,128,91,52
176,127,91,51
173,126,91,51
170,127,91,51
167,127,91,51
164,128,90,50
159,128,97,57
154,129,101,54
150,127,102,57
147,127,103,57
143,130,105,54
139,129,107,55
135,130,109,54
131,129,111,54
127,130,113,56
123,130,114,54
119,131,116,57
115,131,118,58
111,131,119,58
107,131,121,58
103,131,123,58
98,133,125,58
93,132,130,58
88,132,130,58
83,132,132,58
77,133,136,58
72,133,140,58
68,132,140,67
65,134,141,65
59,135,144,60
54,136,146,60
51,135,146,63
46,136,148,63
41,137,150,66
36,138,152,65
32,138,154,67
21,137,162,70
16,138,163,68
7,137,169,71
4,139,168,71
1,138,168,75
1,139,164,76
1,139,160,75
1,139,156,75
1,141,152,75
1,143,148,80
1,143,143,81
1,142,139,83
1,144,135,81
1,145,130,82
1,146,126,81
1,146,121,88
1,147,115,91
1,147,111,93
1,148,105,91
1,149,99,87
1,152,94,83
1,153,87,82
1,154,83,81
1,155,72,79
1,161,67,73
1,170,60,59
1,175,53,56
1,179,46,53
1,181,39,49
1,186,28,42
1,188,23,42
1,190,14,42
1,194,5,40
0,202,7,39
184,126,81,51
184,126,81,51
184,126,81,51
184,126,81,51
184,126,81,51
184,126,81,51
184,126,81,51
183,125,81,51
182,124,81,51
184,126,81,51
183,126,81,51
184,126,81,51
184,126,81,51
184,126,81,51
184,126,81,51
