565,308,66,26
568,307,65,34
572,307,66,34
575,307,67,33
575,308,66,32
578,308,66,32
582,308,67,33
588,309,68,33
592,311,68,33
595,312,68,33
596,312,67,32
599,313,66,32
602,313,67,34
607,313,68,35
612,314,67,34
616,314,66,33
616,314,67,33
620,314,67,33
625,314,67,33
631,314,67,35
635,315,67,34
639,316,66,33
639,316,65,33
642,315,65,34
645,315,65,34
648,315,65,34
651,315,64,34
654,315,66,34
654,315,66,34
656,315,65,34
659,315,67,34
661,315,66,34
664,315,66,33
666,315,66,33
666,315,65,33
667,314,65,33
670,314,65,33
671,313,66,34
673,312,66,33
675,312,66,33
676,312,65,34
678,312,64,33
678,311,65,34
678,310,66,33
679,310,66,33
680,309,65,33
680,310,65,33
679,310,65,32
678,310,66,33
677,309,66,33
677,309,65,34
678,310,66,34
678,309,67,35
677,309,67,35
677,309,67,34
677,310,66,33
677,310,66,33
677,310,69,33
678,310,69,33
679,310,68,34
680,310,67,33
681,310,66,33
682,310,65,33
682,310,66,34
682,310,66,35
682,310,65,34
682,310,66,34
683,310,65,34
683,310,64,34
683,310,66,35
684,310,66,34
684,311,65,34
684,311,67,33
685,311,67,33
685,311,67,33
685,311,67,33
686,311,67,34
686,311,67,34
687,311,67,34
688,311,66,34
689,311,66,34
689,311,65,33
690,312,65,33
690,312,66,32
689,312,67,33
689,312,67,33
689,312,67,33
689,312,66,34
689,312,65,33
690,312,66,34
689,311,65,35
688,312,66,34
687,312,67,34
688,312,66,34
688,312,65,33
687,312,66,34
686,311,66,34
685,312,65,33
685,311,65,35
685,311,64,34
685,311,65,34
684,311,65,34
683,311,67,34
683,311,66,34
683,311,65,35
682,310,65,35
682,310,66,34
681,310,65,34
681,310,67,34
680,310,66,33
679,310,68,33
678,309,67,35
679,310,67,33
678,310,67,34
677,309,66,35
676,309,66,35
675,309,67,35
674,310,68,33
674,310,68,32
675,310,67,34
674,310,67,33
673,309,68,34
673,309,67,33
673,308,66,32
673,309,66,33
673,308,66,34
673,308,66,34
673,307,66,34
673,307,66,33
673,307,65,32
673,307,64,34
673,307,66,33
673,306,65,33
673,306,66,34
673,306,67,33
673,306,67,33
673,306,66,34
673,305,66,35
673,305,66,34
673,305,66,34
673,305,66,33
672,305,66,33
672,305,65,33
671,305,67,33
670,304,68,35
670,304,67,34
669,304,66,33
668,304,66,33
668,304,66,33
667,304,67,34
666,304,68,34
666,303,67,34
666,303,65,34
666,303,65,34
666,303,65,34
665,303,66,34
664,302,66,34
665,303,66,33
664,302,67,34
664,302,67,34
664,302,67,34
664,302,67,34
663,301,68,35
663,302,68,34
662,301,68,34
662,300,68,34
662,300,67,35
663,300,66,35
662,299,67,35
662,299,67,35
662,299,67,35
661,299,68,34
662,299,67,34
662,298,66,34
662,297,66,34
662,297,65,36
662,297,67,34
662,297,66,33
662,297,66,33
662,297,67,34
663,297,67,33
663,297,67,34
664,297,66,34
664,296,66,34
664,296,66,33
664,296,66,34
665,296,65,33
665,296,65,33
665,296,66,33
665,296,65,33
665,296,66,32
665,296,66,32
665,296,66,33
665,296,66,33
665,296,65,32
665,295,65,34
665,295,66,34
665,295,66,33
665,295,66,33
665,295,65,32
665,295,66,33
665,295,65,34
665,295,66,33
665,295,66,33
665,295,65,34
665,295,64,33
665,295,63,32
665,295,65,33
665,295,66,33
665,295,66,32
665,295,65,34
665,294,65,33
665,295,66,32
665,294,66,33
665,294,66,33
665,294,66,33
665,294,65,34
665,294,66,34
665,294,67,33
665,294,67,32
665,293,67,34
666,294,66,33
666,293,67,33
667,293,66,33
668,293,66,33
668,293,65,32
668,293,64,32
668,292,66,31
668,292,66,32
669,292,66,33
670,291,65,34
670,291,67,35
671,291,66,33
671,291,68,32
672,291,66,34
673,291,67,32
674,291,66,33
675,291,67,33
675,291,66,32
677,291,66,33
678,291,66,32
678,291,67,34
679,292,67,34
680,293,67,33
681,293,66,32
680,294,67,33
681,295,66,34
682,296,65,32
682,297,65,32
683,297,67,33
683,297,65,32
683,298,65,32
683,298,65,32
683,298,66,33
684,299,65,33
685,300,64,32
684,299,66,33
684,299,67,33
685,299,66,33
686,299,65,33
688,300,64,33
689,300,64,34
689,300,63,33
687,299,66,36
687,300,62,36
689,300,62,36
692,300,58,35
696,297,54,38
696,298,53,38
698,297,50,40
696,296,56,39
696,296,56,39
692,297,65,38
692,297,65,37
692,297,64,36
693,298,64,35
693,297,63,36
695,297,60,38
697,297,56,37
698,298,51,38
698,298,50,37
697,299,56,38
697,300,57,36
697,301,60,35
693,302,66,35
693,304,66,33
693,304,65,32
694,304,64,35
694,305,64,34
693,305,64,33
692,305,65,32
692,305,65,31
692,305,65,32
693,305,65,32
693,305,64,33
693,305,64,34
694,306,65,32
694,306,65,33
694,306,65,33
695,306,64,34
695,306,64,34
695,307,64,33
695,307,64,32
695,307,64,31
695,307,64,32
694,307,65,33
694,307,65,32
694,307,66,31
694,306,65,33
695,305,66,34
696,305,66,34
697,305,66,34
697,304,67,34
698,303,67,35
698,302,70,35
699,302,70,35
699,302,70,35
699,301,70,35
700,300,72,37
701,300,72,36
702,300,73,36
703,299,74,38
703,299,73,38
703,300,76,37
705,301,76,37
706,303,77,38
708,304,79,39
709,307,80,40
709,307,80,40
710,308,81,41
711,309,82,42
712,309,83,42
714,308,85,44
716,308,85,44
715,308,87,44
717,308,90,46
718,306,95,47
720,304,100,49
724,302,102,50
727,301,102,51
727,301,103,53
729,300,106,54
730,299,109,54
732,298,111,55
732,297,111,57
731,298,112,56
731,299,112,56
731,299,112,56
730,298,113,57
730,300,113,54
730,300,112,55
730,300,112,55
730,301,113,54
731,301,112,54
731,301,111,54
731,301,112,55
732,301,111,55
732,302,111,54
732,302,111,53
733,302,110,54
733,302,110,54
733,302,111,55
734,302,111,54
734,304,112,54
733,304,112,54
735,304,112,55
736,304,111,55
737,305,112,55
737,305,112,55
740,305,110,55
740,305,110,55
740,305,111,55
740,306,111,55
741,306,111,55
742,307,111,53
742,307,111,54
742,307,111,54
742,307,112,54
743,307,112,54
743,306,112,55
743,306,112,55
744,306,111,55
744,306,110,54
744,306,112,54
744,307,112,54
744,307,112,55
744,308,112,54
744,308,114,54
745,307,113,54
745,307,113,55
746,308,112,55
747,309,112,54
748,309,111,54
748,309,111,55
748,309,110,54
748,309,112,54
749,311,111,53
750,311,111,53
750,311,112,54
751,312,112,54
751,313,111,53
752,312,112,54
753,313,112,55
755,314,111,55
757,315,111,55
759,316,111,52
759,315,111,54
760,315,112,55
762,316,111,55
763,317,111,55
763,317,112,55
764,319,112,54
765,319,112,54
765,319,111,53
766,320,112,54
768,321,112,54
770,322,111,53
771,322,111,53
771,322,111,52
772,324,112,53
773,324,113,54
775,324,113,54
779,325,112,53
783,325,111,53
783,325,111,54
786,326,112,54
791,326,111,53
797,327,112,53
806,328,113,54
817,328,113,53
818,329,112,53
825,329,112,53
832,328,112,54
840,328,111,55
846,328,112,54
853,329,113,54
853,329,112,54
859,329,113,54
864,330,113,53
868,330,112,54
872,330,113,54
877,330,113,54
877,330,112,54
881,330,112,53
884,330,114,53
888,330,114,53
891,330,113,54
894,330,115,56
894,330,114,56
897,330,114,55
899,330,114,55
902,330,114,55
905,330,114,55
907,330,114,56
908,330,114,56
910,330,113,56
913,330,114,56
916,331,115,54
918,331,115,54
920,331,114,54
920,331,115,54
921,331,115,55
923,331,115,55
924,331,115,55
923,331,115,55
924,331,114,55
924,331,114,55
925,331,114,55
927,330,114,55
929,329,115,55
930,328,115,55
932,327,114,54
932,327,115,54
933,326,115,54
934,326,114,55
933,326,113,55
932,325,113,55
932,326,113,54
932,326,113,54
931,326,113,54
929,325,114,53
926,325,116,55
925,325,115,56
925,325,115,55
925,325,115,55
926,325,116,57
927,325,115,56
928,325,115,55
929,326,114,55
930,327,114,54
931,327,114,53
932,327,113,52
932,327,113,54
931,327,112,55
930,327,113,55
930,328,114,55
930,328,113,55
931,328,114,55
932,328,114,55
933,328,115,55
933,327,115,55
934,327,114,56
935,327,114,55
936,327,115,55
936,327,116,56
937,327,115,55
938,327,115,54
939,327,115,54
940,328,115,54
941,328,114,54
941,328,114,55
941,327,115,55
941,327,114,55
940,327,114,56
940,327,115,55
939,327,115,54
937,326,115,56
935,326,115,56
934,325,114,56
933,326,114,55
933,326,113,54
932,326,113,54
932,325,112,54
932,324,112,55
931,324,112,55
929,324,114,55
929,325,113,55
928,324,114,54
927,323,113,55
925,324,114,55
923,323,113,55
922,323,113,55
921,323,113,56
914,323,112,55
900,325,109,53
890,327,105,52
884,326,105,51
883,326,103,50
882,326,104,50
881,325,103,50
877,325,102,50
870,326,101,49
859,327,98,48
846,329,93,45
846,329,93,45
838,329,90,45
833,329,88,44
825,329,87,43
814,329,85,43
804,328,84,40
804,328,83,41
797,327,81,40
792,326,79,40
787,326,78,39
782,325,77,39
776,325,76,38
777,326,75,38
770,326,77,38
767,326,76,37
764,326,75,36
760,326,74,37
757,326,74,36
757,326,74,37
753,328,72,35
749,328,71,36
746,329,71,36
743,330,71,36
741,331,71,36
742,331,69,35
739,334,69,35
737,337,69,34
735,338,69,36
733,339,69,37
731,341,69,36
730,341,69,34
728,343,69,35
726,343,69,36
724,344,69,35
722,345,69,35
720,345,68,35
720,345,67,35
718,345,67,35
717,346,68,35
716,346,67,35
714,346,68,34
712,346,67,33
713,346,68,34
712,346,68,34
711,345,67,34
710,346,66,34
707,345,69,35
707,345,69,35
707,345,69,34
706,345,68,34
705,345,69,34
704,346,69,35
703,346,68,34
703,346,67,34
703,345,67,34
702,345,67,34
702,345,67,33
701,346,67,32
701,345,66,33
700,344,67,34
700,344,67,34
699,344,67,35
699,344,68,35
700,344,67,34
700,343,66,33
699,344,68,32
699,343,69,35
698,343,69,35
697,343,69,35
697,343,69,35
696,344,68,35
696,344,69,34
696,344,68,34
697,344,68,34
697,344,67,35
698,344,67,35
698,344,68,36
699,344,67,36
699,345,68,35
699,345,67,34
699,345,67,34
699,345,67,34
700,345,65,34
701,344,64,35
701,344,63,35
701,344,64,35
701,344,64,35
701,345,66,34
701,345,65,35
701,345,65,35
701,345,64,35
701,345,65,35
701,345,64,35
701,345,64,35
701,345,64,34
701,345,65,34
702,345,65,34
702,345,64,35
702,344,63,35
702,344,64,35
702,344,64,35
702,344,65,35
702,344,67,36
702,345,69,34
704,345,66,34
704,345,65,34
705,345,66,34
705,345,65,35
706,345,65,35
706,345,65,35
706,345,67,35
706,345,66,35
706,345,67,35
707,346,66,34
707,345,67,35
707,345,66,35
707,346,68,35
707,346,65,35
709,346,66,35
709,347,65,35
709,347,64,34
709,347,66,34
710,347,65,35
711,347,64,35
711,348,64,34
711,348,63,34
711,348,64,33
711,348,63,34
710,348,65,35
710,348,65,35
710,348,65,34
711,348,65,35
711,349,65,35
711,349,64,35
711,348,64,34
711,348,65,34
711,347,64,35
711,347,64,34
711,348,65,33
711,347,65,34
711,346,64,35
711,347,65,34
712,347,65,34
713,346,64,33
713,346,63,34
711,345,67,33
712,344,66,34
712,344,64,33
712,344,64,34
712,344,66,33
712,344,67,33
712,343,66,34
712,343,66,33
711,343,68,34
712,343,65,33
711,343,67,33
711,343,65,34
711,342,65,35
709,341,66,35
710,341,66,35
709,341,65,34
708,342,65,35
706,342,68,35
707,341,66,35
706,340,66,36
705,340,66,36
703,341,67,35
704,341,66,35
704,341,66,34
703,340,66,34
703,340,66,35
702,341,67,34
702,340,67,34
702,340,66,35
702,340,66,35
701,339,68,35
701,340,68,35
700,339,67,34
700,339,67,35
699,339,68,35
701,339,66,35
700,338,66,36
700,339,67,36
699,338,68,35
698,337,67,36
698,337,68,35
699,337,68,34
699,336,65,36
698,336,68,35
699,335,66,36
698,335,68,35
699,334,67,35
700,334,66,35
701,333,66,33
701,333,66,35
701,332,66,35
700,332,69,35
701,331,66,33
701,330,67,35
701,329,68,36
701,328,67,35
701,328,68,37
701,327,67,35
701,327,67,34
701,326,68,34
701,325,69,35
702,325,68,36
702,324,68,35
703,324,67,36
703,324,67,35
702,324,68,35
702,324,68,35
702,323,67,35
700,322,68,35
699,322,66,35
698,322,68,35
697,322,69,36
698,322,68,36
696,322,69,35
696,321,68,35
695,322,69,34
695,321,68,35
696,321,68,36
694,321,69,34
694,321,68,34
694,320,67,35
692,320,69,34
694,319,67,34
693,320,68,34
693,318,67,35
692,315,69,36
692,314,68,36
691,313,69,35
690,311,70,35
691,311,68,35
690,309,69,36
691,308,68,35
690,307,69,35
690,306,68,35
689,305,69,35
689,306,69,34
690,305,68,35
690,304,67,34
689,304,68,35
688,303,69,35
689,303,68,35
688,303,69,35
688,303,68,35
688,302,69,36
689,302,66,36
688,302,68,35
688,302,68,35
688,302,68,34
688,301,69,35
687,300,69,37
688,300,69,35
687,299,68,35
688,299,68,34
688,299,68,33
688,298,67,35
688,298,68,35
688,298,68,34
689,297,67,35
689,297,66,35
689,297,67,34
689,297,67,35
689,296,67,35
689,297,69,33
690,296,69,34
690,296,69,34
691,296,68,35
691,296,68,35
691,296,68,35
691,296,67,35
691,297,68,36
691,297,68,36
691,297,68,35
691,298,68,35
691,299,68,35
691,299,69,35
692,301,70,36
693,303,70,36
694,303,69,35
694,304,70,37
695,307,71,37
699,311,70,36
701,315,70,37
702,317,73,37
702,317,73,38
705,321,75,39
707,326,77,38
709,330,79,38
710,334,80,38
711,337,84,40
711,337,84,40
712,339,83,46
713,343,81,47
711,347,80,47
705,350,79,48
699,353,78,51
699,352,77,51
691,354,74,52
681,357,73,53
677,360,68,53
667,364,64,56
652,366,66,57
652,365,66,57
636,367,65,58
617,369,70,59
600,371,68,58
575,373,76,59
554,373,73,60
554,371,73,62
534,375,73,61
519,378,67,59
526,383,46,57
527,390,21,51
437,387,32,51
437,386,32,51
420,390,53,56
396,393,82,57
375,399,103,59
357,406,104,56
344,410,107,59
346,411,105,58
337,418,107,59
324,426,109,57
312,432,118,60
296,439,124,60
288,446,124,60
287,446,126,62
278,454,127,63
274,459,126,66
270,467,128,70
267,473,131,77
269,481,132,80
268,480,132,74
268,489,137,81
272,496,138,80
272,498,146,87
278,500,146,93
284,501,140,101
283,500,140,101
294,503,140,107
305,507,141,108
323,512,129,107
340,515,128,110
361,516,122,116
361,516,121,115
380,515,126,121
402,519,135,119
427,519,139,117
450,517,142,115
476,513,143,117
476,513,143,117
505,510,149,119
537,515,142,115
570,510,108,114
604,505,73,105
634,512,147,100
633,511,147,100
741,510,66,94
739,486,111,109
739,478,134,110
761,471,137,108
783,465,142,103
782,465,142,103
803,455,147,102
818,449,148,95
832,445,141,88
839,440,140,85
840,426,138,85
840,426,138,88
847,416,133,91
850,405,128,95
854,401,120,92
854,393,117,91
852,386,116,90
852,386,114,89
850,380,111,87
843,377,107,83
831,372,101,79
819,367,99,78
806,362,96,78
807,362,93,77
790,359,90,75
775,357,84,74
759,352,77,74
745,349,82,73
727,349,92,68
729,351,90,66
711,349,99,67
696,350,100,64
687,350,99,64
689,350,84,62
688,358,74,55
688,358,74,54
690,361,65,53
692,362,53,54
695,366,42,55
694,373,31,47
604,370,112,55
605,369,112,55
595,373,114,56
581,381,52,54
567,387,64,57
557,392,77,59
540,399,89,65
540,399,89,65
525,408,101,68
515,419,113,69
504,427,124,72
489,440,129,74
476,450,138,77
475,449,139,80
461,466,144,81
445,478,148,82
429,491,150,82
405,505,163,89
384,524,161,84
383,524,161,84
443,557,85,83
371,537,157,103
383,531,153,115
394,528,141,124
408,532,131,131
407,531,131,121
408,531,127,127
407,534,152,133
408,529,160,139
409,533,165,135
412,534,170,134
412,534,170,133
412,535,172,133
411,533,172,133
414,532,172,133
415,531,172,133
416,528,175,133
416,527,175,133
416,525,175,132
415,520,174,132
413,515,171,131
412,510,167,126
411,504,164,118
409,503,164,117
410,499,163,114
411,488,166,118
422,484,161,119
437,475,151,121
452,473,141,108
452,473,140,107
475,472,126,107
492,469,122,109
505,469,122,110
521,470,124,110
539,469,130,110
541,469,129,109
568,468,126,108
592,468,113,107
624,480,76,99
653,484,49,95
681,475,123,101
680,474,123,101
763,474,66,102
764,475,91,105
777,473,121,105
800,471,135,107
818,468,154,108
817,467,154,108
849,467,150,114
881,467,149,112
910,465,143,106
940,453,142,110
967,446,142,108
966,446,141,107
989,436,143,107
1015,427,141,104
1041,418,145,103
1068,406,145,103
1092,400,147,102
1093,399,146,101
1118,394,145,100
1139,387,141,99
1158,383,122,96
1176,378,104,93
1191,373,89,90
1192,373,88,90
1209,370,71,83
1220,363,60,83
1225,364,55,78
1222,358,58,78
1215,351,65,75
1216,351,64,75
1201,344,79,71
1185,336,95,70
1163,331,117,69
1146,325,115,67
1124,321,115,64
1125,321,114,63
1113,318,111,63
1105,319,109,63
1099,312,106,68
1093,311,104,68
1086,311,104,70
1086,311,103,70
1081,312,101,71
1075,317,96,62
1057,322,84,59
1036,325,74,61
1021,325,72,69
1021,325,71,69
1007,327,75,66
994,327,79,63
979,326,74,62
961,326,71,61
941,326,72,61
941,326,71,61
921,325,71,60
900,325,71,60
876,325,71,59
851,324,71,59
827,323,71,60
826,325,70,58
797,323,73,60
772,324,75,60
744,327,77,57
719,328,77,56
695,330,77,55
694,330,77,55
670,332,86,56
648,335,85,56
626,339,84,54
603,342,83,56
598,348,70,55
599,348,70,54
599,360,48,42
529,369,95,42
515,359,33,57
484,365,67,59
465,370,91,64
466,370,90,63
446,378,98,66
422,388,98,68
395,396,98,69
367,404,98,69
376,428,76,54
375,427,76,54
344,411,79,70
325,419,78,66
292,414,99,80
276,420,99,78
251,429,100,73
251,428,99,72
224,430,102,72
220,418,99,87
226,417,90,87
234,417,86,86
240,419,88,85
239,420,91,85
246,419,93,83
261,417,95,81
274,416,92,80
284,417,93,81
297,417,92,80
297,417,93,80
321,416,91,79
351,415,92,79
384,415,94,78
420,415,104,75
483,407,101,73
482,407,101,73
530,392,85,73
558,383,93,73
576,383,103,71
588,372,102,70
600,362,102,70
600,362,102,70
615,356,104,68
624,351,104,68
629,347,104,68
638,346,104,68
643,345,104,65
644,346,103,63
644,346,102,62
645,345,102,62
646,344,105,63
645,344,106,63
640,344,108,60
640,345,109,59
639,343,108,59
641,340,107,58
642,338,105,60
648,332,105,63
659,328,99,66
659,328,99,65
668,325,92,69
682,322,82,72
698,319,83,74
709,316,86,76
718,314,96,75
720,313,94,76
732,311,95,77
746,308,95,76
760,306,94,76
776,303,97,76
790,301,96,75
789,301,98,74
802,302,86,68
816,301,70,65
834,298,47,59
848,295,98,56
861,292,96,58
860,292,94,58
932,290,34,54
931,291,46,49
924,288,55,49
919,287,62,48
916,287,68,47
915,286,69,47
913,287,76,46
912,281,78,50
911,279,83,50
914,277,81,51
917,275,80,51
920,274,78,51
928,275,74,51
938,274,67,50
947,273,63,49
950,276,67,47
956,277,72,46
957,278,71,46
962,279,81,45
966,281,82,44
969,283,83,44
973,284,86,44
975,285,88,43
974,284,88,43
976,285,88,43
978,287,87,43
977,288,87,44
976,290,87,44
974,293,89,45
974,293,90,46
971,295,91,47
969,296,91,48
965,298,91,49
960,298,92,55
954,300,92,57
953,300,92,57
945,302,92,58
935,304,91,57
922,306,90,59
907,309,93,59
895,312,90,59
896,312,88,59
889,314,78,60
887,320,63,58
887,334,42,47
885,344,29,41
809,326,86,60
809,326,86,60
792,328,40,60
774,331,52,62
759,334,68,62
746,335,77,65
733,338,88,65
732,339,89,64
725,340,90,64
716,341,91,63
733,344,73,60
700,353,100,50
698,351,99,52
697,350,99,54
692,343,98,61
687,343,98,62
681,343,98,63
675,343,99,64
671,343,93,66
673,343,92,68
667,343,86,69
658,345,80,69
647,344,80,69
635,344,91,71
626,344,93,71
624,344,92,70
618,343,96,72
617,344,96,70
615,343,97,70
613,342,96,70
612,342,96,71
612,342,99,71
614,343,97,70
621,344,92,69
625,344,92,70
628,344,91,71
636,345,81,71
636,345,82,70
641,347,79,69
651,348,76,69
653,348,79,69
654,348,79,69
651,349,82,69
651,348,82,69
651,349,80,69
648,350,78,69
642,349,78,68
633,348,82,68
623,347,89,71
622,346,91,71
614,345,96,71
607,345,97,69
601,345,100,67
596,344,99,65
588,342,102,63
589,343,101,62
585,343,99,59
582,340,101,60
583,337,99,61
586,334,94,62
593,333,92,63
593,334,90,63
601,333,84,62
614,334,73,62
621,335,68,62
625,338,77,59
630,338,88,59
630,337,88,59
636,342,95,56
644,342,93,57
652,345,96,56
657,350,96,54
659,354,98,52
658,353,99,52
660,356,98,55
660,360,98,56
659,361,98,59
656,362,95,61
652,364,92,64
654,364,90,64
650,364,83,64
642,365,78,67
631,365,78,68
621,366,88,69
613,367,94,70
613,367,95,69
608,365,97,73
607,366,97,72
609,368,97,72
611,368,96,70
618,368,95,70
618,368,94,69
623,367,92,73
636,370,81,70
649,371,82,73
653,372,92,73
679,369,90,72
678,369,90,72
708,366,87,71
732,364,84,70
757,369,59,64
789,379,97,49
870,370,55,55
871,371,55,54
871,374,75,53
870,373,94,53
883,368,106,59
896,372,107,58
912,370,106,60
910,371,107,60
922,370,112,62
933,362,107,70
940,360,104,72
948,359,102,73
951,359,98,71
953,359,97,70
953,359,93,69
957,359,87,67
960,359,82,66
959,359,81,65
956,359,78,67
957,359,77,68
954,359,77,67
952,360,76,67
949,360,77,67
943,360,77,67
937,361,77,67
938,360,76,66
936,362,76,66
933,364,76,66
931,366,77,66
929,367,81,65
927,369,89,66
927,369,89,65
925,371,95,64
922,373,98,63
918,376,100,62
914,382,107,59
911,383,108,59
911,383,107,57
904,388,109,55
898,388,109,55
890,385,109,63
882,384,109,63
876,382,105,66
877,382,104,66
866,377,104,67
857,371,102,67
852,370,102,67
847,369,101,67
842,368,102,67
841,368,101,66
838,367,101,67
835,365,100,67
835,364,102,68
836,364,104,69
835,363,104,70
835,363,104,70
832,362,105,72
828,361,108,73
825,360,109,74
823,359,109,74
818,357,109,75
818,357,109,74
811,354,110,75
806,353,109,75
802,352,111,74
798,351,111,75
792,351,112,76
792,351,111,76
785,350,111,76
780,349,111,79
777,347,101,81
767,345,97,83
753,344,99,84
752,344,99,85
736,340,113,88
723,336,118,92
712,333,124,91
700,329,132,91
686,324,141,91
686,324,141,91
679,320,142,92
669,317,149,92
669,314,156,92
677,309,150,94
686,302,141,98
687,300,140,101
696,297,135,101
710,297,123,98
725,296,114,96
734,296,113,94
737,297,125,92
738,297,125,92
741,298,131,91
742,299,135,90
744,300,136,89
744,300,135,88
741,301,134,87
741,301,133,88
736,300,133,90
729,300,132,89
721,300,130,89
712,303,129,89
697,305,129,88
695,304,129,88
681,303,129,88
670,305,129,87
654,304,127,87
632,305,126,85
615,302,126,84
615,302,125,83
596,300,133,80
578,298,135,79
569,298,138,78
573,298,140,73
576,296,139,74
576,295,138,75
576,296,139,71
586,293,137,71
590,285,135,75
591,281,136,74
589,278,137,72
589,278,136,71
591,276,137,79
594,275,137,80
596,274,102,81
592,273,105,80
588,276,114,80
588,273,114,81
584,272,122,74
578,271,124,77
573,269,125,80
572,269,124,81
569,275,125,80
568,275,125,80
567,280,127,79
569,286,126,76
571,287,124,76
575,289,118,76
577,291,116,77
579,292,116,76
580,292,116,76
580,295,115,76
580,296,115,76
579,297,115,76
578,298,114,75
578,299,114,74
576,301,114,74
576,302,114,76
569,304,118,74
565,304,120,73
561,307,122,72
559,308,124,70
555,310,126,69
552,312,128,68
548,313,128,66
545,313,128,66
541,314,128,66
540,313,128,68
537,314,128,67
536,315,127,68
534,315,127,69
532,315,126,69
531,315,126,69
532,315,125,68
528,314,125,68
526,314,125,69
525,314,127,70
524,314,127,69
522,314,127,69
521,313,127,69
521,312,128,69
519,311,128,69
521,310,127,70
522,309,126,69
524,308,124,69
526,308,121,68
532,304,114,71
538,302,113,72
539,301,108,72
544,301,99,72
554,301,90,72
555,301,89,72
561,304,92,70
562,305,105,69
566,307,112,68
571,311,114,66
575,315,118,64
576,316,117,64
579,320,126,63
582,322,124,62
582,326,123,60
582,328,123,59
579,329,123,58
580,329,122,58
577,330,122,58
575,331,123,60
572,333,123,59
570,334,123,59
568,334,122,58
568,334,121,57
562,330,120,62
559,328,118,63
554,325,107,65
550,321,92,64
545,311,86,67
545,310,87,74
523,293,87,82
509,285,94,89
500,281,94,96
488,276,97,101
482,280,96,100
480,279,99,100
470,282,101,97
461,288,102,93
451,301,104,84
443,311,109,73
436,320,114,70
435,320,113,69
431,326,118,69
430,333,118,68
427,336,119,67
423,332,118,74
419,330,114,75
419,330,113,77
413,333,111,75
406,333,110,74
400,333,107,72
397,333,104,71
396,333,93,71
395,334,93,72
395,336,89,70
391,337,97,67
385,336,110,68
387,332,111,69
386,329,117,72
386,329,117,71
388,327,120,71
389,317,119,77
395,309,119,79
402,307,119,86
408,309,117,78
408,309,118,77
416,311,118,78
427,317,118,71
436,329,114,59
447,333,106,61
458,332,96,69
458,332,95,68
466,330,92,70
473,328,96,72
477,326,101,74
484,327,106,74
491,326,110,74
492,327,108,72
496,327,109,72
505,327,109,71
513,327,109,70
516,327,109,69
516,327,111,68
515,327,112,67
517,325,113,67
518,322,116,68
520,320,116,67
520,319,115,67
519,318,114,66
521,320,113,64
522,321,109,63
521,321,108,62
522,320,108,62
522,319,108,63
521,320,108,62
521,321,107,62
517,320,107,61
515,319,107,61
514,314,107,62
519,311,104,61
521,309,99,62
522,309,98,63
518,308,97,62
520,307,96,61
533,307,93,60
550,307,90,59
560,304,88,61
562,303,88,62
568,299,88,64
567,295,92,64
567,292,95,57
570,290,101,53
569,287,105,60
569,287,103,58
564,286,105,62
561,285,112,70
561,283,113,70
560,282,112,70
559,281,111,71
559,281,111,71
558,280,111,66
555,280,108,62
554,282,102,60
548,283,99,60
523,282,122,81
522,282,122,81
509,280,130,84
493,275,140,87
478,263,147,101
466,257,147,101
455,253,144,101
455,253,143,100
445,252,145,103
435,254,143,102
426,260,143,102
416,272,143,91
409,286,140,76
409,286,139,75
404,293,131,72
404,292,121,78
414,295,100,79
419,297,85,80
427,297,78,80
427,296,77,80
439,297,76,80
443,297,74,79
449,297,70,78
458,297,65,77
468,297,61,76
469,297,60,75
481,297,59,76
493,297,63,76
504,298,65,76
516,298,76,77
528,298,86,78
527,297,85,78
535,297,97,79
544,299,100,77
550,300,103,77
554,301,103,81
557,295,107,91
558,294,107,91
561,292,106,100
562,288,107,109
557,288,107,113
562,290,93,114
559,290,85,117
560,290,82,117
553,291,83,119
552,295,85,120
553,300,91,117
551,310,94,111
551,319,101,101
550,319,101,101
551,326,103,98
550,341,112,81
548,343,118,81
541,342,118,81
534,343,122,79
534,345,123,78
531,345,122,77
524,345,123,76
514,344,122,77
508,345,125,78
506,346,125,79
506,346,124,78
505,346,124,78
504,345,124,78
502,344,124,78
500,346,125,77
498,346,126,77
498,346,126,76
495,346,126,75
491,345,125,74
489,343,124,76
486,342,126,75
483,341,125,76
483,341,125,78
477,340,131,79
476,340,132,79
475,340,132,79
474,339,132,79
473,338,132,78
472,338,133,78
472,337,133,78
473,337,134,79
474,336,131,80
473,334,130,80
473,331,130,85
472,331,130,85
471,330,129,84
472,330,128,86
472,330,127,87
472,330,126,87
472,330,128,87
472,330,127,87
470,330,128,87
467,330,128,87
467,331,130,86
465,330,131,85
458,330,132,86
458,331,133,85
454,332,135,84
452,332,135,85
449,331,135,87
446,330,135,86
442,330,134,86
441,330,135,86
439,328,134,85
438,328,124,87
438,327,121,86
437,326,121,88
437,326,119,87
436,325,119,89
436,324,119,90
434,323,119,91
432,323,119,90
429,322,119,90
423,319,119,90
423,320,120,90
417,315,118,89
411,313,118,89
405,311,119,89
401,310,119,88
399,309,119,88
398,309,120,88
396,309,120,88
394,308,122,88
393,308,122,87
392,308,121,87
391,308,123,87
391,308,123,86
390,307,123,85
389,306,124,88
388,306,125,87
387,305,124,88
387,304,125,89
387,304,125,89
391,304,124,89
397,303,123,88
404,303,123,88
406,303,129,88
408,303,134,88
408,302,136,88
417,301,137,90
428,301,137,90
440,301,136,91
453,300,135,92
467,302,136,91
468,302,136,90
484,303,138,92
508,304,136,92
533,306,134,91
563,308,129,90
583,308,124,92
581,307,127,94
585,305,136,95
591,307,139,93
597,309,143,91
604,312,147,89
608,315,150,87
609,315,149,86
610,317,153,86
614,320,161,85
615,322,162,83
617,322,162,83
620,323,163,85
620,323,163,84
617,324,163,84
611,325,162,83
602,324,161,85
586,325,161,83
574,324,161,83
573,324,161,83
567,325,161,83
556,325,160,82
543,325,159,81
534,324,161,82
529,324,160,82
527,324,162,83
523,324,162,84
519,324,161,84
514,324,161,83
511,324,163,83
507,325,163,84
506,325,163,83
500,324,162,84
492,324,163,83
488,324,162,83
481,325,161,83
476,324,162,84
476,324,161,84
472,325,162,84
469,324,163,85
458,323,164,85
454,317,162,88
449,314,159,90
448,314,158,89
445,313,154,88
441,311,151,87
435,306,150,90
431,305,147,90
426,304,147,90
426,304,146,89
422,303,145,91
419,303,142,92
418,303,139,91
416,303,131,92
413,302,118,93
413,302,117,92
410,301,115,93
388,299,134,97
374,300,141,96
358,302,150,96
344,305,161,92
344,304,161,92
334,304,163,90
328,305,164,88
327,299,162,98
327,298,161,101
322,300,166,103
322,300,165,103
321,304,165,102
320,307,167,100
321,309,167,97
324,310,167,95
325,310,166,94
327,309,169,95
328,309,168,96
329,309,168,96
328,308,168,96
325,296,166,94
305,271,169,93
304,270,169,93
279,256,168,94
261,246,168,94
250,240,166,98
239,232,167,97
218,211,165,96
218,211,168,98
201,200,174,102
198,198,174,102
196,198,176,104
194,199,175,102
191,199,177,100
191,200,177,100
183,196,177,100
183,200,176,102
177,210,179,101
191,225,179,90
236,246,159,78
239,244,155,80
269,259,142,70
284,265,138,69
303,276,131,62
317,282,126,59
331,284,121,63
333,273,118,74
337,277,117,78
338,280,117,78
338,283,117,78
335,290,117,79
332,295,117,79
331,296,122,79
330,300,122,80
329,303,122,80
327,306,125,82
325,309,127,85
325,314,126,85
325,320,127,80
324,329,129,75
323,332,129,75
322,333,132,75
322,337,132,77
322,338,136,81
323,338,137,81
325,339,138,82
326,340,139,83
348,346,131,80
357,349,132,80
367,351,135,80
366,351,135,80
374,353,135,80
373,356,142,85
367,357,148,90
363,359,151,96
363,360,155,97
363,359,157,99
367,359,156,99
371,360,157,99
376,361,159,99
380,363,159,100
381,365,161,101
380,364,163,102
385,365,164,103
387,366,175,107
389,368,175,110
393,372,178,111
395,370,181,115
394,369,184,116
393,370,189,119
396,371,190,122
400,370,195,124
406,369,195,125
413,369,194,125
413,368,194,124
421,368,194,123
430,368,194,123
439,372,194,122
448,371,194,122
459,370,193,121
460,369,193,121
473,368,193,121
490,369,193,122
504,369,192,122
519,368,192,122
542,369,189,121
542,368,189,121
563,371,188,121
582,374,187,118
598,377,187,117
617,382,190,116
634,384,189,115
633,384,189,115
646,387,191,117
657,388,193,119
667,388,193,118
674,392,194,117
682,393,193,116
682,394,196,116
688,394,195,115
694,392,194,118
700,392,197,118
705,394,198,122
706,395,201,124
705,395,200,124
704,396,200,125
703,398,199,126
704,398,196,127
713,398,192,132
721,399,191,132
723,399,186,134
727,399,186,136
726,400,185,136
725,400,183,135
725,401,182,140
720,400,184,139
720,400,183,139
713,399,183,140
708,398,183,140
702,398,183,140
700,398,183,141
697,397,184,141
696,398,183,141
687,398,184,142
672,398,184,142
670,398,184,142
668,398,182,141
663,399,181,140
662,400,180,139
658,400,179,138
655,399,181,140
651,398,180,139
648,397,180,141
646,401,182,140
646,400,181,141
645,399,183,142
644,399,184,141
642,400,184,141
640,399,183,141
637,398,183,141
636,398,183,141
633,398,183,141
631,398,182,140
629,398,185,140
628,398,185,140
627,399,185,140
627,398,185,141
626,399,186,141
625,400,186,141
623,400,186,141
620,401,186,141
618,400,186,141
619,401,185,140
616,401,185,140
610,401,185,139
605,402,184,138
599,402,186,137
591,401,186,137
592,401,188,133
585,400,188,133
578,399,193,130
570,398,195,127
564,397,197,126
561,396,197,126
562,395,197,126
560,394,196,125
560,394,196,125
559,395,196,125
558,395,195,124
557,395,195,125
557,395,194,124
555,396,196,124
553,395,196,124
553,394,195,124
550,392,195,124
549,391,193,123
549,391,192,122
548,390,192,122
547,399,201,125
550,399,204,126
565,391,195,138
576,389,195,140
578,389,194,139
590,384,192,148
611,386,184,148
636,386,161,149
649,388,164,151
647,394,195,150
647,394,194,149
648,400,209,151
659,406,233,152
655,415,245,153
639,426,262,154
621,433,275,155
622,433,274,154
587,441,278,157
540,446,280,157
494,451,291,159
466,455,292,159
444,459,310,165
443,458,310,168
427,459,311,169
416,456,311,170
406,438,316,171
404,415,314,170
387,395,314,172
386,394,314,173
382,381,312,173
383,355,283,182
390,337,263,188
396,329,222,181
389,298,221,153
387,297,225,148
363,285,241,150
346,270,236,164
335,236,226,202
326,242,219,202
316,269,208,207
315,268,208,207
293,278,220,239
257,303,257,223
249,338,257,192
228,348,262,180
205,363,267,183
204,362,267,183
183,369,280,185
160,378,303,175
156,369,305,186
165,370,307,200
173,366,307,225
172,365,307,225
185,361,308,248
207,350,303,262
234,338,285,286
257,334,266,285
273,320,245,299
272,320,244,298
267,321,241,302
268,323,237,307
260,335,247,295
255,347,256,293
270,359,248,280
270,359,248,280
290,374,227,262
311,411,204,222
326,441,203,197
193,459,341,177
197,446,342,178
196,445,342,178
202,434,335,171
212,430,336,174
224,423,336,180
239,420,336,180
248,412,339,180
247,415,341,182
250,412,348,190
259,407,345,194
257,403,330,193
257,394,306,192
257,387,288,191
256,386,288,191
255,380,262,189
237,370,102,199
197,360,141,206
170,349,163,220
154,341,192,224
153,341,191,223
158,330,201,222
160,321,200,219
160,316,215,208
162,311,223,202
177,323,215,183
177,323,214,182
183,317,216,180
192,312,221,178
216,306,219,175
240,290,197,183
259,283,175,181
259,282,175,181
274,277,157,178
286,270,142,177
307,264,236,173
330,274,225,148
353,275,213,148
352,274,213,148
360,278,216,143
487,277,102,136
468,250,133,146
450,241,163,149
434,242,187,143
429,242,188,142
437,235,189,141
452,228,190,141
472,227,187,129
492,221,177,128
511,211,172,137
513,210,172,137
529,207,160,139
530,204,159,139
520,200,182,139
517,197,203,139
512,195,220,140
512,195,220,141
498,198,242,143
490,197,252,141
479,198,254,138
441,202,258,135
410,209,257,133
410,209,256,132
384,216,256,132
347,231,264,130
303,245,266,129
276,250,265,138
259,254,264,150
258,253,263,149
280,269,265,147
294,276,266,146
288,279,269,149
297,283,270,148
300,285,262,155
300,285,261,154
310,277,251,164
326,276,233,161
338,276,215,157
361,274,193,159
387,277,174,158
386,276,174,158
408,278,169,157
430,278,159,156
474,278,157,151
497,281,154,146
523,285,153,140
523,287,152,139
546,287,150,134
570,292,150,127
592,294,144,126
612,296,146,124
636,298,159,123
636,298,158,122
667,302,173,120
698,303,188,117
735,308,193,106
767,307,195,103
789,302,207,106
788,302,208,106
821,294,218,117
862,279,223,128
879,275,232,135
888,267,223,142
882,261,223,142
884,261,223,141
885,257,214,142
870,255,211,145
863,250,198,150
846,248,187,149
830,246,177,151
831,245,177,151
814,243,176,155
799,243,175,153
789,243,174,151
778,247,173,145
774,248,172,143
774,248,171,142
780,246,170,141
789,246,162,138
793,247,159,138
798,248,162,138
795,249,178,136
793,249,178,136
795,247,190,135
795,250,198,135
801,254,199,136
801,261,207,130
797,263,218,127
797,263,217,126
801,266,216,121
796,270,217,118
794,273,214,117
789,277,212,113
783,278,212,113
782,277,214,113
776,278,215,114
773,278,214,113
771,278,215,113
768,278,215,113
766,278,216,113
767,279,218,114
766,279,218,114
769,279,217,114
778,278,217,122
782,279,216,121
791,278,212,131
792,278,211,130
797,279,198,129
796,276,196,138
790,276,188,144
791,277,174,144
788,277,164,144
788,277,163,143
769,273,180,144
745,272,190,144
729,265,196,148
721,261,200,147
708,258,205,145
708,258,206,144
695,256,210,140
693,253,213,136
702,253,203,127
712,252,202,126
722,250,202,126
722,250,201,126
741,251,204,126
764,256,206,128
781,261,206,128
781,275,192,119
785,285,184,114
786,285,183,113
792,294,171,108
798,302,170,107
799,310,168,104
801,315,159,105
809,318,148,104
810,318,147,104
816,321,143,105
832,324,123,105
842,325,114,106
851,323,121,109
853,322,132,112
853,321,131,112
855,321,136,118
863,320,136,118
869,319,137,117
872,320,140,113
873,327,142,102
873,329,142,103
863,341,156,88
864,348,156,85
864,344,156,85
861,344,152,85
859,342,152,85
859,341,152,85
857,343,155,85
854,344,155,84
850,346,155,87
846,347,154,87
845,346,157,91
844,345,158,93
844,345,158,92
846,345,159,92
849,344,159,92
850,347,157,81
849,343,160,83
851,343,159,82
851,337,155,88
851,332,150,89
851,326,139,91
858,319,119,97
859,313,112,71
860,313,110,70
836,298,136,74
826,281,135,89
818,275,134,101
812,270,134,106
810,269,135,105
809,269,134,104
808,270,136,103
808,272,136,100
806,281,136,95
801,291,147,88
801,297,151,93
800,296,151,93
806,302,144,87
805,300,146,87
807,294,144,92
807,294,143,91
807,295,143,91
807,295,142,93
807,296,135,95
809,298,127,96
815,299,110,98
817,298,112,101
808,291,133,112
807,291,134,112
806,288,136,117
807,285,137,123
805,285,138,127
805,288,138,127
802,292,141,127
802,292,140,126
801,299,142,121
796,315,149,108
795,330,148,99
791,345,148,86
789,356,143,82
789,356,143,82
792,356,142,84
799,357,141,85
806,357,138,89
812,358,138,93
821,357,130,97
820,357,129,96
831,358,126,96
841,357,116,99
852,358,112,99
857,356,113,102
856,355,125,101
856,355,124,101
860,352,126,105
861,351,135,106
864,350,135,106
864,350,144,104
865,349,143,103
865,349,142,102
866,348,143,104
866,347,143,104
864,347,142,103
860,346,142,103
855,346,142,103
855,346,143,102
850,346,143,104
844,344,143,104
839,343,143,104
834,345,143,102
827,344,143,102
827,344,142,101
823,343,142,101
814,342,147,102
808,343,150,102
803,344,150,102
798,345,150,102
798,344,152,102
789,345,156,102
784,346,155,101
780,347,154,100
773,350,159,103
768,352,158,105
768,352,158,104
763,354,157,105
756,360,161,106
750,364,160,105
745,367,162,105
742,370,162,105
741,369,164,107
740,375,165,109
739,379,165,109
739,381,166,109
735,378,166,109
731,378,165,110
730,377,167,110
727,379,167,110
723,381,169,111
717,383,169,111
712,386,168,111
702,389,176,115
701,388,176,115
696,390,175,114
690,394,175,114
685,396,173,113
678,402,174,113
672,404,177,128
672,405,176,127
666,408,178,129
659,412,180,130
655,414,181,131
653,416,181,131
646,418,187,133
646,419,186,132
644,413,185,131
641,412,186,133
636,413,185,132
630,412,190,137
624,409,191,138
622,409,192,138
617,410,192,137
613,415,195,138
609,417,194,137
602,421,193,137
598,423,192,136
598,423,191,135
596,423,191,134
597,422,190,136
602,419,187,136
605,415,187,135
603,419,184,133
603,420,183,132
601,419,182,131
603,418,167,130
603,418,164,129
601,416,163,128
597,415,163,130
596,415,161,130
593,413,161,130
590,411,161,130
588,409,160,129
587,408,159,134
586,411,156,134
586,410,155,133
585,410,154,132
585,411,153,131
585,411,152,130
586,412,151,129
587,412,150,128
587,412,151,132
587,411,151,132
587,410,150,132
586,409,153,131
577,409,167,132
567,409,171,133
566,409,170,132
559,410,179,132
551,412,180,132
547,413,180,130
544,413,180,130
540,416,180,129
539,417,180,129
536,419,180,129
535,420,179,128
534,421,178,127
533,417,181,127
533,416,180,126
533,416,180,126
534,414,180,127
535,414,180,126
536,412,187,132
538,411,186,131
542,408,186,132
541,408,186,132
556,407,183,132
562,406,181,132
579,406,173,132
592,407,162,131
599,407,155,130
600,407,154,129
597,408,153,128
595,407,152,127
594,407,154,130
593,408,154,129
592,409,155,130
591,409,155,130
591,409,155,130
591,409,155,130
599,410,149,130
600,409,148,129
603,411,150,129
603,411,150,128
603,411,149,127
593,416,187,127
584,420,189,124
571,427,206,119
568,430,213,117
568,430,213,116
566,430,212,113
561,435,213,109
559,442,213,99
551,443,212,98
544,447,211,97
543,446,213,97
543,450,211,94
540,452,210,93
538,453,209,92
534,454,208,91
532,454,207,92
531,454,207,93
530,454,206,93
529,454,208,92
529,453,207,92
531,453,209,94
537,451,208,93
537,451,209,95
543,449,206,97
556,444,208,102
561,438,203,110
573,431,201,110
585,426,193,114
584,425,193,115
595,419,192,113
607,413,190,115
620,407,190,120
634,400,190,120
654,396,183,121
651,395,182,123
662,391,185,122
679,385,184,125
689,380,184,126
699,377,183,125
714,374,182,125
714,375,181,124
724,372,180,123
735,367,184,127
744,364,183,126
749,362,180,125
751,357,179,128
752,357,178,127
751,357,177,126
753,356,176,125
766,357,177,125
778,359,179,126
790,357,192,128
791,357,191,127
797,358,191,127
802,363,192,126
815,361,184,130
823,359,180,129
831,357,175,128
830,356,174,128
844,355,172,125
852,354,171,124
859,351,169,116
867,350,171,114
878,348,171,112
879,347,171,112
886,345,170,111
901,343,174,105
911,340,174,105
926,338,181,107
938,335,181,108
938,334,180,108
954,331,179,109
972,328,178,109
987,324,176,110
1006,318,175,110
1027,312,174,110
1027,311,174,110
1039,306,188,108
1053,301,187,107
1063,294,185,106
1075,289,184,103
1087,282,182,101
1087,281,182,101
1094,278,180,100
1100,274,180,100
1106,272,174,94
1103,271,176,91
1097,271,175,88
1096,270,175,88
1093,269,175,87
1089,269,173,88
1088,268,174,87
1083,268,173,89
1075,268,172,91
1074,267,173,93
1069,270,175,92
1067,273,173,90
1066,274,171,88
1064,278,171,88
1062,279,170,91
1062,279,170,92
1061,280,170,92
1059,280,168,91
1054,280,167,90
1051,282,165,89
1048,282,164,94
1048,282,164,94
1044,284,163,93
1041,285,163,95
1037,285,161,93
1034,289,157,93
1028,292,156,93
1028,292,156,95
1021,294,155,95
1019,295,152,97
1011,296,149,97
1006,297,148,98
1000,297,149,100
1000,298,147,99
998,300,146,99
996,302,145,99
992,303,144,98
994,304,143,97
1001,303,136,98
1002,303,135,98
1000,302,136,99
999,302,135,99
999,301,136,99
997,300,136,100
999,300,126,101
1000,300,124,101
999,298,119,102
984,297,126,102
973,296,135,104
962,295,142,105
948,292,152,104
948,292,151,103
941,290,154,101
936,288,155,99
929,286,159,98
921,286,162,89
920,281,156,90
920,280,157,91
918,278,156,92
918,278,156,92
929,274,148,93
935,266,144,98
948,265,137,98
949,265,136,97
964,266,127,97
976,265,118,96
988,263,108,96
990,262,110,94
993,260,111,93
994,259,110,92
994,261,111,91
986,262,111,91
979,263,112,91
973,263,111,92
965,261,112,93
964,260,112,94
959,259,110,93
955,258,109,93
949,257,109,94
933,257,121,95
920,258,125,96
919,257,124,95
905,263,139,93
885,268,145,87
870,269,154,81
867,259,146,93
860,251,146,108
859,250,146,108
847,242,148,124
835,236,149,133
829,235,148,136
824,236,148,137
821,241,146,139
821,241,145,138
819,245,147,139
820,253,149,134
830,264,147,125
836,276,139,119
845,285,122,108
844,286,123,107
857,297,109,97
852,295,115,99
842,296,124,99
833,298,130,98
826,305,134,94
825,306,133,93
824,309,137,93
823,313,143,91
826,314,147,90
829,317,152,90
836,321,155,83
836,321,156,83
846,322,152,78
848,316,155,81
849,308,154,86
865,304,141,85
873,298,127,84
873,298,127,84
883,286,124,79
887,279,138,76
889,273,147,79
889,269,133,89
886,267,134,89
886,269,136,89
885,272,136,86
880,273,139,84
875,278,143,84
867,287,154,85
863,286,147,91
863,287,148,91
860,287,149,91
860,282,149,96
857,282,145,99
852,286,138,97
850,287,136,96
849,287,136,96
843,290,134,95
835,291,133,94
830,292,133,94
832,290,142,99
834,288,145,103
833,287,144,104
833,286,144,106
834,284,152,109
833,284,152,109
830,284,157,112
829,285,158,114
828,284,159,117
830,284,161,116
836,284,165,118
847,285,174,121
858,287,181,124
869,287,185,126
869,287,184,126
879,288,191,128
888,288,194,131
888,288,195,133
886,287,197,136
886,288,196,137
886,288,197,137
886,288,198,137
884,288,199,139
888,288,213,139
889,288,219,139
883,288,219,140
883,288,219,139
874,288,219,138
866,288,222,140
857,290,222,140
851,290,223,139
846,291,223,140
846,292,222,139
844,292,221,138
842,292,220,137
837,291,223,141
833,291,223,141
830,290,222,140
830,291,221,139
830,290,221,138
827,290,225,138
818,292,224,138
810,293,223,137
805,293,223,137
805,293,222,138
800,293,221,137
794,295,221,139
789,296,221,139
785,297,222,139
781,298,222,139
781,298,221,138
776,298,221,137
770,298,221,137
764,297,221,136
755,296,220,135
748,295,220,134
748,295,219,133
744,294,217,132
736,292,217,132
736,290,211,126
734,287,208,124
732,284,208,122
731,284,207,121
734,280,209,120
738,275,207,119
748,271,205,117
766,269,205,115
781,262,202,116
780,261,202,116
793,257,201,118
806,254,197,114
810,252,197,111
814,250,198,107
817,248,196,105
818,247,196,105
822,245,192,103
826,246,190,102
833,245,190,101
845,244,190,101
859,244,192,100
859,242,192,100
868,243,192,101
878,244,192,101
884,245,195,105
891,247,194,104
898,249,194,106
897,250,194,106
905,254,193,105
913,247,189,112
917,248,187,115
921,249,187,115
929,251,187,116
929,251,186,117
936,254,184,118
943,255,185,120
947,257,184,122
949,257,183,124
950,257,182,125
951,256,182,127
951,256,181,127
950,256,181,128
950,260,183,125
950,261,184,124
947,262,184,124
947,262,184,123
943,261,184,123
941,260,184,120
935,259,184,120
927,257,184,120
924,261,193,107
925,264,192,107
923,261,191,105
918,259,189,103
917,253,190,103
910,247,188,111
905,242,183,111
906,242,181,111
906,242,183,112
909,236,177,117
908,235,176,116
911,237,163,117
912,236,161,116
912,235,160,115
912,238,161,113
923,238,153,112
922,239,151,112
920,238,151,112
918,237,144,112
917,236,144,112
914,239,141,112
915,239,140,112
913,238,140,112
911,237,140,112
905,238,148,112
904,237,148,112
902,236,152,112
899,235,153,112
897,233,153,112
890,230,156,114
882,229,165,114
881,231,166,114
877,230,168,114
867,230,176,114
861,230,178,114
850,231,181,114
839,233,186,112
838,232,186,112
832,236,187,109
831,236,186,110
831,233,187,119
827,229,185,130
826,222,180,144
825,222,179,143
834,209,162,156
838,195,154,173
839,196,146,173
838,196,146,179
836,198,149,183
836,198,151,182
834,200,154,181
828,210,159,179
820,221,167,172
811,238,178,161
796,256,189,140
796,256,188,139
791,279,190,116
778,289,201,108
768,283,203,111
763,284,203,113
763,291,200,105
763,290,200,105
763,301,203,102
768,302,202,101
766,301,205,108
770,302,206,107
775,304,205,111
774,303,205,111
777,309,210,108
779,311,212,108
783,311,212,111
788,311,209,111
790,313,207,107
791,313,207,107
789,312,207,107
788,311,208,107
788,308,208,105
788,305,207,104
790,303,207,104
790,302,207,104
793,301,208,106
796,295,209,108
801,291,209,109
806,288,208,110
810,286,207,109
810,286,206,108
812,284,206,110
812,282,207,110
814,281,207,110
814,281,207,110
817,280,205,109
818,280,204,108
821,278,205,109
829,275,201,111
839,273,194,112
848,267,191,114
858,262,189,114
857,261,188,113
871,258,187,114
885,252,187,116
899,250,186,115
910,249,185,114
930,245,176,116
929,244,176,116
939,244,175,117
946,244,174,115
947,243,173,114
956,242,168,115
956,241,168,116
956,241,167,116
956,241,166,118
956,241,166,120
956,240,165,119
956,239,165,119
957,240,166,119
956,239,166,118
955,238,166,118
955,238,166,118
954,237,166,118
961,238,158,117
971,237,157,116
976,237,150,115
987,236,150,118
994,235,146,117
1008,238,146,117
1015,246,170,124
1021,254,170,124
1021,254,175,125
1022,261,175,125
1019,267,183,127
1017,272,183,127
1016,282,187,124
1017,285,187,124
1017,286,190,123
1022,288,189,122
1023,289,189,120
1024,289,195,119
1025,290,197,118
1030,291,198,117
1030,291,200,116
1037,291,195,115
1042,291,202,118
1047,291,201,118
1051,295,201,117
1055,296,201,117
1055,297,200,118
1058,298,198,118
1060,298,200,119
1062,298,201,120
1058,298,202,119
1055,300,203,116
1056,300,202,115
1053,297,203,115
1049,295,200,115
1044,295,200,114
1036,294,199,113
1033,295,202,111
1033,294,202,111
1041,289,193,114
1057,285,181,119
1072,283,177,118
1088,283,160,117
1110,288,148,113
1110,287,148,113
1102,284,148,113
1089,275,137,125
1079,275,137,128
1067,283,140,122
1049,290,148,119
1048,289,148,119
1029,289,149,117
1008,293,147,115
991,292,144,115
965,290,144,114
954,288,147,114
950,287,149,114
937,288,159,115
921,287,166,116
908,287,174,117
895,292,177,116
882,295,179,113
881,294,179,113
866,300,190,108
856,303,193,106
850,303,189,106
842,304,196,109
840,306,195,112
839,305,195,112
842,307,181,116
841,310,179,118
844,309,169,125
860,310,149,127
865,309,149,132
866,309,148,131
866,307,163,136
853,308,185,136
854,308,186,140
853,311,186,139
850,318,186,132
850,319,185,131
844,334,192,118
832,349,201,108
828,347,202,109
827,352,200,108
824,358,199,103
822,358,199,103
821,361,196,101
819,365,196,99
822,369,197,98
827,369,197,97
826,368,198,102
825,367,197,103
827,368,196,106
831,368,186,108
833,368,183,107
836,363,170,108
846,354,151,111
848,354,147,113
843,347,147,110
828,337,161,110
822,329,177,108
814,323,179,105
804,321,193,96
805,318,193,102
800,314,200,101
801,311,201,105
803,306,195,113
803,306,194,116
802,305,195,118
801,305,195,118
802,305,187,116
797,295,181,119
791,287,174,120
786,273,168,118
779,259,164,117
778,258,164,117
772,246,155,114
767,234,155,114
766,232,149,114
764,229,148,114
762,226,148,115
761,225,150,117
760,223,149,117
759,222,150,118
758,220,149,118
758,218,150,117
760,216,149,117
759,215,151,116
763,214,157,116
766,213,157,117
772,212,157,116
779,212,165,117
786,213,164,116
786,211,172,119
794,215,171,118
805,216,179,119
816,218,182,118
833,222,186,121
851,232,185,119
854,232,189,123
872,238,188,125
891,243,188,126
910,251,193,127
935,264,192,127
953,271,191,126
954,271,190,125
967,274,198,130
986,279,197,129
1001,284,196,131
1018,287,201,133
1033,291,203,135
1034,291,202,134
1048,294,207,136
1066,296,206,135
1075,294,202,138
1080,295,200,141
1088,299,188,141
1089,299,187,140
1093,301,187,140
1103,304,169,139
1112,308,164,136
1114,309,162,136
1106,308,172,136
1104,309,174,135
1097,310,183,135
1087,309,193,134
1079,308,192,133
1073,306,189,132
1058,304,188,131
1058,304,187,130
1055,301,188,129
1054,298,187,130
1054,295,186,131
1057,288,188,131
1058,286,189,132
1058,286,189,133
1053,289,191,131
1034,292,190,127
1010,295,185,122
989,297,180,118
971,299,174,114
972,300,172,114
952,303,167,110
934,306,160,106
921,310,154,102
911,313,149,99
893,317,145,97
891,317,145,97
876,318,144,96
864,319,144,96
853,320,143,95
839,322,143,96
825,323,142,95
825,324,144,97
808,326,147,97
794,328,149,98
778,329,149,98
762,331,148,98
743,334,148,99
742,334,148,100
721,336,146,98
702,341,147,98
684,344,145,97
664,346,146,100
646,348,146,102
647,347,145,101
637,353,145,102
633,355,139,101
629,354,129,106
622,354,125,105
616,351,125,105
615,350,125,109
606,349,125,110
610,349,133,111
612,351,141,112
612,351,145,111
606,352,144,109
605,352,145,108
590,351,145,106
564,348,152,105
540,344,152,104
516,338,151,104
492,333,150,102
492,333,149,104
491,331,135,102
495,327,114,101
500,323,92,96
500,319,74,91
503,322,56,78
502,321,56,78
396,324,150,75
386,322,146,74
378,320,144,69
373,309,141,74
368,307,46,74
368,307,45,73
362,304,45,73
359,303,46,72
355,302,53,71
356,297,53,77
351,297,56,77
352,297,56,76
351,298,58,75
350,298,58,74
348,296,57,75
346,296,59,74
345,297,59,74
345,297,58,73
344,297,58,72
344,297,60,74
343,297,60,73
342,299,61,73
342,300,63,72
342,299,61,73
341,299,61,72
341,299,60,75
342,299,61,74
343,299,63,74
343,299,63,74
343,299,62,73
346,301,62,73
348,301,62,73
349,303,62,73
352,304,62,74
356,307,59,73
357,307,58,72
364,309,54,73
368,312,53,74
371,314,52,73
377,317,46,76
382,320,146,77
383,320,144,76
388,324,148,75
393,326,147,77
398,330,147,77
402,331,149,79
405,333,152,82
404,339,152,78
412,346,150,77
417,350,152,78
422,353,153,81
428,359,152,82
434,369,153,79
433,369,156,79
438,374,156,81
440,371,161,90
445,372,161,93
450,376,164,97
456,381,164,96
455,381,164,96
460,381,165,100
464,379,165,103
470,379,169,106
476,380,168,106
480,380,169,108
481,380,169,109
482,383,172,110
484,383,175,111
488,382,178,113
492,381,179,114
495,381,179,114
495,382,179,114
496,382,179,114
499,381,180,116
501,380,180,116
501,379,180,116
500,378,180,116
502,381,181,113
503,382,181,112
503,381,178,112
500,381,178,109
494,380,177,108
484,379,177,108
483,378,177,108
473,379,181,109
463,379,184,109
455,378,183,109
538,379,90,111
528,379,90,111
527,379,90,111
519,380,92,111
514,382,90,109
507,386,98,109
499,388,101,108
493,391,105,106
491,391,107,106
484,392,110,105
479,381,113,116
471,381,116,118
457,380,122,117
445,379,122,117
445,379,123,116
434,378,127,117
428,377,128,117
422,377,128,119
415,377,128,119
408,378,131,120
408,378,130,119
407,379,128,121
403,380,125,123
408,383,109,122
416,389,97,123
426,404,103,125
425,404,102,124
431,416,113,122
433,423,113,118
429,426,112,116
420,426,113,112
406,425,115,112
409,424,115,109
397,424,113,105
386,421,113,105
378,423,115,101
368,422,118,101
360,420,121,99
359,420,123,99
352,417,125,100
349,415,124,99
350,415,125,98
352,413,126,98
356,412,126,98
355,412,126,99
353,411,125,98
351,410,124,99
344,408,125,99
337,408,130,102
327,407,130,102
326,407,133,102
316,407,133,102
306,407,136,102
291,407,139,100
278,404,142,100
268,402,149,100
267,402,149,100
264,400,149,100
254,394,161,101
244,389,166,101
241,385,175,101
242,380,173,99
241,380,172,98
245,378,180,98
251,372,177,96
260,367,175,97
267,363,175,96
274,358,175,96
274,358,174,97
283,354,171,97
293,349,170,95
304,344,168,93
313,339,166,94
324,336,165,91
324,336,165,91
331,332,165,90
341,327,163,91
352,322,160,90
359,318,159,88
366,316,157,87
366,315,157,87
373,312,156,86
386,309,151,84
396,305,147,82
404,299,146,81
416,294,145,80
416,294,144,79
428,289,145,78
442,285,144,78
455,281,142,76
467,278,141,73
477,271,142,75
478,271,141,74
488,266,141,74
501,263,137,72
511,264,137,72
522,276,136,71
534,279,134,69
534,279,133,70
544,275,133,70
555,272,132,69
565,269,130,68
574,264,129,67
583,259,128,67
584,259,127,66
591,256,126,67
598,253,125,66
608,251,126,65
613,247,125,64
617,245,125,63
618,245,124,62
626,244,123,64
633,245,121,60
636,242,120,62
634,243,123,60
633,242,123,61
633,242,122,60
636,242,122,61
636,242,121,60
640,240,120,63
645,240,116,63
647,240,115,62
647,240,114,61
649,240,113,60
650,240,113,63
654,239,114,62
655,240,114,62
656,239,113,64
656,239,112,63
657,239,112,63
658,239,111,62
659,239,112,61
660,239,111,62
660,238,110,61
660,238,109,62
661,238,108,61
661,237,108,63
663,237,112,65
664,238,114,65
665,236,117,64
665,237,117,63
669,238,118,61
671,238,120,61
674,239,117,57
678,238,115,57
681,235,116,60
681,235,115,59
678,235,117,60
679,235,116,59
676,240,114,58
674,246,109,56
670,249,105,55
671,249,105,55
671,250,104,56
670,250,103,55
669,250,103,54
668,249,104,56
664,250,106,55
665,250,105,56
660,250,104,55
659,251,105,54
657,251,107,56
657,251,105,55
656,252,105,56
656,252,105,56
651,252,106,55
648,252,105,54
644,252,106,53
639,252,106,52
636,251,105,54
636,252,105,55
634,251,105,56
632,250,107,56
630,248,107,57
631,246,106,57
630,243,105,56
631,244,105,55
632,241,103,54
631,239,104,54
633,236,106,54
634,234,107,55
636,233,106,56
636,233,106,56
636,232,106,56
635,231,108,56
638,227,105,54
637,224,106,53
638,223,104,52
638,224,103,51
636,221,105,50
635,218,106,51
635,215,105,51
633,213,108,52
633,213,108,52
633,213,107,51
631,212,107,53
634,212,106,53
637,209,103,55
638,208,102,55
638,207,102,56
638,207,101,55
639,206,103,57
641,205,103,57
647,204,101,57
652,203,101,57
654,201,102,58
654,202,101,57
655,201,102,57
658,199,102,57
662,198,104,57
666,192,107,57
670,184,111,57
669,183,115,56
675,176,119,58
679,169,124,58
684,160,126,61
685,154,123,64
685,150,120,64
685,150,119,63
688,145,115,63
688,143,109,57
688,135,101,63
690,129,93,62
690,127,89,58
689,127,89,58
689,126,90,73
679,127,97,70
678,130,99,69
673,135,105,65
674,141,106,70
674,141,105,69
673,142,114,73
675,142,116,73
676,143,116,73
677,143,114,72
677,143,113,73
677,143,112,72
676,144,113,71
674,144,112,70
671,144,113,72
667,145,113,72
664,147,113,72
664,147,112,71
658,148,113,71
651,150,114,70
648,150,114,70
636,155,121,67
630,156,124,69
630,156,123,68
627,158,124,67
632,160,126,67
642,161,126,67
650,157,127,67
655,150,130,69
654,150,129,68
663,145,130,71
672,142,130,71
674,146,127,69
672,150,122,65
669,152,120,64
669,153,119,63
667,153,119,63
664,154,123,65
662,153,125,68
660,153,125,68
658,155,124,68
657,154,124,68
653,156,126,70
649,159,125,72
644,168,123,71
639,174,122,70
636,183,119,68
636,183,118,67
630,187,119,68
624,190,119,71
614,197,121,68
605,202,124,68
599,209,123,70
599,208,122,69
589,214,124,69
580,219,124,70
571,224,126,72
560,229,125,73
549,233,127,75
549,233,127,76
538,238,127,77
525,243,131,79
514,249,132,79
502,255,131,79
489,261,132,82
489,259,132,86
480,267,134,85
470,269,132,86
469,270,122,89
480,275,102,88
488,283,86,88
487,283,86,88
498,300,67,77
422,304,127,78
413,304,128,81
406,309,52,81
399,308,66,87
398,308,66,87
395,306,79,91
389,305,93,91
383,304,105,93
379,303,115,94
378,302,125,98
378,302,126,97
379,300,127,98
379,296,125,98
379,295,127,98
381,292,127,98
381,289,128,99
380,292,130,99
385,290,131,99
394,290,128,97
403,290,123,96
407,290,121,96
415,292,116,95
415,293,116,94
421,295,115,92
432,297,108,92
441,299,105,91
456,302,93,89
462,305,90,88
462,304,90,88
467,308,84,85
474,318,71,79
479,323,70,77
485,328,64,74
489,342,59,67
490,342,59,67
496,333,127,80
504,347,123,70
512,357,132,65
516,363,136,71
519,369,137,72
519,371,137,72
519,377,137,74
510,379,138,75
499,379,142,81
490,382,142,85
488,388,77,89
488,387,77,89
488,389,78,93
490,395,79,91
492,396,78,90
494,398,77,89
496,398,77,90
494,398,76,89
496,399,76,90
498,399,76,92
499,398,76,92
500,392,75,94
501,390,76,98
500,389,76,99
501,388,76,99
502,386,77,99
502,385,78,99
502,384,78,101
501,383,78,105
502,383,79,104
501,384,79,103
501,383,79,103
499,383,82,102
496,383,86,103
492,383,91,102
492,383,92,101
489,382,99,102
488,381,101,104
487,381,103,106
487,381,102,105
488,380,101,104
488,379,100,103
490,381,105,104
493,381,105,105
497,381,108,104
501,380,109,103
503,379,112,104
502,378,112,104
507,376,108,104
508,374,109,104
509,373,110,106
511,372,116,105
513,370,116,105
515,370,115,106
518,369,117,105
519,367,117,105
519,365,117,105
515,367,123,107
506,367,135,108
505,366,135,108
499,368,138,108
487,370,139,107
475,376,145,102
464,377,150,101
454,377,153,101
453,376,153,101
449,374,157,104
447,372,157,132
439,373,157,134
436,370,156,145
426,368,157,153
426,368,156,152
422,374,159,154
418,377,159,157
420,383,156,156
414,386,150,150
408,386,150,147
408,386,150,147
402,388,147,144
405,390,136,141
401,386,141,141
400,380,138,133
396,372,140,127
396,372,140,122
395,364,140,124
397,372,137,117
397,372,145,115
408,364,142,125
416,365,153,121
413,365,153,121
420,354,156,131
428,357,153,123
434,358,147,128
437,354,147,131
441,349,153,134
441,349,150,134
447,347,144,132
453,348,147,129
457,346,150,129
464,344,144,126
464,347,152,121
464,345,152,123
467,348,149,118
470,339,152,125
473,340,152,127
473,340,155,124
475,339,152,124
475,339,152,124
475,339,152,124
463,339,158,124
462,343,161,123
459,344,165,125
458,351,165,116
458,351,165,116
461,354,159,111
464,356,166,107
466,357,163,105
474,358,157,103
479,359,154,101
479,353,157,105
479,353,154,107
481,354,154,107
481,354,154,103
481,354,154,103
481,354,157,111
478,354,157,109
465,354,173,113
449,352,184,122
420,349,216,139
385,346,248,163
339,343,285,188
339,339,291,188
302,332,315,199
291,311,334,228
295,318,334,215
285,303,340,223
303,301,326,223
303,301,326,223
311,293,332,222
333,291,332,227
345,287,331,236
357,285,331,227
368,283,325,227
368,283,325,227
379,281,325,232
382,284,319,214
392,269,325,227
399,265,325,227
402,267,319,223
402,267,325,223
402,267,325,223
417,264,326,222
422,263,325,221
426,262,325,220
428,261,327,220
431,261,326,221
435,261,325,220
440,259,326,221
444,258,326,222
449,259,323,222
449,263,323,221
444,263,328,221
449,265,325,220
445,265,324,219
439,264,324,224
442,268,320,226
440,270,321,226
440,269,321,226
436,267,320,227
433,266,320,226
434,265,319,226
430,264,325,226
435,263,319,226
433,263,320,226
432,262,320,225
431,261,325,225
431,260,325,224
438,260,320,224
435,259,324,223
437,259,321,223
438,258,320,222
438,257,319,221
439,256,321,220
440,256,319,219
440,257,318,218
435,256,326,220
438,256,323,219
438,255,326,220
439,253,325,223
442,252,326,223
452,252,318,223
444,252,328,223
448,251,327,223
451,250,327,223
453,251,327,223
458,252,325,224
457,253,328,224
457,254,327,223
460,255,326,223
464,255,324,223
460,256,331,222
467,256,327,222
473,257,324,223
471,256,327,224
474,256,327,225
472,255,331,226
479,255,325,225
483,255,322,226
482,255,325,226
482,255,325,226
486,255,322,225
488,257,321,225
483,258,328,225
494,258,318,225
495,258,318,225
494,258,318,225
494,260,325,225
494,261,326,225
503,262,318,225
496,263,326,225
499,264,324,225
501,264,321,224
504,265,318,223
504,265,323,223
504,265,323,223
503,265,323,222
502,267,328,225
504,266,326,225
503,269,328,225
506,270,327,225
507,270,328,225
508,270,329,224
516,270,323,223
513,269,326,223
514,267,327,222
515,266,328,221
518,265,327,220
521,267,326,224
518,266,332,223
516,268,333,222
524,267,326,224
527,266,326,223
538,265,319,223
539,264,321,223
543,263,320,223
542,263,321,222
544,262,323,225
550,261,321,225
548,260,327,226
548,252,323,235
555,254,316,235
555,253,315,235
558,253,316,235
554,253,321,233
562,253,313,232
569,253,311,229
570,253,316,230
574,253,311,229
572,254,315,228
574,253,316,228
579,248,314,233
580,247,316,233
588,245,311,236
588,244,309,235
587,244,316,236
589,243,318,237
593,242,317,237
598,242,315,238
597,241,319,239
598,242,316,239
602,241,314,238
603,243,314,239
610,244,310,239
608,246,314,238
614,246,310,237
615,245,309,237
612,246,314,239
616,247,312,239
619,248,310,239
619,248,311,242
625,248,304,242
626,249,307,243
627,249,305,242
622,251,309,241
623,251,312,241
632,250,303,241
626,251,310,240
631,251,304,240
629,252,311,241
631,252,311,240
633,252,311,240
639,253,306,239
640,256,309,242
641,255,308,242
639,258,312,241
642,259,310,240
644,259,309,240
645,260,312,243
647,260,311,243
651,259,306,243
649,260,309,243
655,261,305,243
656,262,306,243
655,264,310,246
656,264,310,246
661,264,304,246
662,264,304,246
665,264,303,246
664,264,305,246
663,265,311,248
667,265,308,248
664,264,310,248
663,269,313,247
673,269,304,246
670,269,309,246
673,270,311,248
670,270,315,249
668,272,318,249
675,272,311,248
677,273,311,247
680,275,310,247
681,276,310,247
681,277,311,246
677,277,317,247
684,278,312,246
686,279,311,247
681,280,317,247
683,280,314,246
685,280,312,245
686,280,315,248
683,281,320,247
683,281,319,246
685,283,318,246
685,283,319,245
687,285,319,248
686,284,319,250
687,286,317,250
686,287,318,250
693,288,311,250
694,289,312,251
695,290,312,250
697,290,311,252
694,291,318,251
700,291,313,250
695,291,320,250
698,293,317,250
695,293,320,250
695,294,320,250
695,295,320,249
695,294,321,249
697,294,319,248
698,290,319,248
698,286,318,247
698,286,320,246
699,283,318,247
700,282,316,246
700,282,314,246
692,282,319,246
689,281,319,246
690,281,317,246
689,280,314,246
689,279,312,245
688,278,313,248
691,279,311,248
684,278,319,248
687,278,316,247
685,278,318,247
687,278,317,247
692,278,310,246
692,276,310,246
693,277,313,246
688,276,318,246
688,275,319,246
691,273,318,246
691,271,319,246
695,270,316,246
692,270,319,246
692,271,318,250
697,276,314,247
698,274,312,246
697,276,319,246
702,276,312,245
702,276,312,245
698,277,316,244
699,276,315,244
703,275,311,244
703,274,310,244
707,273,309,244
701,273,318,245
