527,233,212,179
528,230,212,178
533,234,211,182
535,237,215,179
541,234,213,183
542,236,215,187
550,245,213,184
551,250,215,186
555,263,213,189
556,270,216,189
557,274,216,183
554,280,222,189
554,286,228,192
555,291,229,191
559,296,227,194
558,301,234,193
558,308,233,188
555,308,236,192
558,309,236,191
560,306,236,193
560,303,236,197
558,304,239,200
558,306,242,200
556,307,245,204
558,307,243,203
555,314,244,202
554,318,245,201
553,319,246,203
550,323,249,204
553,321,247,207
551,320,252,209
555,320,251,216
552,324,256,216
552,328,257,216
551,330,260,214
547,333,265,218
552,335,262,214
557,335,263,223
559,340,265,216
559,342,269,215
559,345,274,214
562,348,273,216
564,351,276,216
572,351,273,218
572,350,275,217
577,352,278,218
585,352,281,220
592,354,277,220
593,357,280,213
598,357,278,215
602,354,274,219
608,355,271,217
611,359,271,214
612,360,272,217
614,362,273,218
618,367,275,219
625,365,275,218
628,359,276,218
630,354,276,221
633,351,273,220
632,341,276,219
633,328,277,220
634,317,275,221
636,304,276,223
639,293,279,219
646,283,280,218
654,279,287,219
660,277,286,221
666,268,281,228
667,259,293,229
664,253,305,238
663,251,310,246
661,252,316,254
662,253,319,257
662,254,321,265
662,258,318,270
663,261,312,269
666,261,308,271
665,265,307,273
665,268,306,272
667,271,305,271
670,276,304,268
670,278,303,267
670,280,303,267
674,282,302,271
676,284,299,272
676,287,300,272
677,289,300,270
676,290,301,270
674,295,301,269
674,297,302,268
674,299,302,268
676,301,301,269
677,305,301,269
676,309,300,268
673,306,300,268
673,307,300,268
671,309,299,264
669,309,299,265
668,308,297,265
668,310,295,264
662,312,299,266
658,312,299,267
654,312,297,264
650,313,298,264
643,312,297,263
640,312,296,262
641,311,294,261
640,314,293,260
638,314,292,262
634,312,292,262
627,313,290,264
621,318,288,263
618,321,287,262
615,324,288,267
610,330,293,270
611,330,294,267
613,328,298,264
612,329,300,260
614,331,300,263
620,329,295,264
610,326,293,261
597,321,288,259
593,316,273,263
587,312,261,260
587,296,247,268
597,280,228,272
600,265,213,279
609,254,198,282
612,243,211,289
612,236,234,304
599,235,254,312
590,239,268,317
586,247,278,325
583,262,291,323
586,280,300,322
589,304,304,313
605,326,296,304
623,349,293,295
632,367,282,273
632,373,276,257
617,380,283,240
598,370,293,252
591,354,308,276
586,337,324,302
580,332,332,324
577,327,326,330
580,318,323,345
577,310,316,352
577,306,300,346
589,308,276,348
618,332,262,336
641,355,245,319
654,368,236,313
632,388,267,313
617,403,284,300
594,404,306,310
587,406,324,302
591,410,330,299
584,408,334,291
578,395,341,299
573,397,342,293
577,392,344,296
584,383,338,290
590,372,346,299
599,362,357,299
612,345,362,303
627,324,365,307
633,315,362,308
621,291,367,320
613,269,371,321
602,258,379,323
582,249,387,329
569,236,389,336
556,228,396,344
541,229,404,349
527,231,409,352
516,228,417,351
513,228,423,353
507,233,429,357
503,239,434,360
501,241,439,364
504,249,452,369
510,255,455,372
508,256,457,374
501,251,466,377
505,247,473,380
507,237,471,381
498,222,479,384
503,208,479,382
506,191,479,385
494,183,488,387
483,174,486,386
468,162,488,393
452,158,487,395
443,156,496,399
453,154,499,399
461,153,495,403
461,158,495,406
466,168,495,407
472,178,499,404
475,186,496,406
469,186,494,403
458,179,499,399
447,168,496,403
428,166,498,406
423,163,497,407
427,150,496,407
426,140,497,410
419,138,499,414
415,146,500,419
416,151,499,415
425,151,499,408
429,149,500,412
429,146,500,409
424,145,498,411
421,149,496,411
418,154,494,410
408,155,496,412
404,154,497,404
404,150,495,406
403,153,493,408
404,149,491,407
402,146,492,411
407,139,491,410
409,130,483,412
400,126,489,421
398,127,489,426
397,131,491,416
396,134,487,412
397,128,480,414
405,116,499,402
412,111,515,386
437,110,509,385
446,104,513,377
468,101,506,389
486,97,495,403
504,91,481,420
500,97,497,426
504,87,491,443
504,85,486,454
505,91,476,463
509,91,460,464
515,99,439,464
528,100,410,463
547,95,374,468
571,90,343,467
575,90,369,474
552,89,412,482
543,85,437,492
529,84,465,498
519,86,482,502
512,91,493,490
514,96,490,487
514,106,481,470
515,110,467,456
517,119,452,442
530,124,420,413
510,123,418,407
499,127,422,414
469,126,457,443
456,122,468,460
446,122,472,475
439,125,476,477
437,123,469,488
442,122,450,486
457,129,426,484
469,138,402,470
477,143,380,465
485,146,365,460
491,149,360,454
493,148,360,453
489,145,363,453
486,143,364,457
485,146,365,457
484,147,362,454
482,147,363,452
481,147,362,455
485,145,362,455
486,146,362,453
487,147,361,452
487,147,361,454
488,147,361,454
484,148,367,455
483,147,369,457
480,147,366,455
478,145,368,456
480,148,366,454
483,147,363,452
485,144,361,453
484,145,362,452
482,149,361,451
480,150,362,452
481,150,362,453
483,152,362,452
484,153,364,453
485,156,363,450
488,156,362,452
489,160,359,451
491,161,359,451
490,162,357,450
490,164,359,449
485,163,359,452
478,162,361,452
481,163,358,450
483,162,359,449
483,159,360,447
485,155,358,446
486,155,358,446
485,157,360,449
485,155,358,448
488,157,357,445
491,155,358,446
491,154,358,446
492,155,357,444
490,154,356,445
492,157,356,447
490,160,354,444
488,159,355,447
485,158,356,450
488,161,353,443
490,160,353,441
490,157,353,442
489,156,354,444
488,157,354,444
489,155,354,444
485,153,357,443
483,149,360,447
481,151,358,445
482,152,358,446
482,155,358,445
483,156,357,445
482,157,358,445
479,154,357,446
468,152,366,451
455,147,374,454
444,141,383,454
427,141,398,454
411,136,409,463
399,132,410,463
387,132,415,462
371,130,424,460
349,123,433,457
332,117,440,457
315,108,449,463
307,107,446,463
297,102,451,464
295,100,448,463
291,102,446,460
288,99,446,460
285,97,447,461
286,98,442,455
284,97,442,457
284,98,437,452
281,99,435,451
282,102,433,448
284,104,431,445
295,107,423,443
308,110,415,443
325,115,403,442
347,119,392,438
375,126,370,426
400,129,351,425
429,136,327,420
454,144,315,419
480,150,313,411
511,159,312,405
508,166,336,399
504,170,356,394
499,177,376,397
498,182,387,381
500,185,393,376
502,183,394,378
506,181,386,360
510,184,379,353
521,182,365,337
541,179,380,332
548,178,382,317
572,180,391,325
564,174,401,335
555,171,408,347
546,166,415,362
544,158,403,372
540,153,389,378
537,151,375,380
540,148,355,380
544,144,329,381
550,142,300,378
559,142,287,375
557,135,298,386
532,126,334,399
516,123,353,411
497,121,372,417
480,116,388,424
473,121,397,414
465,126,403,406
456,132,401,393
456,137,389,383
459,138,371,379
466,140,351,363
463,145,344,355
448,148,345,358
425,148,379,373
418,150,395,382
405,155,409,386
398,157,419,392
401,162,414,396
405,165,413,395
411,167,401,398
418,170,386,394
419,164,376,395
417,164,374,397
415,159,376,401
415,147,377,408
411,145,378,411
398,136,382,411
389,130,381,415
378,124,385,417
365,118,392,414
358,116,390,412
351,110,387,412
339,107,389,410
328,100,386,407
316,94,390,405
307,89,388,406
300,84,387,408
290,81,390,408
285,80,385,404
284,82,381,400
283,85,379,396
283,90,376,393
285,94,372,390
287,96,368,387
297,98,363,384
307,107,359,381
319,113,355,378
335,117,340,375
348,121,334,377
370,128,315,373
390,136,302,367
416,142,275,364
429,144,256,368
449,145,259,359
455,152,270,360
440,160,299,357
434,167,314,349
417,175,337,346
399,179,346,344
388,183,356,331
395,180,354,329
400,186,347,318
399,187,334,307
415,186,326,297
431,199,329,288
443,211,336,296
460,214,325,299
447,215,340,310
443,223,344,315
440,217,347,324
441,219,344,337
452,230,335,341
474,239,322,351
490,244,303,349
502,249,285,353
518,252,260,356
531,256,258,344
536,256,265,349
509,257,310,358
505,252,333,372
500,228,352,397
493,211,368,408
489,209,377,426
486,218,385,433
479,220,383,419
473,222,374,422
474,235,370,402
478,243,362,389
466,267,359,366
448,287,361,360
436,297,381,371
422,296,408,380
416,296,423,401
408,307,432,407
403,298,439,417
411,283,426,435
408,281,428,438
419,279,417,440
422,272,411,447
415,263,412,455
415,257,416,462
420,243,417,468
417,230,420,453
408,217,427,434
396,197,438,436
370,173,454,438
346,148,458,447
314,129,469,447
284,118,468,454
267,121,466,456
251,122,462,445
234,124,461,446
233,139,452,447
231,153,444,439
223,157,440,429
231,167,430,423
244,178,421,411
259,181,411,396
277,180,405,382
303,181,386,363
310,161,381,364
327,155,366,359
334,156,365,346
347,154,355,338
357,147,346,335
369,145,340,332
381,144,329,328
382,142,326,324
383,145,325,321
392,156,316,316
394,164,317,311
397,169,309,305
400,170,307,300
404,177,301,296
404,184,302,292
407,179,296,288
408,170,295,290
415,168,291,284
424,163,286,279
432,160,281,280
439,165,279,276
447,172,277,271
446,172,278,272
440,174,278,271
442,179,279,272
443,184,282,267
446,184,279,266
450,185,279,263
458,191,276,259
463,193,273,260
457,190,275,262
450,190,274,260
447,193,271,259
446,189,268,251
440,178,268,252
435,177,266,249
430,169,267,251
427,159,264,252
420,148,263,253
412,144,262,255
409,138,258,251
405,130,261,251
406,125,257,249
405,125,258,243
406,118,258,242
409,109,255,246
413,100,254,247
415,94,251,248
413,91,249,243
407,87,252,244
404,84,253,245
403,86,252,240
407,81,251,241
413,81,252,243
428,81,244,246
429,85,243,248
434,90,237,244
440,92,230,246
449,94,222,248
457,102,210,243
467,110,195,238
477,117,176,236
484,123,171,233
485,122,181,235
478,125,194,237
466,132,210,235
455,143,224,233
447,159,232,224
433,157,240,224
429,164,240,217
424,167,243,213
421,164,236,209
417,163,231,203
420,158,232,203
418,161,235,205
424,159,231,207
426,159,232,210
420,161,236,213
415,157,243,217
412,156,242,221
406,155,244,224
407,153,238,226
405,154,239,228
407,159,235,222
407,157,236,223
407,157,235,220
405,158,236,223
409,159,236,225
410,159,236,223
409,158,233,224
402,159,236,227
401,161,237,223
405,160,235,223
406,160,236,224
404,159,237,224
403,157,238,225
406,160,238,223
404,157,240,224
402,156,237,222
400,154,237,224
402,154,235,226
401,154,236,227
397,153,238,228
397,151,235,226
396,150,235,226
397,149,235,225
398,147,238,225
396,141,240,224
400,144,233,220
393,141,239,222
393,139,239,220
392,139,240,223
392,138,236,224
393,136,237,225
393,134,239,224
391,132,240,225
391,130,237,226
392,127,237,227
392,127,236,225
390,125,238,223
389,120,241,226
390,120,236,228
393,119,237,230
398,118,237,227
402,120,238,229
402,123,239,225
401,122,236,223
401,117,238,225
402,115,234,227
401,113,234,228
400,110,236,225
402,108,236,227
403,106,238,228
402,107,237,226
402,106,238,227
403,105,239,227
405,104,239,224
404,102,236,226
403,104,237,227
404,106,238,225
411,104,237,222
414,103,237,224
415,103,239,227
415,104,237,228
413,103,236,224
412,101,237,225
411,98,236,226
410,99,236,227
410,100,238,224
409,99,239,225
407,100,240,227
408,102,237,224
408,101,238,226
410,100,240,227
417,101,234,224
421,97,235,228
422,96,235,229
422,93,236,226
419,92,240,230
421,93,236,227
421,92,238,229
420,91,239,232
422,92,235,233
423,91,235,234
423,91,235,230
421,90,238,231
421,89,237,232
419,88,238,231
418,87,237,230
416,87,239,235
414,87,239,236
414,88,237,233
413,94,238,228
414,94,239,229
412,93,241,227
409,95,239,228
407,95,241,230
407,95,240,231
408,98,240,228
408,99,240,230
409,100,241,231
408,101,241,225
408,102,243,226
409,104,239,226
410,104,238,225
411,103,239,226
413,102,237,226
415,104,237,223
415,104,238,223
415,102,239,224
415,101,239,225
415,102,237,224
415,102,238,225
415,101,238,226
415,99,239,226
414,99,239,225
416,98,237,226
418,99,235,224
418,100,236,225
418,99,237,223
419,99,239,225
420,97,236,226
422,96,236,228
423,97,237,227
427,101,235,224
428,102,236,225
430,101,237,223
429,99,239,222
429,98,243,226
431,100,240,228
435,99,238,225
435,96,237,227
434,96,238,227
433,95,237,228
433,95,235,230
432,96,236,231
432,100,238,229
431,101,239,229
431,102,239,231
431,102,239,233
432,105,237,230
432,105,238,232
432,109,237,228
432,109,239,229
435,107,238,230
435,106,239,231
433,105,236,232
432,106,237,230
432,107,239,231
432,104,241,232
433,103,239,233
431,105,242,235
430,110,240,231
425,110,241,232
421,111,242,233
420,109,243,234
425,108,245,235
431,112,247,238
435,112,247,240
438,100,245,241
442,89,245,243
441,79,248,243
441,68,251,247
443,59,252,249
447,42,254,250
444,24,260,255
438,19,265,258
437,17,269,261
439,12,269,265
432,7,270,271
427,2,275,273
433,1,277,283
439,13,280,284
447,24,283,287
452,35,285,292
450,52,288,297
448,58,292,299
449,60,297,303
453,70,297,307
454,82,299,309
448,80,303,310
447,80,305,313
444,90,308,315
441,93,311,317
441,90,308,319
436,89,311,322
427,87,313,323
423,77,315,320
422,67,320,328
420,60,324,333
420,57,328,334
420,55,329,337
421,56,331,335
423,59,333,331
423,58,336,333
426,59,335,335
426,67,335,332
426,69,337,330
429,67,335,332
430,73,336,328
429,77,336,330
428,79,339,332
426,80,338,334
426,88,337,328
430,90,336,329
431,95,336,326
430,96,338,324
435,97,334,325
435,96,337,326
432,97,337,327
431,98,335,325
435,101,334,327
438,105,332,328
435,106,335,329
434,107,338,327
437,110,332,326
439,109,332,328
438,108,334,330
437,107,333,332
437,107,333,333
439,106,334,335
438,104,332,335
439,104,331,333
439,103,334,335
439,100,331,335
438,103,330,332
435,102,331,332
434,101,331,329
433,99,333,330
430,100,332,330
429,103,331,329
430,101,330,331
430,100,332,334
431,104,331,327
430,104,331,330
430,104,331,332
431,105,331,329
432,107,329,333
431,107,331,334
432,108,330,331
433,109,328,329
430,109,331,332
433,110,330,327
432,109,331,330
432,107,332,331
433,104,333,332
434,103,332,329
437,104,329,327
437,107,331,327
437,107,333,329
437,103,331,331
440,102,329,333
440,104,329,330
436,104,331,331
439,103,329,332
439,103,332,330
437,107,334,328
435,108,333,330
435,112,334,332
436,120,333,333
437,130,333,329
440,136,330,325
442,137,332,326
443,141,333,327
444,148,334,330
446,151,331,332
445,148,332,334
446,149,331,331
447,149,333,332
445,147,333,334
443,145,336,330
442,144,334,328
442,141,335,329
447,139,331,325
447,136,333,331
445,134,333,333
445,134,331,331
446,131,333,335
445,127,333,332
444,124,333,331
444,122,334,333
444,123,332,334
443,123,333,334
442,123,334,334
441,123,335,331
441,123,334,330
440,126,335,330
439,129,336,331
439,128,336,332
444,128,337,332
445,133,340,335
447,143,341,331
451,147,344,329
458,150,342,330
463,154,345,326
466,160,350,329
470,162,353,331
475,166,354,336
478,171,361,338
484,173,366,341
487,176,374,347
492,180,374,349
496,182,377,351
500,187,383,354
507,190,388,356
514,192,388,361
513,195,396,367
514,202,397,369
514,205,402,372
517,212,405,366
518,215,411,372
521,221,410,375
519,224,416,378
521,230,418,377
520,229,422,379
519,227,424,389
516,231,427,393
512,232,433,397
512,230,430,400
508,230,434,405
501,232,435,402
496,233,438,407
492,231,440,411
490,230,437,416
484,229,442,422
483,229,436,425
480,227,435,423
479,229,433,420
472,228,436,424
464,230,433,427
462,235,430,426
458,240,431,429
460,242,429,434
459,246,433,437
457,250,436,438
460,248,436,441
461,249,442,442
462,249,447,446
463,254,452,448
466,257,448,444
460,259,455,454
461,264,455,451
466,273,453,446
471,280,452,439
479,284,452,435
482,290,455,429
483,293,456,424
485,296,453,422
484,295,456,424
485,298,458,421
492,297,456,422
498,293,455,426
502,289,453,430
505,284,453,433
515,279,446,440
519,277,444,442
523,275,442,444
520,273,440,446
512,270,437,449
502,263,429,456
488,260,416,459
484,249,399,447
471,243,383,444
467,240,365,437
456,237,345,429
450,235,327,424
439,229,331,427
422,219,347,436
399,217,372,440
382,213,395,452
367,209,415,454
353,211,432,448
350,212,436,451
349,214,438,436
353,214,434,435
360,216,425,431
371,221,414,421
385,221,393,405
409,225,364,393
401,224,369,400
393,226,391,409
386,228,411,415
380,229,425,430
377,227,431,442
381,225,429,442
385,223,423,450
392,224,410,446
410,224,387,450
429,232,361,447
444,235,340,439
467,235,317,434
484,242,311,426
501,244,316,430
486,247,345,429
479,250,364,425
466,253,384,415
454,250,404,418
450,245,412,410
448,241,419,394
451,239,417,390
456,237,407,377
463,235,396,373
478,233,397,344
499,226,400,339
519,223,414,343
525,220,412,360
518,218,423,370
511,213,430,383
505,211,434,391
501,211,428,396
498,210,422,401
504,204,395,421
510,203,370,422
519,200,345,422
531,200,318,423
549,198,284,425
556,197,286,425
549,195,309,431
543,196,339,434
534,199,368,433
524,198,393,433
513,200,408,427
507,200,417,426
505,199,417,422
507,200,410,411
504,198,404,398
510,197,386,392
520,199,360,380
514,197,350,366
495,195,359,377
482,191,375,383
476,187,384,398
467,189,392,406
459,189,399,406
457,190,402,414
451,193,406,417
449,196,406,413
448,198,406,413
449,199,406,409
451,196,404,413
448,198,406,412
448,201,407,411
451,203,406,410
454,204,407,412
457,205,405,406
459,207,405,405
462,208,405,403
468,205,401,405
471,203,401,405
478,198,398,404
478,195,401,406
480,193,399,408
480,191,399,411
483,189,398,410
483,185,399,412
484,183,398,408
483,182,400,411
484,183,399,410
485,184,398,408
485,183,399,410
484,183,399,409
483,183,401,411
484,181,400,413
483,180,403,404
483,178,398,403
481,176,400,405
480,177,399,408
481,175,400,410
481,172,399,411
483,172,397,410
481,171,401,412
482,171,399,410
485,169,398,408
487,167,396,407
493,165,386,399
491,161,382,394
494,158,373,385
497,153,365,383
497,148,360,378
499,142,353,371
497,135,350,369
497,127,345,368
496,121,341,363
496,115,336,358
495,109,333,355
495,103,330,352
495,100,327,349
496,100,321,346
495,104,319,343
493,110,315,341
490,119,313,338
490,134,310,335
489,146,307,326
490,154,303,318
490,155,299,315
487,159,296,312
487,164,293,305
487,166,290,301
488,163,287,298
487,159,284,296
487,158,282,293
489,157,279,290
492,154,277,287
494,150,273,284
494,148,270,281
495,145,267,277
494,140,267,274
496,137,263,271
498,131,264,269
500,125,259,267
501,117,259,268
505,112,253,265
509,114,250,259
514,113,247,263
513,118,247,259
514,121,243,255
513,122,242,256
517,118,239,249
520,112,237,250
520,107,235,245
521,104,233,243
523,98,228,238
527,90,225,239
525,84,229,241
527,79,225,237
528,75,222,233
529,71,221,232
526,68,222,231
528,66,218,228
528,63,220,229
528,58,217,229
528,55,216,227
529,53,213,223
529,50,211,225
530,48,210,222
529,44,211,223
530,43,209,224
532,42,207,219
534,41,204,216
535,41,203,217
536,42,201,213
536,41,200,209
536,40,198,206
535,37,198,211
534,36,197,212
534,38,195,205
535,37,193,205
535,37,191,200
534,36,188,197
533,34,187,199
533,32,188,200
532,27,188,198
533,24,186,196
532,22,186,193
531,21,188,194
531,21,187,196
532,19,188,193
535,20,187,191
531,20,194,196
530,21,198,192
531,22,201,197
529,24,205,199
531,24,206,202
532,24,203,200
532,24,201,205
535,25,194,203
539,24,189,204
546,24,178,204
557,23,161,204
569,22,144,203
577,17,136,206
577,16,137,204
575,14,152,205
566,12,168,205
564,9,175,205
554,10,187,205
549,9,195,201
545,5,200,203
539,3,204,202
540,2,201,198
538,1,200,198
538,1,200,198
541,1,194,191
542,1,193,192
543,1,192,192
542,1,193,192
545,1,191,194
543,1,193,194
543,2,193,192
545,1,193,190
546,2,197,188
546,1,196,191
549,1,191,189
548,1,196,193
549,1,194,191
550,1,195,190
549,1,192,188
545,1,196,188
544,1,193,186
542,1,198,190
546,1,193,187
546,1,194,190
544,1,195,189
543,1,195,192
543,3,197,191
545,4,194,188
544,5,199,190
544,5,193,189
544,7,196,189
547,8,195,187
548,7,199,187
549,9,195,189
549,10,194,186
549,8,196,187
550,8,194,186
551,8,192,192
551,10,195,189
552,9,194,191
552,13,195,190
550,14,196,189
549,15,197,187
549,13,195,186
551,11,191,187
552,15,186,186
546,18,191,186
542,13,197,194
541,9,203,197
537,13,204,196
535,18,203,194
533,15,205,199
533,18,205,201
529,20,206,199
526,22,203,199
525,26,203,200
526,30,202,195
527,30,202,189
528,26,200,193
528,27,199,190
530,27,202,193
537,27,205,185
541,24,206,189
553,26,204,184
560,25,203,188
559,24,206,192
554,23,212,196
552,24,214,193
551,22,215,196
549,22,217,199
549,24,216,196
548,25,214,195
547,25,214,197
546,27,212,197
544,29,212,192
545,26,210,200
547,27,209,197
547,30,212,194
546,32,216,194
547,30,214,193
548,29,217,198
550,32,218,195
553,32,218,194
557,29,217,199
558,30,219,203
559,32,220,205
561,38,223,203
561,38,223,203
563,39,224,202
563,40,223,204
561,42,227,205
560,42,224,204
559,42,221,203
555,41,219,207
553,39,216,209
555,37,204,214
557,38,196,216
560,36,184,220
561,36,173,220
565,32,156,222
572,32,150,224
573,31,154,221
568,33,162,224
565,33,167,222
563,34,171,219
562,34,175,220
564,35,178,222
567,35,171,221
571,36,168,223
575,36,165,222
580,39,160,217
585,40,156,218
589,41,154,214
591,40,155,216
592,43,153,209
594,45,149,210
594,46,146,207
594,45,144,208
593,46,142,204
597,48,143,205
599,50,143,203
601,48,146,205
605,46,148,206
609,45,150,208
616,46,149,202
619,44,151,203
621,45,151,203
624,46,150,203
627,46,149,202
630,46,153,202
631,45,154,202
630,44,157,202
634,44,159,203
640,39,155,208
639,35,158,212
642,32,159,216
649,32,157,216
652,31,160,216
653,28,156,220
655,31,152,221
653,33,145,218
648,33,140,221
647,34,138,220
643,34,149,221
638,37,150,215
642,37,149,217
639,40,156,213
637,41,159,209
638,45,159,208
634,45,163,210
636,49,155,204
631,51,159,205
632,53,155,203
633,52,152,201
633,52,152,201
636,50,149,206
635,50,151,204
642,51,146,204
639,50,150,203
642,49,152,206
642,48,151,206
646,48,150,206
646,47,152,207
644,47,151,204
643,46,152,206
642,44,147,207
641,42,147,208
639,33,145,216
646,31,147,216
646,31,152,219
647,31,151,219
645,30,153,220
645,29,155,219
644,28,156,220
644,27,155,221
641,25,154,223
637,25,155,219
635,24,153,222
635,24,155,220
635,24,155,221
635,23,155,223
633,24,154,220
632,25,153,220
629,25,156,221
629,25,157,221
629,26,158,222
630,26,155,216
628,25,156,219
626,24,158,222
627,24,156,220
628,24,156,217
629,24,154,223
628,24,155,224
626,24,155,221
625,25,156,221
625,26,157,223
624,29,157,220
624,28,154,220
622,28,155,219
622,29,155,217
622,30,154,218
622,29,154,219
624,29,152,219
623,27,154,217
624,27,155,219
626,25,157,221
628,25,158,223
629,26,156,221
632,25,160,222
636,24,161,223
640,22,162,220
641,22,164,222
642,21,165,223
641,20,167,224
634,20,174,217
630,16,174,225
618,16,189,223
612,16,195,222
607,14,199,225
599,14,206,225
594,13,213,230
591,14,214,226
589,14,217,221
589,13,213,217
594,15,204,214
598,15,197,212
599,13,183,214
592,13,188,207
582,13,201,214
573,13,214,216
574,13,213,215
567,16,220,216
571,17,215,216
571,18,212,217
574,21,206,214
579,23,195,213
589,23,179,214
599,25,161,208
616,24,142,213
614,25,152,206
611,24,166,211
604,27,179,209
594,28,197,211
591,28,205,208
588,30,213,206
589,28,214,206
589,26,213,204
594,25,207,203
598,26,207,197
600,30,211,191
605,30,220,189
612,29,216,187
616,30,216,195
613,33,217,197
612,32,219,194
611,32,219,202
609,33,220,196
606,33,220,200
604,34,218,203
602,36,217,198
601,37,216,195
599,38,217,196
601,39,215,194
599,38,218,197
600,38,216,196
599,37,215,198
598,34,215,201
596,34,216,202
593,34,217,198
589,33,218,195
586,34,217,195
582,33,218,197
581,32,217,194
580,30,215,196
578,30,215,195
576,31,217,194
574,32,219,192
577,36,216,194
575,37,217,195
577,39,216,198
574,43,218,200
574,48,215,199
566,52,217,200
563,60,220,201
563,70,217,198
559,81,218,200
556,96,214,197
551,106,216,195
548,112,214,198
546,123,212,196
543,129,211,194
545,132,210,190
545,134,209,187
546,136,209,191
545,138,211,194
543,143,214,197
546,147,211,194
546,149,214,198
548,150,217,201
552,150,219,203
554,145,218,201
557,145,220,206
560,145,223,210
563,144,225,207
566,142,227,209
570,141,227,212
572,140,227,214
575,139,234,216
577,139,237,219
580,143,236,216
580,146,239,221
581,148,243,224
582,152,245,219
582,155,247,221
582,156,250,224
582,156,252,228
580,155,256,228
577,154,251,225
574,153,253,227
572,149,256,229
569,148,252,232
565,146,252,230
561,145,254,228
559,144,254,231
556,142,254,233
552,140,254,232
552,140,252,228
552,140,250,229
549,140,253,229
548,139,251,227
544,142,253,229
544,143,251,229
543,147,251,225
542,149,253,222
543,150,252,223
544,149,252,226
546,150,249,225
543,149,253,222
543,151,250,226
543,150,252,227
544,148,250,223
542,147,254,225
542,146,253,223
542,146,252,225
541,145,252,225
542,144,251,227
542,143,252,229
544,143,250,227
544,142,254,231
545,142,251,227
544,143,252,227
544,144,250,229
544,144,252,232
544,143,252,234
545,144,251,230
549,144,251,228
548,145,254,231
548,146,251,227
548,146,249,228
547,145,254,230
547,144,255,228
548,143,253,230
548,143,253,231
548,141,255,231
551,141,251,228
551,140,253,230
551,140,251,229
551,141,252,231
551,142,251,229
550,144,253,232
550,143,255,234
552,142,251,230
551,142,253,232
551,142,253,231
553,142,251,230
553,142,253,232
553,144,255,235
554,146,256,237
558,147,253,233
556,147,258,235
552,151,257,230
547,150,260,227
545,147,258,238
540,141,262,243
538,142,256,240
539,141,253,244
541,139,245,247
546,137,233,251
549,134,221,250
554,130,210,253
560,129,196,257
573,128,180,257
577,125,189,261
566,123,208,264
559,126,223,262
554,126,240,263
546,124,252,266
542,125,259,262
540,124,262,261
538,126,258,261
543,128,249,253
545,131,241,248
550,132,228,244
548,133,219,240
537,134,228,244
528,135,241,248
520,136,253,250
520,137,255,253
520,140,254,250
522,142,251,252
524,144,244,251
529,144,232,252
541,146,215,248
551,149,198,249
561,148,185,247
568,148,178,249
560,148,196,245
553,149,213,243
545,149,229,246
538,150,239,242
532,150,246,240
533,150,247,241
533,149,246,239
536,149,244,241
538,151,243,239
539,152,244,242
539,153,245,240
537,155,242,240
537,157,245,242
538,156,246,244
539,157,244,241
538,156,246,245
538,157,245,243
537,157,247,244
540,159,245,240
543,160,243,238
542,159,245,243
542,159,244,241
543,159,244,242
543,158,245,244
545,159,243,241
547,159,242,239
548,158,244,242
549,156,243,240
551,157,242,238
550,158,243,241
551,159,241,242
553,159,242,243
553,160,243,240
553,160,242,237
552,162,244,240
552,161,245,242
555,159,244,240
555,159,245,242
555,157,244,243
558,158,246,245
564,160,244,241
565,160,246,243
564,161,244,245
563,164,243,241
565,163,240,239
564,162,243,242
564,164,245,240
569,167,243,238
569,166,245,239
567,165,244,242
565,167,243,240
565,167,245,241
565,165,245,240
567,165,244,244
567,165,240,243
566,165,238,242
564,164,237,246
564,168,233,242
561,169,235,244
559,171,235,242
557,170,240,244
558,169,243,246
562,169,242,247
567,168,242,242
567,168,252,239
572,171,249,234
572,173,255,232
576,171,252,236
583,169,248,225
590,168,239,229
594,171,243,222
602,172,245,216
612,172,251,211
627,172,244,215
622,172,253,224
620,172,257,226
618,171,259,232
616,171,255,236
619,171,247,238
624,168,232,244
629,170,222,249
638,171,210,245
648,167,188,251
655,167,180,251
654,166,193,248
645,165,216,256
632,163,236,258
624,163,249,260
621,164,254,264
617,164,261,261
615,166,263,256
613,166,258,252
617,167,246,246
621,167,236,246
628,165,222,241
619,165,218,235
608,166,229,240
603,166,238,244
596,166,249,245
594,167,251,247
593,168,251,249
593,168,252,246
594,168,249,243
593,165,252,248
592,165,250,246
591,164,247,247
588,162,254,250
591,162,250,247
591,164,252,249
594,166,248,252
599,166,246,250
603,165,240,252
609,164,230,251
613,165,226,251
621,168,211,248
628,169,197,246
636,172,186,241
644,170,176,246
651,170,181,246
641,175,196,238
633,176,206,238
632,172,212,245
628,172,218,242
627,173,221,244
627,172,221,246
628,172,221,245
631,172,217,243
633,167,217,251
637,168,213,246
636,168,215,247
638,167,210,248
637,163,214,251
640,163,211,253
641,161,212,255
635,161,215,257
634,164,217,254
631,164,220,258
632,166,219,256
631,167,224,254
630,168,224,252
631,170,222,253
630,170,223,252
632,171,220,249
633,170,223,254
633,172,225,251
633,174,224,250
635,175,222,247
635,173,225,254
635,176,224,251
635,176,225,254
636,176,222,250
637,176,221,248
636,175,224,253
636,178,222,248
635,177,224,250
636,176,222,249
637,175,221,247
639,175,219,249
640,175,217,246
640,169,215,255
640,169,210,256
640,170,205,251
638,172,199,255
635,172,192,256
630,170,186,252
625,169,182,255
618,168,178,256
609,168,176,255
598,165,177,256
588,162,179,258
576,162,178,257
566,162,178,260
552,163,181,255
542,161,180,259
536,163,177,255
523,163,180,258
511,162,180,258
500,160,183,259
491,161,185,262
483,162,187,264
479,166,187,260
478,167,185,259
482,164,187,258
488,163,187,258
495,173,183,251
501,181,180,248
504,182,179,248
506,185,178,248
505,189,181,250
513,192,176,244
517,195,179,243
524,194,178,246
525,193,180,245
525,198,180,241
525,198,179,242
521,200,182,241
525,202,179,239
524,202,179,242
524,202,179,239
521,203,178,237
516,203,186,242
516,201,190,242
513,201,200,243
514,201,203,242
512,203,213,240
513,203,223,237
513,203,234,239
511,204,239,240
507,205,244,238
507,206,250,236
508,207,253,234
512,207,249,232
515,206,243,233
520,208,240,226
526,207,244,221
531,204,249,220
539,204,247,212
550,203,244,216
548,201,251,223
542,198,258,226
538,199,257,228
534,199,259,225
533,196,260,233
532,197,254,236
527,198,256,238
524,197,256,235
525,195,256,238
523,195,256,239
520,193,255,241
518,192,257,242
517,190,257,242
516,190,254,241
514,188,253,242
514,185,254,243
511,183,253,245
508,183,255,246
510,185,253,243
510,185,255,244
508,184,257,247
508,185,256,244
508,186,257,245
507,185,255,244
508,183,255,246
507,184,254,245
505,184,256,246
502,183,254,247
497,182,256,247
490,181,253,248
486,180,255,249
484,177,254,250
488,175,254,247
487,174,256,248
487,175,257,249
485,175,259,250
487,175,256,247
489,176,257,248
489,176,257,249
492,176,254,250
491,177,254,252
490,177,255,248
485,177,253,250
485,175,249,252
485,171,241,256
488,168,237,259
493,166,226,261
500,167,214,258
504,167,205,258
508,163,191,262
518,165,178,260
524,163,177,261
515,163,193,264
509,162,208,261
499,163,225,263
496,162,234,263
492,160,244,265
489,161,251,260
484,162,254,259
483,164,257,260
487,164,254,263
486,164,256,259
488,165,254,257
488,166,255,260
489,169,256,259
488,170,255,259
492,170,251,260
493,170,248,257
494,171,246,257
493,173,244,255
495,174,241,256
495,173,241,256
496,173,242,256
496,174,243,257
496,173,246,259
495,172,249,261
497,173,247,257
497,177,253,255
497,179,255,256
497,178,256,257
498,178,253,253
497,178,255,254
496,175,256,252
496,176,257,249
498,174,259,251
500,175,257,248
500,175,259,249
499,177,258,251
500,177,254,248
500,174,257,248
500,173,248,245
504,173,237,242
507,173,226,240
509,171,218,235
496,167,227,241
488,166,232,243
479,167,246,244
475,168,251,247
469,167,257,250
469,166,258,252
467,167,255,253
471,169,250,253
478,170,237,254
484,171,225,252
493,172,209,250
505,173,189,247
512,176,178,244
530,179,167,244
523,179,184,242
515,179,200,245
504,180,219,239
500,178,226,242
496,174,233,240
494,173,237,242
494,173,237,236
488,174,240,239
490,176,240,240
491,178,241,237
491,177,242,239
485,178,246,240
481,183,250,234
480,184,251,232
481,182,253,237
480,181,254,240
481,180,255,240
482,183,254,235
485,181,254,236
486,180,252,234
485,180,251,236
487,179,252,237
489,179,249,235
489,180,250,238
493,179,246,241
494,181,245,241
494,182,246,242
496,183,242,241
493,185,243,242
490,186,245,243
492,187,240,242
488,188,240,245
488,189,235,247
484,191,235,249
481,193,230,249
475,196,229,248
469,198,230,250
464,199,228,249
452,200,235,252
444,206,235,249
440,206,236,251
436,204,237,252
435,202,237,253
435,201,235,252
436,200,237,254
439,200,239,254
442,199,237,252
444,200,238,254
452,201,231,253
460,200,231,252
467,201,231,255
471,199,229,259
474,200,228,256
478,199,230,258
480,195,228,259
479,193,231,261
481,193,232,263
484,193,231,260
484,193,234,261
485,195,236,259
489,195,233,260
492,196,233,261
496,197,233,263
501,195,235,265
511,194,235,260
519,193,235,261
522,194,236,264
523,198,237,265
526,200,235,262
530,202,238,264
536,204,238,266
543,203,239,264
551,201,236,265
555,202,240,267
559,205,241,269
559,206,238,270
559,206,238,270
563,210,238,271
569,212,243,272
572,208,245,272
571,204,243,275
563,205,242,280
556,205,238,283
549,204,237,285
545,202,237,287
544,204,237,285
544,204,238,287
542,201,235,287
538,205,233,286
530,204,236,289
527,203,234,291
520,202,239,286
513,201,242,288
513,199,245,290
519,192,247,292
524,191,249,294
529,195,249,289
531,194,252,291
532,193,256,289
536,193,258,289
541,193,261,288
547,192,258,296
552,193,257,298
559,194,256,296
564,192,254,293
568,187,256,298
576,183,256,299
583,183,255,301
590,183,253,299
592,180,255,301
594,177,255,302
597,172,258,304
601,175,258,296
605,174,255,294
602,173,255,294
597,171,256,299
596,169,256,301
594,166,256,302
595,164,252,300
591,165,252,302
593,165,247,299
594,167,245,300
593,166,246,301
594,167,241,298
593,168,242,301
594,167,239,302
594,167,238,303
593,168,238,303
592,169,237,302
593,174,237,298
593,176,239,300
593,179,239,297
593,180,240,299
594,181,240,298
593,181,241,299
593,182,242,301
594,182,239,301
595,183,240,298
594,183,241,299
593,183,239,301
592,181,241,303
594,183,238,297
596,181,237,301
595,179,238,300
589,178,243,303
586,177,246,305
584,177,246,304
578,177,253,305
578,173,256,310
580,174,253,311
579,171,254,309
580,169,254,315
581,168,254,317
581,169,255,318
580,167,253,316
579,167,254,317
581,167,252,319
581,167,254,322
580,167,251,323
579,167,251,323
579,167,249,323
577,168,249,318
575,166,252,320
573,166,253,321
571,163,254,318
568,163,255,319
566,161,258,320
566,161,256,318
567,161,253,321
566,163,254,322
565,166,254,317
566,169,251,318
565,171,253,321
565,171,251,316
567,169,253,319
569,169,253,317
569,169,252,317
568,168,254,319
570,168,252,316
571,166,250,315
571,165,251,317
571,165,249,318
571,162,247,317
570,161,246,319
567,163,246,318
563,166,245,320
552,170,253,321
543,173,256,318
540,174,255,319
538,176,253,318
536,175,255,319
537,174,255,320
539,172,256,318
539,174,256,317
539,175,255,318
539,177,254,317
539,177,256,319
539,178,256,318
541,179,257,319
542,182,257,316
542,183,255,317
540,186,256,317
539,187,258,318
540,187,257,320
539,190,257,314
538,190,257,314
538,188,256,313
538,186,255,312
537,186,256,315
538,185,256,316
538,184,255,313
537,182,256,314
537,183,256,315
536,184,253,313
535,184,254,314
535,184,255,315
534,182,257,316
533,182,259,317
532,183,256,315
531,184,257,317
534,183,258,318
535,181,256,318
532,180,258,319
531,179,257,318
531,179,260,320
533,178,257,318
532,179,257,319
532,179,255,316
532,177,256,321
534,178,256,322
534,183,253,314
532,185,251,312
533,186,249,309
535,187,247,313
537,191,244,310
535,193,245,308
535,195,247,306
538,195,245,307
538,194,246,309
538,195,244,306
535,195,245,308
539,197,246,304
543,196,246,306
545,193,245,303
547,193,244,302
549,194,248,305
551,195,246,307
551,196,247,305
552,197,244,306
552,198,246,305
552,198,245,303
552,198,245,305
552,197,243,303
552,198,244,304
553,198,243,306
551,197,246,307
553,197,247,304
552,197,247,306
553,197,246,304
554,196,247,305
558,195,248,307
559,195,246,304
557,195,246,306
558,197,244,302
555,196,249,299
556,197,249,303
555,196,247,306
555,196,247,307
555,196,248,304
554,194,247,302
555,195,248,300
555,194,245,302
553,193,247,302
553,191,251,304
552,191,248,302
553,190,249,303
555,191,247,303
557,192,244,303
555,193,247,303
557,194,246,304
557,194,248,305
555,193,247,305
555,193,248,303
555,192,249,304
556,191,247,301
554,192,249,303
554,192,246,304
554,191,246,305
552,190,245,305
549,191,243,305
546,191,241,305
540,191,243,303
535,188,245,305
533,188,244,307
528,187,253,305
530,188,256,301
528,189,264,303
530,190,271,302
531,189,281,301
534,189,286,299
531,192,292,295
531,191,298,292
532,192,300,289
536,190,293,290
537,192,287,279
540,191,288,273
547,194,300,264
551,195,310,258
562,195,309,256
575,193,302,267
569,193,312,276
566,194,314,277
563,195,318,280
559,194,320,284
560,194,315,286
560,195,313,288
560,196,312,293
559,197,311,293
559,198,312,294
559,196,312,296
560,196,309,297
561,195,310,298
559,195,312,300
560,196,308,299
559,195,310,300
560,193,308,297
560,192,308,300
562,191,308,301
563,191,306,299
562,189,307,299
561,190,309,300
560,191,310,301
558,190,310,302
561,189,308,303
563,191,309,303
559,192,310,304
561,192,307,302
561,191,308,304
562,190,306,305
560,189,310,302
560,192,310,299
561,193,307,296
560,191,308,302
558,191,309,301
556,192,310,302
554,190,312,302
555,190,309,299
553,188,310,302
557,188,305,303
558,187,306,304
557,187,305,300
554,187,306,302
557,189,304,298
561,192,307,294
560,193,313,291
566,195,316,294
572,199,322,289
575,201,323,290
579,206,330,294
580,208,332,296
583,212,330,291
583,211,332,294
583,211,335,295
581,209,333,297
582,209,332,294
585,210,328,292
586,210,332,293
590,208,331,298
588,211,337,294
593,216,338,299
596,220,342,302
601,227,343,300
605,230,346,301
610,235,346,302
615,236,348,306
622,235,348,310
626,238,353,312
630,237,350,318
635,240,352,322
635,242,354,324
634,238,353,327
630,236,352,329
625,236,348,327
621,233,339,330
620,230,331,330
617,225,323,335
615,224,318,333
618,222,305,331
622,219,292,337
629,216,274,338
637,215,253,337
653,212,250,343
657,212,261,341
650,213,279,345
640,213,300,348
633,211,319,352
625,212,331,355
618,212,341,356
612,213,351,358
611,218,350,350
607,219,351,351
604,221,348,345
609,221,335,343
613,221,323,338
616,220,314,333
621,220,299,322
625,218,288,318
616,216,292,318
609,218,304,321
605,219,312,323
605,220,314,318
605,219,318,318
603,216,320,322
605,213,317,325
606,215,316,324
606,214,316,326
605,216,316,323
604,217,317,318
603,218,315,315
601,215,317,319
604,215,315,321
604,214,318,323
605,214,316,321
605,212,316,324
605,212,316,324
606,211,316,324
607,212,316,321
607,213,314,321
607,211,314,321
607,211,314,321
606,210,319,323
604,210,319,323
599,211,325,325
596,210,330,329
593,211,333,332
586,209,335,337
582,208,338,340
581,208,335,341
580,208,331,346
585,206,322,350
592,206,309,353
602,207,290,352
615,210,269,344
625,214,254,342
637,223,235,330
644,224,231,327
650,228,230,323
656,228,229,321
659,231,229,322
656,231,235,321
655,232,234,321
653,232,235,320
649,233,238,318
641,235,245,319
641,235,246,319
642,234,245,321
639,232,249,323
639,233,248,326
642,233,247,328
647,232,243,327
648,230,244,330
653,231,237,330
656,225,237,336
665,223,230,340
667,223,228,341
668,222,227,344
667,218,229,349
664,219,231,347
661,220,232,348
658,221,235,346
658,221,235,347
656,221,237,347
655,221,238,349
655,219,238,351
655,217,239,353
654,219,239,347
655,219,240,349
656,219,238,345
657,219,240,347
657,217,241,349
658,217,237,346
660,218,232,346
662,215,226,349
647,210,238,352
634,207,240,351
621,206,242,348
608,204,251,346
595,200,260,352
580,197,267,353
565,198,270,351
553,201,273,350
539,202,276,347
526,205,278,343
522,205,273,341
521,207,270,340
529,204,259,340
540,202,248,339
551,204,241,337
570,204,233,338
580,205,235,339
573,207,253,341
566,212,270,337
554,219,290,334
544,223,308,332
538,223,316,333
528,224,326,330
524,229,329,323
521,230,332,317
521,234,330,312
521,237,330,309
518,240,333,305
520,244,330,305
521,247,330,304
520,248,331,302
520,249,329,303
519,246,329,305
522,243,324,313
518,243,328,315
514,245,328,317
510,248,329,318
505,250,329,319
500,252,328,322
488,256,335,324
479,260,336,327
470,264,336,327
465,267,335,326
457,270,345,326
457,272,345,324
457,270,344,325
457,267,345,319
464,266,342,310
470,265,337,309
474,264,330,307
480,264,320,300
487,260,330,296
497,260,344,288
506,261,345,285
519,261,341,289
532,261,334,294
533,261,336,295
532,259,338,299
530,258,340,302
531,257,341,304
532,256,342,304
531,257,342,303
531,257,342,306
532,256,341,304
529,256,345,303
531,256,341,301
531,254,342,303
533,254,341,303
535,253,340,302
537,252,339,306
535,251,340,305
532,254,344,303
533,256,345,306
529,258,350,308
529,258,352,310
530,260,352,308
528,259,353,307
527,258,353,308
525,257,354,310
524,257,352,306
523,257,355,303
526,260,347,303
517,262,356,305
511,265,360,303
506,268,364,305
503,271,368,307
501,275,371,308
500,278,373,310
505,281,369,312
506,281,370,313
504,282,370,311
502,279,372,313
504,279,376,316
508,279,377,319
511,280,377,315
510,280,378,311
511,282,378,308
511,282,378,309
509,275,380,312
509,274,380,316
507,273,381,317
507,274,381,314
507,271,381,318
506,271,381,319
506,271,381,320
506,273,381,318
507,273,382,319
508,273,383,320
509,274,381,318
508,273,382,318
511,275,381,316
512,277,382,316
514,279,381,316
513,279,382,317
513,280,382,316
514,280,383,317
515,280,381,317
514,279,382,318
512,277,382,319
511,278,383,320
511,277,385,322
512,277,384,318
511,278,384,320
510,279,384,320
511,278,386,317
514,278,383,317
514,278,383,315
515,278,382,316
517,278,381,316
517,277,383,318
516,278,382,318
518,278,382,319
518,277,383,316
518,277,382,314
517,276,383,315
517,275,384,316
517,274,384,317
517,275,383,315
517,275,383,316
517,275,384,317
515,274,382,317
513,269,384,318
512,266,382,319
511,265,380,318
510,262,383,317
511,258,383,318
512,258,384,317
513,261,384,317
516,263,380,316
517,265,380,313
518,265,383,314
518,264,380,316
517,264,382,318
515,265,384,321
514,268,381,318
513,273,383,320
510,279,387,323
510,284,390,323
506,288,395,326
504,293,399,331
499,299,407,336
499,304,413,341
500,309,413,345
500,316,422,348
499,323,428,356
498,330,431,361
492,336,444,363
493,341,448,366
493,345,451,367
493,347,452,368
492,344,453,370
493,339,454,367
495,332,455,364
495,325,457,366
492,317,459,367
489,310,460,364
488,305,458,364
486,298,460,360
486,292,459,362
483,289,460,365
482,287,459,363
484,285,457,361
483,284,459,363
481,285,460,364
479,286,461,364
482,286,458,366
482,285,458,368
481,286,461,365
480,288,466,368
481,289,468,368
480,288,472,376
480,288,473,380
480,285,474,381
480,276,473,384
482,263,465,385
485,255,457,390
491,245,446,395
480,236,452,401
475,230,453,408
468,223,451,418
462,219,446,422
462,215,436,429
462,208,421,439
471,204,397,446
480,206,377,453
494,210,349,461
516,214,310,457
537,215,303,457
528,216,331,463
514,217,361,472
501,221,381,471
494,223,394,470
489,220,403,465
484,217,411,467
479,216,420,468
477,215,423,467
477,214,429,470
478,217,435,466
478,217,439,468
479,215,443,467
481,215,443,468
481,215,444,469
480,214,444,469
481,215,443,468
481,216,443,466
483,214,443,467
482,214,444,464
481,214,445,466
482,214,443,463
483,213,441,466
482,212,444,468
482,211,440,466
481,208,443,466
481,204,440,463
481,195,445,459
482,185,445,461
483,179,443,459
488,174,443,472
495,188,443,469
494,195,446,471
490,199,443,469
489,204,443,473
490,216,441,469
492,225,444,465
492,229,442,467
494,232,440,465
496,233,442,467
498,230,443,468
497,230,441,463
495,229,438,461
494,228,443,464
490,227,442,462
488,224,442,463
487,227,441,460
486,228,441,462
487,228,441,460
486,229,440,458
485,230,439,460
485,230,442,457
486,231,439,454
485,232,441,460
485,234,440,464
485,232,441,465
484,229,440,466
483,229,444,462
484,229,440,459
485,228,438,460
483,227,442,457
480,226,443,461
482,222,441,463
481,221,443,466
482,224,441,462
482,224,439,459
480,222,441,463
477,222,442,463
478,223,441,467
479,222,439,468
478,223,440,464
478,223,441,465
480,218,440,465
480,218,441,469
478,217,442,469
480,218,441,468
483,220,439,467
479,221,444,464
481,218,441,465
482,217,443,463
484,216,441,462
480,215,443,465
481,215,442,466
483,214,444,468
483,214,443,469
482,213,442,471
481,214,444,473
481,217,445,469
484,217,442,464
484,219,443,465
486,220,442,466
488,219,442,465
489,220,442,463
488,224,442,463
490,229,442,465
492,226,442,473
493,230,441,471
494,231,440,465
495,230,441,463
490,232,444,467
489,235,440,472
489,243,438,469
492,243,440,460
493,235,441,463
