813,271,179,185
813,271,179,185
813,270,180,187
812,270,181,187
812,271,181,187
812,271,181,187
812,272,181,185
812,271,181,186
812,271,181,186
812,270,181,186
812,270,181,187
812,270,181,187
812,271,181,187
812,271,181,187
812,271,181,187
812,271,180,186
812,271,180,186
812,271,180,186
812,271,180,186
812,271,180,186
812,271,180,186
812,272,180,186
812,272,180,186
811,272,180,186
812,271,180,186
812,271,180,186
812,271,181,186
812,271,181,186
812,271,181,186
812,271,181,186
812,271,181,186
812,272,181,186
812,271,181,186
812,271,181,186
812,271,181,186
812,271,181,186
811,271,181,186
811,270,181,186
811,271,181,186
811,271,181,186
813,271,181,186
813,270,180,186
813,271,180,186
813,272,180,186
813,272,180,186
813,272,180,186
813,271,180,186
812,270,180,186
812,271,180,186
812,271,180,186
812,272,180,186
812,272,180,186
812,272,180,186
812,272,180,186
812,272,180,186
812,272,180,186
812,272,180,186
812,272,180,186
812,272,180,186
812,271,180,186
812,271,180,186
812,271,180,186
812,271,180,186
812,271,180,186
812,271,180,186
812,271,180,186
812,271,180,186
812,272,180,186
812,272,180,186
812,272,180,186
812,272,180,186
812,272,180,186
812,272,180,186
812,272,180,186
812,272,180,186
812,272,180,186
812,272,180,186
812,272,180,186
813,272,180,186
814,271,180,186
818,272,175,184
819,271,175,185
820,270,174,185
819,271,172,185
819,271,172,185
818,271,174,186
816,270,174,187
815,269,174,187
815,271,177,186
815,271,177,186
815,271,177,186
815,271,177,186
815,270,177,186
816,270,177,186
817,270,176,185
834,271,159,184
843,270,151,184
845,269,148,184
859,271,133,183
866,271,127,180
870,270,123,179
874,272,118,177
872,271,120,176
868,270,124,179
861,271,131,179
853,271,140,181
840,271,152,181
823,271,170,182
817,271,176,184
813,271,179,186
812,270,180,187
812,271,180,187
818,271,175,184
849,269,143,186
872,272,120,181
901,271,91,177
946,284,46,158
949,285,45,157
949,285,45,157
949,285,45,157
938,280,53,162
896,271,96,179
856,271,136,181
854,271,136,185
859,270,134,184
855,272,136,183
846,272,146,183
837,272,156,183
832,272,160,184
825,272,167,185
821,271,170,186
819,270,173,188
827,272,166,184
824,271,168,183
818,271,174,185
818,270,174,185
827,272,166,183
839,273,154,181
855,272,137,180
865,271,128,180
870,273,122,182
863,272,129,183
856,271,136,183
845,270,147,184
840,271,151,185
838,272,154,181
838,271,154,181
837,271,154,181
836,271,154,181
834,270,154,181
839,272,153,182
839,272,153,182
834,272,158,184
828,272,164,184
822,271,170,184
816,271,176,185
814,271,178,185
812,271,180,186
812,273,180,183
811,273,181,183
811,272,182,184
810,272,183,185
812,271,182,185
813,271,180,185
814,272,179,184
815,271,178,187
816,271,177,186
818,270,176,185
821,268,175,184
832,271,161,183
850,272,143,179
862,271,131,175
878,272,115,172
889,272,103,165
892,272,101,164
896,272,96,144
898,272,95,144
901,273,91,130
901,272,91,130
896,271,95,130
876,271,116,168
867,273,125,168
874,273,119,168
873,272,120,169
872,272,120,169
855,272,137,169
835,272,157,171
818,272,175,172
817,271,175,172
816,271,176,172
815,271,176,172
815,271,176,172
815,271,176,172
814,271,178,174
817,271,175,174
818,271,174,174
817,271,174,174
816,271,174,174
817,270,174,174
817,269,174,174
817,268,174,174
830,271,163,175
847,269,145,177
809,268,184,178
809,267,184,178
811,270,183,177
814,270,180,176
818,268,179,175
817,270,176,176
822,269,171,175
831,267,162,174
843,265,149,173
818,279,174,158
820,278,173,145
821,278,172,144
820,278,171,131
818,278,171,131
814,278,179,140
811,278,179,148
808,278,184,149
805,276,187,153
803,275,188,159
801,273,192,164
799,271,193,168
811,271,182,168
809,270,183,168
812,270,180,168
822,270,171,171
818,270,173,171
814,270,177,173
809,271,183,174
804,272,187,174
816,272,177,178
816,272,176,178
816,272,176,178
851,272,141,178
847,272,145,179
846,271,145,179
846,270,146,179
843,272,149,179
841,271,150,180
839,271,152,180
837,270,155,182
835,269,156,183
832,269,160,185
831,273,160,185
830,273,162,185
831,271,163,181
830,271,163,181
829,271,163,181
828,270,163,181
830,269,163,181
829,272,163,181
828,271,163,181
833,270,159,181
832,273,159,181
830,273,159,181
828,273,163,179
825,272,163,179
822,272,170,183
825,271,167,185
848,269,143,185
865,272,128,183
873,271,117,183
880,273,112,183
871,272,121,183
849,272,145,183
822,272,170,183
815,272,177,185
813,272,179,186
811,271,182,186
813,273,180,184
812,272,180,184
814,272,180,184
814,272,179,185
813,271,180,186
813,272,180,186
813,272,179,184
812,271,180,186
812,272,181,185
812,272,181,185
812,272,181,185
813,272,181,185
811,271,182,187
812,270,182,187
812,272,181,186
812,272,181,186
813,272,181,186
814,271,180,186
813,272,180,186
812,272,180,186
813,272,180,186
813,272,180,186
814,272,180,186
814,272,180,186
813,271,180,186
814,272,180,186
813,273,180,186
812,271,181,186
812,271,181,186
812,271,181,186
812,271,181,186
812,271,181,186
812,271,181,186
812,271,181,186
812,271,181,186
812,271,181,186
812,271,181,186
812,271,181,186
812,271,181,186
812,271,181,186
812,271,181,186
812,271,181,186
812,271,181,186
812,271,181,186
812,271,181,186
812,271,181,186
812,271,181,186
812,271,181,186
812,271,181,186
812,271,181,186
812,271,181,186
812,271,181,186
812,271,181,186
812,271,181,186
812,271,181,186
812,271,181,186
812,271,181,186
812,271,181,186
812,271,181,186
812,271,181,186
812,271,181,186
812,270,181,186
812,270,181,186
812,270,181,186
812,270,181,186
812,270,181,186
812,270,181,186
814,273,178,184
814,272,178,184
813,273,178,184
814,272,178,186
814,273,178,186
814,273,178,186
813,273,179,185
813,272,179,185
812,272,179,185
812,272,180,185
812,272,180,185
812,272,180,185
812,272,180,185
812,271,180,185
811,270,180,185
811,272,181,185
812,272,181,185
812,272,181,185
812,272,181,185
812,272,181,185
812,272,181,185
812,272,181,185
812,272,181,185
812,272,181,185
812,272,181,185
812,272,181,185
812,272,181,185
812,272,181,185
812,272,181,185
812,272,181,185
812,272,181,185
812,272,181,185
812,272,181,185
812,272,181,185
812,272,181,185
812,272,181,185
812,272,181,185
812,272,181,185
812,272,181,185
812,272,181,185
812,272,181,185
812,272,181,185
812,272,181,185
813,272,181,185
814,272,181,185
815,272,181,185
815,271,181,185
815,272,181,185
814,273,181,185
813,274,181,185
812,274,181,185
811,273,181,185
813,272,181,185
813,272,181,185
813,272,181,185
813,272,181,185
813,272,181,185
813,272,181,185
813,272,181,185
813,272,181,185
813,272,181,185
813,272,181,185
813,272,181,185
813,272,181,185
813,272,181,185
813,272,181,185
813,272,181,185
813,272,181,185
813,272,181,185
813,272,181,185
813,272,181,185
813,272,181,185
813,272,181,185
813,272,181,185
813,272,181,185
813,272,181,185
813,272,181,185
813,272,181,185
813,272,181,185
813,272,181,185
813,272,181,185
813,272,181,185
813,272,181,185
813,272,181,185
813,272,181,185
813,272,181,185
813,272,181,185
813,272,181,185
813,272,181,185
813,272,181,185
813,272,181,185
813,272,181,185
813,272,181,185
813,272,181,185
813,272,181,185
813,272,181,185
813,272,181,185
813,272,181,185
813,272,181,185
813,272,181,185
813,272,181,185
813,272,181,185
813,272,181,185
813,272,181,185
813,272,181,185
813,272,181,185
813,272,181,185
813,272,181,185
813,272,181,185
813,272,181,185
813,272,181,185
813,272,181,185
813,272,181,185
813,272,181,185
813,272,181,185
813,272,181,185
813,272,181,185
813,272,181,185
813,272,181,185
813,272,181,185
813,272,181,185
813,272,181,185
813,272,181,185
813,272,181,185
813,272,181,185
813,272,181,185
813,272,181,185
813,272,181,185
813,272,181,185
813,272,181,185
813,272,181,185
813,272,181,185
813,272,181,185
813,272,181,185
813,272,181,185
813,272,181,185
813,272,181,185
813,272,181,185
813,272,181,185
813,272,181,185
813,272,181,185
813,272,181,185
813,272,181,185
813,272,181,185
813,272,181,185
813,272,181,185
813,272,181,185
813,272,181,185
813,272,181,185
813,272,181,185
813,272,181,185
813,272,181,185
813,272,181,185
813,272,181,185
813,272,181,185
813,272,181,185
813,272,181,185
813,272,181,185
813,272,181,185
813,272,181,185
813,272,181,185
813,272,181,185
813,272,181,185
813,272,181,185
813,272,181,185
813,272,181,185
813,272,181,185
814,272,181,185
815,272,181,185
829,271,163,185
852,272,139,184
852,271,139,184
851,271,140,184
851,270,140,184
850,271,141,184
855,270,138,184
856,272,135,182
855,271,137,182
878,272,114,182
889,272,103,182
883,271,109,184
860,272,133,184
826,272,168,184
818,271,175,186
814,271,177,187
813,271,179,187
815,272,178,185
816,272,177,185
816,272,177,186
817,271,176,186
821,270,172,187
831,269,162,186
849,273,143,184
853,272,139,184
846,273,145,183
838,272,154,184
830,271,162,184
828,271,164,184
834,272,158,183
834,272,158,183
830,272,162,184
827,272,164,185
825,272,166,185
829,272,163,184
831,273,161,182
831,272,160,185
829,271,162,184
822,271,170,186
817,272,174,185
815,273,177,183
815,272,179,186
815,271,177,185
815,272,178,185
814,272,178,185
813,272,179,185
812,272,180,185
815,272,178,184
815,272,177,185
815,271,177,185
814,271,177,186
813,270,177,186
812,272,180,186
812,272,180,186
811,271,180,186
815,270,178,186
815,272,178,186
814,273,178,186
813,273,178,186
814,273,178,184
813,273,178,184
813,274,178,184
812,274,179,182
812,274,179,183
812,274,179,184
811,273,179,183
810,273,181,184
816,271,177,185
817,272,176,183
816,272,177,185
816,271,177,186
815,272,177,186
816,271,177,186
838,270,154,186
861,274,132,182
866,273,125,180
857,272,135,184
838,272,155,184
819,272,173,184
815,272,177,185
813,272,178,186
812,272,180,186
812,271,181,187
813,271,180,186
813,271,180,186
813,272,180,186
814,271,180,186
816,270,177,187
851,268,141,186
881,273,111,185
883,272,109,185
884,272,108,185
886,272,106,179
889,271,103,173
891,271,101,168
893,273,98,163
893,273,97,162
894,273,97,160
892,272,100,162
884,272,108,166
879,271,113,171
872,271,120,172
864,271,128,174
861,273,130,175
857,273,134,176
854,273,137,176
853,273,138,176
852,273,140,177
851,273,141,180
850,273,142,180
850,272,143,181
850,271,142,182
851,271,141,180
852,271,140,178
864,271,129,177
872,273,120,172
879,273,114,169
880,273,112,168
884,272,108,168
884,272,107,167
892,272,100,167
893,273,99,167
893,273,99,167
896,274,97,152
902,274,90,146
917,274,75,145
927,274,64,145
934,279,58,140
924,273,68,149
897,273,95,163
865,272,127,171
848,273,145,175
834,273,160,179
828,270,164,184
825,271,167,186
822,271,170,187
820,271,172,187
824,272,169,184
826,272,166,184
828,271,164,184
828,270,164,184
827,272,164,184
831,271,161,184
830,272,161,184
830,272,161,184
829,271,161,184
828,272,164,184
831,271,161,184
831,270,161,184
830,269,161,184
829,268,161,184
828,272,164,183
827,273,164,183
826,273,165,180
832,272,160,180
835,272,158,180
837,272,155,178
837,271,155,178
836,272,155,178
840,273,151,179
835,273,157,179
835,272,158,181
833,271,159,184
832,271,160,185
831,271,161,183
839,272,154,183
838,271,154,183
837,272,154,183
836,271,155,183
839,272,154,183
838,271,154,183
837,270,154,183
836,272,155,183
835,272,155,183
834,274,157,183
833,273,160,184
832,273,159,184
831,272,160,185
830,272,161,185
829,273,162,184
826,273,166,185
825,272,166,185
824,272,168,186
823,272,169,187
823,272,170,188
831,271,163,188
843,273,150,184
865,272,126,183
889,271,102,181
910,272,81,176
931,271,59,175
934,270,57,175
916,270,77,175
878,272,113,175
865,273,126,176
852,273,139,178
837,273,155,180
825,273,166,181
817,272,177,184
814,271,178,186
813,272,179,185
816,271,176,183
816,271,176,183
816,271,176,184
816,271,176,185
815,272,176,185
816,272,176,185
815,272,176,185
814,271,176,185
818,270,174,185
819,271,174,185
818,270,174,185
818,272,174,185
819,272,174,185
819,271,174,185
819,271,174,186
818,271,174,186
822,270,171,186
820,272,171,186
816,272,176,186
812,274,176,186
815,270,176,188
814,271,178,186
812,272,180,186
813,272,180,185
813,273,180,185
813,273,180,185
813,273,180,185
813,273,180,185
812,273,180,185
811,272,180,185
811,272,180,185
811,272,180,185
810,272,180,185
812,272,180,185
812,271,180,185
813,271,180,185
815,271,179,184
851,271,141,183
878,270,114,182
881,269,111,182
873,272,118,182
857,272,134,182
854,271,137,182
828,271,165,182
812,272,179,185
812,271,182,186
814,270,180,186
814,269,180,186
815,272,180,186
815,272,180,186
815,272,180,186
825,271,168,186
825,271,167,186
827,272,166,185
827,271,165,185
830,272,163,184
831,272,162,184
830,272,162,184
828,272,162,184
826,272,166,184
825,271,166,184
825,270,166,184
825,272,166,184
824,272,166,184
827,272,166,184
826,271,166,184
825,270,166,184
824,273,168,183
829,271,164,183
828,270,164,183
827,272,164,183
829,271,163,183
837,272,156,184
852,272,142,184
847,273,145,183
836,273,156,183
820,272,173,183
816,273,175,183
814,273,177,184
814,273,180,185
812,274,182,185
811,274,182,185
811,274,181,183
813,271,180,185
812,270,181,186
812,272,181,186
815,273,178,186
815,271,178,186
814,270,178,186
813,270,178,186
812,271,179,186
812,270,179,186
813,273,181,183
813,272,179,183
813,273,179,183
815,273,178,184
814,273,178,184
814,272,178,184
815,273,178,184
815,273,178,184
814,273,178,184
813,273,178,184
812,272,178,184
813,272,179,185
812,272,180,185
812,271,180,185
814,273,179,184
813,272,180,185
812,271,181,186
811,270,182,187
811,273,179,184
814,274,179,184
814,273,179,183
814,273,178,183
813,272,179,185
814,273,179,185
815,273,179,185
814,272,179,185
814,272,179,185
814,272,179,185
813,272,179,185
813,272,179,185
813,272,179,185
813,272,179,185
813,272,179,185
813,272,179,185
813,272,179,185
813,272,179,185
814,272,179,185
815,272,179,185
816,272,179,185
816,272,179,185
816,272,179,185
816,272,179,185
816,272,179,185
815,271,179,185
814,271,179,185
812,272,179,185
812,272,179,185
812,272,179,185
812,272,179,185
812,272,179,185
812,272,179,185
813,272,179,185
814,272,179,185
815,272,179,185
816,273,179,185
816,273,179,185
815,274,179,185
814,275,179,185
813,273,180,184
813,273,180,184
813,273,180,184
813,273,180,184
812,271,180,184
812,270,180,184
812,269,180,184
814,272,180,184
813,272,180,184
812,272,180,184
811,272,180,184
813,272,181,186
813,271,181,186
812,270,181,186
814,272,180,186
813,271,180,186
813,270,180,186
813,271,180,186
813,271,180,186
813,271,180,186
812,270,181,187
812,272,181,187
812,272,181,187
813,271,181,187
814,271,180,186
814,271,179,185
813,272,179,185
814,271,179,185
813,272,179,185
812,272,180,185
812,274,181,185
812,274,181,183
813,274,180,183
812,274,180,183
814,273,179,183
814,273,179,183
814,273,178,184
815,272,178,184
814,272,178,184
813,273,178,184
812,272,178,184
813,271,178,184
812,271,179,185
814,270,178,187
815,272,177,184
815,273,177,185
816,272,176,186
816,272,176,186
817,272,175,184
817,272,174,185
814,273,178,185
812,273,179,185
814,272,179,186
813,272,180,187
813,273,180,185
813,273,179,184
813,272,179,184
813,272,179,184
812,272,179,184
812,272,179,184
813,273,179,184
813,273,179,184
813,273,179,184
813,273,179,184
813,273,179,184
814,273,179,184
815,273,179,184
817,273,179,184
814,272,179,184
813,272,180,183
815,272,179,182
815,272,179,182
813,272,179,182
810,273,181,182
810,273,182,182
811,273,182,184
811,273,182,184
812,273,181,183
813,273,181,183
813,273,179,184
813,272,179,184
813,271,179,184
813,270,179,184
814,272,179,184
814,272,179,184
814,272,179,184
814,272,179,184
815,273,179,184
813,272,180,184
814,271,180,184
814,271,180,184
814,271,180,184
814,271,180,184
813,271,180,184
811,272,180,184
808,272,180,184
814,272,179,184
813,272,179,184
814,272,179,184
815,273,179,184
814,273,179,184
815,272,179,184
815,272,179,184
816,271,179,184
816,271,179,184
817,273,179,184
818,273,175,183
816,272,175,183
817,272,175,183
818,272,174,182
817,272,174,182
817,272,175,184
817,273,175,184
816,272,176,185
816,272,176,185
816,271,176,185
816,271,176,185
815,271,177,186
815,271,178,186
814,272,178,186
813,273,179,184
814,272,179,184
814,271,179,185
814,272,179,185
814,272,179,185
814,272,179,185
813,273,179,185
813,273,179,185
813,273,179,185
813,273,179,185
813,272,179,185
813,271,179,185
813,272,179,185
813,272,179,185
813,272,179,185
813,272,179,185
813,272,179,185
813,272,179,185
813,272,179,185
813,272,179,185
813,272,179,185
813,272,179,185
813,272,179,185
813,272,179,185
813,272,179,185
813,272,179,185
813,272,179,185
813,272,179,185
813,272,179,185
813,272,179,185
813,272,179,185
813,272,179,185
813,272,179,185
813,272,179,185
813,272,179,185
813,272,179,185
813,272,179,185
813,272,179,185
813,272,179,185
813,272,179,185
813,272,179,185
813,272,179,185
813,272,179,185
813,272,179,185
813,272,179,185
813,272,179,185
813,272,179,185
813,272,179,185
813,272,179,185
813,272,179,185
813,272,179,185
814,272,179,185
815,272,179,185
816,272,179,185
817,272,179,185
818,272,179,185
813,271,180,186
814,271,179,185
814,271,179,185
813,272,179,185
811,272,180,185
809,273,182,185
820,273,172,185
819,272,172,185
814,271,179,186
813,270,180,186
813,271,180,186
813,272,179,186
813,272,179,186
812,272,179,186
812,271,180,186
812,271,180,186
812,271,180,186
812,271,180,186
812,271,180,186
812,271,180,186
812,271,180,186
812,271,180,186
812,271,180,186
812,271,180,186
812,271,180,186
812,271,180,186
812,271,180,186
812,271,180,186
812,271,180,186
812,271,180,186
812,271,180,186
812,271,180,186
812,271,180,186
812,271,180,186
812,271,180,186
812,271,180,186
812,271,180,186
812,271,180,186
813,271,180,186
814,271,180,186
815,271,180,186
814,272,180,186
814,270,179,185
813,271,180,185
813,272,179,184
813,272,179,184
813,271,179,184
813,272,179,184
813,272,179,184
813,272,179,184
813,272,179,184
813,271,179,184
813,272,179,184
813,272,179,184
812,271,179,184
812,271,180,184
809,271,184,184
811,271,182,186
812,273,181,185
812,272,181,185
812,271,181,185
812,272,181,185
812,272,181,185
812,271,181,185
812,272,181,185
813,271,181,185
812,270,181,185
813,272,181,185
813,273,181,185
813,273,181,185
813,273,181,185
813,273,181,185
813,273,181,185
812,273,181,185
812,272,181,185
812,271,181,185
813,271,181,185
814,271,181,185
815,271,181,185
812,272,181,185
813,272,181,185
814,272,180,184
816,271,180,184
815,269,177,184
821,271,173,183
850,272,143,176
868,272,125,182
853,272,139,184
818,272,175,185
815,273,176,184
814,272,178,185
813,272,179,185
814,273,179,185
813,273,179,185
814,272,179,185
814,272,179,185
814,272,179,185
814,272,179,185
814,272,179,185
814,272,179,185
814,272,179,185
814,272,179,185
815,272,179,185
815,272,179,185
816,272,179,185
812,272,181,185
814,271,179,185
822,270,171,185
822,269,171,185
832,272,161,185
831,273,161,183
830,274,161,183
822,273,171,183
821,273,171,183
820,272,171,183
820,272,172,185
820,271,173,185
820,273,172,183
827,272,166,185
828,272,164,184
850,271,143,184
850,272,143,184
850,272,143,184
849,272,143,184
846,272,143,184
840,272,152,184
825,272,172,184
823,273,170,184
822,272,170,184
818,273,175,184
819,272,174,183
821,270,173,182
854,268,137,182
858,272,134,181
867,273,125,179
870,273,122,175
886,271,107,175
891,270,102,175
895,271,97,175
895,269,96,175
898,271,96,159
901,271,89,158
905,268,89,158
905,268,89,158
905,268,89,158
905,268,89,158
905,268,89,158
905,268,89,158
905,268,89,158
905,268,89,158
910,272,81,88
887,272,106,123
878,273,113,151
861,274,135,173
858,272,135,173
854,273,139,173
850,273,142,173
849,273,142,182
846,273,146,182
842,273,150,183
840,273,150,183
837,272,154,183
833,272,157,183
830,272,161,185
828,272,163,186
827,271,163,186
829,272,165,185
829,273,165,185
828,273,165,185
826,273,165,185
823,273,168,185
820,273,172,185
817,271,175,185
816,273,176,185
814,271,178,185
816,273,175,185
815,272,178,185
816,271,178,185
815,270,178,185
814,271,178,185
815,271,178,185
814,270,178,185
813,272,179,187
814,271,179,187
813,270,179,187
812,269,179,187
811,271,181,188
813,272,183,188
815,273,181,188
814,273,181,188
814,273,181,188
814,273,181,188
814,273,181,188
814,273,181,188
814,273,181,188
814,273,180,188
814,273,180,188
814,273,180,188
814,273,180,188
814,273,180,188
814,273,180,188
814,273,180,185
813,273,180,185
812,273,180,185
811,273,180,185
812,273,180,185
813,273,180,185
813,273,180,185
814,273,180,185
815,273,180,185
815,273,180,185
815,273,180,185
815,273,180,185
815,273,180,185
815,273,179,185
815,273,179,185
815,273,179,185
815,273,179,185
815,273,179,185
815,273,179,185
815,273,179,185
815,273,179,185
815,273,179,185
815,273,179,185
815,273,179,185
815,273,179,185
814,273,179,185
813,271,179,186
812,271,179,186
812,271,179,186
812,271,179,186
812,271,179,186
812,271,179,186
812,271,179,186
812,271,179,186
812,271,179,186
812,271,179,186
812,271,179,186
813,272,179,186
813,272,179,186
813,272,179,186
813,272,179,186
813,272,179,186
813,272,179,186
813,272,179,186
813,272,179,186
813,272,179,186
813,272,179,186
813,272,179,186
813,272,179,186
813,272,179,186
813,272,179,186
813,272,179,186
813,272,179,186
813,272,179,186
813,272,179,186
813,272,179,186
813,272,179,186
813,272,179,186
813,272,179,186
813,272,179,186
813,272,179,186
813,272,179,186
813,272,179,186
813,272,179,186
813,272,179,186
813,272,179,186
813,272,179,186
813,272,179,186
813,272,179,186
813,272,179,186
813,272,179,186
813,272,179,186
813,272,179,186
813,272,179,186
813,272,179,186
813,272,179,186
813,272,179,186
813,272,179,186
813,272,179,186
813,272,179,186
813,272,179,186
813,272,179,186
813,272,179,186
813,272,179,186
813,272,179,186
813,272,179,186
813,271,179,186
813,271,179,186
813,271,179,186
813,270,179,186
813,270,179,186
813,270,179,186
813,270,179,186
813,270,179,186
813,270,179,186
813,272,179,186
813,272,179,186
813,272,179,186
813,272,179,186
813,272,179,186
813,272,179,186
813,272,179,186
813,272,179,186
813,272,179,186
813,272,179,186
813,272,179,186
813,272,179,186
813,272,179,186
813,272,179,186
813,272,179,186
813,272,179,186
813,272,179,186
813,272,179,186
813,272,179,186
813,272,179,186
813,272,179,186
