151,45,82,78
151,45,82,78
150,45,82,78
150,45,82,78
151,46,81,77
150,45,83,78
151,44,83,79
151,44,83,79
150,43,83,79
150,44,83,79
149,44,83,79
149,45,83,79
149,45,83,79
151,45,83,79
151,45,83,79
150,45,83,79
151,44,83,79
151,44,83,79
151,45,83,79
151,45,83,79
150,45,83,79
150,45,83,79
150,45,83,79
150,45,83,79
150,45,81,77
150,46,80,76
150,46,79,78
150,46,80,78
151,47,80,77
150,46,80,77
150,46,80,78
149,45,82,78
149,45,82,78
149,45,82,78
148,45,81,78
148,46,81,78
148,46,81,78
148,46,82,78
148,46,82,79
148,46,81,79
148,46,81,79
148,46,81,79
149,46,81,79
148,45,81,79
148,45,81,79
148,45,81,79
148,45,81,79
148,46,81,79
148,46,81,79
149,47,81,79
148,46,81,79
148,46,81,79
149,46,80,78
149,46,79,78
149,47,79,78
149,48,78,77
149,47,77,76
149,48,77,76
148,47,78,76
148,48,78,76
148,48,78,76
148,47,78,76
148,48,78,76
148,48,78,78
149,47,78,78
148,46,78,78
149,47,77,77
148,48,78,76
149,48,77,77
148,47,78,77
148,47,78,77
147,46,78,78
148,45,77,77
148,45,77,77
141,40,84,78
141,40,84,78
143,40,79,78
143,37,78,77
144,37,77,76
144,38,77,76
144,38,76,78
145,39,75,77
146,40,74,78
144,40,77,77
143,39,78,78
143,39,77,77
143,39,78,78
144,39,78,77
144,39,78,77
145,35,79,79
145,35,79,78
145,35,78,78
144,34,80,78
144,35,80,77
144,35,80,77
144,35,79,77
144,35,80,76
143,35,80,77
144,35,79,76
144,34,81,77
143,33,80,77
144,33,81,76
148,33,79,76
148,32,79,76
157,36,80,78
156,35,81,79
155,34,82,79
155,40,81,79
156,40,81,79
156,42,81,79
156,42,80,78
155,42,81,80
154,43,81,80
154,42,81,80
154,45,81,80
154,44,81,80
155,44,80,79
155,44,82,79
156,45,82,79
152,41,84,84
151,41,84,84
151,41,84,84
149,35,85,88
148,34,85,88
153,31,83,88
153,32,83,88
152,31,83,88
152,32,83,88
153,32,83,88
153,32,83,88
152,32,84,88
150,32,86,87
150,33,86,86
150,34,86,86
149,34,86,86
149,34,86,86
149,34,86,86
149,34,86,86
149,34,86,86
149,34,86,86
148,33,86,86
150,34,85,85
150,32,84,84
150,32,84,84
145,34,84,81
144,35,84,81
144,35,84,81
143,33,84,81
144,34,84,81
144,31,83,80
143,32,83,80
144,33,84,79
144,32,83,78
144,32,83,78
144,31,81,75
144,31,80,74
144,31,82,73
143,31,82,73
143,31,82,72
143,32,81,71
144,31,80,73
144,31,80,72
143,31,81,75
144,31,81,75
144,31,81,75
143,31,81,75
143,31,81,75
143,32,80,73
144,33,80,72
144,31,81,73
143,31,82,73
142,31,82,73
144,29,81,75
144,30,81,74
144,28,81,76
143,28,81,78
144,28,81,78
145,30,81,78
144,29,81,78
143,30,82,79
143,29,82,80
143,30,81,80
143,29,82,80
143,29,82,81
142,29,82,81
142,29,82,81
142,29,82,81
143,30,82,81
142,29,82,81
142,30,82,81
142,30,82,80
142,30,82,80
142,29,82,81
141,29,82,81
140,27,84,81
140,27,84,81
140,27,85,81
139,25,85,81
138,24,86,81
142,22,84,81
142,21,84,81
142,21,84,81
143,22,84,81
143,21,84,81
142,28,84,81
142,28,86,83
142,27,86,83
140,29,86,83
140,28,86,83
137,31,84,81
137,31,84,81
137,31,84,81
132,34,83,80
131,33,83,80
127,41,80,78
127,40,80,78
126,39,80,78
127,40,79,77
128,39,78,78
128,40,80,77
126,37,81,80
127,37,80,79
126,38,81,80
126,39,81,80
125,41,81,80
124,41,81,80
123,40,81,79
121,42,81,78
121,41,82,79
121,42,82,79
121,42,81,80
122,43,80,79
123,42,79,78
123,42,80,79
122,42,79,78
122,42,82,79
121,41,82,79
120,43,81,78
121,43,80,78
116,45,81,78
117,45,80,77
117,44,79,76
113,48,79,76
113,47,79,78
103,49,80,78
103,50,79,77
103,50,78,76
103,50,80,76
103,50,79,75
76,65,79,78
77,65,78,77
78,66,77,77
77,66,79,78
78,66,79,78
82,66,78,79
82,66,78,78
83,65,76,79
85,64,76,79
82,64,79,80
82,65,78,79
83,65,77,78
83,65,76,77
82,65,78,77
83,66,77,78
84,66,76,77
84,66,76,77
82,66,78,76
82,67,77,75
81,67,79,75
83,65,77,74
83,65,77,74
84,66,77,75
85,65,76,74
86,66,75,73
85,64,76,76
85,64,76,76
85,64,76,76
85,64,76,77
85,64,76,77
85,62,77,79
85,63,77,79
85,63,78,79
85,62,79,80
85,63,79,80
85,63,79,80
85,63,79,80
84,62,79,80
84,62,79,80
84,63,78,79
84,63,78,79
84,62,78,79
84,63,78,78
83,62,80,79
83,62,80,78
84,62,79,77
83,62,78,76
84,62,77,76
84,63,78,75
84,62,79,78
84,62,78,77
84,62,78,77
84,63,78,77
84,62,78,77
83,63,79,76
82,62,81,78
83,63,79,77
83,62,79,76
82,63,79,77
83,62,79,77
83,63,79,76
83,63,78,75
83,62,79,77
84,62,79,77
84,63,79,77
83,63,79,77
82,63,78,76
82,63,78,76
81,63,81,77
81,62,80,76
81,63,79,75
80,63,82,77
81,62,81,76
81,61,80,78
82,62,79,77
82,62,79,77
83,62,78,76
84,63,77,75
84,62,76,74
84,63,77,76
83,63,77,76
83,63,79,75
84,63,77,76
82,62,80,77
81,62,82,77
81,62,82,77
81,62,82,77
81,63,82,77
80,63,82,77
79,63,82,78
80,63,82,78
79,63,82,78
79,63,82,78
79,63,82,78
79,62,82,78
80,62,82,78
80,63,80,77
80,63,82,76
79,62,83,78
80,62,83,78
80,63,82,77
80,63,81,77
80,63,81,77
80,62,82,78
81,61,81,79
81,62,81,79
81,62,81,79
80,62,81,79
81,62,80,78
81,62,81,78
81,62,81,78
82,63,81,78
81,62,81,78
81,63,81,78
81,63,81,78
80,63,81,78
80,63,81,78
79,62,81,78
79,63,81,78
81,62,81,77
80,63,81,77
79,62,82,78
80,62,81,78
81,62,80,77
81,62,79,76
81,62,81,77
81,62,81,77
81,62,80,76
80,61,80,78
80,61,80,80
81,61,80,79
81,61,79,80
81,61,80,81
80,61,80,80
81,62,79,79
80,61,82,81
80,61,81,80
80,61,81,80
80,60,81,80
81,61,80,79
80,61,81,78
80,61,80,77
81,62,80,76
80,61,81,76
81,62,80,77
81,61,80,78
82,61,80,77
82,61,79,76
81,61,80,78
81,62,80,77
81,62,80,76
80,62,80,76
79,61,82,77
80,60,81,76
80,61,81,78
81,62,80,77
81,62,80,77
82,62,79,76
80,61,81,78
80,60,81,79
80,60,80,78
80,61,81,79
80,59,80,81
80,60,80,81
80,61,81,80
80,61,81,80
80,59,81,82
80,59,80,81
80,59,81,82
80,60,81,82
80,60,81,82
81,60,80,81
81,60,81,82
82,58,81,82
81,57,81,82
81,57,81,81
81,56,81,80
81,56,81,79
82,56,80,80
82,56,81,80
82,56,81,80
82,53,83,81
83,53,83,81
84,53,82,80
85,54,81,79
83,54,83,79
86,53,83,79
86,53,82,78
87,52,86,79
88,51,84,79
87,50,84,79
88,50,83,78
89,49,84,81
93,49,84,81
93,49,84,81
92,49,84,81
92,50,84,81
92,50,84,81
100,45,84,81
100,45,84,81
100,45,84,81
104,44,84,81
103,43,84,81
107,41,84,80
110,41,79,79
110,42,78,78
115,40,81,77
115,40,80,76
124,37,81,78
123,35,81,78
122,34,85,78
125,34,84,77
126,34,83,79
129,33,83,79
129,33,83,79
128,33,83,79
130,34,83,78
129,34,84,79
129,34,84,79
128,32,86,82
128,32,86,82
129,32,85,81
128,32,85,83
128,33,85,83
127,33,86,82
128,33,86,83
129,33,86,83
128,32,86,83
127,32,86,83
126,32,86,83
125,32,88,84
128,31,88,84
129,31,87,83
132,29,87,84
132,28,87,84
132,30,86,83
135,28,85,83
133,28,85,84
138,27,85,84
137,27,85,84
138,28,84,83
142,31,82,80
143,31,82,80
140,32,81,79
139,31,81,79
138,31,81,79
136,28,81,78
135,28,81,78
134,23,84,83
133,23,84,83
132,22,84,83
134,23,84,83
133,23,85,83
134,23,84,82
134,23,84,82
133,22,85,82
139,21,86,84
139,21,86,84
147,19,86,86
148,19,86,86
148,19,86,86
142,17,88,89
143,16,88,89
139,21,87,87
138,22,87,86
137,23,89,86
138,27,87,83
138,27,87,83
138,33,88,81
137,30,88,83
138,30,88,83
138,31,88,83
138,31,88,83
140,28,86,85
140,28,86,85
140,28,86,85
141,27,86,83
141,27,86,83
148,25,85,84
148,25,85,84
147,24,85,84
150,23,85,84
149,22,85,84
151,23,85,83
152,23,85,83
151,22,85,82
155,22,86,79
154,22,86,78
154,22,86,78
154,22,86,78
155,21,85,78
158,36,84,78
159,36,83,78
159,33,83,78
158,33,83,80
158,33,83,80
159,26,82,80
159,25,82,80
159,24,81,76
158,24,81,76
157,23,81,79
158,22,80,78
159,23,76,79
157,23,76,78
157,23,76,79
157,23,76,81
154,25,76,81
155,25,78,80
156,29,80,80
155,30,79,78
155,30,79,77
154,30,82,76
154,29,82,77
154,29,82,77
153,28,83,78
153,27,83,78
154,27,83,78
154,27,83,79
151,25,84,80
151,25,83,79
151,25,83,79
150,26,82,79
149,25,83,80
149,22,85,84
149,21,86,85
150,22,85,84
150,21,86,85
149,21,86,85
150,20,86,85
151,21,85,84
150,21,85,85
150,22,85,85
151,23,84,84
148,25,84,84
147,24,84,84
148,23,84,84
144,23,84,83
144,23,84,84
138,25,87,84
137,26,87,84
137,26,87,84
134,29,87,84
135,29,85,84
135,30,84,83
136,30,83,83
136,30,83,83
136,31,82,82
136,31,82,82
141,26,85,84
142,25,85,84
141,25,86,85
148,23,85,85
148,23,86,86
151,21,87,87
152,21,87,87
151,20,87,87
152,20,87,87
151,20,87,87
150,19,87,87
150,20,87,87
150,20,87,87
149,20,87,87
149,19,87,87
148,20,87,87
150,21,85,86
149,20,85,86
150,20,86,87
149,20,86,87
153,20,86,88
154,19,87,88
154,19,87,89
153,18,87,89
153,20,87,89
151,23,84,87
151,25,84,84
150,24,84,84
153,26,82,83
153,26,82,83
157,29,83,81
157,29,84,81
157,29,84,82
157,29,84,82
157,31,84,81
157,31,83,81
157,31,83,80
157,31,82,80
157,32,82,79
158,32,82,79
156,32,81,79
156,32,81,79
155,31,82,80
154,30,82,80
155,31,81,79
150,31,82,81
150,30,82,81
149,29,84,82
150,29,82,82
151,29,81,81
148,28,83,83
149,31,82,82
149,31,82,82
145,28,84,82
146,27,84,82
143,28,84,82
144,28,84,82
144,29,86,81
146,28,83,80
146,28,83,80
154,32,89,82
154,33,89,82
154,32,89,82
157,34,88,82
157,34,88,82
156,38,88,81
159,38,87,82
158,37,87,82
160,38,87,81
160,38,87,82
156,39,87,81
156,41,87,81
155,42,87,81
152,41,92,82
152,40,92,82
147,37,87,84
147,37,87,81
146,37,87,81
141,32,83,78
141,32,83,78
141,27,80,87
141,26,82,87
140,25,82,87
140,24,83,85
140,24,83,85
141,25,83,81
139,24,85,82
139,24,85,82
141,21,84,81
140,20,85,83
141,15,85,83
141,15,86,83
141,15,86,83
141,15,86,83
141,15,86,84
141,15,86,84
141,15,86,84
140,16,86,84
140,16,87,84
139,16,87,84
142,21,85,83
142,21,85,83
142,21,85,83
144,22,82,81
144,22,82,81
146,22,81,81
146,22,81,81
146,22,81,81
149,22,78,83
149,20,78,84
149,20,78,83
150,20,78,83
151,20,77,84
150,20,77,85
150,19,76,85
142,19,83,86
141,18,83,86
142,19,83,86
142,20,84,86
143,20,84,86
147,24,88,80
147,24,88,80
147,22,88,80
152,23,84,81
153,22,84,81
155,25,84,81
155,25,84,81
155,24,84,81
158,24,83,82
158,23,83,82
160,15,89,82
160,15,89,82
159,15,90,82
158,10,93,87
158,10,93,87
159,9,86,88
159,9,86,88
159,8,86,88
160,11,81,85
160,11,81,85
160,11,82,84
160,13,82,84
160,13,82,84
159,13,82,84
159,13,82,83
154,22,82,82
154,22,82,81
154,22,82,81
151,23,83,81
152,23,83,81
143,23,83,83
143,23,83,83
144,23,82,84
140,24,86,84
139,23,86,84
139,24,87,85
137,23,87,85
139,24,87,85
140,23,87,85
139,22,87,87
138,24,87,87
139,24,87,87
138,23,87,87
138,25,87,87
138,24,87,87
139,25,86,86
139,25,86,86
140,25,86,86
141,25,86,86
139,24,86,86
142,24,86,86
141,24,87,86
141,24,87,86
143,25,83,87
142,25,83,87
143,26,83,84
142,25,84,85
144,24,83,85
144,28,83,85
143,27,84,85
145,31,84,85
142,22,84,83
142,22,84,83
143,25,85,80
144,25,85,80
144,24,85,80
144,23,84,80
144,23,83,80
145,21,83,80
144,20,83,82
146,19,82,82
146,19,83,82
145,19,83,83
148,16,83,83
147,17,82,80
149,13,81,80
149,13,81,80
145,13,88,84
147,9,87,84
146,9,88,87
146,9,88,87
147,7,87,90
147,7,87,90
148,10,83,87
148,10,83,87
147,10,83,87
147,10,81,87
148,10,80,87
148,10,81,87
147,10,83,86
146,10,84,86
144,15,84,86
145,15,85,86
142,21,84,84
141,20,84,84
142,20,84,84
141,19,84,84
141,18,85,86
143,19,88,87
143,20,89,87
144,21,88,86
146,22,90,88
146,22,90,88
146,25,88,88
146,25,87,87
147,25,86,88
147,28,84,86
147,29,83,84
150,33,80,79
149,34,80,78
149,35,80,77
145,32,79,80
145,32,80,80
144,25,81,81
144,24,81,81
144,25,81,81
144,16,87,84
144,16,86,83
148,13,86,84
148,13,86,84
147,12,87,86
151,8,87,83
151,8,87,83
153,9,84,82
153,10,84,81
153,10,84,81
154,9,85,83
154,9,85,83
151,12,86,85
151,11,90,85
150,11,90,85
153,17,83,85
153,16,84,85
154,22,84,85
154,24,84,85
153,23,85,85
155,21,87,84
156,21,86,84
160,19,82,86
160,20,81,85
160,20,81,84
161,19,83,85
161,19,82,84
162,16,83,87
162,16,82,86
162,17,83,86
161,16,84,87
162,18,86,87
163,16,86,87
162,16,86,87
163,16,86,87
159,12,85,86
158,12,86,87
152,14,87,87
152,14,87,87
152,14,87,87
152,14,86,86
153,15,85,85
151,17,85,85
150,16,85,87
150,16,85,87
147,19,85,86
147,19,85,85
147,26,87,87
147,26,87,85
147,25,87,85
147,28,85,84
147,29,84,83
146,32,85,82
147,32,84,82
148,32,82,82
152,33,78,80
153,34,78,79
152,25,77,85
153,25,76,84
153,25,76,84
149,17,83,86
148,18,83,86
149,17,79,83
149,17,78,82
150,17,78,81
148,19,79,84
148,17,80,84
147,27,79,84
147,27,79,83
147,28,79,82
145,27,82,84
146,28,81,83
145,32,81,82
146,33,80,81
145,33,81,82
152,43,75,78
152,44,75,77
151,38,75,76
151,38,75,75
151,38,74,74
148,27,78,81
148,26,77,80
151,23,77,82
151,23,76,82
151,23,76,81
148,23,79,82
147,23,80,82
145,26,82,88
145,26,83,86
146,27,82,85
146,32,87,83
146,32,86,83
146,36,81,81
146,36,81,80
146,36,81,79
150,39,76,79
151,40,75,79
147,35,78,78
147,35,78,78
147,34,77,78
151,30,78,79
151,30,77,78
146,24,79,82
147,23,78,82
147,23,78,83
141,24,85,84
140,23,85,85
139,23,85,85
138,22,88,85
139,22,86,87
137,34,89,85
137,34,88,84
144,46,82,78
144,46,81,77
145,47,78,76
147,44,76,75
147,44,75,74
145,42,80,77
144,40,80,79
144,39,80,78
145,33,80,80
144,33,81,79
145,26,81,81
144,25,81,81
144,25,81,82
149,23,78,83
149,22,77,83
148,19,80,87
147,19,81,88
147,19,81,88
144,24,82,87
144,25,82,87
143,31,82,84
143,31,83,82
143,31,83,82
139,34,83,81
139,34,83,81
137,33,80,78
138,33,79,77
138,33,79,77
136,30,83,77
135,29,83,77
137,27,82,77
137,27,80,78
137,26,80,78
137,26,80,79
137,26,81,79
136,26,80,79
138,27,79,78
138,27,79,78
137,26,80,79
137,26,80,78
136,26,80,79
136,26,81,78
137,27,80,77
140,25,82,78
140,25,82,78
154,23,81,80
153,24,78,79
153,24,80,79
157,24,81,82
158,25,80,79
158,25,84,87
157,24,85,86
157,24,85,86
160,23,84,87
160,24,84,88
164,25,87,87
164,26,87,87
164,25,86,87
167,29,89,84
167,29,89,84
167,30,88,83
167,29,88,83
169,29,86,87
168,29,85,87
168,29,85,87
166,32,84,87
165,31,84,87
166,31,84,87
164,33,85,86
163,33,86,86
157,41,86,86
159,41,83,86
158,44,84,85
152,50,83,86
152,49,83,86
150,51,85,85
151,51,83,85
151,51,84,84
151,51,84,84
151,51,84,84
152,54,84,84
152,55,83,84
153,55,83,84
156,61,83,83
156,61,83,83
152,64,83,84
151,63,83,84
152,63,83,84
149,61,85,84
148,60,85,84
145,59,87,84
147,57,86,84
147,57,86,84
145,59,88,86
146,60,87,83
135,60,89,81
135,60,89,81
135,61,89,80
137,62,86,80
137,62,86,80
129,57,86,77
129,57,86,77
129,57,86,77
130,56,84,77
130,57,84,77
130,54,83,83
129,53,83,83
129,51,84,85
127,53,85,85
127,53,85,85
126,56,85,84
126,56,85,84
126,56,85,84
124,55,85,85
124,55,85,85
120,58,88,85
122,58,86,85
123,59,84,84
123,60,83,85
123,60,85,85
123,60,86,85
123,59,86,85
123,59,86,85
123,63,86,84
122,62,86,84
121,64,85,83
121,63,87,85
121,63,86,84
121,63,87,84
121,63,87,86
121,63,87,86
121,63,87,86
121,63,87,86
120,63,87,86
120,63,87,86
120,63,87,86
119,62,87,86
119,62,87,86
119,62,87,85
120,61,87,85
120,62,87,85
120,61,87,85
120,61,87,85
123,61,87,85
122,60,87,85
127,62,87,85
127,62,87,85
126,61,87,85
128,62,87,85
127,61,87,85
130,61,85,85
130,61,85,85
131,62,85,84
132,63,84,83
131,61,85,84
131,60,85,84
131,61,85,84
132,62,85,84
131,60,84,86
131,60,84,86
131,61,84,86
130,60,84,86
131,61,84,86
131,60,83,86
130,59,83,86
132,61,84,84
132,61,84,84
131,60,84,84
131,59,85,84
131,60,85,84
134,59,84,84
134,60,84,84
134,60,84,84
137,59,84,85
137,59,85,85
145,58,85,85
145,57,85,85
145,57,85,85
147,58,84,85
148,58,83,85
149,58,83,85
149,58,83,85
149,58,82,85
151,56,81,84
151,56,81,84
153,38,80,81
153,38,80,81
153,38,80,80
152,33,79,77
152,33,79,79
151,31,78,80
152,34,79,78
152,34,79,78
151,36,77,70
152,37,77,72
152,9,76,71
151,35,77,72
151,35,77,72
151,35,77,72
151,35,77,72
151,35,77,72
151,35,77,72
151,35,77,72
151,35,77,72
151,35,77,72
151,35,77,72
151,35,77,72
151,35,77,72
151,35,77,72
151,35,77,72
151,35,77,72
151,35,77,72
151,35,77,72
151,35,77,72
151,35,77,72
151,35,77,72
151,35,77,72
151,35,77,72
151,35,77,72
151,35,77,72
151,35,77,72
151,35,77,72
151,35,77,72
151,35,77,72
151,35,77,72
151,35,77,72
151,35,77,72
151,35,77,72
176,55,46,66
175,54,46,68
174,54,46,67
177,55,44,67
177,55,43,66
179,54,42,66
179,54,43,67
182,54,35,52
182,53,33,53
186,54,29,52
187,56,29,49
187,55,29,49
190,56,26,48
189,56,27,48
189,56,27,47
190,56,27,47
191,56,27,47
200,60,23,7
199,59,22,7
201,59,21,7
203,60,20,7
204,60,20,7
204,60,20,7
204,59,19,8
204,59,19,8
204,59,18,10
204,60,18,9
204,60,17,7
203,59,17,8
207,60,13,6
205,56,12,7
151,35,77,72
151,35,77,72
182,36,44,78
181,35,44,78
158,34,73,71
158,35,73,70
158,35,72,69
157,30,85,83
157,29,85,83
155,37,90,85
158,36,86,86
160,35,84,86
160,45,83,84
159,46,84,82
159,52,84,82
159,52,84,82
159,52,84,82
158,49,86,83
158,49,88,84
157,49,88,86
157,49,87,86
157,49,87,86
156,49,88,86
156,49,88,87
155,48,88,87
155,49,88,87
156,48,88,87
156,45,88,86
156,45,87,86
156,44,85,84
156,44,85,84
156,44,85,84
157,41,85,84
157,41,85,84
157,39,84,83
157,39,84,83
156,38,85,85
153,39,87,87
153,39,87,87
152,39,87,88
152,40,87,87
152,40,86,88
153,40,89,89
154,39,88,88
158,39,88,89
159,39,88,89
160,39,88,89
161,38,88,89
161,38,89,89
163,40,88,89
161,39,89,89
161,40,89,89
162,40,89,89
163,40,88,89
164,39,88,89
162,38,89,89
162,39,90,89
161,39,90,88
161,38,90,89
161,37,89,88
161,37,89,89
161,37,89,89
159,37,89,90
158,36,89,91
157,39,89,88
156,39,88,88
156,39,87,88
158,42,85,85
159,43,84,85
159,44,83,82
159,44,83,81
158,45,83,80
160,43,83,80
160,43,83,80
166,32,87,80
165,31,87,80
168,32,87,80
173,21,89,82
170,21,91,82
162,25,96,89
162,24,96,89
162,24,96,89
162,24,96,89
161,24,96,89
162,24,96,89
162,24,96,89
162,24,96,89
162,25,96,90
165,24,95,91
165,25,95,90
164,25,95,90
163,24,96,90
164,26,96,90
165,26,93,90
164,28,93,90
162,26,93,90
162,26,93,90
153,39,89,83
155,39,87,85
153,43,82,82
152,42,84,82
153,42,84,82
147,42,84,82
147,41,84,82
140,42,81,82
139,41,81,82
139,41,82,82
139,45,82,80
140,46,80,80
140,45,80,80
140,45,81,79
140,45,80,82
140,44,82,82
140,44,82,82
141,45,82,82
141,45,82,83
141,44,83,83
140,45,85,82
140,45,85,82
141,44,86,82
140,43,86,82
140,43,86,82
143,43,84,82
143,43,84,82
146,41,84,82
145,41,83,82
144,41,83,82
147,38,85,82
146,39,87,82
148,39,85,81
148,39,84,81
150,39,82,81
149,40,85,80
148,39,85,80
149,40,85,79
149,40,85,80
149,41,85,80
150,42,85,79
151,42,84,79
152,43,84,78
152,43,84,79
152,43,84,79
155,43,84,79
155,42,84,79
156,41,83,78
156,41,83,78
156,41,83,78
155,42,84,80
155,42,84,80
153,45,85,81
152,45,85,81
152,45,85,81
151,50,83,81
151,50,83,79
151,49,80,80
153,50,78,80
152,50,78,80
152,48,78,80
152,48,78,80
151,47,79,80
151,47,80,80
151,47,80,80
150,46,80,80
151,46,80,80
151,45,80,80
152,46,79,79
152,46,78,78
152,43,82,79
152,43,82,79
153,43,82,79
152,42,81,79
152,42,81,79
153,41,81,81
152,40,81,81
153,41,81,81
152,40,81,81
152,40,81,81
152,40,81,81
152,40,81,81
151,39,83,82
152,39,83,82
151,38,83,82
156,36,86,83
156,36,86,83
157,38,86,82
156,37,86,83
156,37,86,83
158,38,87,87
158,37,86,86
158,38,86,86
158,37,86,86
158,37,85,88
159,37,85,88
159,36,87,90
161,34,86,89
160,34,87,89
160,35,87,87
159,35,91,86
159,35,91,86
161,33,90,86
161,33,90,86
161,32,90,86
162,32,90,87
162,32,90,87
155,36,89,87
155,36,89,87
155,36,89,87
151,46,84,86
151,46,84,86
152,43,84,86
152,43,84,86
152,43,83,84
153,43,83,84
153,43,83,84
152,44,83,84
152,44,82,84
151,45,82,83
152,47,82,82
152,47,82,82
152,46,82,82
151,46,82,82
151,46,82,82
151,46,82,82
152,46,82,82
153,47,82,82
152,46,82,82
151,47,82,82
152,47,82,82
151,46,82,82
151,47,82,82
150,46,82,82
151,47,80,82
155,45,80,82
153,45,81,82
155,35,83,81
154,35,83,81
154,35,83,81
155,34,83,80
155,34,83,79
157,33,82,79
157,33,81,79
157,33,81,79
159,33,81,78
159,33,81,78
158,33,81,80
158,33,82,81
158,33,82,82
158,34,82,81
158,34,82,81
159,33,82,81
159,32,83,82
159,34,81,79
159,33,82,79
158,33,83,80
158,33,82,81
159,32,80,81
158,31,80,82
159,29,83,83
160,29,83,83
161,29,90,84
163,28,88,85
163,28,88,85
167,29,88,83
167,29,88,83
169,31,87,80
169,31,86,80
169,31,86,80
168,30,88,81
168,30,88,81
164,32,87,84
164,32,87,84
165,31,87,85
159,41,84,81
159,41,84,81
153,41,88,81
153,41,87,81
154,42,86,80
153,44,86,80
154,44,85,79
152,42,86,79
153,41,86,80
153,42,86,80
153,40,86,80
153,39,85,81
148,39,85,81
148,39,85,82
148,39,85,82
144,40,86,82
144,40,87,83
143,40,87,83
143,39,87,83
144,39,86,83
145,38,86,84
146,38,85,84
147,35,86,84
147,34,86,85
148,34,86,86
148,34,86,85
147,34,86,85
146,32,86,84
146,32,85,83
145,31,85,83
148,31,85,82
148,32,85,81
144,34,86,80
144,33,86,81
144,33,85,81
147,33,87,82
147,33,87,82
146,33,87,82
146,34,87,82
147,33,86,83
145,35,89,83
146,35,89,83
148,42,87,84
148,42,87,84
149,41,87,85
148,39,86,84
148,39,87,84
147,41,87,83
147,41,87,82
147,41,86,81
147,40,85,82
147,40,84,81
151,39,85,83
150,38,85,83
152,40,83,82
155,45,85,76
153,46,86,75
153,49,86,72
153,49,85,70
153,49,85,70
147,48,87,68
149,47,84,68
142,37,84,80
143,38,82,79
143,38,82,79
127,39,82,81
127,38,83,82
131,37,83,78
131,37,83,78
130,36,85,79
141,40,83,78
141,40,83,78
140,37,83,79
139,37,84,79
139,37,84,80
137,34,87,82
137,34,87,83
139,33,87,84
137,33,88,85
137,35,88,83
143,37,85,84
143,37,85,83
155,50,85,81
158,50,82,78
158,50,82,78
159,45,82,79
159,45,82,79
170,15,81,74
170,16,81,73
170,16,81,73
173,1,95,89
173,1,95,89
176,1,91,84
175,1,90,83
174,1,90,83
185,1,88,76
186,1,88,76
185,1,89,81
185,1,89,81
185,1,88,80
176,1,88,86
176,1,89,86
175,3,89,90
175,3,90,90
174,3,90,90
173,9,90,89
173,9,90,89
164,15,83,82
163,14,83,82
162,15,83,82
165,20,80,81
165,20,79,80
161,27,83,77
160,28,84,76
160,27,84,71
154,30,84,83
154,29,84,85
147,31,87,83
148,32,85,81
148,32,85,81
145,33,87,81
144,33,87,81
145,33,86,80
144,34,86,78
144,35,85,78
144,34,85,81
145,34,84,81
145,34,83,81
145,32,85,82
145,32,85,82
144,27,88,84
145,27,86,84
144,26,86,85
142,25,85,86
142,25,85,86
143,26,84,85
143,26,84,85
143,25,84,86
141,26,85,85
142,27,84,83
144,30,83,83
144,31,82,82
143,31,85,83
144,35,83,82
144,36,82,82
152,36,80,79
152,36,81,78
152,36,80,78
155,34,81,79
154,34,83,79
156,35,84,78
155,34,84,78
155,32,86,80
157,30,87,81
157,30,87,81
157,29,88,83
155,29,91,84
157,28,90,84
158,29,90,85
159,30,89,84
160,31,91,86
159,31,92,87
159,31,92,87
160,32,92,86
161,32,92,86
160,31,92,86
161,32,92,86
161,32,92,86
162,29,93,89
162,28,93,91
165,28,92,92
166,27,92,92
166,27,91,91
169,30,93,89
169,30,93,89
168,29,90,84
168,29,90,84
168,29,90,84
168,30,89,84
168,30,89,84
170,31,90,85
171,31,90,85
171,31,90,85
182,34,94,94
182,33,94,94
184,32,93,94
184,32,93,94
184,31,93,94
185,27,93,92
184,28,94,91
183,26,93,89
184,26,91,88
184,26,91,88
179,27,95,88
179,27,95,88
175,30,93,83
176,29,94,83
176,29,93,83
173,26,93,88
173,26,93,89
171,24,93,91
173,25,92,91
173,25,92,91
173,26,92,88
172,26,93,88
172,26,93,88
172,26,93,89
171,26,94,89
170,26,95,89
170,26,95,90
168,25,96,91
168,25,95,91
168,25,95,92
164,20,94,93
164,19,94,93
161,18,97,95
161,18,97,95
161,18,97,95
161,16,94,96
161,16,94,96
161,15,94,95
161,15,94,95
161,15,94,95
159,8,91,94
157,9,94,94
159,4,91,89
158,2,93,89
158,4,92,87
161,1,92,91
161,1,91,92
160,1,98,92
161,1,98,92
161,2,97,92
163,3,94,88
163,2,94,88
163,2,93,90
162,2,93,90
161,1,94,91
161,4,94,90
162,4,93,94
161,5,93,93
161,5,92,92
161,5,93,91
158,11,92,89
159,11,91,89
158,13,90,89
158,13,90,89
158,13,91,89
157,15,91,88
157,15,91,88
157,17,91,89
157,17,91,89
157,17,91,89
154,27,92,90
154,27,92,91
154,28,91,90
154,28,92,90
154,28,92,90
154,30,93,91
154,30,93,91
155,31,93,90
154,31,94,91
154,30,94,91
155,31,93,89
155,30,93,91
155,30,93,91
155,30,93,91
154,29,93,91
155,28,92,90
155,28,92,92
155,25,91,91
155,25,92,91
153,25,94,91
155,24,93,90
154,24,93,90
155,23,92,91
155,23,92,91
155,23,92,91
154,24,94,91
154,24,94,91
155,26,93,91
155,26,93,91
155,26,92,91
153,30,92,90
153,31,92,90
152,32,90,89
152,32,90,89
152,32,90,89
150,32,91,89
150,32,91,89
149,32,92,90
149,32,92,90
149,32,91,90
147,32,87,90
147,32,87,90
145,33,87,90
145,33,87,90
145,33,87,90
144,33,87,91
143,32,87,91
144,34,86,90
145,33,87,89
146,33,87,89
146,36,86,88
146,36,88,89
146,38,89,89
146,38,89,89
146,38,89,90
146,39,89,89
144,39,91,89
143,40,92,88
143,40,92,88
143,40,92,88
142,41,91,88
142,41,91,88
143,39,84,89
143,39,84,89
142,39,84,89
141,40,85,89
141,40,85,89
140,40,85,89
141,41,85,89
140,40,85,89
140,43,86,87
140,43,86,87
139,42,89,89
139,42,88,88
139,43,88,88
139,42,89,88
139,42,89,88
139,43,89,88
138,42,89,88
138,43,89,88
137,44,89,88
137,43,88,87
137,44,88,87
137,44,88,87
136,43,88,87
136,44,88,87
136,44,89,87
137,45,89,87
137,45,89,87
136,44,89,87
137,42,88,87
137,42,89,87
136,41,79,88
136,41,79,88
136,41,79,88
133,44,86,88
133,43,86,88
134,42,86,88
133,42,86,88
133,42,86,88
134,43,85,88
134,44,85,88
130,44,85,88
130,44,85,88
130,44,85,88
120,48,88,87
120,48,88,87
123,47,88,87
123,47,88,87
123,47,88,87
127,48,88,86
127,48,88,86
127,48,90,86
126,47,90,86
126,48,90,86
135,46,90,86
134,46,90,86
135,44,85,88
135,44,85,88
135,44,85,88
137,43,86,88
137,44,86,88
137,42,86,88
136,42,86,88
135,43,86,88
128,46,88,88
128,46,88,88
127,46,88,88
128,47,88,88
127,46,87,88
127,47,88,87
127,46,87,88
127,47,86,87
127,47,86,88
127,47,87,88
123,49,88,87
123,49,88,87
122,49,88,87
122,49,87,86
122,49,88,86
123,50,88,85
122,49,89,86
121,48,90,87
122,49,90,87
122,49,90,87
120,49,90,87
120,49,90,87
121,48,89,89
121,48,89,89
122,49,88,88
120,50,89,88
119,49,91,89
119,49,89,89
119,49,89,89
119,49,90,88
120,50,89,88
120,49,89,88
120,50,90,88
120,50,90,88
119,49,90,88
120,49,90,88
120,49,90,88
120,49,90,88
119,48,90,88
120,49,90,88
120,48,90,88
120,48,90,88
121,48,90,88
122,49,90,88
121,48,90,88
122,48,90,88
122,48,90,88
123,47,90,88
122,46,90,88
123,47,90,88
127,46,90,88
127,46,90,88
129,48,88,85
129,49,88,84
128,49,89,84
126,46,89,87
127,45,88,86
127,48,87,88
127,47,85,88
126,47,86,88
123,48,88,87
121,48,90,87
123,48,89,86
123,48,89,87
123,47,89,87
124,47,89,87
124,47,88,87
124,48,88,87
123,47,88,87
123,47,88,87
123,48,88,87
123,48,89,87
124,47,89,87
123,46,89,87
123,47,89,87
124,47,89,87
123,46,90,87
125,48,90,87
125,47,90,87
124,46,90,87
123,48,90,87
123,48,90,87
123,48,89,87
123,48,89,87
123,48,89,87
123,48,89,87
123,48,89,87
124,49,90,87
123,48,90,87
123,48,90,87
124,48,89,87
124,48,89,87
124,48,90,87
124,49,90,87
123,48,90,87
124,48,90,87
124,48,90,87
125,48,90,87
124,47,90,87
124,48,90,87
124,48,90,87
123,47,91,87
125,48,91,87
125,48,90,87
125,48,90,86
129,46,89,86
129,46,89,86
168,43,82,89
168,43,82,89
168,43,79,83
171,43,76,79
170,42,77,81
168,43,80,79
169,43,78,78
169,43,78,79
169,40,79,81
168,41,80,81
169,42,79,80
168,42,79,80
168,42,79,80
167,41,81,79
167,41,81,79
165,38,82,80
164,37,82,84
163,36,82,86
161,35,84,87
162,34,83,88
160,40,84,86
159,39,84,87
160,40,83,86
159,41,84,85
159,40,84,85
159,41,83,85
159,42,83,85
159,41,83,85
160,43,82,83
160,43,83,83
160,44,83,86
160,44,83,86
160,44,83,85
161,43,84,85
163,42,82,86
171,40,80,82
172,41,79,81
172,41,80,81
174,32,81,82
173,31,81,85
172,30,81,85
175,7,85,89
175,7,85,89
177,3,82,85
177,3,82,84
176,3,82,83
177,1,80,76
177,1,80,76
176,1,78,72
176,1,78,72
176,1,78,72
174,1,79,80
174,1,78,76
174,1,79,78
174,1,78,77
174,1,78,76
174,1,78,74
173,1,79,81
174,1,79,79
174,1,79,80
174,1,78,81
174,1,80,77
175,1,79,80
174,1,80,80
174,1,79,79
174,1,79,79
174,1,79,79
174,1,80,79
174,1,81,79
174,1,81,80
174,1,80,80
174,1,81,80
174,1,81,80
174,1,80,80
174,1,81,80
175,1,81,80
175,1,81,81
175,1,80,80
175,1,79,79
174,1,81,79
175,1,80,80
175,1,80,80
175,1,80,80
176,1,80,80
175,1,81,80
175,1,80,79
175,4,81,82
174,4,81,82
172,9,84,81
174,9,82,81
173,8,83,82
174,23,82,81
174,24,83,80
175,28,83,86
175,28,83,87
175,28,83,88
176,32,83,85
177,33,83,85
176,35,84,84
176,36,84,83
176,36,84,83
177,39,84,83
177,40,85,83
176,41,87,87
176,41,87,86
176,41,87,86
176,43,87,85
176,43,87,84
174,43,85,83
174,43,86,84
173,43,86,84
168,46,83,83
168,47,83,83
170,50,81,89
170,48,81,91
170,52,81,87
165,56,80,85
165,56,79,84
162,60,80,79
161,60,81,78
161,60,81,78
166,64,84,78
165,64,84,78
164,66,85,79
165,66,84,78
165,66,85,78
165,69,83,82
165,69,84,82
165,69,85,83
165,69,85,83
165,68,85,83
165,68,86,83
166,68,85,82
165,68,84,83
165,68,84,83
165,68,84,83
162,68,84,82
162,68,84,83
162,69,84,84
160,69,85,84
160,69,85,82
162,72,87,83
162,72,87,83
163,73,87,84
163,73,86,84
163,73,86,84
162,75,87,85
162,75,87,85
162,76,87,85
162,76,87,85
162,76,87,85
162,79,87,85
161,79,87,85
162,79,87,86
160,79,89,86
161,79,89,86
162,75,90,87
161,75,91,87
161,72,91,88
161,72,91,88
162,73,91,88
163,74,90,88
161,74,92,88
161,74,93,88
162,75,93,88
162,75,93,88
161,76,91,89
160,75,91,89
158,75,90,90
158,75,90,90
158,75,90,90
152,78,90,89
150,78,91,89
150,77,91,88
150,78,90,88
151,77,89,87
152,76,89,87
152,76,89,89
152,76,90,89
152,76,90,90
152,76,90,90
148,78,90,90
149,79,89,90
145,79,91,90
146,79,90,89
146,79,90,89
146,79,90,89
145,78,90,90
146,78,90,90
145,78,90,90
145,78,90,90
146,79,90,90
145,78,90,90
144,79,90,90
144,79,90,89
143,80,90,89
141,80,90,89
141,80,90,89
140,79,92,91
140,78,92,91
140,78,92,91
140,79,92,91
139,78,92,91
140,77,92,91
139,76,92,93
139,76,92,93
141,76,91,92
141,76,92,92
141,77,91,91
140,76,92,91
142,75,90,92
145,74,89,91
145,74,89,91
146,73,89,90
146,73,89,90
147,73,89,90
148,73,89,90
148,73,89,90
149,73,89,90
149,73,89,90
149,73,89,90
149,73,89,90
149,73,89,90
151,72,90,90
152,72,90,90
151,73,90,90
151,72,90,90
151,72,90,90
151,71,90,90
151,71,90,90
152,72,90,90
153,71,90,90
152,71,90,90
153,71,90,90
152,72,90,88
152,72,90,88
152,70,90,88
152,70,90,88
153,69,89,88
152,69,89,89
152,68,89,90
155,70,88,89
155,70,88,90
158,72,87,89
158,72,87,89
158,72,87,89
158,72,87,89
158,72,88,90
159,72,87,90
158,73,88,90
158,73,88,90
156,71,91,90
156,70,92,90
157,70,92,90
157,71,91,90
158,70,91,91
159,71,90,91
159,71,90,91
159,70,90,92
159,69,90,92
159,69,90,92
164,67,89,86
164,67,89,86
164,68,89,86
163,68,90,86
163,68,90,86
164,68,90,86
164,67,90,87
164,66,90,86
165,66,90,87
165,66,90,87
164,64,90,89
165,64,90,89
163,64,91,89
163,64,91,89
163,64,91,89
162,65,92,89
162,65,91,89
162,68,90,89
162,68,92,89
162,68,91,89
163,67,91,90
163,67,91,90
163,66,91,90
162,66,91,90
162,66,91,90
162,65,91,90
162,65,91,90
161,65,91,90
161,65,91,90
161,65,91,90
160,62,92,91
160,62,92,91
163,61,93,91
163,62,93,91
163,62,93,91
167,67,92,86
168,68,92,84
171,68,92,85
171,67,92,85
171,67,92,85
169,70,90,84
169,69,90,85
170,68,90,87
170,68,90,87
170,68,91,88
171,67,90,88
170,67,91,89
168,63,92,90
169,63,92,91
168,62,93,92
161,66,92,91
161,66,93,92
159,62,94,94
160,62,93,93
160,63,96,93
161,62,96,93
160,61,96,93
160,61,96,94
161,61,95,93
161,61,95,93
162,61,95,93
161,61,95,93
161,61,95,93
160,60,95,94
160,60,95,94
162,60,95,94
161,59,95,94
161,59,95,95
161,59,95,95
161,59,95,95
165,57,93,92
166,56,92,92
171,59,93,90
171,59,92,89
171,58,93,91
173,60,91,92
172,60,92,91
170,61,95,92
170,61,95,92
170,60,95,92
168,63,94,89
168,62,93,90
166,62,93,90
166,62,93,90
166,62,93,89
163,63,93,90
164,63,93,89
162,63,95,90
161,63,96,90
161,63,96,91
164,62,95,88
163,62,95,88
164,63,94,88
164,63,94,88
164,63,94,88
164,63,94,87
164,62,94,88
166,62,92,89
165,62,92,89
165,61,92,89
165,63,91,88
165,63,92,89
165,62,90,88
165,62,90,88
165,62,91,88
164,62,91,87
164,62,92,87
162,62,92,88
161,62,92,88
161,61,92,88
160,63,91,90
160,64,91,90
162,64,90,90
161,64,91,91
161,63,91,91
161,62,92,91
161,62,92,91
161,63,92,91
160,62,92,91
161,62,92,91
161,62,92,91
161,62,92,91
162,62,92,91
162,62,92,91
161,62,93,91
161,62,93,91
161,62,93,91
161,63,93,91
161,63,93,91
161,63,93,91
161,64,93,91
161,64,92,91
161,63,92,91
161,63,92,91
161,63,92,91
162,62,92,92
163,62,91,93
164,63,90,92
163,62,90,92
163,62,90,92
162,62,90,92
163,63,89,92
161,63,91,92
162,62,90,92
162,63,90,92
162,62,91,92
162,63,90,92
161,63,91,90
161,63,91,90
162,63,90,90
164,64,90,89
164,64,89,89
167,64,89,89
167,64,89,89
167,64,89,89
166,65,89,87
166,65,89,87
167,57,88,89
167,56,87,89
166,55,87,89
168,58,86,86
168,58,85,86
168,58,85,86
167,58,85,86
167,58,85,86
168,58,84,85
168,58,84,85
169,57,84,85
168,56,86,85
168,57,86,84
168,58,86,83
168,58,86,83
168,57,86,83
168,57,86,83
168,57,86,83
168,57,86,84
168,57,86,84
168,57,86,84
