385,308,389,356
384,307,389,356
388,309,386,358
387,308,386,358
390,310,386,359
389,309,386,359
383,309,391,360
382,309,391,360
384,312,391,357
383,312,391,357
385,310,392,359
385,310,392,359
386,310,392,360
386,310,391,359
386,310,391,359
385,310,390,358
384,310,389,357
383,310,389,357
386,307,390,362
385,307,390,362
384,307,390,365
383,307,390,361
382,307,390,361
385,308,389,362
383,308,389,362
386,308,389,362
384,307,389,362
382,306,389,362
380,305,389,362
385,307,390,361
383,306,390,361
385,307,391,362
383,306,391,362
382,305,391,362
380,304,391,362
385,308,390,360
383,307,390,360
386,308,390,361
385,307,390,361
385,306,389,360
384,306,388,359
383,305,390,363
383,305,390,363
385,307,391,362
386,307,391,362
386,307,391,362
386,306,391,362
384,310,389,361
385,310,388,360
386,311,387,359
387,311,386,358
383,310,391,359
383,310,390,358
383,309,390,358
382,308,390,358
384,306,391,362
384,305,390,361
384,304,389,360
384,302,388,359
386,306,387,363
387,305,386,362
384,304,388,364
385,304,388,364
386,307,388,363
386,308,387,362
390,308,386,361
389,308,386,361
390,309,383,362
389,309,382,361
391,309,381,361
390,308,381,361
389,307,381,361
388,306,381,361
387,308,381,360
386,307,381,360
385,305,381,360
384,307,381,360
383,306,381,360
383,307,381,360
382,310,381,360
382,311,392,359
382,311,391,358
382,311,391,358
381,310,391,358
388,304,387,361
392,298,382,363
393,288,379,370
393,272,379,384
394,258,379,392
396,240,379,402
397,226,374,405
408,217,364,406
410,210,366,407
412,208,366,407
407,206,376,399
412,206,380,400
414,208,379,399
416,208,387,406
422,209,390,408
431,212,391,409
440,223,390,408
445,211,407,420
451,216,407,420
450,215,408,424
457,223,408,424
471,226,391,425
478,228,392,428
484,233,392,428
495,239,385,433
500,241,384,432
492,241,406,433
492,241,406,433
491,241,414,433
490,241,414,433
486,242,423,431
481,240,428,424
480,242,427,423
476,245,435,421
473,248,435,421
471,251,434,406
469,253,433,394
463,242,433,407
460,230,433,419
462,227,420,396
459,215,413,411
456,214,413,411
454,211,402,411
452,211,401,411
449,212,401,411
447,213,401,411
440,215,403,409
439,217,402,408
439,219,392,411
438,221,392,411
437,223,392,411
436,225,392,406
440,226,376,405
440,228,375,404
440,230,374,403
440,232,380,400
442,226,381,410
442,229,381,409
442,232,380,408
441,235,383,400
440,236,383,400
439,236,383,400
429,227,397,416
428,228,397,406
428,228,397,406
428,229,396,405
431,226,392,407
431,228,391,406
431,225,390,412
431,226,389,411
431,224,398,417
433,222,396,418
431,222,395,417
434,219,396,423
431,220,395,422
438,215,394,430
435,220,407,424
437,217,405,427
435,222,405,427
437,213,416,442
437,212,416,442
436,215,415,441
439,213,415,443
436,212,415,443
433,219,428,438
434,220,425,436
431,220,424,435
430,220,423,434
429,220,422,433
428,204,414,433
428,206,413,432
428,194,416,422
427,190,414,416
422,188,411,407
421,191,410,397
423,191,409,394
424,193,408,392
426,198,407,391
428,195,405,381
428,200,404,380
428,201,411,381
426,205,411,381
425,208,411,381
429,211,411,384
428,213,411,384
427,216,416,385
426,220,416,385
428,229,417,381
428,234,416,380
430,238,415,380
429,244,415,380
432,232,415,398
428,232,425,399
428,237,425,399
431,232,424,409
430,235,424,409
431,226,427,411
431,227,427,411
431,222,427,412
428,224,427,412
435,219,423,413
432,221,423,413
432,217,423,413
429,217,423,413
428,215,423,413
424,215,423,413
427,214,423,409
425,213,423,409
429,211,411,406
429,209,411,406
434,209,410,402
435,209,410,402
441,208,406,404
442,209,406,404
445,210,402,403
445,211,402,403
450,212,396,398
451,211,396,398
457,207,392,399
459,204,392,399
465,202,389,396
467,200,389,396
469,194,393,405
471,194,393,405
481,193,388,407
482,194,387,406
483,195,389,408
484,197,388,407
484,199,391,412
484,201,391,412
486,205,390,411
485,207,390,411
484,209,389,410
484,210,389,410
492,220,387,407
492,220,387,407
494,218,386,406
494,216,386,406
492,208,395,422
491,207,395,422
489,201,394,428
488,202,393,427
485,198,394,429
482,201,393,428
477,202,398,430
474,206,398,430
464,210,406,432
459,215,406,432
448,216,415,441
443,221,415,441
436,221,422,445
432,223,422,445
425,223,425,447
421,224,425,447
417,227,425,447
414,228,425,447
407,231,430,443
403,231,431,444
396,231,434,445
389,233,438,446
386,236,438,446
382,227,440,447
378,230,440,447
367,234,449,449
363,226,449,450
359,229,449,450
356,231,449,450
353,226,451,449
345,227,457,447
341,227,456,446
335,225,455,443
332,227,462,443
330,223,467,444
329,226,466,443
329,227,467,441
333,227,466,441
339,230,464,442
339,231,464,442
340,231,464,442
345,229,463,443
348,227,463,443
349,222,460,433
354,218,460,433
358,219,458,429
365,217,458,429
378,211,452,421
386,209,451,420
398,208,445,422
402,207,444,421
408,199,441,422
407,198,441,422
412,198,439,420
413,199,439,419
413,200,439,419
414,200,430,420
414,204,437,420
414,203,437,422
414,207,438,422
416,211,438,411
420,214,437,414
421,217,437,417
420,216,449,417
418,224,451,415
419,226,456,418
420,228,457,423
420,232,457,423
422,230,455,428
423,233,454,427
424,228,454,434
425,230,453,433
427,225,452,438
427,226,451,437
430,220,458,441
430,221,458,441
434,210,459,450
434,211,459,450
438,204,458,452
438,205,458,452
438,193,463,457
446,195,458,455
446,195,458,455
447,192,457,453
447,191,456,452
450,188,452,453
449,185,451,452
448,187,450,454
446,184,449,453
434,191,450,453
430,188,449,452
422,194,450,447
418,191,449,446
415,198,450,436
411,195,449,435
407,198,447,433
403,197,447,433
401,202,445,430
398,201,445,430
397,203,443,426
395,202,443,426
395,203,441,427
393,202,441,427
394,206,441,426
393,206,441,426
392,206,441,426
391,207,441,426
395,208,439,427
393,211,439,427
391,214,439,427
389,217,438,426
394,202,437,430
392,203,437,430
394,195,435,429
391,194,434,428
393,185,433,415
395,180,426,414
390,179,426,414
397,174,420,412
392,174,420,412
398,164,412,414
396,166,412,414
395,169,410,415
394,173,410,415
393,177,409,417
393,183,409,417
390,189,415,422
386,198,415,422
383,205,419,429
380,211,419,429
375,213,427,433
372,217,427,433
369,219,427,435
366,222,427,435
366,219,428,437
362,222,428,437
365,211,428,444
363,216,428,444
365,207,430,448
364,212,430,448
363,214,433,450
361,218,433,450
367,221,435,445
368,224,434,444
372,226,436,439
373,228,435,438
380,226,441,433
382,228,440,432
392,224,435,429
393,226,434,428
402,225,432,417
404,228,431,416
408,233,432,408
411,238,431,407
417,246,429,396
421,251,428,395
432,257,422,389
437,259,422,389
447,267,411,383
449,267,411,383
447,270,412,378
447,271,412,378
450,277,409,375
450,282,409,375
453,283,405,375
453,289,405,375
451,292,403,376
452,294,402,375
453,294,402,377
453,293,401,376
456,292,398,378
457,291,397,377
458,291,397,377
460,290,397,377
462,290,407,379
465,291,406,378
475,292,405,378
478,295,405,378
487,283,408,392
490,291,407,391
497,282,405,400
497,283,404,399
498,284,407,400
496,284,406,399
493,284,405,398
491,291,410,396
496,300,407,392
502,306,398,389
500,305,398,389
502,308,402,384
500,307,402,384
503,310,407,384
502,309,407,384
502,311,403,382
502,309,403,382
505,310,399,381
505,309,398,380
508,310,394,381
509,310,393,380
495,312,412,381
497,310,411,380
499,317,405,380
499,312,405,381
500,313,405,381
500,313,405,381
501,313,405,381
501,312,405,381
504,312,408,381
504,313,408,381
507,310,405,382
506,311,405,382
510,308,405,382
510,308,405,382
510,307,402,383
509,306,402,383
508,306,402,383
509,311,400,383
508,310,400,383
507,310,400,383
506,309,400,383
505,311,403,381
504,310,403,381
503,313,404,381
502,313,404,381
500,311,404,381
498,311,404,381
501,310,412,383
499,309,412,383
499,309,408,383
498,308,408,383
497,307,408,383
498,310,408,382
496,310,408,382
497,309,409,382
496,308,409,382
497,307,409,382
500,309,408,381
500,308,408,381
500,307,408,381
500,307,408,381
503,309,408,382
503,310,408,382
503,311,408,382
502,304,408,385
500,306,408,385
521,302,387,385
535,301,375,388
535,300,375,388
544,306,365,379
546,300,364,384
546,306,364,380
546,300,364,380
547,300,362,384
547,299,362,384
546,299,362,384
545,299,367,384
544,299,367,384
543,298,367,387
539,298,374,390
538,298,374,390
537,297,375,390
536,297,375,390
535,297,375,390
534,297,374,389
531,296,383,391
530,296,383,391
529,302,383,385
528,302,383,385
527,302,383,385
526,302,383,385
526,302,382,384
525,306,382,382
523,305,382,382
522,304,382,382
506,309,408,379
505,309,405,379
504,308,405,379
497,310,413,380
496,308,413,380
495,307,413,380
498,307,413,380
497,311,413,379
497,311,413,379
497,311,413,379
509,311,398,379
507,310,398,379
527,310,380,379
530,310,378,379
532,309,376,380
532,308,376,380
532,307,376,380
532,311,377,380
531,311,377,380
530,311,377,380
529,312,377,380
528,312,377,380
527,312,377,380
516,312,393,380
515,311,393,380
514,311,393,380
514,311,393,380
514,311,393,380
510,311,397,381
509,310,397,381
508,309,397,381
507,308,400,383
505,309,400,383
503,310,403,386
527,308,380,382
538,309,368,381
541,309,367,380
539,311,367,380
548,309,360,383
547,308,360,383
546,308,359,382
546,314,360,380
546,313,359,379
546,313,360,380
547,313,360,380
546,313,360,380
545,313,359,379
545,313,358,378
548,313,358,385
545,314,356,385
544,314,363,382
544,313,362,381
544,313,363,382
545,314,361,380
545,313,360,381
545,313,359,380
545,313,358,379
545,312,357,378
545,312,363,383
544,312,362,382
543,313,361,381
542,313,360,380
541,314,366,382
541,314,365,381
541,306,365,389
540,305,364,388
539,305,364,388
538,307,370,389
538,307,369,388
538,306,368,387
538,305,368,388
538,304,367,387
537,304,366,386
536,304,365,385
536,303,364,384
536,302,369,389
536,302,369,389
536,302,369,389
534,301,368,389
534,301,368,389
527,302,380,391
528,303,380,391
528,304,381,390
528,306,381,390
528,312,378,380
526,313,378,380
523,303,384,388
522,306,383,387
526,304,381,381
525,304,380,380
527,305,379,387
526,304,379,387
529,305,378,387
530,304,378,387
530,304,378,387
530,304,378,387
530,305,378,387
530,305,378,387
533,305,376,389
532,304,376,389
531,303,376,389
530,303,376,389
537,314,373,379
536,313,373,379
542,313,369,378
541,313,369,378
541,312,369,382
540,311,369,382
539,304,367,390
538,304,367,390
540,308,365,382
539,308,365,382
540,310,367,383
539,311,367,383
538,311,367,383
536,311,367,383
539,310,367,387
538,311,366,386
537,311,365,385
536,311,365,385
536,316,369,383
535,316,368,382
540,315,364,384
539,314,364,384
539,314,363,383
539,314,362,382
549,315,358,385
549,315,357,384
549,315,356,383
548,314,355,383
547,314,354,382
549,314,353,385
548,314,352,384
548,314,354,386
547,314,353,385
547,313,352,384
547,312,351,383
549,311,353,390
548,311,352,389
549,314,351,386
548,313,350,385
552,313,348,386
552,312,347,385
554,312,346,386
554,312,345,385
554,311,344,384
553,310,343,383
553,310,342,387
552,310,341,386
552,310,340,385
553,309,345,392
555,306,344,391
555,305,343,390
516,309,387,386
517,309,387,386
523,313,381,383
522,312,381,383
533,312,375,380
533,311,375,380
532,311,372,384
531,310,372,384
530,309,375,386
528,309,374,385
532,312,372,382
531,311,371,381
544,312,361,384
543,312,360,383
533,312,370,384
533,312,369,383
532,312,371,385
531,311,370,384
523,313,379,385
522,313,378,384
513,313,389,385
512,313,388,384
503,312,400,386
501,312,399,385
530,312,369,385
529,312,368,384
533,312,368,384
532,311,367,383
531,310,366,382
529,307,365,388
528,307,364,387
516,305,383,394
515,305,382,393
512,303,382,395
511,303,381,394
510,303,380,393
502,306,395,396
501,305,395,396
506,308,390,393
505,308,389,392
511,306,384,394
532,306,363,397
518,313,383,387
517,303,380,394
521,304,376,395
521,304,375,394
523,303,374,395
523,306,374,395
523,308,374,395
521,303,375,395
521,300,376,397
521,303,376,395
521,301,374,397
521,301,374,397
528,303,373,395
528,303,373,395
527,305,373,393
526,305,373,393
525,308,374,390
524,307,373,389
524,308,373,389
524,311,374,389
523,310,373,388
522,309,372,387
521,312,378,388
519,311,377,387
518,310,376,386
523,310,377,388
523,310,377,388
523,310,376,387
520,309,377,388
521,308,376,387
522,306,379,390
528,312,380,384
530,310,379,383
531,309,370,389
529,310,369,388
530,310,370,389
530,309,370,389
529,308,372,390
528,309,372,390
526,308,372,390
535,312,361,385
534,311,361,385
531,310,362,386
531,310,361,385
530,310,361,385
529,313,364,387
528,313,364,387
535,312,359,387
534,312,358,386
533,312,357,385
533,312,356,384
533,312,355,383
532,312,355,383
532,311,355,383
536,314,352,382
535,313,351,381
537,313,353,385
536,313,352,384
535,313,352,384
534,313,351,383
537,312,354,386
537,311,353,385
537,311,352,384
537,310,351,383
539,313,355,385
538,313,354,384
536,313,353,383
535,313,352,382
536,314,354,383
536,315,353,382
536,316,352,381
535,316,351,380
533,311,359,387
531,310,358,386
516,310,375,387
515,310,375,387
512,312,377,388
512,312,377,388
511,312,376,387
510,311,380,389
509,309,379,388
519,308,371,388
518,307,371,388
517,307,370,387
529,307,361,391
528,307,360,390
527,305,362,392
526,304,361,391
526,303,361,391
528,303,362,394
527,303,361,393
531,303,358,395
530,302,357,394
534,302,354,395
534,302,353,394
533,302,352,393
532,302,351,392
529,303,358,394
529,303,358,394
516,302,374,396
514,304,374,396
512,306,374,396
510,299,378,397
510,299,377,396
510,300,376,395
511,301,375,394
512,302,375,395
512,302,374,394
512,302,374,395
512,302,374,395
512,301,374,396
512,302,374,396
511,302,374,396
510,302,377,392
509,302,376,391
513,299,373,396
512,299,373,396
514,302,373,396
514,302,373,396
513,302,373,396
513,302,372,395
513,302,371,388
513,302,371,388
512,309,374,384
511,308,373,383
510,308,373,383
509,307,373,383
508,314,376,383
507,314,376,383
509,314,374,385
508,313,373,384
507,313,372,383
507,315,380,385
506,315,380,385
505,316,381,387
504,315,380,386
506,314,378,388
505,313,378,388
504,312,378,388
509,313,375,390
508,312,375,390
513,311,371,392
513,310,370,391
513,310,369,390
513,310,368,389
518,305,365,395
517,305,364,394
518,305,368,395
518,305,367,394
518,305,366,393
521,304,363,397
521,304,362,396
523,303,359,397
524,303,358,396
533,304,351,397
534,304,350,396
533,304,351,397
532,303,350,396
525,306,359,397
524,306,358,396
524,306,360,397
524,306,359,396
523,305,358,395
536,305,347,399
535,304,346,398
511,304,372,398
510,304,371,397
510,303,374,397
510,303,373,396
507,302,376,400
507,302,375,399
498,304,384,399
497,304,384,399
497,306,386,399
496,307,386,399
507,304,375,398
505,308,375,398
506,303,377,400
505,304,376,399
506,304,378,399
506,304,378,399
506,305,379,396
506,305,378,395
505,303,377,393
505,303,377,393
507,303,377,393
506,302,377,393
505,301,377,393
505,301,377,393
504,301,377,393
503,301,377,393
506,304,375,393
504,304,375,393
512,305,371,394
511,305,371,394
510,304,371,394
509,303,371,394
513,306,369,394
512,305,369,394
511,304,369,394
510,304,368,393
512,309,370,393
511,308,370,393
510,307,370,393
509,306,370,393
508,314,374,387
507,314,374,387
510,313,371,389
509,313,371,389
506,311,376,391
505,311,375,390
500,310,382,392
499,310,381,391
508,314,374,390
508,313,373,389
508,313,374,391
509,312,373,390
511,311,370,392
511,311,369,391
505,310,376,393
504,310,375,392
503,310,378,394
503,309,377,393
502,314,380,391
500,314,379,390
507,315,373,390
506,314,373,390
505,314,373,390
508,314,371,390
508,314,370,389
507,314,370,389
506,313,370,389
505,312,369,388
513,313,368,389
513,313,368,389
515,313,366,391
515,313,366,391
515,312,365,390
514,313,364,389
513,312,368,392
512,311,367,391
512,311,366,390
511,311,368,393
511,311,367,392
512,310,366,391
512,310,365,390
516,309,364,393
515,309,363,392
512,309,366,394
512,309,365,393
515,311,364,394
514,311,363,393
519,313,359,393
518,312,358,392
518,312,357,391
518,313,356,390
518,312,355,389
520,307,353,396
520,307,352,395
520,308,351,394
522,308,353,395
522,307,352,394
521,306,355,395
521,305,354,394
519,308,358,395
519,307,357,394
511,304,365,398
510,304,364,397
508,304,369,399
507,304,368,398
506,304,371,397
506,304,370,396
506,305,370,396
505,307,369,395
501,300,374,403
500,301,373,402
497,301,379,402
497,303,378,401
499,302,379,400
499,302,379,400
495,301,378,394
495,300,377,393
495,298,377,391
495,296,377,391
495,296,376,388
495,296,375,387
500,298,381,387
500,298,380,386
501,300,379,395
501,300,379,395
500,300,380,388
499,301,379,387
504,303,378,388
503,303,377,387
505,305,379,383
504,305,378,382
501,303,380,378
500,302,379,377
504,304,375,378
504,304,374,377
504,303,375,398
504,302,374,397
503,302,373,396
503,303,373,401
511,310,367,394
510,310,367,394
509,310,367,394
516,312,361,391
515,312,361,391
514,311,362,394
513,311,361,393
511,314,364,394
510,312,364,394
513,315,361,389
512,314,361,389
511,314,360,388
510,313,360,388
509,316,367,386
508,315,366,385
517,314,360,390
516,314,359,389
517,318,358,388
516,317,357,387
515,316,356,386
519,315,357,386
520,314,356,390
499,315,377,389
497,314,379,390
496,315,378,389
487,314,388,389
486,313,388,389
476,306,401,398
476,307,400,397
477,306,400,400
477,305,399,399
474,309,402,400
473,308,402,400
472,308,402,401
491,305,386,400
503,306,373,397
503,306,372,396
495,305,379,397
495,305,378,396
495,306,377,395
490,302,385,399
489,303,384,398
487,303,387,399
487,302,386,398
487,303,385,397
481,300,395,399
481,298,395,399
485,300,393,400
486,299,392,399
488,298,391,392
488,298,391,392
486,299,395,388
487,298,394,387
487,300,393,382
487,297,392,381
487,296,391,380
491,297,390,379
490,298,390,379
489,299,389,378
488,299,388,377
490,300,392,378
489,301,391,377
488,302,390,376
490,300,388,377
489,300,388,377
488,301,387,376
493,301,380,388
492,301,380,388
498,302,374,389
497,303,374,389
496,308,372,387
495,307,372,387
504,309,368,389
503,307,368,389
502,311,371,390
501,311,371,390
503,314,371,391
502,313,371,391
501,313,371,391
500,313,371,391
499,312,371,391
498,312,371,391
500,314,372,391
499,315,371,390
498,313,370,389
497,312,372,393
496,312,371,392
504,316,373,390
503,315,372,389
502,315,371,388
504,314,371,390
504,314,370,389
504,314,369,388
504,317,368,387
505,316,367,386
506,316,367,389
506,315,367,389
506,315,368,391
505,314,368,391
504,313,363,393
504,312,362,392
503,311,361,391
502,312,360,390
504,315,365,392
503,315,364,391
510,316,360,391
510,316,359,390
514,313,358,392
514,313,357,391
514,313,356,390
513,313,358,392
513,313,357,391
522,308,340,396
521,308,347,395
521,308,346,394
522,306,347,399
522,306,347,399
519,306,350,400
519,306,349,399
519,305,348,398
518,306,349,400
518,306,348,399
521,307,347,399
521,307,346,398
521,307,345,398
521,307,344,397
521,307,343,396
520,307,346,399
518,307,349,400
516,307,348,399
509,307,360,401
509,306,359,400
509,306,359,401
509,305,358,400
509,306,358,402
509,305,357,401
511,305,357,403
510,304,356,402
510,303,355,404
510,302,355,404
513,305,357,399
512,305,356,398
513,307,356,398
512,308,355,397
512,309,354,396
512,309,353,395
511,309,357,396
511,308,356,395
511,308,355,394
511,308,354,393
511,308,353,392
511,308,354,398
511,307,353,397
511,306,352,396
511,309,355,398
511,310,354,397
511,310,353,396
525,312,344,398
525,312,343,397
525,311,342,399
525,311,341,398
525,311,340,397
524,311,339,396
502,308,366,404
501,308,365,403
494,307,375,405
493,305,374,404
487,306,382,405
487,307,381,404
485,309,384,405
483,309,384,405
482,309,383,402
482,308,383,402
481,307,387,403
499,308,371,402
498,309,371,402
494,301,373,407
494,300,373,407
479,300,393,405
479,300,392,404
480,300,392,405
480,301,391,404
497,300,377,396
498,299,377,394
498,299,376,402
498,299,375,401
497,298,374,403
497,298,373,402
497,298,376,406
496,297,375,405
494,297,374,404
493,298,377,404
492,299,376,403
493,301,379,404
492,300,378,403
491,300,377,402
497,302,377,402
496,302,376,401
500,302,372,399
499,302,372,399
502,303,372,401
501,303,371,400
500,303,370,400
505,307,364,397
504,307,363,396
506,309,360,398
505,309,359,397
504,311,360,398
503,311,359,397
501,312,358,396
500,318,365,392
499,318,365,392
498,318,367,392
496,318,367,392
495,317,368,395
495,317,368,395
495,316,370,396
494,315,369,395
500,319,365,394
499,318,365,394
503,319,364,396
502,318,363,395
503,318,363,396
502,318,363,396
501,320,364,396
501,319,363,395
511,319,353,392
510,318,352,391
509,319,353,393
508,318,352,392
518,317,347,395
518,317,346,394
518,316,345,393
517,317,344,392
516,316,347,395
515,315,346,394
506,315,355,395
505,315,354,394
506,314,353,393
508,310,353,398
509,310,352,397
508,309,353,407
509,308,352,406
485,315,375,394
485,315,374,393
494,311,366,399
494,310,365,398
494,314,364,395
493,314,363,394
496,313,362,396
496,311,361,395
488,310,373,400
486,309,373,400
481,308,379,403
481,308,378,402
480,307,377,401
479,306,377,401
478,306,384,403
478,305,383,402
478,303,383,402
477,306,384,403
477,305,383,402
476,308,385,404
476,311,384,403
498,307,361,401
498,307,360,400
497,307,359,399
496,306,358,398
494,306,358,398
497,307,362,401
495,309,362,401
494,310,361,400
480,306,386,403
480,307,385,402
476,308,387,403
474,309,386,402
476,309,383,402
475,310,382,401
478,309,378,401
478,309,377,400
478,308,376,399
475,308,381,399
474,307,380,398
477,308,379,397
477,308,378,399
473,308,387,400
474,307,386,399
473,311,386,400
473,310,385,399
472,309,384,398
477,310,382,398
478,307,381,397
488,311,370,396
488,310,369,395
492,312,366,396
491,313,365,395
492,313,364,396
491,312,363,395
491,312,365,397
491,312,364,396
496,315,362,395
495,315,361,394
497,313,364,396
496,312,364,396
498,313,364,397
497,313,363,396
504,313,359,397
503,312,358,396
504,313,355,397
503,314,354,396
502,313,353,395
502,313,352,394
509,310,352,401
508,310,351,400
493,310,370,402
492,310,369,401
488,310,379,402
487,310,378,401
487,310,377,400
486,310,376,399
486,310,375,398
485,310,370,397
487,309,366,409
486,308,365,408
486,307,364,407
485,307,363,406
484,309,374,398
482,310,374,398
486,307,368,401
486,309,367,400
489,312,365,401
490,312,364,400
490,313,364,400
491,311,363,401
491,312,362,400
492,310,361,399
492,306,361,399
492,302,361,399
493,309,363,389
495,307,362,388
496,309,360,385
495,308,359,384
496,311,362,396
497,312,361,395
497,309,366,381
497,308,366,381
496,305,364,401
495,304,364,401
499,305,362,400
499,305,362,400
498,304,362,401
498,303,361,400
492,305,371,400
492,304,370,399
496,307,366,397
495,308,366,397
496,307,363,398
495,307,363,398
495,307,362,397
494,306,361,396
497,309,361,396
496,309,361,396
495,308,361,396
494,307,361,396
493,311,363,397
492,311,362,396
494,313,362,398
493,313,361,397
492,313,360,396
492,313,360,396
491,315,368,396
490,314,368,396
495,316,365,393
494,317,364,392
493,317,363,391
492,317,363,391
490,317,363,391
488,316,363,391
496,315,363,391
495,315,362,390
494,315,361,389
493,318,362,392
492,318,361,391
494,317,364,395
494,316,363,394
492,318,362,393
491,318,361,392
498,319,359,394
497,318,358,393
499,318,357,395
499,317,356,394
499,317,355,393
499,317,354,392
491,319,362,393
491,317,361,392
491,316,361,392
494,317,360,392
493,317,360,392
492,317,360,392
494,319,358,395
493,319,357,394
495,319,357,394
494,319,356,393
496,319,355,394
496,318,354,393
501,318,351,395
500,318,350,394
506,317,350,395
505,317,349,394
505,317,348,393
505,316,347,392
505,316,345,394
505,316,344,393
505,316,343,392
505,316,342,391
504,316,341,390
493,316,359,397
494,315,359,397
490,316,360,397
490,317,359,396
490,318,360,398
490,318,359,397
490,318,358,396
492,318,359,394
491,318,358,393
491,317,357,392
491,317,356,391
491,317,358,393
491,317,357,392
490,317,356,391
490,316,357,396
489,314,356,395
489,313,355,394
503,317,351,393
502,316,350,392
503,317,349,391
502,316,348,390
506,319,347,389
506,318,346,388
506,318,344,387
510,318,343,386
510,318,342,385
511,317,341,391
510,317,340,390
509,316,339,390
508,316,338,389
507,316,337,388
509,317,336,388
508,316,335,387
511,315,340,388
511,314,339,387
507,311,349,393
507,309,348,392
507,308,347,391
500,310,359,396
499,310,358,395
499,314,359,390
499,314,358,389
499,314,357,388
503,314,354,389
502,313,353,388
505,311,350,391
504,310,349,390
506,313,348,393
507,313,347,392
509,314,346,393
508,314,345,392
516,314,340,393
515,314,339,392
515,314,338,391
515,314,337,390
506,305,348,399
505,306,347,398
505,306,346,397
505,306,345,396
505,306,350,397
504,306,349,396
503,306,348,395
510,305,341,397
500,306,355,398
486,306,371,399
482,304,370,400
482,307,369,399
482,308,369,399
483,307,369,399
479,304,380,401
480,303,380,401
487,302,372,401
486,302,371,400
487,303,368,400
486,304,367,399
487,303,374,399
488,302,373,398
484,304,376,398
484,301,376,398
487,304,377,400
487,301,377,400
489,301,375,401
489,300,375,401
488,300,375,401
487,299,375,401
486,298,375,401
486,299,373,402
484,298,373,402
488,300,377,400
487,300,377,400
486,299,377,400
485,300,376,399
484,299,376,399
483,300,375,398
482,299,379,401
482,299,378,400
482,299,378,400
481,299,378,400
483,303,374,399
482,303,373,398
481,303,372,397
480,304,371,396
479,305,371,396
482,306,376,397
481,307,375,396
480,307,375,396
484,307,372,398
483,306,372,398
482,306,371,397
483,305,368,398
483,305,367,397
482,306,367,397
488,311,367,398
487,311,367,398
486,311,366,397
486,314,368,395
485,313,368,395
490,314,366,392
489,313,366,392
488,313,366,392
488,312,366,392
488,311,366,392
489,315,363,393
489,314,363,393
489,314,363,393
482,312,370,395
482,312,369,394
481,311,369,394
480,311,369,394
480,315,371,394
479,315,371,394
479,315,371,394
484,316,368,393
483,316,368,393
482,316,367,392
481,316,367,392
481,315,367,392
480,314,367,393
486,314,366,393
485,314,366,393
486,317,364,394
486,317,363,393
488,320,362,395
487,321,361,394
490,321,362,395
489,321,362,395
488,321,361,394
492,321,362,395
492,320,362,395
494,319,361,397
494,320,360,396
494,320,357,395
493,319,356,394
493,320,355,393
491,320,354,392
490,320,353,391
495,322,354,393
494,321,353,392
493,320,352,391
492,319,351,390
491,319,353,392
490,318,352,391
492,316,352,395
491,316,351,394
490,315,353,394
492,314,352,393
493,314,352,394
494,314,352,394
495,314,351,394
496,314,350,394
496,313,349,393
496,312,348,392
495,312,347,391
495,312,350,396
495,312,349,395
494,313,348,394
494,313,347,393
494,311,350,400
494,311,349,399
493,311,348,398
493,310,347,397
493,310,346,396
493,310,345,395
492,309,344,394
492,309,343,393
491,309,355,403
491,309,354,402
490,309,360,403
489,308,359,402
488,308,358,401
488,308,357,402
487,309,356,403
486,309,356,404
484,309,355,405
483,310,354,404
483,310,353,404
484,309,352,404
479,310,363,406
478,313,362,405
476,311,365,406
476,312,364,405
476,312,363,402
476,311,362,401
476,310,361,400
476,309,372,407
476,306,372,407
477,308,375,408
475,308,375,408
474,308,374,407
477,311,375,404
476,310,375,404
475,309,375,404
479,310,373,401
478,307,372,400
476,308,374,402
477,306,374,402
478,305,374,402
478,307,374,402
478,308,378,406
477,307,378,406
480,307,375,405
479,306,375,405
478,305,375,405
477,305,375,405
476,305,375,405
480,306,375,406
479,306,375,406
479,306,375,406
478,307,375,406
481,309,367,403
479,310,367,403
478,311,366,402
480,313,366,399
479,313,365,398
482,316,363,398
481,316,363,398
480,316,363,398
479,315,362,397
478,316,361,396
486,319,359,397
485,319,358,396
485,319,358,396
484,318,358,396
483,318,358,396
487,320,356,398
487,320,355,397
486,319,354,396
486,319,353,395
486,320,352,394
476,317,363,401
476,316,362,400
476,314,361,399
474,314,364,400
474,313,364,400
474,312,363,399
475,316,364,398
474,316,363,397
477,318,364,398
477,317,363,397
477,317,362,396
477,316,362,396
477,315,362,397
477,314,361,396
479,316,364,398
479,317,363,397
476,317,371,398
475,317,371,398
479,319,368,397
478,320,368,397
477,319,368,397
481,319,364,397
481,319,363,396
482,321,364,394
481,320,364,394
482,319,364,395
481,318,364,395
482,318,366,396
481,318,365,395
481,318,365,395
487,319,363,396
487,319,362,395
487,318,361,394
490,318,363,396
489,318,362,395
488,318,361,394
491,319,364,395
490,319,358,394
489,319,357,393
491,319,361,395
490,319,360,394
489,319,356,393
488,319,358,392
487,319,357,391
486,318,356,390
485,319,362,391
484,318,361,390
484,317,360,389
483,316,359,388
483,314,358,387
479,316,367,391
479,315,366,390
479,314,365,389
474,317,371,390
473,315,370,389
473,315,369,391
473,315,368,390
473,315,367,391
473,316,367,391
473,319,366,390
472,319,366,390
471,319,365,389
471,318,364,388
471,317,363,387
470,315,363,387
470,318,368,390
469,318,368,390
467,319,371,392
465,322,371,392
461,319,369,393
460,320,368,392
461,319,350,391
459,317,349,390
457,317,348,389
460,319,346,394
460,319,345,393
463,319,339,392
464,319,338,391
464,319,336,391
464,318,335,390
465,319,337,390
465,318,336,389
464,317,335,388
466,316,337,387
466,315,336,386
469,315,337,386
468,314,336,385
468,313,335,384
474,314,331,381
474,314,330,380
474,313,330,378
471,312,329,377
469,311,328,376
473,313,324,374
472,311,323,373
470,310,322,372
469,309,321,371
475,311,320,370
475,309,319,369
474,307,318,368
474,312,329,368
473,312,328,367
476,315,327,368
475,317,326,367
477,312,322,369
478,313,321,368
473,312,326,373
474,312,325,372
472,313,329,372
471,312,328,371
471,313,328,374
472,313,327,373
473,314,328,374
473,314,327,373
471,315,329,373
470,314,329,373
473,316,323,373
471,315,323,373
477,314,316,374
477,314,315,373
481,315,316,374
481,314,315,373
482,315,315,372
481,315,314,371
483,315,313,372
482,315,312,371
481,315,311,370
480,315,310,369
484,314,307,372
483,314,306,371
485,314,308,373
484,314,307,372
486,306,310,381
486,305,309,380
480,306,317,380
479,305,316,379
478,305,315,378
482,308,314,378
481,308,313,377
481,307,312,376
482,307,311,375
487,308,315,384
487,308,314,383
488,309,320,380
487,309,319,379
492,308,314,379
492,308,313,378
491,308,312,377
491,308,311,376
485,304,317,388
485,303,316,387
484,305,330,387
483,303,329,386
486,305,329,386
487,305,328,385
488,308,315,385
488,307,314,384
488,307,313,383
488,307,312,382
489,307,311,382
489,307,310,381
491,307,309,384
490,306,308,383
492,306,309,384
493,306,308,383
493,306,307,382
493,306,306,383
494,306,324,382
495,308,330,381
489,306,341,389
489,308,340,388
488,309,339,387
491,306,338,387
490,305,326,386
492,306,330,387
492,306,329,386
493,306,328,388
493,306,326,387
496,306,322,388
496,306,321,387
499,304,318,390
499,304,317,389
501,304,322,390
500,304,321,389
507,302,316,390
507,303,315,389
511,301,314,390
511,302,313,388
512,302,312,390
512,302,311,389
515,300,308,391
516,299,307,389
521,297,303,392
506,295,320,391
507,294,319,390
507,294,318,393
506,297,317,389
505,297,316,388
503,297,315,387
502,296,314,386
501,296,318,388
500,296,317,387
494,298,316,387
492,298,315,386
492,297,317,386
492,296,316,385
492,296,315,384
492,296,314,383
493,299,317,385
490,301,316,384
485,304,315,383
488,304,322,388
488,305,321,387
470,306,338,387
470,308,337,386
469,306,337,386
469,307,336,385
469,307,335,384
469,306,334,383
466,302,354,390
466,302,353,389
466,303,352,388
466,305,351,387
466,306,350,386
468,306,358,385
470,307,357,380
471,307,356,379
467,303,366,387
467,303,366,387
469,303,368,388
468,304,368,388
467,305,367,387
467,304,369,388
466,305,368,387
465,305,367,386
464,304,367,384
463,304,366,383
470,304,362,384
469,304,361,383
468,304,360,382
468,302,372,386
467,302,371,385
467,301,370,384
466,300,369,383
468,303,369,385
467,302,368,384
467,300,350,388
469,307,349,387
469,305,348,386
468,305,340,387
467,300,339,388
467,306,340,389
467,304,339,388
467,305,375,390
466,305,374,389
469,307,355,388
467,306,355,388
470,305,354,390
470,305,353,389
472,305,350,389
470,304,349,388
472,306,348,387
471,305,347,386
470,304,346,385
469,304,345,384
469,304,344,383
468,305,343,382
468,307,363,385
468,306,363,385
469,307,361,386
468,306,360,385
470,307,358,386
470,306,357,385
471,306,356,384
470,306,356,384
469,306,355,383
469,306,354,382
468,306,353,381
471,311,351,381
471,311,350,380
471,311,349,379
470,311,348,378
473,312,344,377
473,312,343,376
473,313,342,375
472,314,341,374
480,313,321,377
479,313,320,376
478,312,319,375
477,312,330,379
478,312,329,378
486,311,325,381
486,311,324,380
486,311,323,379
486,311,322,378
488,311,322,379
487,311,321,378
486,311,320,377
485,312,319,376
485,313,318,375
476,311,311,383
476,309,311,383
477,308,311,383
481,311,302,385
483,311,300,384
484,310,300,384
485,308,300,384
485,310,299,383
485,309,298,382
492,308,295,381
489,308,294,380
486,308,293,379
485,308,292,378
488,310,302,377
489,309,301,376
493,308,301,378
494,307,300,377
497,306,300,378
497,305,299,377
498,306,298,378
497,306,297,377
490,308,298,379
485,310,298,379
483,310,297,378
483,310,296,377
479,314,299,378
479,311,298,377
479,309,298,377
475,314,301,376
475,312,301,376
476,311,301,376
477,310,301,376
477,313,303,374
477,313,303,374
476,312,303,374
475,311,303,374
476,313,326,377
475,312,326,377
475,312,325,376
474,312,324,375
480,310,329,378
479,309,329,378
484,311,331,380
482,310,330,379
484,312,317,381
483,311,317,381
483,312,323,379
482,310,323,379
484,312,321,379
483,312,321,379
488,313,320,376
487,313,319,376
486,314,318,375
484,314,317,374
484,313,321,375
483,313,320,374
486,313,321,375
485,312,320,374
489,311,316,377
489,312,315,376
486,314,315,379
486,314,314,378
488,316,308,379
489,315,307,378
490,314,307,378
482,315,324,377
482,314,324,377
483,313,323,376
484,313,322,375
482,315,321,376
483,315,320,375
483,314,320,375
482,313,320,375
482,313,319,374
480,316,324,377
480,316,323,376
481,317,322,375
483,317,325,376
483,316,324,375
483,315,323,374
482,314,322,373
489,315,306,375
488,315,306,375
487,314,305,374
490,315,306,375
488,315,306,375
491,315,305,376
490,315,304,375
492,315,303,375
491,315,302,374
492,313,304,376
492,312,304,376
492,311,304,376
494,310,304,376
504,314,292,385
504,313,291,384
502,312,290,383
487,316,310,383
485,315,309,382
485,315,308,381
484,319,317,381
483,317,317,381
482,317,317,381
488,317,313,381
488,316,313,381
489,317,312,380
489,316,312,381
490,320,318,379
489,320,318,379
489,320,328,379
489,320,327,378
489,320,327,378
488,320,327,378
487,316,314,381
486,316,313,380
485,316,312,379
484,317,311,378
472,319,328,382
471,320,328,382
463,314,337,384
464,313,336,383
462,316,343,384
462,317,343,384
463,315,345,386
463,315,345,386
463,315,344,385
463,314,344,385
463,313,343,384
462,313,344,385
461,313,344,385
459,312,344,385
457,311,344,385
459,314,344,384
458,313,344,384
457,313,343,383
456,313,343,381
455,313,343,381
459,317,340,380
458,318,340,380
457,317,340,380
456,315,347,381
455,315,347,381
454,315,346,380
454,315,345,379
454,317,356,378
454,316,355,377
455,316,354,376
455,316,354,376
456,317,354,382
455,316,354,382
454,315,354,382
454,314,353,381
455,316,352,382
455,315,351,381
454,313,351,381
456,314,348,379
454,308,348,379
452,299,348,379
450,284,348,379
456,275,345,380
453,249,345,380
458,238,342,390
459,227,366,402
451,227,384,397
451,225,383,391
440,226,390,377
435,224,394,373
434,219,393,372
437,211,390,370
437,209,389,369
438,212,390,369
439,213,390,369
445,219,386,366
446,220,386,366
454,226,380,362
455,230,379,361
457,232,376,369
458,236,375,368
461,241,372,371
461,243,371,370
461,244,370,369
463,245,370,369
463,242,370,369
463,238,369,368
463,233,369,368
463,230,370,369
463,223,370,369
463,217,370,369
451,214,381,362
452,209,381,362
454,208,381,365
455,205,381,365
457,207,378,367
457,205,379,368
459,207,376,372
460,210,375,371
468,209,368,375
468,216,369,376
467,222,388,378
467,235,388,378
460,240,394,382
457,255,393,381
455,226,386,409
464,228,368,405
467,229,363,403
468,236,363,403
467,233,363,403
469,233,362,402
471,228,361,401
472,224,361,401
473,220,360,400
475,217,362,407
476,214,362,407
476,212,362,407
467,212,368,410
467,210,368,410
467,209,368,410
469,212,371,411
469,211,371,411
469,210,370,410
468,210,369,409
468,220,392,408
467,221,392,408
468,229,391,407
477,238,385,406
477,242,383,404
488,255,380,404
488,252,380,404
485,267,387,401
485,265,386,400
482,274,386,398
482,272,385,397
481,279,386,394
480,278,385,393
467,279,400,396
467,279,399,395
467,279,398,394
467,280,406,393
467,280,405,392
467,279,405,392
477,279,393,391
488,279,381,399
488,278,380,398
491,277,381,398
491,276,380,397
490,275,379,398
490,277,378,399
490,277,377,398
490,276,376,397
491,275,375,396
491,279,374,396
491,278,374,396
491,277,373,395
491,277,372,394
491,277,371,393
491,277,370,392
491,277,369,391
491,276,368,390
491,283,367,390
491,283,366,389
491,282,365,388
491,281,364,387
491,287,363,386
492,288,362,389
463,287,391,388
464,286,389,386
465,285,387,384
465,284,386,383
465,283,384,381
469,294,380,380
469,293,379,379
469,302,378,376
479,304,374,375
481,310,373,370
481,309,372,369
482,312,372,368
482,312,371,367
482,312,370,366
504,314,355,366
501,314,358,366
500,315,357,365
469,314,387,367
469,313,386,366
482,313,377,367
478,313,381,367
478,311,380,366
479,311,381,363
481,305,381,363
482,303,379,364
483,293,379,364
484,277,375,382
485,265,375,382
487,260,369,388
489,253,369,388
485,247,366,406
486,244,363,414
489,241,363,414
489,237,384,425
492,236,384,425
490,229,404,433
493,230,404,433
495,225,414,441
497,228,414,441
498,222,426,438
497,217,428,445
497,215,432,438
493,216,441,439
496,213,444,436
496,216,444,436
491,212,451,442
491,216,451,442
493,214,455,446
496,219,455,446
496,215,463,449
498,220,463,449
507,213,458,456
510,218,458,456
514,202,456,473
514,205,456,473
518,189,468,488
520,178,483,491
521,185,484,492
530,183,490,485
532,193,490,485
535,204,506,507
536,221,507,499
524,216,531,504
527,229,532,491
532,224,533,496
535,231,534,489
505,221,544,499
508,218,545,500
480,200,574,520
484,187,574,520
470,183,587,537
466,169,587,537
427,171,612,549
414,162,611,548
410,148,602,563
391,148,601,562
373,143,599,562
372,142,599,562
349,147,613,566
338,150,613,566
330,134,613,586
324,133,613,586
310,122,613,597
310,121,613,597
303,108,614,610
303,108,613,609
305,108,614,610
309,108,614,610
313,110,613,609
303,110,619,605
309,112,618,604
311,123,616,588
316,125,615,587
324,135,605,579
325,143,603,568
336,159,596,552
343,163,595,551
350,165,594,550
361,183,561,522
374,185,547,517
382,185,546,516
403,179,510,510
409,182,509,509
418,179,504,503
425,182,503,502
429,180,495,498
432,185,494,497
448,186,478,489
448,194,477,488
447,186,473,481
446,192,472,480
451,187,460,469
449,191,459,468
445,186,451,458
443,189,450,457
436,185,443,439
433,185,442,438
433,186,436,431
430,188,435,430
428,193,430,420
427,197,430,420
433,206,422,408
433,211,421,406
432,218,421,406
444,210,413,409
443,216,413,409
444,208,412,410
441,213,412,410
439,217,411,410
436,221,410,409
424,219,412,407
422,222,412,407
413,213,410,408
412,215,409,407
408,210,406,406
407,210,405,405
404,213,400,403
405,216,399,402
404,223,399,406
408,230,398,405
413,241,394,406
419,248,393,405
423,256,390,403
430,258,389,402
434,260,388,401
417,264,403,400
419,265,402,399
419,263,401,399
421,263,400,398
423,263,399,399
426,263,398,398
408,263,409,400
410,261,408,399
400,260,407,400
401,259,406,399
403,267,402,398
408,262,401,397
405,268,402,388
408,263,402,388
412,271,397,394
416,267,395,392
442,291,367,373
450,305,362,364
460,310,359,352
462,311,359,349
464,310,359,349
462,308,348,351
461,308,348,351
460,307,358,351
459,308,359,353
458,306,359,353
455,303,370,355
455,301,370,355
448,309,376,355
449,309,375,354
448,312,369,351
446,314,368,350
447,314,369,349
446,314,368,348
445,310,375,351
444,310,375,351
445,311,372,353
445,311,372,353
444,310,374,355
443,310,373,354
442,309,373,354
441,310,375,356
439,309,376,357
443,311,379,354
442,311,379,354
444,310,379,356
443,311,378,355
442,311,382,356
441,310,382,356
450,311,374,354
448,309,374,354
446,305,378,358
445,296,378,358
441,290,380,360
441,275,380,360
439,255,377,364
437,238,377,364
436,230,376,400
436,227,376,403
415,223,392,407
415,222,390,418
408,224,392,419
388,231,413,419
377,238,421,420
377,240,420,419
377,259,420,419
377,265,419,418
372,286,424,413
373,286,423,412
374,291,424,409
375,292,423,408
376,297,424,406
378,296,424,406
381,303,424,400
383,303,424,400
390,313,422,391
391,314,419,388
388,316,424,388
387,315,424,388
390,313,422,391
389,313,420,389
390,313,422,392
391,313,420,390
389,315,423,390
389,313,423,390
391,317,422,387
392,316,420,385
390,319,417,387
389,318,417,387
393,316,414,389
393,318,413,388
392,315,424,390
392,315,423,389
391,315,422,388
396,315,405,389
396,315,404,388
397,315,403,388
398,315,401,386
399,314,401,386
400,319,400,385
400,319,399,384
400,319,398,383
400,318,398,383
400,316,398,389
400,315,407,389
399,314,407,389
397,313,407,389
394,312,408,390
392,316,416,387
391,316,415,386
394,317,416,387
394,316,416,387
396,317,416,387
395,316,416,387
394,315,415,387
393,314,415,387
395,319,415,384
394,318,414,383
395,320,413,381
394,321,412,380
393,321,411,379
400,319,412,383
400,320,411,382
406,317,402,385
405,317,401,384
397,314,415,387
396,313,415,387
397,317,419,385
397,316,419,385
406,318,411,385
405,317,411,385
411,318,400,382
412,313,399,381
416,310,398,379
416,310,397,378
418,291,399,382
415,270,400,386
415,250,400,386
407,237,400,388
404,232,399,399
399,232,400,403
400,235,394,407
387,244,404,409
378,256,408,410
380,267,406,409
377,276,405,408
376,301,404,397
377,314,404,388
379,314,403,387
380,314,402,386
379,314,401,385
379,313,401,387
378,317,406,384
377,315,406,384
362,314,423,385
363,313,423,389
365,317,419,383
365,315,419,383
364,314,418,382
366,315,416,384
366,318,415,383
367,324,413,381
366,314,417,388
364,314,416,387
370,317,415,383
369,316,415,383
365,315,415,384
365,315,414,383
366,315,414,383
366,315,414,384
365,314,415,384
371,317,415,382
371,316,414,381
369,315,414,381
368,314,414,381
368,314,413,380
369,314,413,380
369,314,412,379
369,317,413,381
369,317,412,380
371,318,413,380
371,318,412,379
371,317,411,378
370,316,411,382
368,314,411,382
370,318,415,381
369,318,415,381
370,318,415,382
369,319,414,381
369,319,413,380
373,318,374,380
372,319,373,379
373,318,367,382
371,314,367,382
370,316,368,379
371,306,368,379
370,296,380,379
374,278,380,379
381,269,380,379
385,249,380,379
373,261,391,399
366,262,404,391
359,261,418,391
363,262,418,388
368,262,418,388
385,267,401,391
389,267,401,391
374,283,425,388
378,286,425,388
388,300,418,391
389,305,418,391
387,315,415,388
384,315,416,388
369,317,422,384
368,316,422,384
375,316,416,386
373,316,416,386
378,317,393,385
376,316,393,385
375,317,407,386
373,315,407,386
371,317,411,388
370,317,410,387
371,318,416,386
383,320,411,382
382,319,411,382
384,320,404,385
384,319,404,385
374,321,419,383
373,320,419,383
380,320,410,384
379,319,410,384
379,319,410,384
378,319,410,384
380,320,414,386
379,319,414,386
382,321,411,384
380,320,411,384
379,321,410,386
378,320,411,387
378,321,412,384
377,320,412,384
375,320,410,384
375,320,410,384
371,320,424,387
370,319,424,387
370,319,409,386
369,319,409,386
372,319,421,385
372,317,420,384
372,316,420,384
372,315,420,384
370,317,411,383
367,312,411,383
369,315,420,376
368,306,420,376
372,283,412,389
372,263,412,389
367,248,407,399
369,230,407,399
371,239,404,412
373,233,403,411
358,251,414,404
359,263,413,404
359,276,412,404
356,290,408,407
357,296,404,407
358,294,404,407
351,304,413,396
353,308,409,393
358,305,409,393
364,316,412,390
364,316,411,389
373,318,405,387
371,317,405,387
371,317,402,386
370,316,401,385
371,316,402,387
371,317,401,386
368,319,386,385
368,318,385,384
367,319,384,384
367,318,384,384
366,317,383,383
365,316,382,382
366,316,382,388
366,316,382,388
369,318,383,388
367,317,382,387
369,307,378,390
363,306,377,389
352,285,378,391
347,281,377,390
339,247,391,399
331,227,392,408
330,207,390,409
329,190,410,410
330,184,410,405
340,178,411,404
349,168,409,404
359,157,408,405
366,144,413,411
373,136,414,407
378,137,414,407
385,133,414,397
391,135,412,398
398,139,401,404
403,149,404,405
410,161,405,404
420,170,396,405
446,179,377,410
450,185,377,410
