251,406,211,204
248,400,209,200
246,394,205,199
242,389,202,199
238,384,199,199
232,378,199,201
227,371,197,202
220,363,195,204
214,355,194,208
207,341,197,213
203,331,197,205
199,319,196,208
193,309,196,208
188,301,200,208
184,291,200,205
180,285,200,199
180,276,200,199
179,267,200,198
179,259,199,197
177,251,198,193
176,244,198,186
176,238,197,182
177,234,197,179
178,229,204,159
179,226,206,158
180,223,208,150
181,221,211,128
184,222,216,118
186,224,219,106
190,226,214,102
194,226,218,94
194,227,216,92
201,227,220,88
202,225,217,90
204,223,217,89
208,222,218,89
208,216,214,95
208,219,218,91
208,218,219,91
208,220,218,88
210,217,218,89
210,214,217,95
212,214,214,93
212,216,216,95
211,216,215,96
210,216,217,97
209,215,222,98
212,216,219,97
209,218,217,96
206,219,217,94
203,217,218,97
198,220,221,96
196,220,221,96
192,222,223,95
190,225,223,95
190,227,223,95
190,229,223,95
190,232,224,94
189,235,224,93
188,236,225,92
189,235,225,93
188,234,224,92
188,233,224,93
187,231,224,93
187,229,224,94
187,226,225,93
187,224,226,93
257,221,156,93
197,218,212,92
198,217,211,93
215,217,190,92
196,217,214,92
206,219,204,92
170,227,237,84
176,236,229,67
177,234,225,73
173,235,189,73
174,228,188,76
174,227,195,84
174,226,186,83
174,224,216,86
173,210,236,100
172,209,230,99
171,207,230,100
172,206,230,101
171,204,234,101
172,204,230,99
172,205,230,99
172,205,230,97
171,205,230,97
171,205,230,96
170,206,234,96
171,206,233,95
170,208,234,95
173,208,228,96
174,208,226,97
177,209,227,96
178,209,223,96
185,213,217,96
186,213,217,96
176,213,228,96
175,212,228,96
174,213,229,96
173,213,230,96
168,211,232,103
170,216,233,97
169,216,229,97
167,217,230,98
166,219,231,97
164,221,234,97
165,222,234,98
166,224,232,100
166,224,231,99
165,227,231,98
164,229,230,103
165,227,231,103
165,230,232,103
166,227,231,104
165,229,238,105
164,229,238,105
164,229,236,105
163,227,235,105
169,227,233,105
169,227,231,105
164,227,240,104
164,227,241,104
164,225,240,103
165,226,239,101
168,227,239,100
168,228,239,100
163,228,239,100
171,229,233,106
179,230,226,99
175,233,228,99
179,234,224,101
178,234,224,100
172,233,228,103
168,233,236,103
167,232,232,103
166,232,235,103
169,231,235,103
168,231,232,104
167,231,232,104
161,232,237,105
160,232,237,105
158,232,245,104
159,233,245,104
159,232,240,105
157,231,240,107
156,233,240,104
154,233,240,104
153,233,240,105
150,233,241,105
147,233,242,106
144,233,243,106
144,235,245,110
141,236,243,110
142,238,240,108
141,237,240,110
136,237,248,108
139,235,245,106
138,232,241,110
136,229,242,110
138,226,241,108
143,224,239,109
142,220,239,109
142,216,239,109
145,209,239,108
146,198,240,116
146,196,240,116
146,196,240,116
146,196,240,116
146,196,240,116
145,196,240,116
151,197,231,116
150,199,231,116
146,203,246,108
149,205,243,108
150,203,241,109
153,202,239,109
154,200,239,109
154,199,239,110
155,196,239,110
155,192,239,110
156,190,240,110
155,189,241,111
156,188,241,111
159,188,241,111
160,186,241,111
163,185,241,111
163,184,241,111
164,185,241,112
170,189,238,111
170,190,238,111
170,191,239,111
169,193,235,111
169,193,235,111
169,193,235,111
169,193,235,111
169,190,235,116
170,195,238,112
172,200,238,112
176,202,238,110
178,204,235,109
181,203,233,110
182,206,234,110
185,206,234,110
186,208,235,110
189,209,235,110
190,210,235,110
190,212,234,110
191,214,233,109
191,213,232,119
191,222,232,114
191,224,232,115
191,229,231,113
190,231,232,112
190,231,232,112
190,231,231,113
189,230,231,113
189,227,231,116
188,224,231,116
190,224,231,116
191,223,231,116
192,223,230,112
192,221,229,114
191,222,231,113
190,222,232,111
191,223,231,111
191,224,230,110
192,225,230,110
192,226,230,110
193,228,231,110
193,229,228,108
193,230,229,109
193,230,230,109
200,231,226,108
200,230,226,108
201,231,226,109
202,230,226,109
204,232,226,109
204,232,225,108
204,234,225,107
204,235,225,107
201,237,226,106
201,238,226,105
201,238,229,107
201,238,228,111
203,243,229,108
204,245,229,108
206,248,229,107
208,249,230,107
209,250,231,107
212,253,230,104
217,254,231,103
221,254,231,102
226,248,232,106
227,246,232,106
229,246,233,105
230,246,233,104
230,243,234,104
231,240,233,104
232,239,233,104
237,238,230,104
239,239,228,103
241,242,228,104
242,243,228,104
244,247,229,104
244,248,229,104
245,250,230,103
245,251,230,103
246,251,231,103
245,251,231,103
245,250,231,104
245,250,231,104
245,249,231,106
244,248,231,106
245,248,231,107
244,247,231,107
246,249,230,106
245,248,230,106
246,248,228,105
245,248,228,105
245,249,229,104
244,249,229,104
246,250,226,102
246,251,226,102
246,253,225,103
247,254,225,101
247,255,226,101
247,254,226,101
246,253,229,101
245,251,229,101
245,249,231,101
244,247,232,101
243,243,234,104
242,241,234,104
242,240,235,104
242,238,235,104
242,236,236,104
242,234,236,104
245,233,236,104
246,231,236,104
246,229,237,104
247,228,237,104
246,226,238,104
247,226,238,104
247,227,239,103
247,227,239,103
250,228,240,104
251,228,238,104
251,228,238,104
251,230,239,104
252,230,238,103
252,231,239,103
253,232,239,104
254,233,236,103
254,233,237,104
256,233,238,105
256,232,239,105
260,231,238,104
261,229,240,104
265,227,242,104
270,226,240,104
275,223,242,105
280,220,243,104
286,219,244,105
290,217,245,105
296,216,246,105
300,216,246,105
307,218,245,105
312,220,244,104
316,222,246,107
318,223,246,107
321,223,247,109
322,223,247,109
326,224,246,109
329,225,246,108
330,231,251,105
332,234,251,105
335,236,251,105
336,238,253,107
342,243,249,104
344,244,250,105
346,246,253,105
348,249,253,105
352,250,254,104
354,248,254,104
356,244,255,104
360,240,256,105
365,235,258,102
371,230,256,105
378,224,257,103
388,218,260,104
396,212,260,104
405,206,260,106
413,204,259,106
421,198,260,106
426,197,262,107
433,202,262,108
437,204,263,107
440,210,264,107
442,219,262,107
441,228,263,108
441,235,264,108
441,241,264,108
444,247,264,109
447,252,264,109
453,257,264,109
459,262,265,108
467,265,264,107
477,268,264,106
488,267,265,108
497,264,266,108
508,263,266,107
519,258,258,107
527,252,258,106
534,247,257,106
541,243,255,105
546,240,257,105
552,239,257,105
563,243,255,104
571,248,254,103
578,253,255,103
586,260,255,104
591,267,255,103
600,274,254,105
604,283,255,105
610,288,255,106
617,292,252,106
622,301,252,104
625,304,252,104
630,311,250,103
632,315,251,102
635,318,250,100
635,319,253,102
634,323,255,101
636,325,257,99
635,326,260,98
637,327,259,100
635,330,261,98
636,329,262,101
634,330,264,100
633,330,263,102
633,328,264,101
633,329,263,103
629,329,265,102
628,329,265,104
625,327,266,104
625,329,266,102
623,328,263,102
619,325,268,102
619,321,266,104
620,321,267,103
619,319,267,103
621,315,268,102
620,311,268,104
620,308,268,102
624,306,267,102
623,303,269,100
625,301,270,99
623,301,269,101
623,302,270,99
622,302,270,100
623,304,267,100
623,306,268,99
624,308,268,102
624,310,269,101
622,311,269,102
622,313,269,101
622,315,268,101
623,317,267,99
623,318,268,101
624,318,269,101
624,318,268,99
626,318,268,101
625,316,270,102
625,316,270,103
625,314,270,104
626,313,271,102
625,312,271,105
625,310,270,103
623,309,271,104
623,308,271,105
623,310,270,103
623,309,272,105
623,310,270,104
623,309,273,105
622,309,270,103
623,310,269,103
621,310,272,105
621,311,269,103
620,311,271,103
620,312,271,104
619,310,271,106
618,314,271,99
620,311,270,102
619,311,272,102
619,312,271,102
620,312,269,100
619,312,272,101
617,312,272,102
616,313,272,101
615,312,272,104
615,313,272,103
614,315,272,102
615,317,272,101
613,319,272,104
614,321,272,102
613,321,272,98
613,321,272,102
613,322,272,100
613,322,272,103
611,322,272,103
614,322,272,101
612,323,272,103
611,322,271,102
610,322,271,103
611,320,271,101
611,318,272,103
612,318,271,101
612,315,271,103
613,316,272,101
613,314,271,101
615,313,272,102
615,312,271,102
614,311,271,102
616,311,273,101
616,311,270,102
617,311,272,100
616,311,272,102
617,314,272,102
616,315,273,102
617,317,272,101
617,322,271,100
617,324,271,99
617,327,273,99
618,329,272,98
618,331,273,100
618,330,273,100
618,330,274,100
616,331,275,100
615,330,276,101
618,330,271,101
615,330,274,103
615,334,275,99
615,336,272,100
613,334,274,103
614,338,273,101
615,342,272,102
614,343,273,104
614,346,273,103
613,347,273,102
613,351,274,102
614,352,268,103
613,356,274,100
613,356,274,101
613,355,273,101
613,356,275,103
613,353,275,101
611,350,276,103
609,348,275,103
609,344,274,103
609,341,274,103
609,340,275,99
607,337,274,99
610,333,273,101
610,330,273,102
610,329,273,103
610,329,274,100
610,330,273,101
612,330,271,100
611,332,273,98
611,335,272,98
611,334,275,99
611,333,274,98
612,332,276,97
614,329,273,98
617,327,274,99
622,324,273,98
624,320,275,100
628,319,274,100
631,316,274,100
630,315,275,101
633,315,275,101
635,317,275,101
640,319,272,100
639,317,275,101
644,321,273,102
645,323,275,100
647,324,276,99
652,325,276,104
652,327,275,101
654,331,275,100
655,329,275,103
658,333,275,97
658,331,272,100
658,332,275,101
659,332,272,101
659,333,273,101
659,334,272,101
659,337,272,101
660,339,271,100
661,343,272,103
663,348,272,103
665,352,271,100
666,354,272,102
667,356,272,102
668,353,272,102
669,351,271,100
670,348,271,99
671,343,270,98
672,338,270,99
670,333,271,99
670,329,271,100
670,327,275,100
671,324,275,100
671,323,275,100
671,325,275,101
671,324,276,101
672,325,275,101
672,329,277,100
673,332,275,102
672,341,277,101
671,346,277,102
669,352,277,102
668,362,277,100
666,363,276,101
667,368,274,100
664,369,275,100
664,370,275,100
666,372,276,100
666,372,275,100
665,372,275,100
665,373,276,100
663,374,276,100
665,374,274,99
666,374,274,99
668,373,274,99
671,370,272,100
671,367,269,100
674,364,268,105
676,364,265,103
676,361,267,103
677,365,263,101
677,365,260,102
677,367,259,105
675,373,259,103
675,376,258,102
674,381,258,102
673,385,258,101
672,388,258,100
671,391,259,101
669,391,259,101
670,392,259,101
669,392,259,101
668,389,260,101
667,386,260,101
666,382,260,101
665,377,260,101
665,372,259,100
665,367,258,99
666,362,259,99
665,358,260,99
665,355,261,100
664,354,262,102
664,353,261,103
663,354,261,103
663,355,261,104
663,356,261,104
663,358,262,104
665,359,261,104
666,359,261,104
667,360,261,104
667,358,261,104
668,356,261,104
668,353,261,104
668,350,261,104
667,347,261,104
666,345,262,104
664,342,262,104
663,341,263,104
660,341,263,104
659,343,264,104
658,343,264,104
656,342,265,104
654,343,266,104
652,344,266,104
651,345,267,104
650,346,267,104
651,347,267,104
651,348,267,104
650,348,272,102
650,346,270,104
649,347,268,102
648,348,274,101
648,348,274,102
648,348,275,102
647,349,275,101
646,349,278,102
645,351,279,101
643,354,280,102
642,357,281,99
642,357,286,100
642,359,285,104
643,361,284,100
642,364,285,101
642,364,286,101
640,366,289,100
638,365,289,101
633,367,293,101
630,367,293,101
628,371,297,101
626,371,297,100
623,373,302,99
621,372,302,99
620,372,303,99
619,371,303,99
617,370,303,99
616,369,303,102
615,369,303,102
614,369,306,103
614,367,306,104
614,366,305,103
612,365,305,103
612,363,305,105
611,361,305,105
610,362,307,105
609,361,307,105
609,362,307,104
608,361,307,104
608,361,307,104
609,361,308,107
609,359,308,107
608,359,308,107
607,357,308,105
606,355,308,105
608,353,309,105
608,349,309,105
610,344,309,105
611,338,309,105
615,332,309,105
616,325,309,105
621,320,310,105
622,316,310,105
624,312,312,104
624,309,312,104
627,307,311,103
626,306,311,103
628,304,310,102
629,301,310,105
630,298,310,105
631,294,309,104
631,289,308,103
631,282,310,108
631,273,310,109
630,264,310,109
632,256,309,110
631,248,309,107
630,241,308,106
629,237,307,105
628,234,309,105
627,231,309,105
624,229,310,105
620,228,310,105
615,228,310,105
609,228,310,105
606,230,309,105
601,232,309,105
598,237,308,104
594,240,308,104
589,245,309,102
584,250,309,102
580,254,309,102
576,259,309,101
572,262,310,100
567,263,310,102
563,264,310,102
560,267,310,100
556,268,309,99
553,270,308,98
551,272,310,101
549,274,310,100
547,278,309,99
546,281,308,99
545,283,308,98
544,286,307,101
543,287,308,101
542,290,309,100
540,292,309,100
538,291,312,102
536,291,311,101
534,290,313,103
533,289,313,103
534,289,313,103
533,288,313,103
533,288,314,103
532,288,314,103
531,289,314,103
531,291,314,102
531,293,314,102
530,297,317,103
529,299,317,103
528,300,316,102
530,301,315,106
531,303,314,108
531,304,314,108
531,304,314,108
532,303,314,108
532,301,314,110
532,300,314,110
532,298,314,110
532,297,314,110
535,295,313,110
535,293,313,110
535,292,313,110
533,290,313,110
532,289,312,110
531,288,312,110
531,289,312,110
529,291,311,109
529,291,312,111
529,292,310,113
528,293,309,112
528,296,309,113
527,297,309,113
527,298,309,113
525,297,309,113
522,295,309,113
519,296,310,113
516,294,310,113
515,293,309,110
512,290,309,110
510,287,309,110
507,283,309,109
506,281,308,108
506,279,309,108
506,277,309,108
506,277,308,108
505,276,307,107
504,275,307,107
503,274,307,107
503,275,307,107
502,275,307,107
502,276,307,107
501,276,307,107
502,278,307,107
502,279,307,107
503,281,307,107
503,283,308,107
504,286,308,107
504,288,308,107
505,290,307,106
507,292,306,105
507,293,306,105
509,294,307,105
510,294,307,106
509,294,307,106
511,293,307,106
512,293,306,107
511,292,306,107
511,293,305,106
509,293,304,105
509,293,305,105
507,295,307,105
506,296,307,105
505,297,307,105
506,298,307,108
506,298,307,108
509,300,305,106
511,300,305,106
512,299,305,106
512,298,305,105
513,297,306,105
514,295,306,105
514,293,306,105
514,292,306,105
515,290,305,105
515,288,305,105
515,285,305,105
516,282,305,105
517,281,305,105
516,279,306,105
515,280,306,106
514,281,307,106
515,283,306,106
514,284,306,106
515,285,306,106
516,287,306,106
517,289,305,106
518,289,305,106
519,289,305,106
518,289,305,106
519,287,305,106
519,286,305,106
519,283,305,106
519,281,305,106
520,279,305,106
519,278,305,106
518,278,305,106
518,278,305,106
519,280,305,106
519,282,305,106
520,285,305,106
522,288,303,105
523,292,303,105
525,295,303,108
525,298,303,108
528,303,300,108
527,305,300,108
528,309,300,106
529,310,300,106
529,310,300,106
529,309,301,106
528,307,301,106
527,305,301,106
526,303,301,106
528,300,301,106
528,297,301,106
528,294,300,105
527,293,300,105
528,290,302,105
529,289,302,105
529,288,302,105
530,289,302,104
529,289,302,104
528,289,303,104
527,289,302,103
525,290,303,105
524,291,302,104
522,293,302,104
520,295,301,103
519,297,300,102
520,297,302,103
520,297,303,104
520,296,304,104
519,295,304,104
519,294,304,104
519,293,304,104
518,293,304,103
517,293,304,103
518,292,304,104
517,292,304,104
517,292,303,104
516,293,303,104
516,294,305,104
517,297,304,104
517,297,304,104
517,297,305,104
517,297,305,104
518,297,305,104
518,297,305,104
520,299,304,103
520,300,304,103
521,301,305,103
520,302,305,103
520,302,305,102
519,303,305,102
519,303,305,103
517,303,305,103
517,303,305,104
516,302,305,104
517,302,304,104
517,301,304,104
518,301,305,104
518,300,306,104
518,298,306,104
521,297,305,103
522,296,305,103
522,295,306,103
522,293,307,103
524,291,307,103
523,290,307,103
523,290,308,103
523,291,308,103
523,293,308,102
524,293,308,102
525,294,309,102
525,293,310,102
527,293,310,101
528,293,310,101
528,291,310,104
527,290,311,104
528,290,309,106
527,289,309,106
529,289,307,105
528,289,307,105
528,289,306,107
528,290,306,107
528,292,306,106
529,294,306,106
529,296,307,107
530,298,307,107
531,301,305,107
531,304,305,107
532,306,304,108
533,308,304,108
534,310,304,108
534,312,303,107
534,313,303,107
534,314,303,108
534,314,303,108
534,313,303,107
535,311,304,107
534,309,304,107
534,306,304,107
534,304,304,107
533,305,304,107
531,304,307,109
531,304,307,109
530,305,309,110
529,306,309,110
526,309,314,108
526,311,316,108
526,313,319,108
526,316,321,108
524,317,321,108
523,320,322,106
522,321,322,106
521,321,325,106
520,320,325,106
520,321,323,105
518,321,323,105
517,321,326,104
516,321,326,104
516,321,325,103
516,321,324,102
515,322,324,102
513,321,324,102
508,320,326,102
507,319,325,101
501,319,331,101
500,318,331,101
499,317,332,102
498,315,332,102
497,313,329,102
498,311,328,101
499,308,328,104
500,305,328,104
499,301,328,108
500,297,328,108
500,292,327,113
501,286,326,116
499,282,325,118
497,276,325,122
496,271,325,126
493,268,323,129
490,266,323,134
490,263,320,142
487,259,318,152
487,256,315,163
485,255,315,167
484,254,315,170
486,253,309,174
486,252,303,180
487,250,302,185
489,245,300,189
492,243,296,200
494,241,291,203
496,235,285,213
498,233,281,220
499,229,276,230
500,224,271,239
497,223,270,248
494,222,267,253
493,223,262,255
490,224,261,259
488,226,256,264
485,228,255,266
480,230,255,268
480,232,252,270
478,236,249,272
476,239,246,273
474,241,245,274
474,243,242,274
470,244,241,275
468,245,241,275
466,245,241,274
467,244,237,273
467,243,232,274
465,246,232,273
464,248,228,272
464,252,225,266
467,250,223,266
470,247,221,266
475,244,220,264
483,236,219,264
492,230,219,262
501,221,219,263
511,214,219,259
521,210,218,255
529,205,220,252
537,202,220,248
542,202,220,243
546,204,222,239
546,205,223,238
548,208,225,238
550,211,225,238
553,212,225,238
556,220,226,232
557,226,230,228
560,231,232,228
562,234,233,229
564,242,234,222
565,244,235,223
568,248,232,220
569,247,232,220
567,248,234,216
567,244,234,216
567,243,235,212
568,238,235,212
566,236,236,209
567,231,237,210
566,230,238,206
567,227,238,206
565,227,241,205
565,226,241,205
561,230,244,201
559,228,245,201
555,232,248,194
554,233,249,192
556,231,249,192
557,232,252,187
560,232,254,187
565,232,254,184
568,228,255,184
573,228,255,181
575,226,259,179
578,225,260,177
581,223,260,177
581,223,261,175
581,223,263,175
582,225,263,175
583,226,263,175
581,232,264,174
581,238,264,174
580,242,266,173
580,249,266,170
580,252,266,170
580,257,266,167
580,260,267,167
580,262,267,167
578,263,270,164
577,263,270,164
577,265,270,161
576,265,272,161
575,263,272,158
574,262,274,158
573,261,274,156
571,260,275,156
569,260,275,156
567,260,276,156
565,260,276,156
563,263,274,156
559,264,276,155
558,266,276,155
557,267,276,157
557,268,276,157
557,269,277,157
557,270,278,159
557,270,277,158
557,270,277,158
556,269,277,160
555,267,277,160
554,270,275,157
554,270,275,157
552,271,277,157
551,271,277,159
550,271,277,159
549,273,278,157
549,274,278,159
549,274,278,159
548,277,279,157
547,278,279,157
548,280,278,156
548,281,278,156
551,282,277,155
552,283,277,155
553,284,277,155
554,283,277,155
556,286,276,156
557,286,276,156
560,287,273,156
561,288,273,156
563,290,272,156
564,291,272,156
564,294,272,156
564,294,272,156
564,296,272,154
563,297,272,154
564,298,271,153
563,297,271,153
562,296,271,153
565,297,269,152
563,298,269,152
563,297,268,153
562,296,268,153
562,297,268,153
561,296,268,153
564,295,267,154
563,294,267,154
562,294,267,154
564,295,266,155
563,295,266,155
564,295,267,154
564,295,267,154
562,295,267,154
561,297,267,154
558,297,267,154
556,299,267,153
553,301,267,153
551,303,267,153
549,305,267,153
547,306,267,153
546,306,266,152
547,306,266,153
548,306,266,153
548,306,266,153
547,304,266,153
546,302,266,153
545,300,266,153
545,299,266,153
543,297,266,153
541,295,266,153
539,293,266,153
536,292,266,153
534,291,266,153
533,293,266,154
530,293,266,154
528,293,266,154
526,292,266,154
526,292,265,156
526,291,265,156
525,289,265,156
524,288,265,156
526,289,264,158
526,288,263,157
529,288,261,157
529,288,261,157
530,289,261,159
530,288,261,159
529,289,257,159
529,289,257,162
528,289,257,162
527,290,255,162
530,291,251,165
529,291,251,165
530,291,248,166
530,290,248,166
531,291,248,166
531,292,248,166
531,292,248,166
531,291,248,166
531,290,248,166
530,289,248,166
532,290,248,163
532,290,248,163
535,291,248,163
534,292,248,163
533,293,248,163
535,294,248,160
536,295,248,160
535,296,249,160
536,298,248,160
535,299,249,160
535,301,249,160
535,302,249,160
536,302,249,157
537,302,248,156
536,302,248,156
535,301,248,156
534,300,250,156
535,300,250,156
533,299,251,153
533,299,251,153
533,299,251,153
532,299,251,153
532,299,251,153
532,300,251,153
531,303,252,150
530,303,252,150
528,305,255,150
529,307,256,150
528,310,256,150
527,310,256,150
526,310,256,150
525,311,256,150
525,312,257,150
526,313,257,150
526,314,257,150
526,314,257,150
526,317,256,146
526,317,256,146
526,317,256,146
526,316,256,146
526,314,255,144
526,312,255,144
526,313,255,140
526,311,254,139
527,312,256,138
528,310,255,137
528,309,257,136
529,307,257,136
529,306,257,136
529,306,257,136
530,306,256,133
530,306,256,133
528,306,258,133
527,306,258,133
526,307,258,133
526,309,259,128
526,309,259,128
527,310,261,128
527,308,260,123
527,308,265,119
526,305,265,117
526,304,268,113
525,302,268,113
527,300,271,106
527,299,274,104
527,299,274,103
526,299,279,103
526,300,283,103
527,301,284,103
527,302,285,103
527,303,285,105
526,303,286,105
526,303,288,107
524,303,288,107
523,299,291,113
522,298,291,114
521,293,291,117
519,287,291,122
518,283,291,125
515,280,291,127
512,278,290,126
509,277,290,130
507,279,293,129
504,281,294,128
502,284,295,128
501,287,295,128
500,292,295,128
500,297,295,128
500,300,295,128
501,302,295,128
501,303,295,128
503,304,292,132
504,306,292,133
505,307,292,133
505,308,291,134
504,309,291,134
504,311,291,134
503,311,291,134
505,311,291,134
505,310,291,134
507,312,291,131
508,311,287,131
510,310,287,131
511,309,281,132
512,305,276,137
513,301,272,141
512,296,271,145
512,290,272,148
514,284,268,153
517,278,263,157
519,268,258,166
520,259,254,169
520,252,249,172
516,243,247,177
516,234,245,183
516,225,241,186
514,218,240,189
512,214,238,190
511,209,236,193
504,207,239,198
501,208,239,201
498,212,240,204
496,219,242,206
495,227,245,203
495,237,248,198
495,246,253,192
498,256,257,186
500,267,265,176
502,276,278,169
509,287,287,158
517,300,289,140
522,308,295,127
529,317,296,114
536,317,298,106
544,316,297,97
554,307,294,96
565,299,292,96
570,287,296,101
579,272,304,108
585,258,302,110
591,247,305,107
604,238,303,101
612,224,306,101
621,215,309,101
628,211,309,98
635,209,300,94
635,204,295,93
633,205,300,97
630,210,287,93
622,217,294,92
612,226,285,92
598,238,289,92
582,250,270,91
567,264,264,90
558,277,258,98
556,290,261,101
550,302,270,100
549,311,270,104
542,318,276,104
539,326,277,104
532,330,277,104
526,333,277,102
521,335,276,99
518,329,277,100
514,324,288,100
512,318,288,103
513,315,278,103
516,314,278,105
518,313,278,106
519,313,278,106
526,314,278,106
532,314,278,106
537,313,277,105
541,314,278,107
546,315,278,109
547,313,279,109
552,311,280,110
558,311,280,110
561,309,280,110
562,306,280,110
564,304,281,110
564,300,281,110
564,295,281,110
563,290,280,109
561,286,279,108
559,281,278,107
559,277,277,110
558,274,278,110
557,273,278,110
555,272,278,110
555,274,277,109
555,275,276,108
555,277,276,111
554,280,276,110
555,281,279,110
558,282,279,110
559,283,279,110
564,284,280,110
566,284,281,110
568,286,282,110
569,285,283,110
572,287,283,109
573,287,283,109
574,286,283,109
575,286,282,110
576,285,282,111
578,286,282,110
580,287,282,110
581,289,282,110
583,292,283,110
585,295,284,110
589,299,285,110
591,304,286,110
594,309,287,110
599,315,288,108
604,321,289,106
605,324,289,106
604,327,286,106
605,329,286,106
604,332,286,106
604,334,286,106
603,336,286,106
605,337,279,106
607,338,279,106
606,338,279,106
607,338,279,102
607,337,279,102
607,336,280,102
608,335,279,102
608,334,279,102
610,334,279,102
609,334,280,102
609,334,274,102
610,338,274,99
610,340,274,99
611,343,274,99
610,345,274,99
610,347,272,98
608,349,272,98
606,350,272,98
602,346,272,105
599,345,273,105
594,345,276,108
590,344,278,108
588,343,281,108
586,343,281,109
585,343,281,109
586,346,277,109
585,347,277,109
585,348,276,109
584,350,276,109
585,352,275,109
584,353,275,109
584,353,275,110
582,353,275,110
580,353,275,110
580,356,275,111
580,358,274,110
581,359,274,110
580,363,274,110
583,365,273,108
583,366,273,108
583,368,272,107
584,370,271,106
585,375,273,105
586,379,273,104
585,381,273,104
586,384,274,99
587,386,273,99
587,388,273,99
589,392,273,94
590,392,270,94
590,392,270,94
588,388,270,100
587,387,270,100
587,386,273,102
587,384,274,102
590,382,274,104
592,382,275,103
592,380,275,103
592,382,277,101
590,383,276,100
589,384,275,99
587,385,275,99
585,386,274,99
582,387,274,99
581,390,274,99
580,391,273,98
582,392,273,99
581,391,273,99
582,392,272,99
582,390,272,99
584,390,272,96
583,389,272,96
584,388,273,96
584,387,273,96
590,387,272,98
594,386,271,97
602,391,271,100
608,393,274,104
619,395,271,109
626,399,270,111
641,400,263,114
649,406,264,120
656,412,262,120
662,420,261,117
663,429,265,114
667,436,267,111
665,447,269,103
661,452,269,97
652,455,270,97
645,454,264,97
636,450,258,100
625,447,257,101
618,444,257,102
610,438,258,100
605,432,258,100
600,424,255,98
596,418,255,98
593,413,253,98
593,408,252,97
593,403,255,97
595,398,254,96
597,393,255,96
600,388,255,95
603,382,257,95
609,376,254,90
612,369,255,90
611,361,254,90
609,353,254,88
607,344,253,89
606,340,252,88
603,337,253,90
600,335,254,90
597,334,252,90
594,332,252,90
592,331,252,90
591,329,252,90
589,329,252,90
587,329,252,90
585,328,252,91
582,328,252,91
580,328,255,91
579,329,255,91
579,328,255,91
578,327,255,91
577,328,255,91
577,328,255,91
577,328,255,91
578,329,255,91
579,332,255,91
581,333,255,92
581,335,254,91
581,338,254,91
583,342,252,91
582,344,252,91
580,349,251,91
578,353,250,90
576,358,251,89
572,362,251,89
570,366,252,89
567,370,252,88
566,371,249,90
564,374,249,90
563,374,249,92
558,372,248,97
556,372,248,97
554,373,248,96
551,373,248,96
548,374,250,97
545,374,250,96
545,377,247,92
543,378,247,92
544,381,247,89
543,382,247,89
542,383,250,87
541,382,250,87
543,380,248,88
542,379,249,88
539,375,247,88
538,374,248,88
536,371,250,90
534,369,250,90
534,366,251,91
533,362,252,87
532,359,252,87
535,353,248,85
535,348,247,84
535,343,240,82
531,337,237,82
526,331,237,82
516,323,236,82
506,314,239,84
498,308,242,85
491,303,242,85
480,296,248,86
471,292,253,86
461,289,258,86
455,286,261,89
453,284,265,92
458,280,265,101
470,279,267,105
482,276,267,108
498,274,267,105
517,269,266,111
536,263,262,115
549,255,261,119
557,248,262,120
563,242,263,120
571,238,263,120
572,235,263,120
574,234,264,118
573,234,261,118
570,236,262,117
565,241,264,117
562,245,264,120
558,250,263,119
553,257,263,119
547,265,262,118
540,273,262,117
533,281,262,118
526,291,262,117
521,302,262,118
515,313,262,118
511,324,264,122
511,333,264,122
511,341,259,121
516,349,259,119
516,350,256,117
516,351,254,119
516,350,254,119
514,348,253,118
512,344,254,118
512,339,254,116
512,335,254,116
513,330,254,116
514,327,254,115
514,324,254,115
516,321,255,115
517,319,255,115
519,317,256,115
523,316,256,115
529,312,251,114
529,310,251,114
533,308,251,114
534,306,251,114
535,305,251,114
536,305,252,116
536,307,252,116
535,309,252,116
536,311,251,117
535,314,251,117
534,317,252,117
532,319,253,117
531,321,254,117
531,325,256,116
531,325,257,116
539,324,252,111
539,321,253,111
532,317,259,109
529,313,262,108
526,310,264,108
524,306,266,108
524,302,268,109
523,301,268,109
523,301,269,109
525,301,269,106
524,302,269,107
527,305,270,102
528,308,271,102
528,311,271,100
530,314,273,100
530,317,273,97
531,319,273,97
530,319,273,97
530,318,273,97
529,316,273,97
527,313,279,97
530,310,279,100
529,307,279,100
528,304,279,100
527,303,279,100
526,301,279,100
524,304,279,98
522,305,279,98
521,305,281,98
520,305,281,98
519,306,282,98
518,307,282,98
517,308,283,98
517,307,283,98
517,306,283,98
517,304,283,98
517,302,284,98
518,302,286,98
517,300,286,98
518,297,287,98
519,293,287,98
521,291,287,98
521,288,287,98
524,284,288,96
524,281,289,96
527,278,290,96
528,277,290,96
529,276,288,96
530,275,288,96
533,275,285,96
534,276,284,95
532,279,283,95
531,280,283,95
535,282,285,94
534,282,285,94
537,280,285,94
537,279,286,94
538,277,286,95
540,274,287,95
540,272,287,95
538,270,287,95
537,268,286,93
536,266,285,93
534,265,285,93
533,265,284,92
530,266,284,91
529,267,283,90
528,270,282,89
527,275,282,95
528,278,285,97
527,283,285,97
526,287,284,97
526,291,283,96
526,295,283,97
525,298,283,97
524,300,283,97
523,303,283,97
523,304,282,96
523,305,282,96
522,305,282,96
522,303,283,96
522,302,284,96
526,301,284,96
528,301,284,96
528,301,284,96
530,302,284,96
529,303,284,96
528,303,284,96
529,302,284,96
529,302,284,96
528,302,284,96
527,302,284,96
528,304,283,95
527,304,283,95
528,304,283,95
527,303,283,95
526,302,283,95
526,301,283,95
528,300,281,95
527,299,281,95
529,297,281,95
529,295,282,95
531,298,281,95
532,298,281,95
531,297,281,95
530,296,281,95
529,295,280,94
528,293,280,94
527,291,280,94
526,289,280,94
525,288,280,94
525,288,280,94
530,290,281,95
531,290,281,95
532,288,281,95
533,287,282,95
532,286,282,95
534,286,280,95
534,286,280,95
534,285,281,95
535,284,282,95
534,282,282,95
533,280,282,95
535,278,282,95
534,278,282,95
534,276,282,95
532,277,282,96
532,276,282,98
531,277,283,98
530,278,283,98
530,279,282,98
529,280,282,98
529,282,281,97
528,284,281,97
528,285,281,97
531,285,280,98
531,286,280,98
533,286,280,98
534,286,281,99
534,287,281,99
536,287,282,100
536,288,282,100
537,289,282,100
536,290,282,100
535,291,282,100
536,292,282,100
535,294,282,100
535,296,282,100
534,298,282,98
533,300,282,98
533,301,282,98
533,302,281,97
531,303,281,97
530,305,281,97
529,307,280,96
529,308,282,96
528,307,282,96
529,307,282,95
528,306,282,95
530,301,281,97
529,300,282,97
529,298,284,97
527,296,284,97
526,295,285,97
524,295,285,97
523,294,284,96
522,295,284,96
522,295,285,96
521,296,285,96
522,298,285,95
521,300,284,94
521,300,284,97
521,300,284,97
520,301,284,97
519,302,284,97
520,302,286,97
519,302,286,97
519,301,284,97
521,300,284,97
521,300,284,97
522,299,282,97
523,299,281,97
523,300,281,97
522,301,281,98
523,302,281,98
523,304,280,97
522,307,279,96
521,310,280,95
520,313,279,94
521,315,280,99
520,317,278,98
519,320,281,98
518,323,280,97
517,325,279,98
516,325,280,98
515,326,283,98
515,326,283,98
513,324,283,98
514,325,283,98
513,323,283,98
513,322,283,98
512,322,282,97
512,323,283,97
512,324,283,97
512,326,284,97
514,326,284,97
514,326,284,97
515,329,284,98
515,330,285,98
518,330,285,99
518,332,286,99
517,333,285,99
516,333,285,99
516,333,284,98
516,333,283,97
515,333,283,97
515,333,283,97
514,333,283,97
513,333,282,97
513,334,282,97
514,331,282,99
514,330,282,99
515,330,282,99
515,330,282,99
516,330,283,99
515,330,283,99
517,331,283,99
518,332,283,99
521,331,283,98
521,332,283,98
523,331,283,97
523,331,283,97
524,329,283,99
523,328,283,99
523,327,282,99
521,327,282,99
522,326,282,99
521,326,282,99
520,327,282,99
518,328,282,99
517,329,282,99
518,328,281,99
518,328,281,99
517,328,280,98
517,329,280,98
518,330,280,98
520,331,280,99
521,332,279,98
521,333,279,98
522,332,279,98
521,332,279,98
521,331,279,98
522,330,279,98
522,330,279,98
522,329,279,98
521,328,279,98
520,327,279,98
518,326,279,98
518,325,279,98
518,324,281,98
518,324,281,98
516,323,281,98
515,323,281,98
516,322,281,98
518,321,281,98
518,321,281,98
518,320,281,98
517,319,281,98
519,320,279,98
521,319,280,98
523,319,278,98
525,320,278,98
525,320,278,98
525,319,278,98
527,317,277,97
528,316,277,97
528,314,277,97
527,313,277,97
527,312,277,97
527,311,277,97
528,310,278,97
528,310,278,97
529,309,278,97
530,310,278,97
531,310,278,98
531,310,278,98
532,311,278,98
532,311,277,97
532,310,277,98
532,311,276,97
532,312,278,97
532,311,278,97
531,309,278,98
531,308,278,98
533,306,277,98
533,306,277,97
532,306,276,97
531,305,275,96
529,303,275,96
532,302,275,96
534,301,275,96
534,300,275,96
534,295,276,98
533,292,276,98
532,292,274,97
532,292,274,97
531,292,275,97
531,293,274,96
531,294,275,96
531,296,274,95
533,297,272,95
533,299,272,95
532,300,274,98
532,302,275,97
532,302,273,96
530,302,273,96
527,302,273,97
526,300,274,97
526,299,274,96
526,298,275,96
528,296,273,96
528,294,273,96
528,293,273,96
528,293,273,96
528,292,272,95
528,293,272,95
528,294,273,97
528,295,272,97
527,297,273,96
528,297,273,98
528,300,272,97
529,301,273,98
530,303,273,99
531,305,272,99
530,306,271,99
529,306,271,99
527,305,271,98
526,305,271,98
526,305,272,98
526,305,272,98
526,304,273,97
526,304,274,97
525,303,274,97
525,302,274,97
524,302,273,97
525,302,273,97
524,302,272,97
524,305,272,97
524,307,271,96
525,308,271,97
526,309,269,96
527,309,267,96
526,309,267,98
525,308,268,98
525,309,267,97
525,309,267,97
526,310,267,98
528,310,268,99
528,310,268,99
529,310,267,99
529,311,267,99
529,311,268,97
530,310,267,97
531,310,267,97
530,311,267,98
530,311,268,98
529,312,268,98
528,313,269,101
527,314,268,100
526,318,270,101
527,318,270,101
527,319,269,100
526,319,269,100
524,319,269,100
524,318,269,100
524,317,270,100
524,316,269,99
526,312,270,99
528,310,269,101
529,309,268,101
530,308,268,101
531,308,267,99
530,309,267,99
530,310,268,99
528,312,268,99
526,312,268,99
524,314,268,99
523,317,271,99
522,320,271,99
522,321,272,98
522,323,273,98
522,323,273,98
523,322,274,98
523,320,274,98
523,317,274,98
525,316,274,97
525,313,275,97
527,311,275,97
528,309,275,97
529,308,276,97
529,308,276,97
532,307,274,97
533,307,274,97
533,309,275,97
533,311,275,97
535,313,275,97
535,315,274,96
536,316,274,96
537,318,275,99
539,321,274,99
539,322,274,99
540,324,276,98
541,325,277,99
541,325,277,99
541,324,277,99
540,323,278,99
540,321,279,99
538,320,279,99
535,319,279,99
533,318,279,99
532,319,281,100
531,320,283,99
530,322,283,99
530,323,283,99
532,323,283,102
532,323,284,102
534,327,283,100
535,328,283,100
535,329,283,100
535,330,283,100
535,329,282,100
535,329,282,100
537,328,282,101
536,326,282,101
536,325,282,102
535,324,282,102
537,323,282,102
538,322,282,102
541,323,280,101
542,323,280,101
540,325,282,100
540,326,281,99
541,331,284,97
543,334,285,94
543,338,286,95
542,338,287,95
542,339,287,96
542,341,287,96
541,344,289,97
540,345,289,97
536,348,290,96
534,349,293,96
532,349,293,96
531,348,288,100
531,349,288,101
531,350,288,100
532,349,288,100
532,347,288,100
533,346,286,98
532,344,286,98
533,341,284,97
534,338,285,97
535,336,280,97
533,333,281,96
532,330,281,96
530,331,282,94
530,331,283,94
529,332,284,95
528,331,284,95
529,331,285,94
529,330,285,94
533,327,284,96
534,324,284,96
535,321,286,96
537,317,284,95
537,314,282,95
538,311,282,94
536,308,282,94
536,306,281,94
536,306,281,94
536,302,281,95
535,301,281,95
535,301,281,95
534,301,281,95
533,303,281,95
534,305,280,94
535,306,280,94
534,308,280,94
533,308,280,94
532,309,280,94
532,310,277,93
531,310,277,93
531,311,277,93
530,312,277,94
529,312,277,94
528,311,277,96
527,311,278,96
526,310,278,97
525,310,278,98
524,310,278,98
523,310,278,98
527,313,276,97
528,313,276,97
528,315,275,96
529,315,275,96
528,317,275,96
527,318,276,96
527,319,277,95
528,319,277,95
528,318,277,95
528,318,278,97
527,318,278,97
526,318,279,97
526,319,280,97
525,321,279,97
524,323,278,96
523,321,278,97
524,320,279,97
524,320,279,97
528,320,278,97
529,318,278,97
529,317,278,96
530,315,279,96
530,312,280,96
530,310,280,96
529,309,280,96
528,305,280,99
527,303,280,99
527,303,280,100
526,303,280,100
527,304,280,100
529,306,280,101
530,307,280,101
532,309,278,102
532,310,278,102
534,313,277,101
534,315,276,100
536,316,275,99
538,314,275,103
538,314,277,103
537,313,277,103
538,312,275,102
536,310,275,102
535,309,274,101
533,309,274,101
533,309,275,101
533,309,275,101
533,309,275,101
532,309,275,101
532,310,275,102
533,311,274,101
534,312,275,102
534,312,275,102
534,312,275,103
534,312,275,103
534,312,276,103
534,310,276,103
537,308,274,102
537,306,274,102
537,304,274,102
538,301,273,101
538,299,273,101
536,297,273,101
535,293,275,102
534,291,276,102
533,290,275,102
535,290,274,102
534,291,274,102
534,292,273,102
534,292,274,101
534,293,274,101
535,294,274,103
536,293,273,102
537,292,273,102
538,291,273,102
538,289,274,103
537,287,274,103
539,285,274,103
538,281,275,103
538,279,275,100
539,276,275,100
540,273,276,98
540,271,277,98
539,270,277,98
541,270,277,97
540,271,277,97
541,273,278,97
541,276,277,96
541,277,278,98
541,279,278,99
540,281,278,99
537,284,279,98
536,285,279,100
533,286,280,100
531,288,282,97
529,289,283,97
529,290,283,97
529,289,283,97
529,288,285,99
529,288,285,99
531,290,284,98
533,291,283,98
533,291,283,98
536,293,283,96
536,293,283,96
536,294,283,95
537,295,283,95
538,296,283,96
537,296,283,96
538,297,282,95
537,298,282,95
537,298,282,95
538,298,284,95
537,298,284,96
535,297,284,96
535,297,284,95
534,297,284,95
535,297,283,95
535,297,283,95
535,296,282,96
534,296,282,96
534,294,282,96
533,294,282,96
533,293,282,96
532,292,282,96
533,291,282,96
532,290,282,96
530,290,282,96
530,293,282,95
529,295,282,95
530,296,281,96
529,296,281,96
528,298,281,95
527,298,282,95
527,298,282,95
529,297,282,96
529,296,282,96
531,295,282,96
530,294,282,96
531,293,282,97
530,292,282,97
532,292,285,97
532,293,285,97
531,293,284,97
533,294,283,97
533,295,283,97
534,298,282,96
533,302,282,96
534,304,282,98
534,307,281,97
535,312,281,99
535,313,280,98
536,316,279,97
535,317,279,97
536,318,283,97
534,319,283,97
535,317,281,97
534,317,282,97
533,311,282,101
531,309,282,101
530,304,280,107
529,303,279,109
528,303,279,109
528,302,279,111
528,302,279,111
529,303,279,111
529,304,279,111
529,306,278,110
532,311,279,108
533,315,279,108
533,319,279,108
536,326,280,105
536,332,280,105
538,339,280,102
538,344,279,101
537,347,279,101
535,348,279,101
533,352,278,99
531,352,278,99
529,352,281,100
527,352,281,100
527,351,281,99
527,350,282,99
528,350,281,97
529,350,281,97
531,349,281,97
532,349,281,97
534,351,281,96
534,352,281,96
535,353,281,96
534,354,281,96
534,355,282,96
532,356,282,96
532,356,282,96
530,355,282,96
530,353,282,96
529,351,282,96
528,349,282,96
527,347,282,96
527,346,282,96
529,348,282,95
530,348,282,95
531,346,279,95
531,347,279,95
532,347,279,97
531,348,278,96
531,350,278,97
531,350,278,97
532,351,279,97
534,352,279,97
534,351,279,97
533,350,279,97
531,348,279,97
532,344,281,97
531,342,281,97
532,339,281,97
534,335,281,96
535,333,282,96
536,331,280,96
538,330,280,96
537,329,280,96
538,330,279,95
539,331,279,95
538,331,279,95
539,331,279,95
539,332,278,95
538,332,277,96
537,333,276,95
537,335,277,95
536,336,276,94
535,335,277,95
534,333,278,95
531,332,278,95
528,331,278,95
526,330,279,95
526,329,278,94
525,328,278,94
524,328,278,94
526,327,278,95
527,326,278,95
528,327,279,94
527,328,278,93
527,328,279,92
526,329,279,92
527,329,281,95
527,330,281,95
528,330,280,96
527,330,280,96
527,330,279,96
527,330,278,95
527,331,278,96
526,331,278,96
525,330,278,96
527,330,277,96
527,329,277,96
526,328,276,96
526,326,276,96
528,325,276,96
529,325,276,96
531,325,276,95
531,325,277,95
531,325,277,95
530,326,276,94
529,327,277,95
528,327,277,95
528,327,278,96
527,327,277,95
526,327,276,94
527,330,275,93
527,331,274,92
527,331,277,93
527,332,276,92
528,331,277,94
527,331,277,94
527,330,277,93
527,329,277,93
528,327,277,92
528,324,277,92
530,322,274,92
531,320,274,92
531,318,274,92
534,317,271,93
536,316,270,92
537,316,268,90
538,313,267,93
539,312,266,92
540,312,266,96
540,312,265,96
541,312,265,96
538,312,267,94
538,314,265,93
540,315,264,97
540,317,260,99
542,319,260,99
536,320,264,103
534,321,266,103
532,322,269,103
531,323,273,103
528,323,274,105
525,322,276,105
522,319,276,105
519,317,277,101
508,315,284,99
502,314,285,97
495,312,287,96
489,310,289,96
486,310,288,97
485,311,288,98
481,312,293,99
480,314,295,100
480,316,297,100
481,316,298,100
481,316,298,100
480,316,300,98
479,316,301,98
478,315,301,94
478,315,301,94
477,315,301,92
477,316,302,91
477,316,303,92
477,317,304,91
478,319,303,95
478,319,309,99
479,320,311,105
474,320,316,113
465,316,329,122
461,316,334,126
452,317,344,133
445,315,355,137
442,316,357,144
437,318,366,149
430,318,372,155
424,322,378,155
416,319,388,165
403,321,400,167
388,325,411,167
371,331,430,166
363,336,438,166
352,348,447,165
334,351,467,177
323,350,479,183
301,364,500,181
280,369,522,180
266,370,539,179
244,369,561,179
235,375,579,171
233,370,590,170
236,373,603,157
247,362,612,147
271,356,603,133
285,343,602,132
320,331,580,117
342,314,561,118
369,300,538,118
395,286,516,126
449,277,462,125
489,265,425,119
517,258,393,126
536,257,374,130
551,254,356,139
547,257,348,137
534,260,352,133
506,260,377,137
489,266,377,136
467,269,385,141
449,272,387,138
423,259,419,152
404,258,425,149
386,255,441,154
367,255,451,164
357,254,453,164
341,253,467,166
319,250,484,171
298,248,499,173
272,246,518,182
251,243,525,189
234,241,538,188
220,241,544,194
191,238,558,196
176,243,569,196
164,242,570,204
136,244,593,204
130,246,581,200
113,248,593,204
101,248,605,208
86,248,617,221
34,253,654,239
57,267,603,216
108,282,534,196
127,302,473,181
139,300,454,178
151,287,463,193
188,247,472,222
331,218,386,226
399,196,376,198
444,165,378,201
511,137,379,205
576,93,380,227
646,38,380,242
705,2,385,245
781,1,335,198
834,1,312,161
868,2,275,139
885,1,272,138
882,1,277,158
869,1,295,214
856,40,297,213
841,69,319,213
830,107,319,206
805,148,332,180
789,170,346,162
767,178,341,149
747,181,336,132
719,177,329,119
699,178,326,107
699,178,313,107
656,195,304,106
628,210,296,106
601,228,284,106
576,248,287,108
556,264,284,111
545,278,277,110
538,286,281,110
533,291,281,110
530,301,276,106
527,303,280,104
527,303,279,102
527,300,276,102
529,294,274,101
529,285,273,102
529,276,272,106
529,270,271,108
531,269,271,108
529,269,271,108
534,270,268,107
537,270,268,107
539,267,268,107
557,270,259,102
571,264,247,117
581,261,239,121
587,256,230,131
588,256,249,129
586,259,264,119
575,252,262,119
566,253,263,114
554,253,252,112
545,250,247,118
532,252,248,117
517,254,253,117
506,256,255,115
495,258,258,115
488,259,258,114
484,261,258,113
483,263,259,113
484,265,259,112
486,267,259,112
489,269,259,111
493,270,260,111
499,270,261,111
503,272,261,110
506,272,261,110
508,272,262,110
508,272,262,109
508,272,263,109
507,272,263,108
506,274,265,108
506,274,265,109
505,274,264,109
503,276,264,110
504,277,263,110
504,278,263,109
504,279,264,109
506,278,265,108
506,277,266,108
510,275,264,108
512,274,264,107
514,272,265,107
517,270,265,107
519,270,265,107
519,269,266,107
520,270,266,106
521,272,267,106
521,275,267,106
522,278,267,106
523,281,266,108
524,286,265,108
524,290,264,108
525,297,264,108
526,303,264,108
526,309,265,108
525,313,265,108
525,313,264,108
525,313,264,108
523,313,264,108
521,312,264,108
520,312,264,108
521,311,265,108
521,310,265,108
521,308,265,107
520,307,266,107
521,304,267,107
522,301,267,107
524,299,268,107
525,297,268,107
526,295,268,107
526,295,269,107
528,294,269,108
528,295,270,108
528,297,268,108
527,299,268,108
527,304,268,106
527,306,268,106
526,307,269,106
531,308,266,106
532,310,266,106
531,309,266,106
532,310,266,106
531,311,266,106
532,309,265,107
532,308,265,107
532,308,264,107
532,306,264,107
531,304,265,109
530,303,265,109
529,301,265,111
526,300,266,111
525,298,266,110
524,299,267,110
524,298,262,110
524,299,262,110
523,299,262,112
521,300,262,112
521,302,262,113
520,303,262,113
520,303,262,115
521,302,262,115
523,304,262,115
524,304,261,114
525,302,263,114
525,301,263,114
526,299,263,114
527,297,263,114
527,295,263,114
527,293,264,114
526,290,264,114
525,288,266,114
526,287,266,114
527,287,266,114
527,288,266,114
529,289,266,114
530,290,266,114
532,291,266,115
533,292,265,114
535,294,265,114
535,296,268,115
536,297,268,115
537,299,268,114
537,299,269,114
538,298,270,114
538,297,270,114
539,295,269,114
540,292,269,114
539,291,269,114
538,289,269,114
538,287,269,114
538,286,269,114
538,285,269,114
538,284,269,114
540,284,269,114
539,282,269,114
541,282,268,114
541,282,268,114
544,281,268,114
545,281,268,114
546,282,268,114
548,282,269,114
547,283,269,114
548,284,268,113
548,285,267,112
549,286,267,115
549,289,268,114
549,291,268,114
549,294,268,113
549,296,267,112
