529,327,271,123
537,332,276,116
542,329,274,118
546,338,281,123
542,357,286,124
536,369,288,125
541,373,291,126
548,377,291,127
552,381,292,128
551,384,290,131
548,386,289,128
542,382,291,130
535,381,289,124
534,386,289,121
537,391,293,121
537,383,293,123
537,377,297,124
546,377,293,122
545,374,299,123
554,367,299,125
569,364,299,126
574,371,300,128
578,377,298,125
581,379,300,124
582,383,299,123
575,389,300,124
565,393,302,125
563,399,298,123
558,404,302,121
554,403,301,121
553,399,302,125
550,398,306,129
544,398,306,134
536,394,307,134
535,397,307,134
534,403,305,132
529,398,309,130
533,397,304,131
535,399,303,127
532,400,305,126
536,403,305,120
532,398,310,122
530,393,312,129
531,395,313,128
532,389,314,133
537,382,313,135
538,381,313,135
535,382,314,133
534,376,313,133
535,376,310,129
533,381,312,125
533,384,308,124
524,386,314,118
518,381,315,129
511,378,317,132
504,376,319,129
494,368,319,134
487,366,316,134
481,362,318,133
481,353,316,130
475,352,317,130
475,359,317,126
477,365,316,120
474,364,317,121
473,363,319,132
478,366,320,134
485,369,322,135
499,372,318,137
514,377,321,137
521,381,325,134
529,388,325,135
537,399,325,136
548,409,323,128
553,406,328,128
566,403,322,138
574,402,325,139
583,403,324,137
588,403,323,136
593,403,326,135
602,395,325,135
606,391,327,138
609,393,326,137
606,392,329,134
605,391,328,129
607,387,332,136
615,392,330,143
615,398,329,141
611,397,327,140
612,392,328,140
620,393,329,140
624,394,326,139
632,390,326,138
643,391,325,138
643,405,325,136
638,416,328,137
640,416,329,137
643,411,329,139
639,412,332,139
641,410,329,140
647,408,330,136
651,401,331,135
652,393,326,137
650,390,325,135
651,384,326,128
654,376,325,122
653,368,325,130
648,360,332,134
646,351,335,139
643,356,338,141
641,364,336,141
639,367,338,144
641,374,337,144
643,389,335,145
643,404,339,142
638,412,330,133
627,412,333,134
622,408,334,134
629,399,336,140
629,388,338,140
623,377,342,140
614,365,348,142
608,362,345,144
604,356,346,143
598,352,344,141
591,354,343,136
590,356,338,134
587,343,341,135
583,328,342,142
584,322,342,143
586,317,343,144
590,302,347,145
583,290,348,147
579,283,348,165
580,285,347,167
582,288,348,149
586,291,351,145
599,299,348,144
604,306,349,145
608,310,345,146
606,322,347,150
606,339,348,144
605,352,350,147
602,356,349,152
599,370,349,153
594,392,353,151
595,402,353,140
595,405,353,138
590,408,354,145
591,401,355,151
602,390,351,158
615,384,354,161
627,387,356,160
631,387,356,159
630,381,355,154
624,376,357,149
616,375,359,149
611,375,358,146
607,362,359,146
605,345,358,163
593,335,361,165
590,324,361,164
591,310,358,173
583,303,362,169
574,300,363,165
573,295,360,163
560,293,367,158
556,293,367,152
556,293,366,146
551,287,368,144
548,279,368,151
550,277,365,156
554,275,363,158
559,280,362,156
557,293,372,162
557,307,372,162
572,311,357,169
578,322,358,162
581,333,357,155
584,338,353,148
585,339,355,154
597,340,353,164
604,344,354,176
613,353,355,183
625,379,354,180
633,397,357,179
643,399,350,179
644,402,352,182
647,416,345,184
647,425,344,181
650,424,343,178
651,421,346,180
650,424,347,197
648,422,352,201
647,417,351,207
652,417,344,212
649,416,344,215
647,405,339,221
646,400,334,224
640,399,328,229
630,394,330,230
620,381,329,230
608,369,328,227
602,363,323,223
579,334,332,239
568,318,328,248
556,304,332,256
556,296,330,258
551,290,325,259
549,280,321,260
556,275,316,261
560,274,315,260
558,274,314,255
556,275,316,253
555,278,317,252
553,281,319,254
557,286,319,259
558,297,316,258
552,305,313,257
545,314,305,252
540,319,307,251
537,325,308,249
536,336,307,242
532,346,312,239
529,360,318,232
525,366,324,235
528,369,327,239
535,373,325,242
541,378,320,244
540,379,317,243
539,372,310,245
540,364,307,252
539,363,300,257
534,362,302,256
531,352,304,258
530,338,303,260
526,328,299,262
522,317,298,270
525,309,297,278
535,303,290,284
543,296,282,286
547,281,277,290
556,268,267,293
549,256,265,296
543,247,262,297
529,239,265,300
519,235,262,300
508,229,263,303
509,229,263,304
513,233,256,312
502,237,246,313
489,242,244,308
490,243,244,311
500,249,241,313
511,256,241,311
526,260,244,308
544,263,245,305
551,263,241,299
547,255,240,294
548,245,241,296
550,243,240,298
551,242,234,298
550,234,228,299
549,230,222,303
546,235,229,303
546,237,232,303
549,235,234,303
560,234,235,305
567,237,233,305
573,239,231,304
578,242,227,309
578,249,223,311
569,254,214,311
559,254,202,318
540,261,206,325
523,273,206,319
508,273,210,318
509,272,213,322
522,276,213,323
538,279,207,321
546,278,200,320
546,276,194,324
542,279,187,324
539,282,184,321
540,279,190,319
544,273,191,320
546,267,190,316
543,257,188,313
532,247,192,318
524,245,189,316
516,240,188,313
515,233,186,312
513,230,183,319
513,236,182,318
514,244,183,312
513,247,187,312
513,255,187,312
516,261,196,313
525,270,196,310
535,275,192,312
540,284,191,313
551,294,186,310
557,296,180,309
559,294,174,311
564,297,173,312
572,296,176,308
581,285,174,308
580,274,171,311
571,269,168,312
556,262,170,311
553,256,167,309
558,250,165,316
573,249,161,316
592,246,156,316
605,249,158,317
616,255,160,317
627,259,162,315
633,262,161,317
634,265,160,316
640,265,161,314
653,263,162,310
670,255,162,309
689,249,159,310
709,246,159,310
727,241,155,312
737,236,158,312
742,234,163,311
744,233,160,313
731,228,159,316
713,234,159,316
696,241,162,313
696,240,161,308
704,236,162,310
719,236,157,313
730,238,148,314
730,236,152,316
729,241,152,316
721,251,152,319
712,260,154,316
710,263,157,319
711,272,159,320
710,283,161,319
710,293,158,313
706,297,151,315
695,300,145,314
679,299,148,312
667,296,151,312
665,291,153,315
663,284,150,313
657,276,149,317
647,272,151,315
638,265,153,314
631,259,154,313
630,254,151,313
633,254,147,311
636,258,142,310
634,259,146,310
626,257,149,314
614,265,149,313
599,267,150,316
589,277,144,310
580,275,147,315
579,282,147,314
568,289,150,310
561,288,150,307
564,287,143,307
562,285,140,309
556,280,147,308
560,274,147,305
564,263,148,305
562,254,147,306
558,242,145,306
553,233,145,309
548,232,147,310
551,232,147,306
563,224,146,306
579,223,143,306
592,228,145,308
597,231,149,310
593,234,151,311
585,240,151,311
577,245,149,311
571,248,145,309
559,250,143,307
544,250,143,306
533,248,145,305
528,245,144,305
528,245,141,302
530,245,147,301
533,245,149,303
536,241,150,303
537,239,150,303
535,238,149,300
535,232,147,301
543,228,140,301
545,226,140,301
549,227,141,299
557,225,139,303
567,234,143,301
576,243,144,297
582,248,148,297
577,254,150,299
571,261,150,299
570,267,150,299
574,275,147,302
581,285,143,301
590,291,142,301
598,297,142,298
604,301,140,298
607,304,141,296
601,305,145,293
590,306,148,292
581,304,158,293
577,302,158,293
577,298,158,292
576,289,151,292
575,281,146,291
578,274,143,290
579,267,145,291
575,265,142,290
568,264,140,289
561,263,145,282
555,251,146,277
551,236,150,281
554,228,151,283
561,221,149,283
565,213,146,282
571,202,143,282
582,193,139,283
589,188,138,284
592,187,138,282
592,184,136,284
588,190,137,281
585,196,138,283
573,208,143,281
566,215,146,284
566,219,147,289
575,227,146,283
588,222,144,282
603,218,140,283
606,214,135,283
598,212,129,284
581,212,127,285
558,214,131,287
530,223,133,282
511,228,137,280
501,233,142,286
489,243,143,289
485,254,143,284
499,255,143,288
518,265,141,288
529,272,136,286
546,273,131,285
557,275,129,288
561,284,131,288
560,291,135,286
557,296,138,282
552,297,141,282
549,298,142,279
540,295,144,285
532,296,145,283
534,291,143,282
547,281,141,283
568,278,133,285
593,279,128,285
615,276,130,281
638,267,134,280
647,260,137,281
643,259,141,278
632,253,143,277
616,245,143,280
599,242,143,283
588,241,144,282
579,238,146,282
582,234,140,281
587,230,135,281
590,225,126,281
586,220,124,281
583,219,137,283
584,223,143,283
586,227,144,280
589,229,142,281
598,231,144,280
607,229,144,282
617,230,143,283
627,233,144,281
628,226,142,283
620,220,133,283
614,216,135,285
611,215,134,285
600,212,138,283
595,209,141,282
596,209,144,283
603,209,145,284
612,208,145,284
629,210,146,288
650,218,145,289
655,222,141,293
648,225,138,293
638,226,136,291
623,226,130,291
606,226,134,292
596,224,143,295
593,226,147,292
589,228,148,289
592,230,148,289
598,231,147,292
599,238,148,291
600,241,143,288
601,241,137,291
602,247,137,292
602,254,135,287
607,246,130,288
608,241,135,288
606,240,139,287
603,235,142,285
604,225,143,285
607,218,146,286
609,214,147,287
606,210,143,288
604,206,144,288
612,206,140,292
618,209,138,291
623,210,134,291
631,213,125,293
636,217,133,293
639,221,137,291
641,223,141,289
641,224,146,286
638,223,145,284
630,217,147,286
623,212,148,285
617,205,146,285
610,198,144,287
606,194,139,289
608,193,136,287
611,188,133,287
611,187,130,289
602,192,130,288
587,198,139,285
579,204,144,283
572,211,146,281
566,216,149,280
568,217,149,280
574,218,148,280
577,225,141,282
573,233,139,283
568,238,131,285
560,241,130,283
558,240,130,280
563,236,131,283
569,237,137,281
582,239,145,278
591,239,150,277
610,234,151,281
629,236,151,282
643,238,149,281
649,239,147,282
643,242,147,287
632,249,142,287
620,252,132,283
607,248,132,284
585,249,136,282
564,246,140,279
544,237,153,272
546,224,154,275
548,217,159,277
554,210,155,277
557,201,153,280
555,197,149,281
543,194,147,281
529,188,145,278
536,180,132,279
540,175,134,278
545,170,137,277
553,167,141,274
566,167,145,270
582,164,150,276
596,166,149,280
603,174,148,280
600,185,147,279
588,193,146,286
585,203,138,284
585,212,134,284
581,223,131,282
569,228,135,283
556,236,143,275
557,240,146,271
563,241,146,275
574,237,148,276
593,232,149,275
607,225,147,280
600,221,146,281
588,222,144,281
590,224,141,278
594,215,136,276
602,206,128,276
597,203,125,279
592,201,131,270
581,185,141,271
571,174,145,277
569,169,145,282
566,167,146,284
556,162,144,287
548,170,145,293
547,186,143,293
553,194,134,285
558,189,134,286
571,193,138,287
585,204,137,285
586,209,134,280
581,206,140,280
572,203,140,285
565,203,138,285
557,199,141,285
552,191,144,291
552,196,142,292
546,199,140,288
533,193,141,285
529,187,146,287
540,189,142,286
546,189,137,281
548,183,134,283
555,182,135,286
559,180,137,289
558,178,138,290
560,176,147,292
568,177,147,291
578,170,144,289
579,162,145,290
583,159,146,289
585,158,147,288
587,158,149,288
589,158,144,285
588,160,139,287
582,160,136,295
573,170,138,294
569,177,142,294
565,184,144,295
555,192,140,294
532,197,137,289
505,195,140,287
491,192,146,287
481,191,145,283
474,185,147,284
471,176,144,288
467,172,138,288
463,166,139,290
463,159,145,290
465,153,144,294
464,152,141,295
459,155,142,295
446,158,147,292
439,156,150,291
438,153,150,286
438,147,150,286
437,135,147,286
445,125,145,291
464,124,138,295
481,129,141,298
483,139,145,295
473,141,146,293
459,140,145,292
459,136,140,289
447,127,143,289
428,126,149,291
421,140,150,294
424,157,151,298
426,173,150,298
416,185,147,301
408,201,141,301
398,221,136,305
387,241,136,299
370,250,139,297
349,257,135,297
334,268,134,296
324,275,141,292
314,271,149,292
317,273,150,291
323,271,148,288
326,260,149,293
334,256,147,293
334,251,141,291
332,240,134,289
346,229,129,291
367,227,131,293
383,227,134,290
391,222,139,285
406,214,143,283
411,210,147,283
393,205,148,283
369,199,148,284
354,195,146,286
343,195,142,284
330,192,139,284
324,188,141,285
330,188,139,283
340,188,136,280
352,185,132,278
368,182,137,276
385,181,144,274
394,178,146,273
391,175,147,277
384,178,147,276
378,179,147,277
377,174,143,275
379,167,136,275
385,161,137,275
392,156,138,273
397,152,140,271
409,148,134,269
414,144,137,269
417,145,141,268
414,146,144,266
409,148,144,268
404,155,144,271
402,164,141,270
400,172,139,276
397,188,144,278
394,204,146,276
385,210,148,273
377,212,148,273
387,216,143,275
412,222,136,272
424,224,139,272
428,222,142,273
433,222,144,276
436,224,142,276
433,225,143,274
432,222,146,275
431,216,150,276
428,206,152,275
425,200,149,280
430,203,145,278
447,202,139,279
460,205,134,276
466,205,134,272
482,206,137,277
499,213,139,277
507,216,136,273
514,214,142,273
525,222,147,276
527,239,149,278
527,249,148,277
538,252,144,280
551,260,141,281
560,269,137,279
575,273,130,278
584,276,131,280
582,285,133,281
574,292,137,280
575,297,136,280
576,305,140,280
572,308,145,282
571,310,146,278
584,310,142,282
600,310,142,282
612,307,139,281
617,304,135,282
620,303,133,282
614,300,136,279
612,292,137,281
612,290,138,278
609,285,134,279
608,278,138,279
610,270,143,283
612,270,141,284
612,271,142,284
617,270,140,284
627,272,136,286
638,278,132,285
643,281,133,281
637,279,134,282
629,284,133,281
625,288,132,278
624,289,132,277
623,289,139,278
620,290,140,279
619,288,141,279
623,283,142,281
632,282,139,284
640,284,137,281
646,282,133,281
649,280,131,283
649,284,130,283
648,290,129,281
649,294,128,276
657,294,134,277
670,294,136,279
684,291,136,280
692,285,141,281
686,276,142,280
675,265,142,283
670,261,139,285
672,259,135,288
670,263,132,287
662,263,131,288
655,264,130,289
651,264,134,285
645,259,138,282
640,256,139,287
644,260,141,291
648,271,144,291
650,282,145,295
650,296,145,296
642,306,142,297
639,310,120,302
632,326,133,293
633,334,130,289
635,334,128,284
641,330,134,281
657,326,138,281
670,326,139,282
671,324,142,281
669,316,144,281
671,308,144,285
670,307,143,287
666,305,141,289
664,304,135,290
664,306,130,289
665,307,124,286
663,303,129,286
663,300,134,286
659,299,138,281
656,293,139,279
653,287,143,282
652,282,144,283
650,273,144,285
650,268,141,283
646,255,140,291
641,251,137,290
644,247,134,290
660,248,122,292
672,251,124,290
680,251,130,288
688,249,133,290
693,258,133,294
696,276,138,293
699,288,139,293
698,298,139,294
696,310,139,295
697,322,138,294
704,331,136,291
718,337,132,289
735,340,125,289
747,344,127,289
753,348,126,287
754,351,125,285
752,352,130,287
745,356,133,284
738,359,135,284
736,362,135,284
736,368,136,283
733,371,135,283
731,371,133,281
732,370,130,282
731,370,126,281
731,364,128,279
731,358,131,278
734,354,129,277
735,351,125,275
728,346,130,274
720,343,135,275
713,342,134,273
703,341,136,269
691,339,137,270
684,337,135,272
682,335,131,269
683,333,129,266
686,327,131,267
690,321,134,265
693,311,134,266
694,305,130,263
691,298,128,263
685,290,130,263
683,285,133,261
681,282,133,258
683,279,132,259
686,279,133,257
688,276,132,257
689,270,130,262
692,269,135,260
698,268,136,260
705,268,134,260
709,265,131,261
709,266,129,259
709,269,127,259
709,273,129,257
710,276,129,255
713,280,131,255
718,283,128,256
720,288,127,254
724,291,131,255
725,292,135,254
722,293,136,256
722,298,134,256
720,304,132,253
715,306,132,254
712,306,128,251
711,304,123,252
705,305,124,252
701,302,128,251
704,302,127,247
707,301,124,245
711,296,128,244
719,289,132,246
722,284,134,248
720,277,135,246
721,269,132,248
720,264,131,249
718,263,130,248
719,261,126,247
716,258,122,246
705,255,123,246
695,255,124,247
685,257,123,248
681,261,124,247
683,263,124,246
680,270,124,242
678,270,131,246
681,273,132,247
684,278,134,245
691,278,128,245
701,279,124,243
711,281,119,241
709,280,116,240
704,280,116,240
696,280,113,236
687,280,113,238
677,278,123,238
675,277,125,240
677,279,128,241
678,279,127,242
672,276,127,240
671,277,128,240
666,280,124,238
660,279,121,235
656,277,114,234
650,277,114,233
643,278,120,239
635,278,117,241
628,281,121,238
626,284,123,238
623,288,127,239
620,297,128,239
610,303,126,239
602,307,128,236
607,307,124,236
612,309,124,235
621,309,118,232
624,305,120,230
626,301,120,229
621,301,119,230
615,302,122,232
613,303,125,233
612,306,129,233
614,307,129,235
615,306,128,235
615,305,127,233
618,302,126,233
628,300,122,232
632,300,121,231
627,301,122,230
617,299,122,230
612,294,121,233
608,293,119,233
603,295,123,234
602,297,127,233
605,299,125,234
611,302,123,234
613,302,124,232
615,300,125,232
619,301,121,232
625,304,120,230
626,309,122,232
622,316,123,233
614,322,122,231
610,320,124,231
610,317,121,230
608,315,121,229
608,313,125,227
614,310,126,228
625,306,127,226
639,301,126,228
651,298,124,226
658,292,124,228
662,289,120,228
661,285,121,230
663,287,122,222
664,282,124,220
668,276,126,228
674,273,121,231
680,268,119,231
685,264,125,226
686,256,126,228
685,249,127,228
680,241,128,229
680,237,125,229
682,235,123,226
684,228,120,223
682,218,121,222
684,209,125,222
687,209,124,221
685,209,122,222
681,204,122,225
680,207,124,229
675,216,124,230
667,223,124,229
663,225,127,230
661,231,129,230
660,240,126,227
668,242,123,226
676,241,118,229
672,242,122,222
664,237,122,220
657,232,125,218
650,230,125,223
642,236,120,223
629,236,117,226
619,228,121,232
610,234,123,228
601,240,125,227
599,246,125,222
603,244,123,229
613,250,123,227
626,251,122,227
639,252,118,227
643,256,122,227
647,260,123,224
649,258,123,221
647,257,120,221
640,257,119,222
635,253,122,221
637,244,125,223
647,236,124,223
658,229,123,223
670,220,124,223
679,214,124,223
685,211,120,224
689,211,121,222
694,210,121,222
695,214,122,225
695,223,121,224
692,225,117,219
692,220,120,217
695,219,122,219
697,218,124,217
696,212,122,217
704,206,122,218
712,204,122,219
720,201,121,216
725,195,119,216
727,192,121,218
731,192,120,214
731,189,120,216
730,184,119,215
727,181,122,214
718,179,126,217
705,177,129,217
698,176,127,217
694,177,126,217
688,174,124,216
691,168,122,216
706,165,118,214
719,161,119,215
728,153,120,216
736,147,120,216
737,142,120,216
735,135,119,216
735,132,122,214
737,128,129,214
738,122,127,216
741,116,126,216
748,107,127,215
761,96,126,216
779,86,122,215
790,85,120,215
794,85,120,217
795,83,121,215
788,77,119,218
777,76,115,218
765,73,120,214
760,62,123,214
763,57,123,214
774,58,122,216
786,57,124,218
799,58,120,218
808,61,118,217
815,61,116,216
823,63,115,215
826,67,116,220
824,71,116,218
821,73,114,216
826,76,112,216
836,77,114,213
836,78,120,215
833,82,120,217
834,88,119,217
832,88,119,215
830,82,122,215
842,76,119,214
