116,305,42,42
114,303,42,48
113,302,41,49
113,301,40,50
112,300,40,51
111,299,39,51
110,298,40,51
109,297,39,52
108,295,38,53
107,294,38,52
106,293,38,53
105,291,37,54
103,290,38,51
102,289,37,50
101,288,37,49
100,287,36,47
98,285,37,49
97,284,36,49
96,283,36,50
95,282,35,51
94,281,35,50
93,280,35,50
91,279,36,51
90,279,36,52
88,279,37,53
87,278,37,54
86,277,37,54
85,276,37,53
84,276,37,52
83,276,37,51
82,275,36,50
81,275,36,48
80,275,35,45
79,274,35,46
78,274,35,47
77,274,35,47
76,274,35,47
75,274,34,48
74,274,34,47
74,274,34,49
73,274,34,49
72,274,34,47
72,275,33,48
71,275,33,48
70,275,33,48
69,276,33,46
69,276,32,45
68,276,32,44
67,275,31,44
66,275,31,45
65,275,31,46
64,276,31,45
63,276,32,46
62,276,32,47
61,276,33,48
60,276,33,49
59,276,34,49
58,276,34,50
57,277,34,50
56,277,34,50
54,277,35,51
54,278,34,50
52,278,35,50
52,278,34,51
51,278,34,50
50,278,35,48
50,278,35,45
51,278,34,43
52,277,34,44
54,276,34,45
56,275,34,45
60,274,33,44
64,274,33,44
68,272,33,45
73,271,33,45
79,269,34,46
87,266,34,47
98,263,35,46
112,259,40,46
132,254,40,43
156,248,38,42
181,242,37,39
205,237,37,40
225,233,38,40
241,230,38,42
255,227,37,43
266,224,36,43
276,223,38,42
289,221,38,42
304,219,38,42
322,217,39,39
345,214,40,39
374,210,41,39
405,207,43,38
437,204,42,39
464,202,42,39
486,200,41,39
502,199,40,39
513,199,41,39
524,198,40,38
537,197,39,38
552,196,40,37
572,195,41,37
601,195,40,36
637,195,42,35
688,198,43,34
747,200,43,33
808,205,44,32
868,211,45,34
922,218,42,35
967,225,42,34
1001,231,40,36
1028,237,39,35
1046,241,38,33
1062,244,36,34
1074,247,36,34
1086,249,34,34
1096,251,33,35
1104,253,33,34
1110,254,34,34
1116,255,34,34
1122,256,34,34
1127,257,34,34
1130,258,35,34
1136,259,33,34
1139,260,33,35
1142,260,33,34
1144,260,33,35
1145,260,33,35
1146,260,33,35
1146,260,34,34
1145,259,33,34
1142,258,33,33
1136,256,33,33
1128,254,33,32
1118,250,32,35
1106,248,33,33
1094,246,33,32
1079,242,33,32
1058,238,34,32
1031,232,35,33
1000,227,35,32
968,222,36,33
941,217,35,32
919,214,34,33
901,211,34,35
888,210,34,34
878,208,34,34
870,207,33,34
863,206,33,34
857,206,33,34
853,205,32,34
850,205,31,34
846,204,31,35
843,203,31,35
840,203,31,36
838,203,31,35
836,202,31,35
835,202,30,35
833,202,30,35
832,201,30,36
831,201,30,36
829,200,30,36
828,200,29,37
826,199,30,38
824,199,29,37
823,199,29,37
821,198,29,38
819,198,29,38
818,198,29,38
816,197,29,38
815,197,29,38
814,196,28,39
812,196,28,38
811,195,28,39
810,195,27,38
809,195,27,37
808,193,26,37
806,194,27,35
806,192,25,36
804,192,26,37
802,192,27,36
801,191,26,38
799,191,26,39
798,191,25,39
796,192,25,39
795,192,25,38
795,193,24,39
794,193,24,38
794,193,23,40
794,194,23,41
794,194,23,40
794,194,23,41
794,194,23,40
793,194,23,40
793,194,23,38
793,193,23,39
792,193,24,39
792,192,23,41
792,192,23,40
791,191,23,41
790,191,24,41
790,191,23,41
789,191,23,41
788,191,24,41
787,191,24,42
786,191,24,42
785,192,24,42
784,192,24,43
783,193,24,42
781,193,25,41
781,194,25,40
780,194,25,39
780,194,25,39
779,195,25,39
779,195,25,39
779,196,25,38
779,196,25,39
778,197,26,39
778,197,27,40
778,198,27,39
778,198,27,39
778,198,28,40
778,199,28,39
778,199,28,40
778,199,28,40
778,199,29,40
777,199,30,41
776,199,31,38
776,199,32,37
776,199,32,37
776,199,33,37
776,199,33,35
776,199,33,35
777,199,32,34
777,199,32,34
777,199,33,34
778,199,32,34
778,199,32,33
779,198,32,35
780,198,31,38
780,198,31,38
780,198,31,38
781,198,30,38
782,197,29,40
782,198,29,39
781,197,29,40
779,197,30,40
776,197,30,40
772,196,29,38
767,196,28,39
761,196,28,37
754,196,28,35
746,195,29,35
737,195,28,35
727,195,27,33
712,195,27,33
693,194,29,33
671,194,30,32
648,193,29,32
622,193,29,33
595,193,30,33
567,194,30,33
538,195,31,35
509,196,31,35
479,198,33,34
448,201,33,33
418,203,32,33
387,206,33,34
356,210,32,33
325,214,33,35
294,218,33,34
264,223,33,34
236,228,32,35
213,233,30,35
194,237,29,35
181,240,28,36
171,242,29,36
165,243,28,36
160,245,29,33
159,245,28,33
160,245,28,34
164,245,28,33
167,244,28,32
169,243,29,34
171,243,28,34
171,243,28,35
172,243,28,35
172,243,28,36
172,243,28,35
172,243,28,35
172,243,28,36
173,243,29,35
173,243,29,35
173,243,29,35
173,242,29,37
173,243,28,35
173,243,28,35
174,243,28,36
174,244,28,35
173,244,29,35
172,245,30,35
172,246,29,35
172,246,30,35
172,247,30,36
172,248,29,36
171,249,29,35
171,250,29,35
170,251,29,36
170,252,29,35
169,252,29,36
169,253,29,36
168,254,29,35
167,254,30,36
167,255,29,36
167,255,29,36
167,255,29,36
166,256,30,36
166,256,30,36
166,256,29,36
166,256,29,36
166,256,29,36
166,257,28,37
165,257,30,36
165,257,29,37
165,257,29,37
165,257,28,37
165,258,29,36
165,258,29,35
165,258,29,35
165,258,29,35
165,257,29,36
165,258,29,36
165,257,29,37
165,257,29,37
165,257,29,38
165,258,29,37
164,258,29,37
164,259,29,37
164,260,29,37
164,260,28,37
163,261,29,38
162,262,29,38
162,263,28,38
162,264,28,38
161,264,29,38
160,265,29,39
160,265,29,39
159,266,29,38
159,266,29,39
159,265,29,41
158,265,29,41
158,265,29,41
157,265,29,42
157,264,29,43
156,264,30,45
156,264,29,44
155,264,30,45
155,264,29,45
155,264,28,45
155,264,28,45
155,264,27,46
155,264,28,46
155,264,28,47
155,264,27,44
154,263,28,46
154,263,29,46
154,262,29,47
154,262,28,47
154,262,28,47
153,262,29,47
152,262,31,48
152,262,30,47
151,262,30,48
151,262,30,48
150,262,30,49
150,262,29,49
149,262,30,49
149,262,29,46
148,262,28,44
148,261,26,45
148,261,25,45
148,260,25,46
148,259,25,47
148,259,24,47
148,258,24,48
147,257,25,48
147,257,25,48
147,258,25,49
147,258,25,50
147,259,25,51
146,258,25,53
145,260,26,53
145,260,26,53
145,261,26,50
144,262,26,47
144,261,25,48
143,261,26,48
143,261,25,48
142,262,27,47
141,262,27,48
140,262,27,49
139,262,28,50
138,263,28,50
137,263,29,50
136,263,29,50
135,263,29,51
134,263,30,51
133,263,30,51
132,264,31,50
131,264,31,51
131,264,31,51
131,264,31,50
130,265,31,50
129,265,31,49
129,265,30,49
128,265,33,50
127,265,34,49
126,264,35,52
126,264,34,52
125,264,34,52
124,265,35,52
125,265,34,51
124,265,34,51
124,265,33,52
123,265,34,52
124,266,33,52
125,266,34,51
130,265,34,51
137,263,35,51
146,260,35,52
155,258,35,52
167,256,34,52
180,252,35,52
197,248,35,53
215,245,36,53
233,242,36,53
246,239,35,52
257,237,34,53
265,236,34,53
272,235,35,53
278,234,35,52
284,233,34,49
288,232,35,50
292,230,35,51
296,230,34,54
298,230,35,55
301,229,34,55
303,229,34,54
303,228,35,55
305,228,34,55
306,229,33,53
306,228,34,55
307,228,34,54
308,228,34,54
308,228,35,54
308,228,35,54
309,228,34,54
309,228,35,54
309,228,34,55
310,228,33,55
310,228,34,55
310,228,34,55
312,227,35,56
316,227,35,55
324,225,36,55
336,224,36,53
350,222,36,52
365,220,36,52
383,219,37,52
407,216,37,52
433,214,38,51
458,212,37,52
478,211,36,53
494,210,35,52
505,209,35,56
514,208,36,56
523,208,34,55
531,207,33,56
536,207,34,55
541,207,33,56
545,207,34,55
549,206,33,56
551,206,34,55
554,206,33,55
556,206,33,56
557,206,34,55
559,205,33,56
560,206,33,55
561,206,34,55
562,205,34,55
562,205,35,55
563,205,35,55
563,205,35,55
564,204,35,56
564,204,35,56
564,204,36,55
564,203,36,56
564,203,37,56
565,203,36,55
566,203,36,54
566,203,36,54
566,203,36,54
567,202,36,55
567,202,36,55
567,202,37,54
567,202,37,55
567,202,36,54
567,201,36,55
566,201,37,54
566,200,37,55
565,200,36,55
565,200,36,55
564,200,37,55
564,200,37,55
563,200,38,54
562,200,39,54
562,200,39,54
562,199,39,55
561,199,39,55
561,199,39,55
561,199,38,54
561,199,37,54
561,199,37,54
560,199,38,54
561,198,37,54
561,198,37,54
562,198,36,54
562,198,36,53
562,198,36,53
563,198,35,53
563,198,35,53
563,198,35,53
564,198,35,52
564,197,35,53
564,197,35,52
564,197,35,52
565,196,34,53
565,196,34,53
565,196,33,52
566,196,32,52
566,196,32,53
565,196,32,53
565,196,32,52
565,196,31,52
564,195,32,53
564,195,31,52
564,195,31,52
563,195,31,51
563,195,30,51
562,194,30,52
561,195,30,51
561,195,30,51
559,194,30,51
558,194,31,52
557,194,31,52
557,193,30,52
556,194,29,51
555,193,30,52
554,193,30,52
553,193,30,51
552,193,30,51
551,193,30,51
550,193,29,51
548,193,29,50
547,193,29,50
546,192,29,50
545,192,29,50
543,192,30,50
541,192,30,50
539,192,30,51
537,192,30,51
535,192,30,50
533,192,30,50
531,191,30,51
530,191,30,50
529,191,29,50
528,191,29,50
526,191,29,49
525,191,29,49
524,191,29,49
523,191,28,49
522,191,28,49
520,190,29,49
519,190,28,49
518,190,28,49
516,190,29,48
515,190,29,49
515,190,29,48
517,189,29,49
520,189,28,49
524,189,28,48
529,188,28,48
535,188,29,48
542,188,28,48
549,187,29,48
558,186,28,48
569,185,28,48
580,184,28,48
592,184,28,47
603,183,27,48
612,183,27,48
618,183,28,47
624,182,27,48
628,183,27,48
631,183,27,47
634,182,27,47
637,182,26,47
638,182,27,47
640,182,27,47
641,182,27,48
642,182,27,48
643,182,26,48
643,182,27,48
643,182,27,47
644,182,26,47
645,182,27,47
647,182,27,47
650,182,27,46
655,182,27,46
660,182,27,46
666,182,27,46
672,182,27,46
678,182,27,46
683,182,27,46
688,182,27,46
692,182,28,45
695,183,28,44
698,183,27,45
700,183,27,45
702,183,27,45
703,183,27,44
704,183,27,44
706,183,26,44
708,183,26,44
712,183,24,44
716,183,25,45
722,183,25,45
729,183,26,44
738,183,25,44
748,183,25,44
758,184,25,44
768,184,24,44
775,184,25,43
781,184,25,45
786,185,25,45
791,185,24,45
795,185,24,43
798,184,24,43
800,184,25,43
802,184,25,42
804,184,25,40
806,183,24,39
807,183,25,37
808,182,25,35
809,182,24,37
810,182,24,37
810,181,23,38
810,181,24,37
810,180,23,39
810,180,23,39
810,179,23,39
809,179,24,39
809,179,23,38
808,178,24,39
808,178,24,39
808,177,23,41
807,176,24,40
807,176,24,39
807,176,23,35
807,175,23,35
807,174,22,37
806,173,23,36
806,172,23,38
806,172,23,37
806,171,23,38
806,171,23,38
806,171,23,39
807,171,23,39
807,170,22,39
807,170,23,38
807,169,22,38
808,169,22,39
808,168,22,39
808,167,23,39
808,166,23,39
808,165,23,39
808,164,23,38
808,163,23,38
808,162,23,37
808,162,22,38
808,162,22,38
807,162,22,38
806,162,22,38
805,162,22,38
804,162,22,39
803,162,22,38
802,162,23,38
802,162,22,37
801,162,22,36
801,162,23,36
800,162,23,36
801,162,22,36
801,162,22,36
801,162,22,36
802,162,22,36
803,162,22,37
804,162,22,37
805,162,21,37
806,162,22,38
807,164,22,36
808,165,22,35
809,164,22,37
810,164,22,37
812,163,21,37
813,162,22,37
815,159,21,39
816,158,21,40
816,160,23,37
818,161,22,36
819,160,23,36
820,161,23,36
822,161,22,36
823,161,23,37
825,161,22,36
826,161,22,36
828,161,21,35
828,160,23,36
829,160,23,37
831,160,22,36
832,159,22,37
833,159,22,37
834,159,23,35
835,159,23,34
836,159,23,33
838,158,23,31
838,158,24,30
840,158,23,31
841,157,24,32
842,157,24,32
843,157,24,32
844,157,25,33
845,157,25,33
847,156,24,34
848,156,24,34
849,155,25,34
851,155,24,33
852,155,24,33
854,155,24,34
856,154,23,34
857,154,23,34
858,153,23,33
859,152,23,32
860,152,24,33
862,152,23,33
863,151,23,34
864,151,24,36
866,151,23,36
867,152,23,36
868,153,24,35
870,153,23,37
871,154,23,35
872,155,23,36
873,155,23,36
874,155,24,36
875,156,24,36
877,156,23,35
878,157,23,34
880,157,22,34
882,157,22,34
883,157,22,35
884,158,22,35
886,158,21,36
887,159,22,36
889,159,22,37
891,160,21,35
892,159,22,37
893,160,23,35
893,160,24,36
894,159,24,38
895,159,25,35
895,159,26,35
896,159,26,36
897,158,26,35
898,158,27,35
898,158,28,35
899,157,28,37
900,157,28,36
901,156,28,37
902,155,28,37
902,155,28,38
903,155,28,37
904,155,28,37
905,155,28,38
906,155,28,39
907,156,28,39
908,157,28,39
909,157,29,39
910,158,29,39
911,159,29,39
912,160,29,39
913,161,29,39
915,161,29,40
916,162,29,39
917,162,29,39
918,162,29,41
919,163,30,40
919,163,31,41
921,164,31,41
923,164,30,41
923,165,32,40
925,165,31,40
927,166,30,40
928,166,31,41
929,167,31,41
930,167,32,42
934,167,29,43
937,168,28,42
937,168,29,42
938,169,29,42
940,169,30,42
942,169,29,42
944,169,29,42
945,170,30,42
946,170,30,43
948,170,30,43
948,171,31,43
951,171,30,43
952,171,30,43
954,172,29,43
956,173,29,43
957,173,30,43
958,173,30,43
959,173,31,44
960,173,31,44
962,174,31,44
963,174,31,44
966,175,29,44
966,175,31,44
967,175,31,44
969,175,31,45
970,175,31,45
970,175,31,45
971,175,33,46
973,176,32,45
975,177,31,44
976,176,31,45
977,177,31,45
978,177,31,44
979,177,31,44
980,177,31,45
981,177,31,46
982,177,32,46
983,178,32,46
984,178,32,46
985,178,32,46
986,178,32,46
986,178,33,46
987,178,33,46
988,178,33,47
989,178,33,47
991,178,32,47
992,178,32,48
992,178,33,48
993,178,33,48
994,178,33,48
995,179,33,48
996,179,33,48
997,179,33,49
998,179,33,49
998,180,33,49
999,180,33,49
1000,181,33,49
1000,181,34,48
1001,181,33,48
1002,181,34,49
1003,181,33,49
1004,181,33,48
1004,182,34,49
1005,182,34,48
1006,182,33,48
1007,182,33,48
1007,182,33,49
1008,182,34,50
1009,182,33,49
1010,182,33,50
1010,182,34,50
1010,182,35,50
1011,182,34,50
1011,182,35,50
1012,182,35,50
1013,183,35,50
1014,183,35,50
1014,184,34,51
1015,185,35,50
1017,186,35,51
1018,186,35,51
1019,186,35,53
1020,188,35,52
1021,189,35,52
1022,190,36,52
1023,190,36,52
1024,191,36,53
1025,192,36,53
1026,193,36,52
1027,193,37,53
1028,194,37,53
1029,195,37,53
1030,195,37,53
1031,196,37,53
1032,196,37,54
1033,197,37,54
1034,197,37,54
1035,197,37,54
1035,197,38,55
1036,198,38,54
1037,198,37,55
1037,199,38,55
1038,199,38,55
1039,199,37,55
1039,199,37,55
1039,199,38,55
1040,199,38,55
1041,199,38,55
1041,200,38,54
1041,200,38,55
1042,199,38,56
1042,199,38,56
1042,199,39,57
1042,199,39,56
1043,199,38,56
1043,199,38,57
1043,200,38,56
1043,200,39,56
1043,200,39,56
1044,201,38,56
1044,201,37,56
1044,201,40,57
1044,202,40,57
1045,202,39,56
1045,202,39,56
1046,203,39,56
1046,203,39,57
1046,203,38,57
1046,204,39,56
1047,204,38,57
1047,204,39,57
1047,204,40,57
1047,205,40,58
1047,205,40,58
1047,205,40,58
1047,206,40,57
1047,206,40,58
1047,206,41,58
1048,207,41,58
1048,207,40,58
1048,207,40,58
1048,207,41,59
1048,208,41,58
1048,208,40,58
1048,208,41,59
1048,209,41,58
1049,209,40,59
1049,209,40,59
1048,210,41,59
1048,210,41,59
1049,211,40,59
1049,211,40,59
1049,211,40,59
1049,211,40,60
1049,212,40,60
1049,212,40,60
1048,213,41,59
1048,213,41,59
1048,214,41,59
1048,214,41,59
1048,214,42,60
1048,214,41,60
1048,215,41,60
1048,215,41,60
1047,215,42,60
1047,215,42,61
1047,216,42,61
1047,216,41,61
1047,216,42,62
1047,217,41,61
1047,217,42,61
1047,218,41,61
1046,218,42,61
1046,218,43,61
1046,218,42,61
1046,219,42,61
1046,219,42,62
1046,219,41,62
1046,219,41,62
1045,220,42,62
1045,220,42,63
1045,221,42,63
1045,221,42,62
1044,221,44,63
1044,221,43,63
1044,221,43,64
1043,221,44,63
1043,222,43,62
1043,222,43,63
1043,222,43,63
1042,222,44,64
1043,222,43,64
1042,223,43,64
1042,223,43,64
1042,224,42,63
1041,224,44,64
1042,224,43,64
1041,224,44,65
1041,224,43,64
1041,225,43,63
1041,226,43,63
1040,226,44,63
1040,226,44,64
1040,226,43,64
1040,227,44,63
1039,227,44,64
1039,227,44,64
1039,227,44,65
1039,227,43,66
1038,228,44,66
1038,228,44,65
1037,228,44,65
1037,229,44,65
1037,229,44,65
1037,229,44,66
1037,230,44,65
1036,230,44,64
1036,230,44,65
1036,230,43,66
1035,231,45,66
1035,231,44,65
1035,231,44,65
1035,231,44,65
1035,232,44,65
1034,232,45,65
1034,232,44,65
1034,232,44,66
1033,232,44,66
1033,233,44,66
1032,233,45,65
1032,233,45,66
1032,233,45,66
1031,234,45,66
1031,234,45,66
1031,234,44,66
1031,234,44,66
1030,234,44,66
1030,234,44,67
1029,233,45,67
1029,234,45,67
1029,234,44,67
1028,234,45,67
1028,234,45,68
1028,235,45,68
1028,234,44,68
1027,235,44,68
1027,235,45,68
1026,235,45,69
1026,235,45,69
1025,235,45,69
1025,235,45,69
1025,235,45,69
1024,236,45,69
1024,236,45,69
1024,236,45,69
1023,236,45,69
1023,236,45,70
1022,236,46,70
1022,236,45,70
1021,236,46,70
1021,237,45,69
1021,237,45,69
1020,238,45,68
1020,238,45,69
1019,238,46,69
1019,238,45,69
1019,238,45,69
1018,238,46,69
1018,238,45,70
1017,238,45,70
1017,239,45,69
1016,239,46,69
1016,239,45,69
1015,239,45,69
1014,239,46,69
1014,239,46,69
1014,240,45,68
1014,240,46,68
1014,242,46,68
1014,243,46,68
1014,243,46,67
1014,244,46,69
1014,246,46,69
1015,247,46,69
1015,248,46,69
1015,248,46,69
1016,249,46,70
1016,249,46,71
1016,251,48,71
1016,253,47,69
1017,253,47,70
1017,253,47,70
1017,254,48,71
1017,255,47,71
1018,256,47,72
1018,257,47,71
1018,258,49,70
1019,258,49,72
1019,258,49,71
1019,258,48,71
1020,258,48,72
1021,259,47,72
1021,259,48,73
1020,262,49,72
1022,262,48,74
1022,263,48,73
1022,266,49,70
1022,267,48,69
1021,269,51,69
1022,270,49,70
1022,270,50,70
1023,271,49,70
1023,270,50,71
1024,271,49,71
1024,272,49,71
1024,273,49,72
1024,274,50,71
1024,275,51,71
1024,275,50,71
1024,275,51,72
1024,276,51,72
1024,276,52,73
1025,276,51,74
1025,276,51,74
1025,277,51,75
1025,277,51,75
1025,277,52,76
1024,274,53,80
1024,274,53,81
1024,275,53,81
1025,275,52,82
1026,276,52,81
1028,276,50,81
1028,277,50,82
1029,278,49,83
1030,280,49,83
1030,281,49,83
1031,283,49,83
1032,284,48,84
1033,286,48,84
1035,287,47,85
1036,288,47,86
1038,289,46,87
1039,290,45,87
1040,291,44,87
1041,292,45,89
1040,293,46,91
1040,294,47,92
1040,296,47,91
1041,297,46,93
1041,298,48,91
1041,299,47,91
1041,300,49,92
1041,301,48,92
1041,302,48,92
1041,302,48,95
1041,302,48,96
1042,302,47,97
1041,302,48,98
1040,303,49,98
1037,304,53,97
1035,303,55,101
1035,303,55,99
1033,303,57,94
1033,303,57,91
1033,303,56,89
1032,303,57,85
1031,302,58,85
1030,302,59,85
1029,302,60,84
1028,301,60,85
1027,300,61,89
1025,300,61,89
1024,300,63,90
1023,299,63,92
1020,299,64,93
1018,299,64,93
1017,299,64,95
1015,299,65,93
1014,300,64,90
1014,300,63,88
1011,300,66,85
1011,301,65,80
1011,302,63,81
1009,303,63,82
1007,304,62,84
1005,306,61,85
1003,307,60,86
1000,309,59,86
998,312,59,88
996,314,58,91
994,316,57,92
991,317,57,90
990,318,56,89
989,319,54,83
987,320,53,81
986,321,52,79
984,322,53,82
982,323,54,83
980,324,54,84
977,324,55,88
974,325,55,89
972,326,55,89
969,326,55,87
967,325,54,86
965,324,53,84
963,323,52,80
961,322,51,81
960,320,51,83
958,319,51,85
955,317,50,86
953,315,50,88
950,313,52,89
947,312,53,88
945,310,54,88
943,308,55,86
941,305,55,86
940,302,55,84
939,298,54,83
937,295,58,79
936,293,58,76
935,290,57,76
933,288,57,77
931,285,54,77
929,282,55,79
927,280,55,79
924,278,57,79
922,276,57,81
920,274,57,81
918,272,58,82
916,271,57,82
914,268,58,83
912,266,57,82
911,265,56,75
910,262,55,73
909,260,53,69
908,259,50,69
907,257,50,70
907,256,50,70
909,254,51,75
913,253,51,75
919,254,52,74
926,254,52,74
934,254,53,74
942,255,54,75
952,256,54,75
963,257,57,75
980,258,56,74
998,260,54,75
1014,262,52,72
1025,262,51,72
1034,263,49,73
1039,263,49,73
1044,263,47,73
1047,263,48,68
1049,263,46,68
1052,263,45,70
1052,263,45,70
1053,263,45,70
1053,263,45,69
1052,262,45,70
1050,263,47,69
1049,262,48,68
1049,262,47,68
1048,260,48,68
1048,259,48,68
1047,258,44,68
1046,257,43,68
1046,256,41,68
1046,255,40,69
1044,254,42,69
1044,253,41,70
1043,252,41,70
1042,251,41,70
1041,251,41,70
1040,250,42,71
1039,249,42,71
1038,248,42,70
1037,246,43,71
1037,245,42,70
1037,244,42,68
1037,243,41,66
1037,242,41,63
1037,241,42,63
1036,240,42,63
1036,240,42,62
1036,240,42,62
1036,240,42,62
1036,240,42,68
1036,240,41,69
1036,241,41,68
1036,241,41,68
1036,242,41,67
1035,241,42,66
1036,240,42,67
1037,240,41,66
1039,240,40,64
1040,240,39,64
1042,241,39,64
1044,241,38,65
1045,241,40,66
1047,242,40,66
1049,242,39,68
1051,243,40,69
1054,245,40,69
1056,246,40,70
1058,246,40,71
1058,247,43,72
1061,247,42,73
1064,247,42,73
1068,248,41,68
1071,248,41,68
1075,249,39,71
1078,249,40,72
1081,250,41,74
1085,251,40,76
1089,252,40,78
1092,254,41,79
1095,255,41,79
1098,257,40,79
1101,258,40,79
1104,260,40,79
1107,261,40,77
1110,262,40,75
1114,263,40,75
1117,264,40,74
1120,265,41,73
1123,266,42,74
1127,267,41,76
1131,268,41,77
1134,270,42,78
1138,273,42,79
1143,275,41,82
1146,277,42,84
1150,278,42,85
1155,280,41,86
1159,281,40,79
1163,282,41,77
1166,282,40,82
1170,283,41,83
1172,284,44,86
1175,284,43,88
1177,285,43,90
1179,285,43,90
1181,284,43,90
1184,283,42,82
1186,282,42,80
1188,283,42,83
1189,285,44,83
1191,287,43,83
1193,288,43,84
1194,288,44,81
1195,286,46,79
1198,286,44,82
1203,286,43,85
1206,287,41,87
1208,288,41,89
1210,289,41,88
1211,289,42,88
1213,289,43,85
1215,287,43,85
1215,287,47,84
1216,287,48,87
1218,289,48,87
1221,289,47,89
1222,290,50,92
1224,291,50,94
1224,292,50,94
1225,293,51,87
1226,294,52,84
1226,292,53,87
1226,292,53,89
1226,292,53,91
1226,292,53,90
1226,292,53,90
1226,291,53,88
1228,289,51,81
1229,287,50,84
1229,284,50,88
1228,282,51,92
1223,280,56,95
1223,278,56,98
1225,278,54,99
1220,281,58,93
1217,282,60,91
1215,284,62,86
1212,285,67,78
1212,286,67,78
1212,283,67,78
1209,281,67,75
1211,280,66,72
1214,277,65,70
1217,276,62,71
1219,272,59,79
1220,272,56,82
1216,271,57,85
1215,271,58,88
1217,271,57,91
1215,272,58,92
1215,274,58,93
1213,277,59,88
1211,279,61,82
1209,279,63,79
1208,278,64,76
1207,277,67,75
1207,275,66,75
1207,272,62,72
1207,269,59,74
1206,268,59,76
1204,265,60,81
1200,263,60,84
1198,261,60,88
1198,260,61,89
1193,262,62,89
1189,264,63,88
1183,262,70,88
1183,264,70,80
1181,263,72,77
1178,261,75,76
1176,259,75,74
1174,257,75,71
1173,254,74,69
1172,251,69,71
1173,248,61,73
1172,245,61,80
1170,244,61,81
1166,244,63,84
1167,244,62,87
1166,247,62,85
1165,246,61,88
1160,249,70,86
1158,248,74,86
1156,247,79,85
1155,252,79,77
1154,252,77,74
1154,251,71,73
1153,250,70,73
1153,249,69,70
1153,248,70,69
1153,246,70,71
1154,243,67,76
1153,243,63,78
1152,241,60,81
1150,240,61,83
1149,241,61,82
1148,241,62,84
1147,242,61,85
1146,240,61,86
1144,240,62,85
1143,239,66,81
1141,239,70,78
1141,238,71,75
1142,237,70,78
1141,236,69,77
1140,236,68,79
1139,236,64,83
1139,237,62,83
1139,238,63,83
1138,238,66,85
1138,238,66,83
1138,238,65,81
1138,239,66,79
1138,239,71,80
1138,241,74,81
1138,243,74,82
1139,243,75,84
1140,245,75,85
1141,247,74,86
1142,249,74,87
1143,251,73,87
1144,253,71,87
1146,254,72,91
1148,255,72,90
1150,254,73,91
1153,257,72,84
1156,259,72,82
1159,261,72,83
1161,263,72,81
1164,265,72,86
1168,267,72,89
1172,269,71,95
1174,271,73,95
1173,274,80,98
1179,279,75,99
1183,282,74,99
1185,285,75,101
1188,287,75,106
1192,290,74,105
1195,291,72,102
1196,294,74,103
1200,297,73,104
1203,299,72,108
1206,301,70,109
1209,303,69,117
1209,306,69,119
1209,307,69,122
1209,309,70,121
1210,309,69,116
1210,309,69,117
1210,311,68,114
1209,313,70,101
1208,314,71,101
1207,314,72,111
1208,313,70,101
1209,310,69,103
1209,307,68,109
1207,305,69,114
1208,303,68,119
1207,303,68,122
1205,304,68,121
1202,304,69,121
1197,305,71,121
1192,307,76,125
1188,307,79,111
1184,306,84,111
1181,305,84,110
1178,303,85,107
1177,301,82,102
1175,297,82,99
1173,292,76,100
1171,288,75,108
1168,285,75,112
1164,282,76,115
1155,281,82,118
1152,280,82,119
1148,279,82,122
1139,281,87,120
1132,283,92,117
1126,284,97,104
1122,282,100,100
1119,279,101,97
1117,275,102,95
1115,271,99,90
1115,264,91,90
1113,261,85,91
1111,256,78,99
1108,254,77,106
1106,252,75,110
1104,251,75,113
1100,250,75,117
1096,254,77,116
1091,256,78,113
1085,257,81,108
1082,257,82,105
1078,256,86,98
1076,254,89,97
1074,253,88,91
1071,249,85,90
1070,243,78,88
1068,239,76,90
1072,235,68,95
1068,233,68,99
1064,230,72,101
1060,228,69,104
1055,227,70,105
1048,230,73,106
1041,230,79,104
1035,232,84,96
1031,232,85,97
1027,231,86,91
1023,230,87,89
1020,227,86,88
1018,223,80,87
1015,219,72,86
1012,216,72,88
1009,215,71,93
1005,214,72,95
1001,214,74,99
997,216,75,101
989,218,78,102
983,223,87,99
977,226,95,92
971,228,99,88
966,228,97,84
962,226,90,80
958,223,90,80
954,219,84,78
949,214,84,82
944,210,90,87
939,207,90,91
935,206,86,93
929,204,90,98
923,203,78,98
915,205,79,99
908,208,83,92
899,211,87,86
892,212,87,82
885,211,91,76
879,208,91,74
874,204,89,74
868,199,83,71
863,196,79,73
858,190,76,73
854,186,75,78
849,185,74,81
844,183,73,82
839,184,72,82
832,186,74,79
826,189,74,75
819,190,77,73
812,191,81,67
805,192,82,71
801,191,81,66
797,190,77,66
790,188,76,65
788,185,72,69
783,181,72,72
778,179,70,73
773,175,71,79
773,173,64,83
768,173,64,83
761,173,67,84
757,175,66,84
752,175,73,85
749,176,76,84
745,174,77,85
740,172,78,76
735,173,72,69
732,172,68,72
728,171,66,70
726,167,61,74
726,164,56,77
722,159,58,81
718,159,54,80
715,157,54,84
710,157,54,85
707,158,55,84
703,157,54,84
702,162,52,80
699,162,52,79
697,162,52,75
695,162,53,73
692,162,55,72
689,162,54,69
686,161,57,66
683,160,56,66
680,157,57,71
678,157,57,73
677,155,55,76
676,153,56,79
677,153,56,80
679,156,56,79
682,158,52,76
687,159,49,72
689,161,58,70
695,161,58,65
708,163,53,64
720,164,51,60
736,163,54,59
757,160,53,64
778,158,48,65
797,156,47,68
815,155,46,70
814,155,46,70
830,154,45,72
842,152,44,76
851,156,43,74
857,157,43,74
860,161,44,71
864,165,49,66
867,167,55,63
869,168,48,58
871,169,53,55
872,168,49,52
872,166,44,51
872,163,42,52
870,160,37,56
870,156,37,59
868,154,36,61
865,153,36,62
862,152,38,62
859,153,38,61
859,156,35,58
859,158,33,55
858,160,33,50
856,161,34,47
854,159,34,49
852,158,35,48
849,157,38,46
849,156,36,47
848,156,36,47
847,156,36,47
847,154,33,49
844,150,32,54
844,149,31,56
843,150,31,55
841,152,32,53
840,152,32,53
840,152,33,51
839,154,33,47
839,155,32,43
837,153,33,43
835,151,34,43
835,150,33,43
836,149,31,44
835,148,31,44
833,144,31,47
833,142,31,49
832,140,28,51
830,141,28,50
830,142,29,49
827,142,29,49
827,143,29,46
825,143,32,44
825,143,31,43
826,143,28,43
827,144,27,42
825,142,28,44
825,141,28,44
825,139,27,47
825,138,27,49
823,138,30,51
823,138,29,51
822,139,29,51
822,141,28,48
822,142,27,47
821,142,28,46
821,142,28,45
822,143,26,46
821,143,28,44
822,143,26,43
822,145,26,40
823,144,26,43
825,145,24,43
821,144,28,44
822,146,27,43
822,147,26,42
823,149,27,44
822,149,29,43
823,149,28,44
825,151,25,42
827,151,24,41
827,150,25,42
828,150,24,41
828,151,25,41
829,151,25,41
830,151,23,41
830,151,23,42
829,152,26,42
829,153,26,43
831,152,25,45
832,152,26,46
832,153,26,46
831,153,29,46
832,153,26,46
832,153,26,46
831,154,27,44
832,153,26,47
832,153,25,46
832,153,27,45
833,151,25,45
833,151,25,46
833,150,27,47
833,149,27,50
834,149,27,51
834,149,27,51
834,150,27,51
834,151,28,48
834,153,30,46
835,154,30,44
836,154,29,42
835,154,31,41
836,153,31,42
837,153,30,43
838,153,30,43
838,153,32,43
838,153,32,42
839,153,32,44
840,153,31,45
841,151,31,47
842,151,31,49
843,151,32,50
844,153,32,50
846,154,31,48
847,154,33,49
850,155,32,46
851,156,32,46
855,155,31,46
858,155,30,48
858,156,31,46
860,158,31,47
862,158,31,46
864,159,31,45
865,160,32,42
867,158,33,45
871,156,32,46
874,156,33,47
877,157,33,47
878,157,36,48
879,159,36,49
878,161,37,48
884,162,34,48
884,163,32,48
885,164,32,46
887,165,30,46
888,165,30,48
888,166,31,49
889,166,30,50
890,166,30,50
890,167,31,50
890,165,32,52
890,167,32,49
891,169,30,47
891,168,30,48
891,169,30,49
891,169,32,51
891,169,33,51
891,170,34,50
891,172,32,49
891,173,31,47
891,175,32,44
892,176,30,45
892,176,29,46
892,174,32,50
892,175,31,49
891,175,30,48
891,175,31,47
891,175,31,48
890,175,31,47
890,174,31,50
890,171,31,55
889,172,31,54
889,173,31,54
889,172,32,53
