631,379,38,33
632,380,41,34
632,378,40,35
636,380,38,32
634,378,40,33
635,383,38,27
635,382,38,24
634,381,38,22
634,379,37,22
634,378,35,21
634,373,37,25
633,372,36,24
634,374,34,21
632,372,37,23
632,372,36,24
632,372,34,23
631,373,34,22
630,370,35,23
630,369,34,24
629,370,36,22
629,370,35,23
629,370,35,21
628,369,36,21
629,368,37,22
629,370,37,23
631,368,34,24
630,368,35,24
631,371,35,21
634,369,32,24
634,369,36,22
635,370,35,23
637,368,36,24
637,362,37,31
637,362,38,31
637,361,38,31
641,364,36,29
641,365,36,29
642,365,38,29
644,366,36,28
646,367,36,28
648,369,35,27
648,365,36,29
649,365,35,28
649,361,37,28
650,362,37,28
651,361,36,27
652,358,36,27
652,362,37,29
653,357,36,28
654,356,34,27
654,358,35,28
654,356,35,27
653,357,34,26
652,359,35,26
652,360,36,27
650,362,36,27
649,361,37,29
647,362,38,30
646,365,37,29
645,367,37,29
643,366,38,29
640,364,39,30
639,364,37,32
638,362,37,31
634,362,37,31
634,365,36,30
633,367,36,30
632,368,39,35
629,369,39,35
627,368,38,34
626,372,37,33
624,372,39,34
622,372,40,34
620,376,42,34
620,375,41,37
618,374,42,37
617,378,43,37
615,380,43,37
615,379,44,37
612,380,44,37
611,379,44,37
609,379,44,37
607,380,44,36
606,379,45,37
604,380,45,39
601,376,44,38
602,378,44,39
601,377,43,39
599,376,43,39
598,377,44,39
596,377,44,39
593,375,45,41
593,378,45,41
590,378,45,41
588,379,46,41
587,380,49,43
585,381,49,43
583,380,49,43
582,384,53,45
580,384,55,47
579,384,56,47
579,388,60,47
579,389,60,47
579,393,60,47
579,396,60,47
579,398,64,52
579,399,64,51
579,404,66,51
579,407,66,53
576,404,74,59
576,407,75,59
577,407,75,59
581,410,71,59
583,414,71,58
585,412,72,62
588,409,71,68
590,410,71,67
595,406,67,65
599,406,65,64
602,404,64,63
605,400,62,62
607,401,63,62
611,401,61,62
610,403,63,62
612,405,63,62
614,405,64,66
615,408,64,66
616,413,64,66
616,417,66,66
614,417,71,69
613,423,72,70
612,422,73,75
610,423,72,78
609,430,71,77
606,434,71,77
601,429,73,79
596,432,72,78
593,434,71,77
591,430,71,77
590,433,75,76
589,434,75,76
588,433,75,79
590,436,74,77
590,437,74,77
591,437,74,77
595,440,76,85
598,443,75,84
599,441,80,84
600,440,79,83
603,440,78,85
604,440,78,84
605,442,80,86
605,441,82,89
604,442,83,90
603,443,82,89
601,444,81,88
603,446,81,91
600,447,85,93
596,449,84,92
594,451,83,91
592,451,82,90
592,452,86,96
590,450,88,99
589,453,89,98
587,456,90,98
582,453,92,105
579,455,92,106
576,456,92,106
574,459,93,108
569,457,94,111
567,459,97,112
566,461,96,111
564,463,96,111
566,463,96,111
565,463,96,111
563,461,96,111
564,465,97,113
564,466,96,112
563,468,96,112
563,467,97,117
563,471,100,117
564,471,101,116
565,474,99,114
566,474,99,114
571,473,97,117
572,474,96,115
573,472,96,115
576,469,100,119
577,470,99,118
577,472,99,118
576,474,99,118
575,473,98,117
573,471,98,117
573,469,98,117
570,466,98,117
567,464,98,117
564,463,98,117
561,462,98,117
558,459,98,117
555,458,98,117
552,458,98,117
549,458,95,110
545,458,94,109
540,456,94,109
535,452,91,106
534,456,91,106
529,453,90,105
524,455,92,105
519,451,91,104
514,452,91,104
509,450,91,104
503,452,92,104
499,452,103,103
494,451,101,101
490,450,107,101
486,448,109,101
483,451,109,101
481,447,109,101
479,450,112,101
478,452,111,100
479,452,111,100
480,454,117,98
480,454,117,98
482,455,117,98
488,455,120,98
491,460,120,98
495,459,118,96
503,458,117,102
506,460,115,103
510,461,113,102
519,462,112,104
522,464,111,103
524,461,110,106
526,461,108,104
530,459,108,104
533,465,105,107
533,461,105,111
532,460,105,111
531,463,104,114
528,462,105,117
529,461,109,117
527,463,105,117
524,463,105,117
522,459,105,117
520,458,105,117
515,462,110,117
512,455,111,117
508,455,112,121
506,456,117,121
504,455,117,121
503,455,116,120
502,453,119,121
501,451,122,122
501,452,124,124
501,452,123,123
501,459,122,122
502,452,125,122
504,454,131,123
509,461,127,122
510,453,128,125
515,453,127,124
522,453,129,123
531,449,126,122
538,452,125,121
546,453,125,120
554,453,125,120
567,448,117,118
574,453,118,119
583,451,118,119
592,447,116,117
612,448,105,115
624,444,103,113
635,443,101,111
647,446,99,109
656,448,95,108
668,447,92,108
680,449,89,108
687,451,88,102
693,448,87,100
698,445,86,103
706,443,87,102
710,436,88,104
716,443,86,97
719,440,85,97
720,439,87,96
721,442,89,97
723,445,88,92
725,445,87,93
726,445,87,93
729,446,85,94
728,443,84,93
727,443,88,92
727,443,88,92
726,444,87,91
725,448,89,91
726,448,89,86
724,447,89,86
723,448,88,88
722,445,91,87
722,442,91,89
722,447,91,88
720,446,91,88
718,448,90,87
716,453,90,87
715,453,91,86
712,451,90,85
709,450,89,90
707,446,88,92
706,444,87,91
703,445,86,90
698,446,89,90
695,443,89,90
691,447,88,89
687,445,87,88
686,446,86,88
681,448,85,87
678,447,85,87
673,446,85,87
670,445,84,86
666,444,84,86
665,446,83,85
662,445,82,84
659,444,81,87
655,446,80,86
655,446,80,85
651,444,79,85
645,439,81,89
642,437,81,89
638,434,80,91
636,432,80,93
635,436,78,88
633,436,77,87
633,436,79,86
632,438,78,85
633,438,78,86
632,436,77,85
631,436,79,85
630,435,78,84
630,435,79,83
629,434,78,82
627,433,78,82
628,433,77,84
626,435,76,83
625,434,76,82
623,433,75,81
622,433,77,80
621,430,76,79
623,428,74,79
623,428,73,78
623,424,75,79
623,425,74,78
623,423,75,78
625,424,74,77
625,426,73,76
625,427,75,77
625,425,74,76
625,428,74,75
627,428,73,74
626,422,73,78
627,421,73,79
627,421,72,75
627,421,71,74
628,420,72,75
627,423,72,74
627,423,71,73
628,422,72,74
628,423,74,74
628,422,73,73
630,425,71,73
630,424,70,72
628,424,71,71
628,425,73,70
630,423,72,71
630,421,69,70
634,417,71,77
634,421,70,73
634,424,70,73
633,423,69,72
632,427,71,72
634,425,71,72
632,424,70,71
631,425,70,71
631,421,69,70
630,426,71,75
628,420,70,74
627,420,69,73
626,423,69,73
624,423,69,73
622,419,70,73
621,416,71,74
619,417,73,75
619,417,74,78
619,418,73,77
619,419,72,76
622,424,71,75
623,425,70,74
624,426,71,77
623,429,73,77
625,429,73,78
626,426,75,81
626,426,74,80
626,425,73,79
629,426,75,79
629,426,75,79
632,432,75,79
633,430,75,78
634,436,75,78
636,436,74,77
638,432,76,79
641,433,75,81
643,429,76,80
644,431,75,83
643,434,75,83
642,432,74,82
641,430,73,82
640,427,76,81
640,424,75,80
642,425,77,82
641,425,76,81
641,429,78,84
644,429,78,84
648,438,77,83
648,437,76,82
652,441,78,81
654,444,81,81
660,441,80,87
661,442,79,87
663,440,78,86
663,441,80,89
664,440,82,90
665,440,84,87
666,441,84,87
667,441,84,87
666,439,87,87
665,438,88,87
665,440,90,89
665,440,89,89
663,442,90,88
662,441,89,83
661,439,92,85
660,441,93,88
658,440,93,88
656,440,94,89
656,438,91,86
653,438,90,85
651,440,92,84
648,438,91,83
648,437,90,85
646,439,87,84
644,438,86,83
641,441,85,82
639,441,84,81
639,440,84,83
636,437,84,85
637,438,80,84
634,435,79,85
631,436,79,84
630,436,81,83
628,435,80,85
625,434,79,84
624,434,76,85
622,433,77,84
620,436,77,84
617,434,75,83
615,430,76,83
613,429,75,82
611,427,74,81
609,427,75,83
608,431,74,82
605,430,75,81
603,431,74,80
605,433,77,80
605,433,74,79
604,434,76,78
605,435,78,78
605,437,78,78
607,435,76,82
608,437,76,83
606,436,75,83
611,438,75,82
613,439,74,80
613,440,76,80
614,437,78,84
615,438,76,82
615,439,76,82
614,436,79,85
615,435,81,85
614,436,81,85
613,437,81,85
611,435,81,85
610,441,81,85
611,439,82,89
610,437,82,90
610,442,82,90
610,446,80,92
609,445,80,92
607,447,82,94
606,453,84,96
604,453,84,96
602,453,84,96
601,453,83,96
599,450,83,94
596,450,87,95
597,453,86,98
595,455,88,98
593,453,88,102
593,455,89,103
589,454,90,103
590,457,87,101
588,456,89,103
585,455,91,107
582,452,91,111
581,452,93,111
581,458,90,111
581,458,90,111
578,459,90,111
577,455,90,111
573,457,90,111
572,458,90,111
572,457,90,111
565,457,94,113
563,458,94,113
559,459,94,113
558,461,94,113
557,461,94,113
554,463,94,113
550,464,96,115
547,463,96,115
546,463,96,115
546,463,96,115
540,462,96,115
538,461,96,115
536,461,96,115
533,462,96,115
534,463,96,115
534,464,96,115
533,464,96,115
531,465,96,115
531,468,96,115
533,468,96,115
531,468,96,115
531,461,96,118
529,459,96,118
529,458,96,118
527,454,96,118
526,457,96,116
525,457,96,116
523,459,96,116
523,457,96,116
525,457,96,118
525,462,96,116
525,462,96,116
522,463,96,116
527,464,96,116
524,465,99,116
523,465,100,116
523,465,97,116
521,465,97,116
522,469,98,113
520,467,98,116
520,462,99,116
518,462,99,116
517,466,99,116
516,464,99,116
515,462,99,116
512,462,102,116
508,462,103,116
505,465,107,116
503,467,110,116
503,468,110,116
500,471,110,116
502,471,111,118
501,469,114,119
500,469,114,122
498,469,114,122
504,466,114,122
503,464,114,122
503,461,114,122
503,460,114,122
502,460,114,122
500,463,119,122
502,465,120,122
502,464,120,122
505,464,120,122
514,463,117,125
517,464,115,125
519,464,114,127
526,462,111,125
529,466,108,123
532,463,108,123
534,457,108,123
534,458,108,123
534,458,108,123
537,454,108,123
539,454,102,123
539,460,102,117
540,460,102,117
543,454,102,117
543,453,102,117
546,450,102,117
549,448,97,114
549,452,97,114
549,452,97,114
551,449,94,114
560,447,89,114
555,452,90,107
556,442,90,107
554,442,96,109
556,442,96,109
557,445,92,109
557,442,90,104
560,444,88,104
559,444,88,98
559,439,88,98
557,444,90,99
557,444,90,99
557,437,86,99
557,444,84,95
555,443,87,92
554,440,89,93
553,441,90,93
556,441,90,93
558,443,87,91
560,440,87,91
561,443,87,91
564,435,83,91
567,438,82,89
569,437,82,91
571,433,80,88
572,432,80,88
572,433,80,88
577,429,78,84
578,429,77,84
584,432,75,82
583,432,78,82
590,435,76,82
593,435,76,82
596,437,78,82
596,435,78,82
602,435,78,82
605,430,74,82
608,429,73,82
610,427,73,82
610,425,72,79
612,426,73,82
612,427,73,82
614,430,72,81
615,431,72,81
616,433,72,81
616,434,72,81
617,431,74,81
619,437,75,81
619,434,73,82
620,435,75,82
622,437,73,82
622,436,73,82
622,433,74,82
622,436,74,82
624,433,77,82
623,432,77,82
623,430,77,82
621,423,77,82
620,424,77,82
619,422,77,82
616,421,77,82
614,420,77,82
614,422,77,82
613,424,77,82
612,424,77,82
610,424,77,82
610,425,77,82
610,429,77,82
610,433,77,82
608,430,77,82
606,425,77,82
605,425,77,82
607,428,77,82
607,430,77,82
607,431,77,82
607,437,77,82
606,430,77,82
608,428,79,84
608,428,79,85
610,426,75,85
611,429,75,81
611,429,75,81
612,430,75,81
613,427,75,81
613,427,75,83
615,430,75,83
614,431,75,83
615,431,75,83
620,433,75,83
621,431,75,83
623,435,75,80
625,434,75,80
627,435,75,80
627,433,75,80
632,435,75,80
634,433,75,80
638,436,74,82
640,439,73,80
642,435,73,83
644,436,77,84
645,433,77,84
647,434,75,82
646,433,75,82
645,434,80,82
644,432,80,82
642,431,81,82
641,432,81,84
638,433,83,84
639,433,79,84
636,433,80,84
636,434,80,80
637,431,76,80
636,435,76,80
632,438,81,80
632,433,78,85
631,437,74,85
628,434,76,85
627,432,76,85
625,434,77,85
622,437,77,85
619,433,77,85
615,437,77,85
613,437,77,85
611,438,77,85
609,439,78,85
606,442,78,85
604,442,78,85
605,442,78,85
603,442,78,85
602,442,78,85
598,440,78,85
596,440,78,85
596,441,78,85
596,439,78,85
595,438,78,85
591,438,78,85
590,439,78,85
588,437,78,85
585,435,78,85
585,435,78,85
581,437,78,85
581,435,78,85
578,433,78,85
576,432,80,89
575,431,80,89
575,431,80,89
573,432,80,89
572,430,82,91
571,432,82,88
573,432,80,88
573,433,80,88
572,433,80,88
574,434,80,88
577,433,80,88
577,435,80,88
577,435,80,88
579,433,80,88
581,433,77,88
583,433,77,88
583,429,77,88
585,430,77,88
587,432,78,86
587,434,78,86
589,434,78,86
588,434,78,86
592,434,78,86
594,432,78,86
596,432,78,86
598,434,78,86
598,433,78,86
595,434,78,82
591,435,76,82
586,430,76,82
579,430,76,82
573,434,76,82
568,432,76,82
562,431,76,82
554,431,76,82
550,432,76,82
543,429,81,82
535,432,86,82
532,431,82,82
527,431,92,82
527,435,92,82
526,434,92,82
528,432,92,82
531,432,92,82
534,432,92,82
536,432,92,82
540,435,92,82
543,433,95,88
552,433,94,88
560,435,92,91
567,438,92,91
577,439,91,93
588,438,87,95
598,441,84,96
608,440,84,96
618,441,85,96
624,440,85,96
635,440,85,96
637,445,85,93
636,446,93,93
637,451,89,93
636,450,99,93
634,444,98,101
631,446,101,101
627,450,98,98
623,445,97,98
617,448,98,103
612,445,96,103
605,438,96,103
595,447,99,103
587,449,95,103
574,445,94,103
555,451,101,103
545,456,92,103
524,450,91,105
502,455,91,107
482,461,95,110
462,453,102,110
444,453,110,110
426,454,117,109
411,447,125,108
401,446,127,107
390,440,130,112
382,443,134,109
375,446,136,106
371,441,135,105
365,442,140,103
362,441,145,103
359,441,146,102
356,442,148,101
355,438,149,103
355,438,151,105
359,439,151,104
362,435,151,104
367,435,149,100
377,439,143,98
384,436,146,98
393,434,144,98
403,439,140,96
417,438,138,97
429,436,134,98
447,443,124,99
459,445,118,96
473,438,109,95
478,437,106,95
488,436,104,89
492,432,102,89
496,432,98,89
499,431,98,83
503,424,97,84
507,422,94,88
509,422,94,82
512,422,91,85
513,419,91,81
515,418,92,78
520,411,91,80
523,415,92,77
527,415,92,73
532,413,93,72
539,413,90,73
546,414,87,70
552,411,87,69
558,411,88,68
565,413,81,67
570,411,83,66
575,408,81,66
581,407,78,65
587,411,76,65
594,408,76,61
596,405,76,65
603,408,76,65
609,409,74,61
612,410,74,61
618,414,70,60
625,415,67,60
628,418,69,61
633,420,67,59
639,424,65,57
642,424,69,60
649,425,62,58
651,422,63,59
657,426,63,57
661,427,61,55
664,426,61,58
668,424,61,58
674,422,61,58
676,421,60,57
682,420,59,56
687,417,57,59
691,420,58,58
695,417,61,60
699,416,61,64
702,414,62,65
706,414,62,65
713,410,60,65
717,410,60,65
720,410,60,65
723,405,64,64
725,405,65,63
729,409,66,63
733,406,65,64
738,402,65,62
743,407,67,63
750,407,67,63
759,404,69,63
766,408,70,67
776,411,70,64
784,408,74,63
791,411,80,66
801,410,83,68
809,407,88,69
816,409,93,66
822,415,97,66
825,420,103,63
826,416,106,66
828,424,109,68
829,430,110,67
829,424,111,68
826,431,115,68
823,439,116,66
817,430,115,65
811,432,116,69
808,435,113,70
802,423,112,70
796,425,110,70
790,426,111,70
786,421,108,67
782,422,107,69
777,424,104,69
773,415,104,69
769,414,101,68
765,413,100,70
761,403,100,71
758,409,97,68
753,408,99,66
750,403,97,68
747,406,99,66
745,404,96,67
744,401,94,66
742,405,93,65
738,407,92,64
731,410,97,66
730,410,93,67
728,411,90,68
724,410,87,66
718,410,89,63
716,411,86,66
713,414,86,63
709,415,85,62
709,417,84,61
704,414,85,62
705,412,81,63
700,413,82,62
699,403,81,68
700,404,78,68
699,407,78,68
698,403,75,68
697,409,76,65
697,407,75,64
697,406,74,63
698,407,74,63
699,408,74,63
702,409,73,62
701,412,72,61
699,412,77,64
697,415,81,60
693,412,82,63
692,414,79,60
687,410,81,61
684,411,80,57
676,407,82,60
674,406,77,60
669,405,76,60
667,403,72,59
662,401,74,59
659,401,74,59
653,398,71,58
652,398,68,57
647,402,68,57
645,397,67,59
641,400,66,58
639,405,64,60
634,398,66,57
633,401,64,57
631,405,63,60
628,397,62,60
625,404,63,58
623,408,61,59
618,398,61,59
617,402,60,58
612,406,59,57
609,398,59,57
609,400,58,56
606,399,59,59
607,397,58,58
605,397,58,58
602,398,58,58
604,397,58,58
601,391,57,57
598,399,59,60
598,398,59,60
594,393,59,60
595,395,59,60
594,395,58,59
591,395,58,59
591,394,57,58
589,397,56,57
588,396,55,56
586,396,54,55
584,399,53,54
580,400,56,54
576,399,55,56
574,402,54,55
570,404,53,54
566,402,58,57
562,401,58,57
558,399,58,57
554,401,57,56
551,400,57,56
548,401,56,55
546,402,56,55
540,401,57,58
536,403,62,57
531,401,61,56
526,400,65,56
522,401,66,58
522,400,65,57
516,401,65,57
515,406,64,56
508,404,70,56
505,404,68,58
499,404,72,58
494,400,74,55
493,402,75,55
488,409,75,56
488,402,79,59
485,405,77,58
483,413,83,58
483,408,82,59
486,408,81,58
487,415,80,57
487,413,80,57
492,409,82,57
493,415,84,59
499,413,84,59
502,410,84,59
508,417,83,58
515,415,79,60
518,409,81,61
525,413,77,61
532,411,72,60
535,409,70,60
541,413,69,59
541,410,68,58
545,406,67,57
547,409,66,57
548,410,65,57
548,407,66,56
551,410,63,61
549,406,63,61
549,402,63,63
547,408,64,62
545,402,64,62
538,401,65,62
535,406,65,61
532,406,65,61
526,411,64,60
520,413,66,59
516,406,68,63
509,411,69,62
505,412,71,65
497,409,73,65
494,411,73,64
487,411,75,65
481,409,76,67
474,413,79,67
469,414,76,67
458,408,79,67
451,409,83,66
440,409,87,67
433,408,91,66
425,409,96,66
421,407,95,65
418,411,98,64
414,409,100,63
409,408,104,65
410,411,104,64
412,411,106,64
412,408,106,64
413,410,105,63
417,409,104,62
421,408,100,65
425,408,101,64
424,407,103,65
426,406,102,66
429,408,105,68
434,410,106,65
436,410,106,65
448,412,105,64
453,409,106,64
465,410,106,64
477,410,102,64
490,406,99,65
505,405,96,72
519,411,90,68
529,409,88,67
541,413,84,64
552,417,82,63
562,412,77,63
574,412,74,68
582,415,71,66
592,412,66,68
597,413,66,68
604,413,65,65
610,410,65,65
613,413,66,65
618,411,66,65
624,414,66,65
628,415,65,64
631,416,65,64
632,417,65,64
634,414,65,67
632,415,67,66
632,419,68,66
631,416,69,65
629,412,68,68
628,414,69,67
625,413,70,66
625,414,70,66
624,414,70,66
621,411,70,71
618,410,70,72
615,417,69,72
614,417,69,72
611,417,69,72
609,424,68,71
603,419,69,75
600,421,69,75
594,422,68,74
590,425,67,73
580,429,70,75
573,430,71,75
566,431,72,73
562,428,72,75
559,427,74,78
554,428,72,77
550,424,73,77
547,429,75,77
540,427,76,77
538,429,81,76
538,430,79,75
536,428,81,77
531,425,84,78
531,428,84,80
530,423,85,82
529,428,85,82
527,430,84,81
525,430,83,80
526,437,87,79
519,438,88,80
519,441,88,80
515,436,91,81
515,441,89,84
512,438,91,83
511,436,95,82
512,438,93,84
511,434,94,83
511,432,91,82
512,435,92,82
511,433,92,82
510,426,95,83
509,431,95,84
509,430,95,84
512,429,96,85
514,434,97,84
515,432,98,83
516,433,100,83
521,436,96,82
525,435,97,81
528,433,95,84
531,433,94,86
533,432,94,86
535,433,97,86
543,434,94,85
551,438,91,84
558,432,90,83
566,434,88,84
573,434,89,84
585,434,83,84
594,433,78,85
602,436,76,85
605,435,79,85
610,431,76,84
616,432,78,83
618,427,78,86
623,428,76,82
627,426,76,84
628,426,77,84
630,427,74,83
633,424,72,82
628,425,77,81
630,429,77,80
628,431,77,74
626,430,77,73
623,426,77,80
620,426,75,79
618,422,74,78
614,424,73,77
609,424,76,76
604,421,75,75
600,422,76,74
596,422,75,73
590,418,73,76
582,422,71,76
575,419,73,76
569,417,73,77
566,418,68,79
561,415,68,74
557,418,69,72
555,416,68,71
550,411,71,70
549,413,70,70
547,412,67,70
544,410,69,69
543,413,71,68
538,415,72,67
540,414,71,65
535,411,74,67
536,412,72,67
535,415,71,67
536,413,69,64
533,416,71,63
532,414,70,65
529,406,70,66
528,409,69,64
525,410,69,62
522,407,68,61
518,404,69,62
514,404,74,62
513,406,72,60
513,405,71,61
509,406,71,62
509,408,70,59
505,410,72,59
501,407,74,59
498,408,70,59
495,404,71,57
491,403,74,55
490,405,75,53
488,402,77,54
488,404,76,55
487,407,78,56
486,405,77,53
490,407,74,53
493,406,75,54
495,403,76,53
498,401,78,56
504,400,76,53
507,397,78,55
517,398,78,51
523,398,74,49
534,393,70,50
545,392,66,52
550,391,65,50
558,389,65,49
568,391,61,50
575,389,61,50
585,387,56,49
592,387,52,49
598,388,51,48
605,384,50,47
610,384,50,49
614,387,50,47
616,385,50,47
617,383,50,46
620,384,51,45
620,385,49,45
618,382,50,46
618,382,51,50
615,384,49,49
613,383,51,50
605,382,54,51
600,385,54,48
593,379,55,49
590,378,52,47
582,379,53,46
577,374,50,48
571,377,46,45
563,378,48,48
557,377,49,46
550,374,51,46
544,375,54,47
540,374,51,47
535,375,55,48
531,382,57,48
526,383,59,45
520,380,60,47
519,386,63,46
516,375,61,45
511,375,65,45
509,380,67,45
509,373,63,43
503,376,67,44
507,381,66,41
506,381,66,42
505,379,67,44
506,383,68,44
504,380,70,47
507,375,72,50
508,378,70,48
509,381,74,47
513,378,75,46
520,379,71,44
526,382,69,45
532,379,70,46
538,379,68,46
545,380,66,48
550,381,65,47
556,378,64,49
563,383,63,47
568,383,63,47
574,380,59,47
579,387,55,46
580,384,57,49
583,381,54,51
586,384,51,50
580,383,54,50
583,380,56,49
583,384,56,49
583,384,57,49
585,383,58,48
585,385,58,48
586,385,58,48
588,384,57,47
592,385,56,46
595,388,55,45
599,383,55,51
601,381,56,54
603,381,56,54
605,380,56,54
612,382,55,50
617,386,55,49
620,384,56,49
623,383,56,49
626,384,56,49
633,382,58,48
637,379,53,47
640,380,56,47
644,375,56,48
648,376,56,48
651,376,57,46
652,374,59,46
652,376,56,45
656,380,54,44
653,380,59,46
653,378,56,50
653,381,57,49
651,381,59,46
650,382,59,43
651,384,59,47
651,377,57,47
650,375,57,48
647,378,60,47
648,378,57,44
648,376,60,46
644,378,61,45
644,378,61,46
641,374,60,48
638,375,61,48
636,377,61,46
632,378,61,43
629,377,59,42
625,378,58,39
621,377,62,42
617,378,63,42
613,379,60,41
606,377,58,41
603,378,59,41
599,378,60,44
595,377,57,45
589,377,56,44
582,380,59,47
579,382,56,46
573,381,56,46
568,384,58,45
562,382,58,45
558,382,59,45
553,383,54,43
548,381,53,42
541,383,56,43
535,386,56,43
530,385,55,42
524,386,51,42
519,383,54,46
514,386,54,46
510,386,54,46
506,389,54,46
500,393,53,45
500,392,53,45
497,389,52,44
493,391,54,47
491,390,54,47
487,390,56,46
486,392,55,43
482,395,58,43
482,389,55,45
481,393,57,45
480,391,57,45
478,388,56,44
479,390,53,46
477,390,52,45
471,388,52,45
465,387,58,45
462,388,58,48
459,386,60,49
456,384,60,46
453,387,60,47
451,388,61,44
447,385,63,46
450,385,61,45
449,384,60,45
448,382,63,44
447,385,66,42
449,383,63,45
452,378,63,45
452,378,66,44
456,380,64,44
458,379,61,42
458,379,63,42
462,381,60,45
461,378,62,42
463,379,63,42
465,381,61,44
465,383,62,39
468,382,60,41
469,385,59,40
470,385,60,40
469,381,64,42
474,384,60,41
474,378,61,43
476,377,64,43
480,378,62,42
482,379,61,41
485,380,60,40
487,382,59,39
488,383,58,38
489,384,57,37
494,385,59,40
495,385,58,39
496,384,62,40
499,388,61,43
503,387,61,45
509,383,58,45
510,387,61,44
515,386,60,44
516,382,61,43
520,385,61,43
523,387,62,44
527,384,61,43
531,384,62,44
534,382,59,46
534,379,61,48
537,384,59,45
539,384,59,45
538,382,60,47
537,384,62,45
536,383,62,44
534,382,61,43
537,378,60,46
534,376,60,47
531,377,61,50
530,372,63,48
528,382,64,45
528,379,66,45
528,371,67,51
528,378,68,51
530,376,68,51
531,376,67,50
528,389,67,50
528,394,66,49
526,392,66,49
526,399,66,49
526,400,68,52
523,396,70,54
524,401,70,54
524,406,70,54
525,404,70,54
521,406,69,53
520,404,69,53
522,403,68,52
518,402,71,57
520,402,70,56
514,399,75,59
515,398,74,58
516,398,74,58
516,402,78,56
519,400,80,60
523,404,77,59
526,404,80,61
528,403,81,61
533,408,78,61
537,412,78,61
538,412,77,60
541,414,76,59
547,411,73,63
551,409,74,67
552,407,76,67
555,410,76,65
561,413,76,65
563,413,76,65
565,411,74,64
571,415,69,63
575,415,69,63
575,416,69,65
577,421,70,68
580,422,69,69
582,421,68,68
584,422,70,68
584,422,70,67
589,421,69,66
591,423,69,66
592,422,68,69
593,422,67,68
593,421,67,68
595,422,67,68
591,420,70,74
590,421,70,74
593,424,70,74
593,422,69,73
596,423,71,73
598,426,74,75
602,424,73,74
606,422,72,73
609,428,71,72
610,429,70,71
610,423,70,71
613,423,70,71
617,425,70,71
619,421,70,71
617,421,70,71
621,423,70,71
621,417,69,70
623,416,69,70
625,417,69,70
625,414,69,70
628,412,69,70
632,418,68,69
632,414,73,74
636,411,72,73
640,415,71,72
644,417,70,71
645,412,73,78
653,417,73,78
656,413,72,77
659,414,72,75
664,417,71,74
665,418,73,71
669,418,74,68
667,419,77,68
666,418,79,71
665,416,81,71
664,416,79,69
662,417,77,68
662,416,74,66
661,417,72,66
658,418,77,67
658,417,75,64
654,415,76,67
654,419,73,66
655,417,71,65
655,417,70,64
654,418,70,64
654,418,70,64
654,420,70,64
654,424,70,64
654,422,70,64
654,422,69,63
655,424,74,65
654,419,73,64
654,418,72,63
654,420,72,63
654,419,71,64
656,415,72,70
657,419,72,70
659,420,71,69
662,418,72,69
663,421,72,69
665,422,72,69
666,418,72,69
669,422,72,69
671,423,71,68
669,416,74,68
669,418,76,71
672,422,76,71
673,413,74,70
674,419,77,70
675,422,76,69
675,415,76,73
677,418,78,73
677,421,77,72
677,420,78,72
680,421,79,72
679,420,79,72
678,422,80,71
676,418,82,71
672,418,81,70
669,415,81,70
667,416,80,69
663,410,82,76
659,412,81,75
656,413,81,75
654,414,80,74
651,417,79,73
652,417,79,73
649,422,77,72
647,420,77,76
645,419,76,75
644,420,75,73
640,423,75,73
638,424,74,72
642,426,72,73
643,431,72,76
641,429,73,73
642,431,73,72
642,436,73,76
643,428,73,76
642,426,72,75
643,430,72,75
645,425,71,74
643,427,71,74
644,431,71,74
642,420,74,75
643,420,73,74
642,425,72,73
644,419,71,72
643,421,74,73
644,426,74,73
646,424,75,74
647,427,75,74
647,431,75,74
648,427,75,73
647,426,74,72
646,431,75,72
648,422,75,80
645,421,75,80
648,425,77,81
648,426,76,77
648,424,77,77
649,430,77,77
651,429,76,76
651,427,75,75
651,432,76,75
651,432,79,77
651,427,80,78
651,434,79,77
650,436,79,76
647,429,81,78
647,434,81,78
645,434,81,78
645,423,78,82
644,431,77,81
642,431,77,80
643,428,77,80
643,432,77,80
644,432,76,79
644,428,78,83
645,432,78,83
647,433,77,82
649,425,76,81
650,429,76,81
647,432,82,83
648,429,83,83
645,434,82,82
642,434,84,86
637,429,83,85
633,429,83,85
629,435,83,85
627,430,83,85
623,428,81,82
620,437,80,81
616,434,79,80
610,431,82,83
611,437,77,83
604,428,77,89
600,424,76,88
599,433,76,85
596,429,77,84
596,430,77,80
594,438,76,79
596,431,76,79
598,429,76,79
599,431,75,78
604,425,74,77
610,423,74,77
616,428,76,78
620,423,72,77
625,425,72,77
629,426,74,77
638,421,73,79
643,419,76,84
646,421,77,86
651,419,76,85
657,425,79,84
660,424,79,84
662,425,79,84
665,423,81,83
668,426,80,82
669,422,81,81
670,426,82,80
670,422,81,79
670,423,84,81
673,431,83,81
674,425,83,80
676,430,85,80
677,436,85,80
676,433,85,80
677,434,87,78
678,432,90,81
679,428,89,81
682,428,88,80
685,432,87,79
688,430,90,81
689,435,90,81
689,432,92,80
691,431,92,82
691,436,91,81
690,430,96,85
690,428,97,84
691,431,98,84
691,427,98,84
691,424,97,83
690,424,96,82
689,421,100,85
687,421,99,84
684,427,100,85
682,426,100,85
679,423,99,84
678,424,98,83
677,423,98,83
685,420,93,83
686,421,94,84
687,420,95,84
688,418,96,78
690,422,96,78
693,424,95,77
692,419,98,77
691,423,100,78
686,430,101,77
684,429,103,76
682,428,105,78
679,431,102,74
681,428,97,73
678,421,98,79
674,425,98,76
670,424,96,79
666,415,96,78
662,419,94,76
659,424,91,74
655,419,89,74
652,416,90,77
648,423,89,77
644,418,88,77
641,415,86,77
639,420,86,75
637,419,86,75
634,413,85,74
631,415,84,73
628,416,84,72
626,415,82,72
622,416,81,71
619,421,85,72
618,419,82,74
613,419,82,71
610,423,80,74
606,419,80,73
602,419,80,73
594,424,80,73
587,419,83,75
581,419,80,74
578,425,77,74
571,419,75,77
566,422,75,74
561,423,75,75
556,423,75,74
551,421,75,74
546,423,76,73
542,424,76,73
539,423,75,72
534,431,74,71
526,432,73,78
520,432,75,77
514,436,75,74
506,436,77,77
500,430,78,80
495,430,76,81
492,432,77,84
487,429,75,82
482,435,78,82
478,441,77,81
473,438,76,80
469,437,85,82
465,441,85,82
461,441,87,83
456,440,90,83
451,447,93,83
449,444,92,82
448,439,90,82
447,441,90,83
442,440,92,82
439,441,95,83
435,436,94,84
433,437,97,85
429,430,101,84
433,426,95,84
434,435,98,88
432,427,98,88
434,432,97,87
438,440,98,87
437,437,99,89
437,436,98,88
437,439,98,88
441,437,98,88
444,432,98,88
446,435,98,88
449,434,98,88
451,432,98,88
452,434,96,88
454,438,96,88
457,434,94,87
460,436,93,89
461,437,92,88
463,435,91,87
467,439,93,87
470,439,92,86
472,439,92,86
477,435,92,86
481,434,91,85
488,435,90,84
492,430,89,83
496,433,85,82
501,428,84,84
505,427,82,83
510,430,81,82
514,427,81,80
517,429,80,79
522,427,79,78
527,427,78,77
530,429,77,76
534,428,76,75
539,430,76,75
544,431,76,75
549,428,76,75
555,426,72,77
560,429,71,76
564,427,70,75
566,423,70,75
568,426,69,74
568,425,68,73
567,420,69,72
566,424,68,71
565,425,67,70
565,419,68,69
566,421,68,71
566,419,70,73
568,416,70,73
571,420,70,73
573,422,70,73
573,424,70,73
575,428,69,72
577,429,69,72
579,428,69,72
580,428,69,72
583,424,71,75
584,423,71,75
584,423,70,74
583,422,69,73
583,420,68,72
583,419,69,74
583,420,69,76
582,416,69,76
582,422,71,75
583,421,71,74
583,418,70,73
584,422,70,73
584,419,70,73
585,422,71,73
585,423,71,73
586,419,71,73
589,420,70,73
590,422,70,73
590,417,70,73
590,418,69,72
590,421,68,71
588,418,68,73
587,418,68,72
586,422,69,73
583,420,69,73
580,424,69,72
577,426,71,73
574,423,69,72
571,421,70,72
568,423,70,72
564,419,70,72
562,419,70,72
559,420,71,73
556,421,72,74
554,418,75,74
554,419,74,73
554,419,75,72
555,419,75,72
557,420,75,72
558,421,75,71
562,423,74,70
565,424,74,69
568,425,71,69
572,425,69,70
572,425,71,69
576,427,71,69
577,424,71,69
577,423,69,69
580,426,66,69
580,424,68,70
581,423,70,71
584,427,70,70
588,426,70,69
592,421,69,68
595,425,69,69
600,429,70,69
603,422,71,70
606,430,71,72
609,429,69,73
610,425,71,74
611,430,71,74
611,430,71,74
611,425,71,74
610,425,71,74
610,425,71,74
609,419,70,73
609,423,70,73
611,433,73,74
613,433,73,74
616,438,73,74
617,439,76,75
621,440,75,74
623,440,79,77
626,442,79,77
631,441,78,76
634,444,78,79
637,442,78,79
638,440,80,82
640,444,80,82
642,439,79,81
645,437,79,81
648,443,81,82
651,440,80,81
648,437,83,87
648,438,84,91
647,439,85,91
647,439,85,91
646,439,85,91
646,440,85,91
644,442,87,91
641,444,87,91
640,444,87,91
638,445,87,91
639,443,87,91
640,443,90,91
636,442,93,92
630,440,93,92
624,438,90,90
620,439,86,90
616,431,85,92
612,435,81,88
609,437,78,88
600,434,81,90
598,434,81,90
598,433,81,90
597,434,81,90
598,433,81,88
598,433,81,88
598,434,81,88
598,433,81,88
598,433,81,88
598,434,81,88
595,429,80,88
593,428,80,89
588,429,79,86
582,427,78,84
574,429,78,84
565,426,78,84
560,429,76,81
550,427,75,80
543,425,77,82
534,425,76,81
526,425,76,81
514,424,76,81
501,425,76,81
488,424,76,81
473,421,76,81
457,420,77,81
442,419,81,81
426,423,83,78
408,423,88,78
389,423,93,76
370,424,95,75
353,420,102,77
335,420,108,74
318,421,108,74
303,417,116,72
292,417,125,72
282,414,125,72
274,411,128,72
270,414,127,72
264,410,133,68
260,407,133,68
258,410,133,68
255,408,133,68
252,406,132,69
249,408,131,68
246,405,130,67
244,406,131,69
242,405,134,64
240,405,134,62
240,401,133,61
239,400,130,60
239,395,129,62
240,396,129,62
237,395,132,59
240,394,131,58
244,394,130,57
247,390,130,57
250,392,129,56
254,386,129,56
256,384,129,56
257,384,128,55
260,381,128,55
265,387,127,54
270,386,127,54
273,384,126,53
283,385,125,52
289,384,124,54
293,382,124,54
301,383,124,54
310,385,121,54
318,383,121,54
325,385,120,53
335,387,114,52
344,385,110,51
351,382,109,50
357,382,109,51
364,382,108,50
371,380,109,50
377,381,108,49
387,382,107,48
395,380,102,47
402,379,101,48
410,381,100,49
415,380,100,49
421,384,99,48
427,388,98,47
432,383,96,46
440,388,96,50
446,389,95,49
450,389,95,49
460,392,94,50
466,389,91,49
473,393,91,48
482,396,90,47
489,399,90,47
498,394,88,52
506,402,88,52
510,404,90,52
519,397,87,51
527,402,86,50
533,399,86,53
540,397,83,54
547,398,82,53
552,401,84,51
558,397,84,51
567,393,82,56
577,397,80,57
585,397,79,57
593,393,79,57
601,398,77,61
610,398,74,61
617,393,76,61
628,402,76,60
636,403,74,60
645,397,74,62
654,405,72,61
663,410,69,60
671,402,66,59
678,410,66,59
684,412,68,59
688,406,68,61
693,408,68,61
703,412,66,66
709,402,63,66
715,407,64,68
723,409,65,69
729,401,65,70
736,405,66,71
743,407,66,72
749,402,66,72
754,405,68,72
760,408,69,72
762,406,69,72
768,404,74,69
772,409,73,68
778,411,74,68
782,409,74,68
787,413,74,68
788,419,80,67
790,418,80,67
793,419,82,69
797,421,82,69
800,415,80,68
801,420,82,67
805,422,82,67
807,414,81,66
805,419,90,66
806,418,90,68
808,412,90,70
808,415,90,70
807,416,90,69
807,411,89,69
807,413,87,68
806,414,90,66
805,409,89,68
805,412,91,70
802,413,93,72
800,413,90,68
799,420,91,68
796,420,90,67
791,418,89,66
788,427,92,69
785,423,91,71
781,415,90,73
780,418,87,70
777,413,88,69
773,403,87,71
771,409,85,71
769,412,85,67
764,405,86,66
760,410,86,66
760,414,85,66
755,407,85,66
752,413,85,66
752,413,84,65
748,407,80,65
747,412,79,64
743,416,78,63
738,412,77,62
735,408,76,61
736,410,76,61
731,407,76,61
726,408,76,61
725,408,72,60
721,404,71,63
717,404,75,63
715,402,75,63
711,403,73,63
706,408,71,62
699,401,71,60
692,402,71,59
689,402,69,61
685,392,65,60
680,396,65,58
676,398,65,57
672,392,64,56
668,394,63,55
664,395,65,60
662,390,61,59
659,392,61,59
657,398,61,59
656,395,61,59
655,396,60,58
654,400,60,58
653,395,59,57
656,395,58,56
658,399,60,58
657,395,61,57
657,394,60,56
657,399,60,56
654,394,62,56
652,392,64,59
653,398,65,58
649,394,65,60
645,395,65,60
643,398,64,59
642,394,62,59
637,395,64,61
632,398,64,61
627,400,67,60
621,396,69,58
618,400,68,57
614,400,68,57
611,396,68,57
608,397,67,56
607,397,67,56
605,394,66,55
605,395,65,54
607,392,61,57
608,385,61,58
610,384,65,59
612,384,64,58
614,381,64,60
616,387,65,59
620,390,64,58
623,395,64,58
627,397,66,58
630,400,65,56
634,404,66,56
639,399,66,57
641,404,64,57
645,404,66,59
647,399,66,59
651,399,67,59
651,403,69,59
652,399,69,59
651,400,71,59
654,405,70,59
653,399,71,59
655,395,71,59
655,399,71,59
655,397,70,58
654,395,74,58
654,397,74,58
654,397,74,58
654,393,76,58
653,397,76,60
651,398,75,59
647,392,78,62
645,393,78,63
640,393,77,63
635,389,77,63
630,389,77,63
624,394,77,65
619,395,77,66
612,395,77,66
606,400,78,66
602,406,76,65
596,403,76,65
590,408,76,65
585,410,75,64
579,411,75,64
575,413,75,64
571,412,75,67
566,410,77,66
562,407,78,67
557,407,79,70
552,406,78,69
548,401,78,69
543,411,78,69
537,412,77,71
531,406,77,72
521,410,81,72
517,415,80,71
510,411,77,73
503,408,79,75
496,415,78,74
489,413,77,73
484,414,77,73
478,424,76,72
473,430,76,72
459,425,79,74
451,432,81,77
444,429,81,77
438,425,83,76
432,427,83,76
428,432,85,76
422,429,85,76
416,430,85,76
411,432,85,76
406,432,91,76
402,431,91,79
399,433,95,79
397,435,96,80
395,436,96,80
392,439,97,80
390,439,94,79
391,437,97,83
390,433,97,83
391,432,96,82
391,432,96,82
391,427,95,81
392,428,95,81
391,430,94,80
390,427,95,83
389,424,95,83
390,424,101,83
390,423,104,83
393,423,104,83
401,423,99,80
403,426,100,80
412,422,94,80
414,420,94,79
417,424,94,79
420,424,93,78
420,424,93,78
423,424,92,77
423,424,92,77
425,423,92,77
429,420,91,77
433,420,91,77
435,422,91,77
439,420,88,77
442,422,88,77
444,421,88,77
448,422,87,76
452,422,86,75
458,422,85,74
465,419,77,73
466,422,77,73
470,420,76,72
473,420,79,73
480,420,77,70
485,415,76,72
490,415,76,72
493,413,76,72
503,412,75,71
511,415,76,68
519,413,73,67
527,412,73,67
539,412,66,68
546,409,65,67
552,412,66,66
554,411,65,67
554,407,66,67
554,406,66,67
557,410,64,64
557,406,65,65
557,405,64,66
558,407,65,67
559,403,66,67
560,403,66,67
561,405,68,69
563,408,68,71
566,410,67,67
567,414,67,67
570,413,67,67
573,407,67,68
579,414,67,69
586,417,66,68
591,415,66,68
596,419,66,68
598,420,69,69
604,417,68,70
606,417,68,70
607,420,68,70
609,414,67,71
612,414,68,73
616,416,69,73
621,409,69,73
625,409,71,73
629,412,71,73
635,412,71,75
637,412,71,74
638,418,70,74
638,416,72,77
638,414,72,78
639,419,73,79
640,416,74,80
645,413,75,81
648,417,75,82
651,416,76,83
653,413,75,82
651,415,80,84
651,415,80,84
651,413,83,85
650,422,82,80
647,426,84,79
644,425,85,81
642,427,85,81
644,429,81,83
645,428,79,83
647,429,79,83
646,430,78,82
647,430,78,83
648,430,79,83
649,430,78,82
649,431,78,83
650,432,78,82
650,433,80,84
650,436,79,83
649,435,79,83
648,436,81,84
648,434,83,87
644,431,84,88
641,431,84,88
638,425,84,88
636,425,84,87
636,428,83,86
634,425,82,86
635,426,82,88
635,431,82,89
637,433,81,88
639,438,83,91
641,442,81,91
640,445,82,90
639,445,82,90
637,443,84,92
634,441,85,91
633,439,85,92
631,435,85,92
630,434,85,92
628,433,85,92
627,433,86,94
625,434,87,94
623,433,87,94
621,432,87,94
619,432,86,93
616,432,85,92
614,432,85,92
612,432,84,91
610,437,84,92
612,437,84,92
611,438,84,92
610,437,84,92
608,434,84,92
607,433,84,92
607,437,84,88
609,439,80,87
608,441,81,86
607,442,80,88
608,440,79,88
605,438,80,88
603,440,79,85
602,432,78,87
600,433,78,86
596,433,80,86
594,431,77,86
593,430,78,86
592,431,78,86
590,429,76,85
589,429,75,82
589,431,74,81
585,429,76,80
582,426,77,82
581,430,74,79
578,428,75,78
576,426,76,78
575,428,75,77
573,428,75,77
572,430,75,77
570,430,74,76
570,432,76,76
569,429,74,75
571,428,74,75
572,431,73,74
569,428,74,76
569,425,74,77
568,424,73,76
568,426,75,76
570,425,77,74
570,428,77,73
570,430,77,74
571,429,75,76
574,430,75,76
576,433,75,76
576,432,75,76
576,432,75,76
579,435,75,76
580,433,75,76
580,434,75,76
584,437,75,76
586,438,75,76
587,437,74,75
588,437,74,75
591,434,74,76
590,432,73,75
589,433,74,78
588,432,75,78
588,433,75,78
591,433,74,77
590,432,74,79
589,434,76,79
587,433,76,79
588,427,75,81
589,432,76,76
589,433,78,78
588,427,77,77
589,431,77,77
593,432,79,80
593,427,78,79
595,433,80,81
596,436,79,80
596,430,78,81
596,433,79,81
599,432,78,82
598,424,78,82
599,427,76,84
600,429,74,84
597,428,76,83
597,430,78,84
596,432,77,85
594,429,78,84
594,430,79,83
593,434,78,84
592,435,79,84
590,430,79,84
590,436,78,83
587,432,79,85
581,427,79,85
579,435,78,86
574,433,78,86
571,428,79,86
570,431,79,89
568,436,81,89
567,432,82,87
567,438,85,86
568,441,83,88
567,434,85,88
567,440,87,85
570,444,82,84
570,438,83,85
571,440,84,83
570,440,84,86
574,437,87,84
579,437,89,86
585,436,89,88
592,437,88,88
599,439,86,88
607,442,87,85
617,444,85,87
625,441,85,88
635,445,83,91
643,445,83,90
651,444,84,90
656,444,83,89
662,444,85,88
667,440,86,89
671,439,86,89
676,439,87,92
683,441,84,92
687,444,84,92
692,444,85,92
697,445,84,91
705,446,84,91
710,445,88,93
717,445,91,93
724,444,91,93
728,441,95,94
732,440,99,95
735,441,100,92
739,441,101,91
741,440,103,93
744,442,104,93
745,439,104,94
748,441,103,93
754,445,102,92
756,445,105,89
758,445,108,91
760,446,109,94
760,448,112,90
761,448,113,89
761,448,114,91
762,449,114,92
762,447,116,91
763,446,114,92
764,445,113,90
766,443,112,90
766,446,114,90
765,446,116,91
765,446,118,90
762,446,120,90
757,445,119,90
753,445,120,91
746,445,119,90
740,443,118,89
730,441,118,92
721,443,114,89
712,445,108,86
702,441,105,89
696,439,98,89
686,444,94,86
679,442,89,85
671,439,88,84
666,443,84,84
659,437,82,83
655,435,78,82
649,438,77,82
643,432,76,81
636,430,75,80
629,435,77,79
622,433,76,79
614,428,76,81
609,434,75,83
603,431,74,80
595,426,76,78
588,430,77,79
582,427,76,80
576,426,77,79
572,431,75,76
566,430,79,78
561,429,78,77
559,431,82,78
556,430,83,78
554,427,84,77
553,431,85,77
552,431,85,77
553,429,84,77
554,432,81,77
554,431,81,79
552,428,79,81
550,432,80,81
548,432,81,79
546,430,82,78
545,432,88,77
546,430,83,78
549,424,79,79
550,429,77,76
548,428,81,78
548,425,78,76
547,429,82,78
547,430,81,77
547,426,82,78
548,426,77,77
546,428,78,78
541,426,77,78
534,426,74,78
523,425,76,81
509,423,76,78
494,424,77,78
475,425,82,79
453,428,92,79
436,429,97,80
418,428,103,84
402,428,111,82
388,432,115,84
376,433,118,85
365,432,121,87
352,435,126,87
339,434,133,87
327,434,144,85
322,432,148,82
324,430,151,82
321,429,159,81
329,427,158,83
337,426,157,82
356,428,150,84
368,429,148,87
380,428,146,85
394,431,143,84
412,432,140,83
432,429,138,82
452,430,136,83
479,430,126,85
504,427,116,84
527,429,110,85
550,431,104,83
571,431,99,83
593,433,91,82
615,433,85,81
634,431,79,83
654,432,76,82
669,430,79,86
685,428,77,84
679,428,94,82
682,429,96,82
684,429,97,83
682,425,100,82
678,425,102,80
676,424,100,79
671,424,99,79
666,420,97,80
666,426,91,76
661,427,92,75
656,425,90,73
654,425,86,72
650,423,86,71
644,422,87,71
641,420,79,68
638,420,78,67
633,412,79,72
628,412,78,71
620,408,77,67
617,407,76,66
610,404,70,65
610,398,65,66
604,400,65,65
603,394,62,68
603,391,60,69
600,393,62,66
600,390,62,65
602,389,59,64
601,386,59,63
603,383,60,63
606,381,57,62
609,382,58,58
610,379,57,57
611,378,59,57
614,378,58,56
619,378,59,55
623,377,56,54
636,380,51,53
640,378,51,53
637,374,60,53
642,373,56,53
638,376,61,48
641,378,59,46
641,376,59,46
640,376,58,45
641,378,55,40
637,376,57,43
636,376,54,40
634,373,55,38
632,372,52,37
630,371,50,36
627,368,51,35
624,368,53,37
621,366,51,38
618,361,51,39
615,363,52,37
616,365,50,36
613,363,47,36
614,362,49,33
612,362,47,32
608,359,50,32
608,359,49,32
607,358,49,32
604,356,48,31
603,358,47,30
598,358,51,30
594,358,52,30
591,357,50,29
590,360,48,30
588,360,50,31
582,357,50,29
574,357,55,26
575,355,49,28
570,350,49,28
565,350,48,27
561,348,48,27
556,347,48,27
549,349,51,27
542,349,50,26
533,346,53,30
522,351,53,30
517,354,47,30
506,358,46,29
498,360,46,29
489,362,47,29
481,361,47,29
473,360,46,31
466,364,46,31
457,359,47,30
452,359,46,30
438,364,39,24
436,361,47,28
430,360,46,29
425,364,46,31
418,364,48,31
412,364,49,30
406,366,49,29
404,366,46,31
402,366,47,30
398,368,47,30
398,368,46,29
394,363,46,29
393,367,45,30
393,363,47,30
391,363,47,30
391,362,47,31
391,358,48,31
391,358,48,31
394,360,44,29
396,359,45,28
401,360,45,28
404,363,45,28
406,367,44,27
407,366,43,26
407,368,42,25
414,368,40,26
416,368,40,26
419,369,40,26
423,367,39,25
425,369,42,25
427,367,44,26
432,370,41,25
438,370,39,25
441,369,40,23
447,365,38,27
451,369,39,24
457,367,38,22
463,364,39,26
468,366,36,23
473,359,39,25
478,359,38,24
483,355,38,24
488,350,40,24
494,352,36,22
498,349,37,24
503,349,39,24
508,351,37,23
513,349,38,22
516,347,37,23
520,345,35,25
524,344,34,24
525,343,35,24
526,342,37,24
527,345,38,22
528,341,36,24
529,344,36,22
531,344,37,24
531,342,36,22
533,345,35,21
533,342,36,23
532,342,37,22
534,343,35,23
534,344,35,20
535,344,34,20
534,349,36,20
535,349,37,22
534,347,35,22
533,347,37,23
531,346,39,22
530,348,38,22
531,348,38,22
531,350,37,21
534,347,35,25
533,348,35,25
534,349,34,25
536,351,32,25
536,350,33,26
534,352,36,24
536,350,34,26
536,351,36,24
537,351,34,25
537,351,34,24
536,351,34,23
536,355,35,24
536,351,33,26
538,352,31,26
541,356,33,26
542,356,34,27
544,357,33,26
548,359,34,25
552,361,34,25
554,361,33,24
558,360,34,23
558,360,37,27
557,362,38,27
561,367,37,26
562,363,37,26
564,371,37,24
568,367,37,28
567,365,39,26
570,368,39,27
572,372,40,27
573,369,40,29
577,369,39,27
579,370,41,31
580,367,43,33
582,368,43,30
584,374,43,30
584,375,42,29
585,380,46,29
585,377,46,33
585,376,50,33
588,376,50,37
591,378,50,37
595,376,51,38
596,376,51,38
601,375,50,37
602,376,50,37
605,374,51,41
607,375,52,41
608,375,51,43
608,377,52,45
609,381,55,47
609,383,57,48
616,385,54,49
615,390,55,48
618,389,56,49
618,392,56,52
615,395,58,51
615,394,60,52
614,397,57,53
613,397,57,52
610,401,58,52
608,400,60,52
606,398,61,56
606,399,62,61
606,404,63,58
607,406,66,61
604,406,67,63
603,411,67,61
601,412,66,60
601,412,67,67
598,415,64,66
591,414,65,68
579,412,68,68
573,416,66,67
563,414,67,66
554,419,73,66
546,417,80,69
542,415,80,69
539,411,82,69
537,414,83,68
533,413,83,68
527,411,89,70
525,420,89,70
521,423,91,72
517,426,92,74
514,432,93,75
510,432,94,76
507,432,94,77
501,434,96,77
498,437,96,77
491,432,98,81
486,435,104,78
481,432,106,79
477,433,110,77
475,435,116,80
476,430,114,79
476,433,114,79
479,434,115,81
484,433,112,79
486,436,114,82
490,438,116,83
493,436,115,82
495,435,116,83
500,439,114,85
502,434,114,85
508,436,117,85
515,437,117,87
521,438,116,86
526,437,119,87
537,439,115,88
549,443,112,88
555,442,113,88
570,447,110,88
582,449,106,87
592,450,103,86
605,454,104,88
618,452,100,89
628,449,99,96
640,450,93,99
651,446,92,100
660,442,90,100
674,446,88,102
685,445,87,104
697,440,86,103
709,441,88,103
723,444,90,106
735,443,90,106
748,443,94,106
764,453,91,105
775,453,93,104
783,449,96,104
792,453,99,104
800,454,100,103
806,451,103,102
813,456,105,100
814,458,115,102
817,451,119,111
823,456,117,109
825,457,115,107
830,456,114,107
833,453,113,103
834,452,112,102
834,448,117,100
835,444,115,98
835,437,117,100
837,435,117,99
837,431,114,95
840,432,112,95
840,427,111,96
843,425,108,95
846,428,105,93
849,428,102,93
851,429,100,93
852,431,99,88
854,430,99,85
857,428,98,82
854,424,102,84
854,423,100,81
853,419,101,81
852,418,98,78
851,416,98,75
848,410,96,77
847,408,93,75
846,404,90,73
843,401,87,71
842,399,88,71
840,398,87,70
838,393,86,69
838,391,85,68
840,392,84,67
842,392,77,67
840,392,75,63
837,393,78,60
840,393,72,60
840,390,71,61
841,391,70,60
839,389,72,59
840,389,71,58
840,390,68,54
840,390,69,56
841,393,66,55
838,392,69,55
838,395,66,53
835,396,68,55
833,394,68,55
829,398,68,55
825,399,68,55
821,398,68,55
820,399,67,54
818,401,67,54
815,401,67,54
811,398,66,56
812,404,63,56
808,402,62,55
803,400,63,54
801,404,60,53
797,405,61,51
796,403,59,54
792,404,61,55
793,405,58,54
791,403,58,52
790,405,59,52
788,408,58,52
788,404,56,54
786,404,58,54
783,407,59,55
781,404,59,55
779,402,58,54
776,404,60,57
772,405,59,55
768,404,59,55
764,410,58,54
761,406,59,55
755,403,58,54
750,409,57,53
744,401,59,55
739,396,58,56
736,399,55,56
730,396,56,55
720,392,58,58
717,395,55,55
710,409,59,39
706,401,56,46
700,406,58,41
697,406,57,44
694,411,58,44
690,411,57,43
686,413,56,42
683,413,55,41
683,416,55,40
679,419,58,39
677,419,60,40
676,425,59,39
675,423,57,39
673,419,59,40
671,419,59,40
669,418,57,40
666,418,57,40
663,422,57,39
658,426,58,38
652,426,59,38
648,409,60,57
641,406,61,59
636,405,61,57
630,405,63,60
626,405,63,58
622,405,66,58
617,406,66,58
616,408,69,58
613,407,68,58
612,412,68,59
610,411,70,59
610,412,72,61
610,416,69,61
611,415,70,63
610,418,71,64
611,418,72,64
612,418,73,64
615,422,74,67
617,422,72,69
619,419,70,70
623,424,70,70
624,426,70,70
625,427,72,72
624,435,72,72
626,437,73,77
626,436,73,79
626,439,76,81
624,439,75,82
619,438,80,82
617,439,82,82
615,435,82,82
615,439,82,82
613,432,81,88
612,430,81,90
612,427,80,92
610,424,81,91
608,423,81,91
606,425,83,91
604,431,85,91
602,435,87,91
601,442,89,91
600,442,89,94
598,442,90,98
598,446,89,98
598,448,91,102
598,448,90,101
599,447,91,101
599,450,91,101
598,446,90,102
596,444,94,111
597,449,91,110
596,448,91,112
593,448,92,112
592,452,94,112
591,449,94,112
587,448,97,114
587,452,97,113
588,454,98,113
590,455,97,112
591,458,96,111
592,458,95,111
595,459,94,111
599,460,94,109
601,461,94,108
602,463,92,106
605,464,97,110
607,461,97,113
609,459,95,113
610,458,96,115
609,454,96,117
608,454,97,117
608,456,98,117
608,457,98,117
608,449,98,117
608,449,98,117
608,449,98,117
609,449,98,117
610,449,98,117
613,449,98,117
614,450,98,117
614,450,98,117
614,453,98,110
614,454,98,110
615,454,98,107
615,451,98,107
618,451,98,107
618,451,95,107
619,450,91,107
619,448,91,107
617,448,91,107
619,448,91,107
616,451,91,107
616,452,91,107
616,455,91,107
615,456,91,107
615,456,91,107
617,456,91,107
621,458,91,107
622,459,93,107
624,461,93,108
628,461,94,108
630,462,94,108
629,462,94,108
629,464,94,108
634,462,96,111
634,462,96,111
636,463,98,113
635,462,99,115
636,461,101,117
637,461,101,117
636,460,101,117
635,461,101,117
634,461,101,117
633,461,101,117
626,462,101,117
623,463,103,117
620,460,104,124
620,460,104,124
618,460,104,124
608,464,104,124
606,465,104,124
606,462,104,124
598,462,104,124
595,462,104,124
594,462,104,124
585,464,102,124
584,464,102,124
575,459,102,124
571,458,104,127
570,458,104,127
563,458,104,127
556,459,106,131
554,459,106,131
547,459,106,131
542,459,106,131
538,459,106,131
537,462,106,128
539,462,98,128
538,465,98,128
533,460,98,128
531,464,98,128
528,464,98,125
528,459,98,125
526,461,98,125
521,458,98,125
520,454,98,125
515,455,98,125
515,456,98,125
516,448,98,125
515,448,98,125
509,443,98,125
505,443,98,125
505,443,98,125
501,448,102,120
501,449,102,120
499,449,104,120
499,451,106,120
499,453,106,120
502,454,106,120
505,454,106,120
509,455,106,120
509,460,101,120
511,462,101,120
511,460,101,120
511,455,101,120
510,452,101,120
510,451,101,120
509,451,101,120
509,451,101,120
509,453,101,120
509,451,101,120
512,451,101,120
513,451,104,120
514,455,104,120
519,450,104,120
519,451,104,120
525,453,104,120
529,452,98,120
532,450,98,120
534,450,98,120
533,451,98,120
533,447,98,120
535,447,98,120
535,443,98,120
535,448,96,116
536,446,96,116
536,446,96,116
538,446,96,116
540,447,96,116
542,444,96,116
542,446,96,116
543,446,96,116
544,446,96,116
544,446,96,116
544,443,96,116
545,443,96,116
550,443,93,109
550,443,93,109
550,444,93,109
550,439,93,109
550,438,93,109
551,438,93,109
555,438,87,109
559,434,87,109
559,433,87,109
559,430,87,109
559,431,87,102
559,431,87,102
559,431,87,102
560,431,87,102
564,432,84,97
564,430,84,97
564,428,84,97
564,425,84,97
565,427,84,97
565,427,84,97
565,430,84,97
565,430,84,97
565,430,84,97
565,425,84,91
565,425,84,91
565,425,84,91
565,425,84,91
565,425,84,91
560,425,84,91
559,425,78,91
559,425,78,91
556,425,78,91
556,425,78,91
555,426,78,91
549,426,78,91
548,428,78,91
548,428,78,91
548,428,78,91
546,424,78,91
546,424,78,91
546,424,78,91
542,423,78,91
543,423,78,91
542,423,78,91
539,425,83,88
537,426,85,89
537,426,85,89
537,428,85,89
541,428,85,89
541,430,85,89
544,435,85,89
546,438,85,89
547,441,85,89
547,441,85,89
547,441,85,89
547,441,85,89
550,441,85,89
551,443,85,89
551,443,85,89
553,443,85,89
555,446,85,89
554,445,88,92
554,445,88,92
554,445,88,92
554,445,88,92
554,448,88,92
552,448,88,92
551,449,88,92
551,446,88,99
551,447,88,99
549,447,91,99
548,447,91,99
548,449,91,99
546,449,91,99
545,449,91,99
544,449,91,99
540,449,91,99
540,450,91,99
537,451,98,107
537,449,98,107
539,453,98,107
539,454,98,107
540,456,98,107
540,458,98,107
542,459,98,107
543,460,98,107
541,461,98,107
541,462,98,107
541,461,98,107
541,461,98,107
541,460,98,107
541,459,98,107
541,459,98,107
541,459,98,107
537,454,98,108
536,454,98,108
536,454,98,108
538,454,98,108
540,457,102,110
543,461,102,108
544,461,102,108
544,461,102,108
552,461,97,108
554,458,97,108
554,455,97,108
557,455,93,108
557,453,92,108
557,447,92,108
557,445,92,108
557,445,92,108
560,445,92,108
561,448,90,106
563,445,90,106
563,445,90,104
565,445,91,104
567,448,91,104
570,450,89,104
572,452,89,104
573,453,89,104
573,453,89,104
575,453,89,104
580,453,89,104
580,447,89,104
580,454,85,104
578,449,85,104
578,449,85,104
575,455,85,104
574,452,87,102
574,453,87,102
574,451,87,102
574,451,87,102
570,443,87,102
568,443,87,102
565,444,87,102
562,440,87,102
559,442,87,102
559,445,87,102
559,447,87,102
556,449,87,102
557,452,89,102
555,453,89,102
555,449,89,102
553,450,90,102
553,450,90,98
552,448,92,98
552,448,92,98
552,450,92,98
551,450,92,98
551,445,92,98
551,442,92,98
551,441,92,98
551,442,92,98
551,443,92,98
551,444,92,98
548,445,92,98
548,444,92,98
545,447,92,98
544,448,92,98
544,448,92,98
539,448,96,98
537,451,98,98
536,449,96,98
535,450,98,96
534,452,98,96
533,453,99,96
533,456,99,96
533,458,100,96
533,460,100,96
533,461,100,96
533,457,100,100
535,457,100,100
538,457,100,100
539,458,100,100
539,456,95,100
540,455,95,100
540,455,95,100
537,451,95,100
536,452,95,100
533,452,95,100
532,452,95,100
530,456,95,100
528,454,95,100
526,454,95,100
525,455,95,100
522,448,95,102
520,450,95,100
518,446,98,100
517,443,100,102
517,442,100,102
510,442,100,102
510,439,100,102
508,439,100,102
503,445,105,102
505,451,107,102
505,453,107,102
507,451,108,102
509,458,104,102
512,452,103,102
512,453,103,102
513,453,103,102
513,453,103,102
513,448,103,102
513,451,103,102
513,451,103,102
514,451,103,102
515,451,103,102
516,451,103,102
517,451,103,102
521,455,106,102
523,455,106,100
525,449,106,100
528,451,103,100
528,451,102,100
531,451,101,100
532,450,101,100
535,447,101,100
535,446,101,100
535,441,101,100
539,446,101,100
539,448,96,100
543,446,96,100
546,450,96,100
547,452,96,100
549,449,96,100
553,452,96,100
553,454,96,100
560,445,90,100
563,450,90,100
567,449,90,100
570,441,90,100
570,448,90,100
572,448,90,100
569,444,86,100
567,447,86,100
558,445,88,103
551,444,88,103
542,447,88,103
532,450,88,103
522,451,88,103
514,450,91,106
502,451,97,107
495,445,97,107
487,446,100,107
479,449,101,107
471,448,103,107
461,442,104,103
453,446,108,104
445,444,111,102
433,444,113,102
424,450,117,100
418,446,119,98
411,450,120,100
403,451,121,100
395,449,126,100
390,446,129,100
384,447,127,101
379,444,131,99
376,443,129,97
370,440,133,95
365,438,136,94
360,439,138,94
357,438,138,94
357,436,141,94
356,436,141,94
351,439,147,94
351,439,147,94
351,440,147,94
357,440,147,94
359,443,147,94
363,443,147,94
370,443,147,94
377,443,147,94
385,443,147,94
393,439,147,94
408,439,145,94
422,439,144,93
441,434,143,92
466,436,132,96
487,439,126,95
505,437,123,95
529,438,115,93
550,442,106,91
570,438,99,98
588,436,98,97
608,435,83,96
623,435,86,93
637,437,84,93
651,436,81,91
661,433,80,90
671,432,85,92
674,431,93,94
678,430,95,95
678,431,100,94
681,435,102,93
679,436,105,91
679,435,104,90
676,438,103,89
672,436,102,88
668,433,103,87
662,432,103,87
655,434,102,86
650,437,97,86
645,438,95,88
642,439,90,88
635,439,90,88
632,437,85,88
625,434,84,89
619,433,83,88
613,432,80,87
608,430,79,86
603,429,79,86
596,425,79,85
595,421,79,85
592,424,76,84
591,419,75,83
594,416,75,83
599,418,72,82
603,415,74,85
607,412,74,84
611,413,74,84
620,413,76,84
627,410,75,83
635,413,75,83
643,414,75,83
655,410,73,85
660,413,73,85
663,420,82,79
664,418,81,78
666,419,80,77
666,422,79,76
669,416,80,77
664,415,85,76
664,417,86,76
661,413,86,76
660,411,87,75
658,415,86,74
658,415,86,74
659,416,85,73
659,419,84,72
660,421,84,72
663,422,85,71
663,416,85,74
664,422,87,73
666,420,87,73
668,416,87,73
667,426,91,73
670,425,89,73
671,423,88,72
671,433,94,72
672,432,94,72
673,423,94,71
672,424,98,77
672,428,102,72
672,419,101,71
669,421,101,71
665,424,100,70
661,420,105,70
658,420,105,69
652,422,105,69
649,419,101,75
645,417,103,78
640,420,102,77
633,422,102,77
632,425,102,77
627,427,99,75
623,433,99,75
619,432,99,75
614,433,99,75
613,433,93,83
608,433,93,81
605,435,94,81
603,437,93,80
601,431,92,79
599,433,91,78
596,434,90,77
596,431,88,83
594,432,88,83
589,433,94,83
584,433,94,83
579,433,93,82
572,434,93,82
564,429,93,82
560,427,87,87
555,428,82,86
548,423,81,85
543,425,81,85
538,425,80,84
533,423,80,84
527,425,80,84
524,425,79,83
522,426,78,82
524,428,77,81
523,431,76,80
524,428,78,82
527,428,78,81
530,427,77,80
538,423,80,78
550,424,76,78
559,422,75,79
567,419,74,78
581,421,74,76
588,426,73,75
593,422,72,74
595,423,74,74
598,424,74,74
599,417,74,74
598,421,73,73
597,426,74,72
593,414,73,71
591,419,72,70
586,421,77,70
581,411,78,69
575,411,78,69
568,412,77,68
560,404,76,67
552,404,76,67
544,403,72,67
535,403,68,66
523,399,67,66
509,402,68,67
493,403,71,68
476,402,69,67
464,405,74,69
445,409,85,70
434,408,86,69
424,412,87,66
414,410,85,68
401,409,88,64
385,406,91,67
370,406,96,67
355,399,100,67
339,400,104,65
326,399,106,64
310,396,110,66
298,393,114,64
283,396,117,63
268,391,120,66
254,389,125,66
241,392,127,63
226,393,135,62
214,391,141,64
206,390,142,65
199,392,146,60
192,388,150,60
192,388,147,60
187,385,151,59
187,385,150,58
187,385,146,57
184,384,146,57
185,385,149,53
187,383,146,52
185,378,152,49
190,377,152,48
194,373,155,48
200,371,157,48
208,372,156,47
216,374,155,49
228,377,145,48
239,379,144,47
250,380,135,46
258,380,134,45
268,378,132,49
278,378,128,50
287,378,127,49
294,376,124,50
303,376,126,49
311,377,126,49
320,373,120,48
329,371,115,47
335,372,114,46
341,368,115,45
352,370,112,44
360,369,111,45
368,374,105,43
379,372,103,45
387,374,100,47
395,375,97,43
403,370,90,43
411,373,86,42
419,372,85,42
425,377,85,38
430,378,81,36
435,381,79,37
440,379,81,36
439,383,82,36
441,382,85,33
444,381,84,32
446,381,83,35
446,376,86,37
447,372,88,39
449,370,93,39
457,369,91,39
465,368,85,36
466,370,88,38
476,369,82,35
479,371,84,32
487,373,79,35
495,377,76,32
499,375,74,30
506,379,79,33
510,381,78,31
518,373,76,30
523,379,75,28
529,376,79,30
534,374,80,30
539,376,79,29
543,380,79,28
548,379,77,30
551,374,77,31
555,377,79,30
559,379,76,28
562,376,79,30
569,375,77,29
577,380,78,30
583,378,74,29
591,383,74,27
599,383,71,30
602,378,72,30
610,385,71,30
615,383,74,30
622,380,72,30
629,383,72,30
634,384,71,29
639,377,71,29
646,379,71,29
652,379,71,29
656,375,72,29
666,374,69,30
674,378,66,31
683,380,68,31
691,380,65,28
699,379,66,31
705,379,47,32
709,371,67,40
719,373,64,38
725,375,63,36
731,378,66,33
737,381,62,31
744,380,60,30
747,375,48,33
750,378,48,33
753,372,48,33
760,372,46,33
764,369,44,31
768,376,45,29
771,375,45,30
776,375,43,29
781,377,44,29
785,375,45,30
791,376,43,30
794,378,45,31
800,375,43,28
805,376,42,28
808,375,44,28
812,370,42,30
814,371,43,27
816,368,44,29
818,367,41,30
819,369,41,29
817,365,41,26
818,367,39,25
817,365,40,24
813,368,41,24
810,370,43,24
811,371,37,23
806,372,40,25
804,372,38,27
801,374,39,25
798,372,38,28
794,367,40,29
792,365,40,30
791,365,37,30
789,366,38,30
787,365,39,26
788,369,39,26
786,368,39,26
785,362,40,27
783,365,37,27
785,361,37,28
784,356,36,27
780,356,36,27
781,358,35,26
777,358,37,23
774,365,37,23
768,365,40,24
764,362,39,24
764,361,35,22
758,357,36,23
756,354,33,24
751,354,34,25
748,354,36,27
744,359,35,25
739,364,36,25
736,366,33,22
734,369,35,21
728,367,38,23
724,364,38,22
720,357,38,26
718,357,36,25
715,354,37,23
710,355,38,25
705,355,38,27
702,359,37,26
698,360,36,25
697,357,34,27
690,360,38,25
684,361,38,25
681,358,36,22
676,365,36,22
672,366,35,23
666,362,39,27
662,367,37,21
659,367,37,24
653,365,38,25
648,366,39,26
643,365,46,31
639,361,45,36
636,370,41,28
632,369,47,28
629,371,44,28
624,375,46,25
622,372,42,30
620,368,55,28
616,375,54,28
613,374,55,30
608,371,56,32
608,376,58,33
605,373,58,35
601,373,57,32
601,376,55,31
597,378,61,35
594,373,66,39
593,377,64,39
590,380,67,38
590,375,68,38
589,380,70,38
589,382,71,43
589,380,71,43
592,387,68,42
593,389,70,42
593,390,69,41
595,389,65,48
596,393,64,48
595,395,65,48
593,390,65,48
590,393,65,48
586,393,66,49
584,393,70,49
580,397,72,49
578,397,74,49
578,398,73,48
577,396,72,50
576,400,73,50
574,402,72,49
572,401,72,54
570,400,74,53
568,404,74,53
567,401,75,54
567,402,78,54
568,403,78,55
569,404,78,56
570,401,78,57
571,405,80,58
577,403,75,59
579,401,74,59
579,404,74,62
580,401,76,62
580,402,73,62
580,404,73,62
580,408,71,64
579,410,68,63
575,410,68,65
572,410,70,65
569,412,73,65
566,411,75,67
564,407,76,68
564,406,75,69
563,407,74,68
561,411,73,68
560,411,75,70
558,411,76,71
558,415,74,68
556,413,74,69
553,412,76,68
556,413,72,66
555,413,72,68
552,412,72,69
550,413,77,68
551,413,75,67
553,414,74,66
552,412,76,66
555,414,78,66
559,412,75,65
563,410,74,64
566,409,73,63
569,411,69,62
572,412,68,61
573,407,68,63
573,409,70,63
577,410,70,63
578,412,65,64
577,412,67,64
579,416,65,63
580,420,65,63
579,416,66,63
579,419,67,63
579,422,68,62
579,419,68,62
580,420,70,62
584,417,67,64
585,415,67,64
588,416,66,63
589,417,68,64
592,415,68,64
594,420,67,63
598,421,69,64
602,420,65,64
606,422,66,64
609,425,66,67
609,421,68,69
610,423,67,67
609,422,68,68
608,417,68,69
608,418,70,69
609,418,69,68
607,417,71,68
610,418,71,68
612,417,69,70
614,420,69,68
615,420,70,69
618,427,72,70
622,425,73,70
623,429,74,70
629,431,71,70
630,430,72,70
632,432,75,75
637,435,73,74
639,434,75,76
640,431,75,79
644,434,74,81
647,432,74,82
648,432,76,82
651,437,75,81
653,433,76,81
654,435,77,79
658,436,79,83
661,432,79,85
664,431,80,87
670,436,82,89
677,440,80,89
685,443,80,88
694,448,80,89
701,445,82,91
710,446,82,91
717,445,86,93
727,448,86,92
734,455,88,93
741,452,90,95
746,452,93,97
750,454,98,97
756,448,101,97
762,446,101,97
770,446,101,97
775,445,104,97
781,446,116,102
787,449,115,101
795,451,118,101
799,453,118,100
803,456,117,99
806,452,125,101
810,453,129,105
815,457,129,105
817,456,133,106
821,455,132,105
827,460,139,108
829,459,138,107
830,455,141,107
831,455,141,107
831,454,141,107
831,455,140,106
830,457,141,105
830,461,140,104
831,465,139,103
834,467,139,103
834,463,138,101
835,463,143,106
836,462,142,105
836,454,141,104
839,457,139,102
841,455,139,102
841,450,147,101
843,453,146,100
843,450,148,104
845,452,147,103
847,456,146,102
848,454,146,102
849,452,146,102
854,460,151,99
854,454,149,97
852,452,154,99
852,459,154,101
851,455,154,101
851,448,150,99
850,455,151,101
848,452,150,100
847,448,148,99
847,451,145,97
846,445,143,95
845,449,150,97
845,452,148,96
844,448,152,98
842,445,152,98
841,447,151,97
840,452,150,96
838,447,149,95
839,453,149,95
838,453,143,94
835,446,142,93
832,445,142,93
829,443,141,92
825,439,137,90
825,437,135,93
822,436,135,93
817,435,135,93
813,434,135,93
810,434,134,92
812,432,127,91
810,429,127,91
810,429,126,90
808,426,126,90
810,425,121,89
805,432,124,85
803,432,123,84
802,432,123,84
801,431,122,83
800,431,121,82
798,427,122,84
798,427,122,84
792,431,122,84
790,435,122,84
789,433,122,84
787,434,120,81
787,433,120,81
782,435,117,81
782,433,117,81
777,427,117,81
774,427,117,81
774,427,117,81
769,427,116,77
769,427,116,77
765,432,116,77
763,432,116,77
763,432,116,77
761,432,114,77
757,433,116,77
751,431,117,78
744,434,116,79
738,431,113,77
732,433,111,75
729,436,105,75
725,431,105,73
719,427,104,72
715,430,103,71
714,424,100,74
711,418,97,73
711,422,97,75
710,423,96,75
710,424,95,74
708,430,97,73
705,428,98,78
704,432,98,76
702,434,98,75
699,432,99,77
699,431,99,77
701,430,99,77
700,431,94,78
700,433,94,77
700,435,97,78
699,437,98,81
698,437,98,81
699,433,97,82
698,440,99,81
698,439,100,88
699,440,101,90
699,443,103,92
698,445,103,92
697,444,108,92
694,447,110,92
693,449,109,94
694,449,110,96
693,451,110,96
692,450,110,96
690,451,114,96
687,451,114,96
685,448,114,107
682,445,117,112
677,450,115,110
672,450,116,109
667,448,121,115
662,445,120,114
661,448,118,113
657,448,111,111
653,444,112,113
648,443,111,114
648,439,109,116
645,439,107,119
643,440,108,120
649,448,100,118
647,456,100,118
643,461,100,118
640,462,100,118
641,463,101,119
642,471,101,119
643,470,101,117
645,466,100,115
656,461,102,121
658,453,102,121
673,452,102,119
675,454,105,118
680,457,104,117
682,461,103,111
684,462,102,110
686,461,100,110
688,463,99,108
692,463,102,109
671,457,124,111
673,459,123,106
672,455,124,105
671,455,127,100
674,453,122,100
676,447,121,96
677,441,120,98
678,438,120,96
678,431,121,95
677,429,122,93
677,428,121,89
678,423,119,90
674,424,122,89
707,423,85,88
707,420,84,88
705,421,82,82
696,424,84,77
695,423,86,77
685,418,86,77
672,418,91,68
679,428,74,56
672,432,73,52
667,433,68,46
658,429,70,46
649,427,70,49
639,427,71,49
631,422,70,48
623,402,72,70
622,403,65,63
615,398,67,64
610,395,62,64
603,394,65,61
598,394,64,60
592,392,64,58
585,391,64,58
578,389,62,60
570,390,62,56
563,393,64,57
556,393,64,55
554,396,58,57
547,397,59,54
541,401,60,54
536,400,60,54
528,397,62,55
528,399,58,57
524,392,57,56
520,393,57,55
516,392,57,55
511,391,58,53
506,392,56,53
500,393,56,52
495,391,57,52
489,390,57,52
486,392,55,52
478,389,58,51
471,390,56,51
471,389,54,51
467,390,54,51
464,392,53,50
459,392,55,50
458,392,57,49
454,388,55,54
452,390,56,53
447,387,55,52
445,386,55,54
443,386,55,53
442,384,54,54
438,385,55,51
434,385,57,53
431,385,59,52
429,385,55,52
426,387,55,52
424,384,55,51
423,382,55,54
423,382,55,54
423,382,53,51
422,382,54,51
422,382,55,50
423,381,55,49
423,382,54,48
425,384,55,49
425,382,53,48
426,383,53,50
424,383,58,50
426,381,54,50
427,381,53,49
428,380,53,48
430,382,52,47
432,380,53,45
436,378,51,48
442,379,51,47
446,375,56,47
452,376,52,49
459,377,50,47
465,378,50,48
470,378,49,47
474,378,49,48
480,380,47,46
485,379,48,44
485,380,51,45
488,382,50,44
491,384,49,43
492,386,50,44
492,385,51,43
496,383,52,46
499,382,51,46
505,382,49,44
511,385,50,45
516,383,51,46
522,381,50,47
527,383,49,46
531,383,49,46
535,382,51,46
539,382,51,46
541,380,52,47
542,378,52,47
546,374,52,47
548,375,53,51
551,375,54,50
555,374,52,52
559,372,53,54
561,374,54,55
565,373,55,53
569,376,55,52
571,377,57,53
573,376,58,53
575,381,57,56
577,382,60,54
578,384,59,53
578,388,58,56
580,390,61,56
581,391,61,59
581,393,60,58
582,396,60,58
586,397,63,61
589,401,63,61
590,403,65,66
594,401,65,68
597,404,64,67
599,407,64,67
603,405,65,68
606,405,67,70
610,408,66,72
613,409,67,71
617,413,69,72
620,412,69,74
618,413,71,74
620,417,71,74
620,417,71,74
622,420,71,74
622,422,70,73
623,423,76,73
624,420,77,84
624,420,77,84
625,421,77,84
629,424,80,84
630,426,80,84
631,422,81,90
629,425,82,90
628,429,82,90
626,433,82,90
625,439,82,90
622,436,86,97
622,437,86,97
621,440,88,99
621,441,87,98
612,449,91,87
594,449,103,87
591,449,100,86
592,439,97,96
596,439,91,95
603,440,85,94
606,438,88,99
611,442,89,99
612,446,95,96
613,444,100,98
613,448,102,100
614,449,102,99
615,449,104,99
616,452,103,98
612,451,108,98
610,452,108,98
608,454,107,102
604,453,107,102
603,455,104,102
600,454,105,108
600,454,105,108
608,454,93,108
611,454,92,107
615,452,100,109
618,452,102,109
620,454,102,109
621,455,102,109
623,456,102,109
623,458,102,109
623,456,102,109
623,455,102,109
623,453,102,109
624,454,102,109
625,455,99,109
626,456,99,109
626,457,101,111
625,458,101,111
623,458,101,111
620,460,101,111
617,461,101,111
615,459,102,112
612,462,102,112
607,464,102,112
603,467,102,112
598,462,100,112
598,462,100,112
589,462,95,112
584,462,91,110
577,460,90,109
572,460,90,109
568,457,89,108
566,456,89,107
565,455,88,106
565,452,87,105
565,455,91,104
565,456,90,103
565,452,89,102
564,449,88,101
564,451,87,100
563,448,86,99
561,443,88,101
558,442,87,100
555,439,86,99
554,441,85,98
552,439,85,98
553,437,84,97
552,437,83,96
551,439,83,96
550,437,83,96
552,437,82,95
551,435,82,95
551,434,82,95
551,432,82,95
551,434,86,91
553,433,85,90
554,437,84,89
556,441,83,88
559,441,83,88
562,444,87,88
565,443,86,87
572,442,81,90
577,442,80,89
579,444,80,89
583,446,79,88
584,443,78,87
586,444,78,87
586,441,80,88
586,439,80,88
586,441,79,87
585,439,81,88
584,440,80,87
586,436,80,89
586,440,79,88
584,441,79,88
583,441,78,87
580,439,81,92
576,438,80,91
573,439,80,91
570,438,80,91
567,438,79,90
564,437,79,90
561,438,78,89
558,444,82,92
554,441,81,91
553,441,83,93
550,442,82,92
545,443,82,95
541,442,84,95
536,438,83,94
533,439,84,98
527,437,83,97
520,435,83,97
513,436,86,95
506,435,86,95
499,433,93,96
493,432,93,96
485,436,98,94
480,442,98,94
474,444,105,96
469,449,106,96
465,451,109,95
462,452,111,97
460,451,113,97
458,456,113,96
455,454,113,96
452,455,113,96
450,458,115,96
448,455,115,96
446,454,115,96
445,448,117,100
444,447,120,100
444,449,119,99
444,448,119,99
444,450,118,98
446,449,120,100
445,446,120,100
447,449,119,99
447,447,119,99
447,445,119,99
451,445,119,99
452,448,117,97
454,446,117,97
458,446,119,98
461,447,117,96
464,444,117,96
466,445,113,94
469,446,116,96
471,442,115,95
476,443,111,97
477,442,111,97
482,439,112,97
484,442,107,94
487,443,110,93
488,443,107,92
491,444,103,92
492,444,103,92
493,441,103,92
493,437,103,92
493,435,103,92
493,435,103,92
493,432,103,92
493,432,103,92
498,432,103,92
498,432,103,92
502,434,101,88
506,432,99,88
509,432,97,88
512,434,98,86
514,434,98,86
517,436,98,86
517,436,98,86
518,436,96,86
520,436,96,86
527,436,91,84
532,436,92,84
535,437,92,84
538,438,92,84
540,438,92,84
541,438,92,84
545,438,92,84
545,438,88,84
545,434,88,84
552,434,85,84
554,435,86,85
558,435,84,87
560,438,83,85
564,439,83,85
566,442,83,85
569,441,83,85
572,439,82,88
576,439,80,87
578,437,80,87
581,436,80,87
582,438,80,87
584,437,80,87
586,438,80,87
589,439,80,87
591,439,84,90
591,438,84,90
596,440,84,92
598,440,84,92
602,440,84,92
608,439,84,92
611,438,84,92
618,438,84,92
620,440,83,93
621,440,82,92
621,439,82,92
621,437,82,92
615,438,87,96
610,435,89,95
606,436,89,95
601,438,89,95
595,439,89,95
593,439,84,95
586,437,84,94
583,437,84,94
580,438,83,93
578,438,83,93
577,437,82,92
576,438,81,91
581,438,80,90
581,434,81,91
580,435,81,91
580,432,80,90
584,433,80,92
583,433,80,92
581,435,79,91
580,437,79,91
577,437,79,91
573,436,79,91
565,434,79,91
559,433,78,90
556,432,77,89
551,431,76,88
547,431,75,87
543,429,75,87
537,430,79,85
533,427,80,87
529,426,79,86
527,428,78,85
522,425,77,84
518,429,74,83
514,428,74,83
510,426,74,83
506,421,76,86
503,421,76,86
500,422,76,86
497,422,76,86
496,422,76,89
493,422,76,89
490,423,75,88
488,422,75,88
486,423,79,88
482,420,78,87
479,427,79,83
476,427,82,82
473,426,81,81
470,429,81,81
467,428,84,78
464,430,83,77
462,432,82,76
458,432,81,75
453,432,83,75
448,432,83,77
443,434,83,77
438,435,86,78
430,435,92,80
427,435,93,81
425,433,93,81
424,432,93,81
424,430,98,81
425,432,97,80
429,429,97,79
430,433,96,78
431,429,95,77
432,431,94,76
434,431,94,78
434,429,93,77
436,427,92,76
436,428,92,76
436,425,94,76
438,427,94,78
438,426,91,78
437,425,90,77
440,429,85,79
436,429,88,79
436,431,87,78
434,430,87,78
434,427,86,77
432,428,83,76
430,424,87,79
429,422,87,79
428,423,87,79
427,424,86,78
426,420,86,78
426,420,86,78
425,423,85,79
423,423,86,79
421,424,86,79
419,424,86,79
420,421,86,79
420,422,86,79
419,424,85,78
418,424,88,78
417,426,88,78
417,425,88,78
417,421,87,77
418,424,86,76
418,426,86,78
417,424,87,77
419,425,86,76
419,428,86,76
420,423,85,75
420,423,85,75
422,421,86,74
423,419,86,74
425,422,85,73
428,419,86,75
431,417,85,74
434,417,85,74
439,420,85,75
442,418,84,74
445,418,84,74
450,420,83,74
455,420,78,73
459,419,77,72
462,417,80,71
465,419,80,71
472,420,82,71
477,419,78,70
482,421,78,70
488,423,77,74
494,422,76,73
500,422,76,73
508,424,75,72
515,419,74,71
521,419,74,71
528,420,74,71
534,418,74,71
539,417,74,71
545,421,71,70
550,419,70,69
555,419,70,72
559,422,70,72
563,422,69,71
565,423,68,70
567,422,68,70
568,419,70,73
568,420,70,73
567,420,69,72
569,422,69,72
568,421,68,77
567,421,72,77
567,422,72,77
567,424,72,77
568,422,71,76
568,425,75,75
570,424,73,76
569,423,74,79
566,425,74,79
566,426,74,79
563,423,73,80
559,423,73,80
556,423,72,79
550,426,74,80
546,426,73,79
542,427,73,79
542,429,72,78
538,429,72,78
534,428,74,77
531,428,77,77
528,429,76,76
525,429,79,76
522,431,81,76
520,431,80,75
517,430,84,74
515,432,84,74
513,430,88,77
512,428,88,78
512,428,88,78
513,429,92,78
514,428,92,77
515,427,92,80
518,427,93,80
520,427,93,80
522,428,93,80
526,428,96,79
530,429,97,79
534,431,94,78
538,431,95,83
543,433,94,83
551,435,94,83
559,435,95,82
566,436,92,81
574,435,91,82
584,434,88,87
593,435,87,88
603,436,84,89
612,438,83,88
618,441,83,88
627,441,83,90
633,441,82,89
637,443,85,89
638,443,84,88
637,444,86,88
633,444,91,90
630,443,90,89
624,444,93,89
618,443,93,89
612,440,94,95
605,441,96,97
597,444,96,97
587,445,96,97
577,448,96,97
566,449,95,96
560,451,89,99
546,448,92,109
534,447,92,109
522,448,89,109
510,449,91,109
499,454,92,107
491,454,97,106
484,451,100,108
479,452,102,108
475,448,105,107
473,446,104,105
472,449,105,104
471,446,108,104
471,442,111,102
473,444,114,102
478,445,111,101
486,443,110,101
493,444,110,104
502,445,108,103
510,446,107,101
518,447,107,100
525,445,107,100
539,448,100,98
547,448,96,98
560,447,93,103
568,443,91,103
578,445,88,103
587,443,88,105
596,442,89,102
602,442,88,103
608,443,87,102
611,444,87,101
611,445,91,100
610,445,94,99
612,447,94,96
612,446,96,96
610,447,97,97
611,447,98,98
606,447,99,98
603,447,102,97
600,443,100,96
596,444,99,95
590,443,98,94
585,443,95,92
580,438,94,91
573,437,93,90
569,434,90,94
566,433,86,93
563,432,83,93
558,432,83,90
554,431,82,89
551,430,78,89
546,428,81,88
544,427,81,88
541,426,80,85
541,423,80,88
539,424,79,87
539,429,79,86
536,427,79,86
534,427,78,85
531,425,77,84
531,426,74,85
528,425,74,85
524,424,73,84
523,429,73,82
519,428,73,82
512,428,76,82
507,425,75,81
502,427,74,80
498,425,73,79
496,427,73,79
492,427,73,79
490,426,73,79
489,429,72,78
489,432,71,77
488,431,74,80
487,431,73,79
489,432,74,77
488,429,73,76
487,429,75,81
485,430,74,80
482,428,74,80
481,429,74,80
477,429,74,80
473,429,74,80
469,429,76,82
465,434,75,81
461,433,74,80
458,434,77,78
454,435,76,77
450,434,80,79
448,433,81,76
444,430,86,81
442,431,86,81
441,432,86,81
440,434,91,80
440,433,92,80
441,433,92,80
443,433,95,80
448,429,92,80
452,429,91,82
456,428,91,82
459,429,91,81
463,430,89,81
466,426,88,83
469,427,87,82
471,428,87,82
472,425,93,83
477,426,92,82
480,425,92,82
485,425,91,81
492,426,86,82
497,427,88,81
501,428,88,81
505,430,87,80
509,434,86,79
516,433,84,82
519,435,84,82
523,436,84,84
526,436,84,84
530,434,82,88
533,435,82,88
535,433,82,88
537,430,81,87
539,431,83,90
541,427,83,90
544,426,83,90
547,428,83,87
549,430,83,87
551,432,82,86
551,435,81,85
548,440,81,85
546,444,80,84
544,443,83,89
545,446,83,89
544,449,85,93
544,448,85,93
545,446,85,93
549,444,87,93
552,440,88,92
557,440,88,89
566,440,84,88
572,440,84,88
581,438,83,87
588,437,82,87
601,436,76,86
609,432,75,85
616,435,77,84
621,429,80,83
628,427,77,84
634,427,76,85
639,427,76,84
640,429,77,80
642,426,75,82
644,428,75,82
646,427,75,82
649,427,74,81
656,427,72,81
658,426,74,79
659,428,76,75
659,427,78,73
659,422,80,76
657,420,82,77
655,419,84,78
654,416,83,77
650,415,82,76
646,418,81,75
641,415,81,75
640,415,79,76
636,416,79,76
633,422,73,68
630,420,73,71
628,418,70,73
624,419,69,72
621,422,69,72
620,421,67,70
618,419,66,69
616,421,68,72
614,421,69,72
612,422,70,73
609,421,71,70
608,422,70,69
608,425,69,68
607,425,68,67
605,425,68,69
604,423,67,68
602,420,68,70
599,420,67,69
598,420,69,68
596,417,68,67
593,421,70,70
591,416,69,69
591,415,70,70
589,415,69,72
588,415,70,71
586,414,69,70
585,415,68,69
583,417,67,68
584,419,66,67
580,417,70,70
578,416,69,69
577,416,68,68
574,415,69,69
572,416,68,68
571,415,70,70
571,415,69,69
570,415,68,68
569,417,68,68
567,416,69,69
565,416,68,68
565,416,68,67
563,418,68,66
561,419,70,65
559,415,71,69
557,414,70,68
559,414,70,69
556,414,70,68
554,416,71,67
552,419,72,66
550,418,73,65
550,416,75,65
549,416,74,66
548,417,76,65
547,415,76,65
549,414,75,65
550,416,75,65
550,416,74,64
551,415,76,66
553,415,73,66
553,410,72,65
556,408,72,65
557,408,71,64
558,404,70,63
558,406,69,62
558,408,69,62
559,410,69,62
557,403,72,64
557,405,70,62
558,406,70,62
558,408,69,61
558,410,70,58
559,413,71,64
560,412,70,63
560,414,70,61
561,417,68,60
561,417,69,59
562,418,69,59
562,419,68,58
563,417,68,58
564,416,68,58
564,414,68,58
567,414,68,58
569,415,68,58
569,415,68,58
569,415,68,58
569,416,67,62
571,416,66,64
571,416,66,64
571,416,65,63
570,420,64,62
569,420,63,61
566,417,63,61
562,417,66,63
560,417,66,63
557,416,66,63
554,419,66,63
552,420,66,63
549,419,67,67
546,421,71,67
544,422,69,67
542,422,70,69
541,422,71,67
537,422,72,67
534,426,75,66
531,421,77,69
529,423,77,69
527,422,77,70
524,419,78,71
522,421,79,73
519,423,81,74
516,423,80,73
512,426,82,72
508,425,83,73
504,423,85,74
499,422,87,75
495,423,90,77
494,424,87,76
490,427,86,75
488,425,89,74
482,427,92,78
480,429,93,79
478,428,93,79
476,428,97,79
475,430,97,78
474,431,97,78
473,431,97,78
472,432,98,78
471,430,99,81
471,429,99,83
471,428,96,83
470,432,96,82
467,430,100,82
465,432,100,81
463,431,100,84
463,430,101,83
463,429,100,82
461,430,101,84
461,428,103,83
461,431,106,82
462,430,105,83
463,429,106,85
467,431,103,84
469,433,104,83
469,434,106,82
471,434,105,85
473,436,106,88
474,436,106,86
474,438,105,85
475,439,104,87
476,435,103,89
476,436,103,89
477,436,104,88
478,435,105,88
479,435,104,88
481,438,103,87
483,436,103,87
484,435,103,87
485,434,103,87
488,438,102,86
489,437,102,86
489,436,101,85
493,435,101,85
493,434,101,85
495,433,100,84
494,432,98,86
493,431,98,86
492,429,98,86
491,428,98,86
490,426,97,85
491,431,100,85
490,430,99,84
489,426,98,83
491,429,97,82
490,428,97,82
491,427,96,81
491,425,99,83
492,425,98,82
494,422,97,81
497,424,99,80
500,428,98,79
502,425,97,78
506,426,97,79
508,425,96,78
513,427,96,78
515,423,93,77
517,426,93,79
521,428,93,79
524,427,90,78
526,430,89,77
528,431,88,75
531,432,87,74
532,433,89,78
532,433,88,77
533,432,87,76
534,433,88,78
537,433,86,79
539,430,84,80
541,433,85,79
543,436,82,78
543,432,83,79
543,432,83,81
542,432,82,80
541,432,81,80
542,434,80,80
540,433,81,82
537,432,81,82
533,429,84,84
530,431,85,83
524,430,86,84
521,430,87,83
516,432,87,85
512,431,89,85
508,433,88,84
502,435,91,85
496,436,94,85
490,437,96,87
484,441,97,85
478,438,102,88
473,439,106,88
470,439,111,87
468,438,111,87
468,433,112,88
468,431,113,88
468,429,115,88
470,429,115,92
473,428,115,91
475,428,113,90
477,426,115,95
479,427,113,93
481,430,112,92
485,432,113,95
487,434,112,95
489,435,112,93
492,435,110,92
497,437,109,94
498,438,110,96
500,441,109,96
503,439,107,97
504,438,106,96
505,440,105,95
506,439,108,97
507,438,106,99
506,440,105,99
505,443,107,99
506,443,108,99
502,446,104,99
497,446,106,100
494,448,104,100
485,450,105,103
477,450,108,105
466,453,111,104
455,453,115,104
443,454,120,103
434,448,125,101
424,451,130,99
415,449,135,99
409,444,134,99
408,447,140,98
403,443,147,102
403,442,147,101
403,440,148,101
407,440,148,101
411,439,149,101
413,444,147,100
413,447,145,99
408,447,148,101
410,446,150,101
410,448,150,101
414,449,152,100
416,446,155,98
424,442,156,97
432,444,154,95
440,444,150,93
446,446,151,95
454,446,155,95
465,446,152,95
472,442,153,95
487,441,149,96
497,437,149,96
507,434,149,96
525,439,137,95
540,438,131,93
551,441,127,92
561,443,126,90
573,445,124,89
581,444,128,90
596,444,128,90
611,445,126,87
628,443,121,86
644,444,117,89
658,443,116,88
676,445,104,88
690,443,103,88
704,442,103,88
721,442,92,90
735,436,87,94
748,433,85,96
758,431,82,96
769,431,81,95
777,426,82,97
784,428,82,92
791,426,80,91
797,426,78,86
805,425,78,84
812,425,79,82
819,422,77,81
826,423,79,82
827,420,83,81
833,424,83,80
837,426,82,79
838,426,86,74
841,429,84,72
844,423,83,77
845,423,82,74
845,422,81,73
844,421,82,70
844,418,80,70
845,418,78,69
845,411,77,68
848,409,76,67
847,408,75,64
849,402,73,63
852,402,71,63
854,401,71,64
855,400,71,64
857,402,70,63
861,403,68,65
864,404,70,63
864,407,73,62
866,409,74,62
866,408,75,64
867,414,74,63
868,414,75,62
869,414,73,61
868,416,74,60
867,413,74,61
867,414,74,61
867,412,74,62
865,409,75,62
865,409,73,59
867,405,72,62
868,404,73,60
871,402,72,62
873,403,72,62
876,405,74,59
880,405,74,61
884,404,73,63
887,404,73,63
888,408,78,60
892,407,78,62
894,409,81,63
896,412,82,63
899,414,82,63
903,418,82,63
906,421,82,63
907,422,87,67
910,420,89,71
912,420,90,71
913,418,93,69
914,416,94,68
915,414,95,69
918,414,95,70
920,417,97,70
920,416,100,72
923,418,101,70
925,420,102,72
926,417,105,71
930,421,106,73
932,421,107,72
934,428,110,76
936,432,112,78
936,434,115,80
936,440,118,79
936,440,119,79
936,444,119,78
934,442,122,80
931,442,123,80
932,440,120,81
929,437,120,81
927,437,119,81
921,432,121,80
917,432,122,80
914,435,121,79
911,438,120,78
910,435,121,80
907,434,122,82
907,434,120,82
905,436,122,83
907,437,123,80
907,437,123,80
908,439,125,80
910,440,126,80
909,437,129,81
909,436,133,83
910,435,133,84
909,431,136,83
909,436,140,82
910,434,137,84
910,435,140,84
908,438,143,83
904,433,143,81
901,436,142,83
899,438,140,85
892,432,142,84
888,432,139,87
884,435,138,88
876,430,137,87
872,433,134,88
867,435,134,88
860,431,132,88
852,434,134,86
848,434,131,88
841,432,127,88
832,433,127,85
826,434,123,87
818,431,123,86
812,434,121,85
808,434,118,87
801,430,118,86
796,434,114,86
791,432,109,86
785,430,108,85
777,429,106,86
770,432,105,85
764,430,102,84
758,433,98,83
751,435,98,85
744,433,96,85
739,433,95,86
732,437,93,85
726,435,93,85
720,437,88,84
713,437,87,85
708,437,85,87
701,437,84,86
694,436,84,86
689,435,78,86
682,434,78,83
673,432,80,84
667,430,76,87
660,431,76,84
651,432,78,82
644,433,77,81
636,432,77,81
629,431,76,80
624,433,77,81
618,432,77,81
615,433,79,82
610,434,78,81
606,433,78,81
602,434,80,81
598,434,79,80
594,431,80,83
591,430,80,83
588,430,79,82
589,433,79,85
587,433,78,84
587,433,78,83
584,434,78,80
583,431,80,79
581,431,77,78
580,431,76,77
579,429,77,79
579,430,77,78
579,430,76,77
577,428,78,78
576,426,77,77
576,425,76,76
575,427,77,75
574,429,76,74
573,428,75,73
572,428,75,73
569,430,75,73
566,426,75,73
564,429,77,73
563,428,77,72
560,427,77,72
557,428,77,72
555,431,77,72
552,430,76,71
552,430,76,73
549,428,75,72
548,424,75,72
546,423,75,72
541,422,79,73
539,418,78,72
537,419,77,71
538,418,77,72
536,415,79,68
535,416,78,67
534,414,77,66
534,411,77,65
533,411,77,65
533,414,77,64
532,410,76,63
534,413,76,66
534,415,76,66
535,411,75,65
535,415,74,64
535,416,73,63
534,412,77,64
534,414,76,63
535,414,76,65
534,414,75,64
536,417,74,61
535,417,74,63
535,417,75,62
535,417,75,62
536,417,76,65
537,414,74,65
537,415,74,64
537,416,73,63
537,418,75,63
538,418,75,63
539,421,75,63
539,421,75,62
540,421,74,63
541,422,75,64
542,421,75,64
542,422,75,64
542,423,76,64
543,424,76,64
544,424,75,63
544,423,74,62
546,421,75,66
547,419,74,65
546,419,74,65
545,423,73,67
545,422,72,66
544,424,73,68
542,423,73,69
541,422,74,69
538,423,75,70
536,421,75,70
534,419,75,70
532,419,75,70
529,420,76,71
525,419,79,71
523,422,79,71
519,421,79,71
516,422,84,71
515,423,83,73
513,421,83,73
512,421,83,73
509,423,86,73
507,423,86,72
506,419,87,73
505,423,89,74
504,421,89,76
503,422,89,76
502,423,89,76
504,424,89,76
504,425,89,75
504,429,88,74
504,430,89,74
504,428,91,75
505,429,89,76
505,428,89,78
506,427,89,78
506,425,92,78
507,426,89,78
507,425,88,80
506,424,89,79
506,425,88,78
508,426,88,77
511,428,87,76
510,432,86,75
509,429,86,75
509,428,85,74
510,429,85,74
509,427,86,74
509,429,86,74
508,430,87,75
508,428,87,75
507,426,86,74
508,429,86,74
507,425,86,74
506,426,85,73
506,425,84,72
505,423,86,74
504,422,85,73
503,418,86,76
502,416,88,75
503,415,87,79
502,417,86,78
502,417,86,78
502,417,86,78
502,416,86,78
501,418,85,77
503,418,83,76
503,418,83,76
502,417,82,75
501,416,87,76
501,419,84,75
501,419,82,74
500,418,83,73
501,419,85,72
501,418,84,71
500,417,84,70
500,412,84,72
499,410,83,71
500,411,85,73
498,411,85,72
497,412,85,71
499,411,85,70
499,412,85,71
500,411,86,71
500,409,86,72
500,412,85,71
502,408,84,70
503,411,83,69
504,413,82,68
504,413,81,67
507,415,80,66
507,416,79,65
508,414,81,67
509,416,80,66
508,414,82,67
509,414,81,66
508,415,80,65
509,413,81,67
509,412,81,67
509,416,81,66
509,417,81,66
508,422,80,65
506,422,80,65
506,421,82,67
506,422,84,68
505,419,85,71
504,421,81,71
501,421,83,70
499,422,84,70
497,421,86,69
496,422,86,69
495,422,86,69
495,421,86,69
494,419,87,73
496,422,86,72
495,422,85,71
495,421,88,72
494,423,89,72
493,425,88,71
493,424,91,72
495,424,91,72
495,424,90,71
495,426,90,71
495,426,89,70
495,421,90,72
495,422,90,75
496,423,90,75
495,422,90,77
495,424,89,76
497,422,91,78
496,421,92,79
498,424,90,79
499,423,90,78
498,421,92,82
498,422,93,81
497,425,92,81
498,420,93,81
497,421,93,80
497,423,93,79
500,422,92,78
502,423,89,80
503,425,90,77
502,427,90,80
502,425,91,79
501,426,93,79
501,426,92,78
502,425,90,81
503,423,90,80
504,425,91,79
505,424,91,80
504,420,93,80
504,423,94,79
503,426,93,78
505,427,94,78
506,428,95,77
510,425,92,80
511,428,93,81
513,426,91,81
515,425,91,81
516,427,90,80
519,426,87,81
519,425,84,85
520,426,85,83
519,424,84,80
518,422,84,79
515,421,85,79
514,422,85,79
515,419,83,78
514,417,83,78
512,417,83,77
509,418,83,76
506,417,82,75
502,418,82,75
499,419,81,74
494,418,80,73
491,419,80,73
487,416,79,72
484,418,79,72
478,416,84,76
473,414,85,73
469,418,87,70
465,416,87,69
462,413,89,68
460,412,90,68
458,411,89,67
457,411,92,66
456,409,93,67
456,409,95,66
457,405,96,65
461,408,93,65
464,407,94,64
467,408,92,64
473,407,93,63
477,409,91,62
483,408,90,61
488,408,88,60
495,409,86,62
501,406,87,61
507,404,87,60
514,405,85,59
522,402,83,60
531,399,82,59
538,400,81,58
547,400,80,57
558,397,74,59
566,396,73,58
575,397,72,57
585,395,66,56
594,398,65,55
602,397,62,54
611,398,59,53
619,399,55,52
625,399,54,53
629,398,56,53
633,398,55,54
635,397,57,54
636,397,57,55
637,399,56,54
637,398,57,52
638,397,57,52
636,401,62,51
636,397,62,53
636,399,62,53
636,399,63,52
637,397,63,52
637,394,63,55
637,398,63,54
637,399,63,54
633,395,65,54
633,401,66,54
632,398,64,55
631,397,62,56
630,403,65,56
628,402,64,55
626,401,64,55
623,403,63,54
623,403,62,55
622,403,59,54
621,402,61,58
621,403,59,57
620,404,60,57
621,404,59,56
621,405,58,55
622,403,60,59
622,404,59,58
624,406,62,58
625,405,62,60
626,407,62,60
626,407,62,60
629,410,65,60
630,411,65,60
629,413,65,60
629,412,68,62
632,414,67,64
632,412,70,66
631,412,71,66
634,410,71,67
634,411,73,67
632,410,73,67
632,410,75,67
630,410,76,67
627,412,78,68
624,413,80,68
622,413,78,69
618,414,77,68
613,416,77,68
608,413,78,73
602,415,78,72
597,417,76,71
590,419,78,73
587,417,75,79
582,420,74,78
578,423,72,81
571,426,73,81
564,429,76,83
558,428,75,85
549,430,74,85
541,432,74,83
531,433,76,83
521,433,77,84
508,432,77,83
497,432,77,83
488,429,79,85
480,430,84,85
475,433,85,85
471,434,87,88
468,433,86,88
463,433,86,88
458,434,88,92
450,436,88,92
442,439,90,92
433,442,91,92
424,443,94,97
411,442,96,97
399,443,100,95
390,445,104,95
381,445,105,96
372,445,111,96
364,451,116,96
359,447,116,99
355,449,116,98
351,450,118,99
347,450,122,99
347,448,122,99
346,447,119,98
344,445,120,98
342,442,120,100
340,439,120,100
339,437,123,96
339,437,124,94
340,434,125,94
343,435,125,94
348,431,123,91
352,434,120,88
354,429,118,86
360,434,119,87
365,431,115,88
368,435,112,86
372,435,112,86
377,435,112,86
378,435,106,88
382,435,103,86
383,435,101,86
383,434,101,84
384,434,101,84
389,430,98,80
392,426,98,80
396,424,95,78
399,420,96,77
405,419,95,76
414,422,90,75
419,417,89,72
424,423,88,71
431,423,87,70
437,422,86,69
442,423,85,68
449,424,84,67
455,426,83,66
459,427,79,65
466,428,76,64
469,424,76,65
474,425,73,65
477,419,74,67
479,417,73,66
480,413,73,66
481,414,73,66
485,412,70,66
488,413,70,66
489,412,70,66
490,411,70,66
492,408,70,66
494,405,69,65
495,405,69,65
498,404,69,65
501,406,69,65
504,408,69,65
506,409,68,64
507,409,67,65
510,408,66,64
512,409,66,64
512,409,64,64
513,411,64,63
512,410,65,65
510,411,65,65
510,412,65,65
508,412,65,65
506,414,65,65
503,414,64,64
500,412,64,64
497,413,64,64
495,416,66,64
490,411,67,66
487,412,67,66
484,410,73,65
482,410,72,65
480,408,72,68
477,410,75,68
476,414,74,67
473,416,77,67
471,416,79,69
470,416,80,69
470,414,79,68
470,415,80,67
470,414,82,69
472,419,80,68
472,418,82,69
474,417,83,68
475,423,84,68
476,423,84,68
477,423,84,68
478,422,82,73
477,420,81,70
478,418,80,71
479,419,80,71
478,421,80,71
477,417,80,71
476,419,80,69
474,416,82,68
474,414,87,68
475,414,86,67
477,414,88,66
478,413,87,65
481,415,91,65
486,413,87,66
490,413,87,70
494,418,87,68
500,416,86,67
504,414,83,68
506,417,82,68
511,416,78,70
512,414,78,68
513,415,77,71
512,417,78,70
509,418,83,71
508,421,85,70
511,423,84,69
512,422,83,68
513,425,84,71
513,422,85,72
517,421,81,74
516,421,83,75
518,420,80,73
516,421,81,73
517,422,77,73
516,421,79,71
514,421,81,72
510,420,82,73
511,418,84,73
512,419,84,72
510,419,83,71
513,419,82,70
514,419,81,69
514,422,83,70
513,423,84,70
513,423,84,69
515,428,84,72
514,428,85,72
515,426,86,75
516,426,85,76
516,426,84,73
516,427,84,72
517,428,85,74
517,428,85,75
517,429,84,76
514,429,86,77
512,426,85,78
511,425,85,78
509,427,87,78
507,428,87,78
506,429,88,78
504,431,88,78
503,434,87,77
501,430,94,79
501,434,92,81
502,437,94,81
503,436,94,81
503,436,93,80
504,433,94,87
504,431,93,85
505,432,94,84
504,429,95,84
505,432,94,85
506,433,94,84
505,429,95,90
506,432,97,91
505,434,101,90
506,434,99,88
507,438,101,88
508,439,101,89
510,437,99,90
512,441,98,90
511,443,99,93
512,441,100,94
513,441,98,95
511,443,100,96
510,440,101,95
507,439,101,94
506,443,101,93
503,444,101,92
501,442,106,94
501,446,108,98
501,447,105,97
502,441,105,99
501,445,106,99
500,445,105,98
500,444,104,100
499,447,99,99
493,446,103,99
489,444,106,99
485,446,109,95
480,444,111,96
476,444,112,96
471,443,113,96
469,445,118,96
471,443,119,96
473,442,120,96
476,446,119,94
477,447,118,95
479,447,115,95
481,450,115,95
484,451,115,96
486,450,111,97
484,454,114,97
483,453,116,101
486,452,116,102
485,450,116,102
483,447,114,100
483,446,118,100
483,448,120,100
484,445,119,99
487,443,119,99
491,439,119,102
496,436,119,102
501,436,116,102
506,439,111,100
507,439,111,100
509,437,112,99
516,439,106,98
517,440,105,97
520,441,107,96
521,440,107,97
522,438,107,97
522,440,107,93
523,438,103,91
522,440,103,91
520,440,108,88
522,441,106,87
525,441,105,87
527,442,106,88
531,438,105,88
533,439,105,88
543,436,100,85
544,431,99,84
547,429,98,83
553,428,97,82
559,418,96,81
565,415,98,80
571,414,97,79
577,406,96,78
589,404,91,77
597,409,89,76
604,410,85,72
609,414,84,71
616,417,82,70
621,418,81,69
626,422,81,69
634,422,75,67
640,419,75,67
644,418,75,65
645,417,74,64
649,415,75,63
650,411,75,63
653,410,74,62
657,405,75,61
660,399,70,62
663,399,69,61
665,397,69,61
671,412,60,46
673,416,57,45
674,415,58,44
676,414,57,41
677,414,59,39
680,412,57,40
682,410,57,39
685,410,57,36
689,410,56,35
691,406,57,35
694,406,52,38
696,410,52,37
698,411,53,34
699,409,52,33
700,411,53,35
699,412,54,34
699,413,52,35
701,417,53,36
703,417,50,33
706,417,51,36
708,416,53,37
710,415,51,34
713,414,52,36
713,412,53,33
716,412,52,36
718,412,52,37
718,413,51,36
718,411,52,33
717,412,51,34
714,406,53,31
712,401,53,32
712,405,51,33
711,401,50,32
709,399,50,32
709,406,51,34
708,406,51,34
708,404,52,36
707,407,54,36
706,407,54,36
706,402,53,36
705,407,54,35
705,412,54,35
703,405,54,35
703,409,54,32
705,413,54,36
704,409,55,35
706,411,54,34
706,416,56,33
707,412,54,35
707,410,55,34
709,410,55,34
708,408,55,34
708,408,55,34
708,412,55,34
708,408,55,34
708,405,55,38
710,408,55,37
711,404,54,36
711,402,55,39
714,404,54,36
713,387,61,54
716,386,58,56
718,386,57,59
719,389,58,56
723,393,56,54
724,393,57,58
726,394,57,57
730,398,58,59
731,396,60,61
733,401,61,56
736,398,61,60
738,392,63,62
741,399,62,59
739,402,66,62
741,403,66,60
741,406,68,61
747,433,64,40
741,402,71,64
744,413,70,63
744,418,73,63
743,406,74,66
745,415,73,65
746,416,74,67
744,410,77,67
745,414,79,67
745,419,81,67
744,414,82,69
741,421,84,69
739,427,84,71
734,421,85,71
730,424,85,72
728,430,86,72
725,425,85,71
722,423,86,73
721,425,84,74
719,420,84,75
715,420,85,76
714,425,86,78
711,421,85,79
710,418,85,79
710,419,85,79
709,412,85,79
703,415,92,76
699,416,94,81
690,412,96,78
686,416,90,78
681,419,85,77
676,417,82,78
673,423,81,78
668,426,81,78
663,424,81,78
656,427,84,78
651,428,83,80
643,429,83,79
635,432,82,78
631,432,77,79
624,432,77,83
617,428,76,85
608,429,76,85
600,428,75,85
593,428,75,85
584,431,75,84
576,432,77,84
568,432,80,86
562,435,80,85
556,436,80,85
551,436,84,88
547,437,83,87
543,440,84,86
539,439,89,89
537,437,90,89
536,437,91,88
535,438,92,92
533,437,94,92
533,439,97,92
536,439,96,91
538,441,95,93
541,445,94,92
545,448,97,94
549,448,96,93
554,448,97,92
559,449,96,91
569,447,89,96
578,447,88,97
583,447,86,98
589,446,85,98
594,446,83,98
600,443,83,100
601,443,83,100
603,441,83,99
607,446,85,98
609,448,84,97
609,447,84,97
612,449,84,97
610,445,87,101
610,445,86,100
611,447,85,99
612,446,85,99
612,445,85,99
612,448,85,99
615,448,85,99
615,447,86,101
615,449,85,100
617,450,84,99
613,446,89,102
610,445,88,101
605,446,87,100
600,447,86,97
594,447,88,97
588,448,87,96
580,448,86,95
572,447,86,98
564,445,85,97
558,445,84,96
552,445,84,96
546,443,83,95
540,443,86,95
536,444,88,94
531,441,88,92
527,444,90,92
523,444,91,91
519,443,93,91
515,441,95,91
512,441,94,89
509,441,98,90
506,441,98,92
505,436,97,91
502,434,97,91
503,433,96,90
505,434,96,90
504,438,95,89
502,438,95,89
504,438,95,89
505,437,95,89
506,434,94,88
507,434,93,87
508,436,92,86
510,436,94,85
512,434,93,84
513,432,91,83
515,432,90,82
516,433,92,84
518,427,92,86
521,429,91,85
522,429,91,85
520,428,94,82
523,430,92,82
527,432,93,82
531,432,90,83
536,433,90,83
540,435,90,83
544,435,90,83
547,434,83,82
552,435,80,84
551,434,80,86
551,435,77,85
549,436,77,85
545,435,77,83
540,438,78,82
537,437,78,82
534,435,78,84
530,438,78,84
525,435,79,83
520,433,81,83
515,433,81,83
506,434,88,82
501,432,88,82
498,436,88,82
495,434,87,81
490,433,93,82
486,434,95,83
481,431,98,83
478,434,100,83
477,434,102,88
474,431,102,90
472,431,101,89
471,435,100,88
471,437,105,87
470,439,101,90
468,443,101,90
464,439,103,90
463,441,106,90
461,444,105,89
459,440,104,88
455,438,107,94
452,444,109,94
448,447,109,94
445,445,116,98
443,452,116,98
440,449,119,97
438,447,119,97
437,452,119,97
436,449,121,100
435,445,121,100
436,448,123,100
436,448,123,100
438,445,123,103
438,451,126,106
438,449,126,106
438,445,125,105
437,449,124,104
439,451,126,106
440,447,126,106
435,445,133,111
437,448,132,110
439,446,131,109
441,443,132,110
445,446,132,114
446,445,136,114
448,445,135,113
450,450,136,114
459,456,132,115
465,457,131,114
473,462,123,113
480,462,123,114
486,461,122,114
493,461,120,117
499,461,120,117
505,459,119,116
512,459,118,115
522,460,114,116
531,459,107,115
539,461,104,115
546,462,102,116
555,460,99,117
561,460,96,117
566,464,95,117
570,462,94,116
572,463,96,116
573,462,95,115
576,460,97,115
577,459,98,118
577,457,98,118
577,456,98,118
575,454,98,118
573,454,98,115
571,458,98,115
569,458,98,115
565,455,98,115
562,456,98,115
558,457,97,114
553,452,95,111
547,452,94,110
542,454,94,110
534,451,94,110
525,450,94,110
515,450,94,110
500,445,95,110
490,446,98,110
482,448,97,109
467,444,106,109
456,449,111,106
451,453,113,105
445,451,117,101
441,452,121,100
441,450,122,101
441,444,124,100
443,446,124,100
448,446,124,99
453,443,122,97
456,443,122,97
461,447,119,96
467,444,117,96
472,445,114,95
476,445,115,98
481,442,115,97
487,441,115,97
492,444,114,96
499,444,111,95
508,441,106,93
515,446,106,93
523,450,105,92
530,447,104,91
540,449,104,94
550,449,104,94
559,441,98,93
570,445,97,94
581,448,96,93
593,443,89,92
604,447,85,93
616,451,84,90
630,444,83,89
644,447,83,89
657,449,82,88
667,435,82,93
678,438,84,94
684,441,89,94
688,438,94,92
693,441,97,94
698,445,101,94
700,443,102,91
702,444,101,90
705,447,106,91
707,444,108,89
707,443,109,88
706,444,110,90
705,440,110,90
705,443,110,92
705,443,111,91
703,439,111,91
701,438,111,91
701,437,111,91
701,438,111,91
697,438,111,91
692,439,109,90
691,440,110,90
687,437,110,89
682,441,108,89
677,439,107,89
671,438,105,90
666,441,104,90
658,440,103,89
650,442,102,88
640,438,97,87
632,436,95,88
623,436,93,88
618,437,87,88
612,435,82,88
606,436,78,87
599,437,78,87
592,435,78,87
589,435,77,86
584,436,77,86
582,436,76,85
578,437,77,84
572,435,77,84
569,433,77,83
567,429,83,82
566,429,83,82
567,430,86,81
569,429,87,81
572,427,87,80
576,430,86,79
584,429,86,78
592,428,84,78
599,428,81,78
605,426,82,80
614,423,82,80
623,426,80,79
635,428,78,79
646,426,78,80
658,426,77,79
669,428,79,79
683,429,77,79
693,428,79,84
697,434,89,85
703,436,95,85
708,435,97,87
712,439,102,88
716,442,103,85
717,437,106,85
719,440,105,84
719,441,105,84
718,435,114,85
716,437,116,85
714,437,117,88
710,436,116,89
708,443,118,88
702,441,119,89
697,439,120,90
694,443,117,89
691,441,116,92
688,441,115,93
685,442,115,95
681,442,114,95
679,443,110,94
674,448,110,92
674,449,106,94
669,451,108,93
663,453,109,93
659,454,107,94
656,455,106,94
656,456,106,94
652,451,105,100
648,449,105,100
653,448,96,100
653,448,96,100
656,450,98,100
659,446,99,100
661,446,100,100
662,449,101,100
663,449,104,103
667,451,104,102
667,451,109,107
673,450,109,108
673,454,115,111
672,456,119,109
668,459,120,107
665,457,121,108
663,458,122,109
659,452,122,108
655,451,124,107
653,453,123,106
650,451,122,105
647,450,124,106
644,457,124,107
642,457,123,107
643,454,119,112
633,458,122,115
627,456,125,115
622,456,126,118
618,464,127,121
622,463,120,123
620,460,119,124
617,463,115,125
614,465,116,128
610,460,117,128
604,461,120,128
602,471,120,130
596,463,120,131
591,464,119,133
587,472,119,135
579,469,119,134
571,465,120,134
566,467,117,136
561,467,114,136
552,461,117,135
545,463,114,136
544,456,106,139
535,449,108,139
528,452,108,139
523,458,105,137
519,455,103,136
515,463,103,135
511,466,102,131
507,463,104,131
506,467,103,130
504,465,102,130
502,458,102,133
500,461,100,129
497,462,99,126
496,459,97,125
494,458,96,120
492,457,96,118
490,452,96,116
490,453,95,114
489,449,93,112
488,450,93,112
487,450,93,112
486,449,93,112
485,450,93,112
487,449,93,112
486,444,93,112
486,443,93,112
485,444,93,109
483,444,93,105
483,445,87,103
482,447,87,101
480,442,84,99
478,447,84,98
476,447,84,99
474,449,84,98
472,449,83,97
468,449,85,96
465,448,85,94
463,446,87,93
461,448,89,95
460,446,89,95
458,443,89,95
455,442,89,95
453,440,89,93
452,440,90,92
449,442,91,91
446,442,92,90
445,442,91,89
440,444,94,89
439,441,92,88
435,439,94,90
432,440,97,90
430,441,97,90
427,437,99,91
426,438,100,92
423,439,103,92
422,438,102,91
421,438,102,90
419,439,102,91
418,439,103,91
417,439,105,90
415,439,108,91
414,440,111,90
415,438,111,90
421,437,108,89
424,441,109,90
430,437,107,90
436,437,105,90
443,440,102,90
449,435,100,88
454,435,97,88
459,435,95,86
462,434,92,86
466,434,91,86
469,434,91,86
473,433,92,86
477,430,91,85
481,431,91,85
484,431,91,85
487,430,90,84
494,432,83,83
497,429,82,82
502,428,82,82
504,428,82,82
507,427,80,82
509,424,79,81
515,424,80,80
518,422,77,79
522,418,78,78
525,418,77,77
527,415,76,76
528,416,76,76
530,413,76,76
533,412,76,76
534,412,76,76
538,411,76,76
541,411,75,75
544,409,75,75
546,410,74,74
550,410,69,71
553,410,68,70
555,414,67,69
555,413,68,68
557,412,69,67
558,413,68,66
561,411,66,64
561,409,65,65
562,410,65,65
564,410,65,63
567,408,62,61
570,409,61,61
572,405,60,61
574,401,60,60
575,400,59,59
576,393,59,61
575,391,60,61
573,389,62,59
572,389,63,58
570,387,62,57
572,384,57,56
571,387,57,55
569,387,58,55
567,386,59,55
565,388,59,54
564,389,58,53
