551,345,52,13
553,345,52,14
556,345,53,13
563,345,46,13
569,344,41,14
576,345,34,13
580,344,30,13
580,345,30,12
580,346,31,13
582,349,31,12
583,352,32,11
585,352,33,12
586,354,34,13
587,356,35,12
590,357,35,12
593,359,35,11
597,360,35,12
600,360,34,12
604,361,34,11
608,359,32,11
612,359,33,11
615,359,32,11
619,359,32,11
624,359,30,11
622,355,30,11
619,351,29,11
620,347,28,11
621,344,28,12
618,343,27,12
613,341,26,11
608,339,24,11
602,336,24,11
600,335,23,11
599,334,22,12
598,333,21,12
597,334,20,11
595,335,21,11
591,337,20,10
588,339,20,11
586,340,19,11
584,343,21,12
582,346,21,13
580,349,22,12
579,350,21,12
577,351,23,12
577,352,23,11
577,351,23,13
574,350,25,13
572,350,26,15
572,352,30,12
571,354,31,13
569,358,32,12
569,359,29,14
570,362,28,14
574,364,26,13
576,367,26,12
583,370,19,13
585,373,18,11
591,376,14,12
597,377,9,14
600,383,6,3
598,378,27,13
589,378,17,8
593,378,11,13
598,378,11,13
598,378,11,13
589,386,13,16
586,386,16,16
581,385,21,17
575,384,26,18
572,384,31,17
575,381,35,16
580,377,35,19
584,376,29,18
583,372,27,20
581,371,32,20
580,371,35,19
581,374,37,17
583,376,35,16
584,375,33,19
584,376,30,18
584,377,26,19
587,377,23,21
589,381,20,17
594,381,12,17
598,382,9,16
597,382,10,16
596,380,12,20
594,382,16,20
590,385,22,18
587,385,21,16
584,385,32,18
580,385,38,19
576,384,45,19
571,388,45,15
568,388,44,15
563,388,45,15
558,388,45,15
551,387,46,16
544,387,47,16
538,385,47,17
535,384,47,16
533,382,48,16
531,382,48,15
529,382,47,15
526,382,47,14
524,382,46,14
525,384,44,13
525,384,43,15
521,379,46,20
522,380,42,20
524,382,38,19
528,383,38,18
536,384,35,20
543,386,34,19
552,393,26,14
560,392,26,18
577,400,26,15
608,405,11,15
600,400,42,20
620,398,37,19
638,401,26,19
648,402,26,19
672,422,18,19
656,427,43,13
655,429,43,13
660,432,27,13
661,436,27,14
664,442,34,15
676,449,32,14
689,457,25,16
692,464,24,15
697,471,27,16
693,478,30,18
688,480,30,17
688,480,24,16
673,479,39,25
672,481,34,22
672,485,34,20
671,488,33,20
669,490,33,20
672,487,30,21
672,487,30,22
672,489,34,23
655,496,51,20
651,496,54,20
640,496,66,18
640,500,66,18
640,500,66,19
641,500,67,17
648,501,65,16
651,501,63,16
647,503,64,14
648,503,58,13
632,498,74,18
630,498,74,18
633,501,70,16
633,499,73,16
637,499,65,15
636,496,76,17
637,496,77,17
636,497,76,17
640,499,73,15
640,496,74,15
641,496,73,18
636,493,87,16
633,494,81,16
633,494,58,15
629,493,44,15
632,492,91,15
635,488,87,15
640,484,83,22
632,482,89,21
636,481,85,21
634,481,85,20
633,480,82,20
635,481,71,20
639,481,67,20
636,480,70,20
632,482,78,22
628,482,79,18
627,482,80,18
629,478,77,18
627,474,77,18
623,469,84,18
623,468,84,21
626,472,94,24
631,470,93,18
639,471,83,17
641,474,65,16
640,493,51,21
640,496,31,20
641,495,26,19
616,485,27,25
616,491,30,12
616,491,30,12
616,491,30,12
616,491,30,12
616,491,30,12
616,491,30,12
653,509,30,21
628,500,58,36
619,501,65,34
615,501,69,36
607,502,80,33
603,499,86,31
598,500,96,37
595,502,99,40
599,502,100,41
603,503,99,40
607,502,97,40
609,500,97,42
614,499,92,43
619,499,92,42
622,498,92,42
624,496,90,43
627,496,87,41
629,498,88,40
634,500,85,41
635,503,85,41
639,503,83,42
641,504,81,41
641,505,80,40
640,510,80,39
640,512,76,41
640,513,74,41
640,513,72,42
636,515,74,41
635,515,72,40
639,515,72,39
642,514,73,38
645,510,77,40
647,502,84,48
649,499,89,48
653,498,102,51
659,502,111,44
667,502,117,44
675,501,119,44
681,500,121,45
691,498,119,46
700,497,118,44
712,494,113,46
724,486,105,50
736,482,90,53
744,481,74,52
749,487,60,44
752,477,57,54
748,477,59,51
744,475,63,52
740,473,63,50
736,471,66,47
730,468,67,46
723,464,68,46
718,459,67,52
713,459,67,51
710,458,66,51
708,458,62,51
707,455,60,50
708,459,58,46
709,460,56,45
711,461,53,47
713,463,55,46
718,469,54,43
722,471,55,43
729,471,55,43
738,475,56,42
747,477,57,42
758,486,55,35
765,488,57,36
771,491,55,34
776,493,57,33
784,493,58,33
795,495,57,32
803,495,59,33
809,494,60,33
816,493,58,32
823,490,60,33
831,488,59,33
838,485,60,32
846,485,60,32
853,483,59,32
858,481,59,33
861,481,59,31
864,481,58,33
866,482,60,32
868,484,60,31
870,482,61,32
871,480,62,31
872,478,62,31
873,476,63,31
875,472,64,32
876,467,65,31
883,462,65,30
890,460,67,30
899,457,64,29
904,454,62,29
901,450,64,29
902,449,60,28
904,449,58,28
904,449,59,27
904,455,58,26
901,459,57,26
896,462,58,26
890,465,56,26
884,474,54,28
877,482,53,28
872,486,52,28
870,489,56,26
868,494,54,23
862,494,59,26
857,494,64,29
853,496,68,26
849,496,71,27
844,497,70,26
837,496,69,25
833,493,63,27
832,490,62,26
832,488,63,26
831,484,62,27
829,482,61,25
827,479,60,24
825,473,60,22
822,468,62,23
817,463,65,24
811,456,64,26
800,451,66,29
787,447,67,30
776,445,66,31
768,443,65,28
759,441,64,27
749,438,69,27
740,434,62,28
732,428,60,28
725,422,61,32
720,415,60,35
718,408,60,38
715,403,60,39
712,402,63,38
710,402,62,39
710,402,63,40
713,402,61,41
717,404,59,39
720,406,59,41
725,410,59,36
731,410,56,39
738,410,56,38
747,413,55,33
754,413,54,34
762,413,51,30
769,412,54,31
776,410,54,32
780,408,52,31
784,405,54,33
789,403,54,31
794,402,55,32
796,401,55,32
796,401,55,34
796,403,55,33
796,403,55,34
795,404,54,34
796,406,52,33
797,408,52,31
800,408,51,31
802,409,50,30
800,411,52,29
799,412,52,29
799,412,53,28
798,409,54,28
797,407,54,28
795,403,56,31
792,401,58,30
789,397,58,30
786,392,58,31
784,386,56,32
781,381,56,31
778,376,54,31
779,369,52,32
780,366,49,31
780,361,49,32
780,360,46,30
779,357,43,32
777,358,42,31
775,356,39,35
776,357,39,34
777,380,39,13
782,383,38,11
786,386,37,10
788,387,37,11
789,388,37,11
792,390,36,11
796,391,37,11
802,391,38,12
809,388,37,11
811,359,46,40
815,357,50,40
819,359,54,38
820,359,56,39
821,359,58,39
823,358,60,40
823,360,63,40
822,358,64,40
819,363,67,39
817,361,65,39
817,359,66,40
822,356,64,38
829,368,55,29
830,366,61,32
834,365,57,33
835,364,55,31
835,361,55,32
836,360,54,30
837,359,53,30
836,359,58,30
833,360,57,29
828,360,57,30
824,359,58,29
821,359,55,29
818,359,51,27
817,356,51,26
817,351,54,27
815,348,54,28
814,341,54,28
813,337,54,28
813,336,53,27
811,337,52,28
805,340,53,27
799,336,51,27
791,334,54,28
788,336,56,25
785,336,56,25
782,336,55,24
776,336,58,23
776,334,57,24
775,333,56,25
774,334,57,23
773,335,56,21
771,335,58,21
770,334,58,22
768,334,58,21
760,330,62,26
755,329,63,25
751,328,63,25
746,326,65,25
741,324,67,25
736,323,67,24
728,323,70,25
727,325,64,21
721,324,65,22
715,320,66,24
711,318,68,24
710,315,66,25
708,314,63,24
706,312,63,25
704,311,59,26
701,310,62,25
700,310,60,22
698,306,59,26
696,306,58,25
695,305,55,25
693,304,54,25
691,302,53,24
691,299,50,27
689,296,48,26
686,295,46,26
682,293,46,25
684,289,44,25
686,287,44,25
685,287,44,24
683,288,43,23
681,288,43,24
680,287,43,25
680,286,43,24
680,285,44,24
681,285,43,24
681,286,42,23
679,287,42,24
677,288,42,23
675,290,41,24
672,290,41,24
669,290,41,24
666,290,41,24
666,288,40,25
666,287,41,25
665,287,41,25
664,288,40,24
662,289,39,23
659,289,37,23
656,288,37,23
653,287,36,24
650,286,35,24
644,287,35,24
640,288,33,23
635,288,33,23
632,287,34,24
632,287,34,23
631,287,35,23
629,288,35,24
627,289,35,25
622,290,38,25
620,292,38,25
617,296,38,24
614,299,39,24
608,302,42,24
605,304,42,25
601,306,43,24
599,308,44,25
599,309,44,26
594,314,46,24
591,319,45,23
588,321,46,22
587,322,47,22
588,322,47,22
590,321,44,22
587,320,43,23
584,319,41,23
581,320,40,20
579,318,41,20
577,315,39,22
575,313,36,23
571,312,35,23
567,312,34,22
564,312,33,22
562,311,32,21
560,311,31,20
559,311,29,21
559,312,28,20
559,313,28,20
560,317,26,21
557,324,26,21
544,339,26,22
533,350,27,21
530,353,28,21
532,354,27,21
518,368,28,19
508,377,28,20
502,382,29,20
504,389,26,15
511,390,24,16
517,385,24,22
529,389,26,18
552,389,26,17
570,397,24,18
584,436,25,19
577,476,31,14
569,488,30,11
562,496,31,11
565,499,32,18
570,503,33,17
572,496,34,16
571,489,34,17
571,492,34,15
567,493,36,16
563,494,38,17
560,495,38,16
556,495,39,16
551,497,39,17
541,501,39,17
528,503,40,18
518,505,38,17
510,506,42,16
508,503,42,17
509,501,42,17
512,500,42,17
520,502,41,15
528,501,42,15
536,498,41,18
542,502,40,16
546,504,40,16
549,507,41,16
551,507,41,16
556,509,39,15
565,508,41,13
577,504,41,14
592,496,39,16
605,488,40,17
612,483,38,18
614,482,39,18
624,478,38,18
636,474,38,19
646,471,37,18
654,467,37,18
662,462,38,17
675,453,38,18
692,445,38,18
703,441,38,18
707,437,37,18
714,432,38,19
721,426,38,18
728,419,38,17
733,415,37,16
736,414,36,16
736,410,37,17
737,407,36,16
738,402,36,16
740,397,37,16
739,389,37,16
736,380,37,16
738,378,38,16
740,377,37,16
736,375,37,16
732,377,38,16
729,387,38,17
728,404,40,18
730,403,39,17
729,398,40,18
732,401,39,18
735,408,40,17
734,418,39,17
727,426,40,18
725,425,39,18
723,426,39,20
721,432,39,18
720,436,38,18
718,439,38,19
715,441,39,17
712,439,38,17
707,435,38,18
704,432,37,19
702,430,37,18
701,430,37,17
700,427,36,18
696,417,36,16
693,405,36,17
691,400,36,17
692,400,36,17
693,399,36,16
695,395,35,16
697,383,36,17
698,375,36,17
695,374,36,16
692,378,36,17
689,376,36,18
687,376,35,18
682,376,36,18
678,379,37,17
676,378,36,18
675,377,35,18
672,376,36,19
669,376,37,20
667,379,36,21
663,380,37,20
661,379,36,20
658,378,36,20
655,377,37,21
655,378,37,20
654,376,39,20
656,371,37,20
656,369,38,21
657,369,36,19
656,368,36,20
656,366,36,20
655,368,36,20
654,369,36,20
653,370,35,20
651,371,35,21
649,372,35,20
646,372,34,20
642,370,35,20
640,369,34,20
638,369,34,20
636,369,33,20
632,368,35,19
630,366,32,18
625,360,33,19
623,362,33,20
619,365,34,20
615,363,33,21
611,362,33,20
609,363,33,21
612,368,32,20
624,386,33,20
630,392,32,19
629,391,32,19
630,403,31,19
627,419,31,19
628,437,30,18
629,440,30,20
632,439,28,20
632,437,28,19
634,447,28,19
633,457,28,18
633,461,27,17
633,458,27,17
634,460,27,17
635,465,26,19
637,468,26,19
640,470,25,14
643,470,26,15
648,470,25,16
653,468,25,16
656,465,25,17
659,463,24,16
664,460,24,17
669,456,26,18
675,453,26,17
679,450,25,18
682,446,25,17
685,444,27,16
688,441,26,17
689,438,27,17
689,436,27,16
691,431,28,18
696,429,26,17
700,428,26,17
704,425,25,18
707,422,25,18
711,418,25,19
715,416,25,17
718,413,25,18
721,412,25,16
725,410,24,17
728,408,23,17
729,407,24,16
728,407,23,15
728,405,23,16
730,402,23,17
734,399,22,18
737,399,23,16
740,398,22,15
743,392,23,16
747,379,23,16
752,376,25,16
756,382,24,15
762,381,23,15
764,377,24,16
755,366,25,14
753,368,28,15
758,373,26,16
758,378,28,16
760,379,27,17
760,382,26,17
757,385,28,16
757,387,28,16
757,390,29,15
762,394,27,14
768,395,26,14
774,395,25,14
777,392,25,15
779,391,23,14
782,393,21,14
782,391,23,15
781,389,24,14
777,388,25,14
774,383,27,17
775,382,27,16
775,383,29,15
774,386,30,13
772,387,30,13
766,386,31,13
759,388,32,13
755,391,32,14
751,393,34,14
749,401,34,14
747,404,34,15
743,410,36,16
737,415,37,15
732,423,38,13
723,439,39,17
723,452,43,19
721,441,47,18
724,437,38,17
727,447,36,15
720,450,53,23
719,444,50,21
699,437,53,15
686,444,51,16
678,446,52,17
671,448,52,17
665,449,50,14
656,452,50,14
652,457,50,14
650,457,49,14
653,456,48,15
658,455,49,12
661,453,51,13
661,452,51,13
659,450,52,14
657,450,52,13
657,449,52,13
657,449,52,13
660,448,48,13
659,447,45,12
657,449,43,11
641,442,70,18
636,442,64,17
633,440,57,16
630,438,54,17
637,438,41,16
630,438,40,15
625,440,38,14
622,442,35,13
618,442,34,13
614,442,35,12
611,442,34,11
608,441,33,13
608,437,32,14
590,435,52,24
590,434,51,23
590,431,51,23
589,430,49,24
588,426,47,24
587,426,47,24
587,423,47,25
589,422,45,25
591,422,44,25
593,423,43,24
594,423,43,25
594,423,41,23
594,422,41,23
599,419,40,22
607,418,40,24
613,419,38,23
617,417,40,24
624,414,39,25
629,412,39,25
633,414,37,23
633,413,38,22
634,414,38,22
634,413,38,21
632,411,39,22
630,407,42,23
624,405,49,24
619,402,54,25
615,403,55,23
610,402,56,23
604,402,57,23
600,403,57,22
594,403,59,22
590,404,59,22
585,403,60,22
582,403,59,22
578,404,58,21
576,404,56,21
579,400,52,24
582,397,47,26
583,396,45,27
587,394,40,26
594,395,35,25
600,396,31,22
603,392,30,25
604,391,31,24
608,390,29,24
612,386,29,25
615,383,31,26
620,383,31,26
621,380,32,26
619,379,33,26
617,378,34,26
617,380,32,23
620,379,33,24
621,379,33,24
622,378,33,24
625,375,33,25
630,373,33,25
636,370,32,26
642,368,32,26
649,367,32,26
653,364,34,27
657,364,34,24
660,361,35,25
665,358,34,25
668,356,36,25
671,354,36,25
673,352,37,25
676,351,38,26
680,348,39,26
684,347,38,27
688,345,39,27
689,344,42,27
693,343,43,27
697,341,44,27
701,341,46,28
705,342,47,26
708,340,48,27
709,340,49,27
711,340,51,26
714,339,52,27
716,337,52,26
718,335,53,26
719,334,54,25
720,332,55,26
722,330,56,26
724,327,56,27
724,324,58,26
725,322,58,27
727,321,58,25
729,319,57,26
731,317,58,25
734,317,56,24
737,316,55,24
737,313,56,24
737,310,55,25
739,308,54,25
740,306,55,26
743,304,53,26
744,303,54,26
745,305,53,27
743,309,53,28
741,315,51,26
739,320,51,26
738,327,50,26
740,335,49,26
739,345,49,27
738,346,48,28
737,351,48,28
737,355,47,28
736,360,48,29
739,364,46,28
739,367,47,28
740,368,46,28
740,370,46,28
741,372,46,28
741,375,46,28
741,376,46,29
743,379,45,28
742,381,46,30
739,383,46,29
736,384,45,29
733,384,45,30
730,384,47,33
727,379,47,39
725,391,45,26
722,390,47,26
722,391,47,23
723,387,47,24
725,384,46,25
726,380,47,25
729,377,47,26
732,372,47,26
736,370,46,26
739,368,46,25
739,366,45,25
740,364,44,26
741,363,42,26
740,362,42,26
737,364,42,26
737,364,42,26
737,363,42,25
743,360,37,25
740,356,40,26
740,352,42,26
741,352,42,23
741,348,43,25
743,344,44,26
746,341,44,25
748,335,45,26
748,335,44,24
746,334,45,24
746,332,45,25
747,332,45,23
746,329,46,24
744,328,47,24
743,327,45,25
740,325,45,25
737,324,46,24
736,322,44,24
733,319,43,25
730,319,43,25
727,320,44,25
724,323,42,24
718,334,41,23
716,351,32,22
707,371,35,22
708,378,35,21
704,376,46,21
711,380,45,24
721,389,44,24
726,391,45,25
725,387,46,25
727,392,46,26
728,400,47,26
728,408,47,27
729,408,47,26
731,410,46,26
731,414,47,26
728,418,48,27
725,420,47,27
725,422,46,26
728,422,47,26
731,421,48,27
733,418,48,27
735,416,47,27
737,414,48,27
739,410,48,27
740,409,49,27
742,408,49,26
743,407,50,27
744,406,48,26
741,405,49,25
738,403,48,26
736,403,48,26
734,401,48,26
731,401,49,26
728,400,50,24
729,398,49,24
730,395,49,24
729,393,50,24
729,389,50,24
727,388,51,24
727,385,50,25
726,384,50,23
725,383,50,24
724,383,50,24
721,381,51,24
718,381,50,23
715,380,49,23
712,379,49,23
709,378,49,23
707,378,49,23
704,376,49,24
702,374,49,24
700,371,49,24
698,368,49,25
698,365,48,24
698,362,49,23
700,362,49,23
699,359,49,23
697,360,48,23
694,361,49,23
691,364,47,23
687,372,47,23
682,373,47,23
676,376,47,24
669,380,48,23
663,383,48,22
659,384,47,23
654,385,47,24
649,387,47,23
645,387,45,23
640,388,44,22
635,387,43,22
632,386,42,22
629,387,42,22
626,386,41,22
624,385,41,23
623,384,39,23
621,384,39,23
620,384,39,22
617,383,40,21
616,381,37,21
615,378,37,21
612,375,39,21
615,374,36,20
615,371,35,20
613,367,36,22
612,366,36,19
612,364,36,21
611,361,35,20
608,360,35,21
604,356,39,23
600,358,38,21
594,357,38,21
586,356,39,21
577,356,40,21
569,353,42,22
562,351,42,20
554,347,41,23
546,343,40,20
528,329,40,22
520,327,36,22
513,323,41,23
499,317,41,21
472,304,41,22
444,288,44,21
439,291,44,22
434,289,45,24
408,281,42,24
375,272,46,25
350,268,49,24
328,264,50,25
304,261,50,26
284,264,52,26
280,263,51,26
272,262,55,27
264,260,52,27
256,257,50,27
248,256,49,27
244,252,46,29
241,252,41,28
243,253,31,26
244,254,22,24
242,254,20,25
242,256,15,24
241,255,15,24
243,263,8,10
243,263,8,10
243,263,8,10
243,263,8,10
243,263,8,10
243,263,8,10
243,263,8,10
243,263,8,10
243,263,8,10
296,292,32,12
320,296,48,16
341,306,51,17
354,313,59,18
362,319,56,17
369,326,57,15
386,334,55,16
410,342,52,17
428,352,53,16
444,366,52,15
464,385,52,15
485,401,52,16
487,411,55,16
486,417,54,16
488,420,54,16
495,427,55,17
504,436,55,16
511,440,55,19
515,441,55,20
518,444,56,16
526,446,55,18
542,451,55,16
560,455,50,16
566,455,48,14
563,454,49,15
567,454,48,16
567,455,52,16
566,455,52,18
564,452,54,15
568,450,54,16
577,447,43,17
576,443,46,17
574,442,45,16
563,438,49,22
565,437,44,21
567,436,43,21
566,433,42,17
566,431,40,18
568,430,36,17
573,431,28,18
573,430,24,17
551,436,44,17
549,436,42,17
548,437,40,17
545,437,41,16
544,437,39,15
543,438,34,19
540,437,32,18
540,436,30,18
535,435,31,21
534,433,30,21
531,426,39,28
528,425,42,26
528,425,50,24
528,423,58,23
536,421,57,22
544,419,51,21
555,417,47,22
558,414,52,21
562,413,58,22
560,411,65,24
562,410,64,23
576,414,51,19
578,412,54,20
579,410,56,20
584,404,50,19
583,403,51,21
586,403,49,20
586,406,50,21
586,409,50,23
586,412,74,17
584,409,78,17
584,408,83,17
584,408,82,17
584,408,82,18
584,413,84,16
581,415,85,16
580,420,84,15
578,424,82,17
575,428,83,19
570,436,88,17
569,440,89,17
567,443,91,17
563,446,92,18
557,448,93,19
551,450,95,19
549,452,93,17
545,450,97,18
544,449,97,19
540,447,98,20
536,445,99,21
530,442,100,23
523,440,101,24
515,437,101,26
507,433,101,26
504,427,101,28
504,424,102,28
506,421,103,29
504,416,104,30
504,411,105,29
505,405,104,30
506,400,104,30
507,396,99,31
511,391,104,31
517,386,102,33
526,385,94,30
530,384,85,30
534,376,88,35
536,377,77,33
535,378,75,30
531,381,74,23
527,381,76,25
526,381,76,25
531,383,73,25
533,383,71,25
534,384,71,25
539,384,69,24
543,384,68,31
546,384,67,33
550,384,63,35
551,384,61,35
552,384,61,35
553,385,59,35
554,386,56,38
554,389,56,34
554,391,57,32
555,393,55,32
558,396,53,30
558,397,51,30
559,398,50,30
560,398,50,29
561,399,50,28
562,400,48,28
561,399,45,27
561,399,45,27
565,398,43,29
570,398,43,28
577,399,42,27
579,399,41,26
578,399,43,29
578,399,42,29
580,399,41,31
578,402,44,30
577,400,46,32
576,396,47,35
576,392,51,28
576,391,51,30
575,391,51,30
573,391,48,33
569,394,48,32
566,397,45,31
564,399,44,32
565,399,43,32
568,394,39,40
569,393,34,40
567,393,32,39
568,394,26,36
574,398,22,28
579,402,19,23
582,401,12,22
585,397,11,21
587,395,7,20
586,392,7,19
592,393,10,19
592,393,10,19
567,391,23,19
561,383,23,23
559,383,24,26
553,384,30,25
549,381,37,27
546,381,41,28
545,380,46,26
544,374,54,32
544,376,51,29
544,376,55,32
542,377,53,30
553,390,55,30
560,391,56,30
554,386,56,30
554,386,56,29
559,385,54,29
562,381,55,31
569,379,54,31
574,375,53,34
577,370,53,34
589,354,54,33
597,349,54,34
592,353,56,34
588,356,55,35
587,355,55,34
590,356,53,35
595,358,52,34
599,362,49,31
600,364,45,31
600,363,43,32
601,362,43,31
601,362,44,32
601,364,44,32
601,367,44,28
602,372,45,27
602,373,47,29
598,374,47,29
587,375,50,29
578,375,51,30
572,373,54,31
569,371,56,31
568,367,56,31
564,363,60,31
563,358,62,29
567,339,61,32
574,325,64,34
578,320,64,35
579,319,65,36
579,322,68,36
581,324,68,36
580,326,69,36
579,329,71,36
578,332,71,37
576,336,73,35
573,338,74,36
572,344,75,37
569,358,73,37
569,369,75,36
575,367,71,36
582,363,70,37
584,365,68,37
589,368,64,36
592,373,61,35
595,376,59,34
599,381,57,31
601,384,57,31
604,385,54,31
607,386,53,31
608,388,55,31
613,390,53,29
615,392,53,30
616,394,55,30
616,397,56,30
616,399,56,29
617,402,55,30
617,403,54,28
618,405,54,28
617,406,57,28
620,406,58,28
623,405,57,29
625,405,55,29
630,408,51,24
635,407,47,25
642,406,41,24
649,404,36,26
656,404,29,25
661,402,24,25
667,403,16,23
672,406,13,18
676,406,6,8
674,405,7,7
674,403,7,18
674,403,7,18
674,403,7,18
674,403,7,18
674,403,7,18
674,403,7,18
674,403,7,18
674,403,7,18
674,403,7,18
674,403,7,18
674,403,7,18
674,403,7,18
674,403,7,18
674,403,7,18
674,403,7,18
674,403,7,18
674,403,7,18
674,403,7,18
673,402,8,18
673,402,8,18
673,402,8,18
673,402,8,18
673,402,8,18
673,402,8,18
765,352,24,29
760,348,27,30
761,341,30,33
765,340,39,33
773,340,45,31
778,339,46,31
780,337,48,31
782,335,47,32
782,333,51,32
785,330,50,33
790,327,49,33
795,325,49,35
800,327,46,31
801,328,46,31
801,332,44,29
802,333,40,32
807,349,36,19
803,348,40,22
800,348,43,23
792,349,50,21
782,350,60,22
776,353,66,21
760,355,80,23
737,360,93,18
714,361,110,20
700,361,111,25
691,367,104,23
689,374,86,21
686,377,72,25
688,381,57,25
688,385,51,25
688,389,47,25
689,393,43,25
689,395,42,25
689,398,43,26
690,400,44,27
691,402,45,28
693,403,43,28
693,404,45,27
693,403,45,27
695,401,45,27
697,401,47,24
699,398,49,26
702,397,49,26
704,398,50,25
702,398,51,25
700,398,52,25
699,399,52,25
699,399,53,26
699,402,55,25
700,400,55,28
704,401,55,29
706,401,54,30
706,401,54,31
710,401,52,33
716,402,49,32
721,402,47,34
725,404,45,34
725,406,43,32
725,406,41,34
724,409,39,34
723,412,40,34
723,414,39,34
719,415,42,35
718,416,41,35
714,416,44,36
710,419,44,34
708,419,46,37
706,419,48,37
706,423,48,36
707,424,48,35
708,424,47,35
708,425,49,35
709,424,50,35
711,423,51,36
714,423,50,36
716,423,50,35
719,422,50,35
722,419,50,33
724,415,51,35
728,413,52,34
731,410,54,34
736,407,54,35
737,405,55,34
738,402,56,33
737,399,57,35
736,397,58,34
736,395,58,34
735,391,60,35
734,390,61,33
