90,453,623,248
111,455,593,233
129,451,559,222
138,442,528,210
141,434,509,192
142,429,494,180
145,422,470,173
148,426,452,155
150,424,434,144
153,423,414,135
160,423,397,129
162,426,387,123
172,424,367,119
174,423,337,107
184,419,346,104
198,413,326,102
225,405,308,95
243,392,295,92
257,374,293,91
276,353,285,92
305,340,266,91
324,333,260,85
324,328,272,80
342,320,269,79
387,313,253,65
432,302,226,63
460,279,248,68
473,283,264,61
488,286,284,53
513,284,282,52
528,284,281,54
539,284,278,53
543,277,278,58
543,288,275,55
541,297,274,50
549,302,259,47
541,303,255,47
529,302,256,46
518,301,255,45
512,305,257,46
508,305,262,46
498,304,272,49
501,307,272,49
512,311,273,46
517,310,274,47
531,312,261,47
529,312,265,47
528,313,267,54
514,318,284,54
516,319,284,54
512,324,283,58
508,324,282,61
506,321,280,64
503,314,279,63
499,311,277,66
498,315,276,66
495,328,272,64
485,337,269,64
473,343,267,67
459,345,264,68
446,349,259,74
432,356,257,74
420,365,255,73
410,374,249,73
397,382,247,74
385,384,242,73
373,382,243,72
367,376,243,72
364,371,239,72
369,372,239,66
381,371,241,65
391,370,244,64
391,363,247,62
394,349,248,61
401,342,249,61
411,343,259,59
419,351,266,57
428,353,275,58
444,354,282,58
464,367,286,45
489,371,280,53
517,370,271,64
557,370,247,66
613,366,202,76
660,360,155,84
698,349,113,104
672,357,166,104
631,363,237,101
610,356,275,104
598,352,293,103
592,349,306,112
592,347,309,115
597,340,309,118
596,335,309,118
593,346,304,114
593,350,304,114
594,354,304,114
592,352,304,122
585,349,307,121
580,342,308,126
578,339,307,125
580,337,307,128
577,336,294,131
571,336,292,131
558,335,291,135
542,334,287,138
520,335,288,140
524,353,288,140
525,366,300,142
519,373,300,143
504,385,311,143
486,400,314,147
473,414,321,149
466,431,329,146
458,436,343,148
453,441,346,149
445,448,353,147
429,455,360,146
412,463,370,146
397,470,375,147
382,464,380,147
363,454,382,146
341,449,385,146
314,452,390,155
284,458,394,164
265,465,394,166
256,466,384,178
259,471,377,177
270,468,364,186
284,468,355,186
303,467,333,188
326,468,317,186
353,479,290,174
388,472,256,169
416,460,234,167
442,450,216,160
466,430,204,165
486,418,182,163
505,410,178,154
528,394,177,148
557,382,173,142
587,376,166,134
611,365,162,132
626,364,167,118
643,355,173,116
663,359,177,100
683,343,179,97
703,327,183,96
721,310,186,91
732,293,191,91
737,281,199,86
738,274,202,78
728,268,209,73
709,259,224,80
688,264,229,73
643,267,255,65
616,265,257,57
587,262,257,54
542,257,273,53
520,256,266,52
499,260,260,47
484,262,256,45
472,265,255,47
461,270,254,48
454,271,257,47
452,273,264,47
455,275,269,51
459,277,272,52
463,278,272,56
468,278,273,58
469,275,277,58
472,268,275,57
473,267,288,56
480,268,290,55
488,270,295,60
502,271,297,61
520,275,303,64
538,288,306,64
553,296,312,62
563,305,315,60
575,303,320,63
587,299,323,67
602,290,325,67
619,280,329,68
639,268,333,70
658,255,337,72
668,245,342,73
672,241,342,74
678,240,340,73
686,240,341,75
697,240,339,82
709,247,336,81
721,255,332,85
734,259,332,85
748,263,330,85
760,264,327,84
780,263,326,83
801,261,326,83
824,261,327,82
846,261,327,82
871,261,331,78
889,259,336,76
903,253,336,76
909,250,334,75
912,244,332,70
909,246,332,64
909,245,330,63
911,245,330,62
912,249,329,62
906,250,328,62
894,251,323,61
882,248,322,59
876,247,321,58
869,245,320,57
861,243,318,59
852,242,317,58
841,240,316,60
832,239,315,59
826,238,313,60
820,237,311,59
814,234,310,61
804,229,315,61
800,227,313,60
792,225,317,62
785,224,316,61
776,223,322,64
769,222,324,66
764,223,325,65
757,222,327,67
756,217,331,71
753,203,333,74
752,189,337,76
749,177,344,80
753,172,346,81
753,175,347,88
741,181,360,92
732,188,364,92
724,193,369,92
719,199,372,92
716,203,376,94
712,201,378,96
709,196,383,102
695,193,404,105
697,188,404,110
697,180,407,119
688,180,417,121
681,181,419,120
678,182,422,128
664,184,437,134
652,178,438,142
641,174,441,145
632,166,452,149
631,157,451,148
616,146,473,163
612,132,484,167
605,125,511,169
610,110,530,169
606,98,565,168
595,77,597,170
555,56,639,183
487,42,707,194
420,33,778,197
364,30,852,204
334,34,883,245
323,60,861,281
352,93,780,281
352,109,741,285
354,108,731,283
349,112,742,265
312,121,793,233
297,116,830,202
309,115,830,177
337,109,813,176
359,94,786,194
383,99,751,189
387,108,730,185
394,117,697,181
410,124,668,175
416,129,655,168
425,132,638,164
430,139,625,154
441,142,606,144
449,144,600,136
471,136,579,127
481,123,576,126
486,114,572,122
490,113,562,119
500,116,552,118
510,122,546,116
520,126,539,115
521,133,535,114
528,145,516,101
521,156,513,103
527,169,494,102
531,176,491,101
541,183,480,97
553,186,469,95
567,188,452,94
575,189,443,89
580,182,432,88
582,175,420,85
579,175,415,76
584,173,403,75
584,170,394,69
583,167,387,68
582,164,383,68
580,159,367,71
577,154,362,73
577,150,353,74
579,146,344,74
580,141,334,73
580,137,329,72
583,134,322,72
582,131,315,71
580,129,304,70
577,132,296,70
571,133,293,66
573,140,283,62
571,144,279,62
572,148,272,57
575,150,262,55
574,152,259,55
576,160,249,46
573,166,246,44
572,170,239,43
570,174,235,43
568,177,230,42
563,179,229,42
559,179,220,43
553,179,215,44
543,183,212,39
529,184,212,39
510,187,212,39
491,191,203,38
475,198,195,40
460,202,186,37
456,203,172,42
455,205,153,42
456,212,139,43
457,218,132,42
455,221,135,43
457,222,137,43
456,222,144,43
445,226,158,38
431,224,176,38
414,219,188,40
406,216,196,40
410,215,199,42
416,214,199,41
422,213,199,41
430,213,203,45
438,214,201,47
441,215,202,49
446,217,203,53
453,217,204,54
461,216,207,54
470,215,211,58
479,218,216,58
485,218,221,61
487,219,226,61
488,218,230,60
490,215,234,58
490,212,242,57
492,218,245,58
493,221,250,58
493,221,262,61
492,221,262,61
493,227,261,64
489,236,266,61
487,237,271,61
490,238,274,64
497,241,275,62
503,242,273,62
506,247,273,57
511,250,269,58
514,253,271,58
516,254,273,58
521,254,273,62
524,254,272,61
523,252,268,60
517,250,264,62
510,251,263,64
507,252,262,65
503,253,264,67
499,258,265,65
497,259,264,66
492,260,266,69
489,267,266,67
485,269,267,67
483,264,267,67
484,256,268,72
486,252,270,74
489,250,273,77
488,247,278,79
488,248,280,79
489,254,280,84
489,263,288,83
496,270,292,92
501,273,297,92
509,272,303,97
516,288,295,85
530,292,305,88
539,298,319,96
553,305,328,98
566,309,344,109
573,313,355,110
576,311,385,127
586,317,397,132
587,316,428,140
583,296,476,167
576,293,518,173
551,303,590,171
509,312,677,162
466,309,740,159
427,303,767,158
412,297,744,167
411,289,677,175
373,284,657,177
350,300,638,168
345,311,632,167
320,306,653,185
264,302,702,173
243,287,704,164
227,280,705,177
220,272,701,179
221,267,675,178
226,258,660,172
231,256,637,156
239,251,619,154
243,247,603,149
248,242,588,144
250,238,567,139
255,235,555,134
260,234,546,125
264,228,533,126
265,224,524,127
265,221,514,127
265,221,506,126
272,219,500,125
282,222,497,124
282,233,491,130
280,245,491,130
279,245,491,134
275,232,488,137
267,219,488,139
256,218,493,140
249,222,493,140
237,224,496,140
230,228,496,140
213,227,513,142
213,227,514,141
209,224,520,141
209,225,522,147
210,228,526,148
213,229,536,148
214,229,537,158
206,231,555,156
204,232,567,156
199,230,573,169
192,227,591,169
183,222,602,169
178,215,613,181
170,210,631,181
165,204,653,181
169,200,668,181
160,193,687,181
150,191,710,181
140,195,733,196
148,205,746,198
172,212,762,197
194,226,782,185
204,233,805,177
209,233,820,176
212,240,838,172
218,233,841,197
228,214,814,221
254,216,742,213
281,203,618,229
297,192,476,229
334,194,327,213
367,188,240,202
368,200,239,182
389,236,239,137
400,219,276,155
398,217,309,150
384,216,356,145
373,233,393,122
375,239,411,111
386,235,463,114
399,246,471,104
401,253,471,103
396,265,472,96
392,266,473,95
384,268,475,92
382,268,473,90
378,261,466,88
376,252,466,90
373,247,467,93
366,244,466,94
361,242,467,94
361,241,465,95
367,241,463,95
370,238,464,107
363,239,466,107
350,240,470,114
338,242,473,122
329,243,484,141
329,247,491,140
315,252,512,140
305,265,524,136
293,266,544,150
301,269,552,155
302,272,567,166
313,269,582,166
314,263,610,180
320,257,628,181
324,252,654,193
325,244,679,202
320,238,712,204
321,232,729,215
316,221,765,216
323,208,769,217
316,197,805,227
309,189,843,237
307,184,865,240
307,184,894,248
296,186,921,249
281,193,949,252
263,207,973,261
249,217,1010,262
227,221,1041,277
207,222,1069,284
168,223,1111,286
133,231,1132,270
103,247,1137,245
85,225,1100,259
88,190,1027,312
142,154,855,345
218,170,624,305
274,146,410,289
235,132,333,263
173,120,428,236
141,81,519,257
138,105,564,212
169,97,578,197
209,97,602,185
249,103,623,178
288,110,621,175
326,96,656,209
363,104,662,219
386,147,691,186
394,135,746,202
392,139,790,203
365,161,837,177
334,163,855,178
303,161,867,187
286,149,837,204
291,135,770,211
316,128,671,208
343,116,562,200
384,101,426,198
453,105,275,168
487,101,202,157
476,116,251,132
458,113,345,124
474,108,388,112
485,110,417,98
505,106,463,100
536,117,457,100
551,127,458,100
558,138,457,100
549,145,457,99
533,160,447,95
511,163,443,94
491,161,441,93
477,159,437,90
473,167,406,83
477,159,361,94
499,153,273,88
515,131,176,99
506,134,132,81
457,122,199,86
424,104,265,91
418,119,276,77
431,122,289,75
446,127,290,71
462,135,289,70
473,145,275,71
484,153,269,70
488,157,262,70
492,159,257,71
499,165,252,70
502,160,262,83
505,161,256,81
512,156,251,84
518,166,244,73
527,162,247,75
532,155,251,74
536,147,257,74
529,119,271,105
496,118,311,113
463,113,353,127
437,114,374,139
417,104,357,159
421,99,282,168
448,85,173,177
433,95,149,167
337,126,286,131
301,160,343,115
305,208,346,84
312,231,331,66
329,229,286,74
335,223,230,78
354,226,168,63
376,224,113,59
369,216,101,45
356,164,132,77
345,150,171,75
342,143,193,76
342,146,208,72
351,146,212,69
353,145,214,71
359,143,222,69
363,151,227,67
359,158,243,65
366,167,242,62
373,171,243,62
377,172,243,61
376,173,247,61
380,182,247,59
382,184,250,58
385,184,249,57
387,185,250,56
389,185,248,59
392,190,247,58
395,197,246,59
398,196,244,58
400,193,243,58
402,197,239,57
403,204,237,56
405,207,236,55
413,214,230,50
418,219,228,49
424,223,224,51
433,222,218,52
440,223,216,52
448,223,214,51
453,223,214,50
460,225,208,52
463,226,207,52
469,226,206,51
476,225,202,51
475,219,202,53
479,215,199,52
486,216,197,49
485,216,198,48
485,216,197,47
487,216,190,46
498,224,174,44
500,233,173,51
497,241,171,50
499,243,170,49
508,250,157,48
498,257,170,48
507,256,161,46
522,248,151,46
535,238,155,48
535,238,162,49
538,243,156,50
530,249,158,51
535,262,150,51
539,274,139,50
543,279,161,53
550,281,161,53
554,279,148,52
564,283,147,49
571,284,142,49
569,272,149,63
567,272,152,52
571,268,148,53
572,268,149,54
576,268,149,56
579,271,154,55
584,279,149,56
580,286,148,57
578,287,147,54
586,290,148,53
605,299,142,53
600,318,137,57
590,333,137,58
592,333,137,59
589,328,151,58
598,328,149,55
601,327,149,53
623,329,125,44
637,318,128,43
649,308,126,46
647,298,133,43
648,290,132,42
649,289,134,43
655,297,134,40
662,301,133,41
671,300,131,42
687,292,127,42
708,285,126,41
727,280,128,43
740,274,128,43
750,266,124,51
753,261,123,50
757,260,119,54
760,260,119,55
767,261,119,55
782,262,114,54
790,270,113,53
798,280,109,58
806,286,110,61
810,288,109,60
804,288,109,59
799,286,108,58
801,290,98,52
803,305,98,52
806,318,94,51
805,327,92,51
800,331,92,51
790,331,91,52
777,331,88,52
760,347,84,38
744,346,84,38
728,345,85,39
712,344,85,39
687,344,95,44
681,351,86,43
667,365,87,46
655,383,90,47
645,402,92,47
639,416,93,49
633,421,92,48
627,423,92,46
621,414,92,46
614,404,92,46
601,394,94,45
589,384,94,45
581,375,95,45
580,370,95,45
579,367,94,47
581,365,95,46
587,365,95,46
598,365,94,45
610,363,99,44
623,362,98,44
625,361,98,44
616,323,137,83
604,311,182,96
587,303,214,99
574,295,237,103
555,293,253,108
537,294,263,108
520,278,287,126
511,293,277,112
508,323,246,83
503,325,219,81
510,321,189,81
514,313,175,83
513,308,162,82
500,302,171,83
482,301,174,81
460,300,182,79
434,300,191,80
413,302,194,78
399,299,198,86
385,300,201,82
368,302,204,81
356,303,203,82
351,303,203,84
350,302,202,84
349,303,189,81
352,302,184,83
353,304,179,84
354,308,175,85
356,311,176,85
360,315,176,87
365,322,177,84
369,324,176,83
368,324,178,87
365,325,178,88
363,327,179,90
363,334,179,90
369,342,179,92
382,349,179,92
400,353,179,96
424,351,179,98
447,344,180,97
466,334,180,97
487,329,180,96
505,324,177,94
521,323,187,100
538,323,192,101
560,324,192,101
583,323,198,107
599,320,204,112
615,315,203,117
630,315,204,117
644,316,204,117
660,324,211,123
672,336,224,125
684,347,233,127
689,354,247,137
672,361,273,137
653,353,294,156
628,358,313,157
602,361,330,169
586,367,342,171
559,374,369,177
535,380,388,177
510,381,407,183
480,382,429,183
450,374,452,191
413,366,483,191
368,354,517,201
325,349,542,202
282,348,577,204
231,348,614,202
175,351,649,195
138,347,688,194
111,343,690,194
82,333,726,183
68,321,725,182
68,305,719,164
77,286,704,151
88,271,681,145
96,260,654,139
104,255,630,130
119,253,602,115
136,244,575,110
159,237,551,104
181,230,528,102
209,228,510,95
250,230,478,90
284,230,459,86
320,230,439,80
362,226,422,76
411,222,402,72
455,217,385,71
504,212,364,72
547,206,353,69
595,197,332,70
639,184,325,68
673,171,321,70
697,162,319,70
707,158,317,69
703,159,304,68
687,164,300,69
666,168,285,69
636,169,258,67
607,170,257,65
584,172,236,61
568,173,222,68
561,177,218,63
567,177,214,62
570,177,215,59
565,178,228,59
554,183,239,60
555,192,239,61
541,195,253,61
531,195,255,62
513,198,260,62
489,205,266,58
470,209,272,59
465,215,268,59
465,216,273,62
469,216,274,61
472,216,279,66
477,223,283,63
482,222,287,67
486,220,292,70
486,220,300,76
482,221,312,75
480,225,321,78
477,228,328,83
472,231,336,85
466,234,341,87
458,245,353,80
455,247,356,80
448,249,360,80
447,251,367,86
450,252,369,85
453,254,373,84
457,257,369,87
452,261,383,84
451,262,383,83
450,262,381,86
449,267,380,85
450,267,379,84
448,273,379,79
447,273,376,78
451,272,372,77
455,272,367,76
455,272,366,75
454,270,363,79
453,271,362,80
451,272,361,80
443,278,361,80
431,283,362,80
425,285,361,81
417,287,366,81
423,288,366,81
432,290,369,81
441,292,372,81
450,295,375,82
459,289,377,84
467,284,379,84
473,284,380,84
486,283,393,87
493,282,398,92
500,284,409,90
509,286,417,90
519,291,428,90
527,295,439,90
533,296,446,98
536,298,457,100
534,297,472,100
534,297,482,102
529,296,497,105
527,294,504,109
524,292,516,111
520,290,527,114
514,290,543,116
508,292,563,115
502,291,580,115
495,293,593,116
476,292,611,119
455,293,637,127
437,298,653,134
416,305,673,134
395,310,689,147
374,318,706,148
355,322,722,160
329,326,732,169
310,328,733,180
302,330,716,196
318,333,644,206
325,320,501,232
342,316,320,195
279,358,302,124
223,278,322,184
217,261,352,176
244,245,375,174
304,235,350,175
378,231,298,185
489,233,230,180
536,250,268,164
544,226,324,166
556,235,365,155
562,245,379,148
557,251,396,146
539,252,412,138
526,254,424,135
533,254,410,130
542,253,406,126
544,253,402,124
535,260,407,123
523,266,419,122
530,274,399,117
521,277,400,117
513,277,399,117
506,280,398,116
502,282,397,115
501,290,396,104
498,290,410,105
505,290,411,102
523,286,405,97
531,275,400,97
536,266,394,96
542,267,388,95
543,275,382,94
544,277,378,93
546,266,378,88
548,260,375,86
547,260,373,85
544,261,367,84
537,260,367,84
533,255,360,83
526,248,358,82
519,242,356,81
513,244,354,80
507,249,354,81
502,257,353,82
496,264,352,81
492,272,352,81
491,274,351,80
489,276,342,81
482,275,326,84
473,275,302,85
454,279,261,87
446,290,202,89
441,296,124,93
397,294,159,95
354,298,210,91
334,304,254,92
331,309,275,83
342,311,290,81
364,311,295,77
386,299,329,84
408,296,332,85
436,294,334,86
460,293,334,87
483,295,332,82
501,296,328,79
501,300,329,77
493,301,336,77
484,301,343,79
480,298,345,79
472,295,354,80
468,298,358,76
460,299,368,76
456,299,381,80
456,300,392,83
455,302,407,85
452,300,424,87
447,300,437,89
439,302,449,92
432,307,465,91
426,305,479,95
422,303,494,98
418,304,514,105
417,309,532,109
416,312,554,121
417,314,574,126
418,317,600,142
418,321,624,150
418,322,651,165
419,327,677,173
417,335,710,179
420,340,736,187
414,340,761,190
409,340,789,203
403,329,813,220
396,325,844,236
388,326,876,248
387,328,893,264
390,330,890,281
390,322,890,292
386,316,894,309
384,311,896,327
381,313,899,342
366,313,914,357
337,319,941,374
299,319,981,397
258,308,1019,412
217,292,1063,428
204,270,1076,450
208,250,1072,470
249,261,899,456
300,253,719,454
361,248,508,399
365,285,386,302
323,236,412,298
300,238,516,284
305,205,578,300
335,223,636,272
386,240,697,233
446,255,739,204
511,264,769,175
562,274,714,156
599,275,681,149
609,268,671,149
607,261,673,149
589,243,690,153
559,236,721,152
521,236,758,155
487,229,790,159
448,235,787,168
414,244,759,167
385,256,756,165
352,258,754,177
327,257,753,191
309,261,762,192
297,262,782,191
294,252,784,186
310,235,740,174
354,216,593,161
403,193,350,149
358,114,292,179
285,68,413,202
258,57,513,214
290,57,561,230
332,78,535,220
389,110,464,187
462,152,348,140
516,156,230,129
550,179,143,101
526,185,188,92
504,176,241,93
486,173,289,91
478,185,310,81
479,182,346,91
471,191,354,88
463,197,355,87
457,204,350,86
451,215,348,83
441,222,346,81
433,222,340,81
429,216,337,80
430,209,333,79
433,202,329,78
432,198,328,77
429,199,325,76
431,208,317,73
437,213,312,70
444,219,311,68
453,221,305,68
460,223,303,68
467,226,299,67
475,230,293,67
482,232,291,67
491,232,288,67
502,231,286,67
517,233,281,61
531,233,275,60
541,234,273,58
546,234,274,56
554,235,273,54
561,235,267,53
568,234,265,52
577,233,263,51
585,234,257,51
593,233,255,50
603,233,253,52
614,236,247,53
619,236,246,52
625,236,244,51
630,236,239,53
632,238,234,53
628,238,234,53
623,239,230,54
617,244,225,53
608,248,223,52
601,252,221,51
592,258,221,54
589,265,217,53
590,269,217,54
596,270,215,53
609,274,214,51
621,271,214,51
627,266,211,50
632,260,213,52
639,257,212,54
641,255,213,57
638,255,213,57
632,258,215,57
632,268,212,57
635,277,212,58
638,284,214,58
641,286,216,57
645,288,218,54
648,283,220,54
649,277,220,54
652,278,221,52
656,276,221,51
659,273,221,50
664,271,221,51
670,271,220,50
673,272,220,50
670,272,221,49
669,273,220,50
665,273,219,50
661,271,218,53
656,270,217,55
651,268,216,53
648,260,214,53
642,254,211,52
636,252,213,53
625,252,209,54
610,255,211,54
601,256,206,54
593,256,205,53
587,255,208,55
576,256,213,57
572,256,213,58
572,256,212,57
569,256,209,57
558,258,212,56
550,260,213,55
544,260,215,55
539,260,216,56
534,261,215,56
530,261,215,58
526,261,215,60
522,261,215,62
518,259,217,64
510,262,217,65
503,265,217,65
498,268,217,65
496,270,216,64
491,272,221,68
489,272,224,70
485,272,227,74
482,272,231,74
480,272,234,77
478,275,238,78
475,276,241,79
481,277,244,82
490,280,248,82
498,285,252,84
506,290,256,86
510,290,263,89
510,290,272,92
512,290,278,94
517,292,287,94
518,295,295,92
521,296,302,96
521,296,309,100
521,291,316,101
520,284,321,100
515,282,328,99
507,278,335,98
494,273,342,97
485,270,345,97
473,268,350,97
463,266,351,97
450,272,351,91
432,274,357,86
418,274,355,86
407,273,356,86
399,268,357,87
396,265,355,90
396,266,352,91
401,265,352,91
406,263,353,91
407,257,353,91
403,256,356,92
398,254,358,92
399,254,363,91
408,254,363,92
410,254,367,92
416,254,369,92
424,255,371,91
437,255,371,94
445,252,381,96
450,250,382,98
449,250,382,105
444,251,395,106
443,252,402,103
445,244,407,103
444,236,415,101
442,232,424,101
438,238,431,104
434,247,440,98
437,251,446,96
440,254,450,97
438,255,451,93
430,259,463,90
428,255,473,91
431,254,474,91
440,257,476,89
439,256,476,91
442,254,476,89
475,255,460,84
476,233,474,95
482,233,472,95
496,232,469,97
520,229,469,97
545,229,464,96
564,233,460,94
570,240,459,91
571,244,458,90
573,255,457,91
582,266,455,91
584,278,454,94
584,286,451,95
585,286,450,99
583,283,452,102
580,281,453,103
578,277,458,103
589,267,461,103
600,258,468,103
607,257,469,103
606,256,487,113
610,258,496,113
615,261,503,117
622,267,509,117
626,275,525,116
640,281,531,114
655,277,537,114
664,278,553,117
647,320,554,117
626,379,555,122
611,385,554,129
610,381,560,130
612,388,564,136
619,405,563,142
623,424,563,148
621,441,563,153
612,455,562,156
604,457,559,169
593,462,555,169
587,460,551,179
583,461,550,178
591,460,537,179
626,459,491,177
628,450,493,176
630,440,481,176
619,431,472,177
608,424,457,176
592,419,437,172
569,413,428,169
552,409,409,169
534,402,385,170
512,395,359,170
484,393,343,169
458,397,319,171
431,405,276,170
405,408,262,167
383,407,236,163
359,395,210,162
335,423,198,110
292,427,186,82
270,351,213,136
259,335,242,131
218,326,314,126
230,319,339,115
251,315,351,108
277,304,395,110
322,307,384,99
368,315,362,78
419,313,332,88
483,316,272,84
497,317,231,90
501,318,189,90
499,323,151,85
496,357,136,51
482,349,138,55
477,333,130,55
468,290,128,90
459,286,134,86
449,286,137,86
437,283,140,86
425,279,144,83
415,276,143,81
403,276,141,79
391,270,138,81
376,267,142,77
360,265,144,75
351,266,144,72
341,272,143,71
332,274,146,71
333,275,143,72
329,270,141,72
322,269,140,69
317,270,141,71
309,274,142,70
299,278,141,70
290,281,148,70
289,287,149,66
278,286,159,65
272,287,161,68
266,293,162,67
263,300,161,66
261,299,161,65
259,295,162,65
258,295,162,65
256,296,162,65
255,295,161,64
256,292,160,63
258,291,158,62
260,290,159,64
263,287,163,62
268,284,163,63
273,283,170,62
276,280,167,59
281,278,167,59
287,278,164,61
292,277,161,58
297,275,157,56
302,274,163,56
306,274,163,54
324,259,156,70
319,271,151,57
325,271,147,54
332,271,149,55
344,268,152,57
358,270,152,57
367,275,160,57
369,276,167,57
384,277,166,56
401,276,163,55
418,274,157,56
419,272,157,58
419,277,153,58
419,278,152,57
420,278,152,58
427,284,146,57
432,294,143,56
436,300,142,56
444,303,138,52
459,302,134,49
481,305,129,51
504,309,126,51
526,314,123,52
545,320,117,52
564,327,107,50
576,327,105,54
591,324,93,56
599,331,87,48
600,343,86,44
603,350,80,45
609,351,77,42
622,346,71,41
637,343,62,40
644,348,62,39
651,354,63,38
653,352,63,40
653,340,69,40
644,325,87,40
668,315,70,40
674,308,72,35
675,299,70,37
673,291,66,38
674,283,65,37
680,273,55,36
616,264,119,35
606,257,123,37
571,256,150,39
545,256,169,43
527,260,176,39
520,263,181,37
520,263,183,38
522,263,182,38
513,264,181,37
500,264,177,36
497,263,173,35
507,260,164,35
519,258,156,35
523,256,153,34
522,247,153,36
523,233,152,36
527,220,151,35
533,217,153,35
538,225,153,38
540,238,157,33
551,243,160,37
569,236,156,38
583,222,159,40
595,217,161,40
608,222,160,41
622,227,157,42
639,226,156,44
657,218,154,45
673,207,153,44
686,199,153,44
697,200,159,45
712,207,160,46
722,213,164,48
730,217,167,50
736,227,169,50
738,240,171,52
731,252,174,51
717,257,180,51
704,260,185,52
698,264,188,54
690,266,193,52
672,266,197,54
653,266,199,56
636,266,204,58
622,267,207,59
608,271,209,60
589,271,208,59
568,272,209,61
550,268,204,61
533,268,203,63
518,269,198,64
504,271,194,64
490,268,190,66
478,266,184,68
461,266,174,69
440,279,163,56
415,279,153,57
387,274,148,56
369,273,127,57
350,277,123,56
335,280,114,58
319,292,107,47
303,294,100,49
282,290,94,49
259,285,93,48
234,286,96,48
212,287,100,48
190,273,107,67
174,276,111,65
159,282,119,62
146,281,123,62
134,277,127,62
123,283,135,59
115,284,138,58
109,285,140,59
106,283,142,59
103,280,144,59
103,279,147,59
104,278,150,59
109,278,150,59
107,278,163,59
118,281,165,57
131,281,164,56
143,280,164,56
155,278,164,56
170,278,166,55
184,277,167,55
202,275,165,56
221,273,165,54
243,269,163,52
262,264,164,51
279,255,165,52
299,248,162,53
319,245,162,53
339,249,162,52
354,254,164,53
370,257,161,54
383,261,158,55
391,265,160,54
404,267,158,55
424,269,155,54
445,271,151,53
465,275,147,53
485,276,143,52
506,272,141,54
532,267,137,51
562,261,126,53
585,255,122,54
607,251,119,53
631,247,113,54
656,246,98,52
671,248,94,51
685,255,86,43
690,254,80,43
692,253,73,43
694,252,73,43
699,252,73,42
702,255,75,41
702,246,75,41
698,230,80,41
672,221,99,41
663,222,100,40
662,221,101,43
660,221,103,43
657,222,103,42
649,223,109,43
644,221,109,42
639,218,110,41
635,216,113,41
626,215,115,41
611,214,120,41
597,213,120,37
580,213,126,38
569,213,130,38
553,213,130,38
534,214,126,35
510,210,129,35
480,220,156,30
470,221,189,30
494,226,163,26
498,224,161,29
448,205,181,47
458,211,147,48
486,220,92,40
497,229,73,39
490,239,100,45
494,239,110,45
493,240,131,35
492,252,150,27
488,255,171,34
484,253,182,33
473,247,202,35
467,248,173,37
458,251,186,38
450,248,183,37
442,246,179,45
447,249,166,44
459,252,150,46
481,255,122,47
494,261,115,43
514,269,93,37
527,271,94,38
543,272,92,38
561,276,89,38
579,277,87,38
594,283,86,33
609,279,81,32
625,269,74,36
636,266,70,38
639,268,71,38
639,270,76,37
625,267,93,39
623,266,96,39
620,266,97,39
614,266,99,39
607,266,98,38
599,266,100,39
586,268,106,38
583,269,104,36
582,271,106,36
591,263,103,35
604,260,101,36
610,264,102,36
612,272,103,38
616,280,102,38
631,279,104,40
653,264,104,40
672,251,106,40
686,254,105,43
691,251,105,58
697,264,107,55
708,271,109,52
721,280,108,52
727,287,107,51
727,285,109,52
727,283,108,51
726,291,109,50
724,293,108,50
718,280,105,54
708,271,103,57
700,275,102,56
693,278,101,55
685,272,100,55
677,266,94,54
664,264,94,51
654,273,94,43
650,268,94,43
636,265,93,41
623,267,88,41
599,271,84,41
578,272,83,40
558,271,84,36
539,271,81,35
517,272,80,34
493,272,82,36
471,274,76,36
450,274,73,36
429,274,75,37
410,278,74,36
389,278,73,35
374,274,68,32
359,264,63,31
344,267,57,33
328,276,63,32
315,279,64,35
302,278,68,35
292,275,69,36
288,271,69,39
286,270,75,39
283,271,78,38
285,273,79,37
295,273,83,39
301,278,80,39
298,284,85,41
292,286,90,41
285,289,104,39
293,288,113,40
306,298,120,37
316,302,131,37
323,301,133,39
333,301,136,37
343,301,137,35
350,298,138,35
353,299,137,34
356,304,136,34
352,306,134,35
349,305,132,36
349,301,127,38
349,302,132,38
349,305,131,38
350,305,130,43
352,294,123,45
352,280,120,42
355,279,115,43
351,291,112,42
342,306,114,44
334,315,111,42
325,315,110,43
313,312,106,45
296,311,108,42
282,307,105,43
269,304,110,40
258,303,114,44
257,305,118,44
259,303,118,44
264,297,121,47
265,290,118,50
262,286,121,49
259,286,121,51
261,287,122,52
264,288,124,50
273,287,121,49
280,283,119,50
289,286,125,52
300,292,124,54
306,286,123,53
308,273,123,55
309,269,122,54
311,279,126,58
321,285,127,53
335,273,127,52
353,260,127,52
373,259,127,53
387,265,127,55
393,270,125,53
394,266,122,52
401,262,122,49
418,259,121,48
436,261,120,47
448,259,119,49
455,255,122,50
464,250,121,49
480,245,122,48
500,246,121,48
527,243,121,49
545,238,116,49
559,235,114,48
572,231,114,48
592,234,100,38
604,224,100,38
614,223,99,37
626,228,97,36
637,232,85,35
639,228,84,34
648,222,82,33
672,228,74,33
687,238,73,32
697,246,66,31
699,253,63,30
705,267,63,30
724,273,59,32
747,278,55,29
763,290,57,31
752,312,56,31
725,315,61,32
710,305,65,31
723,296,67,34
739,291,69,36
737,291,72,38
730,292,72,38
722,297,74,35
715,315,71,33
701,330,67,33
689,334,71,32
686,326,72,33
680,318,76,29
676,321,75,24
659,349,75,23
648,374,80,24
656,377,80,24
663,368,76,27
650,376,76,27
630,395,79,25
621,395,77,24
618,386,77,24
614,374,78,23
605,371,80,23
595,372,80,23
588,360,83,28
577,356,84,29
564,348,84,28
545,337,88,29
511,354,94,18
491,358,109,18
474,341,109,30
472,350,102,28
468,358,111,27
485,343,110,26
506,334,116,27
527,343,81,27
540,347,68,25
562,337,46,10
568,312,57,32
562,320,66,26
548,334,71,30
532,340,77,33
515,354,78,33
484,365,90,31
470,357,90,30
449,341,90,30
437,314,95,31
387,295,144,34
364,324,158,45
379,339,121,30
419,318,117,41
434,310,116,24
422,305,115,23
418,290,114,34
431,279,72,36
448,276,75,30
462,288,79,29
482,300,79,29
501,300,78,28
512,294,82,30
522,285,81,29
532,279,80,28
545,270,75,30
542,258,74,29
541,254,73,28
541,265,72,27
541,281,71,31
535,281,70,30
534,287,65,31
533,296,63,33
530,288,62,32
526,276,61,31
518,277,59,33
516,284,61,32
524,288,62,32
538,285,61,34
546,278,61,34
545,278,61,34
536,298,64,31
531,313,67,31
537,311,69,29
542,294,75,30
545,286,78,30
536,286,83,32
528,281,87,31
521,273,88,30
514,272,85,30
507,267,85,35
500,273,84,37
493,280,85,36
488,285,81,38
480,292,80,39
472,297,78,37
461,305,78,39
448,318,78,39
444,325,76,41
437,322,76,41
430,312,76,41
424,309,69,35
413,303,64,35
398,304,63,36
375,314,64,38
368,331,65,34
371,324,63,36
375,310,66,36
362,307,75,36
348,318,76,39
337,335,76,39
365,347,66,39
391,346,79,36
410,333,89,36
409,339,95,36
406,349,110,36
414,342,121,42
429,341,138,40
444,341,140,37
457,334,153,42
467,333,158,41
487,328,165,47
499,321,165,47
513,321,169,47
525,328,168,46
534,334,172,42
543,329,178,42
552,325,175,43
550,332,174,42
551,343,161,49
552,343,151,45
554,333,145,47
555,334,143,49
559,341,140,46
560,338,140,46
553,339,149,46
547,348,149,46
537,348,152,47
528,340,153,47
522,335,154,52
533,345,137,53
529,356,143,53
522,357,142,58
515,353,142,55
491,346,155,51
481,347,154,52
472,351,155,52
470,346,155,51
468,338,154,52
467,338,149,55
469,343,146,54
479,344,141,53
492,342,134,53
508,338,126,50
521,333,112,50
540,333,94,55
548,342,88,56
562,348,82,59
574,359,74,52
579,352,70,51
575,351,70,51
572,359,70,51
570,380,67,43
568,392,64,38
562,400,64,36
554,399,65,35
547,398,63,37
537,404,66,38
529,414,64,38
519,422,65,40
508,426,65,40
498,426,63,38
490,416,65,38
484,404,65,38
479,395,70,42
468,389,68,43
452,391,70,42
424,388,86,43
416,384,88,44
406,383,93,42
396,380,93,42
384,375,98,45
377,367,98,43
368,357,102,43
366,347,103,41
367,336,105,46
368,330,103,46
366,326,106,45
360,321,114,44
356,318,116,49
358,324,116,46
359,337,113,47
361,345,115,49
360,342,125,48
366,339,124,46
370,337,126,46
374,342,128,46
380,352,129,45
388,356,128,45
394,358,130,44
394,360,134,44
394,359,135,47
394,353,140,51
399,344,138,53
405,339,141,54
411,334,140,53
421,331,138,54
431,324,137,53
439,319,134,52
456,315,125,53
471,310,119,53
485,306,113,52
501,301,102,58
505,297,101,57
512,293,94,56
517,290,91,55
529,286,87,53
542,297,80,36
558,293,72,33
568,290,67,33
575,285,60,34
579,281,57,33
578,277,58,32
567,273,66,34
553,269,79,36
540,265,93,36
529,266,103,35
497,262,140,51
486,263,154,55
481,265,160,46
478,266,162,46
477,268,166,50
482,272,165,52
486,275,165,55
484,276,165,55
480,276,165,55
478,276,165,55
479,277,164,54
483,278,164,54
486,278,161,54
495,279,160,53
506,280,160,52
512,276,160,52
516,268,160,52
520,263,160,54
522,265,157,52
522,264,154,51
522,265,152,50
532,279,136,46
539,288,135,46
543,281,136,45
544,272,138,45
543,269,140,47
538,275,140,47
535,283,148,44
534,285,152,44
535,287,157,45
538,293,163,43
539,297,167,43
540,292,169,43
542,286,169,44
546,287,173,42
549,287,173,42
547,286,173,44
552,279,168,46
556,274,163,45
557,272,158,49
549,269,156,50
541,266,147,49
532,261,135,49
531,256,112,48
529,262,102,48
529,273,70,49
504,288,111,51
477,298,155,53
464,299,186,52
463,295,202,50
477,290,244,56
498,288,244,56
523,283,227,53
542,278,196,46
555,274,160,45
546,270,144,46
537,263,130,59
520,252,123,58
513,252,118,54
506,259,113,53
505,263,103,54
498,265,96,56
487,265,90,58
469,277,95,48
443,271,113,53
416,265,147,63
399,261,177,64
395,257,205,64
407,253,224,64
425,247,257,64
449,240,265,61
477,239,256,56
497,240,245,54
532,242,209,54
562,240,160,55
578,250,138,51
588,250,119,50
585,251,119,49
583,249,115,49
575,247,115,49
565,247,114,48
555,248,113,47
547,257,111,47
537,257,112,45
532,255,108,45
530,255,107,44
527,255,106,43
519,257,108,47
513,255,108,49
506,255,110,49
505,240,115,65
505,241,123,68
498,240,131,70
497,239,138,71
499,239,144,71
499,237,146,71
502,236,151,71
511,244,150,72
517,252,153,71
520,260,154,72
522,262,155,72
524,263,157,73
533,266,158,73
546,267,160,74
560,270,159,77
574,273,159,75
585,276,163,76
597,284,162,75
611,291,163,74
610,302,177,72
617,307,176,71
623,308,177,73
631,306,177,72
648,304,174,71
664,305,173,72
684,313,169,69
699,319,166,67
716,321,158,68
736,317,150,69
761,314,140,68
782,312,135,65
803,307,125,64
819,301,114,69
838,308,106,71
856,318,100,70
873,329,88,61
889,340,90,49
901,333,94,48
903,324,102,48
902,313,111,48
905,300,114,48
907,289,118,48
911,280,121,45
912,276,124,47
914,273,128,46
919,266,129,45
927,256,130,45
930,255,130,43
924,251,129,42
915,243,128,40
901,236,127,39
886,232,126,38
870,231,128,39
858,237,130,39
850,247,128,41
842,255,127,38
832,258,127,38
806,261,144,40
792,262,146,40
779,262,156,44
764,262,158,46
744,267,163,46
725,280,167,38
712,285,166,36
693,286,166,36
668,287,170,37
649,288,172,38
634,296,172,38
614,309,173,40
594,322,172,38
569,332,170,39
544,333,170,44
528,332,165,43
519,341,145,45
508,345,130,44
500,350,118,45
495,348,109,44
496,338,97,46
502,334,87,46
514,337,76,45
533,346,62,45
543,350,61,44
551,355,69,41
547,358,83,41
547,360,89,36
543,354,107,39
534,349,134,46
513,344,172,43
490,340,203,50
473,340,212,50
459,340,205,50
453,341,180,53
457,348,151,50
475,349,125,51
519,368,72,37
535,363,76,41
538,359,88,41
544,351,95,43
551,349,95,44
553,352,95,44
555,355,95,44
557,356,103,44
560,357,103,44
560,359,114,44
564,357,115,46
569,355,114,46
571,354,114,46
572,352,118,46
567,344,126,46
569,337,129,46
566,334,134,46
563,327,139,49
560,319,144,49
553,320,151,48
544,326,156,48
536,330,160,48
527,326,165,48
518,322,167,48
509,326,170,49
490,326,181,47
477,306,190,61
472,297,186,63
466,294,187,62
464,294,188,63
466,294,190,62
469,295,188,61
468,295,188,63
468,295,187,62
472,296,189,64
479,305,189,64
490,316,185,72
495,321,178,71
497,321,177,72
496,321,172,71
494,323,167,70
488,328,166,68
478,333,168,68
467,343,163,68
453,351,164,67
438,357,163,66
418,361,160,65
395,364,160,65
373,367,158,74
353,374,137,76
334,384,147,69
325,386,108,62
320,381,96,60
311,379,97,60
303,379,119,58
300,381,140,54
