319,185,119,123
311,186,124,128
302,187,125,128
294,189,128,130
291,191,129,131
288,193,128,130
287,171,137,150
290,166,132,136
304,152,133,143
313,128,132,142
312,121,142,140
321,113,145,143
330,72,144,157
338,79,137,145
341,70,137,145
339,69,133,145
336,69,132,144
338,71,135,142
333,43,134,141
331,36,137,145
328,37,142,149
327,42,141,148
298,50,172,130
331,54,145,145
326,71,145,139
322,86,144,139
314,100,144,138
309,114,151,145
297,128,150,141
279,135,154,144
267,139,159,149
253,141,158,140
243,142,158,140
228,143,162,143
216,145,162,137
204,145,163,140
195,145,163,140
190,146,163,139
197,150,166,136
196,149,168,139
195,148,164,139
195,147,164,140
197,146,161,135
195,145,163,137
194,143,162,134
191,141,162,135
190,140,166,138
190,139,168,141
189,138,168,141
189,137,169,142
188,136,169,142
189,135,168,141
187,134,168,141
185,133,168,141
184,132,168,141
181,130,168,141
178,128,168,141
171,127,171,143
170,128,173,142
169,127,180,142
169,127,180,141
167,127,179,140
164,127,179,140
161,126,179,140
153,126,178,139
145,125,180,140
139,124,179,139
134,125,179,140
129,127,177,139
124,127,180,141
118,127,179,141
111,126,183,140
106,126,182,137
103,125,183,138
101,130,185,138
100,130,184,137
103,130,180,136
101,134,180,135
100,138,179,134
102,143,165,134
102,149,165,132
101,150,165,132
103,150,164,131
103,150,162,118
104,153,162,117
104,153,168,125
105,152,167,124
104,151,167,124
105,150,167,124
104,149,158,123
108,152,157,111
115,152,156,110
118,153,156,108
120,153,157,108
126,152,160,112
134,151,160,112
145,151,160,112
153,149,160,94
155,142,159,93
155,132,163,94
157,122,163,94
185,119,118,93
198,112,114,76
202,104,113,75
203,102,113,75
202,100,115,78
212,98,113,74
217,95,109,75
243,95,92,57
246,94,92,57
246,94,92,54
246,95,92,51
245,96,92,51
241,98,90,49
238,101,90,51
239,114,89,50
237,123,88,49
240,129,83,48
241,134,84,50
242,137,84,49
239,143,83,48
235,148,83,48
229,148,83,48
227,147,85,51
223,146,85,51
213,147,91,57
207,147,95,62
203,147,95,62
200,148,95,62
199,148,95,62
197,148,103,66
198,149,107,70
196,150,106,67
193,149,105,61
192,148,106,64
190,147,105,63
182,146,110,68
159,144,137,66
150,143,140,61
149,141,141,60
149,139,144,61
151,139,143,60
154,137,142,57
159,136,143,58
166,134,142,59
177,131,143,60
190,125,145,66
208,124,140,65
228,121,145,62
245,120,147,63
255,120,146,62
257,120,172,63
265,118,174,65
270,118,175,67
227,120,213,63
212,114,215,66
196,112,216,67
181,114,220,68
189,114,210,67
191,114,207,66
166,118,231,63
152,117,232,64
131,113,233,65
107,113,226,56
98,116,225,51
102,116,224,50
114,114,229,51
107,114,228,50
95,113,232,54
88,114,231,51
83,114,232,52
78,114,232,54
49,116,252,53
32,117,252,51
2,115,250,51
12,115,256,51
1,119,234,55
1,121,235,55
1,120,234,54
1,120,215,61
1,127,199,60
1,127,192,66
1,126,188,66
1,128,176,64
1,127,176,65
1,126,166,64
1,129,175,67
3,137,178,65
1,147,191,68
1,149,229,75
75,154,233,75
157,156,225,72
221,156,229,73
249,161,196,69
223,161,238,67
217,161,250,66
208,162,254,69
176,167,250,69
141,165,252,68
133,159,252,68
155,150,255,67
230,137,211,67
273,120,209,70
306,109,205,65
304,99,203,67
289,93,188,68
268,101,165,64
245,108,173,66
189,108,218,75
221,114,223,76
266,120,225,79
309,122,223,78
364,121,213,77
423,124,185,72
462,126,146,71
491,131,117,70
511,136,97,72
526,141,82,71
531,146,77,67
532,148,76,71
524,147,84,70
518,150,90,70
512,153,96,70
504,157,104,70
492,160,116,69
541,178,67,54
518,179,90,58
502,183,106,57
490,193,105,53
484,199,105,53
474,205,104,53
464,211,100,52
451,211,101,53
436,211,94,53
423,207,94,54
411,198,95,59
405,188,91,62
400,177,90,61
397,170,91,61
397,163,92,63
397,159,92,62
401,159,92,63
403,161,91,64
405,164,93,66
406,166,92,65
390,159,92,72
385,160,96,75
383,159,96,75
381,159,98,78
378,159,98,78
377,158,99,79
377,158,100,82
373,157,100,83
372,157,99,84
362,156,99,84
347,155,101,86
330,154,101,86
323,151,101,87
319,142,101,87
258,102,184,135
262,66,180,158
255,68,178,157
252,68,178,157
248,69,177,156
247,66,177,156
248,57,179,159
245,46,186,169
245,44,188,172
238,43,193,176
236,41,196,179
232,40,196,179
229,35,196,179
231,26,195,180
231,20,195,195
226,24,199,196
225,27,198,195
224,37,199,193
222,56,200,192
223,80,202,194
222,102,203,195
228,92,197,214
229,107,198,213
229,123,197,212
227,131,198,212
228,133,198,211
227,133,194,210
226,134,193,207
224,134,196,207
223,133,197,209
214,132,199,209
206,131,199,208
200,132,200,209
192,128,201,211
181,116,205,215
166,114,228,213
160,111,230,215
154,108,231,217
144,101,233,220
118,71,246,238
111,69,250,242
110,69,251,243
109,69,252,244
110,68,251,243
111,68,250,242
106,62,251,243
85,57,252,236
46,53,300,232
54,48,295,232
16,42,304,232
18,35,305,200
6,33,305,199
23,40,304,199
59,49,279,199
98,58,282,199
135,69,291,193
184,75,287,192
226,75,279,191
236,62,281,191
213,45,288,199
233,19,281,213
249,20,280,216
263,22,280,220
266,22,277,221
281,25,276,220
300,33,277,219
315,43,280,223
317,58,280,223
311,66,275,204
292,62,269,210
261,24,274,224
250,13,268,223
257,1,215,200
259,1,209,164
206,1,247,137
205,1,215,101
246,1,163,61
241,1,133,29
218,1,143,35
212,1,153,60
216,1,155,80
226,1,156,96
235,1,157,119
186,1,215,149
186,4,215,189
183,1,214,226
184,32,215,219
190,51,213,219
197,68,215,221
209,81,218,225
220,90,219,228
213,86,217,230
205,69,220,232
196,40,220,232
192,27,217,229
182,11,217,211
161,1,219,211
137,1,232,192
134,1,209,148
143,1,183,135
93,1,231,131
90,1,195,103
90,1,183,127
89,1,187,165
83,8,209,193
97,32,202,206
107,60,204,208
117,82,203,207
121,87,198,201
119,78,198,206
116,57,198,199
120,41,198,199
121,20,198,206
123,1,197,206
129,1,196,196
131,2,192,195
130,4,192,195
132,8,192,195
139,22,192,195
150,42,191,194
163,62,185,191
175,81,183,188
183,105,182,191
191,130,180,184
195,144,178,182
198,158,177,181
199,165,176,180
202,170,175,179
206,174,174,178
219,174,168,177
223,177,167,178
228,178,169,177
232,179,168,176
237,180,168,178
239,181,167,177
241,185,166,175
245,189,165,171
248,192,165,167
246,192,164,166
246,198,163,162
241,176,163,162
228,164,166,170
203,141,176,179
195,112,176,179
176,89,173,177
153,77,190,178
136,50,179,173
103,40,184,159
75,25,203,171
49,1,203,171
35,1,203,171
22,1,202,170
13,1,201,137
9,1,201,137
18,1,189,109
5,1,189,109
1,1,189,109
45,1,144,64
27,1,144,84
70,1,122,49
71,1,83,48
71,1,81,46
71,1,81,46
71,1,81,46
126,1,90,46
153,1,98,64
169,1,102,71
176,1,101,43
193,1,95,46
215,1,95,20
228,1,94,19
228,1,94,19
228,1,94,19
228,1,94,19
228,1,94,19
228,1,94,19
228,1,94,19
228,1,94,19
228,1,94,19
228,1,94,19
228,1,94,19
228,1,94,19
228,1,94,19
228,1,94,19
277,1,99,20
360,1,54,7
328,1,98,34
331,1,120,63
337,1,124,81
323,1,145,94
329,1,140,110
358,4,124,108
367,9,134,119
377,13,135,121
385,26,142,128
390,40,143,129
391,51,136,129
393,60,136,131
393,69,136,131
393,87,139,136
392,109,140,137
391,126,140,138
395,150,133,128
394,154,132,127
391,166,131,117
392,172,132,118
391,177,133,119
390,177,132,100
390,176,132,101
388,175,132,101
386,175,132,101
380,173,132,101
372,173,133,96
365,177,133,92
356,169,137,100
342,169,137,100
328,169,113,89
313,166,113,89
348,159,56,85
336,146,55,84
324,138,52,71
312,133,51,69
301,130,51,69
288,129,51,69
279,130,51,69
272,128,50,63
267,127,50,62
224,118,133,69
215,118,135,68
209,118,134,67
201,117,134,69
202,116,128,68
190,114,134,67
186,104,159,77
186,105,161,76
189,106,163,76
195,106,166,77
208,112,174,72
220,114,180,72
230,116,178,71
241,120,179,71
259,126,178,70
270,132,180,70
317,137,144,70
332,142,146,69
341,147,146,68
349,160,146,63
360,165,169,62
367,168,170,62
374,168,170,62
377,168,169,63
378,167,167,65
381,167,165,65
381,168,164,65
381,167,164,65
380,166,168,69
379,160,168,69
370,141,168,69
355,126,174,67
335,110,176,67
318,96,176,66
300,78,177,66
277,64,183,66
266,52,183,65
276,42,174,66
278,38,173,65
282,39,187,76
275,40,186,73
265,41,191,75
258,42,194,76
265,55,180,73
265,70,171,73
253,82,171,73
243,92,168,73
231,104,165,73
222,119,164,73
208,127,162,72
195,133,161,71
180,137,162,72
164,138,164,72
147,138,164,72
135,138,163,71
142,145,150,63
140,145,151,65
138,145,150,66
135,145,149,66
131,144,151,69
118,145,149,69
115,144,148,68
115,144,146,67
113,143,145,66
111,142,147,68
109,142,147,67
107,142,149,68
107,143,149,68
107,142,151,68
108,141,153,68
112,141,154,68
114,141,155,68
124,143,154,65
135,143,154,65
150,140,153,66
160,137,150,65
164,136,149,64
168,136,146,63
171,135,145,62
169,140,146,57
169,140,146,57
170,141,148,57
169,146,150,53
168,147,149,52
168,147,126,53
168,146,126,53
167,146,125,52
169,146,123,51
168,145,125,54
169,144,127,56
170,141,127,56
169,142,136,53
169,142,135,52
169,142,134,51
172,143,131,50
174,143,131,50
182,143,132,49
174,145,128,49
177,145,119,49
182,145,118,48
188,144,117,47
197,145,119,49
209,145,119,49
215,145,118,48
224,146,120,49
233,146,119,48
242,145,120,48
249,145,119,47
255,145,118,46
261,148,118,46
269,150,117,45
278,149,117,45
288,148,117,45
297,148,114,43
303,149,115,44
308,150,112,43
309,151,112,43
310,151,112,43
313,148,110,42
314,148,110,42
320,147,109,41
326,147,109,41
328,145,114,46
334,144,114,47
345,145,113,50
351,143,113,50
364,143,107,52
369,145,106,51
396,146,102,50
394,145,101,56
396,141,93,55
396,138,89,54
401,138,94,53
409,142,93,49
408,141,94,50
407,141,94,50
397,139,94,50
396,141,151,45
392,140,151,45
388,139,151,45
382,138,150,44
383,138,150,44
399,139,159,44
395,139,158,43
391,140,159,45
383,140,161,45
372,140,160,44
363,139,163,43
352,138,166,43
339,138,171,42
327,137,170,41
315,137,169,40
287,137,175,41
274,138,174,40
260,136,178,44
249,135,176,43
235,135,177,45
224,132,176,44
220,134,179,47
216,134,178,46
204,135,177,45
188,138,177,46
184,137,178,46
177,119,216,79
175,118,216,79
173,118,215,78
172,117,214,77
172,116,214,77
171,115,215,79
170,114,215,79
173,114,215,79
179,112,215,79
192,109,215,79
231,104,217,82
256,102,217,82
252,89,255,84
249,87,261,92
248,86,263,93
247,85,263,94
240,85,263,94
232,84,263,94
223,82,263,94
216,82,263,93
206,82,264,94
197,81,264,94
190,81,264,94
185,82,263,93
176,83,262,92
167,84,262,92
162,83,262,92
159,82,262,92
154,81,261,91
144,81,261,91
135,81,261,91
127,82,266,94
120,81,266,94
110,81,266,94
100,81,266,94
91,81,265,93
85,82,264,92
84,81,259,92
81,80,258,92
131,87,244,91
144,85,244,91
137,71,249,98
136,70,248,99
136,70,247,98
188,69,214,105
185,68,213,104
186,61,215,109
185,59,214,108
184,57,214,109
184,56,218,114
183,56,218,114
176,57,217,113
166,67,216,105
163,67,215,104
163,66,214,106
161,66,213,106
160,65,212,106
159,63,211,106
158,65,210,105
163,66,211,106
163,66,211,106
163,69,210,105
163,69,212,104
164,69,213,105
164,70,212,102
164,72,211,101
163,74,211,100
162,75,211,100
163,76,211,100
179,77,180,99
180,78,179,98
179,79,180,99
179,80,181,100
179,82,180,99
178,82,179,98
177,84,178,97
184,86,177,98
182,88,176,99
183,95,179,99
183,97,178,97
182,98,179,98
182,99,178,97
182,99,181,100
182,99,181,97
182,100,181,97
180,100,181,97
176,98,182,100
178,98,189,100
179,91,188,110
180,91,192,113
181,90,191,112
182,89,191,112
181,87,191,112
181,87,190,111
180,88,189,110
180,87,188,109
180,87,187,108
182,85,191,112
182,82,191,112
183,80,191,111
183,79,190,110
184,78,191,111
185,77,192,111
186,77,191,111
190,77,191,113
193,77,190,112
194,78,188,111
196,82,188,108
195,81,188,108
194,80,190,109
193,79,192,111
195,68,191,124
196,67,190,123
198,66,190,125
201,66,192,127
202,66,191,127
201,65,191,128
200,68,198,133
205,68,197,133
210,69,196,136
212,68,192,133
211,66,191,130
211,68,191,134
213,68,196,141
219,73,192,142
219,73,192,142
221,78,193,141
223,83,193,135
226,85,192,133
230,86,191,132
233,86,193,129
234,87,192,128
236,87,193,130
238,85,193,130
233,91,202,129
232,87,201,128
234,86,200,127
236,84,199,126
239,83,198,125
242,79,197,124
245,77,193,123
246,77,192,122
248,78,190,121
248,82,190,125
251,82,189,125
253,82,188,127
252,82,186,127
248,81,185,127
249,81,184,126
248,81,184,127
247,80,183,126
247,79,182,125
247,78,181,124
247,77,186,128
247,77,185,127
251,78,190,133
252,76,189,132
251,73,188,132
253,71,188,131
256,70,179,130
256,69,179,131
257,67,179,132
257,66,178,132
258,67,177,131
263,71,178,139
262,70,177,138
263,70,175,137
263,70,174,136
262,73,173,135
264,74,173,134
263,79,172,133
259,77,178,127
257,79,181,127
256,78,180,126
257,79,179,125
257,78,178,124
256,76,177,123
256,78,178,124
253,78,180,126
244,78,194,125
242,79,192,124
242,79,191,123
243,80,189,123
244,81,190,124
247,88,189,123
246,89,188,122
247,90,187,122
247,90,188,121
245,89,188,121
245,90,188,120
245,90,188,119
244,90,190,118
244,91,190,118
242,91,189,117
243,92,188,116
244,92,197,127
245,93,190,123
245,93,190,122
245,97,192,125
244,95,193,126
244,94,193,126
243,94,192,127
245,95,189,126
245,95,190,128
246,95,189,127
247,98,188,126
247,99,187,125
247,101,186,124
248,100,189,124
248,100,188,123
249,102,187,122
248,98,187,126
247,97,186,126
249,102,185,131
245,104,191,140
249,113,194,144
249,119,197,144
250,122,199,147
250,126,202,149
259,124,195,138
264,123,191,138
263,122,191,139
263,121,190,140
266,121,189,143
266,114,188,150
265,114,187,150
266,114,186,150
267,113,185,149
268,117,185,153
269,113,184,154
268,100,183,164
264,97,183,164
262,97,182,163
261,96,181,162
269,96,177,161
271,96,176,160
270,95,176,160
268,90,175,159
265,86,176,160
264,93,182,163
266,92,181,162
267,93,181,157
267,95,180,154
272,98,175,153
272,98,173,152
273,93,171,152
277,100,163,135
279,97,162,134
282,96,161,133
285,95,160,135
284,95,159,134
285,94,158,133
287,92,157,132
288,91,156,131
289,90,155,130
291,90,155,134
291,89,156,135
291,90,156,135
289,90,156,134
288,91,157,135
288,93,161,141
289,97,182,141
287,107,184,149
250,110,217,149
251,110,216,148
254,112,216,148
251,79,215,174
250,78,214,173
248,78,213,171
247,78,213,171
250,76,215,172
258,73,216,172
268,58,231,183
269,55,230,182
269,53,229,181
269,52,228,176
271,52,227,175
276,47,226,174
307,28,187,173
309,5,186,187
309,3,185,186
317,1,185,187
320,1,170,154
302,1,178,154
299,2,179,153
289,2,187,157
286,2,188,158
276,1,189,152
278,1,198,117
251,1,204,140
203,1,225,158
192,1,234,169
192,12,228,174
191,21,227,175
191,31,226,173
190,34,225,171
190,37,224,170
192,29,224,181
192,33,224,182
192,38,214,182
192,42,214,182
194,48,214,182
197,51,214,180
198,58,215,180
201,62,215,180
220,49,222,198
219,63,232,177
220,69,235,177
220,72,236,176
220,73,237,176
221,72,240,177
221,72,240,178
221,71,240,178
221,71,240,178
222,71,240,177
223,71,239,176
224,69,239,176
222,68,265,191
222,68,267,190
222,69,268,189
222,70,270,188
222,71,271,187
221,71,273,187
220,71,273,186
219,74,273,184
217,82,267,178
217,84,267,177
214,85,267,177
211,86,267,177
207,86,267,177
204,78,243,153
202,70,240,166
201,69,239,167
200,69,238,167
198,69,238,168
196,69,237,167
196,67,237,167
216,53,200,166
210,51,200,166
205,55,200,162
202,57,200,162
200,57,199,161
199,57,198,160
200,52,196,162
177,50,214,173
176,48,215,172
176,48,214,171
179,48,213,170
182,48,212,169
184,50,211,168
191,56,211,172
193,66,211,172
188,71,211,171
190,77,213,171
189,80,218,173
195,84,225,178
194,90,244,182
207,94,243,174
220,98,244,173
230,103,243,172
241,105,242,173
250,106,243,174
257,111,241,172
262,113,240,171
267,115,246,179
269,116,245,178
270,117,244,177
271,120,245,177
272,120,244,173
273,120,244,173
272,119,246,175
269,123,246,158
271,125,245,157
273,126,244,156
274,127,243,155
274,127,242,154
275,126,241,153
278,126,246,152
279,125,248,154
280,125,249,157
283,125,248,159
283,125,248,159
283,125,247,158
286,125,248,159
287,125,248,159
288,124,247,158
289,126,246,157
291,127,247,157
293,127,246,156
294,127,245,155
295,128,245,154
297,128,248,157
294,128,247,156
241,127,274,158
243,126,274,158
243,125,274,157
244,125,273,157
244,130,273,154
244,130,272,153
230,130,272,153
205,131,283,153
192,134,281,148
183,135,283,149
184,133,283,149
186,132,283,149
194,130,277,149
204,129,271,147
210,128,270,146
193,125,286,145
198,130,285,150
205,129,285,152
210,129,285,152
212,126,283,152
216,124,283,152
223,123,281,151
227,122,280,150
234,120,286,150
237,117,286,151
250,114,282,151
254,113,282,151
256,112,285,151
257,110,284,150
258,108,283,148
260,107,282,147
264,106,261,147
266,106,257,146
268,106,256,145
269,104,256,146
270,103,255,146
276,102,254,146
280,102,253,145
287,102,252,150
290,102,251,152
291,102,250,152
292,103,248,152
294,103,247,153
295,103,246,153
296,103,245,154
293,104,245,155
246,116,297,146
243,115,302,138
243,113,301,144
243,112,301,149
242,111,301,151
246,109,274,159
243,107,265,152
211,109,296,150
213,108,297,150
216,108,297,150
225,107,294,150
235,106,293,154
247,104,289,155
237,103,280,152
237,103,280,152
238,103,280,152
239,104,280,150
240,105,280,150
241,106,279,149
242,107,276,148
235,106,276,148
213,98,287,151
