222,212,30,32
219,212,30,33
219,211,30,33
221,210,31,36
221,212,32,35
224,212,32,32
225,212,35,32
227,213,33,32
226,213,33,33
226,214,36,33
226,214,36,33
227,215,39,33
229,216,38,32
228,215,37,31
227,214,39,33
227,214,39,32
227,214,38,32
227,211,38,33
229,210,36,33
229,210,37,32
229,209,36,33
229,206,38,34
234,206,35,33
235,206,34,32
235,206,33,31
234,205,34,32
232,204,37,32
231,201,37,34
230,199,36,33
229,198,37,35
229,199,36,34
229,198,36,35
229,198,40,34
228,196,39,33
228,195,40,33
228,194,40,33
230,195,39,32
230,195,37,33
230,195,38,32
229,195,39,33
228,195,39,34
227,196,39,34
226,197,41,34
225,199,41,34
224,199,42,33
226,199,41,32
229,198,39,35
229,199,38,34
229,198,40,33
232,197,39,32
233,196,38,31
234,195,37,34
235,194,36,33
234,193,37,32
234,192,36,33
234,191,36,33
234,191,36,32
233,192,36,32
233,191,38,33
234,192,37,33
235,193,36,32
236,194,35,31
235,193,35,31
235,193,36,34
234,195,37,32
235,194,36,31
237,192,36,34
238,191,35,35
240,192,34,34
240,190,33,33
240,188,32,32
241,187,31,33
240,184,31,34
239,183,33,33
238,184,37,36
238,184,36,35
236,183,38,36
235,182,40,37
235,181,41,38
232,181,41,38
231,181,42,40
231,181,42,40
230,181,45,41
230,181,45,43
232,182,44,42
230,185,44,42
229,186,44,42
228,192,50,39
228,193,49,41
228,195,48,42
228,196,47,43
228,197,48,44
230,197,50,43
231,197,50,45
230,195,51,47
230,195,51,51
229,196,53,52
228,196,58,53
228,192,60,57
226,193,59,65
225,190,59,65
223,187,59,65
222,183,59,65
221,179,59,66
220,171,67,66
220,161,67,70
220,156,68,69
219,153,67,68
219,154,68,70
218,150,67,71
217,145,70,76
218,144,71,77
218,143,72,77
217,140,71,76
216,138,71,77
208,136,78,78
208,134,78,78
208,134,77,77
208,133,76,76
208,132,81,79
206,130,82,80
205,128,82,84
205,127,82,86
205,129,80,86
203,128,81,88
202,128,81,89
202,128,83,90
201,123,85,93
199,121,87,95
198,121,90,96
197,122,90,96
196,123,90,99
197,124,90,102
197,125,91,106
196,124,93,106
195,124,94,110
194,124,93,112
194,125,97,111
194,105,99,132
193,106,100,132
194,108,102,131
196,110,103,131
196,108,102,130
193,104,105,132
191,99,110,135
191,96,108,133
190,93,109,132
189,93,109,136
188,93,111,142
184,93,114,148
182,91,115,151
180,89,116,152
180,90,116,151
178,89,116,151
176,89,115,150
174,87,117,151
174,89,116,150
174,88,120,154
174,89,121,154
170,85,123,156
168,82,122,157
168,80,121,156
168,79,119,154
167,77,120,156
167,76,118,154
168,72,117,153
170,68,130,152
172,68,128,152
171,66,130,154
170,68,130,156
168,68,131,158
168,70,132,162
167,72,131,161
165,73,134,166
164,74,134,165
161,75,137,169
161,76,137,168
161,79,137,169
162,82,139,166
163,85,140,170
163,87,143,167
162,84,145,169
162,84,146,173
161,80,147,175
161,79,145,173
161,78,145,175
159,74,146,179
155,75,151,181
154,74,154,175
152,74,157,177
147,73,154,177
145,73,154,178
141,70,159,182
138,67,159,182
135,70,161,182
132,70,162,184
130,68,165,187
130,69,170,188
130,67,172,189
129,65,173,191
130,64,174,192
132,67,171,195
132,69,173,198
132,71,176,195
135,69,175,195
134,66,176,201
134,64,176,199
135,65,178,200
131,63,184,203
129,61,185,205
128,59,187,206
126,57,190,206
121,51,194,208
119,57,192,204
117,58,192,204
115,59,193,205
114,58,198,207
112,59,198,206
109,61,202,209
107,64,206,206
106,64,210,206
106,65,207,205
105,60,213,210
106,58,215,212
104,56,219,214
101,52,222,218
99,51,221,219
99,47,226,223
99,44,225,226
97,45,226,225
91,46,232,224
89,47,237,223
89,43,240,227
91,43,239,226
89,46,244,224
86,51,248,219
85,56,250,214
83,56,253,214
82,53,255,217
80,50,261,220
76,47,265,223
73,49,267,221
73,47,268,223
71,43,270,227
70,41,271,229
66,37,272,233
59,35,279,233
58,28,283,242
58,27,287,243
55,25,292,245
54,23,297,247
51,20,299,250
49,20,302,250
51,21,303,249
51,22,303,248
51,20,303,250
54,19,315,251
54,21,315,249
47,19,327,251
41,19,330,251
39,15,332,255
35,14,340,256
29,12,340,256
24,7,370,259
23,3,369,266
26,3,369,266
29,11,369,259
31,20,369,250
27,20,369,250
24,17,368,250
24,23,367,247
21,22,366,246
20,26,365,244
22,31,365,239
20,33,364,237
22,31,363,236
27,32,362,235
25,38,361,232
33,45,360,225
36,52,359,218
44,58,358,212
50,57,395,211
51,46,394,224
53,40,393,230
56,35,392,235
57,33,390,234
56,25,395,245
51,13,393,257
42,5,393,265
37,4,392,264
34,2,391,263
30,1,390,269
30,1,389,269
32,1,388,268
32,1,387,267
31,1,386,266
114,23,242,222
114,21,241,221
113,18,240,220
114,15,239,219
112,14,238,218
111,14,238,218
113,14,237,217
113,15,237,217
113,15,237,217
112,16,237,217
113,18,237,217
110,21,237,217
109,27,236,216
108,32,235,215
92,35,251,235
92,37,251,233
90,38,251,232
89,40,251,230
90,41,250,229
91,42,253,228
92,42,253,228
88,40,256,229
85,39,258,228
85,37,259,233
85,37,258,232
77,37,257,231
76,36,257,231
78,36,257,234
78,37,257,233
78,37,256,232
83,36,256,233
83,36,255,232
83,35,254,231
90,60,242,210
89,59,241,209
88,58,241,209
88,55,240,208
87,53,239,207
86,50,248,220
85,52,248,218
84,50,248,220
81,44,259,226
80,42,257,228
80,40,258,230
80,40,254,227
81,39,255,231
82,37,268,231
83,36,267,234
84,36,267,234
84,35,267,235
87,35,265,233
87,35,264,232
87,34,263,231
88,33,261,229
88,31,260,239
88,32,256,236
91,31,254,239
92,30,253,240
87,27,254,241
85,25,255,242
82,24,255,239
79,21,257,239
79,19,257,241
79,18,255,241
78,19,253,241
76,19,253,241
75,20,250,238
74,22,258,235
73,21,258,235
72,21,257,238
68,19,251,229
67,19,250,241
66,21,249,249
64,21,253,249
60,28,254,240
59,28,256,229
58,29,255,229
57,30,256,240
58,32,256,238
60,36,256,234
57,35,257,233
58,36,258,233
58,37,257,232
58,38,257,232
60,40,254,229
59,40,254,229
56,37,258,232
56,37,258,232
56,37,257,231
56,37,256,230
55,39,253,227
54,39,254,228
65,38,255,229
67,38,254,228
70,44,253,226
74,44,252,225
73,43,256,225
73,43,252,224
72,41,253,225
72,40,258,230
73,38,262,232
84,37,252,233
82,36,252,224
83,36,250,222
82,34,250,222
83,34,248,236
83,32,248,238
83,31,253,238
82,40,246,230
81,39,251,231
81,38,250,230
81,37,249,229
80,34,249,236
77,29,252,241
76,26,252,241
75,24,252,241
80,25,242,240
80,25,239,238
80,23,251,236
79,22,253,238
79,14,252,252
79,13,251,251
79,13,250,250
78,14,247,247
77,13,252,248
76,12,252,255
75,12,255,255
73,11,256,258
72,12,256,258
71,13,256,257
70,14,256,256
69,15,256,255
68,15,255,254
73,16,251,252
73,17,247,248
72,17,247,248
70,16,248,254
69,17,248,253
69,20,246,250
68,22,243,247
67,23,242,246
67,25,239,243
65,24,241,245
64,26,253,244
63,27,253,243
61,28,253,242
59,27,254,243
58,27,253,242
56,26,255,244
48,48,255,221
46,46,257,223
45,47,257,223
42,44,260,226
41,43,260,226
40,43,259,225
40,42,258,224
41,41,258,224
59,50,257,220
60,49,257,220
64,48,256,219
65,47,255,218
64,45,255,218
70,43,255,218
75,45,254,217
73,40,255,218
74,37,254,217
74,35,253,216
74,33,252,215
73,31,253,216
71,30,253,216
62,31,253,216
64,38,249,217
54,39,249,217
50,39,247,216
48,35,250,218
49,33,250,218
46,31,252,219
44,30,252,219
43,29,251,218
42,29,250,217
41,28,250,217
38,25,253,219
36,24,253,219
33,23,253,219
38,22,254,220
37,31,256,222
35,30,256,222
33,29,257,222
31,28,257,222
28,28,258,223
23,29,258,223
19,27,261,225
18,27,256,224
16,40,257,225
14,40,257,226
12,40,257,226
9,40,258,227
6,37,261,230
8,41,257,229
10,41,256,228
13,40,255,227
17,38,254,226
23,35,253,225
38,32,253,225
45,39,253,225
47,36,252,224
50,31,252,224
50,27,251,223
54,26,251,220
58,22,249,218
64,21,245,215
67,19,244,214
68,17,243,213
58,17,242,212
49,18,241,211
40,24,240,210
35,27,240,210
30,29,242,212
31,30,245,212
30,29,245,212
29,28,245,212
26,27,246,212
22,28,247,213
19,30,248,214
17,32,248,214
17,46,254,211
14,46,256,212
12,45,256,212
10,43,257,212
11,42,257,212
10,41,257,212
9,41,257,212
6,42,257,212
4,40,256,211
3,38,256,211
1,38,256,211
1,39,256,211
1,37,256,211
1,39,252,211
1,38,247,211
1,36,247,211
1,35,243,211
1,34,241,211
1,34,238,211
5,34,238,212
17,34,238,212
22,33,238,212
27,30,238,212
9,21,261,241
20,26,261,241
27,29,261,241
31,30,260,240
32,29,261,241
34,29,260,240
37,31,259,239
38,33,260,237
39,33,260,237
39,34,260,236
40,35,261,235
41,35,261,235
45,36,262,234
38,34,237,219
46,36,235,223
50,36,235,223
52,32,235,223
55,29,235,223
57,25,235,223
58,25,235,223
59,23,235,223
58,23,227,222
60,25,227,223
67,25,223,223
68,25,221,223
73,26,222,217
74,26,223,217
75,26,226,217
86,27,219,223
85,27,222,223
102,40,216,221
101,40,216,221
101,40,216,221
114,45,218,218
114,51,217,219
114,51,219,219
129,56,213,214
131,57,213,213
131,58,213,212
132,59,212,211
131,75,212,195
129,76,211,194
130,77,211,193
131,78,211,192
129,79,210,191
128,80,209,190
130,86,208,184
128,87,207,183
126,85,207,183
126,82,207,183
127,80,207,183
125,79,206,182
122,76,206,182
121,72,206,182
127,69,207,192
129,67,207,192
128,65,209,194
130,67,209,194
130,71,209,194
128,69,209,194
130,67,209,194
130,63,210,201
128,60,212,202
128,57,211,201
124,53,210,200
122,47,210,200
122,42,210,200
118,39,210,200
116,37,209,199
111,35,210,200
103,35,209,199
97,35,209,199
91,35,209,199
89,37,209,199
89,39,209,199
88,40,209,199
87,42,208,198
87,43,209,199
88,44,209,199
86,45,209,199
84,55,209,199
81,55,209,199
78,55,208,198
86,54,208,198
82,52,209,199
80,51,208,198
81,49,208,198
80,48,208,198
79,46,209,199
79,45,208,198
78,43,208,198
78,42,207,197
78,40,207,197
75,40,207,197
75,42,206,196
75,41,206,196
77,40,206,196
86,36,207,197
96,35,207,197
104,37,206,196
111,39,205,195
119,43,205,195
127,47,204,194
125,51,204,194
130,54,203,193
141,56,202,192
146,60,200,190
146,60,199,189
145,59,199,189
145,59,199,189
145,59,199,189
144,60,203,200
144,62,203,200
144,64,202,199
142,64,201,198
141,65,200,197
141,72,202,198
140,73,201,197
140,73,200,196
137,81,207,189
137,81,206,188
136,81,205,187
138,81,204,186
144,82,202,184
146,82,203,185
146,82,202,184
146,82,211,184
147,81,211,184
134,86,220,184
134,84,220,184
135,82,220,184
135,81,220,184
139,81,219,183
136,79,219,183
139,76,220,183
139,74,220,183
136,70,220,183
137,66,225,185
136,64,225,185
134,62,225,185
137,60,225,185
136,58,225,185
135,56,224,184
135,53,231,184
134,51,232,185
133,54,232,185
130,53,232,185
122,54,232,185
113,54,232,185
107,55,232,185
98,56,232,185
90,56,232,185
87,56,232,185
85,56,232,185
90,61,238,167
88,63,238,167
86,66,238,167
83,71,236,167
85,71,233,167
84,74,230,166
83,74,230,166
81,74,230,166
80,74,229,165
87,81,227,189
86,84,226,186
84,84,226,186
86,86,224,184
79,88,230,182
77,89,230,181
80,90,226,180
79,91,226,179
84,92,223,178
91,93,216,177
90,94,215,176
92,90,215,180
91,91,215,179
98,91,208,179
98,90,208,179
97,87,208,183
101,88,206,182
100,89,205,181
101,90,208,180
103,93,207,177
105,92,207,178
108,88,210,182
109,89,209,181
106,86,209,184
106,77,209,193
106,74,209,193
105,71,209,193
104,68,209,193
103,65,209,193
103,60,209,193
102,55,209,193
101,50,209,193
100,46,209,193
102,44,213,197
101,43,213,197
101,43,213,197
100,43,213,197
100,41,212,196
100,40,216,196
103,41,215,193
103,40,215,193
104,38,215,195
104,36,213,195
104,36,213,196
105,36,212,195
104,35,212,195
104,34,212,195
104,33,211,194
103,32,211,194
103,31,211,194
103,31,214,194
104,32,212,193
104,32,211,193
104,32,210,193
104,32,209,193
103,32,212,193
102,36,212,192
98,39,211,191
92,40,210,190
91,40,210,190
89,42,212,190
87,44,212,190
85,45,211,190
84,48,209,189
82,50,208,188
80,51,208,187
78,51,214,186
77,51,214,186
74,51,213,185
72,50,213,185
70,50,212,195
68,49,212,195
65,48,211,194
64,49,212,195
63,48,213,194
62,48,214,193
61,48,214,193
60,49,213,192
60,50,213,191
59,51,213,189
58,52,214,188
59,52,212,187
59,52,212,187
58,54,213,188
58,55,213,190
59,56,213,190
62,56,212,189
63,55,212,189
64,55,211,188
68,55,213,189
68,56,213,189
67,56,213,189
68,55,213,189
69,55,213,189
70,54,213,189
73,54,214,190
77,54,214,191
78,54,214,191
79,54,213,192
80,54,211,194
79,54,210,195
80,52,209,194
85,50,211,192
88,48,212,193
92,48,211,194
92,48,211,193
93,48,210,192
95,48,210,192
100,48,215,190
102,48,215,190
104,47,213,190
104,48,211,189
103,49,211,189
103,50,211,188
102,50,213,188
101,50,213,188
103,50,211,188
101,51,211,188
92,51,211,188
83,52,216,187
84,52,215,186
85,53,213,188
86,54,211,187
85,55,210,186
84,57,213,186
85,59,212,185
84,60,212,185
86,63,211,184
85,64,211,184
84,64,211,184
84,65,211,184
83,65,210,183
82,65,210,183
82,65,210,183
81,65,210,183
80,66,210,183
79,67,209,182
79,68,209,182
79,70,210,196
79,70,210,196
79,70,210,196
79,70,210,196
79,70,210,196
76,70,212,196
76,70,212,196
76,71,212,196
76,71,212,196
76,68,212,196
76,64,212,196
76,61,212,196
76,58,212,195
75,54,212,195
75,50,212,195
80,48,211,195
80,46,216,193
84,44,214,193
84,41,214,193
85,40,212,193
87,39,211,193
88,39,211,193
88,37,211,193
93,36,210,193
98,35,207,192
99,33,206,192
97,31,206,192
97,29,206,192
98,28,205,191
99,27,205,191
99,27,205,191
92,28,210,195
82,26,210,195
78,27,209,194
79,26,208,193
80,28,209,189
80,29,208,188
79,30,210,187
76,32,210,187
72,32,210,187
78,34,206,187
78,35,203,187
79,35,202,188
78,35,202,183
75,35,204,185
72,35,203,184
68,34,202,184
67,34,202,184
66,34,201,183
62,32,207,183
60,32,207,183
59,32,207,183
57,32,208,184
55,34,208,184
53,34,208,184
52,33,208,184
51,32,207,183
52,32,215,184
51,31,215,184
51,31,213,184
50,32,212,184
49,33,212,184
49,33,212,184
49,32,212,184
50,33,211,184
50,33,211,184
52,34,210,184
52,33,210,184
52,33,209,184
51,34,210,185
52,35,210,185
53,36,210,185
51,36,210,185
51,36,215,185
51,36,215,185
50,35,213,185
49,35,212,185
47,35,212,185
47,35,213,186
46,37,213,186
45,38,213,186
45,38,213,186
44,39,213,186
43,41,213,186
42,42,213,186
41,43,213,186
41,42,214,187
40,42,213,186
39,43,213,186
38,44,213,186
38,45,214,186
37,46,213,186
35,47,212,188
36,48,211,188
34,49,216,183
34,49,215,182
34,48,215,182
33,48,215,182
33,47,214,181
33,48,215,182
32,46,215,182
33,47,212,182
34,45,211,183
36,44,212,184
39,44,212,184
39,45,212,184
42,46,213,185
43,47,211,185
44,47,211,185
45,46,216,186
44,45,216,186
45,46,213,186
46,47,211,186
46,48,215,183
45,48,212,183
45,48,212,183
44,48,212,182
46,49,217,182
46,49,217,182
45,49,217,182
46,49,217,182
46,49,217,182
46,49,217,182
46,49,213,182
47,51,213,182
47,51,212,182
47,51,212,182
47,51,212,182
48,52,212,182
48,52,212,182
48,52,212,182
48,52,212,182
48,52,212,182
48,52,212,182
48,52,211,182
48,55,211,182
52,55,215,182
59,58,210,181
61,59,207,180
63,63,204,177
67,69,204,177
69,72,202,175
69,66,201,174
70,62,200,173
73,63,198,172
76,64,197,171
78,64,193,166
81,63,189,165
85,64,184,158
90,65,179,157
94,64,175,150
100,64,168,146
105,60,164,140
111,58,158,136
117,59,154,134
118,60,151,130
121,60,148,127
123,57,144,124
123,57,141,122
124,59,139,120
124,61,136,118
125,64,134,117
126,63,133,116
127,63,131,114
127,65,133,112
128,68,130,111
130,71,127,109
130,71,125,107
131,70,124,106
134,68,123,106
136,67,122,106
137,66,119,105
138,69,119,104
138,67,119,103
139,67,119,102
141,66,116,102
141,62,114,100
140,57,111,99
141,57,109,97
146,57,108,96
144,56,112,93
145,60,110,93
139,63,111,91
120,61,112,92
104,65,111,91
91,71,109,89
83,77,109,89
136,108,109,89
205,144,112,91
252,172,111,90
249,160,111,90
218,146,111,90
199,141,111,90
190,143,111,90
178,141,110,89
167,124,116,96
160,115,116,96
160,109,114,94
164,103,114,94
163,96,112,93
162,92,112,93
167,93,117,93
172,94,116,92
172,94,119,96
170,94,118,95
174,94,118,95
175,92,119,96
179,89,119,96
183,89,119,96
189,85,124,95
197,80,123,94
190,80,122,93
188,80,121,92
187,80,121,92
189,104,120,91
193,113,125,105
193,114,124,104
192,112,129,107
191,110,128,107
193,107,126,107
194,103,125,106
194,91,125,106
194,84,124,105
195,79,122,103
195,73,128,102
194,56,128,102
193,44,128,102
194,37,127,101
198,33,126,100
202,30,128,98
199,27,128,98
187,3,127,97
187,1,127,97
187,1,127,97
182,1,130,97
177,1,131,97
157,1,140,88
150,1,130,75
143,1,129,65
144,1,120,60
154,1,102,52
146,1,102,52
145,1,102,52
144,1,102,52
143,1,105,52
143,1,97,42
143,1,96,35
143,1,96,24
143,1,102,52
143,1,102,52
143,1,102,52
143,1,102,52
143,1,102,52
143,1,102,52
143,1,102,52
143,1,102,52
143,1,102,52
132,1,110,31
133,1,97,31
124,1,97,22
122,1,107,52
122,1,110,66
116,1,117,68
76,1,150,76
73,2,152,77
77,1,151,88
75,1,150,94
75,1,149,105
75,7,147,126
75,15,147,126
76,21,146,125
79,29,146,125
79,36,147,126
81,45,148,127
86,55,148,127
91,66,148,127
97,74,147,126
99,80,146,125
100,87,145,124
101,93,144,123
106,99,143,138
106,100,145,139
107,98,145,139
107,94,145,139
108,94,144,138
114,87,143,137
114,81,144,138
114,75,145,139
113,67,148,139
111,61,147,139
111,58,146,138
109,54,145,137
107,51,145,137
111,48,145,137
108,46,144,136
102,43,143,135
99,37,151,135
92,34,148,135
87,30,148,135
85,27,147,134
87,26,147,134
92,27,148,135
92,30,148,135
93,32,150,136
94,37,152,137
97,41,152,137
100,42,150,138
103,46,149,138
104,46,149,138
105,45,150,139
105,45,151,140
105,45,152,141
106,45,150,141
105,45,149,140
104,35,148,139
102,20,147,138
95,4,150,137
87,1,150,132
82,1,150,115
81,1,153,106
81,1,156,101
79,1,155,89
109,1,125,68
110,1,126,56
111,1,125,51
111,1,126,52
123,1,112,61
123,6,112,61
125,1,114,68
125,1,115,79
85,1,155,89
85,1,155,100
86,2,153,110
87,1,155,127
88,1,157,137
89,4,156,140
90,1,155,151
90,9,155,151
90,18,156,152
90,25,156,152
89,37,159,152
86,44,158,151
85,49,157,150
85,51,157,150
84,53,157,150
84,54,157,150
84,55,157,150
87,65,163,151
87,65,163,151
89,64,163,151
89,61,162,150
89,55,162,150
89,45,161,149
91,39,161,149
90,32,161,149
90,25,163,149
90,22,162,148
91,16,162,148
90,10,162,148
89,4,162,148
88,1,165,148
89,1,164,142
88,1,167,139
88,1,169,133
88,1,169,130
88,1,168,127
88,1,170,129
87,2,170,132
85,2,170,138
85,7,170,144
88,13,166,144
87,22,166,144
88,34,166,144
90,39,165,143
91,43,163,143
85,48,162,142
81,46,164,149
77,45,164,149
72,46,163,148
69,46,161,146
69,45,162,151
67,45,161,150
66,45,160,149
69,44,159,148
72,45,154,147
80,49,153,146
83,53,152,145
84,54,150,144
85,55,148,142
88,56,147,141
94,59,142,140
99,63,143,136
107,67,138,130
113,65,135,128
118,63,130,125
121,59,124,119
124,56,123,121
128,51,120,115
129,46,116,110
129,40,113,107
128,34,111,105
130,30,112,108
129,30,111,107
128,25,109,107
125,20,109,107
123,19,110,108
122,21,113,107
122,22,112,106
124,22,112,105
124,23,115,110
124,24,115,110
124,25,113,110
125,28,116,111
126,31,114,109
131,35,114,109
138,43,114,109
147,48,114,109
150,53,114,109
152,55,115,115
155,61,115,114
158,63,116,112
160,64,115,112
155,65,117,111
149,63,118,112
146,62,118,112
145,61,117,111
146,61,117,111
147,62,115,109
147,63,115,109
145,65,115,109
145,65,113,107
147,65,117,113
151,64,117,115
153,63,117,115
154,62,116,114
153,61,116,114
151,60,119,118
148,62,117,116
144,62,119,115
144,61,118,114
143,60,118,114
141,57,118,114
141,55,118,114
143,54,117,113
144,54,115,111
143,55,120,114
142,54,120,114
142,55,119,113
145,57,117,111
147,57,117,111
148,58,120,113
152,58,118,111
153,54,117,110
154,51,117,110
153,47,117,110
150,42,116,108
149,39,115,108
148,34,113,108
149,31,113,108
148,24,113,108
149,19,114,111
151,18,114,111
151,16,114,111
149,16,114,111
150,21,112,109
148,24,111,108
148,31,111,106
148,31,111,106
147,32,109,104
146,31,109,104
146,32,108,103
145,32,108,103
145,33,107,102
148,36,105,105
148,38,104,104
148,39,106,105
149,40,107,104
149,39,106,104
150,38,104,104
152,37,103,103
153,37,104,102
155,35,103,102
157,36,101,102
158,35,101,102
159,33,101,102
159,34,104,99
161,32,101,100
160,30,100,100
157,30,100,100
154,31,100,100
153,31,101,99
151,30,100,99
148,30,100,99
146,29,100,99
146,29,101,100
146,30,100,100
146,30,104,102
147,30,103,101
148,31,102,101
148,31,102,102
150,31,102,100
149,31,102,100
148,31,103,99
149,31,103,99
149,30,103,99
149,30,105,104
149,30,106,105
149,31,105,104
148,35,106,103
146,36,105,102
146,37,105,102
146,37,104,101
147,37,106,103
148,37,106,106
147,38,106,106
146,39,106,106
146,38,106,106
145,39,106,106
148,39,107,106
148,39,106,105
148,41,106,105
149,40,106,105
149,40,106,105
149,43,108,105
150,46,107,104
149,49,107,107
147,52,108,108
145,53,108,108
144,55,108,108
144,58,107,107
142,59,107,110
140,59,107,110
138,61,108,110
136,58,108,110
135,56,108,110
130,51,108,110
127,46,108,110
127,41,110,108
125,33,112,110
122,22,113,110
118,20,113,110
114,13,114,114
113,12,114,114
115,16,114,114
117,18,116,113
119,23,116,114
121,29,114,114
121,30,116,114
121,30,118,114
121,31,117,113
120,32,116,117
120,34,120,120
120,34,119,119
119,37,118,118
119,38,120,118
119,38,119,117
119,38,121,119
119,38,121,119
119,38,121,119
121,42,119,118
120,44,118,117
119,47,122,123
116,48,123,124
117,53,123,124
117,56,123,124
117,58,122,123
117,60,122,122
117,62,122,122
117,65,124,124
116,66,125,125
115,68,125,125
112,68,125,125
107,67,125,125
106,66,124,124
105,63,130,130
104,64,129,129
105,64,130,129
104,66,130,129
103,67,130,129
102,70,133,129
102,71,131,127
101,71,134,129
101,72,131,127
100,72,130,126
98,72,135,132
98,73,135,132
98,74,135,132
104,75,135,132
109,78,137,131
110,78,138,131
111,77,138,131
112,75,141,135
118,73,138,134
121,71,137,134
122,71,140,137
123,70,140,137
124,69,141,135
125,67,140,134
126,66,140,132
127,65,141,134
128,64,141,134
129,63,142,133
131,62,141,132
132,61,140,131
131,60,145,141
131,59,145,141
133,58,145,140
132,58,148,144
132,58,147,143
129,58,147,143
124,58,148,142
117,56,150,143
112,56,150,143
108,64,150,143
106,66,149,142
108,67,148,141
109,70,148,141
110,70,150,143
109,73,155,143
109,65,160,147
109,65,159,146
109,64,159,146
110,62,158,145
112,60,161,144
114,57,160,143
116,55,164,147
117,54,164,148
121,53,167,150
123,51,163,149
125,49,162,148
127,47,161,147
128,45,166,146
129,44,167,144
130,43,166,143
131,43,168,150
131,43,168,150
128,44,168,150
125,45,173,155
127,48,170,157
128,51,167,157
129,54,167,157
128,56,167,157
127,59,167,157
127,63,166,156
123,66,167,157
122,69,167,158
120,72,167,158
119,75,167,158
119,77,166,157
119,78,167,162
116,78,167,164
112,78,166,164
112,78,167,171
110,79,167,171
109,80,167,171
109,81,167,171
112,93,169,166
114,94,168,165
114,97,170,165
114,98,169,164
113,99,169,164
111,100,169,164
109,102,170,165
109,106,172,164
107,105,173,165
105,104,173,165
108,104,168,165
108,104,166,165
108,104,165,165
109,104,164,165
109,105,163,165
109,105,162,165
107,106,165,164
105,107,165,163
105,108,165,162
104,112,165,158
104,118,165,152
103,119,165,151
100,119,165,151
100,120,165,150
101,121,165,149
100,121,165,149
100,121,165,149
103,123,164,147
103,124,165,146
102,125,167,145
102,124,168,146
101,122,168,146
102,122,168,146
101,122,168,148
101,121,168,149
102,121,166,149
101,121,165,149
100,122,165,148
99,123,165,147
100,122,166,148
101,126,165,144
99,131,166,139
96,138,166,132
95,138,167,132
94,143,169,127
93,148,169,122
97,149,167,121
98,150,167,120
97,155,167,115
97,157,166,113
96,158,166,112
95,156,166,112
96,153,166,117
96,150,166,120
94,148,166,122
93,147,166,123
95,146,167,124
94,147,167,123
95,148,167,122
95,149,167,121
94,156,177,114
92,156,178,114
91,157,178,113
90,158,178,112
98,154,168,116
97,155,168,115
93,156,170,114
92,151,170,119
91,153,169,117
90,152,169,117
93,150,169,119
93,149,169,118
92,148,170,122
92,147,171,123
92,146,172,124
92,146,173,124
91,146,175,124
91,150,175,120
91,150,174,119
95,153,173,117
95,152,173,118
96,147,173,123
95,144,173,126
94,145,173,125
96,143,173,126
96,139,172,131
95,132,173,138
94,127,173,143
93,124,173,146
95,119,171,151
95,113,171,157
95,107,171,163
94,101,171,165
96,95,169,167
95,91,169,167
97,89,169,167
97,88,169,167
98,86,169,167
97,84,169,167
96,82,169,167
95,80,169,167
96,78,169,167
95,76,169,167
94,74,169,167
92,74,170,168
93,73,170,168
94,73,170,168
94,74,170,168
94,77,170,168
97,81,168,168
98,81,168,168
99,81,167,167
97,82,169,169
96,84,169,169
95,85,169,169
95,88,173,169
95,90,173,169
93,89,173,169
91,88,176,173
87,85,181,177
84,81,182,178
83,79,183,179
80,74,183,179
80,71,187,180
78,67,189,182
77,65,189,182
76,65,190,182
74,62,193,185
74,62,195,189
74,65,194,188
75,67,199,190
75,68,198,189
74,69,198,189
75,67,202,192
79,69,200,190
78,68,200,190
78,67,199,189
79,67,199,189
80,65,199,189
82,66,199,189
82,65,199,189
81,64,198,188
80,63,198,188
83,62,198,188
82,61,199,189
82,60,199,189
82,64,199,189
83,65,198,188
86,71,197,187
83,72,197,187
83,72,196,186
82,71,196,186
84,70,196,186
84,69,196,186
85,69,196,186
85,66,198,188
85,65,198,188
85,64,199,189
86,63,197,187
85,62,199,193
85,61,199,193
87,62,196,192
87,61,196,192
87,61,197,192
88,64,195,192
88,66,195,192
88,67,195,192
88,68,197,192
87,68,201,195
86,67,201,196
86,67,201,196
84,66,202,197
85,67,202,197
86,65,203,198
85,61,206,199
85,58,206,199
85,55,205,198
84,54,205,198
85,55,203,198
86,57,203,198
86,60,205,202
84,62,205,202
83,63,209,207
82,66,213,204
83,66,213,204
83,65,212,203
82,64,212,203
81,66,212,204
80,63,212,207
79,63,215,207
77,62,215,207
74,60,215,207
73,64,215,206
73,64,215,206
72,63,218,207
72,63,225,207
71,63,226,207
68,62,225,206
66,64,232,206
67,65,226,205
64,64,230,206
62,60,229,206
61,58,227,211
58,57,229,211
59,56,225,214
57,55,226,213
60,57,225,213
59,57,227,213
58,64,227,206
58,67,225,203
56,69,226,201
58,80,223,190
56,92,223,178
60,111,219,159
59,123,221,147
60,142,218,128
62,154,218,116
61,159,218,111
60,154,217,116
62,149,213,121
58,145,214,124
56,139,219,131
54,134,219,136
53,126,219,144
54,119,220,151
54,114,221,156
53,111,221,159
53,111,221,159
51,111,221,159
52,111,221,159
52,111,220,159
51,112,220,158
52,113,220,157
52,114,220,156
51,115,220,155
50,116,220,154
49,117,219,153
50,119,218,151
50,121,216,149
49,122,216,148
48,124,218,146
46,115,219,155
46,112,219,158
45,108,223,162
40,108,223,162
36,102,223,168
35,93,223,177
30,88,222,182
22,84,221,186
13,83,220,187
8,82,220,187
5,79,219,191
2,84,219,186
1,90,215,180
1,92,213,178
1,98,209,172
1,99,211,171
1,101,208,169
1,102,208,168
2,103,207,167
5,89,208,181
1,78,216,192
2,80,218,190
4,71,219,199
4,68,218,199
5,67,215,203
5,69,216,201
4,66,215,204
2,65,214,203
3,65,216,205
3,65,216,205
4,60,217,210
7,58,217,212
5,57,219,213
5,55,218,215
5,55,219,215
8,56,217,211
9,55,216,210
11,54,217,210
11,54,217,209
11,52,220,211
11,50,219,210
8,48,220,213
6,45,220,212
5,41,219,213
5,38,219,211
3,35,220,213
3,34,219,213
1,31,220,213
1,33,216,212
1,33,209,211
1,33,208,212
1,33,204,211
1,31,198,213
1,31,194,212
1,32,192,211
1,32,188,211
1,30,183,210
1,26,164,211
1,25,162,212
1,25,160,214
1,25,154,212
1,24,156,214
1,30,167,214
1,31,167,216
1,31,151,216
2,26,152,215
1,27,170,212
2,24,166,213
1,22,175,212
1,22,188,212
1,21,190,215
1,22,208,214
1,29,215,210
1,30,210,215
1,32,217,215
10,41,223,214
8,47,224,212
1,52,218,213
1,56,218,210
3,57,219,210
4,57,220,210
1,57,218,211
1,56,214,210
1,53,208,212
1,52,188,210
1,51,176,206
1,42,161,212
1,37,149,209
1,34,148,209
1,32,146,210
1,32,142,209
1,36,140,210
2,44,143,217
1,55,152,214
1,71,163,199
1,80,171,190
1,87,178,183
6,102,185,168
4,105,185,165
5,107,184,163
9,109,181,160
1,115,193,155
4,117,185,153
8,116,188,154
1,123,195,147
1,125,197,145
1,129,210,141
1,128,210,142
1,126,210,144
1,123,209,147
1,107,212,163
3,108,212,162
1,116,222,154
1,113,224,157
1,105,220,165
1,115,220,155
1,107,220,163
1,103,220,167
1,100,217,170
1,97,216,173
1,96,206,174
1,94,198,176
1,89,199,181
1,95,194,175
1,92,193,178
1,100,192,170
2,99,191,171
1,89,191,181
1,99,192,171
3,80,187,190
1,82,185,188
1,77,178,193
1,73,180,197
1,71,173,199
1,69,173,201
1,69,167,201
1,51,154,219
1,51,150,219
1,61,143,209
1,61,143,209
1,61,136,209
1,60,131,208
1,63,131,207
1,63,131,207
1,63,130,206
1,62,130,206
2,61,130,206
1,65,119,205
1,71,131,199
1,70,143,200
1,69,155,201
1,71,166,199
11,70,165,198
1,69,185,201
1,67,203,202
1,62,217,208
1,60,221,208
1,58,229,212
9,55,227,212
18,52,225,216
26,53,225,213
31,44,224,218
31,45,224,213
27,35,226,216
25,27,226,218
25,20,226,218
31,14,229,212
35,8,226,222
34,12,226,212
34,10,226,212
33,10,227,209
29,8,223,213
24,6,224,214
20,4,223,212
19,2,222,209
17,1,223,211
15,1,222,210
14,1,221,209
13,1,221,209
10,1,227,200
9,1,227,199
7,1,226,200
3,1,227,200
2,1,227,201
1,2,227,202
1,1,226,201
1,5,218,200
1,1,217,214
1,4,214,216
1,4,216,216
1,9,210,212
1,9,211,211
1,6,206,216
1,6,207,215
1,3,216,215
2,1,219,215
2,1,218,214
1,1,211,213
1,1,210,208
1,1,209,207
1,1,208,206
1,1,207,205
1,1,203,207
1,1,202,206
1,1,201,205
1,1,200,204
1,1,199,203
1,1,197,201
1,1,196,204
1,4,192,198
1,3,195,197
32,4,178,197
31,3,168,197
26,4,167,191
29,3,160,190
37,6,151,183
31,1,158,184
26,5,157,182
26,1,147,194
22,3,146,194
19,4,145,193
14,5,145,193
11,6,139,192
2,6,138,191
1,6,137,190
1,6,136,199
1,5,135,200
11,4,130,200
19,9,136,199
27,14,139,199
34,30,140,202
40,40,144,202
40,50,147,203
42,63,146,196
42,72,149,198
39,79,149,191
47,82,151,188
47,83,150,187
46,83,150,187
55,85,147,185
61,85,147,183
61,89,147,181
59,94,149,176
62,96,152,174
63,97,152,173
64,98,150,172
64,97,152,173
64,96,154,173
69,100,153,170
70,101,150,169
70,102,151,168
66,103,148,167
57,103,148,167
48,100,155,170
51,101,154,169
52,98,154,169
53,96,157,174
50,93,154,177
52,93,151,177
52,92,152,178
50,94,154,176
49,98,157,172
48,96,156,174
51,97,152,173
51,98,151,172
51,99,150,171
53,100,150,170
60,113,149,157
59,116,149,154
58,119,148,151
57,121,148,149
59,125,147,145
58,120,152,150
56,111,152,159
55,103,152,167
55,89,155,181
57,84,154,186
55,80,153,190
48,74,152,196
36,64,153,202
33,56,151,199
35,44,149,202
36,37,151,204
34,30,151,204
37,22,148,201
34,17,149,202
32,13,154,205
26,9,152,204
22,6,149,203
20,3,149,202
20,1,149,199
18,2,148,192
17,1,147,186
13,1,144,188
1,1,144,183
1,1,135,184
1,1,127,181
1,1,120,182
1,2,116,181
1,1,115,185
1,3,114,184
1,4,108,180
1,3,106,182
1,1,98,182
1,1,98,186
1,1,92,177
1,1,90,174
1,1,88,171
1,1,80,166
1,1,72,158
1,1,69,153
1,5,59,155
1,1,58,149
2,1,53,150
1,4,53,153
1,5,50,148
1,4,47,149
1,3,43,149
1,3,42,148
1,39,41,109
1,42,39,107
1,42,38,107
1,38,32,106
1,69,22,82
1,71,21,74
1,45,19,61
1,44,19,61
1,38,18,60
1,44,18,63
1,40,18,63
1,34,18,63
1,29,18,63
1,25,11,62
1,20,8,63
1,18,8,63
1,18,8,63
1,1,24,82
1,1,25,87
1,4,25,91
2,4,25,91
1,1,37,100
1,1,50,103
1,1,66,101
1,1,94,80
1,1,118,77
1,2,117,34
1,2,117,34
1,2,117,34
1,2,117,34
1,2,117,34
1,2,117,34
1,2,117,34
1,2,117,34
1,2,117,34
1,2,117,34
1,2,117,34
1,2,117,34
1,2,117,34
1,2,117,34
1,2,117,34
1,2,117,34
1,2,117,34
1,2,117,34
1,2,117,34
1,2,117,34
1,2,117,34
1,2,117,34
1,2,117,34
1,2,117,34
1,2,117,34
1,2,117,34
1,2,117,34
1,2,117,34
1,2,117,34
1,2,117,34
1,2,117,34
1,2,117,34
1,2,117,34
1,2,117,34
1,2,117,34
1,2,117,34
1,2,117,34
1,2,117,34
1,2,117,34
1,2,117,34
1,2,117,34
1,2,117,34
1,2,117,34
1,2,117,34
1,2,117,34
1,2,117,34
1,2,117,34
1,2,117,34
1,2,117,34
1,2,117,34
1,2,117,34
1,2,117,34
1,2,117,34
1,2,117,34
1,2,117,34
1,2,117,34
1,2,117,34
1,2,117,34
1,2,117,34
1,2,117,34
1,2,117,34
1,2,117,34
1,2,117,34
1,2,117,34
1,2,117,34
1,2,117,34
1,2,117,34
1,2,117,34
1,2,117,34
1,2,117,34
1,2,117,34
1,2,117,34
1,2,117,34
1,2,117,34
1,2,117,34
1,2,117,34
1,2,117,34
1,2,117,34
1,2,117,34
1,2,117,34
1,2,117,34
1,2,117,34
1,2,117,34
1,2,117,34
1,2,117,34
1,2,117,34
1,2,117,34
1,2,117,34
1,2,117,34
1,2,117,34
1,2,117,34
1,2,117,34
1,2,117,34
1,2,117,34
1,2,117,34
1,2,117,34
1,2,117,34
1,2,117,34
1,2,117,34
1,2,117,34
1,2,117,34
1,2,117,34
1,2,117,34
1,2,117,34
1,2,117,34
1,2,117,34
1,2,117,34
1,2,117,34
1,2,117,34
1,2,117,34
1,2,117,34
1,2,117,34
1,2,117,34
1,146,56,94
1,130,66,92
1,117,76,94
1,103,92,112
1,100,115,136
1,100,135,160
1,101,135,160
1,99,158,160
1,98,157,159
1,95,170,159
1,99,182,156
7,94,176,160
7,89,173,157
11,82,173,158
1,71,186,158
1,60,190,157
4,41,190,169
1,47,215,153
4,32,218,165
8,25,213,165
6,19,209,162
2,13,208,161
3,9,207,160
13,13,207,160
23,20,206,160
28,25,204,159
15,34,225,158
16,43,225,158
18,58,221,155
24,73,223,156
31,89,223,165
39,99,222,164
49,106,221,163
58,110,221,160
64,113,220,157
71,115,225,155
80,115,232,154
83,114,232,154
89,114,230,153
93,106,229,159
98,98,229,159
98,92,228,158
100,89,225,158
103,84,222,158
105,78,222,158
104,74,224,156
104,72,223,155
104,70,221,153
102,68,220,151
102,67,218,149
100,65,217,148
97,64,215,147
93,63,222,153
92,63,219,151
90,60,222,155
92,59,220,154
93,57,219,153
91,56,216,151
91,55,215,150
92,54,222,157
94,55,218,156
93,55,217,155
90,55,220,154
84,55,219,153
77,54,221,151
74,52,219,149
73,49,217,153
70,46,216,152
68,42,220,151
60,38,221,150
56,35,219,153
53,29,217,157
48,27,217,156
47,25,215,155
45,24,219,154
45,25,218,158
45,26,222,160
45,28,223,161
47,32,221,159
41,38,223,160
41,45,222,159
40,50,221,158
39,55,224,160
44,60,223,159
45,62,223,159
44,63,222,158
44,66,220,156
42,63,219,155
44,60,218,154
49,60,221,159
45,61,219,157
43,63,218,156
42,64,221,155
43,65,223,154
45,67,222,160
47,69,219,159
50,70,218,158
50,66,223,165
48,64,222,164
46,60,222,163
44,55,222,163
43,51,223,163
43,48,222,162
45,52,225,161
53,52,222,160
56,53,221,160
55,55,219,158
55,56,218,161
52,57,218,161
50,57,223,159
49,58,221,162
48,59,220,161
46,58,219,160
46,58,216,158
46,57,215,157
50,56,220,156
57,56,219,161
57,55,223,163
57,55,222,163
59,56,219,161
58,61,214,163
57,63,213,162
58,65,212,161
58,66,209,159
56,67,212,162
55,68,208,162
53,68,218,161
53,67,223,161
53,66,222,159
53,64,221,164
54,62,221,164
52,60,223,165
52,60,223,165
51,61,222,165
51,62,221,163
50,63,222,162
49,64,223,161
48,73,221,162
46,74,222,164
45,75,223,162
45,78,221,161
43,79,221,158
41,80,222,161
40,80,221,160
39,80,220,159
39,79,221,158
37,76,223,157
36,73,222,161
33,69,224,160
32,66,222,159
30,64,221,158
29,62,220,157
27,61,218,161
25,58,218,162
23,56,222,161
15,55,221,160
4,53,220,159
1,50,219,158
1,49,217,157
1,50,214,155
1,50,213,162
1,50,212,161
2,51,210,160
4,51,208,159
1,51,210,162
1,49,209,161
1,47,206,159
1,46,205,163
1,45,204,162
2,44,203,165
3,43,204,166
1,48,209,166
1,48,208,165
2,47,207,164
3,47,206,163
3,47,205,162
3,46,204,161
3,45,205,162
1,49,209,160
1,48,207,159
1,48,206,158
2,48,206,158
1,48,205,157
1,47,204,156
5,44,204,156
6,41,208,155
13,38,208,157
19,36,207,156
26,35,211,156
36,34,210,155
38,33,219,154
48,33,222,153
63,34,221,152
72,35,232,152
79,35,230,151
92,33,228,159
107,31,226,158
119,26,226,158
126,23,227,157
134,18,226,156
141,14,224,155
145,12,224,155
139,10,224,155
127,9,229,154
121,3,228,162
116,1,227,163
105,1,227,163
100,1,227,163
97,1,229,154
95,1,228,150
93,1,228,145
91,1,229,140
88,1,228,135
83,1,227,133
77,1,224,131
68,1,223,130
59,1,224,129
56,1,224,129
40,1,236,159
28,4,236,168
23,10,235,177
19,20,235,177
23,24,232,177
25,31,230,177
32,44,226,177
42,58,224,177
51,74,223,173
60,87,223,173
64,96,223,173
63,102,222,168
63,110,230,160
63,24,229,246
60,27,227,243
59,30,226,240
58,32,225,238
58,38,224,232
59,39,223,231
58,38,222,230
59,36,221,229
62,33,221,229
62,34,220,236
60,31,233,239
61,26,237,244
60,22,238,247
58,17,239,253
57,12,234,253
55,9,234,253
54,7,243,250
52,6,240,251
49,4,243,251
47,2,246,253
41,1,242,251
36,1,237,250
37,1,240,250
38,1,238,249
36,1,239,246
32,2,240,245
29,4,240,243
34,5,233,243
32,4,232,242
30,3,231,241
28,2,230,240
25,1,228,238
23,1,235,237
18,1,234,236
14,1,234,236
13,1,233,242
10,1,232,244
7,1,232,244
4,1,231,243
2,1,230,242
1,2,229,241
1,3,228,240
1,3,227,239
3,2,227,239
3,2,226,246
1,1,226,248
1,1,225,249
1,1,224,248
1,1,224,248
1,1,224,248
1,1,223,242
1,1,222,240
1,1,216,237
1,1,216,230
1,1,214,227
1,1,210,226
1,1,208,225
1,1,207,224
1,1,206,223
1,2,205,222
1,3,201,221
1,3,200,224
1,3,197,226
1,3,197,226
1,2,193,226
1,1,191,226
1,1,191,226
2,1,190,225
2,1,189,224
1,1,193,223
1,1,193,223
1,1,190,223
1,1,187,222
1,1,187,210
1,1,187,211
1,1,181,206
1,1,176,204
1,1,180,202
1,1,180,202
1,1,181,203
1,1,180,202
1,1,179,201
1,1,179,201
1,1,179,201
1,1,179,201
1,1,173,201
1,1,173,201
1,1,173,201
1,1,171,201
1,2,171,201
2,2,170,200
1,2,189,200
1,7,200,199
1,14,212,199
5,10,212,218
15,18,213,219
22,23,213,219
6,31,249,224
12,35,247,224
15,32,244,233
15,34,239,233
20,36,234,233
22,38,230,232
25,40,226,230
27,40,227,230
30,42,222,228
34,41,220,222
36,44,219,215
39,45,219,205
41,42,218,203
46,34,214,204
48,30,212,204
56,29,208,204
57,27,205,203
59,24,203,202
59,21,202,201
60,17,210,201
62,13,210,201
63,10,210,201
70,11,204,201
72,14,204,199
74,14,204,199
74,11,203,198
74,10,203,194
74,7,202,199
76,4,201,198
75,1,201,198
79,1,201,198
77,1,200,197
76,1,200,197
78,1,200,197
80,1,201,197
78,1,199,190
76,1,198,189
74,1,198,189
71,1,197,188
68,1,197,188
69,2,196,187
75,11,212,188
77,10,213,193
75,8,212,192
75,8,211,191
72,9,211,191
80,8,208,193
90,4,207,200
106,6,202,203
124,5,198,208
141,4,199,210
145,3,209,209
144,1,209,209
144,1,209,209
139,1,209,209
136,1,210,207
131,1,209,206
125,1,209,206
116,2,209,204
106,1,208,203
96,1,206,201
81,2,215,195
76,1,214,194
73,1,214,194
70,3,219,198
64,4,219,198
56,6,219,198
44,9,218,197
29,6,231,216
17,14,231,216
9,21,228,215
3,27,224,214
1,36,220,207
1,45,212,206
1,51,209,209
1,56,208,208
1,59,207,207
1,62,207,207
1,65,202,205
1,66,203,204
1,67,204,203
1,67,197,202
1,68,195,201
1,67,189,201
1,66,188,204
1,66,186,204
1,66,183,204
1,67,180,203
1,70,174,200
1,71,167,199
1,70,163,200
1,58,149,212
1,38,142,232
1,29,103,241
2,37,115,233
3,25,114,232
1,11,113,230
1,3,112,228
1,1,111,200
1,1,110,199
1,1,110,199
1,1,110,184
1,1,109,175
1,1,103,172
1,1,87,170
1,4,64,170
1,12,56,172
1,57,53,160
1,79,49,133
1,99,39,121
1,108,35,121
1,116,30,120
1,155,24,85
1,165,24,78
1,171,20,70
1,174,17,64
1,181,15,55
1,184,15,55
1,187,15,55
1,187,15,55
1,187,15,55
1,187,15,55
1,187,15,55
1,187,15,55
1,187,15,55
1,187,15,55
1,187,15,55
1,187,15,55
1,187,15,55
1,187,15,55
1,187,15,55
1,187,15,55
1,187,15,55
1,187,15,55
1,187,15,55
1,187,15,55
1,187,15,55
1,187,15,55
1,187,15,55
1,187,15,55
1,187,15,55
1,187,15,55
1,187,15,55
1,187,15,55
1,187,15,55
1,187,15,55
1,187,15,55
1,187,15,55
1,187,15,55
1,187,15,55
1,187,15,55
1,187,15,55
1,187,15,55
1,187,15,55
1,187,15,55
1,187,15,55
1,187,15,55
1,187,15,55
1,187,15,55
1,187,15,55
1,187,15,55
1,187,15,55
1,187,15,55
1,187,15,55
1,187,15,55
1,187,15,55
1,187,15,55
1,187,15,55
1,187,15,55
1,187,15,55
1,187,15,55
1,187,15,55
1,187,15,55
1,187,15,55
1,187,15,55
1,187,15,55
1,187,15,55
1,187,15,55
1,187,15,55
1,187,15,55
1,187,15,55
1,187,15,55
1,187,15,55
1,187,15,55
1,187,15,55
1,187,15,55
1,187,15,55
1,187,15,55
1,187,15,55
1,187,15,55
1,187,15,55
1,187,15,55
1,187,15,55
1,187,15,55
1,187,15,55
1,187,15,55
1,187,15,55
1,187,15,55
1,187,15,55
1,187,15,55
166,159,204,111
160,150,200,120
151,139,212,131
146,135,212,135
136,130,215,140
123,125,217,145
115,122,217,148
106,117,219,153
98,114,219,156
96,110,229,160
93,109,230,161
84,98,233,172
77,82,233,188
