505,211,129,45
505,208,123,46
503,205,122,49
496,206,126,52
496,205,128,52
495,206,123,51
495,205,120,50
494,205,116,49
494,204,116,49
496,205,116,49
497,206,115,48
497,207,115,46
492,209,120,48
488,211,124,45
484,214,121,43
482,216,131,44
478,219,129,43
470,224,128,42
466,228,128,41
463,232,127,40
460,236,137,40
457,238,135,40
457,240,136,40
459,241,138,39
461,242,139,42
464,242,139,48
467,243,137,49
469,243,137,48
470,243,145,46
469,243,148,47
467,241,146,49
467,235,146,57
464,232,145,62
463,233,110,61
461,238,104,57
456,243,99,52
447,249,105,48
442,252,105,46
443,251,105,48
445,251,105,46
447,249,106,48
450,248,106,48
453,247,105,47
456,246,109,50
459,244,109,50
463,243,108,47
465,240,109,48
468,238,108,47
470,236,109,47
472,236,107,46
476,234,104,48
482,225,102,57
485,220,102,57
489,217,101,57
492,214,100,56
496,211,99,58
501,208,99,58
504,206,99,58
508,205,99,58
512,204,99,58
516,203,98,58
520,202,98,58
524,203,98,58
529,204,100,57
533,207,99,58
535,210,101,60
535,212,106,64
533,212,109,67
526,209,103,75
506,207,131,83
490,212,146,82
468,220,168,78
447,224,163,75
436,223,165,86
418,222,148,93
411,242,120,72
402,256,104,58
392,260,103,56
384,270,103,46
378,275,108,41
376,278,114,42
370,280,125,45
373,280,125,45
380,280,124,42
394,280,123,41
410,279,118,44
420,276,117,44
446,272,118,43
463,270,120,41
486,268,121,41
510,266,119,40
522,267,119,40
530,267,118,40
535,267,118,40
540,267,125,40
545,266,124,39
550,267,123,38
554,267,124,39
559,266,123,38
563,266,122,40
567,265,122,40
570,264,122,39
578,256,114,49
604,240,86,60
601,215,90,85
602,204,87,98
603,201,87,105
610,199,84,106
615,195,82,108
627,195,75,109
630,195,74,108
633,196,73,110
636,197,72,109
639,199,71,108
642,201,70,107
645,203,71,108
646,203,71,108
650,205,71,108
651,206,71,109
653,207,71,109
655,208,71,109
657,209,71,109
658,211,71,112
660,211,71,113
662,211,71,113
665,212,70,112
666,213,69,111
667,214,69,110
667,214,68,109
669,216,68,107
669,216,68,107
667,216,71,109
663,215,70,111
657,214,69,110
650,214,71,109
643,213,70,108
635,213,69,107
629,212,68,106
624,211,72,109
621,210,71,108
623,211,70,107
624,209,69,106
624,210,68,109
625,210,70,107
626,210,70,107
627,211,70,108
627,212,69,106
628,212,70,110
627,211,69,109
625,210,68,108
624,209,69,110
621,208,68,109
618,207,67,108
614,206,69,109
612,205,68,108
611,205,70,106
609,204,69,105
609,203,69,104
609,202,69,108
609,202,69,108
610,203,70,108
612,202,68,107
613,203,68,110
612,203,67,111
611,204,69,109
609,204,69,109
605,204,70,109
600,204,70,109
596,205,68,110
594,203,67,109
595,202,68,107
594,200,67,106
594,200,68,107
593,198,67,106
593,197,67,106
592,195,68,109
591,194,67,108
591,193,68,109
591,192,67,108
592,192,69,109
592,191,69,109
592,191,69,109
592,191,68,108
593,192,68,108
592,193,69,109
592,192,69,109
593,192,68,109
593,190,67,108
594,189,69,111
594,188,68,110
594,188,69,108
594,187,68,107
595,185,70,112
595,184,69,111
595,183,69,110
595,182,68,109
595,180,67,108
594,179,68,108
594,177,69,109
594,175,69,109
595,173,69,107
595,171,68,106
597,169,69,110
597,168,68,109
597,167,67,108
597,166,66,107
598,165,68,106
598,163,67,105
599,163,68,106
599,161,67,105
598,160,69,106
597,160,69,106
598,160,70,107
597,159,69,106
599,158,69,108
599,157,68,107
598,158,70,106
598,158,70,106
598,159,70,106
597,158,69,105
598,158,69,104
597,156,68,103
595,155,67,102
593,155,69,104
590,156,69,104
589,158,70,107
586,159,70,107
583,160,70,107
580,162,70,107
580,163,70,107
580,163,69,106
579,163,68,105
579,165,67,104
577,166,68,106
576,166,67,105
575,166,68,104
573,165,67,103
573,164,68,105
572,164,67,104
572,165,68,103
570,165,67,102
568,165,66,106
567,164,65,105
567,164,67,105
566,164,66,104
565,164,65,103
564,164,67,106
563,163,66,105
562,160,67,106
560,157,66,105
559,156,68,106
556,154,67,105
556,151,70,107
556,149,69,106
557,148,70,107
557,146,69,106
559,147,69,106
558,146,68,105
560,145,69,106
560,144,68,105
559,146,70,104
559,151,69,101
557,160,73,95
554,167,78,82
540,177,90,73
536,178,97,72
533,182,95,68
528,182,95,62
507,172,110,72
481,160,127,82
457,154,145,85
431,151,163,86
400,152,184,77
382,143,174,86
369,141,178,91
367,140,141,86
356,163,109,63
348,175,103,52
345,179,103,49
343,183,100,48
346,188,94,45
348,193,94,45
352,196,94,45
355,198,93,44
357,200,92,44
361,201,91,43
366,203,89,41
372,203,86,42
384,202,82,45
398,205,77,40
404,205,72,43
415,207,74,38
422,208,73,40
430,208,73,40
435,208,71,39
440,208,72,39
446,205,72,39
450,200,72,46
451,193,73,54
441,192,82,56
438,192,81,57
433,192,81,57
427,192,81,55
419,193,92,55
415,197,101,53
416,192,100,55
416,190,95,56
419,189,100,55
419,187,87,56
419,186,83,57
424,186,80,57
413,182,94,59
418,181,91,60
424,171,90,70
431,168,89,70
438,168,88,72
445,168,87,71
453,168,90,75
457,168,89,74
462,169,89,74
464,169,89,74
467,169,93,76
469,170,92,75
471,171,91,74
473,171,90,76
475,171,89,75
476,172,92,76
477,172,91,75
479,172,90,74
481,174,91,76
483,174,91,76
484,175,93,78
486,175,92,77
489,176,94,78
492,177,93,76
493,177,92,75
495,179,94,75
496,179,93,74
499,180,92,76
501,180,91,75
503,181,90,77
503,181,89,76
506,182,91,77
507,182,90,76
509,183,92,78
509,183,92,78
507,186,96,74
507,186,95,73
508,187,98,77
508,187,97,76
512,187,92,77
514,187,91,78
515,186,90,77
513,186,90,77
513,186,95,76
516,189,93,75
517,191,90,73
516,191,90,73
515,191,93,73
517,190,92,72
522,190,92,74
524,190,92,74
526,191,91,73
528,190,90,72
532,190,89,76
534,189,89,76
537,189,91,77
540,189,91,77
544,192,89,76
546,191,89,76
549,192,91,78
551,192,91,75
552,192,91,75
554,194,91,75
556,195,90,74
558,196,89,73
561,197,89,73
562,197,88,72
562,197,91,76
562,197,90,75
565,198,89,74
568,199,87,73
569,199,86,72
572,199,90,74
572,200,90,74
572,200,89,73
575,200,88,73
577,199,87,72
579,199,86,71
580,198,92,76
582,197,91,75
584,198,90,76
585,198,89,75
583,199,92,75
583,198,91,74
585,198,97,74
585,198,96,73
587,199,93,72
587,198,92,71
588,198,92,71
587,197,92,71
586,196,91,73
584,195,90,72
582,196,88,71
578,194,87,70
577,192,92,75
577,189,91,74
580,186,89,75
581,182,88,74
582,180,88,74
582,178,87,73
582,177,86,72
584,183,90,67
584,195,91,55
587,200,87,56
587,201,87,57
589,202,86,56
589,202,92,56
590,202,91,56
592,203,90,55
592,202,90,55
593,203,90,57
593,202,90,57
593,203,91,57
591,203,91,57
586,202,91,57
581,203,92,56
575,201,92,56
576,201,93,54
575,201,93,54
576,203,91,54
577,203,91,54
576,204,91,53
577,204,90,52
578,205,91,52
579,205,90,51
579,206,89,50
579,206,88,49
580,206,98,52
580,206,98,52
579,206,97,51
576,206,103,53
576,206,103,53
576,206,98,54
575,206,98,54
577,208,96,55
578,209,93,54
578,210,92,53
577,210,92,53
576,211,91,53
574,211,91,53
572,212,94,54
571,212,93,53
571,214,93,53
570,214,93,53
571,214,93,53
572,214,92,52
572,215,94,54
571,215,93,53
573,217,95,54
573,217,94,53
576,218,94,54
576,218,93,53
577,219,92,53
577,219,91,52
580,220,91,53
580,220,90,52
582,221,89,51
581,221,89,51
583,221,89,53
582,220,89,53
581,219,89,53
583,220,87,53
584,220,87,53
578,217,94,57
565,210,106,59
568,207,102,61
568,207,101,60
569,207,103,65
569,207,102,64
570,208,107,67
570,208,106,66
571,208,107,67
571,207,106,66
572,208,107,67
572,208,107,67
573,209,104,69
573,208,104,69
576,209,101,72
577,208,101,72
578,207,101,72
580,207,101,72
582,209,101,68
583,210,101,68
584,209,101,71
584,208,101,71
585,209,102,70
586,209,101,69
587,210,101,69
587,210,101,69
589,209,102,70
590,209,100,70
591,209,100,70
592,212,100,70
592,212,100,70
594,214,100,69
594,214,99,68
595,214,98,67
595,214,101,69
594,214,100,68
593,214,99,67
592,214,99,67
590,213,98,66
590,214,101,68
589,214,100,67
588,215,102,66
588,214,101,65
588,213,101,65
589,212,104,67
589,212,103,66
591,211,103,66
591,211,105,68
592,210,105,68
595,211,103,68
596,211,103,68
596,211,102,67
596,210,101,70
596,209,100,69
600,216,96,64
602,220,94,60
602,221,97,58
602,220,96,58
600,218,96,58
599,219,95,57
597,218,95,57
595,220,97,54
595,220,96,53
594,221,96,53
593,221,95,52
593,220,95,52
592,219,95,52
594,220,93,53
593,220,93,53
594,221,93,53
595,222,92,53
595,222,91,52
597,221,90,53
599,220,89,52
600,220,91,54
600,220,92,55
600,219,91,55
598,220,95,54
597,219,94,54
595,217,94,54
592,214,93,54
589,208,92,53
585,201,95,55
586,201,96,54
585,201,94,54
587,200,94,54
586,200,94,54
585,200,93,54
584,201,92,54
583,200,92,54
584,200,91,54
584,199,91,54
585,200,88,55
585,199,88,55
587,200,89,54
585,200,97,54
583,200,97,54
581,200,97,54
579,199,97,54
575,200,103,53
573,200,102,53
567,200,106,53
565,200,107,53
564,199,107,53
564,198,109,53
564,196,109,53
565,195,108,52
564,195,107,51
567,196,104,49
566,196,103,48
565,195,102,47
568,194,101,50
570,193,99,50
569,192,99,50
572,193,96,49
574,194,95,50
574,194,94,49
577,195,93,50
577,195,93,50
577,195,95,51
577,195,95,51
576,195,98,51
576,194,94,51
576,195,92,51
574,194,95,51
573,191,97,52
573,189,97,52
572,189,101,52
570,188,103,52
570,187,102,51
573,187,99,51
574,187,103,51
576,187,101,51
577,187,99,51
576,186,99,51
574,185,99,51
572,184,99,51
571,183,99,51
566,177,105,56
559,169,103,63
554,166,108,65
551,164,107,67
550,163,111,68
550,163,111,71
550,164,110,70
549,164,109,69
549,164,108,70
549,165,107,71
550,166,107,68
550,166,107,68
551,168,109,69
557,172,101,64
558,183,100,53
559,184,100,54
558,184,99,54
558,184,98,53
558,186,102,52
558,185,105,52
558,185,105,52
555,186,105,52
553,185,105,52
554,185,109,53
555,185,108,51
556,186,106,51
557,186,105,53
558,186,105,53
559,186,111,53
562,187,111,53
564,187,110,53
565,187,109,52
565,187,109,52
567,188,107,52
571,187,106,52
572,186,106,52
573,187,105,52
574,184,104,55
576,177,106,62
576,176,106,62
577,175,105,64
577,174,104,63
578,174,104,64
579,173,103,63
580,172,102,62
581,170,105,62
583,167,105,62
585,163,105,65
586,160,105,65
587,159,105,65
589,159,104,64
591,158,104,64
593,158,108,65
593,157,107,64
595,157,106,63
597,157,105,62
601,157,104,63
603,157,103,62
605,157,103,66
606,158,103,66
607,159,103,64
608,160,106,64
609,160,105,63
611,160,105,65
613,160,107,66
614,161,107,66
615,161,106,65
617,162,106,65
618,162,105,64
622,163,102,63
629,160,96,66
633,153,92,73
632,150,90,76
624,147,91,79
615,150,98,76
598,153,110,73
596,149,110,79
594,145,107,82
593,141,78,84
591,155,65,73
590,163,57,66
586,168,55,61
583,173,48,58
579,167,55,64
578,175,54,55
579,174,51,56
582,176,52,54
582,176,55,54
584,176,52,53
586,176,52,52
589,172,51,56
590,175,50,51
590,174,50,53
594,174,53,52
598,174,51,51
601,172,52,55
605,173,47,50
610,171,51,52
618,169,49,50
629,166,48,52
637,159,57,56
644,166,55,46
649,167,63,44
658,169,60,39
666,165,62,40
682,168,70,38
692,163,70,44
704,165,73,44
712,165,74,45
722,160,79,49
724,160,78,48
729,163,75,46
728,164,76,45
729,163,74,45
731,163,73,45
730,163,74,44
730,164,73,43
736,165,74,44
737,167,73,44
738,169,72,42
742,167,69,45
744,167,67,45
739,168,72,44
735,170,74,42
730,167,74,47
719,168,77,45
718,170,69,42
707,169,75,44
700,169,74,43
702,166,76,48
695,167,78,46
691,169,76,45
688,169,76,44
684,168,75,44
683,169,75,43
679,167,74,44
677,167,74,46
674,167,74,45
670,169,73,42
666,168,75,45
662,165,74,46
656,167,76,45
657,165,77,45
656,164,76,44
654,160,77,46
655,157,75,46
650,154,76,45
653,154,58,46
649,148,67,50
645,143,67,55
635,141,71,56
629,147,78,47
628,149,73,44
620,148,76,45
617,152,80,42
619,149,75,45
613,150,82,46
615,152,80,45
617,152,77,45
621,152,73,46
624,153,72,45
625,152,73,45
627,151,74,45
630,152,72,44
630,150,72,46
630,144,65,52
632,148,62,49
632,141,67,57
632,142,63,56
631,143,58,54
632,148,52,49
631,150,52,46
632,151,47,47
632,151,52,46
633,151,49,48
631,153,55,46
631,150,58,50
631,152,57,47
631,154,55,47
631,155,58,46
631,153,56,48
630,156,59,46
629,156,60,45
632,155,57,46
633,154,55,48
633,154,56,48
632,154,57,47
631,153,56,46
630,155,56,43
629,152,58,47
626,152,58,49
624,152,57,48
622,153,58,47
620,154,54,45
618,152,51,45
618,149,56,47
617,153,57,42
619,151,56,45
620,152,54,44
620,155,54,41
620,149,56,46
620,152,57,46
620,154,51,43
619,150,59,45
618,151,57,43
620,151,57,42
620,151,56,41
619,148,58,43
619,148,58,42
618,147,59,42
619,149,59,41
619,148,64,40
618,143,59,44
618,143,59,44
618,141,62,48
618,139,63,45
619,136,62,47
619,136,63,46
621,136,57,46
622,137,61,45
621,135,60,46
621,137,62,43
621,137,62,43
621,137,62,42
621,137,62,43
621,137,63,43
621,135,63,45
621,138,63,41
621,136,63,43
621,140,65,41
622,137,63,44
622,138,61,42
624,138,61,41
624,137,62,44
622,135,67,45
621,134,68,46
622,133,66,47
622,138,61,41
621,132,66,47
623,123,64,54
622,121,62,58
621,118,71,61
620,118,70,60
621,118,70,60
621,118,69,59
622,120,72,59
622,120,71,61
622,121,72,61
621,121,72,61
621,122,75,61
621,122,75,61
623,123,75,61
623,123,75,62
623,123,75,62
624,125,75,62
623,127,75,62
623,128,75,62
623,129,74,61
624,129,74,61
626,129,73,60
626,128,73,60
626,127,72,59
628,126,71,58
628,127,70,57
628,126,70,59
628,127,70,58
628,127,69,57
627,127,71,57
628,127,71,57
627,126,70,56
627,126,70,56
627,125,73,59
627,125,72,58
628,127,71,57
627,127,70,56
628,128,69,57
628,128,69,57
629,128,68,56
629,128,67,55
628,128,66,54
626,128,70,56
626,127,70,56
625,126,70,56
624,125,69,55
623,126,68,54
623,126,68,59
622,126,67,61
624,126,68,58
624,127,69,57
623,127,69,57
625,128,66,56
616,131,74,54
610,139,78,43
605,141,89,45
601,139,94,46
598,144,94,41
594,141,98,45
592,142,100,48
590,143,101,47
589,142,102,47
588,140,101,49
589,141,100,47
589,141,102,49
586,143,106,48
584,142,109,47
581,143,107,46
581,137,104,51
581,135,107,53
582,134,108,55
583,135,103,55
583,135,107,54
583,134,106,55
584,135,105,55
585,135,106,55
585,135,108,55
586,137,106,55
586,141,114,55
584,148,92,48
582,155,92,39
580,157,91,38
576,155,98,38
575,156,98,40
574,156,96,43
573,159,95,42
573,158,95,42
574,157,94,41
574,157,94,41
575,157,93,40
571,158,95,40
567,157,96,40
560,158,104,40
551,158,112,40
544,158,106,39
538,158,120,40
525,158,122,38
519,156,122,41
518,157,109,39
514,157,105,39
513,158,102,39
509,157,100,38
510,157,96,37
512,157,94,35
513,157,93,36
514,157,92,36
517,157,91,36
520,156,91,37
526,155,89,37
534,155,86,38
544,154,82,38
559,154,72,37
571,155,68,37
581,155,69,39
588,155,69,39
595,154,69,39
601,152,69,39
609,151,67,39
620,150,67,39
629,148,67,39
645,146,68,36
655,142,74,38
669,139,72,38
678,137,71,39
684,136,65,41
687,134,60,41
687,133,57,41
693,129,41,44
693,129,41,44
693,129,40,43
694,131,39,44
695,133,38,43
694,134,37,41
695,134,36,40
698,135,33,40
698,135,33,40
702,137,30,40
705,137,29,39
709,138,28,40
714,139,27,40
714,138,27,43
714,138,27,43
714,137,27,43
713,137,27,43
712,138,26,42
709,139,25,41
709,139,24,40
709,142,23,39
709,143,22,38
708,143,22,38
690,137,56,53
693,139,59,50
682,140,55,50
672,145,55,41
667,147,55,41
663,148,56,42
657,145,72,52
647,151,81,49
642,155,85,46
641,160,84,44
642,163,78,42
644,165,76,41
645,166,75,40
645,167,74,39
647,167,75,42
648,167,74,41
649,169,78,43
650,170,77,43
654,171,76,42
654,170,76,42
655,170,76,42
656,170,76,42
