220,168,41,26
219,171,41,26
219,171,41,25
220,172,38,26
220,170,39,30
220,172,39,27
217,172,41,28
214,173,43,28
214,175,41,28
213,176,41,29
212,179,42,29
210,181,42,29
210,182,43,30
211,183,42,30
212,185,41,33
209,187,44,32
210,189,43,32
209,191,42,31
209,191,43,32
209,193,42,32
210,194,42,30
209,193,42,31
209,194,41,31
210,194,42,32
211,194,42,32
208,195,44,31
208,196,43,30
208,197,42,29
209,198,43,29
210,197,42,30
210,197,41,30
209,197,43,31
208,196,42,31
209,197,41,31
208,197,41,32
208,197,43,31
207,197,43,31
207,199,43,31
208,200,43,31
209,199,42,30
210,200,42,30
210,199,43,31
211,198,43,32
211,197,42,31
211,199,41,30
211,199,42,31
212,199,41,31
213,198,41,32
213,199,41,32
212,200,42,31
213,200,41,30
212,199,44,34
212,199,43,33
214,200,42,32
214,202,43,31
213,203,43,31
213,202,43,31
213,201,44,32
213,201,44,32
214,202,44,32
216,203,44,32
216,201,45,33
219,202,44,32
218,199,46,36
219,199,46,36
223,199,46,39
223,199,49,40
224,197,50,41
225,197,51,42
226,197,52,43
227,196,53,44
227,196,53,44
228,195,52,46
231,196,51,45
228,199,55,45
228,202,55,41
228,203,55,41
227,203,57,43
226,201,59,46
226,201,59,46
227,202,58,45
223,201,63,47
222,201,63,47
222,199,64,52
221,197,65,55
220,202,64,52
222,204,64,52
222,206,66,52
222,209,68,49
223,211,68,49
221,212,67,48
219,212,71,50
219,213,71,50
218,213,71,50
219,214,71,51
220,214,71,51
221,216,70,52
223,217,70,52
224,217,70,52
223,219,69,51
222,219,72,56
222,219,72,56
220,221,75,56
220,221,76,56
217,222,79,57
215,221,79,60
217,221,80,62
214,213,80,69
212,214,82,69
212,212,83,73
212,211,83,74
209,211,82,73
211,212,81,72
209,209,83,77
207,205,85,80
204,202,88,82
201,200,96,84
200,198,96,84
196,194,103,86
193,191,106,86
192,188,106,87
190,184,106,89
188,180,109,91
187,177,110,93
183,174,115,94
180,171,115,94
178,170,115,94
178,169,115,94
178,169,115,94
176,167,117,96
175,166,117,96
174,165,116,95
174,164,115,96
173,163,115,96
174,164,116,96
172,166,115,95
173,163,118,95
173,163,117,94
174,164,116,93
175,162,115,92
175,163,114,93
174,164,113,92
173,165,113,92
172,165,113,92
167,165,116,94
166,166,115,94
165,165,115,95
165,167,116,95
166,167,115,94
165,166,116,94
165,165,115,95
164,165,114,94
165,164,116,95
165,163,115,94
166,166,114,93
165,165,114,93
166,165,115,94
165,166,115,94
161,170,111,90
162,174,110,87
162,176,109,86
164,174,109,86
164,177,112,84
167,176,109,84
169,175,106,83
170,178,105,82
172,180,103,81
174,180,100,79
176,181,99,78
176,182,98,77
178,182,97,76
178,183,97,76
182,184,96,75
190,185,86,74
190,187,86,74
196,187,81,74
196,186,81,76
194,187,81,76
193,189,81,76
193,191,81,76
194,191,79,73
194,191,79,73
196,191,79,73
196,190,84,73
199,191,87,74
200,192,87,74
199,194,92,72
196,208,99,59
196,211,100,59
197,214,104,59
202,221,105,55
205,223,106,55
207,226,105,54
207,231,104,53
207,236,103,52
208,238,103,52
208,240,103,52
208,240,106,52
208,239,106,52
206,237,105,51
205,238,106,50
204,238,106,52
202,236,106,52
201,238,105,51
200,238,104,50
199,238,104,50
198,236,104,50
197,229,109,59
195,224,108,63
194,221,110,66
193,218,110,66
190,215,114,66
187,212,114,66
189,220,107,54
185,216,106,53
182,213,102,52
176,209,102,52
175,205,97,57
172,203,97,57
171,200,97,57
174,198,95,57
174,197,95,57
178,193,93,63
178,193,93,63
180,195,101,63
181,199,104,58
185,198,109,58
191,198,110,56
194,199,114,53
197,194,117,55
202,192,114,53
206,190,114,53
208,187,116,55
209,186,116,55
208,184,116,55
207,181,116,55
209,177,116,57
206,173,116,57
197,171,116,57
194,168,116,57
190,163,115,57
186,158,116,57
178,158,116,57
162,157,116,57
151,152,118,66
148,150,117,65
152,146,112,69
151,142,112,69
152,144,115,68
151,142,115,68
145,152,127,56
140,152,127,56
134,153,126,59
126,153,125,58
120,158,116,56
113,160,115,55
120,162,100,54
118,162,99,53
118,163,99,53
118,165,99,53
125,168,94,57
127,170,94,57
132,170,92,57
136,168,92,57
144,165,97,59
156,163,96,58
170,158,101,64
179,155,101,64
191,158,102,63
210,156,101,62
224,160,101,61
225,161,101,61
224,160,100,60
224,159,100,60
226,160,100,60
225,159,100,60
223,158,99,59
221,157,99,59
219,156,98,63
219,154,98,63
223,153,97,66
223,151,97,66
220,149,102,66
219,148,101,65
218,148,99,62
215,146,98,61
211,143,97,60
203,142,97,60
198,142,97,58
191,142,97,58
186,142,97,58
183,142,96,57
180,142,101,57
176,141,101,57
175,140,102,60
174,138,102,60
172,132,102,69
170,132,102,69
176,126,93,76
175,126,93,76
173,134,98,69
171,134,98,69
167,132,101,72
166,132,101,72
162,135,117,72
159,136,117,72
152,137,129,72
152,137,129,72
152,137,129,75
150,138,129,75
148,137,131,79
147,138,131,79
145,138,136,79
144,137,136,79
143,137,136,79
142,137,135,78
141,138,135,78
139,137,137,81
138,137,136,80
137,136,137,83
137,136,136,82
136,136,135,81
136,132,134,87
136,130,125,88
133,129,121,88
128,126,124,88
121,127,129,88
114,127,135,85
105,127,141,83
95,127,155,79
89,125,160,80
76,127,176,75
69,127,183,75
63,126,187,80
67,121,187,85
71,121,183,85
66,124,186,81
68,123,182,83
66,124,181,72
64,122,184,72
60,119,202,77
58,119,206,76
56,117,197,78
53,116,197,80
56,118,191,84
60,122,185,83
61,124,185,80
58,123,186,78
59,123,185,77
58,124,184,75
59,124,184,74
57,124,184,74
52,123,183,74
48,121,184,81
47,121,182,81
46,120,182,83
44,119,182,83
42,120,184,86
39,118,184,86
38,116,183,85
39,118,180,87
36,117,177,86
36,116,175,88
37,117,171,88
37,115,175,89
44,113,168,87
48,111,159,87
57,109,144,89
74,107,125,89
86,104,113,88
101,105,98,77
99,105,97,71
91,102,102,70
82,102,103,66
77,101,103,66
74,100,103,66
69,100,108,69
67,100,111,71
66,106,115,67
66,110,118,67
64,120,121,58
64,121,123,62
68,122,120,68
72,123,120,73
73,124,122,72
75,126,120,71
76,127,121,73
78,128,121,72
78,129,120,71
80,129,120,70
81,132,121,70
83,131,121,72
84,131,120,71
86,132,120,70
88,134,121,69
89,135,120,68
92,136,120,68
92,138,120,67
91,137,123,70
94,138,119,69
94,139,121,69
95,139,122,71
97,138,121,70
100,137,121,70
101,139,121,70
101,139,124,69
101,138,124,69
101,140,122,69
101,139,121,68
103,139,122,70
104,141,123,70
105,142,123,69
104,138,127,74
103,137,126,73
104,139,127,73
103,141,130,70
103,141,130,69
103,141,129,68
103,143,131,69
103,142,133,70
104,144,133,69
104,142,133,69
104,142,133,69
105,147,133,68
104,147,132,67
104,146,134,68
104,147,133,67
103,146,137,66
104,149,135,66
104,148,134,65
104,149,136,64
105,148,136,66
104,147,138,68
106,147,137,67
107,146,137,66
108,146,137,68
110,145,137,66
109,145,138,65
109,146,137,64
108,144,137,65
109,142,136,66
110,141,135,65
109,141,137,64
108,139,138,65
108,140,139,65
109,138,138,66
107,137,135,63
107,136,136,67
107,135,135,66
107,135,134,65
107,134,134,67
106,132,133,66
106,131,136,68
106,131,135,67
108,131,136,66
108,130,135,65
108,131,135,66
108,130,134,65
106,129,138,69
105,129,138,69
107,131,138,69
107,130,137,68
107,129,136,67
105,128,136,67
104,125,147,72
102,124,146,71
101,123,147,74
101,123,146,73
113,118,128,72
113,117,127,71
131,119,111,67
129,118,110,66
137,118,100,64
133,118,100,64
129,118,100,64
126,118,100,64
122,119,105,65
120,118,104,64
112,118,110,65
111,117,109,64
114,114,105,70
110,99,109,85
108,85,112,102
109,71,117,113
106,64,130,119
106,61,137,119
107,60,140,118
112,59,136,124
115,63,133,119
114,64,132,118
122,68,128,117
126,73,127,114
124,81,133,108
122,83,149,107
126,92,155,94
127,101,161,80
131,97,163,80
136,97,165,70
143,100,158,68
156,101,146,68
179,102,129,76
198,102,113,83
218,100,95,88
221,104,107,86
217,108,130,86
210,122,147,78
203,134,164,71
200,141,180,71
200,146,187,71
201,147,188,75
200,152,188,75
196,153,186,78
192,149,185,86
188,151,186,83
184,150,185,85
183,150,182,89
182,152,179,89
183,151,178,91
182,155,173,90
183,158,170,88
182,161,172,86
183,164,170,85
182,166,169,84
182,168,170,84
183,170,169,83
184,170,172,82
184,173,174,81
183,174,173,80
184,177,172,79
178,178,180,80
181,181,175,79
182,181,173,78
182,185,174,77
183,186,177,77
183,185,182,76
184,188,183,72
185,188,182,71
187,188,180,70
191,188,179,69
193,190,178,68
196,190,177,67
198,192,178,66
199,193,178,67
207,191,179,68
219,190,177,67
232,188,178,67
242,185,178,67
245,179,179,67
250,175,179,71
254,172,177,70
256,171,182,69
258,172,183,69
261,172,181,68
265,172,181,67
266,171,182,67
268,170,181,70
269,169,181,73
270,170,180,72
270,167,179,71
272,168,179,70
273,168,179,71
271,166,181,72
271,166,183,74
271,165,183,73
272,164,182,72
272,163,184,73
274,164,182,72
276,163,181,71
277,162,183,74
279,164,182,73
280,163,183,72
283,163,183,73
284,163,182,75
285,166,184,71
288,166,183,70
287,168,182,69
287,168,181,69
287,166,181,72
287,167,182,72
287,166,181,71
289,164,180,76
287,164,182,75
288,163,180,74
286,162,182,76
287,162,181,75
286,162,180,74
285,165,183,73
286,168,182,72
286,168,183,71
287,169,181,70
289,171,178,69
290,172,187,69
290,171,186,68
291,172,187,70
292,173,186,69
296,173,184,68
300,176,180,67
303,177,177,66
305,176,174,69
309,177,171,68
310,177,170,68
310,178,169,67
311,178,169,67
312,179,168,68
313,178,167,72
312,179,167,72
311,179,167,72
311,180,167,72
310,180,170,71
309,180,169,70
309,182,171,69
313,182,167,71
314,183,166,70
315,183,165,69
317,183,163,68
318,185,162,67
319,185,161,66
319,185,161,70
320,186,160,69
328,188,152,68
334,191,146,67
336,190,144,66
337,191,143,65
337,189,142,77
337,188,143,81
337,188,142,83
337,188,143,85
337,189,142,84
336,188,144,84
333,190,143,83
329,189,151,85
321,188,159,87
317,187,155,87
311,185,155,87
306,185,155,86
304,183,156,86
300,181,156,86
296,180,156,86
292,177,156,86
287,167,156,86
261,162,155,85
244,156,153,84
236,155,156,82
230,155,155,81
229,155,155,83
228,154,155,83
226,154,154,82
216,156,156,85
200,157,155,85
168,156,157,88
147,156,157,90
145,155,157,90
153,153,148,93
152,153,147,92
153,152,146,94
151,151,145,93
149,153,141,91
143,151,142,91
140,153,139,88
130,153,139,86
127,149,139,86
127,142,137,88
132,138,130,87
130,134,130,87
127,131,130,87
126,134,129,86
132,135,130,86
134,135,128,85
131,137,128,81
121,139,139,80
114,139,143,80
109,139,147,79
105,139,150,79
103,139,153,79
103,140,155,78
102,142,158,77
102,150,160,73
103,153,161,73
101,154,163,74
101,160,169,74
100,161,171,77
103,163,169,79
103,166,173,78
108,171,174,79
112,175,173,77
112,177,179,80
112,175,179,85
110,171,184,91
102,169,194,96
91,168,204,100
84,168,208,99
78,179,206,76
73,182,197,73
65,186,189,81
60,193,187,85
66,202,184,84
75,205,185,90
80,210,187,94
80,214,191,98
85,220,187,96
84,224,188,94
90,227,185,92
108,229,181,90
127,234,178,88
138,236,181,91
157,238,181,92
174,241,178,90
182,241,183,93
191,242,182,92
200,244,182,94
210,243,184,94
221,248,183,93
221,247,183,94
219,245,188,93
217,251,186,87
216,250,186,87
215,249,186,85
216,244,183,88
216,243,182,87
210,240,188,91
208,238,192,93
203,235,195,95
195,237,196,95
189,240,193,85
183,235,189,83
181,231,177,83
183,231,169,78
184,230,167,75
187,229,165,74
190,227,169,73
193,226,168,72
196,230,175,67
201,227,178,70
203,225,182,69
203,223,184,68
201,220,186,70
201,218,185,69
197,215,189,72
195,215,186,71
193,213,184,70
192,213,183,71
191,211,182,72
188,210,181,73
190,209,176,73
187,209,176,70
186,210,176,69
186,209,179,71
185,211,179,69
181,210,178,68
180,208,175,69
180,208,176,70
178,207,177,71
176,207,181,70
176,207,180,69
179,209,177,68
179,210,175,67
179,209,174,66
179,208,176,66
179,209,177,67
184,210,176,66
185,210,174,65
188,207,173,68
188,208,170,69
189,208,171,69
189,208,170,68
189,208,171,70
194,205,169,72
197,206,168,71
198,204,163,73
198,205,163,73
199,207,162,72
199,207,161,71
203,206,156,73
202,206,156,73
204,206,156,73
202,205,158,73
204,205,154,75
205,206,153,74
203,207,153,76
202,208,155,76
204,208,155,76
204,208,154,75
206,212,152,74
206,211,152,74
206,210,151,75
205,211,152,75
206,211,151,74
206,210,154,76
206,210,153,75
204,210,155,75
204,210,154,74
203,211,153,75
202,211,153,75
200,210,158,76
198,209,157,75
194,211,159,74
188,213,166,73
188,213,165,72
188,214,164,71
187,214,168,70
187,214,166,72
186,214,165,71
192,214,162,70
190,213,164,69
190,212,163,72
189,211,162,71
192,213,161,70
192,212,161,72
191,212,160,71
191,212,163,73
190,211,162,72
181,208,174,76
180,207,173,75
181,206,173,75
181,206,172,74
181,205,171,73
181,205,170,72
179,204,173,76
179,203,172,75
179,206,171,74
178,206,170,73
177,206,175,72
177,206,174,71
181,207,173,70
180,207,172,69
180,207,171,68
179,207,170,67
177,207,175,68
177,206,174,67
176,205,173,74
175,204,172,73
174,203,171,74
173,203,171,74
177,202,170,73
176,202,169,72
174,201,172,74
173,200,171,73
173,200,170,72
174,200,173,74
173,200,172,73
172,198,173,75
172,198,172,74
171,198,174,75
170,197,174,75
169,199,173,74
169,198,172,73
174,203,170,70
173,203,169,69
178,206,165,66
177,206,164,65
181,205,160,67
181,204,159,66
185,204,154,71
186,204,152,70
190,204,147,69
190,204,146,68
194,203,144,70
195,203,143,69
200,204,142,68
200,203,141,67
194,202,144,71
193,201,143,70
193,203,141,69
193,202,140,68
197,204,135,67
197,203,134,66
197,202,133,65
196,201,133,65
195,205,139,66
195,204,139,66
195,203,138,68
195,202,137,67
197,201,140,66
196,201,140,66
195,200,139,68
194,199,139,68
193,200,139,68
193,199,138,67
195,199,138,67
193,199,137,66
191,200,140,65
190,199,140,65
189,202,139,64
187,201,138,63
185,202,141,65
183,201,140,64
182,201,140,66
180,201,139,65
178,199,143,68
176,198,142,67
179,200,138,66
179,199,137,65
179,201,137,65
177,200,137,65
179,199,136,66
178,198,136,66
179,197,135,68
179,196,134,67
178,196,138,69
179,196,137,68
179,198,137,68
178,197,136,67
176,197,136,67
179,201,135,66
179,201,134,65
178,200,137,64
178,199,136,63
180,202,135,62
179,202,135,62
179,204,135,62
178,203,135,62
177,203,135,62
176,202,135,62
170,187,144,80
169,186,143,79
169,185,142,78
169,184,145,78
168,184,144,77
166,183,143,79
165,182,142,78
167,184,141,77
165,183,141,77
164,184,140,76
163,184,139,75
164,186,138,76
164,186,137,75
163,183,139,79
162,183,138,78
163,183,139,79
163,182,139,79
163,183,138,78
163,183,137,77
164,183,142,79
163,183,141,78
165,183,139,79
165,182,138,78
166,185,139,78
166,184,138,77
167,185,138,79
168,185,136,77
167,188,140,75
167,188,139,74
167,190,140,74
166,190,139,73
166,190,138,72
164,190,138,72
166,192,139,71
165,192,139,71
164,190,141,78
163,190,145,78
166,192,139,75
171,199,135,71
173,204,130,66
177,208,127,62
182,210,126,61
183,208,120,60
184,197,119,68
185,196,118,67
186,198,117,66
186,198,120,68
190,197,119,67
190,194,118,69
187,186,106,75
185,179,101,76
179,180,102,76
176,180,88,78
170,180,87,77
158,188,94,67
147,187,101,73
141,186,106,72
133,190,107,68
123,193,112,64
115,190,120,68
105,193,129,63
102,193,132,62
100,201,131,56
98,199,131,56
97,196,131,56
96,195,131,56
98,190,133,61
96,188,132,60
94,187,131,59
92,186,136,62
90,184,135,61
90,184,134,60
88,183,133,59
85,182,137,59
84,182,137,59
84,183,139,57
84,183,139,57
85,185,140,57
85,180,146,57
90,162,155,74
112,147,136,82
111,147,138,89
109,175,138,60
106,174,140,60
94,178,150,57
93,177,149,56
88,179,153,55
88,181,152,51
91,180,151,50
93,179,152,48
92,178,167,51
94,177,165,51
98,175,177,53
122,177,167,52
122,170,174,56
129,167,188,55
141,170,188,54
157,167,187,67
174,161,187,74
188,164,178,73
193,165,176,72
199,167,172,70
204,173,167,67
205,174,165,67
204,175,166,67
205,176,163,67
205,177,163,68
204,178,163,68
202,181,164,68
200,183,163,67
197,185,163,67
190,185,163,67
182,186,165,67
175,187,165,67
169,188,164,66
165,189,163,65
162,189,165,66
160,188,164,65
158,188,165,64
157,188,165,66
157,187,164,65
158,187,163,64
158,186,162,63
157,186,163,65
157,185,164,66
158,185,163,65
158,184,162,67
158,185,162,66
158,185,161,65
158,184,162,67
158,184,161,66
159,183,163,68
160,182,162,69
160,181,160,69
161,183,160,67
163,182,158,67
164,180,153,70
167,177,133,69
175,175,121,70
188,172,98,71
190,163,97,85
198,158,86,93
197,153,86,98
198,152,85,99
201,150,89,98
198,147,97,99
191,144,109,100
195,146,108,96
198,149,111,92
202,147,112,93
206,148,111,89
209,149,113,88
214,153,111,85
217,155,111,82
222,156,111,82
227,157,107,79
236,158,105,79
241,159,101,78
246,160,100,77
249,159,99,79
250,160,100,78
249,160,101,80
250,160,101,79
250,160,101,80
250,158,102,80
250,159,102,80
252,159,102,81
255,160,102,80
255,158,103,81
257,158,103,82
259,160,103,80
259,159,104,80
260,158,104,81
260,159,103,81
259,159,103,79
257,157,105,79
261,157,102,80
262,156,102,80
261,158,103,79
258,157,105,78
259,158,107,78
261,155,104,81
259,157,106,80
256,157,109,79
256,158,106,78
258,154,104,82
258,159,102,77
255,158,105,81
252,160,106,80
254,162,103,77
253,163,105,78
250,164,106,79
251,169,105,76
249,170,106,77
250,166,106,77
253,168,103,79
251,165,103,80
251,168,103,76
250,168,102,75
252,167,101,76
252,166,100,75
254,165,101,74
255,164,100,73
256,164,99,74
255,165,100,73
252,163,104,76
252,163,103,75
253,163,102,77
253,163,102,78
253,164,101,77
255,164,100,78
255,165,103,77
254,165,104,76
254,165,103,78
251,164,105,77
251,165,104,76
253,165,103,77
253,167,106,74
253,169,105,73
252,168,104,72
249,169,108,73
248,167,107,75
245,167,112,77
242,169,115,74
235,169,123,74
228,168,133,76
219,168,146,75
206,165,157,80
195,167,173,78
188,167,179,76
180,168,184,70
174,164,183,74
165,162,183,74
155,160,183,74
147,160,177,74
140,163,178,71
130,160,184,74
120,157,180,74
111,158,175,73
104,159,169,71
98,157,167,70
92,156,166,69
88,158,166,67
85,158,167,67
83,158,167,67
79,151,173,75
70,144,179,80
68,148,178,77
69,146,177,76
70,147,176,75
71,148,172,74
70,149,168,75
69,153,172,69
71,155,174,66
73,157,173,65
76,152,168,69
77,150,165,70
77,149,164,71
81,150,162,70
81,149,161,69
84,150,162,69
86,150,161,68
93,148,160,71
96,147,156,72
99,148,154,71
103,148,153,70
105,148,153,71
108,148,152,70
110,149,151,69
112,149,150,68
114,150,149,67
114,149,148,66
116,151,148,64
116,151,148,64
117,155,147,63
116,155,146,62
120,151,144,65
122,149,143,67
123,148,143,69
124,148,142,68
126,149,141,67
127,149,140,66
129,150,141,68
130,151,142,69
128,151,141,68
128,152,140,67
126,151,139,66
124,151,138,65
120,149,150,67
121,149,149,68
119,148,148,69
121,147,148,68
119,145,149,68
114,144,158,68
112,141,162,72
115,140,161,73
120,136,153,77
124,138,149,72
126,137,148,71
127,137,148,76
128,142,148,71
131,145,148,69
134,147,158,65
136,147,153,65
138,147,149,64
139,148,146,63
138,149,134,64
139,148,128,67
141,148,121,66
142,148,117,71
141,148,110,70
138,148,105,73
137,148,94,72
135,148,93,71
135,148,84,72
135,145,78,75
135,147,74,74
135,147,74,74
136,146,74,74
137,146,67,74
138,148,67,74
138,147,71,74
136,145,75,74
136,146,75,73
141,146,74,69
157,135,65,80
156,125,68,94
143,124,88,94
144,125,85,94
146,126,82,86
146,125,85,89
142,128,92,102
142,140,87,117
145,141,79,116
144,146,79,114
148,149,76,111
155,152,70,110
158,154,69,105
154,154,95,100
158,156,105,96
160,179,113,95
164,185,130,93
163,188,135,89
167,191,142,88
171,193,146,87
173,196,153,84
174,201,158,80
175,207,161,77
175,205,161,80
175,207,163,80
175,210,162,78
175,215,159,73
175,214,163,74
174,214,163,74
177,216,161,73
177,218,161,73
173,218,162,73
174,218,161,75
171,218,162,75
171,222,162,73
170,222,163,72
169,222,162,74
167,225,164,74
164,226,167,71
163,227,168,70
162,229,170,68
160,231,170,68
158,230,170,70
158,230,170,70
160,231,169,70
160,231,168,71
163,232,167,70
162,233,166,69
163,233,166,69
161,233,166,69
160,234,166,68
158,232,166,72
159,232,165,71
159,232,164,70
158,235,163,69
155,234,168,69
154,233,167,68
155,234,166,67
154,235,166,69
154,235,166,69
154,235,169,68
154,234,168,67
155,235,167,66
154,234,167,69
154,234,166,69
151,234,167,69
149,234,167,70
148,234,171,69
148,233,172,68
148,235,172,71
147,235,171,70
149,237,171,70
148,237,170,69
151,239,170,69
150,239,169,68
152,240,168,67
153,240,167,66
155,238,165,70
158,238,164,69
159,238,167,71
161,238,166,70
162,240,163,68
161,240,163,68
162,242,167,68
161,242,168,68
159,242,169,70
158,242,168,69
158,241,167,68
158,240,166,67
159,239,168,69
159,238,167,68
158,237,167,68
156,235,168,68
154,233,167,67
156,236,166,66
156,235,165,65
158,233,164,68
158,233,167,68
158,232,166,67
158,233,167,69
157,233,167,69
159,234,168,71
158,233,170,71
159,234,170,71
159,234,170,71
161,234,169,70
162,234,168,69
162,236,167,71
161,236,167,71
160,235,170,70
160,235,169,69
162,236,168,70
162,236,167,69
163,237,166,68
161,236,168,69
162,239,170,72
161,239,170,72
161,241,172,72
161,242,171,71
162,244,175,71
162,243,176,71
164,246,177,71
164,246,176,70
164,246,175,69
165,248,175,69
165,248,175,69
167,250,177,69
167,251,179,70
166,251,180,70
165,252,177,70
165,252,176,69
165,253,176,69
165,253,175,68
169,255,173,67
169,254,172,66
172,256,172,69
173,256,171,68
173,255,170,70
172,254,169,69
173,254,168,72
172,253,167,71
173,253,169,73
172,252,168,72
171,254,167,71
170,254,167,71
170,254,170,70
171,254,168,69
171,256,169,70
171,255,168,69
171,254,170,71
171,253,169,70
172,254,168,69
171,254,167,68
172,253,168,69
172,253,167,68
173,254,169,71
173,253,168,70
172,254,169,68
171,253,168,67
172,253,170,71
171,252,169,70
171,252,170,72
170,252,169,71
170,253,168,70
169,252,167,69
168,254,172,68
168,254,171,67
168,254,170,66
168,253,169,65
167,257,172,66
166,257,171,65
166,257,173,67
166,257,172,66
166,257,171,67
166,257,170,67
167,256,169,68
167,255,168,69
167,255,171,69
166,254,171,70
166,254,170,71
167,254,171,71
166,254,170,70
166,256,170,70
165,256,170,70
166,256,171,72
165,256,170,71
165,259,169,68
164,259,173,70
163,258,172,69
163,259,172,69
162,259,174,68
161,260,173,67
162,262,173,67
160,262,173,67
161,262,172,66
161,261,171,65
163,262,170,64
163,260,169,66
164,259,171,68
164,258,170,69
163,260,169,68
163,260,168,67
163,259,173,67
163,259,172,69
165,260,171,68
164,260,171,68
161,258,170,70
159,258,173,72
