1071,182,104,112
1071,182,104,112
1070,181,93,109
1066,177,92,108
1062,173,91,107
1058,169,91,107
1054,165,90,106
1049,161,90,106
1044,158,90,106
1039,155,90,106
1034,152,89,105
1030,148,88,104
1037,146,84,102
1033,143,83,101
1029,140,82,100
1026,138,81,99
1022,136,81,99
1014,138,93,97
1010,137,93,97
1009,137,93,97
1005,136,93,97
1001,135,93,97
1001,134,92,98
998,133,92,98
995,132,91,97
991,131,90,96
988,132,89,95
985,131,88,94
983,133,92,97
980,132,91,96
977,131,90,95
976,134,92,94
973,133,91,93
970,132,90,92
967,131,89,91
968,135,88,94
965,134,87,93
962,133,87,93
963,136,90,105
960,138,94,122
956,138,97,127
954,137,96,126
952,136,96,126
954,140,99,126
954,144,102,139
955,151,108,150
955,163,118,162
977,176,107,175
992,201,94,167
1006,226,84,154
1005,242,84,154
1004,257,84,142
1003,259,84,140
1002,258,84,140
1001,257,88,140
1004,258,88,142
1001,261,89,145
987,279,105,145
972,290,114,144
959,303,124,132
957,307,123,131
956,307,123,131
955,306,123,131
954,305,122,130
943,307,138,113
942,311,137,111
941,308,136,110
934,322,136,108
933,321,135,107
933,321,134,106
932,321,133,105
932,321,137,104
931,321,136,103
931,321,135,102
930,322,134,101
926,325,133,100
914,326,137,129
884,341,161,131
863,357,160,131
838,372,157,137
815,391,160,142
796,399,160,142
786,408,160,163
783,427,155,161
782,427,155,161
781,426,155,161
780,425,155,161
779,425,154,160
779,424,153,159
778,424,152,158
760,422,165,162
751,423,165,162
744,429,165,165
744,429,165,165
744,436,165,158
744,436,164,158
744,435,164,158
745,434,164,158
745,432,163,158
745,430,164,159
732,439,179,138
732,436,179,138
728,433,189,137
729,431,188,136
731,429,187,135
731,426,192,135
732,423,191,134
733,419,191,134
734,413,191,141
734,407,193,142
735,413,192,139
736,410,191,138
737,406,191,138
755,403,179,138
779,401,157,143
783,398,156,142
787,394,155,141
790,396,155,138
794,393,154,137
798,390,153,136
801,387,153,136
804,384,153,136
807,381,153,141
810,378,153,141
816,379,156,137
819,377,155,136
823,375,155,136
830,369,156,136
840,352,151,160
870,347,125,148
874,345,124,147
876,343,124,147
877,336,124,153
877,335,123,152
877,333,122,151
879,330,124,144
883,329,124,146
899,327,120,153
899,329,119,152
898,328,118,151
897,321,118,161
896,319,118,161
895,317,118,161
893,323,118,161
896,320,113,163
896,320,116,166
895,324,116,169
894,324,116,169
892,321,116,169
892,317,120,165
892,323,120,159
892,320,119,158
892,319,118,157
893,319,117,161
892,319,117,161
891,319,116,160
890,318,115,159
889,317,121,159
889,317,123,159
888,317,122,158
887,319,119,158
885,318,119,158
889,318,110,157
889,319,110,159
889,319,109,158
889,319,108,157
889,318,108,157
888,317,107,156
888,316,110,155
888,316,109,158
890,320,120,162
890,319,120,162
890,316,120,162
892,323,115,147
892,322,114,146
892,322,113,145
894,322,117,147
894,321,116,146
894,321,115,148
893,321,115,148
892,318,115,155
891,320,115,155
891,320,114,154
891,320,114,154
890,319,114,154
889,318,114,154
894,322,111,150
894,321,111,150
894,323,111,155
894,324,110,154
896,324,116,155
894,324,115,154
894,324,114,153
894,323,115,155
893,323,115,159
893,322,114,158
892,322,114,158
891,322,119,160
891,321,118,160
891,323,117,165
894,324,117,148
895,320,116,147
895,316,116,147
894,314,116,147
894,314,115,152
894,317,115,152
894,317,114,151
894,317,113,150
894,317,112,149
896,319,113,149
895,319,113,149
895,322,112,152
894,322,111,151
894,322,110,150
894,322,109,149
894,322,108,148
894,322,110,147
894,322,109,146
894,322,116,145
894,322,115,152
894,322,115,152
893,321,114,151
894,324,113,152
893,324,112,151
894,321,115,153
893,321,114,152
895,321,119,151
893,317,138,151
895,313,146,150
895,312,145,149
894,313,144,148
893,316,143,147
892,316,142,151
891,317,141,150
890,318,145,149
889,318,144,148
888,318,143,147
887,320,142,146
886,320,141,145
885,320,140,144
884,320,152,143
883,320,151,142
882,327,156,143
881,327,155,142
880,327,154,141
879,327,153,140
878,330,154,146
877,330,153,145
876,330,152,144
875,330,151,143
874,330,150,142
873,330,149,141
872,330,148,140
874,330,147,142
873,330,146,141
872,330,145,140
870,331,149,139
868,322,147,143
865,327,147,143
864,329,153,142
866,326,153,144
865,325,152,143
864,325,151,142
863,323,151,142
864,325,169,141
861,325,182,140
860,324,181,144
859,323,180,143
858,322,180,143
859,325,179,142
858,320,179,142
857,319,168,140
856,316,167,139
854,315,166,141
853,314,165,140
852,313,165,140
851,312,168,139
850,311,168,139
849,310,172,139
848,309,172,139
847,308,171,138
849,307,172,137
848,306,171,136
847,305,170,135
849,309,169,134
846,308,169,134
846,309,171,138
845,308,170,137
843,307,169,136
841,306,169,136
839,305,168,135
838,304,167,134
836,303,166,133
833,302,165,132
833,300,141,133
826,299,140,132
831,298,116,137
829,297,115,136
827,296,114,135
825,295,114,139
823,294,114,139
817,293,115,140
810,293,115,140
802,304,115,143
785,306,123,147
776,308,132,147
774,313,131,146
772,312,130,145
770,311,129,144
769,310,128,143
767,314,127,145
772,314,125,150
771,315,124,152
770,314,123,151
769,321,122,150
768,320,121,149
766,320,122,154
764,321,122,161
762,321,122,162
763,321,119,185
763,328,112,186
763,329,108,187
763,337,101,181
763,335,100,180
763,333,100,180
762,334,100,180
761,332,100,180
760,330,100,180
759,329,100,180
760,334,100,175
761,333,100,175
758,341,103,163
759,341,103,163
741,340,128,166
741,338,128,166
740,339,138,166
739,338,138,166
738,336,138,166
739,340,146,163
759,346,135,152
755,358,147,138
755,353,147,137
755,351,146,136
755,350,146,136
755,348,145,135
754,346,145,135
753,345,145,135
755,347,150,134
754,346,149,133
753,345,148,132
752,344,147,131
751,343,147,131
750,354,147,127
747,355,147,127
755,358,147,133
754,359,147,133
754,352,141,153
753,352,141,153
752,352,140,152
752,351,139,161
751,351,139,161
751,352,146,167
751,351,152,167
751,351,152,167
750,350,152,167
750,350,152,167
750,350,154,172
749,349,154,172
749,353,154,161
749,351,165,140
750,355,174,105
751,350,173,104
751,355,173,103
751,353,173,103
748,353,179,109
749,354,179,108
748,353,179,108
748,351,179,108
747,348,183,115
746,348,183,115
744,347,179,125
743,346,179,125
748,347,167,128
746,346,167,128
747,339,167,145
747,338,167,145
747,336,167,145
747,334,166,144
747,331,165,143
747,327,165,143
747,324,164,142
747,321,163,141
747,318,168,148
749,307,170,161
748,303,170,161
751,299,168,167
750,296,168,167
749,294,170,170
748,292,170,170
748,293,170,175
747,294,169,174
749,294,169,174
747,293,169,174
800,297,115,128
798,296,115,127
795,301,117,104
792,300,117,91
787,294,122,95
785,295,121,94
783,295,121,94
782,296,121,94
781,296,120,93
780,296,121,98
779,296,120,97
778,296,122,104
777,296,121,103
774,295,130,105
773,295,129,104
772,295,128,103
772,295,127,102
771,298,133,104
770,299,132,103
769,300,135,105
768,300,134,104
768,301,133,115
767,301,132,114
766,303,130,113
763,324,142,104
760,326,141,125
756,330,141,136
755,334,139,138
753,336,139,138
750,339,139,139
749,342,139,143
749,345,139,145
746,346,139,145
743,346,138,127
741,345,137,126
739,338,136,130
777,337,97,133
754,337,119,134
751,335,119,134
748,334,118,133
744,337,133,131
738,337,133,134
736,337,138,141
735,341,139,143
734,341,139,147
731,342,138,150
730,343,137,149
729,343,136,148
728,344,135,147
728,344,134,149
730,343,133,151
729,342,132,150
728,341,132,150
727,340,131,149
726,346,130,150
725,346,130,150
724,346,129,149
723,349,128,148
722,347,127,147
724,345,126,146
723,344,125,145
723,343,124,144
727,351,123,135
727,351,119,134
725,350,119,134
719,349,122,134
718,348,121,133
718,347,120,132
718,346,120,132
715,346,125,134
714,346,125,134
706,346,135,131
705,346,134,130
702,348,138,130
702,348,138,130
702,348,138,130
702,348,138,130
722,351,122,127
727,356,119,132
732,361,120,133
733,362,120,133
735,365,121,134
736,366,121,134
737,350,120,151
739,352,108,154
741,351,108,158
741,353,107,157
741,348,145,152
736,348,151,142
732,350,151,142
734,350,155,142
732,353,163,138
735,344,162,145
728,353,163,129
725,354,163,124
718,329,176,156
716,332,177,163
716,336,181,163
715,337,181,163
714,338,181,163
724,351,171,156
732,351,167,158
731,351,167,140
730,350,167,140
739,351,162,140
738,351,163,141
738,351,163,141
738,351,163,141
738,351,163,141
737,351,163,144
737,351,169,144
737,352,169,144
736,355,172,146
735,355,172,146
722,355,184,146
722,355,184,146
721,358,188,143
720,358,188,143
720,358,188,143
719,358,188,143
718,358,192,143
718,358,192,143
718,357,192,143
741,356,174,146
743,353,173,145
743,352,173,145
743,364,173,139
743,364,173,139
743,364,173,139
743,364,173,139
743,363,173,139
743,363,173,139
743,363,172,138
743,365,172,138
742,365,172,138
742,369,176,135
743,367,175,134
735,367,185,135
735,365,184,134
725,368,200,133
726,372,199,131
727,370,198,130
728,368,197,129
728,366,196,128
721,369,204,127
721,368,203,126
715,370,209,125
715,369,208,124
715,367,207,123
715,370,209,122
715,369,208,121
715,368,207,120
715,367,206,119
743,369,182,139
755,372,176,139
754,372,176,130
755,365,176,132
761,366,177,137
761,366,177,138
761,366,170,137
761,365,169,136
761,364,171,135
761,364,170,134
761,363,170,134
762,362,170,134
770,361,168,136
770,361,168,136
768,362,179,137
768,360,178,136
768,359,177,135
768,358,176,134
771,357,183,135
772,356,182,134
791,341,166,122
789,337,166,122
787,316,168,141
788,312,167,140
786,288,167,166
786,285,166,165
784,281,168,169
784,279,167,168
793,282,162,170
793,281,161,169
793,283,163,170
793,282,162,169
793,281,161,168
793,282,164,169
793,281,163,168
793,284,162,167
793,283,167,167
793,282,166,166
792,284,169,168
792,283,169,168
792,282,169,168
792,281,169,168
794,284,168,169
794,283,167,168
797,282,167,169
797,281,167,169
799,283,167,169
799,282,167,169
799,281,167,169
799,281,167,169
799,281,167,169
799,281,167,169
799,284,167,169
799,285,166,168
799,286,165,167
799,286,164,166
799,286,164,166
799,286,164,166
799,286,163,165
799,286,162,164
799,285,162,164
799,284,162,164
799,284,162,164
800,284,166,167
789,302,174,151
779,314,187,136
779,325,188,123
779,324,187,122
779,324,186,121
793,321,177,123
793,320,173,122
785,336,177,113
784,336,176,112
778,335,176,112
777,334,176,112
777,334,183,117
776,334,182,116
781,334,180,120
780,336,179,119
780,338,178,118
780,340,180,123
779,339,180,123
778,338,180,123
769,346,187,119
769,347,187,119
769,347,187,119
769,347,187,119
771,344,187,121
771,344,187,121
796,345,173,121
799,346,172,120
812,348,155,120
814,361,155,114
816,362,154,113
816,363,153,112
816,363,153,113
816,363,152,112
816,363,151,111
819,362,151,130
821,363,152,131
847,365,133,167
842,368,137,170
841,369,137,170
840,372,137,170
839,373,136,169
828,373,147,177
827,373,147,181
826,373,146,180
843,377,132,167
842,377,132,167
842,377,132,179
842,377,132,179
841,376,132,179
840,375,131,178
839,375,131,178
839,375,131,187
838,374,131,187
837,384,128,173
836,384,128,173
838,385,128,181
838,384,128,181
837,383,127,180
836,382,127,180
840,379,127,185
840,378,127,185
840,377,127,189
839,376,127,189
838,373,127,189
845,378,119,170
845,378,119,170
845,377,119,170
845,376,119,170
845,375,119,170
853,372,109,182
852,375,109,182
850,373,109,183
849,370,117,183
849,368,117,183
852,375,115,163
851,374,115,163
851,373,115,163
850,372,115,163
849,371,115,163
848,370,115,163
849,374,112,162
847,375,112,162
847,371,112,179
846,372,112,179
845,372,112,179
844,372,112,179
844,371,112,179
843,370,112,179
843,368,112,179
842,375,120,167
842,374,120,167
843,371,120,176
843,371,120,176
843,376,120,176
842,375,120,176
837,371,125,177
836,370,124,176
835,370,124,180
835,369,124,180
837,370,123,181
836,369,123,181
835,369,123,181
835,367,123,181
836,365,123,181
837,372,125,157
838,370,125,157
838,372,124,153
838,372,124,153
838,372,123,152
838,373,122,151
838,374,121,150
838,374,120,149
841,372,119,151
840,372,119,151
840,372,119,151
839,371,119,151
844,370,115,151
843,369,114,150
843,368,113,149
843,368,112,148
843,371,116,147
843,370,115,146
842,369,115,146
841,368,119,148
840,367,118,147
839,366,120,149
839,365,119,148
838,364,119,148
837,367,118,147
836,366,117,146
836,365,117,146
836,363,127,158
836,363,127,158
844,352,126,170
844,351,126,170
845,352,125,169
845,351,125,169
844,350,125,169
844,351,126,156
843,349,125,155
843,348,124,154
843,348,124,154
845,342,124,161
844,342,124,161
847,341,124,171
847,340,124,171
849,340,121,167
847,342,122,163
846,341,122,163
845,336,126,167
843,334,126,167
841,332,126,167
840,331,126,167
843,335,126,169
842,334,126,169
841,333,126,174
839,332,126,174
837,330,126,174
837,329,123,177
835,324,122,175
832,327,121,164
832,321,120,163
831,318,120,163
828,316,120,163
825,321,120,162
822,318,120,162
818,315,120,162
814,312,120,166
810,309,120,166
806,306,120,166
802,303,120,166
797,300,120,170
790,297,121,172
787,293,141,175
786,293,153,166
785,289,152,165
779,285,157,167
774,281,157,167
769,278,162,167
765,275,161,166
760,271,160,170
756,267,159,169
750,264,159,169
745,265,159,160
743,261,158,171
738,263,160,189
734,262,160,189
729,259,160,201
725,256,159,206
721,252,158,205
716,249,157,204
711,247,156,203
705,249,155,210
700,250,154,214
693,249,153,220
689,250,152,220
682,244,153,222
678,243,153,217
671,236,154,222
666,232,162,221
669,235,153,220
665,232,153,220
691,231,127,216
685,229,127,218
682,226,126,217
680,224,125,216
677,221,123,219
674,215,122,218
672,212,121,217
671,210,121,217
668,212,123,212
666,212,122,212
665,209,121,211
664,207,120,210
662,205,119,209
661,203,118,208
660,201,120,214
659,199,119,213
658,195,118,212
659,193,121,215
657,195,123,215
656,194,122,214
656,192,122,214
657,192,123,210
658,190,123,210
659,191,125,215
658,191,125,215
657,192,127,217
658,190,126,216
660,199,127,207
662,199,126,206
663,197,125,205
663,195,125,205
669,197,123,205
670,195,123,205
674,194,122,207
677,192,119,210
683,190,125,214
690,192,133,218
682,190,151,222
684,188,151,222
685,186,151,222
686,184,150,221
687,182,149,220
688,180,152,223
691,181,152,240
693,180,154,261
697,180,159,262
700,179,158,261
702,177,158,261
703,174,163,264
704,173,163,264
704,172,163,265
704,171,162,242
704,168,155,228
701,170,155,227
699,170,155,227
692,172,155,222
696,173,145,232
693,173,145,232
691,173,145,232
690,173,145,232
688,174,145,232
686,176,148,232
684,176,148,232
688,182,147,231
688,181,147,231
689,180,146,230
690,184,146,229
691,183,145,228
692,183,144,227
694,184,144,213
697,182,144,214
696,182,145,212
696,182,145,212
696,182,145,212
696,184,145,212
696,184,145,212
695,184,145,212
693,181,145,212
690,167,143,227
685,164,141,236
678,165,148,209
671,165,159,209
659,163,170,210
654,168,175,208
653,168,175,208
653,168,174,207
642,171,192,206
628,169,207,206
620,171,211,195
590,175,237,174
560,181,261,180
540,190,277,175
523,192,296,174
522,194,292,172
522,196,291,168
522,196,291,168
521,196,291,168
508,197,302,168
505,195,302,168
496,207,300,161
493,190,300,175
493,188,300,175
492,187,301,175
492,187,298,175
492,187,297,177
492,187,296,176
492,187,295,175
492,186,301,175
492,186,306,179
492,179,306,188
492,177,306,188
498,192,305,174
503,209,302,165
506,215,296,157
507,220,300,151
506,219,299,150
505,219,299,150
504,219,301,152
503,219,301,152
502,219,305,152
496,220,306,152
474,219,323,149
471,218,322,148
468,218,304,147
468,217,304,147
467,217,304,147
467,226,302,122
459,211,303,144
442,214,306,146
439,215,306,146
432,215,306,146
443,215,296,145
443,214,296,145
443,213,295,144
442,212,294,143
441,211,293,142
443,214,293,153
442,213,293,153
439,217,295,146
440,214,294,145
440,212,294,145
440,216,293,144
440,215,293,144
440,218,297,143
440,217,297,143
440,217,297,143
440,218,297,143
440,218,297,143
440,217,296,142
440,216,296,142
440,215,295,141
441,216,308,143
442,213,307,128
443,213,306,127
443,215,307,134
443,217,307,146
442,216,307,149
442,215,306,149
442,214,305,148
441,210,304,147
446,214,306,126
446,215,306,126
448,219,307,126
447,222,309,127
447,222,309,137
452,215,309,140
452,213,308,139
451,215,307,131
453,216,307,128
453,217,307,127
454,217,306,126
456,216,306,130
456,185,306,153
456,171,301,176
455,171,300,179
456,173,299,178
455,171,299,178
456,173,298,177
457,175,297,178
457,180,297,178
460,174,297,179
464,175,296,178
463,175,297,180
460,171,296,179
458,174,297,178
466,176,296,180
466,174,295,179
466,180,297,179
465,178,297,179
464,180,297,179
468,179,294,179
466,175,294,179
472,181,294,179
471,180,293,178
470,185,293,174
470,195,292,166
481,218,292,145
477,236,292,127
471,237,293,127
470,238,293,127
505,239,269,115
506,242,268,114
507,240,267,113
539,242,232,115
538,247,232,115
521,240,253,115
504,243,272,115
499,242,273,115
496,239,274,115
504,238,267,120
502,236,267,120
500,236,268,120
497,238,270,121
494,243,271,121
492,236,278,122
490,237,279,122
499,210,276,149
497,189,276,171
497,191,276,168
497,191,276,168
497,191,276,168
497,191,276,168
497,191,276,167
497,191,276,167
500,191,276,167
499,190,276,167
498,190,276,167
497,190,276,167
496,190,276,167
501,187,276,168
501,186,276,178
501,185,275,177
500,183,275,177
511,189,268,177
523,211,260,155
530,249,254,114
539,240,242,123
551,243,237,119
552,242,236,118
554,244,234,117
546,242,234,117
541,239,245,125
529,241,254,124
527,247,258,124
525,244,271,120
541,232,272,137
556,227,282,143
559,226,283,143
570,232,283,143
573,231,283,142
572,231,283,142
573,231,283,140
573,231,283,140
573,230,283,140
573,230,283,140
578,229,283,140
578,228,283,140
578,224,283,152
578,223,283,152
578,223,283,152
578,223,283,152
578,222,283,152
578,222,283,152
580,223,280,159
581,223,279,167
581,223,278,166
581,223,277,165
581,223,277,165
583,229,281,158
583,229,280,157
583,231,280,157
592,239,272,148
592,239,271,147
592,241,271,149
593,241,269,148
585,239,279,149
582,239,279,149
572,239,289,149
571,239,290,149
570,239,291,149
568,241,290,151
568,241,290,151
568,241,290,148
566,241,290,148
563,241,290,148
562,240,290,148
562,240,290,148
562,240,290,148
562,240,290,148
568,245,291,148
568,245,291,148
567,245,291,148
566,245,290,147
546,244,291,153
546,244,291,153
548,243,291,153
549,242,291,153
552,240,291,153
586,204,274,192
588,203,274,192
589,207,274,192
591,207,273,191
592,207,272,190
593,207,271,189
594,207,271,189
596,206,270,188
601,212,269,193
602,211,268,192
604,210,267,191
606,210,266,190
610,209,265,198
612,209,264,197
613,208,263,196
615,208,262,195
619,205,269,198
620,204,268,197
622,208,269,192
623,208,268,191
624,229,267,170
612,244,290,157
603,252,298,148
601,252,298,148
600,251,297,147
600,250,297,147
600,250,296,146
602,257,294,147
601,257,294,147
600,259,294,147
600,259,293,146
603,257,293,150
604,256,293,150
610,240,280,164
610,240,279,163
609,233,278,171
608,233,278,171
607,235,285,176
606,236,284,175
605,236,283,177
604,236,283,177
606,237,280,179
605,237,279,178
608,238,288,177
607,240,287,176
605,241,286,175
601,268,286,151
593,270,288,152
590,271,288,152
583,276,301,145
583,276,301,145
587,277,294,144
586,278,294,144
584,281,295,144
581,281,295,144
566,277,296,148
563,276,296,148
561,276,295,147
555,276,295,151
554,276,296,151
565,276,292,154
564,276,292,154
563,277,292,154
561,277,293,157
560,277,293,157
558,278,293,157
551,280,293,158
549,280,293,158
548,280,293,158
549,282,293,159
548,282,293,159
549,282,292,158
571,283,273,159
570,284,273,159
568,286,273,159
567,286,273,159
567,287,273,159
567,290,272,157
566,290,273,157
566,292,273,159
568,295,270,158
566,296,270,158
564,298,270,158
563,298,270,158
562,301,269,154
562,300,269,154
565,303,269,154
565,302,269,154
572,302,268,155
571,302,267,154
571,303,267,154
570,303,266,153
569,307,266,156
569,308,265,155
569,308,265,157
568,308,265,157
567,308,265,157
566,308,265,157
570,313,265,156
569,313,265,156
568,313,265,156
567,318,265,156
566,318,264,155
565,318,264,155
568,319,263,156
567,319,263,156
570,321,265,156
569,321,265,156
567,322,265,157
566,322,265,157
567,322,265,157
566,322,265,157
565,322,265,158
564,322,265,158
563,322,265,158
562,322,264,157
560,330,264,154
559,331,263,153
556,332,263,153
541,331,274,153
538,331,274,153
535,335,275,150
533,335,275,150
526,336,284,150
523,337,284,150
513,341,290,150
511,341,290,156
509,341,289,155
499,341,301,155
494,341,301,155
491,331,300,165
487,339,304,154
485,339,304,154
477,336,306,158
476,335,305,157
475,334,308,162
474,333,308,162
476,335,310,160
475,334,310,160
484,333,301,155
484,330,301,155
510,329,273,148
513,327,272,147
525,324,261,153
525,324,261,153
531,324,254,162
531,323,254,162
530,322,254,181
529,321,254,181
529,320,253,180
529,319,253,180
525,318,254,186
524,317,254,186
523,316,254,196
522,315,254,196
519,314,256,199
519,312,255,198
521,309,253,202
518,310,253,212
510,311,214,213
509,310,213,212
501,314,211,213
501,316,202,213
498,313,201,214
496,315,200,213
497,314,200,213
500,310,200,213
497,311,200,219
499,307,200,219
499,305,197,221
496,304,196,226
495,300,195,225
496,297,194,221
496,295,193,220
496,301,192,211
496,299,192,211
495,297,192,211
495,297,192,209
494,295,192,210
493,294,192,210
492,293,192,210
494,292,195,210
493,291,195,210
494,290,200,215
493,290,200,215
493,292,201,217
492,291,201,217
491,294,201,217
484,291,201,223
483,291,201,223
492,291,201,226
492,289,201,226
500,295,193,192
500,294,194,192
500,293,194,192
497,296,194,192
497,296,194,192
497,297,194,192
497,297,194,192
497,297,194,192
497,297,194,192
497,297,194,192
497,297,194,192
501,306,198,186
501,307,198,186
515,308,186,187
515,309,186,187
518,310,186,193
520,311,186,196
520,311,186,196
520,311,186,195
520,311,186,195
520,311,186,201
519,311,186,201
515,316,191,197
514,317,191,197
508,314,203,201
509,317,203,198
510,315,203,198
511,315,204,192
511,313,204,192
514,319,204,187
514,319,203,186
514,319,203,186
514,322,205,184
514,322,205,184
515,322,205,184
515,322,205,184
515,322,205,186
515,322,205,186
516,324,209,187
516,317,209,187
521,320,205,176
522,318,205,176
523,318,206,174
523,318,206,174
523,318,206,176
523,318,206,176
523,318,206,176
523,318,206,176
523,318,206,176
523,318,212,176
523,318,212,176
527,322,209,175
527,321,209,175
528,321,209,175
528,320,208,174
532,324,211,173
532,324,211,173
532,323,211,173
535,327,211,173
535,327,210,172
535,326,209,171
535,329,209,171
535,328,209,171
535,327,209,171
538,325,209,172
538,325,209,172
539,326,208,171
552,324,203,174
560,324,200,175
560,324,200,175
560,323,200,175
560,322,200,175
569,324,193,179
568,323,193,179
566,323,193,179
564,322,193,179
548,322,216,182
547,321,216,182
546,320,216,182
545,324,216,180
544,323,216,180
542,321,220,180
541,319,220,180
533,318,228,180
532,316,228,180
529,318,228,181
528,315,228,181
527,311,231,177
526,307,231,177
529,307,228,177
527,303,229,177
534,299,219,177
533,295,219,180
532,291,219,180
531,287,219,180
530,283,219,180
529,281,219,180
529,276,219,180
529,271,219,180
530,266,219,180
547,262,216,180
546,256,218,181
546,250,219,181
546,246,219,181
546,241,219,181
546,236,223,182
551,231,221,185
549,226,223,187
543,219,233,191
543,214,233,191
540,209,238,191
539,204,238,191
538,199,240,197
534,194,247,202
533,189,248,203
532,184,249,204
530,179,251,210
525,174,258,214
527,171,261,204
532,165,257,197
537,161,253,203
547,153,239,204
549,152,240,201
549,147,241,201
549,143,241,201
551,138,250,209
551,135,250,209
553,131,250,209
553,128,250,209
553,125,250,209
553,122,250,209
553,117,255,217
553,115,255,217
553,113,255,217
556,111,254,219
558,109,254,219
576,100,243,228
576,99,244,228
580,99,242,234
581,99,242,234
581,98,244,235
580,98,245,236
569,99,263,258
570,101,261,257
571,101,262,258
572,101,262,258
562,101,279,260
563,102,280,261
557,102,289,269
559,102,289,269
561,108,289,268
562,108,290,269
559,108,297,269
561,107,297,269
574,110,290,250
575,108,290,250
589,108,274,250
588,107,274,244
597,107,273,244
599,110,273,244
600,109,273,244
602,108,273,247
602,107,273,247
603,106,273,251
603,105,270,253
603,104,270,253
611,105,267,253
613,105,267,253
630,103,246,274
631,102,246,274
634,99,245,275
634,98,245,275
637,100,245,275
641,98,245,275
663,99,218,271
658,99,219,285
658,101,220,294
660,101,218,300
660,100,218,300
659,99,218,300
659,103,218,293
659,101,218,293
662,107,218,288
660,111,213,276
661,106,213,277
660,116,214,266
659,114,214,266
658,113,214,266
657,112,218,266
656,111,218,266
655,109,217,265
653,111,216,264
650,102,216,273
647,98,216,302
644,99,216,303
644,102,216,321
642,102,216,321
640,103,218,347
637,99,218,361
637,102,218,369
635,107,218,370
633,106,218,370
631,107,218,370
629,110,222,354
627,111,222,334
625,112,225,289
623,115,235,271
621,113,235,271
618,112,235,271
615,115,235,270
613,115,235,270
611,114,234,269
608,116,234,269
605,115,234,269
603,116,234,269
600,115,234,269
600,115,234,269
597,114,233,272
595,113,233,272
595,116,230,269
592,116,230,269
587,116,228,315
589,116,215,348
585,115,215,360
588,115,216,372
587,114,222,381
586,112,222,381
585,117,222,357
584,116,222,357
584,117,222,339
584,121,222,331
585,123,226,322
607,127,211,316
587,130,226,324
587,133,225,335
585,133,228,352
586,131,228,359
585,131,228,359
585,130,228,359
588,133,228,359
589,129,228,359
583,132,228,329
585,129,227,312
588,124,227,300
592,127,228,298
585,127,240,298
588,127,243,303
590,127,247,306
586,127,268,308
589,128,268,308
592,129,268,308
587,130,268,308
588,130,268,308
588,127,270,325
589,121,275,335
590,121,275,335
591,122,275,332
591,121,275,332
591,120,284,334
591,118,284,310
588,120,287,250
589,116,287,223
593,119,286,212
594,118,285,211
595,117,284,210
592,118,300,209
593,118,300,209
593,122,306,204
593,122,305,204
595,121,302,203
595,120,301,202
599,119,299,203
599,118,298,202
600,120,297,203
600,119,296,202
599,119,299,205
599,118,298,204
599,115,297,208
593,116,330,204
594,101,383,220
596,55,401,266
597,36,407,286
596,34,407,287
595,32,407,287
594,30,407,287
593,31,410,298
592,31,409,297
591,32,408,297
589,33,408,299
587,34,408,299
586,37,409,299
585,39,409,299
599,42,406,296
598,43,407,296
597,43,407,296
596,43,407,296
602,46,405,293
601,47,405,293
600,52,405,286
598,52,405,286
597,53,405,286
596,54,406,286
595,54,407,287
594,55,408,287
611,58,395,284
611,59,396,284
610,60,394,285
609,68,391,278
609,92,344,255
606,123,322,222
606,125,312,222
606,125,305,219
607,125,304,218
607,125,303,217
606,125,302,223
607,126,300,222
608,132,290,229
608,135,281,245
608,137,279,251
609,140,275,257
608,141,275,255
608,141,274,254
609,143,272,254
609,143,272,257
609,144,272,257
611,151,277,256
611,152,276,258
612,152,275,257
612,153,283,260
613,152,283,260
613,151,285,261
612,150,285,261
612,149,285,261
611,152,293,217
615,153,300,204
616,151,310,198
616,150,313,195
616,149,318,199
616,150,316,198
615,149,316,198
614,148,321,198
613,147,321,198
612,149,319,204
611,149,319,204
611,149,328,208
611,148,328,208
613,151,326,203
612,150,326,203
611,150,344,203
614,124,355,224
617,95,367,248
617,91,369,247
616,90,372,253
615,89,373,258
614,88,373,258
613,88,372,257
614,88,370,257
613,88,370,257
612,88,370,257
611,88,370,257
612,88,370,262
612,88,370,262
612,88,369,261
611,87,368,260
613,88,374,264
612,87,374,264
611,87,374,264
614,89,368,264
613,88,368,264
612,89,370,262
612,89,369,261
614,89,368,265
613,88,368,265
612,89,374,263
612,89,374,263
611,88,374,263
613,92,371,260
612,91,371,260
612,91,371,260
611,91,373,265
610,91,373,265
612,113,318,240
618,141,298,218
618,146,293,232
616,148,289,243
614,151,279,251
615,157,276,256
614,160,275,264
613,162,274,270
614,163,274,269
614,163,274,269
613,163,274,269
613,162,274,269
614,160,275,260
613,161,277,225
616,163,286,182
617,165,290,184
612,152,294,196
611,147,297,196
610,146,297,196
610,145,297,200
609,144,297,200
608,146,297,202
605,148,297,202
616,159,291,244
615,162,267,258
613,165,267,263
613,166,269,266
610,166,269,266
608,166,269,272
606,166,268,271
612,165,265,271
612,164,265,271
612,163,259,274
612,162,259,274
614,167,259,260
615,166,259,260
616,165,262,262
617,165,262,262
617,165,262,262
616,165,264,262
616,165,263,261
615,168,265,261
614,168,265,261
613,168,269,269
612,167,269,269
611,171,272,266
609,169,272,266
608,167,272,266
607,165,275,268
606,164,275,268
609,166,270,263
608,165,270,263
606,164,272,267
605,163,272,267
615,163,264,268
612,163,264,268
629,147,248,292
722,142,157,301
720,135,157,310
719,122,157,326
717,118,157,326
712,113,160,325
711,110,160,325
708,120,160,293
705,117,160,293
700,116,170,288
696,114,170,289
691,110,196,276
689,105,196,276
689,110,194,255
688,111,194,256
687,109,194,256
685,107,194,266
684,106,194,266
682,105,194,267
680,104,194,268
678,104,194,269
673,95,202,304
669,94,203,305
646,83,219,340
640,78,222,352
635,79,222,352
630,78,222,365
621,73,228,377
615,73,226,367
606,70,226,367
597,71,226,359
590,71,226,317
582,73,222,260
567,71,221,289
558,69,221,289
551,67,221,289
539,69,226,288
532,71,228,286
528,61,231,294
527,61,231,295
521,62,231,295
521,62,232,296
521,63,232,296
521,65,232,296
515,67,240,295
514,68,242,297
511,65,243,352
508,63,246,367
506,64,246,368
509,61,243,385
507,61,243,390
505,61,243,391
507,63,243,377
507,61,243,377
508,58,243,377
508,55,243,377
508,54,243,372
507,53,243,373
497,55,247,360
493,56,247,361
489,56,247,379
490,57,248,394
488,57,249,396
487,53,250,421
486,51,250,422
483,47,251,429
484,42,251,429
478,43,251,413
478,40,251,414
479,37,252,415
477,31,252,422
479,29,256,435
481,30,257,436
482,19,258,471
481,18,259,473
477,20,263,481
477,18,263,481
473,12,272,482
475,8,271,481
475,9,270,435
477,7,272,397
475,6,289,380
479,3,289,381
482,1,290,382
479,1,295,382
482,1,295,383
484,1,337,384
481,1,332,393
479,1,318,422
479,1,305,441
475,1,306,459
472,2,307,459
477,1,300,477
482,1,289,499
483,1,290,508
484,1,290,497
485,1,290,488
486,1,290,481
489,1,290,449
501,1,290,413
506,1,290,387
503,1,289,393
507,1,290,394
510,1,290,396
512,1,290,396
514,1,290,393
517,1,290,394
519,1,293,394
522,1,293,394
523,1,298,394
525,1,298,395
520,1,319,410
513,1,316,444
506,1,314,471
495,1,326,488
484,1,327,494
477,1,328,496
464,1,329,508
457,1,327,512
451,1,336,529
441,1,343,548
436,1,344,561
426,1,346,568
423,2,347,583
406,1,365,603
404,1,365,606
409,1,362,591
390,1,382,575
369,1,402,542
321,1,459,491
287,1,497,456
292,1,498,450
295,1,499,451
303,1,500,449
307,1,501,455
310,1,502,456
313,1,503,457
316,1,504,458
337,1,490,468
385,1,449,504
419,1,423,532
419,3,424,533
414,1,421,554
407,1,422,555
407,1,423,570
406,1,424,561
403,1,425,562
403,1,425,566
402,1,426,567
407,1,421,579
406,1,422,580
404,1,416,593
401,1,416,597
399,1,416,602
397,1,416,602
383,1,434,620
381,1,433,603
374,1,431,592
368,1,435,593
369,1,436,594
367,1,437,593
365,1,435,594
375,1,414,607
370,4,399,629
374,12,398,633
375,21,392,642
342,32,318,643
323,44,280,634
290,69,300,577
255,94,329,545
219,113,378,523
217,141,376,477
212,145,366,471
209,141,367,472
208,142,367,474
210,148,364,448
212,146,365,452
213,145,366,454
216,147,361,454
217,149,362,452
218,148,362,453
223,150,363,454
224,150,363,454
227,152,360,448
229,151,361,449
232,152,380,448
233,151,382,450
234,152,378,456
234,151,379,457
244,151,375,458
243,149,375,459
249,151,376,455
246,155,376,455
255,154,374,452
257,157,376,448
260,153,369,458
260,160,373,456
263,162,383,465
261,166,395,467
267,164,394,466
270,166,393,469
279,157,395,484
287,153,394,482
288,152,393,481
297,150,393,482
294,151,418,479
288,153,425,458
289,152,431,451
292,152,446,439
296,151,467,429
302,145,466,444
308,152,436,465
311,155,417,480
317,155,417,480
326,144,404,493
331,143,374,502
327,140,375,517
318,134,373,522
323,132,357,524
332,131,339,527
336,124,333,528
333,133,332,520
335,137,331,519
337,123,328,531
337,119,328,531
340,115,328,527
333,104,329,529
345,104,331,529
350,101,337,523
358,100,317,527
362,92,323,541
367,87,336,552
365,82,336,557
372,79,343,572
375,74,339,558
376,71,339,570
377,67,340,613
378,65,358,620
380,48,353,627
379,70,356,599
384,62,364,603
385,57,376,603
391,54,364,606
389,47,364,600
391,44,364,593
396,36,372,596
396,31,375,598
397,22,375,607
397,13,384,638
396,6,387,644
398,3,390,634
399,1,391,632
402,1,394,622
405,1,403,617
406,1,395,616
403,2,385,606
404,1,384,608
404,1,384,607
405,1,384,598
403,1,384,598
404,1,387,594
405,1,388,594
405,1,388,592
407,1,389,594
408,1,389,588
407,1,393,585
405,2,411,581
410,8,411,582
409,1,406,592
409,1,397,587
409,1,387,556
411,1,404,560
410,1,431,617
411,1,421,657
412,1,422,659
414,1,420,660
415,1,420,654
417,1,420,653
415,1,440,650
415,1,447,652
415,8,444,646
415,10,446,658
416,11,433,667
417,9,428,682
414,1,430,714
416,1,424,690
415,1,423,690
417,1,431,703
416,1,464,686
418,11,488,654
417,17,491,644
417,15,499,641
414,15,514,636
416,11,514,641
416,10,500,638
415,10,480,635
416,10,479,632
415,15,486,627
415,16,486,627
419,19,486,627
417,18,486,640
419,15,476,622
421,20,451,605
420,13,433,614
422,15,431,620
424,8,429,636
423,7,429,628
419,1,429,635
420,1,433,629
420,1,443,617
421,1,435,620
418,1,436,621
422,1,445,616
425,1,436,619
423,7,444,615
422,15,446,610
425,12,447,618
423,11,450,614
423,14,453,608
423,13,458,625
422,15,467,632
422,14,467,630
423,13,468,631
424,14,472,631
424,15,471,625
425,16,472,614
425,15,479,611
423,16,482,612
425,15,482,610
423,15,492,605
421,13,501,600
421,10,501,595
422,8,500,594
419,8,501,587
419,6,522,582
422,5,533,585
422,9,531,585
423,8,531,606
424,11,531,623
423,19,549,658
424,21,559,685
422,26,561,671
425,31,531,685
429,27,522,681
421,28,529,644
421,29,528,622
421,29,524,623
418,30,548,611
420,31,552,600
418,25,550,605
419,25,530,608
420,25,533,610
419,29,545,604
420,27,537,600
418,28,522,596
417,26,515,596
415,27,509,603
413,22,479,661
412,24,455,686
413,27,448,692
413,26,448,693
415,30,448,689
414,24,449,690
415,24,441,695
415,31,439,688
416,35,445,684
415,31,455,688
414,33,452,687
418,31,452,687
420,24,453,688
414,27,463,666
413,24,463,680
414,30,477,678
413,24,478,679
416,26,477,682
418,29,457,687
415,28,470,681
416,33,489,664
413,35,490,651
413,34,492,643
414,33,481,644
413,31,474,648
414,29,474,648
422,33,476,647
415,32,486,649
415,31,477,647
414,29,467,650
414,29,474,664
411,23,478,685
415,25,476,662
418,24,480,662
424,29,479,658
417,26,475,622
418,24,480,598
416,29,498,582
415,31,495,597
418,25,485,604
418,26,474,600
424,24,483,597
419,23,508,596
416,26,520,593
418,25,516,595
417,24,507,598
420,25,502,595
419,27,501,593
419,29,497,589
417,27,498,591
416,26,499,592
418,32,500,582
419,33,500,583
418,32,498,584
418,30,496,585
420,29,476,581
420,29,458,582
421,24,442,582
419,19,438,581
421,19,431,603
420,17,431,604
420,15,431,601
419,13,432,603
421,13,432,594
420,12,432,594
424,13,433,595
423,12,433,596
423,11,430,598
422,10,430,599
422,10,431,599
423,12,444,593
423,12,449,579
424,12,434,570
425,11,435,571
424,11,440,581
425,1,441,599
423,6,442,586
425,5,443,585
424,3,444,582
424,1,445,583
426,1,447,574
425,1,447,575
424,1,448,573
424,1,449,573
424,1,452,566
425,1,460,565
425,1,459,561
422,1,463,546
413,1,463,556
403,1,429,565
396,1,425,590
391,1,426,597
387,1,435,595
390,1,435,594
389,1,436,595
387,1,437,596
385,1,438,597
391,1,431,597
390,1,432,599
393,1,432,600
393,1,433,601
394,1,433,605
393,1,434,600
397,1,427,602
395,1,431,593
393,1,432,586
395,1,430,576
393,1,433,570
395,1,431,576
393,1,432,581
393,1,433,584
392,1,432,587
394,1,431,599
394,1,431,592
391,1,432,592
394,1,430,610
397,1,429,611
395,1,429,592
393,1,430,587
394,1,429,590
392,1,430,592
394,1,427,598
395,1,427,596
395,1,428,597
393,1,429,598
393,1,428,602
393,1,427,609
393,1,425,624
393,2,425,630
394,1,425,634
397,1,419,624
396,1,420,619
397,1,419,614
395,1,419,594
393,1,420,595
391,1,421,597
392,1,419,598
393,1,417,597
392,1,417,598
392,1,418,583
393,2,419,597
389,3,420,598
394,1,417,603
389,3,417,605
393,1,413,602
395,5,410,601
394,1,410,608
394,6,410,600
394,9,411,608
393,6,338,621
396,8,332,609
395,10,332,608
393,11,332,608
394,13,333,608
391,15,334,610
393,17,335,593
394,17,344,595
393,13,343,607
393,14,343,608
392,13,344,609
392,11,347,603
390,10,347,603
392,12,347,603
389,12,347,604
392,14,348,612
389,15,349,613
391,15,353,622
393,13,353,609
394,13,354,613
394,12,354,615
396,11,354,599
395,12,357,594
396,11,357,600
396,11,358,610
395,11,357,614
396,14,357,614
395,13,362,607
396,11,360,609
397,12,358,615
398,13,352,612
397,15,352,616
399,14,353,614
400,11,353,609
401,12,352,614
401,14,352,617
401,13,352,617
400,12,352,608
400,10,352,609
401,14,352,606
399,13,352,607
401,14,352,615
404,12,352,615
403,15,355,606
404,12,355,606
402,8,355,606
403,17,338,608
404,14,338,629
404,14,331,632
403,17,329,633
401,19,338,631
402,19,339,631
403,19,336,648
403,19,336,672
402,21,302,675
398,29,301,678
397,32,305,687
400,27,293,692
401,34,293,685
407,38,292,681
409,33,292,682
410,44,327,675
411,42,327,675
407,45,316,674
406,45,335,674
408,49,335,670
405,49,359,670
406,45,359,670
408,49,363,670
411,49,363,670
409,53,398,666
405,51,431,668
407,50,430,668
405,55,430,664
410,57,430,663
412,53,432,666
410,52,437,666
415,50,438,667
408,57,453,662
410,56,454,664
416,53,446,664
421,50,447,665
414,51,454,666
416,51,448,659
414,54,431,648
415,60,432,650
413,56,442,630
416,61,450,568
415,57,442,574
414,59,432,572
413,57,434,573
413,58,442,571
412,58,451,573
414,58,451,576
412,58,442,575
409,58,433,572
413,60,429,572
413,62,432,570
411,62,433,572
416,63,432,572
416,65,430,568
414,64,431,570
413,67,432,568
412,67,433,569
416,67,431,566
414,66,432,568
417,67,429,569
415,67,430,571
416,70,419,564
415,69,419,565
417,68,421,568
417,66,422,569
416,73,433,565
415,72,434,566
417,73,431,565
419,74,422,564
416,70,407,649
416,72,375,647
415,76,376,643
414,77,376,643
413,76,393,643
411,73,394,644
411,79,397,640
411,78,398,641
412,77,399,642
413,74,399,643
415,81,420,638
416,77,420,639
417,79,420,640
418,75,420,641
414,84,435,635
412,79,435,635
415,83,434,636
412,79,434,636
417,82,434,636
415,79,434,636
419,82,434,637
416,82,438,637
415,81,439,638
417,81,440,638
414,81,451,638
414,81,446,638
418,81,446,638
417,81,443,638
417,81,440,638
417,81,440,638
418,81,440,638
419,81,441,638
420,81,441,638
420,80,442,639
420,79,443,640
422,86,444,633
421,84,445,635
422,81,447,638
422,88,442,631
423,86,419,633
426,80,419,639
426,79,415,640
425,79,402,640
424,78,403,641
429,77,402,642
426,85,403,634
427,84,404,635
427,83,406,636
429,84,405,635
427,83,405,636
430,83,405,636
430,85,405,635
429,87,406,633
424,88,406,632
431,82,413,637
433,78,413,637
433,81,399,638
432,89,399,630
430,82,404,637
434,81,399,638
436,79,388,640
437,83,388,636
436,82,389,637
437,80,390,639
439,84,382,635
437,82,387,637
440,86,393,633
438,83,394,635
440,83,385,636
440,82,385,637
442,82,390,637
442,87,398,632
442,86,398,633
440,86,396,633
443,102,393,617
441,107,394,612
440,110,402,609
441,109,402,610
439,107,397,612
442,102,394,617
441,102,393,617
441,122,395,597
443,142,394,577
440,173,392,546
440,215,385,504
468,229,365,491
483,246,359,474
495,261,342,459
499,280,317,439
504,288,298,429
502,292,301,427
500,290,302,427
493,290,302,429
500,293,299,427
500,297,299,422
499,297,300,422
502,299,300,420
502,296,300,420
501,298,300,420
503,299,300,420
503,305,300,414
505,306,300,414
504,307,300,413
505,314,299,405
499,323,302,392
488,318,305,374
488,316,304,364
490,322,303,326
493,324,304,325
497,323,305,326
504,325,324,341
500,331,332,342
499,335,332,341
498,334,337,342
496,332,338,343
494,334,343,342
488,333,365,342
490,333,385,349
494,349,406,337
496,347,414,340
500,343,414,340
513,337,410,345
512,332,409,363
512,330,406,389
514,331,406,389
513,332,407,388
514,323,408,396
515,318,408,396
519,312,409,407
519,307,408,412
526,307,409,413
537,313,450,406
539,332,471,387
541,348,478,371
542,360,481,359
545,363,480,357
540,362,495,357
539,361,496,358
538,356,499,363
539,352,500,367
539,351,500,368
539,352,500,368
539,353,501,367
540,353,501,366
541,353,496,366
541,353,497,366
540,352,498,367
539,350,498,367
536,351,499,368
534,349,500,369
532,349,516,366
530,344,517,367
535,345,506,364
531,338,508,365
527,330,509,366
523,319,511,371
530,312,503,371
533,304,492,368
529,295,494,369
529,287,492,370
527,277,493,373
527,269,493,374
527,263,492,374
528,255,484,383
528,248,480,391
528,242,480,391
528,235,493,405
525,229,494,406
525,221,478,439
511,216,474,473
425,182,554,522
421,161,557,558
419,147,573,572
418,132,592,587
416,124,606,595
419,116,608,603
419,99,611,620
421,76,595,643
423,94,584,625
426,90,551,629
426,102,520,617
429,97,489,622
429,101,479,618
429,108,482,611
431,111,518,609
435,114,521,606
436,117,523,603
440,121,533,599
446,122,535,597
446,122,537,598
446,122,540,598
447,129,542,590
454,132,541,587
455,134,542,586
454,135,543,585
452,134,545,586
455,134,539,586
455,133,541,587
452,133,535,587
429,140,555,579
428,145,542,574
427,147,545,572
424,146,547,574
427,145,543,575
432,144,534,576
431,152,536,567
429,152,537,568
427,158,539,561
425,157,541,563
428,156,504,564
426,153,506,565
432,156,515,563
430,150,516,565
427,144,519,575
425,137,520,577
426,140,513,579
423,133,515,582
427,125,501,594
425,118,493,601
423,116,492,603
420,109,493,605
424,101,484,618
420,91,486,620
423,79,475,592
421,65,470,574
422,46,470,576
421,36,467,574
419,28,469,577
420,22,465,567
418,16,466,569
422,15,450,542
423,3,438,523
419,1,418,507
418,1,399,503
416,1,374,457
409,1,357,415
408,1,339,415
406,1,337,411
405,1,331,410
409,1,331,410
407,1,329,416
410,1,327,420
410,1,326,428
409,1,326,428
411,1,330,430
410,1,330,430
411,1,330,424
411,1,330,424
414,1,324,423
415,1,322,422
412,1,325,422
417,1,315,423
422,1,310,428
425,1,308,432
426,1,310,438
427,1,312,445
427,1,313,447
426,1,313,442
431,1,310,441
431,1,310,442
432,1,308,425
433,1,303,398
432,1,304,392
426,1,304,389
428,1,309,385
428,1,309,385
432,1,309,385
434,1,307,381
435,1,305,376
437,1,260,317
435,1,245,296
434,1,242,286
430,1,241,285
411,1,264,284
407,1,263,283
410,1,265,282
409,4,265,282
412,1,265,307
411,1,267,306
409,1,266,305
420,1,262,288
418,1,262,288
419,1,258,272
419,1,223,247
405,1,224,249
402,1,224,249
405,1,224,249
408,1,225,250
411,1,225,250
413,1,225,251
419,1,222,257
420,1,223,258
433,1,214,284
433,1,214,287
434,1,213,287
436,1,213,288
435,1,214,289
436,3,214,289
435,1,214,285
434,1,214,285
444,1,214,286
445,1,214,286
440,1,215,293
437,1,222,304
437,1,232,319
437,1,234,323
438,1,233,323
439,1,233,327
439,1,233,330
439,1,228,331
448,1,229,323
460,1,221,324
452,1,221,325
449,1,223,331
446,1,224,344
446,1,225,328
442,1,227,306
436,1,231,292
445,1,231,292
425,1,271,266
422,1,288,265
433,1,288,263
441,1,282,263
438,1,258,267
431,1,271,264
426,1,278,264
417,1,326,264
414,1,311,262
412,1,316,266
412,1,334,266
419,1,342,268
420,1,341,267
425,1,300,268
431,1,291,268
455,1,261,268
481,1,253,269
487,1,253,269
488,1,252,274
488,1,267,277
486,1,256,276
484,1,256,277
481,1,257,283
481,1,257,283
484,1,257,282
485,1,257,282
486,1,269,288
485,1,267,296
488,1,249,301
499,1,248,302
494,1,253,303
492,1,254,307
489,1,272,311
478,1,280,319
467,1,298,324
458,1,306,330
459,4,306,330
456,7,318,330
458,12,316,336
457,20,308,337
455,26,310,336
