356,53,79,148
351,92,78,151
350,91,78,151
347,98,78,154
347,97,77,165
325,106,80,162
305,98,75,155
300,103,79,157
300,103,78,156
296,105,79,154
288,100,84,153
287,103,85,152
279,92,84,151
281,89,82,147
281,88,85,146
281,88,84,145
279,86,84,143
278,86,84,150
278,90,83,146
275,98,79,145
275,97,83,146
277,98,82,144
277,98,81,143
279,97,79,140
281,94,86,137
281,94,86,137
281,94,85,136
283,87,82,129
285,82,81,135
285,82,80,134
296,76,72,108
294,74,71,116
294,74,70,115
294,73,69,114
286,68,66,115
283,65,61,110
283,65,58,108
276,58,57,107
276,58,56,109
270,59,55,108
271,59,56,111
266,63,56,111
264,87,56,128
264,86,56,128
264,85,55,127
267,109,54,126
268,122,53,125
268,122,52,124
263,145,52,124
260,148,52,124
263,147,52,124
262,146,52,124
257,151,52,124
253,153,52,124
252,153,53,130
245,158,52,129
245,157,52,129
244,153,60,142
244,153,59,141
240,149,58,140
237,147,57,139
237,147,61,149
235,147,66,148
231,144,65,147
230,143,64,146
230,143,67,149
225,136,66,140
223,134,70,136
223,134,69,135
222,156,68,116
219,151,68,116
220,149,67,115
219,148,66,114
219,143,66,114
219,143,73,120
217,141,72,119
218,141,71,118
215,138,71,118
215,139,71,118
215,139,73,117
215,139,72,116
209,139,78,124
208,139,80,114
208,139,79,113
206,138,81,115
206,135,81,115
206,135,80,114
206,138,79,113
215,130,68,102
214,127,68,102
216,127,67,101
214,121,67,101
214,121,66,100
213,120,65,99
215,120,62,103
213,121,62,103
213,121,61,106
213,121,60,105
214,121,59,104
213,121,60,109
212,120,62,108
212,120,61,107
213,118,63,107
209,116,63,107
209,116,62,106
209,116,63,107
210,116,62,106
210,117,62,106
208,119,64,105
203,121,63,104
203,120,64,105
201,121,63,104
199,120,69,103
199,121,69,103
199,121,71,106
199,121,70,105
199,121,69,104
200,124,69,104
200,124,71,103
199,124,74,102
194,128,83,102
193,151,107,69
195,149,103,71
160,152,137,66
172,146,136,76
200,142,108,79
184,142,125,81
181,145,123,80
185,149,122,76
185,150,122,76
186,149,121,75
186,151,121,77
184,151,123,78
185,151,122,77
185,150,122,82
184,154,122,82
184,153,121,81
183,153,121,81
207,153,120,80
168,142,123,79
168,144,122,78
169,144,122,78
160,135,122,78
160,133,121,77
160,133,120,76
166,134,120,79
166,133,120,78
166,133,119,77
167,133,121,80
168,134,115,79
173,135,109,73
173,136,109,73
173,137,109,73
176,135,108,72
179,136,108,72
179,135,107,71
181,135,103,70
182,134,98,72
182,132,100,75
182,133,98,74
179,129,98,76
180,127,97,75
180,127,96,74
178,123,96,74
179,122,95,77
178,120,94,79
177,119,93,78
175,119,93,80
174,118,93,80
174,118,92,82
176,118,91,81
178,123,89,74
190,124,88,73
190,124,87,72
198,116,87,72
175,106,87,72
175,106,86,71
176,109,85,70
190,112,84,69
192,113,84,79
193,113,84,79
179,120,84,79
181,121,84,83
180,124,83,84
179,123,83,84
187,135,82,83
194,140,74,87
194,139,74,89
194,139,74,89
195,150,72,87
199,150,74,86
199,150,74,86
195,141,74,123
191,135,75,134
191,135,74,133
191,135,73,136
190,133,73,141
190,132,74,147
190,132,73,140
189,130,72,147
189,130,74,146
186,129,73,142
186,129,74,143
180,127,84,124
162,127,116,121
162,126,115,120
161,126,114,119
107,126,146,85
96,132,165,82
96,132,164,81
115,125,174,87
168,123,164,81
168,124,163,92
170,123,162,91
220,120,156,76
249,122,147,72
249,122,146,71
327,90,153,114
326,94,154,107
344,91,136,116
344,91,136,116
396,82,84,73
395,77,85,69
394,77,86,68
395,77,85,70
322,100,138,96
300,100,135,96
299,101,138,100
244,105,150,109
233,103,124,102
234,104,122,102
233,103,122,102
201,110,120,101
170,125,116,105
173,125,113,105
106,170,102,118
106,172,101,112
106,177,92,118
106,177,91,117
102,195,84,121
103,202,77,123
103,201,76,122
104,201,76,124
129,198,71,132
132,190,75,131
132,192,74,131
131,177,76,126
132,171,75,121
131,170,75,121
130,169,74,120
152,176,76,110
148,184,82,106
148,183,81,105
149,193,85,103
146,192,88,105
147,193,87,109
147,193,88,108
150,192,87,106
151,192,86,108
153,193,85,107
155,192,81,101
155,192,90,105
157,190,87,99
156,190,86,98
159,186,86,100
163,184,85,99
163,184,84,98
162,186,81,98
166,183,79,85
170,180,78,86
170,180,77,87
183,177,76,86
185,177,74,83
182,161,73,85
189,162,69,94
188,160,67,89
186,163,66,87
186,163,65,86
186,163,65,87
197,165,68,85
192,166,67,84
192,166,66,83
189,171,69,80
190,178,68,79
190,178,66,82
190,178,69,84
189,182,65,83
190,185,65,83
190,185,65,83
199,189,65,83
198,191,68,82
200,194,67,81
199,194,71,86
201,201,70,85
205,202,71,87
204,202,70,86
203,203,73,85
201,192,73,89
201,189,72,88
200,189,75,88
201,186,75,87
201,185,78,86
201,185,77,85
200,185,78,84
190,181,77,83
188,179,77,83
189,178,76,82
189,180,78,85
189,180,77,84
185,177,80,82
186,176,79,90
190,177,74,89
189,176,73,86
189,176,75,85
189,176,74,84
184,177,73,81
183,177,72,80
185,178,71,79
185,177,70,78
185,177,71,86
185,177,70,85
185,177,72,87
180,178,71,86
182,179,70,85
182,179,69,84
181,183,68,83
183,182,71,88
185,185,68,86
184,185,67,85
183,183,66,84
183,183,68,87
183,182,67,86
183,184,68,84
184,185,67,83
186,185,70,88
186,185,69,87
187,183,69,85
189,181,68,83
189,181,67,82
189,181,68,81
186,179,68,81
186,179,68,81
187,179,67,83
190,182,66,84
190,182,65,83
187,181,65,83
188,181,64,82
188,182,63,87
188,184,64,83
188,183,63,82
188,183,62,81
187,182,65,86
187,182,66,89
187,182,65,88
186,182,64,87
186,184,65,83
186,183,64,82
186,184,67,84
187,181,66,83
187,179,66,83
186,179,68,90
193,176,67,89
194,177,66,93
194,179,66,93
196,178,65,90
192,177,65,90
194,179,69,88
194,179,68,87
194,179,67,86
196,173,67,86
198,173,67,86
198,173,66,85
197,171,69,84
197,170,69,84
197,171,69,84
198,172,67,84
197,174,67,83
194,174,67,83
194,172,69,86
191,172,68,85
192,175,67,84
192,170,65,88
192,172,64,87
193,166,60,90
193,167,58,88
193,167,58,88
193,167,57,87
194,165,56,86
191,166,55,85
191,166,54,84
191,166,53,83
192,166,59,89
192,165,59,89
199,164,50,89
209,163,46,88
209,161,46,88
209,160,45,87
209,158,45,87
209,158,45,93
210,160,41,92
210,161,41,92
209,161,41,92
210,160,41,92
210,160,41,92
210,160,40,91
213,159,40,91
212,158,40,91
212,159,40,91
212,158,40,91
211,161,43,90
211,161,44,89
210,161,47,89
208,161,47,89
210,160,47,89
209,160,50,89
207,158,49,87
208,157,48,86
208,156,49,89
208,155,49,89
208,154,48,88
214,157,45,86
213,156,44,91
213,156,43,90
213,156,45,92
212,155,45,92
212,154,48,91
214,152,45,91
214,152,45,91
213,152,45,91
213,151,44,90
213,151,43,93
215,152,42,92
216,152,41,91
215,153,45,91
215,153,44,90
212,154,43,89
211,153,44,92
214,156,43,90
215,157,42,89
215,156,42,89
216,156,42,89
216,158,41,88
216,159,44,92
216,159,43,91
216,160,45,90
215,159,45,90
215,159,45,90
215,158,45,94
213,158,45,94
213,158,48,94
215,159,47,93
212,160,48,92
214,159,43,92
212,160,43,92
212,160,42,91
212,164,42,91
213,166,42,91
214,167,42,91
214,167,42,91
214,168,41,90
214,166,40,95
215,168,40,95
215,168,39,94
215,169,39,92
215,169,39,92
215,169,38,91
215,167,38,91
215,168,41,91
215,168,40,90
215,167,40,90
215,167,39,89
212,166,41,88
211,165,43,88
212,165,44,89
213,165,44,89
212,165,43,88
211,165,46,88
212,163,46,88
212,163,46,88
212,163,46,88
211,161,45,87
213,160,44,86
213,159,44,91
213,159,43,90
211,157,42,89
213,159,42,89
213,159,41,88
213,157,41,95
212,156,41,99
210,158,40,98
209,158,47,102
199,156,44,97
198,156,44,94
199,155,44,94
199,155,43,93
200,145,43,93
211,146,42,92
211,146,41,91
193,151,40,90
187,158,40,90
186,160,41,89
186,160,41,89
192,177,41,89
210,196,41,89
210,199,45,90
217,204,44,89
216,203,47,93
211,204,46,92
210,204,46,92
230,195,46,95
244,190,46,95
243,189,46,95
242,188,46,95
236,194,46,95
239,197,48,97
239,197,48,97
232,189,47,96
228,191,47,96
228,190,47,93
229,190,47,93
208,187,47,93
192,175,47,93
192,175,47,93
175,166,42,93
176,165,42,93
165,150,41,92
166,152,41,92
165,121,40,91
152,104,40,91
151,103,40,91
150,102,40,91
143,75,39,90
135,40,38,89
134,40,40,88
127,36,39,87
127,33,38,86
126,32,42,86
125,31,42,86
120,126,47,85
128,156,51,91
128,155,50,94
156,207,57,99
156,206,57,99
161,208,51,98
161,208,51,98
205,207,56,102
216,210,56,102
216,210,56,102
216,209,56,102
188,164,56,102
233,150,55,102
235,149,48,102
235,105,47,101
234,99,47,101
234,99,47,101
236,101,47,101
265,78,52,102
271,68,51,101
272,67,51,101
294,65,51,101
294,65,56,100
301,73,52,100
303,74,52,100
316,94,52,100
316,96,51,105
316,96,51,105
318,98,51,99
321,100,51,99
328,97,50,98
327,97,50,98
317,94,50,98
316,93,48,104
315,94,48,104
314,95,48,104
312,86,47,103
312,80,46,102
312,80,45,101
311,75,45,101
310,75,44,100
311,78,52,105
313,77,51,104
313,89,51,104
314,88,50,103
314,88,54,102
314,88,54,102
311,76,54,102
313,74,54,102
312,74,54,102
317,85,53,101
315,87,52,100
314,88,51,99
316,88,50,98
319,93,50,98
319,94,50,98
318,94,49,97
320,102,49,97
319,104,56,101
320,106,51,101
320,106,50,100
322,113,49,99
322,114,48,98
324,115,47,98
323,116,47,96
322,112,47,96
321,105,46,95
320,104,46,95
315,98,45,94
315,96,47,93
315,96,46,91
315,96,47,90
309,91,47,88
306,88,46,87
305,88,49,87
305,83,45,88
304,83,47,89
301,81,47,89
301,82,46,87
300,79,44,93
298,78,44,88
299,79,41,84
295,78,44,90
293,77,45,86
295,74,43,86
295,74,43,90
288,70,49,90
285,66,48,82
291,67,42,74
293,67,41,75
290,57,39,95
293,57,40,91
293,57,40,90
297,60,39,89
297,60,38,88
298,63,40,85
299,63,39,85
304,59,39,84
303,62,39,84
302,63,39,83
301,62,39,83
288,63,39,82
304,67,43,98
303,67,45,96
310,54,46,96
310,52,47,95
309,52,47,95
308,51,49,98
302,36,49,95
295,26,48,94
294,26,48,94
292,17,48,93
292,17,48,93
292,16,48,93
292,16,48,93
288,14,49,92
288,14,50,98
288,13,53,98
287,14,54,99
286,12,54,99
281,12,54,99
281,13,54,99
285,15,53,95
284,13,53,95
285,13,54,94
284,13,55,94
282,13,55,92
282,14,56,93
284,13,54,95
282,15,58,94
286,15,55,93
286,19,59,91
285,19,61,93
284,26,59,93
283,28,62,93
282,29,63,91
282,29,62,92
281,32,62,92
279,32,67,91
279,32,66,94
278,34,65,98
278,38,67,99
278,39,66,98
278,39,65,97
278,66,63,96
279,80,65,93
279,80,65,92
278,103,64,91
278,104,65,96
278,115,66,92
277,115,69,97
278,131,65,104
276,132,66,102
276,133,65,101
276,133,64,100
271,137,68,99
268,140,67,98
268,139,66,97
264,144,69,96
264,148,71,87
263,148,71,87
262,149,75,86
264,150,77,94
259,153,79,93
259,152,79,93
254,156,82,83
254,156,81,80
247,160,85,82
247,160,84,81
206,162,116,85
204,160,116,85
204,160,117,84
204,160,117,85
200,161,119,84
197,159,118,83
197,159,117,82
186,156,119,92
187,152,116,94
187,152,115,93
186,151,115,93
184,151,113,97
187,143,96,113
187,142,96,113
182,141,90,119
182,140,89,118
180,139,88,117
181,139,88,117
182,148,79,108
181,148,78,107
181,147,78,107
181,147,78,107
179,142,78,111
186,140,75,109
186,139,74,108
184,138,78,109
182,140,81,106
184,137,78,108
184,136,77,110
181,138,80,103
178,135,89,103
178,134,88,106
173,143,95,100
172,144,98,99
172,144,100,99
172,143,99,102
165,144,97,104
164,141,97,101
164,140,100,101
164,145,103,98
164,137,103,98
164,134,105,102
164,134,105,102
170,129,109,95
176,131,108,99
175,130,108,99
175,129,107,98
179,129,107,98
149,116,110,100
148,116,110,100
181,134,111,99
180,133,113,99
168,132,111,90
168,131,110,89
151,137,119,79
149,141,129,82
148,141,129,82
149,139,131,83
164,145,133,83
193,145,131,86
192,144,131,86
218,124,118,92
212,119,115,90
211,118,115,95
212,118,115,95
198,112,117,100
197,97,93,112
196,96,93,112
203,101,79,112
203,101,78,113
208,106,65,119
208,106,64,118
193,122,70,121
185,123,73,119
185,123,73,122
185,122,73,122
175,124,78,130
168,123,79,123
167,123,81,123
158,83,127,147
159,55,145,167
159,56,144,173
161,56,143,171
251,13,90,143
296,1,75,82
295,1,75,82
316,1,62,74
316,1,61,73
332,1,50,48
331,1,50,48
327,2,58,39
337,1,49,36
336,1,48,35
336,1,47,34
338,1,46,33
338,1,50,32
338,1,49,31
350,1,45,40
356,1,42,40
355,1,42,40
355,1,42,40
287,2,105,31
286,1,112,26
286,1,111,25
285,1,107,26
284,1,106,25
284,1,105,24
284,1,104,26
284,1,104,24
282,1,103,23
280,1,102,26
279,1,101,25
264,2,106,41
255,1,111,60
254,1,111,60
220,1,110,82
192,1,116,95
191,1,116,95
190,1,116,95
189,1,112,104
195,1,111,110
194,1,111,110
198,19,107,103
197,19,113,103
198,25,113,103
197,25,113,103
205,50,110,95
220,62,106,80
220,61,105,79
220,60,104,86
227,73,107,83
226,71,106,87
225,71,105,86
227,72,104,78
227,72,103,77
227,72,102,76
226,72,99,71
225,71,98,70
227,70,97,69
227,69,97,71
226,68,97,71
227,69,97,71
226,68,96,70
225,67,96,70
233,70,95,67
235,68,94,72
234,67,93,71
234,66,93,71
242,52,101,82
268,50,96,85
267,50,96,85
269,45,133,79
270,44,136,82
270,44,135,81
270,44,134,80
270,43,134,80
269,42,133,79
268,44,136,79
267,43,136,79
266,43,136,79
265,41,131,79
265,42,130,78
273,11,102,100
286,1,79,100
286,1,78,99
288,1,73,99
310,1,41,103
314,1,38,103
313,1,37,102
313,1,37,102
312,1,42,99
311,1,42,99
310,1,42,99
305,1,46,93
304,1,40,41
303,1,40,41
309,1,43,28
309,1,43,28
309,1,43,28
309,1,43,28
309,1,43,28
309,1,43,28
309,1,43,28
309,1,43,28
309,1,43,28
309,1,43,28
309,1,43,28
309,1,43,28
309,1,43,28
309,1,43,28
309,1,43,28
309,1,43,28
309,1,43,28
309,1,43,28
309,1,43,28
309,1,43,28
309,1,43,28
309,1,43,28
309,1,43,28
309,1,43,28
309,1,43,28
309,1,43,28
309,1,43,28
309,1,43,28
309,1,43,28
309,1,43,28
309,1,43,28
309,1,43,28
309,1,43,28
309,1,43,28
309,1,43,28
309,1,43,28
309,1,43,28
309,1,43,28
309,1,43,28
309,1,43,28
309,1,43,28
309,1,43,28
309,1,43,28
309,1,43,28
309,1,43,28
309,1,43,28
234,2,56,69
207,27,67,90
209,49,62,75
204,48,65,76
208,48,60,75
192,80,59,74
185,97,69,76
184,96,68,75
171,129,60,74
170,128,60,74
165,131,59,73
165,131,58,72
157,141,57,62
160,161,58,63
160,163,57,58
163,166,62,60
153,147,61,59
149,150,61,59
149,150,60,58
137,156,59,57
137,162,58,54
136,162,58,54
139,161,54,54
138,174,54,51
139,178,51,50
138,179,51,51
138,186,57,60
138,185,57,60
138,190,56,57
138,190,56,57
138,194,55,56
137,195,57,62
137,195,56,61
137,195,55,60
136,202,54,59
132,205,60,69
132,205,59,66
126,216,57,64
124,222,56,63
123,223,59,69
123,223,58,68
123,223,57,67
121,221,56,66
121,221,55,65
121,205,54,64
121,205,54,64
118,185,53,63
118,185,52,62
119,161,51,61
127,151,61,64
127,151,60,63
127,151,59,62
139,150,58,61
149,149,60,64
149,149,59,63
167,141,59,67
171,138,56,67
171,138,55,66
170,138,54,65
172,137,53,63
172,137,52,62
172,137,60,63
174,138,59,62
174,138,58,61
174,138,57,65
173,138,56,64
173,138,55,63
176,142,61,66
175,142,61,66
174,141,61,66
175,141,60,65
175,141,59,64
175,141,58,63
175,139,58,63
178,139,57,62
178,139,60,61
178,139,62,71
178,139,62,71
177,139,62,71
177,139,64,70
176,139,64,70
176,139,63,69
176,138,67,72
178,141,67,72
178,141,68,71
178,141,67,70
178,143,66,69
178,143,65,68
178,143,65,68
178,143,64,67
177,143,63,66
180,146,62,71
180,146,62,71
180,146,61,73
180,146,60,72
179,146,61,73
181,149,64,71
180,148,63,70
182,150,63,73
182,150,63,73
182,150,62,72
182,150,64,68
181,150,63,67
180,149,63,67
180,149,65,71
180,149,64,70
183,153,64,68
183,153,64,68
183,153,63,67
183,152,62,68
182,152,61,69
182,152,64,68
182,152,63,67
181,152,63,69
181,152,62,68
181,152,65,67
183,153,65,72
183,153,64,71
182,152,63,70
181,152,62,69
180,151,61,73
180,151,60,72
180,151,59,71
180,151,58,70
181,154,58,70
180,154,57,69
180,154,65,68
179,154,65,68
179,154,68,70
179,154,67,69
179,154,66,68
179,154,66,68
179,154,66,68
182,157,65,67
182,157,65,67
183,158,64,66
183,158,64,66
183,158,63,65
183,157,63,65
183,156,63,70
183,156,62,69
183,156,66,68
187,158,65,67
187,158,65,67
187,158,64,66
187,158,68,66
187,157,67,69
187,157,66,68
187,157,65,67
187,156,64,66
189,158,64,70
189,158,63,69
189,157,62,68
189,157,61,67
189,156,60,66
189,156,59,69
188,155,58,68
187,154,62,71
187,154,65,71
187,154,64,70
187,154,63,69
189,156,67,68
189,156,66,67
188,156,65,66
187,156,64,65
187,156,63,64
187,156,62,67
187,156,61,66
186,156,61,66
186,156,66,65
187,154,68,68
187,154,67,67
187,153,66,66
187,153,65,68
185,153,68,67
185,152,68,67
185,152,68,67
188,153,67,69
187,153,66,70
187,153,65,69
187,153,65,69
187,153,65,69
186,152,64,72
188,154,63,71
188,153,63,71
187,152,62,70
187,154,61,69
187,154,60,68
186,155,60,68
186,154,60,68
186,154,59,67
187,153,58,70
187,153,65,67
187,154,65,67
187,154,64,66
187,154,63,68
186,153,62,67
185,153,66,70
185,153,65,69
187,153,65,69
184,153,64,74
184,152,63,73
184,152,62,72
184,152,61,71
183,152,61,74
183,152,60,73
182,152,59,72
184,155,64,72
183,155,63,71
183,155,65,70
183,155,67,69
183,154,66,68
183,154,65,67
183,154,64,66
182,154,63,65
181,154,66,64
181,153,65,63
181,152,65,63
183,158,64,62
183,158,63,61
183,157,62,60
183,156,65,66
183,156,64,65
183,156,63,64
183,156,63,64
182,154,70,68
184,154,69,69
186,154,68,68
186,153,67,67
183,155,70,66
186,154,69,71
186,154,68,70
186,153,67,69
186,153,66,68
184,153,65,70
184,153,64,69
183,153,66,73
183,153,65,72
185,153,64,71
185,153,64,71
185,153,63,70
184,153,69,69
