206,213,73,117
202,212,75,119
203,210,75,122
202,208,84,118
202,210,80,120
202,208,74,120
202,206,73,120
203,204,73,121
204,201,71,122
205,199,69,123
207,191,65,128
210,188,67,129
212,196,68,119
214,192,68,121
216,190,67,122
217,188,66,122
219,186,65,119
222,180,66,127
223,188,68,119
224,183,67,122
226,180,66,122
228,176,62,125
230,174,61,124
232,171,60,125
234,168,58,124
235,167,57,124
236,164,57,124
236,156,67,131
236,166,65,120
236,162,58,125
237,161,57,125
238,160,56,124
238,161,56,126
238,161,54,126
235,160,57,127
228,156,65,129
229,154,65,129
233,152,62,131
235,145,60,136
235,145,62,136
236,143,63,137
237,142,62,137
239,140,61,137
240,139,61,136
242,139,59,135
244,136,58,134
246,134,57,133
246,132,60,135
244,131,60,135
243,129,62,136
243,127,63,137
249,127,57,134
248,120,59,139
241,142,67,117
240,136,70,120
236,134,76,130
233,130,79,134
234,127,80,135
235,126,81,134
238,125,80,134
239,124,80,135
241,123,80,135
239,123,85,134
237,115,93,145
236,149,99,117
236,148,104,116
238,144,108,120
241,142,110,119
243,138,112,123
245,137,111,122
244,136,115,120
240,130,119,126
236,134,126,121
233,157,132,100
227,157,138,103
224,160,141,108
220,164,142,111
218,165,142,114
218,166,143,121
219,166,144,123
220,166,145,125
221,166,146,125
221,166,147,125
219,166,151,125
215,164,156,128
214,165,155,135
214,179,150,113
211,174,148,112
210,172,161,116
213,171,158,118
217,175,155,114
220,177,155,115
222,179,155,116
227,182,156,119
237,185,156,120
248,185,155,121
257,185,152,117
266,185,152,118
281,186,151,119
291,189,150,115
296,190,153,115
300,191,153,117
300,199,159,106
300,192,149,120
300,187,148,126
300,186,147,128
300,186,147,127
308,184,144,126
319,182,139,124
329,181,132,116
334,180,126,110
338,183,126,104
338,183,115,98
337,180,107,98
337,176,101,98
335,174,98,94
334,172,95,92
335,170,91,89
334,169,86,87
333,167,88,87
333,174,85,76
330,173,83,74
327,171,80,73
326,170,76,75
326,169,70,74
325,168,68,73
324,167,69,72
323,167,68,74
325,166,67,75
326,166,66,76
325,165,65,76
324,164,64,76
323,162,65,77
324,161,65,78
323,160,72,78
322,170,71,65
322,168,72,69
322,168,71,68
322,168,71,67
322,168,73,71
322,168,72,71
323,168,72,70
324,168,72,62
325,168,71,64
324,168,74,65
323,175,76,55
322,175,77,55
322,174,79,58
322,174,80,60
322,173,81,61
322,173,80,63
323,173,80,59
326,172,77,58
326,172,79,60
327,171,77,61
328,171,78,61
330,170,75,60
331,170,76,58
332,170,76,60
333,170,77,59
333,169,76,58
334,169,78,57
335,168,80,61
336,168,82,63
337,167,84,64
338,164,86,65
339,164,90,70
342,162,91,73
343,161,94,77
345,158,96,82
347,158,98,80
349,156,100,83
352,153,104,88
353,151,108,91
354,147,112,95
357,146,115,98
359,143,121,103
361,142,127,107
363,138,131,112
363,137,135,115
362,134,138,120
358,129,145,126
351,125,151,132
341,122,158,139
330,120,162,145
321,121,171,152
315,116,181,158
309,112,187,167
304,104,198,180
297,98,214,190
293,89,224,199
287,80,238,212
282,72,253,223
274,62,272,239
267,43,292,264
258,44,312,271
247,37,339,280
236,17,365,298
221,3,392,321
203,1,425,335
187,1,451,342
175,1,437,335
165,1,450,340
157,1,452,343
151,1,453,344
144,1,471,345
141,1,471,343
142,1,471,343
148,1,471,343
152,1,473,343
156,1,473,343
162,1,462,343
172,1,462,343
182,1,457,338
190,1,445,341
196,1,435,346
208,1,432,347
228,1,411,355
241,1,399,359
252,1,387,359
256,1,384,359
257,8,383,351
244,19,395,340
212,74,427,285
201,33,438,326
186,29,453,330
174,25,465,334
170,16,469,343
160,10,479,349
147,9,492,350
107,8,532,351
97,1,542,359
88,1,551,359
100,10,539,349
110,8,518,351
127,15,502,344
143,17,478,336
159,30,442,321
172,50,407,300
184,66,379,274
192,72,362,260
204,81,337,247
213,87,317,237
221,96,302,222
228,104,285,208
237,110,269,194
243,114,254,187
249,118,239,180
252,122,230,170
255,126,219,161
257,127,208,153
260,126,201,150
260,123,201,149
260,122,202,148
259,122,201,147
257,122,200,149
256,122,199,150
255,122,198,151
254,122,198,153
249,118,208,152
246,117,211,152
243,117,218,156
239,122,219,152
236,123,221,151
236,124,219,153
233,125,220,155
229,126,222,155
227,126,223,154
225,126,222,153
224,126,220,154
223,126,220,157
222,126,219,156
221,126,218,146
221,126,218,147
221,126,218,149
221,126,218,150
219,126,220,151
218,126,220,150
218,126,220,149
218,126,220,148
219,126,219,151
221,126,218,151
220,127,218,148
219,127,219,149
218,129,218,148
217,128,218,149
217,128,217,149
217,129,216,148
216,129,215,145
215,129,220,146
214,129,222,146
214,129,223,145
215,129,220,147
215,129,221,146
220,129,217,146
227,123,210,149
253,119,183,149
263,140,185,119
248,145,211,114
271,151,200,108
300,142,178,117
306,132,183,128
310,132,188,137
323,126,179,142
321,125,171,130
338,122,116,146
328,119,134,155
323,116,142,160
318,115,148,156
313,114,151,150
307,115,154,147
302,116,160,147
298,117,159,146
291,119,159,149
285,123,161,152
280,127,160,155
274,133,163,154
266,137,165,152
256,141,167,150
247,145,167,150
235,149,165,151
223,152,167,151
213,155,167,152
205,156,167,152
196,157,166,154
185,161,168,152
175,163,167,152
166,164,166,152
157,164,167,152
147,164,168,152
138,167,168,152
132,168,167,151
127,169,166,151
123,171,165,154
119,172,167,155
116,173,166,156
112,172,168,158
110,172,157,158
99,169,168,155
102,169,170,155
105,169,170,162
108,169,168,163
111,168,167,163
113,169,167,162
115,170,168,161
117,170,169,160
118,170,171,159
120,170,171,162
121,170,172,163
122,170,172,165
122,170,172,166
121,170,174,166
120,170,175,167
120,170,176,168
120,170,175,167
119,168,176,167
118,167,177,167
117,165,176,167
116,165,176,167
115,165,176,167
115,165,176,167
114,166,176,167
113,167,175,166
112,167,175,166
112,169,176,165
111,169,176,165
110,170,176,165
110,170,175,164
112,170,174,163
112,170,173,162
110,170,174,162
109,169,175,162
108,170,175,162
108,170,174,162
108,168,174,162
108,166,174,162
107,165,174,161
107,165,174,161
107,167,176,162
106,167,176,164
105,167,174,163
105,167,173,165
105,167,174,166
105,167,175,166
108,167,171,167
110,166,171,168
110,164,172,167
110,162,173,167
110,163,172,164
111,162,171,163
111,161,172,162
111,162,172,161
112,162,171,161
113,164,170,161
115,164,169,163
115,165,169,164
116,165,168,165
116,165,169,164
116,165,169,164
117,166,169,164
118,166,168,164
119,167,167,163
119,167,169,162
118,165,169,165
119,167,169,166
119,168,169,165
119,168,168,164
120,168,168,165
120,167,168,164
120,168,170,165
120,167,170,164
120,167,170,163
120,167,169,162
120,167,168,161
120,166,168,165
120,165,168,167
120,167,169,166
119,166,169,165
120,167,168,164
121,167,168,165
121,166,168,165
122,166,168,164
122,166,169,163
122,166,169,162
123,165,169,163
124,165,169,164
124,165,169,164
124,164,169,164
124,163,169,163
125,163,169,162
125,163,169,164
125,164,169,163
126,163,170,165
126,164,170,164
126,164,169,163
126,165,169,163
127,165,169,163
127,165,168,162
126,165,170,164
127,164,169,163
127,163,170,164
127,163,169,163
127,163,169,162
127,163,169,164
127,164,169,165
127,163,169,166
127,162,170,166
127,161,170,166
129,161,169,167
130,161,169,167
130,162,170,166
131,162,170,165
132,162,169,165
132,163,168,164
132,163,171,164
132,163,172,164
131,163,175,166
131,164,178,165
129,167,181,166
128,167,185,167
127,170,186,158
125,170,186,161
124,170,186,162
123,170,185,161
122,169,187,162
121,169,187,161
120,170,188,161
119,169,190,162
119,168,191,161
119,170,191,161
119,172,190,158
118,175,192,155
118,176,192,153
117,176,193,151
117,175,195,150
118,176,195,151
118,176,196,150
119,175,197,149
119,175,197,148
119,175,195,147
120,175,194,150
120,174,195,151
120,174,195,154
120,173,195,154
120,173,196,155
120,173,195,154
121,174,194,153
122,173,194,153
123,173,193,154
124,173,192,155
125,173,191,156
126,173,192,155
127,173,193,155
128,173,192,154
128,173,191,153
128,173,192,152
127,173,192,155
126,174,192,154
125,173,193,155
124,173,193,155
123,173,193,155
122,174,193,154
121,173,193,154
119,173,193,154
118,172,193,154
117,174,193,153
117,174,193,154
117,174,193,154
117,176,193,153
117,176,193,153
116,177,194,151
117,177,192,150
117,178,192,149
117,179,192,148
117,178,192,152
114,175,195,151
113,173,194,159
116,168,192,161
117,166,194,161
118,164,194,160
120,163,192,162
121,162,193,161
121,161,193,160
121,160,194,159
122,159,194,159
123,158,194,159
124,158,193,158
125,159,192,157
126,159,191,156
127,159,191,161
128,159,190,160
129,159,189,159
130,159,188,158
130,162,189,161
130,163,189,162
130,165,189,161
130,168,188,162
130,170,187,161
129,171,190,163
129,171,189,165
128,172,191,165
127,170,192,166
126,170,192,165
125,170,192,164
124,171,193,164
123,171,194,166
122,170,194,166
121,169,194,167
122,170,193,166
122,170,193,168
122,170,192,167
122,170,193,167
122,170,193,167
122,171,193,167
122,171,193,168
122,173,193,168
123,173,192,167
123,173,192,167
123,175,191,166
123,176,191,166
122,176,191,166
122,176,191,166
122,176,191,166
123,176,191,166
123,176,192,166
123,175,192,166
124,174,191,165
124,173,190,164
123,172,192,164
123,171,191,164
123,175,191,163
123,175,191,163
123,174,191,162
122,175,191,162
123,175,190,161
124,175,190,161
125,175,189,160
125,175,189,160
125,175,189,160
126,175,188,159
127,175,188,159
127,175,187,158
126,175,188,158
126,175,187,157
126,175,186,159
126,175,188,158
126,175,188,157
125,175,190,156
125,176,191,155
125,176,192,154
125,177,191,157
125,178,192,156
125,179,192,156
125,180,192,155
125,180,193,159
124,182,193,158
124,182,194,158
122,181,194,158
121,181,193,157
121,180,193,156
121,179,193,159
121,180,192,161
121,180,192,160
121,180,191,161
121,180,190,160
121,180,191,162
121,181,190,161
121,181,190,160
120,182,191,160
119,183,192,160
119,183,192,160
118,183,192,160
117,183,192,160
116,183,191,159
116,182,190,158
117,182,191,157
117,182,191,156
118,182,190,155
119,181,189,154
120,179,190,153
121,178,190,152
123,177,188,151
125,175,188,150
128,173,187,149
130,172,189,150
131,170,188,149
133,170,189,151
136,169,189,152
139,167,189,157
140,166,188,156
141,166,187,155
141,166,190,154
142,167,191,153
143,167,191,152
143,167,192,156
143,166,191,155
143,166,190,154
143,167,191,153
143,168,192,152
145,168,191,152
144,169,192,152
145,169,190,151
143,169,190,157
143,170,190,157
143,170,189,158
144,171,188,158
144,171,188,157
145,171,190,157
145,171,191,156
145,171,190,156
144,171,191,157
145,171,190,159
144,170,191,159
144,170,190,160
145,170,190,161
145,169,190,161
145,168,191,161
146,167,191,161
146,170,191,160
146,170,191,159
146,170,191,159
146,170,191,160
146,170,191,160
146,170,190,159
146,170,190,159
145,170,191,158
146,170,190,157
147,170,189,156
148,171,188,155
148,173,187,154
148,175,188,153
148,176,188,152
147,177,190,152
147,176,190,151
147,176,191,150
146,177,192,149
143,177,191,149
142,177,190,155
142,176,190,157
143,176,190,156
143,175,191,159
143,174,191,161
143,173,191,164
142,173,191,165
142,172,190,166
142,171,189,169
142,170,189,170
142,169,189,170
141,168,190,167
142,167,189,165
142,167,189,164
142,167,188,163
142,166,187,164
141,166,190,166
140,166,191,167
139,164,192,167
138,162,193,167
139,161,192,167
140,161,192,166
141,160,191,166
142,161,190,166
142,162,189,166
143,162,188,166
144,163,189,163
144,164,188,160
145,164,187,159
145,164,187,158
145,164,187,161
145,164,188,160
145,164,188,160
145,165,188,159
144,167,188,155
137,176,190,144
132,184,186,143
122,194,184,133
109,206,184,113
105,204,185,103
104,199,187,103
103,195,189,104
102,195,190,106
102,195,190,106
102,196,189,105
102,197,190,104
102,199,191,105
103,200,191,105
103,199,190,104
103,198,190,103
103,198,190,105
101,198,194,104
99,198,195,104
99,198,194,106
100,199,193,105
100,199,194,104
101,199,195,104
100,200,198,103
96,200,207,103
96,201,207,103
96,200,207,103
97,200,207,103
97,201,207,103
98,200,207,103
99,199,207,103
100,198,206,103
101,197,205,103
101,198,204,103
102,198,204,103
102,197,204,103
102,196,204,103
102,196,204,103
102,196,205,103
102,196,206,103
102,197,206,102
104,198,205,101
104,196,205,104
104,196,206,104
104,195,206,106
105,195,206,105
105,195,206,107
105,195,206,106
105,195,206,106
105,195,206,106
106,194,206,106
106,195,206,106
106,195,206,105
106,195,206,105
107,196,206,104
109,196,205,104
110,197,205,104
110,197,205,104
110,196,205,104
110,196,205,104
109,196,205,104
111,196,205,103
111,196,205,105
111,197,204,105
111,195,204,106
110,195,204,105
109,196,205,105
109,196,205,104
109,196,202,103
108,196,197,102
107,207,184,90
113,206,185,92
128,189,157,118
138,178,136,142
147,172,129,148
142,166,134,169
128,163,139,177
117,163,144,179
107,166,158,174
102,169,169,171
101,171,171,168
101,172,173,168
102,173,174,168
102,173,175,168
104,174,172,164
104,174,174,163
104,174,174,164
107,174,171,164
109,173,172,163
110,172,175,162
112,171,176,161
114,170,176,163
117,169,176,165
120,169,175,166
123,170,173,166
127,170,172,165
130,169,173,162
133,168,174,161
135,167,175,161
138,168,174,160
142,168,172,161
144,168,174,161
147,168,175,160
151,168,174,159
154,168,173,160
159,168,174,159
165,168,172,160
169,168,173,162
174,169,172,159
178,170,172,158
183,170,171,157
187,170,172,158
191,170,173,158
195,171,173,158
199,171,174,157
202,172,174,157
206,172,175,157
210,172,174,157
212,173,175,156
214,173,175,156
216,173,175,155
216,174,177,156
218,175,188,162
209,184,206,151
211,177,205,159
212,177,208,159
214,176,207,162
216,175,206,164
218,174,205,165
219,174,208,165
220,174,209,167
220,173,209,167
220,173,210,167
221,172,209,165
223,171,207,166
224,171,206,167
225,171,206,156
227,171,204,158
228,169,212,158
224,179,231,147
218,192,249,133
207,201,264,116
194,205,282,105
179,206,300,101
166,216,306,100
154,221,291,117
141,220,280,117
130,222,267,114
124,226,255,111
121,227,245,115
122,226,240,117
122,219,237,124
122,219,240,123
116,219,247,123
115,219,249,123
110,219,254,121
103,212,260,128
96,197,270,142
93,204,273,131
90,216,289,123
92,215,282,122
95,214,280,124
98,214,285,124
110,214,278,123
116,214,275,122
121,214,273,122
126,214,269,120
131,214,267,122
134,213,266,123
136,214,265,122
138,214,266,121
140,215,267,119
142,216,268,119
145,217,266,118
148,218,267,117
151,220,266,115
154,221,266,114
155,220,266,113
157,220,266,114
166,219,262,116
166,218,261,113
166,217,262,113
165,215,261,113
167,215,259,113
170,215,255,112
171,215,256,113
172,215,257,112
174,216,257,111
166,217,266,111
153,217,270,111
142,211,281,117
135,237,298,91
131,239,290,89
126,241,300,88
122,242,302,86
124,243,298,85
125,245,292,85
127,246,289,84
128,247,288,84
128,248,290,84
128,249,285,84
125,249,287,83
122,250,290,79
119,251,290,80
118,240,301,94
118,239,299,94
119,239,297,94
121,238,296,94
122,238,294,95
124,239,291,93
120,235,295,99
113,226,299,110
107,212,290,118
90,202,294,131
61,194,321,140
29,180,307,132
1,179,304,127
1,180,280,115
1,187,250,103
1,184,219,99
1,182,194,92
1,178,177,94
1,176,171,92
1,179,170,89
1,179,179,88
1,179,185,87
1,179,189,88
1,176,197,90
1,166,203,98
1,161,209,101
1,160,214,103
1,160,219,102
1,153,238,105
5,149,255,112
5,146,247,126
11,146,242,133
17,147,240,134
23,147,240,136
31,149,238,136
36,152,240,131
41,153,263,123
46,152,239,139
49,152,211,125
55,148,210,120
58,136,211,133
63,132,211,137
69,131,209,137
75,130,207,139
80,130,205,139
85,131,203,138
89,132,202,137
94,135,201,135
99,139,199,130
103,141,214,118
108,141,209,136
113,142,194,138
121,144,191,133
126,145,198,133
132,144,197,133
137,144,198,132
142,142,198,134
147,145,196,133
151,145,189,120
155,145,195,123
161,146,153,127
165,146,159,129
168,146,158,128
173,145,158,128
142,136,175,110
147,131,185,121
151,132,199,124
156,131,179,132
161,131,171,124
165,132,170,123
168,132,167,121
179,116,160,136
182,117,157,108
186,117,138,118
190,116,129,105
193,116,132,109
194,112,137,111
196,113,135,111
204,116,131,112
210,116,126,113
214,118,125,112
218,118,124,111
223,118,123,110
189,105,170,90
186,105,157,120
183,105,167,97
183,106,173,102
184,106,178,120
186,108,174,122
190,109,175,123
194,110,173,124
198,112,174,123
201,114,183,83
203,117,172,113
210,97,157,117
216,91,155,126
220,91,160,137
222,92,159,131
222,93,155,130
223,95,152,129
224,95,149,128
227,90,148,98
225,82,141,115
237,79,105,121
235,76,106,121
228,81,115,141
230,84,120,143
232,85,120,139
234,85,117,136
239,85,113,136
239,87,111,135
241,91,109,140
241,96,108,141
242,98,107,142
243,104,105,132
245,98,104,137
246,104,103,120
245,112,102,121
244,113,102,121
244,116,101,120
245,118,102,119
247,120,101,117
249,123,100,115
250,123,99,114
251,123,103,113
251,123,102,112
252,119,102,112
252,118,102,112
252,117,102,115
251,118,102,115
249,118,103,114
249,120,103,112
249,121,102,111
249,122,101,119
248,123,100,118
248,124,101,117
248,127,100,116
248,128,99,115
247,129,98,114
246,127,98,114
247,126,102,114
245,126,103,113
244,132,114,116
240,135,102,149
222,138,106,119
217,139,106,119
211,139,111,120
204,135,117,123
202,127,120,97
197,125,135,108
196,125,139,108
195,125,132,107
195,125,134,106
195,124,133,105
191,126,138,103
187,124,139,102
183,121,142,101
183,120,147,111
180,116,151,111
179,116,149,108
178,117,149,107
179,117,150,108
181,117,148,109
182,117,148,108
178,125,152,102
179,129,159,85
177,135,150,84
177,136,150,84
168,137,165,77
175,138,164,83
176,139,164,86
174,139,165,88
173,140,165,88
176,140,164,89
178,142,164,88
184,142,162,87
189,142,162,86
191,143,162,85
192,143,161,84
192,144,162,85
180,145,176,85
179,146,176,84
178,144,176,85
178,144,175,84
178,144,175,84
186,144,172,86
187,142,171,86
188,141,171,89
187,142,174,89
188,142,174,90
188,142,174,91
188,141,175,92
188,141,176,92
188,141,175,92
186,141,174,93
184,141,174,92
184,142,173,91
186,143,172,89
187,146,186,75
186,147,184,88
184,148,176,91
187,149,173,91
187,149,174,90
185,150,176,89
184,151,176,89
185,151,176,90
186,149,181,89
185,142,196,73
185,139,195,96
201,129,160,117
207,126,158,107
207,122,159,106
206,120,159,105
207,121,157,104
208,122,156,103
208,122,157,107
208,122,156,106
209,122,155,105
212,124,146,88
214,125,142,85
221,128,113,115
221,131,111,114
222,132,112,116
223,133,111,107
224,129,111,94
225,130,109,93
224,132,110,92
224,133,111,91
224,136,111,90
224,137,110,89
224,137,110,88
225,140,108,87
225,141,108,86
225,142,108,85
224,143,108,84
224,143,109,85
224,143,110,87
223,145,110,86
223,145,110,85
222,145,110,87
222,143,108,88
223,142,106,90
223,141,106,91
223,142,106,92
224,142,105,91
223,142,105,92
223,142,105,91
222,142,104,90
221,143,103,80
220,146,111,79
219,144,102,114
218,144,98,88
217,144,104,88
216,144,103,89
216,144,102,88
215,144,104,88
215,144,104,91
214,144,105,90
214,144,104,91
214,144,104,93
214,144,104,94
214,144,103,95
213,144,102,95
213,144,102,95
213,143,102,95
214,143,101,94
214,144,100,93
214,145,99,92
213,146,99,92
212,146,98,91
211,146,101,93
211,147,100,93
210,147,99,93
208,147,101,94
208,147,101,93
207,147,101,92
206,145,101,92
205,145,101,93
205,144,101,92
204,145,101,91
204,146,100,90
203,147,99,89
202,148,99,89
202,148,99,89
201,148,99,89
200,147,99,89
199,146,99,89
198,146,99,89
198,145,99,89
198,145,99,89
