153,141,37,19
159,141,37,19
164,136,38,20
168,135,38,19
173,135,37,18
177,133,36,17
181,131,36,15
185,129,34,14
188,127,38,11
192,122,37,11
195,119,37,10
199,112,38,11
202,106,38,11
207,100,36,10
210,95,38,12
215,90,35,13
216,84,38,12
218,81,38,12
224,78,34,12
225,76,37,12
231,74,36,11
234,71,35,10
238,70,35,10
240,68,34,10
242,67,37,9
246,67,36,8
247,66,36,9
250,65,35,10
254,64,35,10
254,65,36,11
256,65,35,12
259,66,35,12
261,68,36,12
262,74,35,12
264,84,33,20
266,101,29,36
267,130,29,36
267,156,33,33
269,176,33,30
271,196,32,29
274,212,32,25
274,230,31,24
277,239,31,26
279,254,31,25
280,266,31,25
279,275,35,30
279,298,37,18
281,311,37,16
281,320,40,18
283,330,42,20
287,343,38,18
288,354,41,21
288,365,43,17
289,375,43,18
291,383,42,18
294,391,43,17
296,399,42,17
297,404,42,16
298,411,46,14
299,414,44,13
300,419,45,12
303,422,44,11
306,425,44,11
307,428,47,12
307,429,48,13
308,431,47,12
312,432,48,11
315,433,47,10
315,433,49,13
315,433,51,12
317,433,50,14
317,434,53,12
323,434,46,11
327,430,48,12
331,426,45,11
332,419,46,13
333,413,46,12
335,407,47,10
339,399,47,9
342,388,49,11
343,381,49,11
347,376,49,10
349,366,49,10
351,362,49,10
353,356,49,13
355,351,50,13
358,344,46,14
362,338,46,14
365,334,42,14
367,328,45,14
371,324,44,16
373,320,45,15
375,314,45,16
378,310,47,17
381,306,48,18
384,302,48,19
385,299,51,20
390,296,48,20
392,296,50,20
395,294,50,21
397,294,52,21
399,295,52,21
402,294,52,21
405,293,53,22
407,295,55,20
411,296,55,20
413,298,55,21
416,300,54,20
419,301,54,20
422,302,54,20
425,304,54,20
428,306,53,21
431,307,53,21
434,309,52,21
437,312,51,20
439,313,51,22
443,315,50,21
445,316,49,21
447,318,49,21
449,320,48,21
452,322,47,22
456,323,45,23
458,325,44,22
461,327,44,22
464,329,44,22
467,330,42,22
468,330,43,22
471,333,41,21
473,334,41,22
475,336,41,21
478,337,41,21
480,338,40,21
481,339,40,20
483,340,40,20
484,341,40,20
485,343,40,19
488,343,39,19
490,344,39,17
492,345,38,16
493,346,38,16
495,346,39,15
496,346,39,14
498,346,38,13
499,346,38,13
500,347,37,13
501,346,36,14
503,347,35,12
504,347,35,12
504,347,38,12
505,347,38,12
505,347,39,12
507,347,40,14
508,347,39,13
510,347,39,13
511,346,41,13
511,346,43,13
512,346,44,13
513,347,42,12
514,346,41,12
515,345,41,12
518,345,43,12
519,345,44,11
521,344,42,11
522,344,44,12
523,343,43,12
524,341,45,13
525,341,46,13
526,341,46,14
528,341,46,14
530,341,46,14
531,341,47,14
533,341,46,14
535,341,45,14
537,341,43,13
538,341,46,14
543,341,45,14
543,341,46,13
545,342,46,13
547,343,45,11
549,344,46,10
550,344,46,10
550,343,47,10
553,343,47,10
553,343,48,10
555,344,49,10
556,343,49,11
559,343,47,11
560,343,49,11
561,343,49,11
563,344,48,10
563,345,47,9
566,346,45,8
567,346,44,8
568,346,43,9
569,346,43,11
572,346,42,11
574,347,45,11
575,347,44,12
577,348,43,11
578,349,42,11
579,349,42,12
580,349,45,15
582,351,46,14
585,351,42,13
587,351,44,13
587,353,46,13
589,353,45,14
589,353,47,15
590,354,49,15
591,354,51,16
593,354,52,17
595,356,55,17
596,357,55,17
597,358,56,17
598,358,58,18
601,360,57,18
603,361,56,18
604,361,57,18
604,362,58,18
606,362,57,19
608,362,56,18
609,364,56,17
612,365,54,16
615,365,53,16
616,365,53,16
617,365,51,16
620,366,49,15
622,366,48,15
623,366,47,16
625,367,47,15
627,367,44,16
628,366,43,16
629,366,43,16
631,366,42,16
632,367,41,16
633,367,42,16
634,367,41,16
635,367,39,15
636,367,39,15
636,367,38,15
637,368,38,14
639,368,38,14
640,367,38,15
639,368,38,14
640,368,37,14
641,368,36,13
641,367,37,14
642,367,36,14
642,366,36,14
643,366,35,15
644,367,35,13
644,367,34,12
645,366,34,12
646,366,34,12
645,366,34,12
646,365,35,12
645,364,35,13
646,364,33,14
647,365,31,12
646,363,32,13
645,362,34,14
645,362,33,16
644,362,32,16
644,362,31,16
644,362,31,16
645,363,31,16
644,364,31,16
644,365,31,16
644,366,31,17
644,368,31,17
643,368,30,19
643,370,31,19
643,372,31,20
642,375,32,21
642,380,31,21
643,389,31,20
642,396,31,21
641,404,32,21
640,411,33,20
639,418,35,20
640,425,33,18
638,433,35,17
638,439,35,16
636,447,36,15
634,454,38,15
635,462,36,12
634,469,35,11
634,475,41,10
634,480,42,10
633,483,42,12
634,488,42,12
633,490,43,14
633,491,42,15
632,494,44,14
632,496,45,15
631,497,47,15
632,498,45,17
632,500,46,16
632,502,46,15
630,504,47,15
631,506,48,13
631,507,48,13
630,509,48,11
630,510,48,12
630,511,50,12
629,513,50,11
629,515,52,10
627,515,52,10
627,515,51,11
627,516,49,14
630,516,50,16
631,515,50,17
631,514,53,18
631,514,55,19
631,514,55,20
633,514,55,21
635,514,55,21
636,513,55,22
638,512,52,23
639,510,53,22
640,505,53,23
644,498,51,26
646,494,49,25
647,488,49,27
648,481,49,27
649,472,49,27
652,463,47,27
654,455,46,27
656,446,45,26
657,437,45,26
659,424,44,27
662,411,44,27
665,402,41,26
666,396,42,22
665,391,42,19
666,384,41,18
667,381,40,17
670,373,38,16
672,365,34,15
671,358,37,13
671,352,39,12
672,344,42,12
670,333,37,17
670,324,39,18
670,315,39,18
675,307,45,15
678,302,44,14
679,298,45,11
681,293,45,10
682,288,45,10
683,285,46,11
684,282,46,11
685,279,45,12
687,277,43,11
688,274,44,11
688,269,44,13
688,265,45,14
690,263,44,15
689,259,45,16
689,254,48,16
691,249,45,16
691,244,45,17
691,240,45,17
690,235,45,17
690,232,46,19
690,226,46,19
688,225,47,19
688,221,48,18
687,218,47,20
689,213,44,19
688,209,44,20
686,205,44,20
686,201,45,21
685,197,45,23
683,194,44,22
682,189,43,22
679,185,42,24
679,181,42,24
678,179,41,25
675,178,40,24
673,175,41,24
670,172,42,26
666,169,42,26
662,167,42,26
655,167,41,26
645,166,40,25
620,163,48,24
596,161,49,24
569,161,48,23
543,161,47,22
524,160,44,21
513,161,42,19
506,160,39,16
495,159,40,15
487,159,40,13
482,158,40,14
479,158,39,13
476,156,39,13
478,156,37,11
476,154,37,11
476,153,37,11
477,152,37,11
477,151,37,11
475,149,39,13
474,148,41,13
474,147,42,15
474,145,42,17
476,145,42,17
475,146,44,17
474,146,45,19
474,146,46,20
474,147,48,21
475,147,49,22
474,149,49,22
473,149,49,22
473,151,50,23
473,152,50,24
473,153,50,24
473,155,49,23
473,158,49,22
473,160,49,21
474,162,49,21
476,164,45,21
475,167,47,20
477,169,44,20
477,173,43,19
477,175,44,20
477,178,43,19
478,182,41,18
479,187,41,16
479,191,41,14
479,195,42,12
479,198,42,11
481,200,41,10
481,202,41,10
484,203,40,10
486,203,39,11
487,204,39,9
491,204,39,9
494,204,41,11
499,205,40,10
501,204,45,12
507,206,45,10
511,207,44,9
515,207,45,11
519,208,44,10
526,208,43,12
531,209,42,12
536,210,44,13
541,210,43,14
547,211,41,15
552,212,41,15
556,213,42,15
559,215,42,13
561,215,44,15
565,216,43,16
566,217,43,16
567,219,45,16
569,220,43,15
570,221,43,15
572,223,43,15
572,225,43,14
574,225,43,14
575,226,43,14
575,228,44,13
578,229,43,13
579,229,44,15
581,230,45,16
582,231,45,16
584,232,43,18
586,233,44,18
588,235,44,17
589,236,45,19
592,237,44,20
593,239,44,20
595,241,42,20
596,243,42,20
598,245,43,20
600,246,42,20
601,248,40,19
602,250,42,19
605,252,41,18
607,254,40,17
608,256,39,16
609,257,39,15
611,259,40,14
612,261,40,12
612,263,40,11
614,263,40,11
615,264,41,10
619,265,40,9
620,264,40,10
620,264,40,11
622,265,41,10
622,265,42,11
624,265,41,11
627,265,40,12
628,265,39,11
629,265,40,12
631,265,39,13
632,265,38,15
632,265,41,15
632,266,42,15
631,266,44,17
632,265,44,19
631,265,46,20
630,265,48,21
631,266,49,21
631,267,49,21
632,267,50,21
632,268,51,21
631,269,52,21
630,270,53,21
630,271,54,21
630,271,55,21
630,272,56,21
629,273,57,21
629,273,57,21
629,274,59,21
628,275,60,21
627,276,60,21
626,276,60,21
626,278,62,20
626,279,62,20
626,280,62,20
625,280,62,20
624,281,61,19
624,282,61,19
624,283,60,19
624,283,59,19
624,284,58,19
624,285,57,19
624,286,55,19
623,287,54,19
622,287,56,21
622,288,53,20
622,290,53,18
622,291,53,19
622,292,53,20
623,292,51,20
624,294,50,20
624,295,50,20
624,296,49,20
624,296,49,21
625,296,48,20
625,298,48,20
626,300,46,19
626,301,46,21
627,301,45,22
627,303,45,21
627,303,45,21
627,304,44,21
628,305,44,23
629,307,43,22
629,308,42,21
629,309,43,21
630,310,42,21
631,310,41,21
632,311,40,22
633,312,41,21
633,313,40,21
633,314,39,20
633,315,39,20
633,315,39,20
635,318,35,18
635,318,36,19
634,318,36,19
633,319,35,18
632,320,35,17
631,322,35,16
632,321,33,19
631,322,32,18
630,322,32,18
629,325,32,17
627,325,33,17
626,327,33,17
626,329,32,18
625,328,32,19
625,328,31,20
624,328,31,20
623,329,31,20
623,330,31,21
623,331,31,21
622,332,30,21
621,332,31,21
620,332,31,21
621,334,31,21
621,332,31,23
621,333,31,24
621,333,31,26
621,334,32,27
621,334,31,26
624,335,31,26
625,336,33,27
628,337,32,27
628,338,34,27
630,338,35,28
632,339,36,28
633,339,38,30
633,340,39,30
635,341,38,30
635,343,39,28
634,345,41,30
635,344,42,30
635,346,42,29
635,347,43,28
638,349,42,25
640,348,43,27
640,350,47,28
644,351,48,27
648,351,49,26
652,353,53,28
658,352,52,26
665,354,54,24
670,353,56,23
677,354,56,24
684,354,57,24
688,354,57,24
693,353,59,24
696,354,60,21
697,356,63,19
698,355,64,19
697,357,62,18
695,356,65,20
694,356,64,19
694,356,63,18
692,356,64,20
691,356,63,19
688,355,64,20
685,356,65,21
682,355,67,21
680,355,68,21
678,355,68,22
674,354,69,23
672,355,70,24
669,353,70,25
667,355,73,24
665,355,71,24
662,354,73,25
660,354,74,27
656,354,75,30
654,353,77,29
649,354,79,28
647,354,79,27
641,354,81,28
639,355,83,28
637,355,82,29
633,355,83,28
630,355,83,28
626,356,84,28
623,357,86,27
619,358,85,26
616,358,85,25
612,358,86,24
608,359,87,23
605,360,86,22
601,360,88,23
598,359,89,22
593,359,90,21
590,360,90,21
587,360,90,21
583,359,90,21
576,359,93,21
570,359,95,22
568,358,94,21
564,359,93,20
560,358,92,19
554,357,96,19
549,356,99,19
545,356,100,19
540,355,100,19
536,354,100,19
532,353,100,19
528,353,100,19
522,352,103,19
517,351,103,19
512,350,103,19
508,350,102,18
504,350,102,16
499,349,102,16
494,349,101,15
489,348,102,16
484,347,103,16
477,346,104,16
472,345,103,17
468,344,103,17
460,343,107,18
456,342,106,17
452,343,105,17
447,342,104,16
442,343,104,16
433,343,108,16
429,344,106,16
424,342,106,17
419,341,107,17
414,342,105,17
409,343,105,17
402,342,106,17
396,344,106,17
391,345,106,17
385,344,105,16
379,344,107,16
371,343,109,16
367,346,108,14
360,346,108,13
353,345,110,13
347,345,109,12
342,344,109,11
335,343,111,12
330,343,111,12
324,342,111,12
319,340,111,12
314,339,111,12
310,337,110,12
305,335,111,13
303,333,108,13
299,331,108,14
294,329,108,15
289,328,109,15
287,326,106,14
284,325,107,15
282,322,106,15
275,321,110,16
274,319,109,17
272,317,109,18
271,315,107,18
270,314,107,17
271,312,107,17
272,310,106,17
272,308,106,17
273,306,105,19
272,305,104,19
273,304,103,19
272,301,102,19
268,299,102,20
268,298,100,20
268,297,98,20
266,296,98,20
265,294,97,20
263,292,97,20
264,291,96,20
264,290,95,19
265,289,95,19
265,288,94,19
267,287,92,19
268,286,90,18
267,285,90,19
268,284,90,18
268,283,87,18
268,282,87,18
267,282,87,17
267,281,87,17
266,281,86,17
266,281,83,17
267,281,81,16
267,280,81,17
265,279,81,17
265,278,80,16
266,278,78,17
267,279,77,17
268,278,76,16
268,278,75,16
268,278,74,15
268,278,75,16
268,277,74,16
269,277,74,15
271,277,76,16
272,277,75,17
272,277,78,18
274,278,77,17
277,279,76,16
278,279,76,17
280,280,75,17
280,280,75,19
281,281,76,19
282,282,74,19
281,282,76,19
281,285,75,20
283,284,74,22
284,287,74,20
284,288,74,19
283,289,77,20
288,291,74,20
289,294,73,20
293,296,73,19
296,297,71,20
297,298,73,22
298,300,71,22
299,303,71,21
301,305,72,21
304,308,73,21
308,310,74,21
314,313,72,20
320,316,74,21
326,320,75,20
330,325,77,20
337,327,75,20
341,331,76,19
348,337,75,19
355,343,75,18
362,349,76,17
373,355,75,16
385,362,75,16
399,367,72,15
410,369,70,15
418,369,69,16
422,371,69,16
425,371,67,15
429,372,65,16
432,376,63,17
436,381,62,15
439,385,62,14
445,388,61,15
448,391,62,15
453,395,62,15
456,398,61,17
459,402,61,19
459,406,63,19
463,409,59,21
466,412,59,22
469,416,59,24
470,419,60,25
473,421,61,26
476,426,60,25
479,429,60,26
482,431,60,27
482,434,62,28
485,437,63,28
489,441,63,28
492,444,62,27
495,449,63,28
498,452,63,28
501,455,64,28
504,459,63,27
507,462,63,27
511,465,63,27
514,470,62,25
520,473,59,24
524,476,58,21
527,480,57,19
530,483,57,17
536,487,53,15
540,488,53,15
544,489,50,16
548,491,50,15
551,495,51,14
555,497,52,13
558,497,52,12
562,499,50,11
567,501,46,13
570,502,46,14
573,503,46,14
577,506,45,13
580,508,45,13
583,510,47,13
586,512,47,13
589,513,46,13
592,516,47,13
595,519,47,13
599,522,48,12
600,524,51,11
603,527,51,10
608,529,50,11
614,529,51,13
615,532,53,13
622,533,54,14
629,531,56,16
639,534,59,15
655,536,58,16
665,539,57,17
677,539,57,16
688,538,59,16
691,539,58,16
693,541,60,17
696,541,60,18
702,541,60,17
707,540,59,17
710,539,60,19
712,539,61,20
717,540,59,19
720,538,58,18
726,537,57,18
728,535,58,19
732,532,58,18
737,525,56,20
740,516,56,20
743,506,56,21
746,499,55,21
749,488,54,23
753,475,54,23
757,463,53,22
760,452,53,22
762,440,51,22
764,428,49,23
769,417,46,23
772,407,44,23
775,396,44,22
776,379,44,30
779,369,43,25
780,359,44,26
780,347,44,28
781,330,40,29
781,318,41,29
783,310,41,26
785,300,41,25
783,289,42,27
783,278,40,26
785,271,39,24
787,266,40,24
791,262,39,24
792,258,39,24
792,254,39,25
792,249,38,25
792,246,37,25
790,243,37,26
789,241,37,25
787,239,39,23
786,236,38,22
784,232,38,23
781,232,37,20
777,229,36,20
771,227,37,21
766,222,37,21
763,221,37,20
759,220,37,19
754,219,39,19
751,218,37,19
746,215,37,19
740,215,37,19
735,214,37,19
730,213,37,19
723,213,38,19
718,211,38,20
713,210,38,21
708,209,38,21
704,208,37,20
699,209,38,21
694,208,38,20
687,209,39,19
680,208,41,19
672,207,42,18
662,207,42,19
647,206,42,19
635,204,42,19
625,205,43,19
619,204,43,19
611,203,43,19
602,201,43,19
594,200,43,19
588,201,43,19
584,200,41,18
581,199,41,18
577,197,41,18
572,199,41,16
568,196,39,17
566,192,38,18
562,193,40,18
561,190,40,18
559,187,41,19
558,183,40,19
560,181,40,19
559,182,40,19
558,178,41,20
557,175,41,20
556,176,42,20
556,173,42,20
555,169,43,20
554,170,46,19
557,170,45,17
557,168,45,17
557,168,45,17
557,167,46,17
558,165,46,17
558,164,45,17
558,164,44,17
557,164,45,17
556,162,48,17
556,162,48,17
556,160,48,17
556,160,49,16
556,161,48,18
560,161,45,17
563,161,43,20
564,163,43,17
564,163,43,19
564,166,43,17
566,167,42,19
567,169,42,19
567,171,42,21
567,174,42,23
568,178,41,23
569,184,40,21
570,189,39,20
569,192,41,22
569,196,42,22
569,200,41,22
565,205,42,24
559,213,44,25
553,219,45,25
547,225,46,25
541,228,47,27
535,233,46,26
529,238,48,26
526,243,50,25
524,244,51,24
522,246,52,25
520,248,53,24
517,249,55,25
513,252,57,25
510,255,57,25
506,258,59,26
501,261,60,25
496,265,60,25
493,266,61,26
490,268,63,26
487,271,64,26
486,274,63,24
484,276,64,24
484,278,64,24
484,280,63,24
484,282,62,24
484,283,61,24
484,285,60,23
484,287,59,23
484,289,59,23
485,290,56,23
485,291,55,24
485,291,54,25
486,293,53,24
487,294,50,24
488,295,49,25
487,296,49,25
488,297,47,25
488,298,47,25
488,300,47,24
489,301,44,24
489,302,44,24
489,303,43,25
490,304,41,26
491,304,40,27
491,305,41,28
491,306,42,29
492,308,42,29
493,309,42,30
494,310,42,31
494,311,42,31
493,311,43,32
493,314,43,32
494,317,43,32
494,318,44,32
494,319,45,33
494,321,46,34
493,323,47,35
493,325,48,35
494,328,49,35
495,330,51,36
495,332,51,36
495,334,51,36
495,336,52,37
495,338,54,36
496,340,54,37
497,343,55,37
498,346,54,37
499,348,55,37
500,350,56,38
502,351,56,38
504,354,56,38
505,356,57,39
507,359,56,38
509,362,56,38
511,364,56,37
512,366,57,36
514,368,57,35
516,371,57,35
518,374,56,32
520,376,58,30
522,377,58,29
525,380,58,27
527,381,58,26
529,383,59,24
531,384,59,23
533,385,58,22
535,387,60,21
536,388,60,20
538,389,60,20
539,389,60,19
540,391,62,18
541,392,63,16
542,392,64,16
542,391,69,16
542,393,70,15
545,394,69,14
547,394,68,14
548,394,69,15
549,394,69,14
551,395,69,14
551,395,70,13
552,394,70,14
553,395,68,14
552,395,69,13
552,397,71,12
553,398,69,11
551,398,70,12
548,398,70,12
545,398,68,11
544,399,71,13
541,399,71,13
539,399,72,14
536,399,74,15
533,399,76,16
531,400,75,14
529,400,75,16
527,400,74,15
524,402,76,16
521,402,78,17
518,403,79,15
516,403,79,15
514,403,80,16
512,403,82,18
511,403,82,18
512,403,81,18
511,402,81,19
512,402,80,19
511,402,83,20
511,402,83,21
512,402,83,21
512,403,84,20
512,403,84,21
511,403,86,21
512,403,88,22
511,403,88,22
511,402,89,23
511,403,90,23
511,403,92,23
512,403,93,24
513,402,93,26
513,402,94,25
514,402,93,25
515,401,93,25
517,401,93,26
519,401,91,26
518,400,93,25
520,400,92,25
522,399,91,24
522,398,92,25
527,399,88,23
529,397,85,22
531,397,84,21
533,396,83,20
534,393,78,20
535,392,78,17
533,391,80,16
536,390,75,16
535,385,76,19
534,382,76,18
536,377,71,20
533,373,74,23
530,369,77,25
532,367,73,26
531,362,73,28
528,358,73,30
525,356,74,30
522,353,73,29
520,351,71,28
517,349,71,28
515,348,70,27
512,346,69,25
508,344,70,25
504,342,70,24
499,342,70,22
494,343,70,21
492,342,68,20
486,341,69,21
481,340,69,21
475,339,70,22
470,338,70,23
464,337,68,25
457,336,69,26
451,335,69,28
447,336,66,27
442,334,66,29
438,333,66,30
433,332,65,33
430,334,64,32
428,335,61,32
424,336,61,32
422,335,60,32
418,334,59,34
416,336,58,33
415,336,56,34
412,338,56,33
409,339,55,32
407,340,54,31
407,340,52,31
405,340,52,31
404,340,51,31
403,340,50,31
401,340,49,31
400,342,50,31
399,342,49,31
397,342,48,33
397,343,46,33
395,344,46,33
393,347,46,33
393,348,46,33
392,350,45,32
391,352,44,31
390,353,44,30
389,353,44,30
387,355,44,30
388,357,43,29
388,357,41,29
388,358,41,29
388,359,40,27
388,359,40,27
385,359,42,27
386,360,41,26
385,362,41,25
386,362,41,26
387,364,39,25
388,364,38,24
388,364,39,23
387,365,39,23
386,366,39,23
387,366,39,23
387,367,39,23
387,366,39,22
389,365,39,22
391,366,39,21
394,367,39,20
397,367,38,21
399,366,39,22
399,367,40,20
399,367,40,21
399,367,40,21
400,367,40,21
399,368,40,21
398,368,40,21
396,368,40,21
395,369,40,20
394,370,39,20
393,369,41,20
393,369,41,21
393,368,41,22
393,369,41,22
393,369,41,22
393,370,42,23
395,370,42,22
395,370,42,21
398,370,42,22
398,370,43,24
396,370,45,25
397,371,45,25
399,371,44,24
401,371,45,26
402,372,46,26
406,373,46,26
411,374,46,26
416,374,46,25
423,374,46,26
428,375,46,27
432,377,48,27
435,378,50,28
438,378,50,27
438,381,51,27
438,382,51,27
437,383,53,27
436,383,55,26
434,383,57,29
432,386,60,30
431,385,59,29
431,385,61,28
428,387,64,28
427,389,66,28
426,389,67,27
424,390,68,26
422,391,69,25
418,392,71,25
416,392,71,25
414,392,71,26
414,394,70,25
409,395,72,24
408,396,71,22
403,397,72,21
401,396,73,22
398,396,73,22
396,397,73,20
392,397,75,20
390,396,75,21
388,397,75,20
386,396,75,21
384,397,75,21
382,395,76,22
382,396,77,21
381,395,77,23
382,395,77,23
382,394,77,23
385,394,79,24
386,393,80,26
389,392,82,27
394,393,84,26
398,393,84,27
405,393,85,26
409,392,85,28
411,395,87,27
413,394,88,28
412,395,90,27
408,394,92,28
403,395,95,29
401,395,96,28
398,396,97,28
393,397,100,27
392,398,99,26
388,399,102,25
385,399,101,24
381,400,104,23
378,402,105,19
375,403,106,18
371,405,107,15
369,404,106,15
367,403,105,16
363,401,106,17
359,399,107,18
356,397,108,20
353,396,107,19
350,395,107,19
345,394,110,20
343,393,109,19
338,392,114,19
337,393,112,18
334,394,113,17
331,392,113,18
327,391,114,17
323,391,116,16
322,390,115,15
320,391,115,14
316,390,116,15
315,389,115,16
311,388,118,18
311,387,118,18
312,388,117,18
310,387,119,19
311,386,119,20
312,385,121,19
312,385,121,20
312,384,123,21
313,383,123,21
314,382,123,22
314,381,123,23
315,382,122,22
315,381,121,23
316,380,120,24
315,380,121,23
316,381,121,22
316,380,120,23
316,379,121,24
315,379,120,24
314,378,119,25
312,379,118,25
310,380,119,25
309,380,117,25
307,378,116,26
304,377,116,26
302,378,115,25
300,379,114,24
299,380,114,23
296,379,116,22
295,378,115,21
297,378,114,21
298,379,113,19
301,378,112,18
304,377,112,18
308,375,112,18
315,374,113,18
323,373,108,17
328,373,108,18
332,372,108,18
336,371,108,18
340,370,109,18
350,369,105,17
360,368,104,19
368,369,103,18
385,370,103,18
405,370,105,18
424,370,103,18
440,368,103,18
451,368,100,20
463,367,96,21
471,366,95,22
481,366,96,23
490,367,93,24
500,366,91,26
507,367,91,27
511,367,91,27
519,368,89,26
525,369,88,26
533,369,87,27
540,369,87,28
548,371,87,28
556,372,87,28
564,374,84,26
573,376,83,25
577,378,85,24
580,379,83,23
583,383,82,20
585,383,80,21
583,385,84,21
586,387,83,20
588,386,85,19
584,389,92,21
586,388,91,21
589,389,94,22
591,389,93,21
596,391,92,20
601,390,90,19
597,392,101,18
598,394,103,17
600,395,102,16
600,393,103,18
599,393,104,19
600,393,106,19
603,393,105,18
602,393,107,18
602,393,108,18
601,393,110,20
602,393,110,20
602,392,110,21
603,390,109,22
603,390,109,22
603,390,108,23
604,390,108,24
605,389,107,25
604,388,108,24
604,387,107,25
605,389,107,26
605,389,106,26
605,388,105,25
605,388,104,27
604,387,103,28
604,386,102,29
603,388,102,31
602,388,101,30
601,387,100,31
601,388,102,30
597,387,104,29
595,388,104,26
593,387,105,25
590,388,107,23
586,388,109,21
584,386,110,20
583,388,109,16
577,387,112,15
578,382,110,16
576,379,108,17
573,373,109,21
573,369,108,22
571,365,107,23
572,362,103,22
567,358,107,23
566,354,106,24
566,350,105,23
564,346,105,24
561,343,105,24
560,340,104,23
558,339,104,23
557,335,103,22
551,334,107,20
550,332,106,19
546,330,108,19
544,328,107,18
542,325,107,18
539,324,106,18
537,322,105,18
533,324,106,14
531,323,107,14
527,321,107,17
521,320,106,20
516,316,105,22
510,315,108,25
507,312,107,26
504,312,107,26
503,311,106,28
498,310,109,29
497,309,108,31
494,308,110,32
494,307,110,31
493,307,110,32
493,308,109,31
492,307,111,32
491,307,110,31
491,309,109,30
489,309,111,31
489,308,110,30
490,310,107,31
490,311,107,32
489,311,108,33
488,314,108,30
488,315,109,29
488,316,108,28
487,317,108,29
487,319,107,30
487,320,108,31
487,322,107,30
485,323,109,29
483,324,111,31
482,326,112,30
480,328,115,29
480,328,114,28
480,331,114,27
480,333,114,26
480,333,115,27
480,334,115,28
481,337,113,27
483,340,108,25
481,341,112,23
481,343,111,22
481,345,110,21
478,346,112,20
478,346,110,19
479,346,107,18
479,347,106,17
479,347,107,16
479,349,104,15
479,348,104,16
478,347,103,15
478,347,102,15
478,346,101,16
478,346,102,17
478,345,102,17
479,346,103,18
480,345,103,18
482,344,105,18
486,343,105,18
493,343,104,20
507,343,108,20
523,343,104,19
530,346,102,21
530,348,102,21
530,347,101,22
529,350,101,21
529,351,97,24
523,353,98,24
517,359,97,23
509,360,98,25
504,357,98,25
503,360,98,26
505,364,96,27
509,369,93,27
512,372,92,26
514,374,92,29
519,377,90,28
523,377,89,29
528,380,89,28
532,384,85,30
534,390,83,30
533,392,82,29
535,392,78,31
539,400,76,33
544,402,75,31
551,402,72,29
556,406,70,30
562,411,80,29
588,415,82,28
620,419,82,27
641,423,77,26
655,425,72,24
656,423,79,21
662,428,78,19
664,431,79,18
666,433,81,17
667,436,82,16
671,436,85,16
674,436,85,16
677,439,82,13
681,439,81,12
684,439,82,13
687,440,84,15
690,442,84,16
694,442,85,15
696,442,85,17
699,446,85,16
702,447,85,15
704,448,85,16
705,452,86,16
707,454,87,16
708,453,88,16
710,455,88,16
711,457,92,16
710,458,92,17
713,460,92,18
718,462,91,18
719,464,93,18
721,465,92,20
725,467,91,22
727,468,92,24
729,468,91,26
731,469,91,27
734,472,90,27
738,473,88,27
736,473,91,28
739,473,90,30
741,476,90,29
743,477,90,28
745,478,89,27
748,479,88,26
753,479,86,25
755,479,85,27
757,479,84,26
759,479,86,27
762,479,85,26
763,479,86,27
764,478,86,28
765,477,87,29
767,476,87,28
768,475,87,25
770,471,86,26
773,467,85,26
774,463,84,22
776,456,82,21
777,450,81,18
776,441,86,18
767,434,95,15
767,427,97,15
767,416,97,17
771,404,96,21
767,391,96,20
768,378,95,19
767,369,96,19
767,361,94,18
767,351,94,21
768,343,93,20
765,337,92,22
765,332,95,21
762,328,97,20
760,326,100,20
757,324,102,16
756,321,101,15
754,319,101,15
750,315,104,17
748,312,104,18
746,309,104,19
743,306,105,20
741,304,104,22
741,301,104,25
735,299,107,27
735,296,107,29
734,293,107,32
734,292,106,33
732,292,108,34
731,292,108,35
731,291,108,35
729,292,108,37
728,292,108,36
725,292,110,38
724,293,110,38
723,293,111,39
720,295,113,38
720,296,114,37
719,298,114,38
715,300,116,38
714,302,115,37
711,304,118,36
709,306,118,37
708,309,117,36
707,311,116,35
705,314,117,34
705,317,116,33
703,320,117,32
702,323,117,32
701,327,115,30
701,330,114,29
701,333,112,28
701,340,110,25
701,345,110,25
701,349,111,24
703,356,110,23
703,363,107,22
705,367,103,19
706,373,103,17
707,376,103,15
709,381,101,16
712,384,101,15
715,389,101,14
719,393,99,16
721,396,98,18
724,400,97,19
726,403,96,20
729,409,95,20
732,412,96,20
737,418,95,17
740,422,97,17
744,423,96,18
744,425,98,18
749,429,97,17
753,430,97,17
755,433,95,16
758,435,97,18
760,437,98,20
762,440,99,21
764,443,98,20
767,445,99,23
768,448,98,26
769,451,97,29
772,455,97,30
774,459,96,30
775,462,96,31
776,466,95,32
778,469,94,33
780,473,94,34
781,475,95,34
783,479,94,33
786,484,94,32
787,485,95,32
790,488,93,30
788,490,97,30
789,493,98,29
791,496,97,28
793,499,96,27
792,501,98,26
792,503,100,25
791,505,102,24
792,507,103,24
791,508,104,24
791,510,104,24
791,511,104,22
791,513,104,22
791,515,103,21
791,514,104,22
791,515,105,22
791,514,105,23
791,515,104,23
789,515,107,24
790,515,106,25
790,516,105,25
790,515,106,25
787,514,108,26
786,514,108,27
787,513,107,26
787,510,107,27
787,506,106,26
787,502,105,27
787,496,105,26
787,493,104,25
785,488,105,26
784,481,106,26
785,476,105,28
785,470,104,27
785,464,105,28
785,459,106,28
785,453,105,27
785,446,105,27
786,438,104,26
786,432,103,25
786,426,103,26
786,422,102,25
786,419,104,26
786,417,103,25
787,414,103,27
789,414,102,22
790,411,100,25
791,407,96,24
792,405,96,25
796,403,95,25
799,402,96,24
801,399,92,26
805,397,88,27
808,396,86,27
808,394,89,28
810,392,88,29
813,392,87,29
817,391,86,29
819,392,85,28
825,391,83,27
829,391,81,26
832,391,80,27
836,390,81,28
841,390,80,29
846,389,78,31
850,389,77,32
858,389,72,34
864,389,72,34
868,391,70,33
873,392,69,33
878,392,66,35
885,392,63,36
889,394,62,36
896,396,61,36
901,396,62,36
911,399,56,35
917,400,54,35
923,401,51,35
929,402,49,35
935,403,48,35
940,404,49,36
945,405,50,36
951,407,49,35
955,408,48,34
960,408,48,34
964,409,48,33
969,409,49,33
975,410,49,33
978,410,49,33
973,411,60,31
979,413,60,29
984,415,59,28
984,413,60,29
980,409,61,32
977,416,60,28
965,416,59,27
953,415,63,30
938,413,65,32
923,409,69,35
909,404,70,36
893,398,72,35
874,392,80,32
859,385,77,28
841,379,77,28
820,376,79,24
793,367,86,24
769,357,89,24
748,351,89,26
741,347,76,25
725,341,76,25
711,338,77,24
701,333,76,24
693,330,76,23
688,325,78,24
685,322,78,24
687,320,78,24
687,319,78,24
694,313,71,27
696,310,72,27
695,306,70,26
697,303,69,25
697,299,70,26
700,297,66,25
702,294,66,25
704,290,67,25
705,290,67,26
704,286,67,26
704,282,70,27
707,281,71,27
706,277,73,27
714,278,65,26
717,278,64,25
719,275,64,25
721,273,60,27
724,272,56,29
730,271,51,28
731,271,50,29
720,263,61,36
730,261,52,36
730,260,53,38
731,263,54,37
730,263,55,36
730,263,57,36
728,268,59,31
723,267,62,30
718,265,66,30
714,264,66,34
712,269,67,34
708,269,68,30
697,274,71,27
685,278,74,26
672,283,76,25
660,288,77,24
652,298,79,18
646,298,78,17
640,298,77,16
631,297,76,19
623,297,78,21
609,296,90,23
606,298,91,22
603,298,92,23
603,298,93,26
599,299,95,26
596,300,98,27
593,300,99,27
600,300,92,27
623,302,69,27
622,303,69,26
618,303,72,22
