139,220,200,71
145,246,197,61
166,269,195,57
180,288,201,54
201,306,197,55
221,325,202,49
234,345,209,42
247,365,110,38
258,379,115,40
272,399,115,34
283,415,119,36
298,431,119,34
309,450,120,34
324,479,120,30
337,504,126,32
354,523,129,32
373,536,128,33
393,550,124,33
411,563,141,36
432,570,144,36
453,564,153,39
476,566,153,39
501,566,163,39
521,561,169,47
544,559,170,51
564,554,171,57
574,551,188,60
593,545,192,64
599,536,201,68
605,527,206,75
608,518,213,76
614,509,222,81
621,496,231,88
623,490,236,93
622,484,247,93
617,476,248,101
617,474,249,101
617,473,250,101
617,473,247,101
612,475,245,100
601,479,243,108
593,486,240,105
580,494,232,104
566,495,223,97
549,500,219,92
530,507,212,89
507,517,197,83
486,530,190,75
465,540,183,66
445,550,180,58
433,539,258,73
424,542,246,72
408,544,238,71
390,543,232,69
374,540,225,66
362,532,215,62
341,525,211,61
323,514,205,60
311,499,197,62
298,484,188,61
288,471,193,61
280,455,183,60
268,441,180,59
260,424,179,58
248,408,115,57
239,391,115,57
230,373,108,53
223,356,108,53
215,340,107,52
208,332,107,52
202,319,202,52
195,308,202,48
190,295,201,52
187,284,201,53
184,277,200,52
182,273,199,51
181,272,198,50
180,270,198,50
181,271,197,49
181,274,197,49
182,279,197,49
187,283,197,49
187,288,197,49
188,290,197,49
194,301,197,48
200,308,197,52
205,318,202,50
213,330,202,51
221,343,203,48
230,352,203,53
236,369,204,48
243,382,104,51
253,401,109,46
262,419,107,44
274,442,113,41
290,474,113,41
303,505,117,38
316,524,125,32
328,542,129,34
346,564,132,31
372,582,140,40
395,591,156,51
418,599,172,55
441,602,188,66
466,605,201,72
493,602,224,83
517,596,244,93
537,589,262,102
552,579,277,110
565,567,288,116
575,551,294,125
581,538,308,130
588,519,309,135
596,509,310,135
600,498,310,136
606,493,307,135
607,489,302,127
605,486,292,125
600,488,286,120
591,491,282,114
581,494,270,109
569,500,263,102
561,501,254,101
548,514,241,90
535,523,235,85
521,533,228,80
506,545,224,73
490,556,217,68
471,569,211,61
449,580,205,55
429,587,198,52
404,594,192,53
380,599,186,51
354,602,182,50
331,600,172,57
303,598,171,56
280,594,156,57
256,583,150,59
232,571,143,63
216,557,135,65
206,538,197,69
190,523,188,64
169,502,180,67
144,482,238,71
122,464,231,74
107,448,224,82
95,437,220,83
87,425,214,81
82,409,211,79
78,392,207,77
71,374,203,77
64,357,201,76
56,344,199,75
55,333,198,77
57,322,193,81
55,312,192,80
54,303,192,80
58,297,190,79
69,291,188,81
70,287,187,80
70,283,187,85
70,282,192,81
69,284,192,81
68,284,192,81
71,284,196,78
71,292,196,74
75,298,196,76
78,303,195,75
80,306,200,74
82,307,200,75
81,320,200,71
83,336,207,73
83,349,210,73
80,361,212,75
79,375,217,78
86,389,222,83
95,402,228,83
108,421,231,81
122,438,239,84
138,480,243,57
153,492,252,57
174,503,253,57
192,511,262,62
213,514,268,68
233,551,156,40
253,555,163,46
276,555,169,56
297,551,185,67
318,545,209,75
337,538,222,85
356,527,256,95
379,512,279,105
400,495,296,114
421,474,308,121
441,450,312,130
463,431,312,138
478,415,321,140
487,399,324,149
494,393,326,144
501,386,323,143
504,381,322,142
503,380,321,141
499,386,315,136
493,393,303,129
487,400,296,129
478,415,286,119
469,433,281,109
456,447,275,104
441,464,264,100
424,480,246,95
405,497,232,87
383,515,222,84
366,533,210,76
346,549,202,71
325,564,186,60
302,577,177,55
277,587,170,48
252,592,164,44
229,594,159,45
212,588,154,49
193,578,153,54
181,569,139,55
166,560,138,54
152,541,127,61
138,526,187,59
126,508,246,60
115,488,236,62
104,470,224,64
95,455,221,60
87,436,225,60
82,410,217,70
78,393,210,70
76,377,209,70
71,360,208,76
66,343,204,74
64,331,203,73
62,321,202,72
68,308,193,77
76,301,191,77
80,295,190,81
81,291,189,81
82,290,189,81
85,290,188,80
90,290,188,80
101,293,193,84
112,296,190,84
122,305,193,80
127,311,193,78
132,321,194,81
137,334,196,78
142,345,196,78
147,356,199,79
153,371,202,75
163,391,205,69
172,410,207,67
183,427,207,67
189,444,215,65
203,468,216,60
218,486,223,59
233,518,230,46
253,541,233,42
270,559,114,45
289,581,121,41
311,603,124,40
336,620,128,37
361,635,133,38
385,647,140,38
412,658,144,40
439,661,147,44
467,662,163,50
492,661,176,55
520,656,186,63
554,646,199,73
587,629,232,86
618,609,256,97
649,588,276,105
681,561,305,118
710,538,313,132
731,513,325,144
760,490,320,151
777,467,327,163
791,451,328,163
802,440,328,173
811,434,328,169
814,432,328,169
814,432,328,169
809,444,328,159
795,462,324,144
781,482,307,134
763,503,289,120
748,519,274,111
725,536,260,101
700,555,233,86
675,571,219,81
649,586,210,68
623,600,205,57
600,611,190,49
573,619,185,49
545,621,173,48
515,611,164,55
483,613,160,52
455,610,158,51
428,603,150,56
403,594,146,55
381,583,138,58
361,568,199,59
349,550,187,64
334,532,183,63
320,514,176,67
303,493,173,67
286,467,226,73
272,451,225,72
267,424,216,74
261,404,210,73
255,378,201,81
247,360,199,79
238,341,196,76
232,327,193,75
230,311,190,76
225,294,190,77
223,283,190,77
222,272,190,77
224,264,190,75
222,257,185,76
221,249,185,76
220,242,185,76
219,238,185,76
220,236,184,75
220,240,184,75
221,245,184,75
223,252,184,75
225,259,192,73
227,268,193,73
225,281,193,73
226,293,198,70
231,304,197,74
234,324,200,69
238,339,204,71
243,355,204,72
247,370,210,77
249,389,218,77
256,427,217,56
263,447,224,59
273,462,225,62
282,484,238,56
299,506,242,54
311,524,250,51
332,543,135,48
356,556,141,46
380,568,147,41
405,577,158,39
428,578,168,42
458,575,176,51
487,566,188,64
514,557,221,75
540,543,250,86
570,528,274,97
595,508,299,110
621,479,317,131
645,458,325,144
669,436,329,159
688,418,328,166
701,401,338,174
709,388,337,177
717,379,340,178
723,374,339,177
722,372,339,177
721,371,347,177
714,377,347,179
705,388,347,173
691,402,344,167
676,420,339,157
658,449,328,140
639,470,303,131
615,491,282,120
592,512,252,110
569,532,239,101
542,547,223,90
515,564,206,79
486,578,198,67
457,589,182,60
431,599,179,51
404,606,170,44
378,604,166,50
350,604,157,47
323,600,154,48
298,591,147,51
273,582,146,51
248,571,145,50
226,557,133,51
204,541,131,52
184,521,126,53
164,499,122,57
144,479,117,58
129,456,112,58
113,426,172,61
99,395,163,60
86,352,211,74
72,330,212,75
63,309,206,79
52,293,205,77
47,279,200,76
37,262,202,80
34,251,200,76
26,241,202,75
22,230,202,75
20,225,201,74
18,223,200,73
18,221,199,72
18,221,199,72
20,221,197,73
20,222,199,76
24,229,200,76
26,238,199,75
33,245,198,78
40,255,198,80
48,267,201,81
58,282,201,77
70,293,202,81
79,309,203,79
89,325,209,79
101,362,212,59
110,379,217,60
129,398,217,56
144,419,218,54
160,434,174,54
178,451,178,52
199,471,189,48
219,486,193,48
242,502,198,44
264,515,204,41
283,526,149,40
297,535,157,38
311,537,160,44
327,537,167,49
346,536,181,57
369,531,194,66
394,522,210,77
419,510,241,91
443,496,265,96
466,478,287,110
482,461,305,119
497,437,318,136
510,417,326,144
524,399,335,154
534,385,335,154
541,369,343,161
547,360,354,164
553,351,346,167
557,345,346,167
559,342,346,167
557,352,344,158
548,361,341,152
537,377,334,139
525,391,315,130
506,406,294,120
490,422,268,111
467,439,259,103
447,457,241,88
426,475,224,79
401,491,207,69
376,505,199,57
351,517,188,49
321,528,181,48
295,536,172,49
268,539,168,51
245,541,158,56
224,541,153,58
208,539,146,58
189,533,144,59
171,517,203,63
160,507,199,60
150,492,191,61
139,476,186,60
127,461,181,60
114,444,177,59
106,424,228,60
102,407,226,59
92,388,224,61
86,370,214,61
77,346,210,69
69,330,209,68
62,316,208,67
57,301,207,69
53,288,199,70
51,277,196,70
49,270,196,70
52,258,193,69
52,252,193,70
53,246,193,70
52,244,192,69
55,242,191,68
58,243,190,67
63,246,190,69
68,250,191,69
75,256,191,69
75,263,194,71
79,275,195,68
83,283,198,73
88,293,198,75
95,314,200,70
103,328,200,71
113,348,204,71
123,367,208,71
134,388,210,72
147,423,220,56
162,447,221,54
177,469,225,51
194,491,176,51
213,510,177,51
230,529,126,44
249,544,137,41
270,562,142,37
294,574,144,35
314,583,156,40
332,586,166,51
354,586,190,61
373,585,217,68
391,581,260,78
409,569,284,91
427,552,301,110
443,535,310,125
460,518,319,137
480,500,322,149
503,481,327,158
523,466,332,164
541,448,333,173
551,437,338,173
558,421,337,187
561,416,342,187
566,413,342,187
567,412,339,189
565,414,339,189
558,425,340,181
547,449,342,162
535,468,323,151
516,487,299,136
502,509,270,122
478,527,263,111
456,547,240,93
431,566,229,82
408,589,224,69
380,605,215,57
359,616,197,59
327,622,194,62
303,628,186,68
275,625,181,75
248,631,175,73
220,631,172,72
198,631,165,71
179,623,154,75
157,618,145,71
136,608,142,70
114,595,205,69
95,582,203,68
73,560,128,69
57,541,182,67
37,501,243,84
23,472,235,90
9,450,234,89
1,430,224,86
1,410,206,82
1,387,193,79
1,368,180,77
1,347,166,77
1,330,159,74
1,314,151,71
1,300,144,71
1,289,139,71
1,276,135,70
1,267,135,70
1,260,135,70
1,255,135,70
1,250,135,70
1,248,135,70
1,256,136,68
2,257,136,68
1,263,149,70
1,271,154,72
1,282,160,73
1,294,169,75
1,307,175,75
1,321,189,77
1,340,203,74
3,380,217,52
23,405,223,49
44,424,221,47
60,445,108,44
75,465,114,42
93,483,114,40
113,502,116,37
132,519,123,34
153,532,131,33
173,540,132,38
189,544,144,41
212,549,148,47
223,552,160,56
239,554,171,59
260,554,176,68
280,551,188,74
299,545,203,81
320,535,221,88
334,521,243,94
345,511,265,100
357,494,278,108
378,480,296,113
400,463,304,123
426,448,318,130
447,428,328,139
465,406,336,150
479,384,339,156
492,367,339,162
502,351,339,163
508,344,349,162
514,340,350,162
515,338,351,162
513,351,343,149
513,351,331,150
503,365,321,141
494,376,309,136
482,393,295,131
470,412,280,126
455,436,269,124
440,461,252,116
428,490,236,113
414,524,225,105
401,552,212,95
385,572,203,89
364,588,194,80
344,598,185,73
317,609,178,64
293,615,171,56
264,618,169,50
240,616,151,46
215,613,143,42
193,603,136,43
172,578,198,57
150,566,194,55
132,553,185,51
114,534,184,50
97,511,177,54
89,491,231,53
79,468,228,56
67,443,221,58
57,409,216,68
46,382,214,74
41,360,209,73
31,336,207,76
25,313,206,72
18,289,203,71
13,263,201,71
9,239,199,79
1,222,203,76
1,211,197,76
1,201,196,75
1,189,195,80
1,183,194,78
1,180,194,81
1,180,196,81
1,183,198,81
2,186,198,80
1,190,204,83
8,204,205,75
13,211,205,80
17,226,206,75
26,238,204,80
33,256,206,77
41,277,212,72
52,312,216,56
60,334,221,52
75,351,220,52
88,372,220,51
101,393,229,49
118,412,234,49
135,430,246,49
155,450,251,44
175,464,186,46
194,480,196,41
219,494,140,35
244,500,144,38
269,503,153,45
291,501,167,55
322,496,178,64
348,486,191,72
377,473,204,80
408,460,226,90
434,444,250,98
457,428,272,109
470,407,286,112
482,386,299,120
494,367,313,127
515,342,324,141
535,325,328,143
553,307,328,150
566,293,333,155
576,281,333,155
582,274,333,159
585,270,339,160
586,266,339,163
580,267,338,163
575,278,338,161
562,293,337,159
550,313,337,154
534,335,337,147
515,362,338,136
497,398,313,118
473,423,278,109
449,450,255,97
424,471,220,85
399,491,199,77
372,508,192,65
348,523,182,55
319,537,181,46
292,543,159,48
262,545,158,52
237,544,149,55
207,536,218,61
185,525,208,68
161,517,207,69
139,506,193,70
117,483,254,78
97,459,244,87
75,444,243,86
60,429,232,85
40,413,230,86
26,394,226,87
12,373,221,90
1,357,217,88
1,343,204,85
1,322,193,87
1,309,180,86
1,293,167,87
1,280,158,83
1,269,151,83
1,259,144,77
1,250,140,77
1,246,138,76
1,242,137,75
1,241,132,74
1,246,132,74
1,247,132,74
1,257,135,65
1,265,137,64
1,269,143,68
1,278,149,68
1,289,156,68
1,299,161,69
1,311,171,73
1,325,184,72
1,335,197,75
1,352,209,73
13,365,217,77
33,379,219,77
51,420,225,54
76,438,225,52
101,456,225,52
123,475,182,48
150,494,183,43
177,507,125,43
204,522,128,37
233,534,135,35
266,538,144,39
294,542,151,45
326,544,169,51
356,541,172,61
386,534,190,69
419,522,203,81
452,510,225,89
490,493,247,99
528,475,269,105
560,453,287,116
593,429,301,125
622,403,314,137
651,380,324,150
677,362,334,162
705,342,334,169
730,330,340,170
749,324,340,170
774,328,340,164
791,331,335,161
807,335,334,160
824,348,324,149
838,363,316,145
843,383,301,135
844,406,279,122
846,432,273,106
849,459,259,90
848,483,242,79
845,509,234,67
840,533,222,55
830,551,221,51
816,563,210,49
806,574,195,50
791,580,188,52
777,586,180,52
759,588,173,51
740,590,166,51
719,587,159,50
696,585,155,50
679,576,145,52
660,568,201,50
636,559,201,52
619,549,191,55
598,536,183,59
580,522,178,58
563,501,226,59
548,483,221,58
534,466,216,59
519,446,212,59
508,426,208,61
499,409,205,60
490,391,199,63
481,375,197,61
475,361,195,64
469,346,190,67
464,334,188,67
457,325,189,66
455,315,187,66
454,307,187,69
453,305,186,68
450,302,186,68
449,297,186,71
450,297,185,70
451,297,186,73
450,303,186,73
451,308,187,70
453,315,186,72
456,324,188,73
459,333,192,74
465,348,195,69
471,359,197,72
477,375,195,69
485,390,197,72
495,407,197,72
505,430,205,67
517,452,210,64
530,483,214,53
544,505,219,50
556,525,227,49
572,545,237,46
591,565,245,44
609,581,249,45
631,605,128,36
653,621,133,32
678,634,139,31
702,642,149,37
726,647,168,44
752,651,183,54
782,651,194,62
810,649,206,70
837,644,226,75
866,637,252,82
894,629,276,90
922,617,295,102
946,602,320,112
972,587,307,120
997,573,282,126
1020,557,259,132
1039,544,240,134
1059,531,220,142
1065,526,214,138
1074,517,205,143
1074,515,205,143
1072,513,205,143
1067,522,212,134
1063,531,216,128
1052,545,227,120
1037,556,242,111
1021,570,258,106
1000,583,279,100
975,596,268,95
950,607,250,88
924,622,235,81
897,635,217,70
873,648,204,60
844,656,198,50
815,661,189,45
786,663,177,41
755,663,168,39
726,655,160,44
698,647,154,46
674,638,143,45
648,626,138,47
626,611,133,49
606,594,124,51
586,576,125,54
565,559,116,52
541,538,114,55
522,520,229,53
506,497,223,55
492,475,219,59
481,449,213,65
470,430,208,64
459,415,206,60
448,386,201,71
438,371,199,68
428,351,194,72
418,337,192,72
414,325,191,71
409,310,189,74
405,298,186,74
402,289,186,76
401,283,185,74
396,279,185,74
395,277,185,75
394,280,184,73
395,282,185,73
397,287,188,71
401,293,185,70
403,298,188,71
405,308,190,72
411,319,189,70
412,331,197,69
417,346,197,69
426,361,197,68
435,381,200,63
444,398,203,62
453,413,207,67
462,430,207,67
469,466,105,47
476,486,111,43
485,508,115,37
493,528,119,32
506,546,124,30
516,559,128,29
524,564,132,34
533,571,132,34
537,578,150,42
544,581,166,48
549,581,178,53
553,580,186,60
558,577,197,67
560,571,205,73
560,564,216,77
559,557,226,83
561,547,234,88
559,538,252,91
554,526,267,99
554,514,277,104
555,503,287,109
556,495,294,110
554,482,298,118
550,477,300,118
545,472,301,118
537,469,302,118
522,467,302,118
510,467,301,117
503,470,299,116
489,480,288,111
476,488,286,110
459,500,267,104
433,514,261,98
413,526,249,93
393,542,245,89
374,559,232,84
354,573,221,82
333,586,216,71
309,597,204,64
289,603,183,59
269,610,176,56
243,615,177,49
223,617,160,45
204,613,159,44
185,608,151,44
168,597,143,44
151,587,142,43
134,575,135,46
120,560,130,46
110,540,127,51
99,521,182,50
85,506,182,49
74,489,175,49
63,461,173,55
53,442,168,55
43,422,162,58
38,403,218,59
29,377,214,70
24,360,209,71
21,340,205,77
20,325,204,76
19,314,203,75
17,304,202,74
16,295,201,73
15,284,200,74
17,276,195,78
18,271,195,78
19,273,195,78
23,272,197,78
27,276,195,77
28,279,198,77
33,286,198,74
36,291,197,79
40,302,202,76
47,312,201,77
53,326,200,76
61,341,205,71
71,364,208,62
83,393,210,51
91,402,213,51
100,411,216,51
119,451,112,38
133,466,120,37
150,488,121,31
165,501,121,31
181,518,128,27
196,532,133,29
212,534,195,41
230,542,197,49
249,561,144,43
265,568,154,50
281,573,166,56
298,578,176,59
313,578,190,63
330,578,201,71
346,574,225,75
366,569,240,80
385,559,259,87
401,550,270,92
419,538,284,101
436,525,301,108
454,514,315,111
472,499,316,119
486,487,329,126
496,479,329,126
504,466,328,130
514,462,321,132
521,460,316,131
524,459,314,130
523,461,313,129
522,465,284,122
514,473,268,117
505,482,259,109
492,498,250,99
479,512,244,88
462,527,233,80
441,539,228,73
424,555,224,68
402,568,218,60
382,580,206,56
357,589,192,52
333,596,185,49
309,603,175,48
284,605,168,47
258,606,164,46
233,602,156,48
208,594,151,50
185,583,144,52
164,570,136,53
143,555,129,56
122,540,127,56
105,522,185,58
86,504,182,57
71,476,238,65
55,456,232,66
41,439,226,64
27,424,224,63
14,408,223,62
2,390,213,62
1,369,205,66
1,350,194,65
1,338,180,64
1,323,173,68
1,313,165,69
1,305,160,67
1,297,154,66
1,289,149,69
1,283,146,67
1,280,144,65
1,279,144,66
1,279,144,69
1,280,144,69
1,287,151,63
1,294,158,59
1,302,162,56
1,310,168,56
1,322,173,54
1,334,181,54
1,351,190,51
1,364,200,51
1,392,214,40
9,407,214,39
19,425,220,41
32,445,227,40
46,463,230,41
61,484,230,37
75,500,177,39
96,521,177,33
111,537,186,35
126,553,130,33
143,565,135,32
158,573,141,36
179,578,147,42
197,580,160,49
213,578,177,60
227,575,197,69
244,570,218,74
263,563,254,82
283,553,272,92
306,538,285,104
328,523,298,110
350,503,298,120
368,488,309,126
384,471,317,130
397,457,318,134
406,443,326,134
410,432,329,134
416,423,329,135
419,418,329,135
421,414,323,132
419,413,323,132
415,412,313,131
410,414,307,130
406,419,297,129
396,432,287,122
385,441,278,118
367,454,266,114
353,471,252,105
337,490,238,97
317,511,228,91
292,528,225,84
271,547,209,72
246,564,200,68
217,580,193,58
189,591,188,51
166,600,179,47
138,601,167,52
110,602,158,52
86,598,151,53
62,592,148,54
39,579,209,57
13,566,205,59
1,548,186,63
1,534,99,66
1,518,77,65
1,483,175,79
1,466,156,72
1,449,133,67
79,431,37,41
63,413,36,43
48,395,35,43
38,376,34,48
22,355,42,52
13,340,41,51
1,320,46,56
1,308,40,55
1,299,34,53
1,291,35,53
1,283,35,54
1,276,37,53
1,270,37,53
1,269,37,54
1,271,38,46
3,268,40,49
8,272,39,48
13,279,43,48
23,288,42,47
38,296,38,46
50,307,34,44
60,317,34,44
75,338,31,36
87,348,30,34
1,392,19,19
1,403,30,25
1,410,43,35
1,430,58,35
1,449,73,36
1,468,91,38
1,487,113,35
13,508,122,34
32,525,125,35
52,540,126,35
77,555,129,36
97,567,141,38
123,573,149,43
148,580,154,48
175,584,162,52
202,584,172,60
233,580,186,68
259,573,207,77
286,565,238,85
316,551,267,98
345,533,286,112
371,510,304,124
397,485,314,143
419,463,319,157
441,443,321,165
458,425,329,165
473,408,329,172
483,396,335,174
489,385,338,177
494,376,338,178
498,373,339,175
498,373,339,170
495,387,338,159
485,395,331,155
476,404,319,149
463,419,308,139
450,431,294,136
434,451,279,126
413,470,261,118
393,494,244,108
369,513,233,98
346,536,219,92
320,558,211,79
291,579,200,68
268,595,194,60
248,608,189,51
227,617,180,48
208,618,173,49
188,615,158,53
164,607,154,54
147,597,144,60
129,585,139,59
113,566,200,68
95,544,190,73
81,528,186,73
71,490,236,91
61,471,237,92
53,452,231,91
44,434,223,90
31,413,219,87
20,395,214,85
13,372,210,89
1,346,208,88
1,323,199,84
1,301,188,87
1,280,183,87
1,261,177,85
1,245,174,85
1,233,170,85
1,223,169,85
1,214,169,85
1,209,169,83
1,206,168,80
1,203,168,80
1,204,168,81
1,206,173,80
1,211,178,80
1,220,182,76
1,229,186,75
1,241,193,73
1,254,201,74
5,267,205,77
13,286,207,74
23,308,209,72
31,325,213,72
42,345,215,71
53,369,219,66
59,387,219,66
69,414,233,62
83,433,234,62
99,460,235,54
115,473,242,59
130,505,196,43
150,523,134,39
170,539,134,37
189,552,137,37
211,559,158,43
234,564,166,49
259,565,175,55
286,564,184,64
313,558,209,75
337,548,228,84
367,535,249,93
394,513,272,106
421,496,292,112
449,473,302,125
472,443,317,138
500,418,321,148
521,391,326,161
543,369,326,171
559,348,326,179
575,332,327,180
585,320,326,188
594,311,330,189
598,307,328,188
600,306,328,188
597,308,328,188
583,319,336,188
579,327,336,188
559,348,331,181
543,378,328,164
519,415,318,147
497,442,296,132
471,474,272,123
446,508,240,107
414,531,224,97
383,557,211,82
353,580,193,65
326,593,186,54
302,603,178,48
275,605,168,50
247,604,159,50
218,598,154,52
193,585,148,58
170,567,140,63
143,544,135,68
121,525,125,68
96,500,125,75
74,480,118,72
51,440,232,85
30,407,232,93
11,386,230,92
1,359,216,91
1,337,199,90
1,314,180,93
1,295,166,89
1,276,149,89
1,260,141,88
1,245,128,87
1,235,125,82
1,223,117,83
1,213,112,82
64,207,42,64
60,202,43,63
56,199,42,62
58,199,39,57
60,200,39,57
61,200,38,56
65,205,39,58
66,210,39,58
68,215,39,58
76,227,38,57
81,237,41,54
1,250,128,63
1,269,138,61
1,286,152,58
1,297,165,65
1,316,180,64
1,335,196,65
1,363,215,57
6,396,110,44
26,418,113,40
43,433,113,40
65,457,120,37
86,475,125,37
109,494,132,34
133,508,137,36
160,519,143,38
186,525,152,44
213,531,163,51
243,531,171,58
274,529,186,67
305,524,204,75
338,512,222,86
371,499,255,97
403,482,275,106
436,460,295,118
468,430,304,135
499,400,310,152
531,373,321,159
558,347,319,168
581,321,326,177
604,295,326,185
624,271,326,189
635,254,326,189
645,240,326,193
657,233,326,193
660,230,326,193
661,229,326,194
660,232,326,194
657,245,326,194
645,256,329,199
630,271,329,199
617,298,324,187
596,319,324,182
573,350,314,170
549,387,298,153
519,415,282,142
494,443,257,128
467,467,229,117
436,491,216,105
408,512,195,94
378,531,188,82
354,545,176,72
327,554,167,63
302,560,158,53
277,559,146,48
252,555,143,45
228,550,139,38
208,542,132,34
185,529,131,33
164,514,125,35
148,495,117,34
130,476,113,36
116,455,112,37
101,437,106,39
84,416,107,40
70,396,103,40
57,374,105,47
49,356,101,47
38,337,100,50
29,321,98,50
23,305,98,54
14,287,202,59
10,267,201,69
5,259,199,69
2,247,199,73
1,243,198,72
1,234,198,77
1,230,191,77
1,227,190,79
1,225,190,79
1,222,193,81
2,220,195,82
5,225,196,82
8,231,198,86
12,240,200,85
18,251,202,84
23,262,204,91
30,277,207,94
39,298,209,91
50,319,213,88
60,340,218,84
73,360,221,81
87,404,226,57
102,418,229,57
116,448,123,42
133,464,123,42
151,481,126,41
173,498,135,36
196,507,139,40
219,514,153,46
243,517,168,55
269,516,181,66
298,512,192,75
325,506,222,85
352,497,253,97
382,487,270,103
412,472,285,115
437,445,304,135
466,418,306,149
494,393,309,161
522,372,318,168
552,350,318,174
575,327,326,181
594,304,328,188
611,285,328,192
628,270,324,195
633,258,330,195
643,247,330,197
650,242,329,203
652,241,329,203
651,243,329,203
640,259,319,200
627,277,320,192
613,294,323,192
592,325,329,181
567,362,322,158
545,398,296,137
510,428,275,121
484,452,241,109
454,472,225,93
423,494,206,74
395,511,194,64
361,526,196,52
330,536,179,46
301,537,164,50
269,533,159,56
239,530,158,55
210,514,149,65
183,504,144,67
158,493,132,66
132,480,131,65
112,460,123,68
88,441,118,70
68,406,235,80
51,387,230,81
34,363,225,84
18,343,221,85
4,322,216,86
1,304,205,83
1,285,192,82
1,266,179,82
1,252,169,81
1,236,163,83
1,221,156,84
1,209,148,84
1,199,144,81
1,187,141,81
1,180,134,80
1,176,131,79
1,174,129,81
1,168,129,81
1,172,127,84
1,176,127,85
1,182,131,85
1,190,135,86
1,199,139,86
1,214,148,84
1,225,158,85
1,241,165,86
1,259,178,86
1,276,186,86
1,295,204,85
4,314,215,83
21,332,215,86
35,356,221,83
52,375,229,83
71,401,231,75
91,426,237,67
110,445,242,62
133,474,134,46
158,479,136,42
179,491,141,36
206,496,145,41
231,499,154,49
259,503,154,49
287,495,193,71
314,490,219,80
346,479,251,89
377,464,270,100
404,440,292,116
431,414,301,131
454,386,314,147
480,361,315,159
501,334,326,172
525,311,335,177
546,283,334,187
562,262,338,191
579,240,338,198
589,226,338,200
596,217,340,201
603,206,340,205
609,203,337,206
610,201,337,206
609,205,337,206
595,222,343,197
587,244,339,188
568,270,336,176
551,307,337,153
529,337,311,140
503,363,281,126
479,389,260,108
448,409,240,96
426,427,221,85
398,450,201,68
370,465,196,56
341,479,186,48
312,482,174,55
282,479,168,63
254,474,162,69
227,470,156,67
201,460,144,71
178,445,137,74
155,430,131,78
134,414,185,77
115,384,240,89
96,361,235,95
79,343,233,92
64,324,228,90
48,306,227,89
35,288,220,89
23,269,216,87
11,253,213,87
1,236,211,85
1,222,202,83
1,208,192,81
1,196,192,81
1,186,171,78
1,172,165,83
1,163,158,80
1,155,156,80
1,149,152,80
1,149,151,79
1,148,151,79
1,147,151,79
1,151,157,82
1,155,160,85
1,164,167,84
1,175,175,83
1,185,182,84
1,199,191,82
6,210,194,86
7,223,201,86
15,247,205,77
24,263,209,75
35,283,211,73
49,302,211,72
60,326,218,65
75,357,225,54
90,372,226,54
105,391,232,52
124,420,122,38
143,438,125,36
160,453,132,35
176,467,143,33
195,477,148,40
215,482,160,48
236,488,169,53
262,491,184,60
283,492,203,69
310,487,244,76
335,480,272,86
364,471,288,93
393,447,297,113
416,429,314,127
444,412,325,134
476,392,325,144
503,371,331,151
530,352,332,159
550,324,338,172
567,307,340,174
587,279,340,188
599,265,343,190
610,250,340,196
618,242,340,199
619,237,340,199
616,240,340,199
608,246,342,202
600,253,342,202
586,268,342,200
569,283,348,196
550,323,349,173
531,361,324,149
505,392,299,132
481,421,281,117
454,440,247,108
426,463,220,92
397,480,210,81
367,496,204,69
339,508,197,59
309,517,190,48
279,518,183,47
252,520,173,46
220,513,166,48
195,506,152,50
167,495,147,51
146,478,141,56
125,460,136,58
102,440,132,64
81,420,128,63
64,400,178,63
47,366,233,78
33,348,226,78
20,322,223,80
8,301,220,80
1,282,211,79
1,265,198,77
1,250,187,77
1,231,175,79
1,220,166,76
1,208,159,75
1,196,153,74
1,185,147,74
1,178,142,78
1,169,137,82
1,170,134,77
1,168,133,77
1,167,132,77
1,167,132,81
1,169,132,86
1,176,134,83
1,182,134,83
1,192,141,85
1,202,149,85
1,217,156,84
1,233,166,85
1,248,179,87
1,272,191,80
1,291,206,79
8,316,213,74
21,339,220,70
37,362,223,65
55,384,226,64
73,412,231,53
95,428,234,55
116,443,244,55
134,473,143,40
156,488,148,36
183,501,151,34
206,505,156,39
235,511,179,49
263,511,211,57
291,505,245,70
319,491,270,83
346,479,282,97
373,463,294,113
403,447,303,123
429,428,312,134
456,410,321,142
482,391,325,148
505,370,328,158
525,350,333,163
545,332,334,167
561,315,336,174
576,298,337,178
589,276,338,190
594,269,338,190
600,264,338,190
601,258,338,200
600,256,339,200
595,261,340,201
580,268,342,201
571,281,342,201
554,302,339,194
537,330,328,176
519,365,307,156
496,389,287,143
471,409,266,134
444,431,239,121
419,450,220,111
393,469,283,101
365,482,278,94
337,489,263,91
308,494,252,87
281,509,167,70
253,513,163,62
228,510,153,58
201,509,148,50
174,505,144,42
152,495,139,41
128,481,135,43
109,466,127,42
88,444,124,45
69,421,120,49
53,398,116,52
35,376,114,55
17,351,113,59
6,318,223,70
1,303,212,68
1,280,196,70
1,264,185,71
1,245,172,73
1,219,163,85
1,208,153,81
1,195,149,82
1,186,149,80
1,179,141,80
1,168,136,85
1,165,132,83
1,166,132,82
1,166,132,80
1,167,134,84
1,173,134,84
1,181,139,84
1,190,147,82
1,203,151,82
1,225,163,73
1,240,173,70
1,256,181,66
1,268,191,68
1,294,205,57
1,319,219,49
11,343,226,48
27,365,227,46
43,388,123,40
57,408,122,39
73,429,126,38
88,454,130,32
107,475,135,31
123,490,140,34
139,509,144,34
155,519,150,38
172,532,159,43
190,539,163,49
209,543,169,58
230,544,178,64
252,542,197,69
281,539,211,73
303,525,234,84
329,513,258,92
355,492,279,106
374,471,303,120
393,448,318,134
414,419,331,151
430,394,335,163
447,370,335,174
456,346,338,185
467,329,338,190
473,313,345,196
480,303,345,198
481,298,345,198
483,295,345,198
482,293,345,198
479,295,345,198
469,311,338,198
456,328,334,188
443,352,334,171
432,383,314,155
408,408,304,141
386,429,282,127
363,450,255,116
340,473,235,101
317,488,215,94
288,507,202,80
263,523,187,63
234,533,180,57
206,545,175,49
181,544,168,50
155,534,162,59
132,530,152,59
105,524,151,58
81,512,147,63
59,495,137,69
39,483,136,64
18,470,131,63
1,450,120,64
1,420,211,73
1,399,193,76
1,375,179,79
1,352,158,79
1,333,143,79
1,313,128,73
44,298,68,64
32,282,68,64
21,268,68,64
11,254,68,64
3,243,68,64
1,227,66,62
22,218,38,59
18,211,38,59
16,202,38,59
15,198,37,58
14,196,36,57
13,192,35,56
13,194,39,60
15,199,41,58
17,204,43,60
21,209,44,59
25,214,46,60
30,223,45,58
36,227,45,58
51,237,40,57
63,246,38,56
80,267,34,47
1,283,127,63
1,290,141,73
1,315,157,66
1,336,177,67
1,357,195,67
1,377,216,66
1,396,240,65
13,426,135,54
31,445,142,47
55,462,149,44
73,474,157,43
96,483,158,42
119,487,167,46
145,487,173,53
169,488,176,57
198,484,181,66
224,477,223,77
249,466,238,82
277,450,262,91
306,431,288,102
328,408,314,119
354,381,320,133
374,361,335,147
393,340,343,157
408,317,351,170
422,298,352,182
433,286,355,185
440,279,355,185
438,277,355,185
432,274,355,185
414,277,357,189
399,284,357,189
377,296,352,185
352,317,355,179
329,358,331,151
302,390,301,135
270,420,272,121
230,446,242,111
184,473,224,96
145,498,215,90
102,524,201,82
