125,54,85,130
128,55,84,135
126,58,86,133
126,59,92,133
129,59,90,131
129,59,97,144
129,58,102,144
129,58,105,150
129,63,111,150
130,63,114,152
129,66,118,148
130,66,122,149
129,66,127,150
130,69,131,147
130,69,136,146
130,69,143,148
134,69,143,148
135,69,139,147
143,74,130,144
147,73,130,144
152,75,122,143
154,78,118,141
155,77,144,148
154,79,153,146
155,83,150,146
153,89,138,130
153,93,153,141
152,98,158,139
152,98,160,138
153,98,159,156
153,99,162,165
153,114,164,157
154,118,165,157
155,121,165,155
155,122,165,157
157,126,162,155
157,127,161,151
156,130,161,145
155,135,174,134
155,135,167,134
156,135,166,133
153,141,173,132
151,141,176,139
152,144,176,138
152,145,181,139
152,146,183,139
151,146,186,135
150,146,187,132
152,145,189,133
156,144,187,134
160,145,184,133
163,143,182,136
169,146,176,136
170,150,174,129
171,151,174,126
172,154,160,123
172,157,162,120
173,159,167,118
173,158,169,117
171,156,175,118
170,155,180,115
168,154,183,113
168,151,185,112
167,151,186,110
164,150,186,108
163,152,188,105
162,156,189,102
162,161,184,100
160,168,188,96
162,168,186,95
161,168,185,95
163,168,184,95
162,168,185,94
167,166,174,97
167,166,172,96
169,166,166,97
172,165,164,98
172,164,166,98
172,163,167,98
171,163,183,99
171,163,185,100
173,165,183,100
174,161,182,102
174,156,184,105
176,152,181,108
180,150,177,110
179,145,179,115
179,144,180,115
179,138,181,131
180,136,180,140
183,134,177,148
184,133,176,153
184,132,175,152
182,132,177,151
182,133,176,151
180,131,177,154
183,132,173,151
178,132,178,151
177,133,178,150
177,133,178,150
177,136,176,145
175,140,176,141
173,141,175,140
171,147,174,143
169,148,180,143
167,160,187,138
169,162,182,137
168,167,184,132
162,170,188,128
161,173,188,124
159,174,189,123
158,177,187,120
156,177,187,120
154,180,187,116
151,181,188,112
152,180,186,112
151,175,181,128
148,168,181,141
145,167,178,141
142,165,180,147
139,165,180,147
136,163,179,146
135,163,176,146
133,162,173,146
132,162,166,145
130,161,167,144
128,160,166,146
125,160,173,145
122,159,175,146
122,158,181,147
121,156,181,148
118,155,184,147
115,154,188,149
114,153,187,150
114,149,184,154
114,148,180,155
117,149,170,155
119,148,164,157
122,145,155,160
124,142,147,161
126,140,143,166
127,138,140,167
130,135,143,170
132,131,143,174
133,127,141,177
134,122,144,183
136,118,144,187
136,113,144,193
138,108,142,197
138,97,142,210
137,96,146,210
140,98,145,208
139,102,146,198
139,102,145,189
135,102,146,177
136,102,147,163
138,103,145,151
141,103,147,140
140,100,151,134
140,98,153,129
140,96,149,126
136,92,149,128
136,88,153,129
136,86,155,130
135,84,160,130
135,83,159,133
133,83,164,133
126,84,169,130
124,84,171,129
123,86,171,129
117,85,174,129
114,87,179,127
116,90,181,124
115,93,184,121
118,96,180,120
121,99,178,117
124,109,177,107
126,112,175,104
128,117,171,99
135,117,172,97
134,116,172,97
133,116,177,96
130,114,181,99
128,112,183,100
126,110,183,100
125,108,190,102
124,106,190,102
126,107,188,96
130,108,184,88
133,109,172,81
135,110,168,74
135,109,167,70
134,101,173,79
134,101,174,79
134,101,174,80
134,104,174,80
134,106,175,78
134,107,173,77
134,110,171,76
134,113,173,75
135,114,174,74
136,113,173,77
137,113,164,79
137,115,162,78
136,116,162,78
135,116,162,78
133,116,162,79
131,116,164,79
129,115,166,81
126,114,166,81
123,111,166,85
121,108,170,88
120,104,173,93
117,100,176,98
115,97,173,98
123,93,158,107
123,91,146,109
126,83,130,116
124,76,126,125
126,71,129,130
125,70,128,129
124,68,149,129
124,61,170,143
126,61,175,143
132,62,175,139
134,64,174,131
135,65,166,129
130,67,162,130
129,75,140,125
130,80,135,121
125,86,140,116
123,89,142,112
120,91,141,112
119,92,140,111
115,93,145,109
112,94,150,110
109,94,149,109
108,94,157,108
108,96,169,106
108,96,182,105
108,96,185,104
108,93,182,107
108,92,179,109
112,92,171,108
115,92,167,107
119,92,165,109
122,91,164,108
123,91,169,107
129,91,162,109
131,92,173,108
134,91,182,108
131,92,205,107
131,90,216,107
133,89,227,107
134,88,237,107
136,88,236,106
144,95,228,101
153,101,217,98
163,108,206,94
167,113,202,94
172,116,194,96
176,119,183,106
178,121,178,101
179,125,174,96
180,129,172,91
182,130,171,90
183,130,171,90
182,128,170,94
181,128,187,98
182,130,185,103
183,128,181,114
184,128,180,117
186,127,179,124
187,126,181,127
189,127,180,125
188,127,183,125
190,126,183,126
189,126,182,125
189,125,183,126
188,125,182,125
188,124,181,124
188,127,183,123
186,128,186,121
184,128,186,121
183,127,186,121
184,125,188,122
183,122,187,121
182,120,187,121
180,120,192,122
180,118,191,123
179,117,191,123
178,118,196,122
176,117,196,122
176,117,198,123
175,116,199,122
175,116,198,124
175,115,197,123
175,113,197,123
175,114,198,123
175,113,197,125
175,112,196,124
174,111,193,127
173,110,192,126
172,109,191,125
171,108,191,128
170,107,190,127
168,109,189,128
167,108,191,129
166,107,190,128
165,106,189,127
166,107,187,128
164,107,189,127
163,106,188,126
164,107,185,128
163,106,188,127
161,108,188,128
158,110,189,126
157,109,188,125
155,112,191,125
154,114,192,125
153,114,191,124
151,117,190,118
151,118,190,114
151,118,189,111
151,117,189,109
151,117,190,104
150,117,190,98
149,118,190,97
148,118,190,97
148,118,187,100
147,118,186,100
146,118,186,100
146,119,186,99
141,119,190,100
140,119,189,99
139,118,186,101
138,118,186,101
137,119,185,100
136,118,184,102
135,118,183,101
134,117,184,100
133,117,184,103
132,116,184,103
132,116,182,103
131,115,182,107
126,116,187,106
125,115,189,105
125,116,188,105
125,115,188,105
125,115,191,107
126,115,190,106
128,114,189,109
130,113,189,111
132,112,189,111
133,111,188,113
133,110,188,114
133,109,188,114
133,108,190,114
133,107,190,115
133,106,191,115
133,105,191,115
133,107,191,114
133,106,191,114
134,106,191,117
133,105,191,117
132,104,191,117
131,103,195,117
131,106,199,120
131,106,198,119
131,104,205,123
133,103,206,122
133,103,205,121
133,103,205,124
133,103,205,124
133,103,204,125
135,101,196,127
134,101,196,127
136,97,190,132
135,97,190,132
136,93,197,136
135,93,197,136
139,93,200,136
138,94,199,135
139,89,195,142
139,89,186,142
140,88,176,144
139,89,173,144
137,89,173,144
135,89,176,144
137,89,173,143
135,87,175,146
137,91,172,143
136,93,175,141
135,95,175,138
132,98,177,136
131,100,177,134
130,102,178,133
129,103,178,131
128,105,179,129
125,106,181,128
124,105,181,130
122,110,182,126
121,112,182,121
120,115,182,117
119,118,181,113
118,120,182,109
118,122,183,106
118,124,182,102
118,126,181,99
118,128,184,98
118,129,184,97
118,130,183,96
118,137,183,89
118,138,183,91
118,140,184,89
117,140,183,88
116,142,186,87
115,144,187,85
114,144,186,87
117,144,185,88
116,144,184,87
117,144,184,89
116,144,184,89
115,144,185,87
114,147,186,86
114,147,187,85
113,147,187,87
115,147,185,87
114,147,187,86
116,147,185,86
115,146,185,86
114,145,188,88
113,145,189,87
113,145,188,86
113,144,189,89
114,144,188,89
116,143,187,89
116,144,187,87
116,143,186,87
115,143,186,90
117,144,184,90
116,144,184,90
116,143,183,90
117,143,183,90
117,143,183,90
117,145,184,89
117,144,183,89
116,143,185,89
116,143,185,89
116,143,184,90
116,142,184,89
116,143,185,90
115,143,185,90
116,143,184,91
116,144,183,89
117,144,181,89
116,144,181,89
118,144,182,89
118,144,181,88
117,144,181,89
116,143,182,90
117,143,181,90
117,142,180,89
116,144,179,89
117,144,177,89
117,144,179,89
117,144,180,88
119,143,179,90
118,142,179,89
117,143,180,90
116,142,180,91
115,141,182,91
118,142,179,90
118,141,179,90
119,143,179,89
118,142,179,89
117,143,180,91
118,142,180,91
117,141,180,91
116,143,181,90
115,142,180,89
118,143,179,88
118,143,179,88
118,142,179,88
117,142,179,90
116,142,178,89
116,144,181,90
116,143,180,89
116,142,179,90
115,143,183,89
118,143,181,88
117,142,181,88
119,143,180,88
118,144,180,87
119,143,179,87
118,143,181,89
118,144,182,88
118,143,182,88
118,143,183,89
119,142,181,90
119,141,183,90
120,144,182,87
119,143,185,87
121,145,183,87
120,144,183,87
120,144,185,86
120,144,186,89
119,144,187,89
119,143,186,89
119,143,187,88
119,143,190,89
118,142,192,89
118,142,192,89
117,144,193,87
119,144,191,89
119,144,191,89
118,144,193,89
117,143,195,89
119,142,193,92
118,142,193,92
120,142,190,92
119,142,190,92
119,142,193,92
119,141,193,92
119,143,193,92
119,143,193,92
118,142,193,92
118,143,194,91
118,143,194,92
117,142,194,92
116,141,194,92
117,143,196,92
117,143,196,92
118,143,196,91
120,144,193,91
119,144,193,91
118,144,194,91
117,143,197,91
118,145,196,90
117,145,196,90
118,144,197,92
118,144,197,92
119,144,195,92
118,144,197,92
117,143,197,93
119,142,196,93
120,142,194,94
118,142,196,94
117,142,196,94
119,142,194,95
118,141,194,95
119,141,194,95
121,140,195,97
121,140,194,97
120,140,194,97
120,143,193,95
118,144,195,92
117,144,197,92
117,144,196,93
120,144,193,93
119,144,194,92
120,144,194,92
120,144,193,93
120,143,193,96
121,143,192,94
120,143,192,96
121,143,193,95
120,143,193,95
120,143,192,94
119,143,195,95
119,143,195,95
119,143,194,94
119,143,195,96
118,143,195,96
120,144,194,95
119,144,193,94
120,144,194,95
119,144,194,95
120,145,193,95
119,145,193,95
120,145,195,94
119,145,195,94
120,145,194,96
119,145,197,96
118,144,197,96
119,144,196,96
118,143,198,99
119,143,196,99
118,143,195,98
117,142,198,98
118,141,198,100
117,141,198,100
116,140,198,100
116,140,199,101
119,140,195,100
118,139,196,102
117,139,196,102
119,138,196,105
118,138,195,105
117,138,196,105
117,140,196,103
116,139,198,103
115,139,198,103
117,141,196,101
116,140,196,101
117,142,194,101
117,142,195,100
117,142,194,101
118,143,193,100
118,143,192,99
118,144,193,99
118,144,192,99
118,144,191,99
118,144,191,99
118,147,193,96
118,147,193,95
118,147,192,96
118,147,191,95
118,148,191,95
118,148,190,96
118,148,191,95
117,148,192,96
116,148,193,95
116,150,193,94
116,150,192,93
116,150,192,94
116,150,193,93
116,150,194,92
118,153,193,91
118,155,192,89
120,154,191,90
120,156,192,89
120,155,192,89
120,154,191,90
120,153,192,92
120,152,194,91
121,155,194,89
121,154,193,88
121,153,195,92
127,152,191,92
127,155,190,89
127,154,192,88
127,153,191,90
127,152,193,91
130,151,191,94
130,151,190,95
131,151,191,96
132,152,191,95
132,152,190,94
132,151,191,93
132,147,193,98
131,146,193,98
130,145,196,100
129,144,196,100
128,141,199,103
128,141,198,104
127,140,198,104
129,137,197,107
128,137,196,109
129,137,196,110
128,137,196,110
127,137,195,109
126,136,194,108
125,136,197,109
124,136,197,109
123,136,196,112
122,136,195,111
121,136,195,111
123,139,195,106
122,139,194,105
122,141,192,105
121,141,192,105
120,143,189,102
119,143,189,102
118,145,189,101
117,145,188,100
116,145,188,100
115,146,188,99
115,146,188,99
114,149,188,97
113,148,188,97
112,150,187,96
111,150,186,95
110,149,189,96
110,149,188,97
111,149,187,98
110,149,186,97
109,149,185,96
110,147,184,99
109,147,183,98
109,143,182,104
109,143,181,103
108,143,181,103
107,143,180,102
106,142,179,104
105,142,179,104
105,140,181,106
104,140,180,105
105,138,179,108
105,138,178,107
104,136,180,111
104,136,179,110
106,135,176,112
106,135,175,111
106,133,173,113
106,133,173,114
105,133,172,113
105,131,173,116
104,131,172,115
103,130,173,118
105,129,171,119
104,128,171,120
103,128,170,119
103,126,171,122
103,126,170,121
101,126,173,122
101,126,172,121
101,125,173,124
100,125,172,123
98,125,174,124
97,125,174,124
96,127,176,121
95,126,176,121
94,131,179,118
93,131,184,117
92,131,183,116
91,133,187,114
90,135,186,113
89,135,186,113
88,134,186,113
87,138,188,110
85,137,188,110
86,139,188,109
84,142,188,108
83,146,189,103
81,148,185,100
80,150,186,99
79,149,185,101
78,152,179,98
74,155,183,95
73,158,183,90
72,163,183,86
70,160,185,88
68,160,185,88
69,160,183,90
68,160,182,89
67,161,188,88
67,161,186,87
67,161,186,87
67,161,188,88
67,161,188,87
70,161,186,87
70,161,185,86
73,162,182,88
73,162,181,87
73,162,180,86
73,164,181,85
73,164,180,84
73,164,179,83
73,164,179,85
73,164,178,84
72,164,177,83
67,167,183,83
66,167,183,83
65,167,183,83
64,169,184,80
63,169,184,80
62,169,185,82
61,169,185,82
62,170,184,80
61,170,184,80
62,171,182,80
61,171,182,80
60,171,182,80
59,170,182,80
58,172,184,78
57,171,184,78
56,172,187,79
55,171,186,80
55,172,187,80
54,171,187,80
53,172,189,79
52,171,189,79
52,171,187,81
51,170,187,81
51,170,187,82
51,169,186,81
51,169,186,81
51,168,187,83
53,168,184,86
52,166,186,88
54,163,183,92
53,162,183,92
52,161,183,92
52,158,184,103
52,157,181,107
50,156,181,107
53,155,179,109
52,154,179,109
54,154,176,108
53,153,176,108
54,152,172,109
54,151,172,109
54,151,172,109
56,148,167,112
56,147,167,112
59,145,164,113
59,144,163,112
62,141,161,113
62,140,161,112
62,138,161,112
66,135,160,116
66,134,159,115
70,132,159,120
70,131,159,120
73,130,158,123
74,129,159,124
75,128,158,123
75,130,160,125
75,130,160,125
77,128,159,128
77,128,160,129
80,127,156,130
79,126,159,131
80,125,158,130
81,125,159,129
82,125,157,127
83,124,158,129
84,123,157,128
83,122,158,129
83,120,157,128
86,119,158,129
87,118,157,128
86,117,159,129
87,116,159,127
88,115,159,127
89,114,159,127
90,113,158,126
91,112,156,124
91,111,159,125
91,109,158,124
92,108,160,125
92,107,159,124
94,108,159,124
94,107,158,123
94,106,157,122
92,107,161,122
91,106,160,121
92,105,161,123
91,104,160,122
91,103,158,126
90,102,157,125
91,103,161,124
90,102,160,123
91,101,158,128
91,100,157,127
89,99,159,127
89,98,158,126
89,98,160,128
89,97,158,127
89,98,161,127
89,97,160,126
89,96,159,125
88,97,161,127
88,96,161,127
87,95,160,126
86,96,163,128
85,95,162,127
84,94,162,127
86,95,164,126
86,94,164,126
87,95,164,126
87,95,162,129
86,94,162,129
85,93,161,128
87,95,162,129
87,94,162,129
87,93,162,129
87,94,164,129
87,94,164,129
86,93,164,129
88,93,164,128
88,92,164,128
87,91,164,128
88,91,162,130
87,90,162,130
87,89,161,129
86,91,164,130
85,90,164,130
84,89,164,130
83,88,163,129
86,88,163,129
86,88,163,129
87,90,162,126
87,89,162,126
85,89,165,126
85,88,164,125
86,89,165,125
86,88,164,124
86,87,164,124
86,88,163,123
86,87,164,127
86,86,164,126
85,85,164,126
85,88,166,125
84,87,166,125
86,88,167,125
85,87,166,124
86,88,169,126
85,87,166,126
84,86,166,126
83,88,168,126
82,87,168,126
83,86,167,126
82,86,166,125
80,85,166,125
81,85,167,125
79,83,167,125
78,82,167,125
78,83,167,125
77,82,166,124
76,81,166,124
75,80,166,124
74,79,165,123
73,78,169,123
71,76,169,123
69,73,169,123
67,73,171,119
65,71,171,119
63,69,171,119
65,70,173,119
64,69,173,119
58,68,177,117
55,66,177,117
56,67,177,113
55,67,175,111
54,66,175,111
53,65,175,111
52,64,175,111
52,65,177,111
51,64,177,111
51,63,177,111
51,66,179,111
51,65,179,110
51,65,178,109
54,67,178,110
54,66,178,112
55,67,179,111
55,66,182,110
55,67,185,111
55,66,184,110
60,67,182,110
60,66,182,110
60,65,182,110
61,65,184,112
61,64,183,111
63,65,184,112
63,65,184,112
64,64,183,111
68,66,180,106
69,65,180,106
71,65,177,108
71,64,177,108
71,64,177,111
71,63,177,111
74,64,176,120
74,63,176,120
75,65,174,127
74,65,173,131
73,65,172,133
76,67,172,132
75,67,171,131
77,68,173,130
77,68,172,129
80,69,170,129
79,69,170,129
80,70,172,128
79,70,172,128
82,69,170,129
82,69,171,128
84,70,168,127
84,70,167,126
87,69,161,129
87,69,165,127
86,68,167,127
90,69,165,128
89,68,164,127
88,67,171,130
87,66,170,129
88,66,170,130
88,66,169,129
91,66,167,130
92,65,164,132
92,65,163,131
93,65,162,132
93,63,161,134
92,63,160,133
91,64,160,132
91,64,159,131
93,65,156,132
93,65,155,131
92,65,155,132
92,64,157,135
91,64,156,134
91,64,155,133
90,64,156,135
89,64,155,134
88,64,154,137
87,64,159,138
86,64,159,142
88,66,158,146
90,66,154,151
90,67,154,154
90,66,153,160
89,66,153,160
92,66,153,165
92,66,153,165
94,66,151,168
93,65,151,168
94,66,152,170
94,65,151,169
95,67,150,169
95,67,149,168
94,67,153,168
93,67,152,167
95,67,152,166
94,67,151,165
94,69,151,166
93,69,151,166
95,69,150,168
94,69,149,167
94,70,150,166
94,70,149,165
95,71,146,158
94,71,145,157
94,72,146,159
93,72,145,158
94,71,147,160
93,71,146,159
93,72,148,158
92,72,147,157
94,74,147,157
93,74,146,156
93,76,147,154
92,76,146,153
92,77,147,156
91,77,147,156
90,77,146,155
91,78,144,154
90,78,143,153
89,77,143,153
91,79,140,151
90,79,140,151
90,80,138,151
91,81,139,150
91,81,139,150
91,81,138,149
91,81,138,150
90,80,138,150
92,81,138,150
92,80,138,150
93,83,138,146
93,82,138,146
95,85,137,145
94,84,137,145
94,85,138,143
94,85,137,142
95,86,139,143
95,86,138,142
96,87,139,141
95,86,138,140
97,87,137,141
96,87,137,141
98,89,136,139
96,87,137,140
97,88,138,141
96,88,137,140
97,88,137,140
97,88,141,141
96,88,141,141
98,88,141,139
98,87,140,138
99,87,142,141
98,86,142,141
100,89,143,138
100,89,142,137
101,88,141,140
100,87,141,140
97,87,138,140
96,87,138,141
95,86,138,141
94,85,138,141
89,89,136,139
86,91,134,136
85,90,134,136
84,89,134,136
85,92,134,136
84,92,133,135
83,92,132,136
82,92,131,135
81,94,133,137
80,94,132,136
79,94,131,135
80,96,134,133
79,95,133,132
79,96,138,132
79,95,138,132
78,94,138,132
77,94,150,134
77,94,155,134
76,94,159,133
76,93,159,136
79,95,156,133
78,95,156,133
79,94,152,133
78,94,151,132
78,93,144,134
77,93,143,133
79,93,129,134
78,93,128,133
77,92,122,136
77,92,122,136
77,92,122,136
79,93,134,138
79,93,140,141
78,93,140,141
79,92,143,142
79,93,144,140
79,93,145,141
79,93,145,141
78,93,145,141
78,93,144,140
78,93,143,139
77,92,148,142
77,92,148,142
79,93,147,142
79,92,147,142
79,91,147,142
79,91,147,145
79,91,146,144
79,94,142,143
79,94,141,142
78,94,141,144
78,94,140,143
78,93,139,142
77,93,138,141
77,93,142,145
76,92,141,144
76,91,141,144
79,93,136,147
78,92,135,146
78,92,134,152
78,91,134,154
78,93,134,153
77,92,134,153
78,92,138,149
77,92,137,148
76,92,136,147
75,92,143,148
75,92,142,147
77,92,141,149
77,91,141,149
77,92,140,149
76,91,140,149
77,92,142,147
76,92,142,147
77,92,142,149
76,92,144,151
76,92,142,151
75,91,142,151
77,91,142,151
77,90,143,152
77,90,143,152
77,89,142,151
76,92,142,151
76,91,143,151
78,92,143,150
78,92,142,149
77,91,143,151
77,91,142,150
77,90,142,150
77,93,144,153
77,92,145,155
77,91,145,155
77,92,146,153
77,91,146,153
78,93,146,152
78,93,145,151
78,93,146,150
77,93,148,150
77,92,148,150
79,92,150,147
79,91,151,149
79,91,150,148
78,93,152,145
77,93,151,144
79,92,154,145
78,92,153,144
78,92,157,146
77,91,157,146
78,92,158,144
77,91,158,144
79,92,159,145
78,92,159,145
77,91,159,145
78,92,159,132
77,91,159,134
77,92,162,133
77,91,161,132
76,90,161,134
77,92,157,131
77,91,156,130
77,90,155,129
77,93,160,132
76,92,159,131
76,91,160,133
76,90,159,132
76,92,162,130
75,91,162,130
76,92,162,131
76,91,162,131
76,90,161,130
74,92,165,131
73,91,164,130
73,94,167,129
73,93,166,128
72,95,168,131
72,94,167,130
70,95,169,133
70,94,169,133
70,96,170,131
69,95,169,130
68,96,177,127
68,95,176,126
67,97,180,125
66,96,180,125
65,99,186,126
64,98,189,126
62,100,186,138
62,99,185,137
62,101,189,135
63,102,193,135
63,101,193,135
63,100,181,116
63,103,179,104
65,103,185,99
65,103,185,99
63,104,188,99
64,108,186,101
63,107,186,105
63,108,188,121
62,108,187,133
63,110,188,134
63,110,187,133
63,110,187,142
63,113,186,138
63,113,184,137
63,113,183,136
63,113,182,132
63,115,185,127
63,117,187,120
62,118,188,117
62,118,187,116
62,118,188,117
62,118,188,117
61,116,187,126
61,115,190,130
60,115,190,133
60,114,189,136
61,114,188,136
60,113,187,137
61,114,188,135
60,114,187,134
61,114,187,135
61,114,186,134
61,118,187,132
61,118,187,132
62,120,186,127
62,119,185,126
62,123,185,122
61,122,185,122
60,129,187,107
59,128,187,107
61,128,187,98
60,127,187,98
60,126,187,99
62,127,187,99
62,123,187,103
62,123,185,103
61,122,183,103
60,121,183,106
62,122,181,104
61,121,181,104
63,121,180,105
65,122,179,104
67,120,177,106
65,121,176,106
65,121,176,106
65,120,178,107
67,121,177,108
67,120,177,109
67,120,176,108
68,120,176,108
68,120,175,107
68,121,177,106
68,120,177,106
70,120,176,105
70,120,177,105
70,120,177,105
70,120,176,104
71,119,177,107
71,119,176,108
71,119,176,110
73,121,177,108
73,121,176,107
75,121,176,107
75,121,176,107
75,121,181,106
75,121,180,105
74,122,179,106
74,121,179,106
73,120,179,106
74,123,180,106
73,122,181,106
72,122,180,105
72,123,183,105
72,123,182,104
71,123,182,104
78,123,181,103
78,122,181,103
78,121,181,103
79,123,179,103
78,123,179,103
78,122,180,103
78,122,180,103
79,124,179,102
78,124,178,101
78,124,183,101
77,123,184,101
79,124,181,102
79,123,180,101
79,125,182,101
79,124,182,101
79,123,183,100
79,126,183,99
79,126,185,98
78,127,186,97
77,126,187,96
77,128,189,96
77,129,190,96
77,127,190,95
77,125,190,99
77,123,190,103
77,122,190,103
77,119,189,105
77,118,189,105
77,115,189,109
76,114,188,108
75,112,191,114
78,110,188,114
78,110,187,124
77,108,190,131
79,106,187,135
78,105,186,134
80,107,189,138
79,107,188,137
81,111,190,133
81,110,190,134
81,114,189,128
81,114,191,124
81,116,190,118
81,116,189,112
81,116,190,112
81,118,190,100
81,119,190,98
81,120,184,98
81,119,184,98
81,120,205,96
81,121,210,96
81,120,222,96
81,122,224,94
80,122,225,95
79,124,220,92
79,125,216,91
79,125,214,90
80,125,211,93
80,124,211,93
80,123,211,93
80,122,197,94
80,121,197,96
82,120,192,98
84,120,194,98
84,118,196,100
84,117,196,100
83,113,195,102
84,110,191,106
84,109,192,106
83,108,190,105
84,110,187,105
83,109,187,105
84,110,189,104
83,110,189,106
84,111,189,105
83,111,189,106
83,112,189,106
82,112,189,106
81,112,189,104
83,112,187,104
82,112,187,104
83,113,187,106
82,113,187,106
83,116,187,104
82,116,186,103
83,116,187,107
82,116,186,108
83,117,187,105
83,117,186,104
85,116,184,102
85,116,184,102
85,115,184,102
85,114,188,101
85,114,188,101
85,114,188,101
85,114,194,114
85,115,197,120
85,115,196,119
85,115,197,123
85,115,197,123
87,116,195,120
87,116,195,120
87,116,194,119
87,116,193,118
88,117,189,100
88,116,189,100
90,118,194,98
89,117,194,98
91,119,198,96
91,120,204,97
91,120,203,96
91,119,210,97
91,118,210,97
93,118,216,99
93,118,216,99
95,119,213,97
95,119,212,96
93,119,209,97
93,119,208,96
92,120,204,97
92,119,203,96
95,119,196,98
95,118,196,98
97,118,198,97
96,117,198,97
99,118,197,97
98,117,197,97
99,117,194,98
98,117,194,98
97,116,194,98
95,116,193,97
97,116,195,113
98,116,194,116
99,116,194,118
98,115,194,118
97,117,191,118
97,118,191,116
98,119,189,113
98,119,189,113
98,120,190,107
98,119,190,107
98,120,190,104
98,119,190,106
98,118,190,106
98,119,189,105
98,119,189,105
99,120,188,104
99,120,187,103
99,120,186,102
99,120,189,106
99,120,188,105
99,120,190,108
99,120,190,108
99,120,192,110
99,120,192,110
99,119,193,112
99,119,192,109
99,119,191,108
100,121,192,107
100,121,191,106
102,121,191,107
102,121,190,106
102,124,194,104
102,123,194,104
102,123,194,105
102,123,193,104
104,126,193,102
107,126,189,104
107,126,188,104
108,126,186,103
108,126,186,103
108,126,186,103
110,125,182,105
109,125,181,104
109,125,180,103
113,121,177,109
112,121,176,108
114,120,173,110
116,118,169,111
116,118,168,110
116,116,176,108
116,116,175,107
116,115,190,106
116,115,189,105
116,118,182,96
116,122,181,93
116,126,176,89
116,128,172,90
116,130,174,93
116,130,178,95
118,130,176,99
119,128,175,97
120,127,175,97
120,126,174,96
119,125,174,96
118,124,174,96
117,123,173,94
118,127,172,89
117,126,199,90
116,125,198,89
115,121,194,91
115,120,191,92
115,119,187,92
115,118,178,89
115,119,178,93
115,118,178,91
115,116,180,91
115,115,180,91
115,109,182,97
115,105,183,100
115,103,183,100
115,104,184,98
115,103,183,97
115,102,187,97
118,98,184,101
117,96,185,102
118,95,185,105
119,94,183,105
120,96,183,104
119,95,185,102
118,94,185,105
119,95,183,104
118,94,183,105
119,97,184,104
119,97,184,104
120,101,186,99
120,102,186,96
120,103,188,98
120,106,188,93
121,109,189,91
120,114,191,86
119,112,194,89
118,113,196,89
117,116,197,85
116,119,199,82
118,120,196,80
118,122,195,77
121,123,195,77
121,124,195,75
123,126,185,74
123,127,186,73
123,129,187,70
124,127,186,72
125,126,186,74
126,124,185,76
127,123,186,76
127,122,186,76
126,119,185,76
129,118,183,82
129,118,188,82
128,117,188,82
128,119,192,81
125,117,197,83
124,117,197,83
123,117,196,83
122,115,196,87
121,115,197,88
121,114,195,89
122,116,189,89
123,119,188,87
122,120,187,86
123,124,186,84
123,125,187,83
123,126,186,84
122,126,185,83
121,128,187,82
122,128,186,83
121,128,185,84
120,128,184,83
119,130,188,83
118,130,188,83
117,130,188,83
116,132,190,81
115,132,190,81
116,133,190,81
115,133,189,80
116,134,189,80
115,134,189,80
115,134,189,80
115,135,190,79
114,135,190,79
114,135,192,78
114,135,191,77
115,136,191,77
115,136,190,76
115,137,193,78
115,137,192,77
115,137,193,78
115,137,193,78
116,137,193,78
116,137,193,78
116,137,193,78
118,139,191,78
118,139,190,77
119,141,189,77
119,141,188,76
119,144,189,73
118,144,188,72
119,147,189,71
119,147,188,70
119,148,189,69
119,148,189,69
118,148,188,71
118,148,191,71
118,148,190,71
117,148,189,70
117,148,191,71
116,148,190,70
116,148,192,70
116,148,191,71
116,148,192,71
116,150,193,69
116,150,192,68
116,150,193,69
115,150,193,70
114,150,192,69
114,150,193,68
114,150,194,67
114,150,193,66
113,150,194,69
113,149,194,71
113,149,195,70
113,149,195,70
113,148,194,69
113,147,195,71
113,147,194,72
113,147,193,71
113,149,194,70
113,149,193,69
114,150,193,69
114,150,192,68
114,150,194,69
114,150,193,68
115,151,193,68
115,151,192,67
115,152,193,66
115,152,192,65
115,152,191,68
115,152,190,67
115,152,192,69
115,151,191,68
115,151,193,70
114,151,194,71
113,151,193,70
113,151,194,71
113,151,193,70
113,151,192,69
113,151,195,70
113,151,194,69
113,150,194,71
113,150,195,70
113,150,195,71
113,150,195,72
113,150,195,71
113,149,195,71
113,148,194,70
113,148,194,73
113,151,194,71
113,151,194,70
113,151,193,69
113,150,195,71
113,149,195,73
113,151,195,72
113,151,194,71
113,151,196,70
113,151,196,71
113,150,195,70
115,150,194,72
115,150,193,71
114,151,195,69
114,150,194,68
115,152,194,67
115,152,193,66
115,152,194,69
115,152,193,68
115,152,194,70
115,152,193,69
115,152,194,70
115,152,193,69
115,152,195,70
115,152,195,71
115,153,195,68
115,153,194,67
116,154,193,66
116,154,192,65
116,154,191,67
116,154,190,66
116,154,195,66
116,154,193,68
117,155,191,66
117,155,190,65
116,155,193,65
116,155,195,68
115,154,196,67
115,153,195,66
115,154,195,67
115,154,194,66
115,154,194,67
115,153,196,68
114,153,197,67
114,152,197,70
114,152,196,69
115,151,195,70
115,150,194,72
115,149,196,71
115,148,196,73
115,147,196,77
114,146,196,77
114,145,199,78
113,144,198,77
116,143,195,78
115,142,194,77
114,145,196,75
115,145,195,76
114,145,195,76
113,148,196,73
113,150,196,71
111,150,194,71
110,153,194,68
110,156,192,65
109,156,191,64
110,158,191,64
109,158,190,63
107,160,189,62
105,160,188,61
103,162,187,62
102,162,188,62
101,162,188,62
100,164,188,62
99,165,188,62
99,165,189,64
99,165,188,63
99,165,188,62
99,165,187,63
98,165,186,62
98,165,188,63
98,165,187,62
98,165,188,63
98,166,187,62
98,165,188,64
97,166,188,64
98,163,188,74
97,164,188,74
99,160,185,86
99,161,185,86
100,156,186,97
100,154,188,102
101,152,187,107
101,150,188,112
100,148,189,116
99,148,189,119
99,146,189,122
98,146,193,122
100,147,192,121
99,147,192,121
100,147,193,121
99,147,192,120
98,148,193,120
97,148,193,120
96,148,192,123
95,148,193,123
94,148,193,125
93,147,195,125
95,148,196,125
95,148,195,124
97,149,197,124
97,148,197,125
98,149,197,125
98,148,197,124
98,147,197,124
101,147,190,123
101,146,190,123
102,147,187,123
102,146,186,122
101,146,187,121
100,144,189,124
99,144,188,123
101,144,186,124
100,143,185,123
101,144,185,124
101,144,184,123
101,144,183,126
100,144,183,126
99,144,184,128
98,144,185,128
97,144,185,128
100,144,185,126
99,144,184,125
98,143,184,125
100,144,184,127
100,143,184,127
100,145,185,127
100,144,185,127
100,143,185,125
97,144,190,124
96,143,192,124
96,142,191,123
98,143,190,122
98,142,189,121
98,143,190,123
98,142,189,122
100,143,188,122
100,142,187,121
101,143,187,124
100,142,187,124
102,142,187,125
101,141,186,124
103,140,187,124
102,140,186,123
103,140,186,126
102,140,185,125
104,139,185,128
103,138,185,128
105,140,184,131
104,140,183,130
103,140,183,130
103,141,187,133
102,141,186,132
103,140,186,134
102,140,185,133
101,139,185,133
102,141,187,133
102,141,186,132
104,141,184,130
104,140,183,129
104,141,185,127
104,140,184,126
104,139,184,126
104,138,183,125
104,140,184,128
104,139,183,127
104,140,185,126
104,139,184,125
103,141,186,124
103,140,185,123
104,139,184,122
104,138,183,121
104,137,185,128
104,139,185,124
103,140,186,122
102,140,186,122
103,139,186,124
102,139,186,124
103,139,185,125
102,139,185,125
101,139,185,129
100,139,184,128
102,139,179,133
101,139,179,133
102,139,171,135
101,139,171,135
102,138,160,137
101,138,160,137
102,138,179,137
102,137,179,137
102,138,184,137
102,137,184,137
102,138,185,135
101,137,185,135
101,139,185,133
100,139,171,132
100,138,182,131
99,136,187,132
98,137,189,132
97,135,189,132
103,135,184,133
101,133,183,132
106,132,181,136
104,131,180,135
106,130,178,137
104,129,178,137
106,128,180,138
105,128,179,137
103,127,182,140
102,127,181,139
101,127,185,141
100,127,185,141
102,127,186,143
101,127,186,143
102,127,189,146
102,128,192,147
101,128,192,147
102,127,195,149
101,127,195,149
101,127,198,149
100,127,198,149
100,127,203,152
99,127,203,152
98,127,205,154
98,127,204,153
100,128,204,153
100,127,203,152
100,128,202,149
100,127,201,148
100,126,203,145
100,124,202,144
100,125,204,140
100,123,203,139
99,124,199,136
98,122,197,135
100,122,198,136
99,121,197,135
100,122,192,135
99,122,191,134
99,121,192,137
98,120,192,137
99,120,187,138
97,119,188,139
96,118,188,145
95,117,188,145
94,116,187,144
96,117,186,142
95,116,186,142
96,116,188,141
95,115,195,144
94,114,195,144
93,113,194,143
96,114,196,144
96,113,195,143
97,114,197,145
97,114,196,144
96,114,200,143
96,113,199,146
95,114,201,147
95,113,201,147
95,113,201,146
95,113,200,147
95,113,199,146
95,113,201,148
95,112,201,148
97,112,197,148
97,111,196,147
97,112,197,147
97,111,197,147
96,110,197,147
95,111,197,147
94,110,196,145
93,109,195,144
95,110,196,143
94,109,196,143
97,110,195,143
96,109,194,142
96,110,194,143
95,109,193,142
94,108,193,142
96,109,195,142
95,108,194,141
96,109,194,141
96,108,194,141
96,109,193,140
96,108,194,140
96,108,193,139
96,107,175,138
96,107,166,138
96,107,161,136
96,108,161,134
96,108,161,134
96,108,161,134
96,108,161,134
96,107,180,134
96,106,187,133
96,105,186,135
96,104,185,134
96,103,185,134
96,105,185,133
96,104,185,133
96,106,187,132
96,105,186,131
96,107,191,131
96,108,190,130
96,107,189,129
96,109,189,129
96,108,188,128
95,108,188,128
97,110,188,130
96,109,188,130
97,111,188,130
96,110,188,130
97,111,188,130
96,110,188,130
95,109,187,129
96,110,189,129
96,109,188,126
96,108,188,126
95,107,188,126
94,107,198,128
93,106,197,127
95,108,193,128
95,107,192,127
94,106,192,127
94,108,191,123
93,107,190,122
92,108,192,126
91,107,192,126
93,108,193,127
92,107,193,127
92,108,193,127
91,108,192,126
93,108,192,131
92,108,192,131
93,107,194,131
92,106,194,131
93,107,192,131
92,106,192,131
93,107,192,131
92,107,192,131
92,107,193,130
91,107,193,130
90,106,193,130
93,107,193,130
93,107,192,129
94,108,191,131
93,108,191,131
94,107,191,132
93,107,191,132
93,107,192,132
93,107,193,133
92,106,193,133
92,105,192,132
94,106,191,135
93,106,191,135
94,106,190,137
94,105,190,137
94,104,190,137
95,107,190,133
94,106,190,133
96,107,189,133
96,106,189,133
95,105,189,133
94,108,191,130
93,107,191,130
92,106,191,130
94,108,192,130
93,107,192,130
92,106,192,130
94,107,192,132
93,106,192,132
93,107,192,132
92,107,192,132
93,108,192,132
92,108,192,132
93,108,193,132
92,108,193,132
91,107,193,132
93,108,193,133
93,107,193,133
92,107,193,133
91,107,193,133
94,108,191,133
93,107,191,133
94,108,190,134
93,108,190,134
92,108,190,134
91,108,194,134
90,108,193,133
93,109,191,133
92,108,191,133
93,109,192,132
92,108,192,132
94,109,190,134
93,108,190,134
92,107,190,135
91,107,190,135
93,108,192,135
92,107,192,135
91,107,192,135
93,108,192,135
92,108,192,135
91,108,194,136
91,107,194,136
93,110,192,136
93,110,192,136
92,110,192,136
92,109,193,134
92,109,193,134
94,110,190,133
93,110,190,133
92,109,190,133
92,110,192,133
91,109,192,133
90,109,192,133
89,108,194,133
88,107,193,132
93,110,192,133
92,109,192,133
93,109,191,133
92,108,191,135
91,108,195,135
90,108,195,136
89,108,195,136
88,108,197,136
90,110,197,138
89,110,197,138
90,111,196,138
89,111,196,138
88,110,196,138
90,111,197,138
89,111,197,138
88,111,197,138
92,111,196,139
91,111,196,139
91,110,196,139
94,111,194,139
94,110,194,139
93,109,193,139
92,109,193,139
93,110,194,137
93,109,194,137
93,111,194,135
92,110,194,135
93,111,194,135
92,111,193,134
94,111,193,136
93,111,192,135
94,111,192,136
94,110,192,136
95,111,192,136
95,111,191,135
96,111,191,135
96,110,190,134
95,112,190,135
95,112,189,134
94,111,188,133
93,112,188,133
92,111,193,135
91,110,194,136
91,112,195,136
90,112,195,136
93,112,194,136
93,111,193,135
94,111,192,136
93,111,191,135
93,111,192,137
92,110,192,137
94,112,192,138
93,111,192,138
94,112,192,138
93,111,192,138
95,112,191,139
94,112,191,139
96,112,191,140
95,112,191,140
95,112,190,138
95,112,189,137
95,111,189,137
94,112,191,137
93,111,191,137
94,112,193,137
93,111,193,137
93,111,194,137
92,110,194,139
91,109,194,139
92,111,193,140
91,110,193,140
90,110,193,140
92,112,194,138
91,111,194,138
93,112,193,137
92,111,193,137
93,112,192,138
92,111,192,138
91,111,195,139
90,110,195,139
93,112,193,139
93,112,193,136
92,111,193,136
93,113,192,133
92,112,192,133
93,113,192,133
93,113,192,134
92,113,192,134
93,112,193,133
92,112,193,133
93,113,192,134
93,112,192,134
93,111,192,136
92,110,192,136
91,109,192,136
93,113,193,134
93,112,193,134
92,111,193,134
95,113,191,133
94,112,191,133
94,111,190,132
95,112,191,132
95,111,191,132
95,110,191,132
95,109,191,132
94,108,191,132
94,113,192,132
93,112,192,132
93,114,192,130
93,114,191,129
92,115,193,129
91,115,193,129
93,114,193,129
92,113,193,129
91,114,194,131
90,113,194,131
93,113,194,133
93,113,194,133
93,112,194,133
92,111,194,133
91,110,194,137
92,112,194,135
91,112,194,135
90,111,194,135
93,113,193,133
92,112,193,133
93,113,192,133
93,112,192,133
92,111,192,133
93,113,192,133
95,114,192,133
94,113,192,133
94,113,192,133
95,113,192,134
95,113,192,134
95,114,192,134
95,114,192,134
94,114,192,134
94,113,192,134
95,113,192,134
94,113,192,134
95,112,192,134
94,114,192,134
95,114,191,126
95,114,191,125
95,115,191,125
95,115,191,125
95,115,191,125
96,114,191,125
95,114,191,125
94,113,191,128
93,115,192,128
92,114,192,131
92,115,192,131
92,113,194,132
91,112,194,132
94,114,192,132
93,113,192,132
94,114,192,130
93,113,192,130
92,112,194,133
92,112,194,133
91,114,195,135
92,114,197,135
93,114,195,137
92,114,194,136
94,114,192,136
94,113,191,135
95,114,191,134
95,113,191,133
96,114,190,133
96,113,189,132
95,112,189,134
94,114,192,133
94,113,192,133
95,115,192,133
94,114,192,133
93,114,192,132
93,113,192,132
93,114,194,132
92,113,194,132
91,112,194,136
90,112,194,136
89,112,194,136
92,114,195,136
91,113,195,136
92,114,195,136
91,114,195,136
90,113,195,136
93,114,194,135
92,113,194,135
93,115,193,135
92,114,196,136
91,113,196,136
90,112,196,136
93,113,194,135
92,113,194,135
93,115,194,135
93,114,194,135
93,114,193,134
92,114,193,134
93,115,195,134
92,115,195,134
93,115,195,134
93,114,195,134
94,114,194,135
93,113,194,135
93,114,194,135
94,115,194,132
93,114,194,132
95,115,194,133
95,115,192,133
95,115,192,133
96,115,192,134
95,115,192,134
94,115,194,135
93,115,194,135
95,115,194,138
94,115,194,138
96,115,193,139
95,114,193,139
94,114,193,140
94,113,192,139
96,114,192,140
95,113,192,140
96,114,192,140
96,113,192,140
96,115,191,139
96,114,190,138
96,115,190,137
95,115,190,137
95,114,189,136
95,115,191,136
95,115,190,135
94,115,189,134
93,114,189,134
94,115,192,136
94,114,192,136
95,114,192,138
95,114,191,137
94,113,191,136
93,113,191,136
92,112,193,136
93,114,195,137
93,113,195,137
92,113,195,137
94,115,195,137
93,114,195,136
94,115,194,134
93,114,194,134
95,114,193,134
95,114,193,134
94,114,193,134
96,116,191,133
96,115,191,133
97,116,191,135
96,115,191,135
97,115,193,134
96,114,193,134
97,115,192,133
96,114,192,133
96,114,193,135
96,114,193,135
95,115,194,137
94,115,194,137
94,115,193,136
96,116,193,136
96,115,193,136
97,115,193,136
96,114,193,136
97,113,193,136
96,112,193,136
96,114,193,135
96,113,192,134
97,114,191,135
97,114,190,134
98,116,191,135
97,116,191,135
97,115,192,136
97,114,193,136
96,113,193,136
95,113,193,135
94,112,192,134
96,115,193,132
96,115,192,131
96,115,191,130
96,115,190,129
97,115,190,134
97,115,189,133
97,115,188,133
97,114,189,134
96,113,192,138
96,112,192,137
96,116,193,133
96,116,192,132
98,115,192,136
97,114,192,136
96,114,192,136
96,114,192,136
95,116,193,135
94,115,193,135
93,114,193,135
95,115,194,134
95,115,193,133
95,117,193,133
95,117,192,132
96,117,192,133
95,117,192,134
95,116,192,134
96,116,192,134
96,116,193,135
95,116,193,135
94,116,193,135
95,116,195,135
94,115,195,135
94,116,195,135
93,115,195,135
94,116,195,134
93,115,194,133
95,115,196,135
94,114,196,135
95,116,193,136
95,115,193,136
97,117,191,136
97,117,190,135
98,117,191,133
98,117,191,133
97,115,191,135
97,114,191,135
96,116,193,135
95,115,192,136
94,115,191,135
93,116,194,136
92,115,195,136
95,116,193,134
94,115,193,134
95,116,194,135
94,116,193,134
96,117,193,136
95,117,193,136
94,117,193,136
95,116,194,136
94,116,193,135
96,116,193,136
95,116,193,136
97,116,192,138
97,115,192,138
98,117,193,139
98,117,192,138
98,117,191,137
98,116,190,136
98,117,191,135
98,116,190,134
98,115,190,134
98,117,191,134
98,116,191,134
97,116,190,135
97,115,189,134
97,115,191,137
96,115,190,136
97,115,191,137
97,114,190,136
98,116,193,137
98,116,192,136
98,116,193,136
97,115,193,136
97,114,193,136
98,116,193,135
97,115,193,135
97,114,193,135
97,116,193,137
97,115,193,137
96,116,193,138
95,115,193,138
94,114,188,138
95,117,188,136
95,116,187,135
94,117,194,135
93,116,193,134
96,116,180,136
95,115,179,135
94,114,179,135
97,114,195,134
96,113,195,134
99,113,188,133
98,112,188,133
100,110,186,132
99,110,186,132
100,110,184,133
99,109,184,133
99,110,182,133
98,109,182,133
97,110,175,130
96,109,174,129
95,111,169,132
94,110,169,132
94,112,168,130
94,111,167,129
95,112,168,129
95,111,167,128
95,110,164,131
96,113,164,130
95,112,163,129
97,113,164,126
99,113,164,126
100,113,163,125
99,112,164,125
102,112,164,124
103,110,164,125
103,110,166,124
103,110,165,123
103,110,168,122
103,110,169,121
102,110,169,120
102,110,168,119
104,111,166,118
104,110,166,118
104,109,166,120
103,108,166,120
103,112,168,116
104,113,168,114
105,113,166,113
106,114,166,113
106,113,166,113
106,116,168,110
106,116,167,109
106,121,167,104
106,121,166,103
106,123,168,100
106,123,167,102
106,123,166,101
105,122,170,105
105,122,170,105
106,122,175,105
106,122,174,104
102,122,178,104
101,122,177,103
101,122,176,105
101,122,175,104
101,121,169,105
100,121,169,105
101,121,167,104
100,121,167,104
100,124,168,100
99,124,168,100
98,127,172,94
98,127,172,94
97,129,176,93
98,130,179,94
98,130,179,94
98,132,183,95
98,132,183,95
99,134,184,96
99,134,185,100
98,133,188,103
97,133,189,105
96,133,194,105
97,132,192,108
96,132,197,107
96,132,196,106
96,132,203,106
96,133,225,113
96,133,225,110
96,132,224,107
96,128,225,108
96,126,220,109
96,123,221,110
96,123,192,112
95,123,194,113
96,125,201,115
95,130,204,113
95,135,205,111
96,142,200,109
95,144,202,108
94,147,203,107
96,147,203,110
95,147,204,109
94,150,207,111
99,149,208,113
100,147,204,114
100,144,199,116
99,144,198,118
98,136,202,127
97,133,204,130
97,131,207,133
96,130,208,135
95,130,207,136
96,129,207,138
96,131,206,138
96,131,202,136
96,130,201,137
95,132,198,137
94,131,198,137
96,131,194,136
95,132,191,136
95,133,191,135
96,134,191,131
95,135,191,131
95,137,198,126
93,140,205,123
94,149,213,112
95,156,220,106
93,155,226,104
93,155,227,102
93,154,226,101
93,154,226,103
93,157,227,100
93,158,227,99
93,158,226,98
93,159,227,96
93,159,226,98
95,160,222,99
95,161,217,98
96,161,213,101
96,157,208,106
96,154,204,109
97,152,201,115
96,150,200,118
95,150,201,119
97,149,198,121
96,148,198,123
97,149,198,123
96,148,198,123
95,153,204,121
94,156,208,118
94,159,213,115
93,159,212,114
93,160,222,114
92,160,222,114
93,157,222,116
93,157,218,115
93,157,217,116
93,157,218,115
93,157,217,114
93,157,219,116
93,157,218,115
92,156,220,117
92,156,222,117
92,155,221,118
92,155,223,120
92,157,221,119
92,157,220,118
92,156,219,117
91,155,221,118
91,158,222,117
91,157,221,116
91,159,222,117
91,160,218,116
90,159,219,115
89,162,218,114
91,162,212,114
92,161,207,114
91,156,204,118
90,152,206,121
91,150,208,125
90,147,204,128
91,144,203,130
91,141,202,133
93,138,201,134
93,137,201,135
94,136,201,134
94,138,202,130
96,139,201,129
95,138,202,128
95,140,201,127
95,139,200,126
95,140,201,124
95,141,203,123
95,141,203,123
93,142,204,122
93,140,204,124
92,139,205,123
91,138,204,122
90,140,208,123
91,141,207,122
91,140,206,122
90,140,206,124
90,148,212,117
90,150,214,114
89,150,217,115
91,150,208,117
91,150,217,116
91,150,219,115
91,150,219,115
91,150,218,114
90,150,217,116
90,150,219,117
90,150,218,116
89,150,220,117
88,150,220,117
88,150,223,117
87,150,223,118
87,150,225,117
87,150,227,117
87,150,226,118
87,149,227,117
87,149,226,119
87,151,226,121
87,151,222,120
87,150,221,121
87,150,217,121
86,149,216,122
87,149,212,121
87,148,212,121
87,150,212,123
86,149,211,122
87,150,212,122
86,150,212,121
85,149,214,120
87,148,213,121
86,149,213,120
85,149,214,121
84,149,215,121
83,148,214,120
82,147,216,121
85,149,214,122
85,150,213,121
85,150,212,121
85,149,211,120
84,148,210,121
84,149,213,121
83,148,214,121
84,147,215,122
84,147,215,121
84,149,214,120
84,149,213,120
83,149,212,121
83,148,214,120
82,148,215,121
83,150,215,120
82,149,216,121
83,150,216,121
82,150,216,120
81,150,216,121
83,150,215,120
82,150,214,119
81,150,215,119
80,150,214,118
82,151,214,117
81,150,213,116
81,150,215,117
81,149,217,119
81,150,217,119
81,150,216,118
82,151,216,117
81,151,215,117
82,151,215,118
83,151,215,119
82,151,215,119
81,151,214,118
82,150,217,119
82,150,216,119
83,144,216,122
83,144,215,121
84,138,217,126
84,137,217,126
84,137,216,125
84,137,215,128
83,137,215,130
83,137,215,130
84,137,214,129
83,137,216,131
83,137,218,132
83,137,218,132
82,140,218,130
82,142,217,129
82,142,216,128
82,141,216,128
81,141,215,127
80,141,215,126
82,141,213,129
82,141,212,128
82,140,211,127
80,143,213,126
80,143,212,125
80,143,211,124
81,145,211,124
80,145,210,123
80,144,211,126
80,144,210,125
81,145,210,124
81,144,211,123
80,143,213,126
80,142,212,125
80,142,211,124
79,141,214,123
79,143,215,124
79,143,214,123
80,145,214,122
80,144,213,121
80,144,212,120
79,146,211,122
79,145,210,121
79,146,213,122
79,145,212,121
79,147,213,122
79,146,212,121
79,148,211,120
79,147,210,119
79,147,212,122
79,146,211,121
78,145,210,120
78,148,211,120
77,147,211,120
79,148,211,121
78,149,212,122
79,149,211,120
78,148,210,119
77,147,212,119
80,148,211,121
80,147,210,121
79,146,211,122
78,146,213,121
78,148,213,120
79,147,213,120
78,145,212,122
78,145,211,121
79,142,210,126
78,142,209,127
78,142,209,127
79,141,208,126
79,142,210,128
78,142,211,127
78,144,212,128
78,143,211,126
79,143,212,126
79,145,209,125
79,145,209,124
79,146,207,123
78,146,207,122
78,146,206,121
79,145,205,123
79,145,204,122
78,144,206,123
77,143,205,124
79,142,205,125
79,142,205,124
79,143,206,125
79,142,205,125
79,141,205,126
79,143,208,125
79,142,208,125
79,142,209,126
79,142,209,125
79,145,212,123
79,145,211,122
80,148,211,119
80,149,210,119
80,150,209,118
79,150,213,117
79,150,212,117
79,151,214,117
78,151,213,117
79,151,212,116
78,150,218,116
78,150,220,117
78,149,219,116
78,149,216,118
78,148,216,117
77,151,224,115
76,153,228,112
75,151,228,114
75,151,227,113
77,151,226,113
77,151,224,112
77,151,223,111
77,151,228,111
77,151,229,113
77,151,230,112
77,151,231,114
77,151,231,116
77,151,233,115
77,151,235,116
78,151,233,115
78,150,232,114
77,151,229,114
77,150,229,113
76,151,229,115
76,150,230,115
76,149,230,115
75,148,228,115
78,149,219,117
79,150,217,116
79,149,216,115
78,148,212,117
79,149,209,116
78,148,211,115
78,150,213,116
78,149,213,115
77,149,214,115
77,148,215,115
78,149,218,118
78,150,218,118
78,149,218,117
81,149,215,116
83,149,214,115
84,149,213,117
84,148,212,116
87,147,208,118
87,147,207,117
87,147,203,116
87,147,201,115
87,147,202,114
89,149,202,120
89,149,204,119
89,149,207,122
88,149,211,122
88,149,213,123
86,149,218,122
85,148,217,123
84,148,216,124
84,148,216,123
84,148,219,124
84,148,216,123
84,148,215,124
84,148,221,123
84,148,225,124
85,150,226,124
85,150,225,123
85,150,224,122
85,150,223,121
85,150,222,120
85,151,223,119
85,151,222,118
88,152,215,117
88,152,214,116
88,152,213,115
87,152,210,114
86,151,209,113
88,151,206,118
88,150,202,117
89,151,202,120
88,150,202,120
88,151,201,123
87,150,200,122
86,149,202,121
85,151,201,119
87,151,201,121
87,150,200,120
87,150,200,119
86,149,199,120
86,148,201,120
87,150,200,119
87,149,199,119
87,150,199,118
87,150,198,119
87,149,198,120
89,149,197,120
89,148,196,119
89,147,198,122
88,146,200,123
88,148,202,119
88,150,202,121
88,149,201,120
88,149,202,118
88,150,202,118
87,149,201,117
87,150,203,118
86,149,204,118
85,148,204,119
88,149,201,118
88,148,199,119
87,148,203,118
88,147,205,121
87,149,209,121
87,148,214,120
88,148,218,120
88,147,221,119
88,147,227,120
87,146,229,119
87,144,230,122
87,143,218,121
87,142,219,127
87,142,221,126
88,144,219,125
88,143,218,124
88,143,217,123
88,143,219,125
88,143,218,124
88,144,219,124
88,144,218,123
89,145,216,122
89,145,215,121
88,144,214,123
87,144,212,122
86,144,209,121
85,144,208,120
88,146,201,120
89,145,198,122
89,146,197,121
88,146,199,122
88,145,200,121
88,146,200,122
87,145,201,121
87,146,202,122
86,146,203,121
87,146,202,122
86,145,203,122
87,146,202,121
87,145,201,122
88,146,200,121
88,145,201,120
89,146,200,121
89,145,199,120
89,144,200,122
88,145,201,123
88,145,200,122
88,144,200,121
88,143,199,120
89,146,201,121
89,145,200,120
89,144,199,122
89,143,198,124
89,145,200,122
88,144,199,121
89,144,200,123
89,143,199,122
88,142,203,124
88,141,202,123
87,143,203,125
86,142,202,124
88,141,202,125
87,143,202,123
88,143,200,124
87,142,202,124
87,143,201,123
87,142,200,122
88,142,200,121
87,143,202,122
88,142,202,122
88,141,202,123
87,142,201,122
86,141,201,121
86,142,200,123
87,141,200,123
86,140,203,123
86,142,204,122
87,143,202,121
87,142,202,121
86,141,203,120
85,141,203,119
87,140,202,120
86,139,201,121
85,140,204,121
87,140,204,122
87,139,201,121
87,141,203,121
87,141,203,121
87,141,203,121
87,141,202,122
87,141,201,121
86,141,204,121
88,141,202,121
88,140,202,122
87,141,203,122
87,140,202,121
86,141,203,121
86,140,204,121
86,140,204,121
85,139,204,121
87,140,202,121
87,140,202,121
87,140,201,122
86,140,204,121
86,140,205,122
87,140,204,122
87,140,204,121
86,139,204,123
85,138,204,123
87,140,203,122
86,141,203,121
85,139,205,123
88,139,202,121
88,139,201,123
88,140,201,122
87,139,203,121
86,138,203,123
88,139,203,122
88,139,202,123
88,138,202,122
88,140,203,121
88,140,202,120
88,140,203,121
88,140,203,120
88,140,202,119
88,140,201,121
87,139,200,120
87,138,203,120
88,140,204,122
88,140,203,121
88,140,202,120
88,140,203,121
87,140,203,122
86,140,202,121
86,139,204,121
87,140,203,121
87,139,202,121
87,138,203,120
87,138,202,122
87,139,202,122
87,138,203,121
87,138,203,124
87,138,202,123
87,139,203,122
87,139,203,121
87,139,203,122
87,139,202,121
88,138,201,123
87,139,202,122
87,138,204,121
87,138,203,123
88,138,202,123
88,139,201,122
88,139,200,121
