530,521,44,109
530,521,44,109
530,521,44,109
531,520,43,110
531,521,43,109
531,521,43,109
530,522,44,109
530,522,44,109
530,522,44,109
531,522,43,109
531,522,43,110
532,522,42,110
532,523,42,109
532,523,42,109
532,523,42,110
532,524,42,109
532,524,42,110
531,524,43,110
531,524,43,111
531,524,43,111
531,524,44,111
531,525,44,110
531,525,44,110
531,525,43,110
531,525,43,110
531,525,43,110
531,525,43,111
531,525,43,111
531,526,43,110
532,526,42,110
531,526,43,110
531,526,43,110
530,526,44,111
530,526,43,111
530,526,43,111
530,525,43,112
530,526,42,112
529,526,43,112
529,527,42,111
529,527,42,111
528,527,42,111
527,527,43,111
528,526,42,112
528,527,42,111
528,527,42,111
529,527,41,111
529,528,42,110
529,528,41,111
529,528,41,111
529,527,41,111
528,527,42,111
528,528,42,111
528,528,41,111
528,528,41,111
527,528,42,111
527,528,41,111
527,528,41,111
527,528,41,111
526,528,41,111
525,528,41,112
525,528,41,112
524,528,41,111
523,529,41,111
522,529,42,111
521,529,42,110
520,529,42,110
519,529,42,111
519,529,41,111
518,529,42,111
518,529,41,111
517,529,42,111
517,529,41,111
516,528,42,111
516,527,41,112
516,528,41,111
515,527,42,112
515,528,41,111
515,527,42,112
515,528,42,111
515,528,41,111
515,528,41,111
515,528,40,111
514,528,41,111
514,527,41,112
514,527,41,111
515,527,40,111
515,527,40,111
515,527,40,111
515,527,40,111
515,526,40,111
515,527,40,110
515,527,40,110
514,527,40,110
514,527,40,110
513,527,40,111
513,527,39,111
513,527,39,112
512,528,40,111
511,528,40,110
511,528,40,110
510,528,40,111
509,528,40,111
509,528,40,110
509,528,40,111
509,528,39,110
509,528,39,110
509,528,39,110
508,528,40,110
508,528,40,110
508,528,39,110
508,528,40,110
507,528,41,110
507,528,40,110
507,528,40,110
507,527,40,111
507,527,40,111
507,527,40,111
507,528,40,110
507,528,40,109
507,527,40,111
507,527,40,110
507,527,40,110
507,528,40,109
507,528,40,109
507,527,40,109
508,527,40,109
508,526,39,110
508,526,40,110
508,527,40,108
508,527,40,108
508,527,40,109
508,526,41,109
508,526,41,109
509,526,40,109
509,526,41,109
509,525,41,109
509,525,41,109
510,524,40,110
510,524,41,109
510,524,41,109
510,524,41,109
511,524,40,108
512,524,40,108
512,523,40,109
512,523,40,108
512,523,40,107
512,522,40,108
512,522,41,108
513,522,40,108
513,521,40,108
514,521,39,108
514,521,40,108
514,521,40,107
514,520,40,109
515,520,40,108
515,519,40,109
516,519,40,108
516,519,40,108
517,518,39,108
518,518,38,108
517,518,40,108
518,517,39,108
518,517,39,108
518,516,39,109
518,517,40,107
518,517,40,107
519,517,39,107
519,517,40,107
520,517,40,106
521,517,39,106
520,517,39,105
521,516,39,105
520,515,40,106
521,514,40,107
522,514,39,107
523,514,39,106
522,514,39,106
522,513,40,107
523,513,39,106
523,512,39,106
523,512,40,106
524,511,40,106
525,510,39,106
525,510,39,106
526,510,39,106
526,510,39,106
527,509,39,106
527,509,39,106
528,509,39,105
528,508,39,105
529,507,39,106
530,507,38,106
530,507,39,105
530,506,39,105
531,506,39,105
531,505,39,105
532,505,38,105
532,505,39,104
532,504,39,105
532,503,39,105
532,503,39,104
532,503,39,104
532,502,39,105
533,502,39,105
534,501,38,104
533,501,38,103
533,501,39,103
533,501,38,104
533,500,38,104
533,499,39,105
534,499,38,104
534,499,38,103
534,499,38,104
534,498,38,104
534,498,38,104
535,498,37,103
534,497,39,103
535,497,38,103
535,496,38,103
535,496,38,103
535,496,38,103
535,496,38,102
535,495,38,102
535,495,39,102
536,495,38,102
536,495,38,101
536,495,38,101
536,495,39,101
536,494,39,102
537,494,38,102
537,494,38,101
537,493,38,102
537,493,39,101
538,492,38,102
539,492,37,101
538,492,38,101
539,492,38,101
539,491,38,102
540,491,37,101
540,490,37,101
540,490,37,101
541,490,37,101
541,490,37,100
541,489,38,101
541,488,38,101
542,488,38,101
542,488,38,100
543,487,37,101
544,487,36,100
545,487,36,100
545,487,36,100
546,487,35,99
546,487,36,99
547,486,36,100
547,486,36,99
547,486,36,99
547,485,36,100
547,484,37,100
548,484,37,99
548,484,37,99
548,484,37,99
549,483,37,99
548,483,38,99
548,483,38,99
549,482,38,99
550,482,37,99
550,482,38,99
551,482,37,98
551,481,37,99
552,481,37,99
551,481,38,98
552,481,37,98
552,481,38,98
553,481,37,98
553,481,38,98
553,481,38,98
553,480,39,98
554,479,38,98
555,480,38,97
554,480,39,97
554,480,39,97
555,480,39,97
555,480,39,97
556,480,39,97
557,479,39,98
557,479,39,97
558,479,39,97
559,478,39,98
560,478,39,98
562,478,38,98
563,478,38,97
564,479,38,96
565,478,39,97
566,478,39,97
567,477,39,97
569,477,38,97
570,476,38,98
571,476,39,98
572,476,39,98
573,476,39,97
574,476,38,96
574,476,39,96
575,476,39,96
575,475,40,97
576,475,40,97
577,475,39,97
577,475,39,96
579,474,38,97
579,474,38,97
580,474,38,97
580,474,38,97
581,474,38,96
581,473,38,96
581,473,38,96
581,473,39,96
582,473,38,96
583,473,38,96
583,472,38,97
584,472,37,97
583,472,38,97
583,472,39,97
584,472,39,97
584,472,39,96
584,472,39,97
585,472,39,96
585,472,39,96
585,472,40,96
585,472,40,96
586,472,39,96
586,471,40,96
586,471,40,97
587,471,40,96
588,471,39,96
588,471,39,96
588,471,40,96
588,471,40,96
588,470,41,97
589,470,40,97
590,471,40,96
591,471,39,96
590,470,40,97
591,470,40,97
591,470,40,97
592,470,40,96
593,470,39,96
593,469,40,97
593,469,40,97
593,469,40,97
593,469,41,96
593,469,41,96
594,469,40,96
595,469,40,96
595,468,40,96
595,468,41,96
597,469,40,96
597,468,40,96
598,468,40,96
598,468,40,96
598,468,40,96
599,468,40,96
600,468,40,96
601,467,39,97
601,468,40,96
602,468,39,96
602,467,40,97
603,467,39,96
603,467,39,97
604,467,39,96
604,467,39,96
605,467,39,96
605,467,40,96
606,467,40,96
607,467,39,96
607,467,40,96
608,467,40,96
609,467,40,96
610,467,40,96
611,467,40,96
612,467,40,96
613,467,40,96
613,467,41,96
614,467,40,96
615,467,40,96
615,467,41,96
617,467,40,96
618,467,40,96
619,467,40,96
620,467,40,96
620,467,40,96
621,467,40,96
622,467,40,96
624,467,40,97
625,467,39,96
625,466,40,97
626,466,40,97
627,466,40,97
628,466,40,97
629,466,39,97
629,466,40,97
630,466,40,97
631,466,39,97
631,467,40,96
632,467,39,96
632,467,40,96
633,466,40,96
634,466,39,96
634,467,40,96
635,467,40,95
635,467,40,96
636,467,40,96
637,467,40,96
637,467,40,96
638,467,40,96
639,467,39,96
639,466,40,96
639,466,40,96
640,466,40,96
640,466,40,96
641,466,40,96
641,466,40,96
641,466,41,96
642,466,41,96
643,466,40,96
643,466,40,96
643,466,40,96
643,466,41,96
644,466,40,96
645,466,40,96
645,465,40,97
646,465,40,97
647,465,39,97
647,466,40,96
647,465,41,97
647,466,41,96
648,465,40,97
649,465,40,97
649,465,40,97
649,465,40,97
650,465,40,97
651,465,39,96
652,465,39,97
652,465,40,97
653,465,39,97
653,465,40,97
654,465,39,97
655,466,39,96
655,466,39,96
655,466,39,96
655,466,39,96
656,466,39,96
656,466,39,96
656,466,39,96
656,466,39,97
656,466,40,97
657,467,39,97
657,466,39,98
658,466,39,98
658,466,39,98
659,467,39,97
659,467,39,98
660,467,38,97
660,467,39,98
660,467,39,98
660,467,40,98
662,467,39,98
662,467,40,98
663,468,39,98
664,468,39,98
665,468,39,98
666,468,39,99
667,468,39,99
668,468,38,99
669,469,39,98
670,469,39,99
671,469,39,99
672,470,39,98
674,470,38,98
675,470,38,99
676,470,38,99
678,470,38,100
679,471,38,100
680,471,38,100
681,472,38,99
682,472,39,100
683,472,39,100
684,472,38,101
685,473,38,100
685,473,39,100
686,473,38,100
687,473,38,100
688,473,38,101
688,473,38,101
688,474,38,101
688,474,38,101
688,474,39,101
688,475,39,101
689,475,39,101
690,476,38,101
690,476,39,101
690,476,39,102
690,476,39,103
690,477,39,102
690,477,39,102
691,478,39,102
691,478,39,103
691,479,40,102
691,479,39,102
692,479,39,103
692,479,39,103
692,480,40,103
693,480,39,104
693,480,40,104
694,480,39,104
694,481,39,104
694,481,40,105
694,482,39,104
694,482,40,105
694,483,40,104
694,483,40,104
694,483,40,105
694,484,40,104
694,484,40,104
695,484,39,105
695,484,40,105
695,485,40,105
695,485,40,105
695,485,40,106
695,485,40,106
696,485,40,106
696,486,40,106
696,486,40,106
696,487,40,106
696,488,40,105
696,488,40,106
696,488,40,107
696,488,41,107
696,488,41,107
697,489,40,107
697,490,40,106
696,490,41,107
696,490,42,108
697,490,41,108
697,490,41,109
697,491,41,109
698,491,40,109
698,491,40,109
698,492,41,109
699,492,40,109
699,493,40,109
699,493,40,109
699,494,40,109
700,495,40,109
699,495,41,110
700,495,40,110
701,496,40,110
701,496,40,110
701,497,40,110
702,498,40,110
702,498,40,110
702,498,40,110
702,498,40,111
702,499,40,110
702,500,40,110
702,500,40,111
702,500,40,111
702,500,40,111
702,500,41,112
702,501,41,112
702,502,41,111
702,502,41,112
702,503,41,111
702,503,41,112
702,503,41,112
702,503,41,113
703,504,40,112
703,504,40,112
703,505,40,112
703,505,41,112
703,505,40,113
703,505,40,113
703,506,40,113
703,506,40,113
703,507,40,113
703,507,41,113
703,507,41,114
703,507,41,114
703,508,41,114
703,508,41,115
703,508,41,115
703,509,41,115
704,510,40,114
703,510,41,114
703,511,41,114
704,511,41,115
704,512,40,115
704,512,40,115
705,513,40,114
705,512,39,116
705,513,40,116
706,513,39,116
706,514,39,116
706,514,39,116
706,515,39,116
707,515,38,116
707,515,38,116
706,515,39,117
706,516,39,117
706,516,39,117
707,516,38,118
706,516,39,118
707,516,38,118
706,517,39,118
706,518,39,117
706,518,39,117
706,518,39,117
706,518,39,118
706,518,39,118
706,519,39,118
706,519,39,117
706,519,39,118
706,519,39,118
706,519,40,119
707,519,39,119
706,520,40,119
707,521,40,118
708,521,39,119
708,522,39,118
708,522,40,119
709,522,39,119
710,522,39,120
710,523,39,119
710,523,39,120
711,523,39,120
711,523,39,120
712,523,39,121
713,524,39,119
713,525,39,119
714,526,40,119
715,525,39,121
716,526,38,120
716,526,39,120
717,526,38,121
716,527,39,120
716,527,39,120
716,527,39,120
716,527,39,121
716,527,38,122
716,527,38,122
716,527,38,122
716,527,38,122
716,528,38,121
716,528,39,122
716,529,39,122
716,529,38,122
716,530,39,122
716,530,39,123
716,530,38,123
716,530,38,123
716,531,38,123
716,531,37,123
716,531,37,123
716,531,37,123
716,531,37,125
716,532,37,124
716,533,37,124
716,533,37,124
716,533,37,124
716,533,37,125
716,534,37,125
716,534,37,125
716,535,37,124
716,535,36,125
716,536,36,124
716,536,36,124
716,536,36,126
715,537,37,125
715,537,37,126
715,538,36,125
715,538,36,126
715,539,36,125
714,539,36,126
714,539,36,126
714,540,36,126
714,541,36,125
714,541,36,126
713,541,37,126
713,541,37,126
713,542,37,126
713,542,36,127
713,542,36,127
713,542,36,127
713,543,36,126
713,543,36,127
713,543,36,127
712,543,37,127
712,543,37,128
712,543,36,128
712,544,36,127
712,544,36,127
712,544,36,127
711,544,36,128
711,544,36,128
711,544,36,128
711,544,36,128
711,544,36,129
711,545,36,128
711,545,36,128
711,545,36,128
711,545,36,129
711,545,36,129
710,545,36,129
711,545,36,129
711,546,35,128
710,546,36,128
710,546,35,129
710,546,35,128
710,546,35,129
710,546,35,129
710,547,35,128
710,546,35,129
710,547,35,128
710,546,35,129
710,546,34,129
711,547,33,128
710,546,34,129
710,546,34,129
710,547,34,128
710,547,34,128
709,547,35,128
708,547,35,128
709,547,34,128
709,547,34,128
708,547,35,128
708,547,35,128
708,547,34,128
707,547,35,128
707,547,35,128
708,547,34,128
708,547,34,128
708,547,34,128
709,547,33,128
710,546,32,129
710,546,31,129
709,546,32,129
709,546,31,129
708,546,32,129
709,546,32,129
708,546,32,129
708,546,32,129
707,546,32,129
706,546,32,129
706,546,32,129
705,546,33,129
705,547,32,128
704,546,32,129
703,546,33,129
703,546,32,129
702,546,33,129
701,546,33,129
701,546,32,129
701,547,32,128
700,547,32,128
699,546,33,129
699,547,32,128
698,546,33,128
697,546,33,128
697,546,33,128
697,546,33,128
697,546,33,128
696,546,33,128
696,545,33,129
695,545,34,129
694,545,34,128
694,545,34,128
693,545,34,128
693,545,34,128
693,545,34,128
692,545,34,128
692,545,34,128
692,545,33,128
691,544,33,128
691,544,33,128
691,544,34,128
690,545,34,127
690,545,34,127
690,545,34,127
690,544,34,128
689,544,34,127
689,544,34,126
689,544,34,127
689,544,34,127
688,544,35,127
687,544,35,127
687,544,35,126
687,543,35,126
687,543,35,127
687,543,34,127
687,543,34,127
686,543,34,126
686,544,34,125
686,544,34,125
686,542,34,126
686,541,33,127
686,541,33,127
686,541,33,127
686,541,33,126
686,541,32,126
685,541,33,126
685,541,33,126
685,541,33,125
684,541,34,125
685,541,33,126
686,540,32,127
686,540,32,127
686,541,32,126
685,541,33,125
685,541,33,125
686,541,33,125
686,541,33,125
686,541,33,125
686,540,33,126
687,541,33,125
687,541,33,125
687,540,33,125
687,540,34,125
687,540,33,125
687,540,33,125
688,540,32,124
688,540,33,124
689,540,32,125
690,540,31,124
690,540,31,124
690,540,31,124
690,540,31,124
690,540,32,124
690,540,32,124
690,540,32,124
690,540,32,124
691,539,31,124
691,539,31,124
690,539,32,124
690,539,32,124
691,539,32,124
691,539,31,123
690,539,32,123
690,539,33,123
690,538,33,124
690,537,34,125
690,538,34,124
691,538,33,124
692,538,32,123
692,538,32,123
691,538,33,123
691,537,33,123
691,537,33,123
692,537,33,123
691,537,33,123
691,537,33,122
690,536,34,123
690,535,34,124
690,535,33,124
690,536,32,122
689,536,33,122
689,536,33,122
690,536,32,122
690,535,32,122
691,534,32,123
691,535,31,122
691,534,32,122
691,535,32,121
691,535,32,122
691,534,32,122
691,534,32,122
691,534,33,122
692,534,33,122
691,533,34,122
692,534,33,121
692,534,34,121
692,534,33,121
692,534,34,120
693,533,34,122
693,532,34,122
693,532,34,122
693,532,34,121
694,533,33,120
694,533,34,121
694,532,35,121
694,532,35,121
695,532,35,121
695,532,35,121
695,531,35,120
695,531,36,121
696,531,35,121
696,531,35,120
696,531,35,120
697,531,35,120
698,531,34,120
698,530,35,121
698,530,35,121
698,530,35,121
698,530,35,121
699,530,34,120
699,529,35,121
699,529,36,120
699,529,35,120
700,529,35,120
700,529,35,120
700,528,35,120
700,528,35,120
701,528,35,120
701,528,35,120
701,527,35,120
702,527,34,120
702,527,35,120
702,527,35,120
703,527,35,120
704,527,34,120
704,526,34,120
704,526,34,120
705,526,34,119
705,526,34,119
706,526,34,118
706,525,34,119
706,525,35,119
707,525,34,119
708,525,33,118
708,525,34,118
708,525,34,118
709,525,34,118
709,525,34,117
709,524,34,119
709,524,35,118
709,524,35,117
710,524,35,117
710,524,35,117
711,524,35,117
711,523,35,118
711,523,36,118
712,523,35,117
713,523,35,117
713,523,35,117
714,522,35,118
715,522,34,118
715,522,34,117
715,522,35,117
716,522,35,117
717,522,34,116
717,522,35,116
718,522,34,116
719,521,34,117
719,521,35,117
720,521,34,117
721,520,34,117
722,520,34,117
722,520,34,117
722,520,35,117
724,520,33,116
724,520,34,116
725,519,34,116
727,519,34,117
727,519,34,116
727,519,34,116
727,519,34,116
729,518,34,116
728,518,34,116
729,518,34,116
730,518,34,116
731,518,33,116
732,517,33,117
733,517,32,116
733,517,34,116
733,517,34,115
734,517,34,115
734,517,34,115
734,517,34,114
735,516,34,115
735,516,35,115
736,516,34,115
736,516,34,115
737,515,34,115
737,515,34,115
738,515,33,115
738,515,34,114
738,515,34,114
739,515,34,114
739,515,34,113
739,514,34,114
739,514,34,114
740,514,34,114
740,514,34,113
740,513,34,114
740,513,34,114
740,512,36,114
741,512,36,114
741,512,36,114
742,511,35,114
742,511,35,114
742,511,35,114
742,511,35,113
742,510,35,114
743,510,35,114
743,510,35,113
743,510,35,113
744,510,35,112
744,510,35,112
744,509,35,112
744,509,35,112
744,508,35,113
743,508,35,112
743,508,34,111
742,507,34,112
740,506,35,113
738,506,35,112
737,506,35,111
736,506,35,111
735,506,35,111
734,505,35,112
734,505,35,111
734,504,34,111
734,504,34,111
734,504,34,111
734,504,34,111
734,504,35,110
734,504,36,111
735,503,35,111
735,503,35,111
735,503,35,111
735,503,36,110
736,503,35,110
735,503,36,110
736,503,35,110
736,503,35,110
736,502,36,111
736,502,36,110
737,502,35,110
737,502,35,110
737,502,36,110
737,502,36,110
738,502,35,109
738,502,36,109
739,502,35,109
739,501,35,110
739,501,36,110
740,501,36,109
740,500,35,110
740,500,35,110
740,500,35,109
740,500,36,109
741,500,35,109
741,500,35,109
741,500,35,108
741,500,35,108
742,500,34,108
742,499,34,109
742,499,35,109
743,499,34,109
743,499,34,109
743,499,34,108
743,499,34,108
743,498,34,109
743,498,35,109
744,498,34,109
744,497,35,110
743,497,35,109
744,497,34,110
744,497,34,109
744,497,34,108
745,497,33,109
745,497,34,109
745,497,34,108
745,497,34,108
745,496,34,109
745,497,34,108
745,497,34,107
746,497,34,108
746,497,34,107
747,496,34,108
747,496,34,108
747,496,34,108
748,496,33,108
748,496,33,108
748,495,33,109
748,495,33,109
748,495,33,108
748,495,33,108
748,495,33,108
749,495,33,108
749,495,33,107
750,495,32,108
750,494,32,108
750,494,32,108
750,494,32,108
750,494,33,108
750,494,33,108
750,493,34,109
751,493,33,109
751,493,33,109
751,493,34,109
751,493,34,108
751,493,34,108
752,493,33,108
752,493,33,108
752,493,33,108
753,493,33,108
753,493,32,108
753,493,32,107
753,493,33,107
754,493,33,107
754,493,33,107
754,492,33,108
754,492,33,108
755,492,33,108
755,492,33,108
755,492,33,108
756,492,33,108
756,492,33,108
756,492,33,108
756,492,33,107
755,492,34,107
756,492,34,107
756,492,34,107
756,492,34,107
757,492,33,107
757,491,33,108
757,491,33,107
757,491,33,107
757,491,33,107
757,491,34,107
757,491,34,107
757,491,34,107
757,491,34,106
758,490,33,107
758,490,33,107
758,490,33,106
758,490,33,106
758,490,33,106
758,490,33,106
759,490,32,106
759,490,32,106
760,490,32,106
760,490,32,106
760,490,32,106
760,490,32,106
760,490,32,106
760,490,32,106
760,490,32,106
761,490,31,106
761,490,32,105
761,489,32,106
761,489,32,106
762,489,31,106
761,489,32,106
761,489,32,106
762,489,32,106
762,489,32,106
761,489,33,106
762,489,32,106
762,489,32,106
762,489,32,106
762,488,32,106
763,488,31,107
763,488,31,106
763,488,32,105
763,489,32,105
763,488,32,106
764,489,32,106
765,489,30,105
764,488,31,106
764,488,31,106
764,488,31,106
764,488,31,105
764,488,31,105
765,488,31,105
765,488,31,105
765,488,31,105
765,488,31,105
766,487,31,106
766,487,31,106
766,487,31,106
766,487,31,106
766,487,31,105
766,487,31,106
767,487,30,106
766,487,32,105
767,487,31,106
767,487,31,105
767,487,31,105
767,486,30,104
768,486,30,106
768,487,30,105
768,487,30,105
768,487,30,105
768,487,30,105
768,487,30,104
769,487,29,105
768,487,30,105
768,487,30,104
768,487,30,105
769,487,29,104
769,486,29,106
768,486,30,105
769,486,29,105
769,486,29,105
770,486,29,104
769,486,30,105
769,486,30,104
769,486,30,105
770,486,29,104
770,486,29,104
770,486,29,104
770,485,29,105
769,485,30,105
769,485,30,104
770,485,29,105
770,485,29,104
770,485,29,104
770,485,29,104
770,485,29,104
770,485,29,104
770,484,30,105
771,485,29,104
771,485,28,104
770,485,30,104
771,485,29,104
771,485,29,104
771,484,29,104
772,484,28,104
771,484,28,104
771,484,28,103
771,484,28,104
771,484,28,103
771,483,29,104
772,483,28,104
772,483,28,104
772,483,28,104
772,483,29,104
772,483,29,104
772,483,28,103
772,483,29,103
772,483,29,103
773,483,28,103
773,483,28,103
772,482,29,104
773,482,28,104
773,482,28,104
773,482,28,104
774,482,27,104
773,482,28,104
773,482,28,104
774,482,27,104
774,482,27,104
774,482,27,104
774,482,27,104
774,481,27,104
774,481,27,105
775,482,26,104
775,482,26,104
775,481,27,104
775,481,27,104
776,481,26,104
776,482,26,103
776,482,26,103
776,482,26,103
776,481,26,104
776,482,27,103
776,481,27,104
776,482,27,103
776,481,27,104
776,481,27,104
776,481,28,104
776,481,28,104
776,481,28,104
776,481,29,104
777,481,28,104
777,481,28,104
777,481,28,104
777,481,28,104
777,481,28,104
777,481,29,104
777,481,29,104
777,481,29,104
777,481,29,104
777,481,29,104
777,481,29,104
777,481,29,104
778,481,28,103
777,480,28,104
777,480,28,104
777,480,28,104
777,480,28,104
777,480,28,104
778,480,28,104
778,480,28,104
777,480,28,103
777,480,28,103
777,480,28,103
777,479,28,104
778,480,27,103
778,480,27,103
778,480,27,103
778,479,27,104
777,479,28,104
777,479,28,104
778,479,27,104
