134,308,919,382
136,308,919,382
136,308,919,382
136,309,919,382
135,309,919,382
135,309,920,382
135,310,920,382
135,310,920,382
135,310,920,382
135,311,920,382
135,312,920,382
136,312,920,382
136,311,920,382
135,310,920,382
137,310,920,382
137,310,920,382
136,310,920,382
136,309,920,382
136,310,920,382
135,310,920,382
136,310,920,382
136,310,920,382
136,310,920,382
136,309,920,382
136,310,920,382
136,310,920,382
134,309,920,382
134,309,920,382
135,309,920,382
135,308,920,382
135,308,920,382
135,308,920,382
133,308,920,382
133,307,920,382
132,307,920,382
132,307,920,382
132,306,919,382
132,306,919,382
132,306,919,382
132,305,919,382
132,306,919,382
132,305,919,382
131,305,919,382
132,305,919,382
131,304,919,382
129,305,919,382
130,305,919,382
129,305,919,382
129,305,919,382
129,305,919,382
129,306,919,382
129,306,919,382
129,307,919,382
127,307,919,382
127,308,919,382
126,308,919,382
125,308,919,382
125,308,919,382
125,308,919,382
125,308,919,382
124,308,919,382
124,308,919,382
124,308,919,382
124,307,919,382
124,307,919,382
124,304,919,382
124,305,919,382
124,306,919,382
123,306,919,382
123,307,919,382
123,307,919,382
123,308,919,382
123,308,919,382
123,308,919,382
122,308,919,382
122,308,919,382
122,308,919,382
122,308,919,382
122,308,919,382
122,308,919,382
121,308,919,382
121,308,919,382
121,308,919,382
121,308,919,382
121,308,919,382
121,308,919,382
120,308,919,382
120,308,919,382
118,308,921,382
118,308,921,382
118,310,921,382
120,311,919,382
120,312,919,382
120,312,919,382
120,312,919,382
120,312,919,382
120,313,919,382
120,314,919,382
120,314,919,382
120,315,919,382
120,316,919,382
120,314,919,382
120,316,919,382
120,316,919,382
120,316,919,382
120,316,919,382
120,316,919,382
119,316,919,382
119,316,919,382
119,316,919,382
117,316,919,382
119,316,919,382
118,316,919,382
119,316,919,382
116,316,920,382
118,316,919,382
118,316,919,382
119,316,919,382
119,316,919,382
119,316,919,382
118,316,919,382
118,316,919,382
118,316,919,382
118,316,919,382
118,316,919,382
119,316,919,382
115,316,922,382
115,316,923,382
114,316,923,382
110,316,928,382
110,316,928,382
110,316,928,382
109,316,928,382
109,316,928,382
109,316,928,382
109,316,928,382
109,316,928,382
108,316,928,382
108,316,929,382
109,316,929,382
109,317,929,382
109,318,929,382
109,318,929,382
109,317,929,382
109,318,929,382
109,318,929,382
108,318,929,382
107,318,929,382
107,318,929,382
105,318,930,382
105,318,930,382
105,318,930,382
105,318,930,382
105,318,930,382
105,318,930,382
104,318,930,382
104,318,930,382
103,318,930,382
103,318,930,382
101,318,930,382
99,318,930,382
99,318,930,382
98,318,929,382
96,317,929,382
95,317,929,382
91,317,929,382
91,317,929,382
91,317,929,382
90,318,930,382
90,318,930,382
90,318,930,382
88,318,930,382
88,317,930,382
88,317,930,382
85,318,930,382
84,318,930,382
83,318,930,382
82,318,930,382
80,318,930,382
78,318,930,382
77,318,930,382
76,318,930,382
74,318,930,382
72,318,930,382
71,318,930,382
68,318,930,382
69,318,930,382
68,318,930,382
67,318,930,382
65,318,930,382
65,318,930,382
63,318,930,382
62,318,930,382
61,318,930,382
60,318,930,382
54,318,937,382
50,318,936,382
45,318,940,382
49,318,936,382
49,318,936,382
47,318,936,382
43,318,936,382
42,318,936,382
43,318,936,382
39,318,936,382
37,318,936,382
36,318,936,382
36,318,936,382
33,318,936,382
33,318,936,382
31,318,936,382
28,318,938,382
24,318,938,382
25,318,935,382
20,318,935,382
20,318,935,382
20,318,935,382
20,318,935,382
19,318,935,382
18,319,936,382
14,318,936,382
14,318,936,382
10,319,935,382
9,319,935,382
9,319,935,382
9,319,935,382
7,318,935,382
6,316,925,382
3,316,925,382
1,315,926,382
1,315,928,382
5,316,932,382
4,316,925,382
1,315,923,382
1,315,924,382
1,316,925,382
1,315,925,382
1,314,927,382
1,316,927,382
1,316,927,382
1,315,924,382
1,314,919,385
1,314,919,385
1,314,922,385
1,314,920,385
1,313,919,385
1,313,919,385
1,312,918,385
1,314,916,385
1,314,916,385
1,317,916,385
1,317,916,385
1,317,914,385
1,317,915,385
1,317,915,385
1,317,915,385
1,317,915,385
1,317,915,385
1,317,915,385
1,317,915,385
1,317,915,385
1,317,915,385
1,317,915,385
1,317,915,385
1,317,915,385
1,317,915,385
1,317,915,385
1,317,915,385
1,317,915,385
1,317,915,385
1,317,915,385
1,317,915,385
1,317,915,385
1,317,915,385
1,317,915,385
1,316,917,385
1,316,917,385
1,316,917,385
1,316,917,385
1,316,917,385
1,315,917,385
1,315,917,385
1,315,917,385
1,316,918,385
1,317,919,385
1,317,921,385
1,318,920,385
1,318,920,385
1,319,920,385
1,319,920,385
1,319,920,385
1,319,923,385
1,319,923,385
1,319,925,385
1,319,926,385
1,319,927,385
1,319,928,385
2,319,929,385
4,319,929,385
5,319,930,385
7,319,931,385
9,319,931,385
11,319,931,385
13,319,931,385
13,319,930,385
14,319,929,385
17,319,929,385
18,319,929,385
21,319,929,385
21,319,928,385
22,319,927,385
22,319,927,385
25,319,927,385
25,319,926,385
25,319,926,385
26,319,926,385
30,319,926,385
31,319,926,385
32,319,926,385
32,319,926,385
35,319,926,385
36,319,926,385
37,319,926,385
39,319,926,385
40,319,926,385
40,319,926,385
42,319,926,385
44,319,926,385
44,319,926,385
45,319,926,385
46,319,926,385
46,319,926,385
46,319,926,385
47,319,926,385
48,319,926,385
48,319,926,385
49,319,926,385
49,319,926,385
49,318,926,385
50,318,926,385
51,316,926,385
51,316,926,385
51,316,926,385
51,315,926,385
52,315,926,385
52,315,926,385
52,315,926,385
53,315,926,385
53,315,926,385
53,315,926,385
57,315,926,385
56,315,926,385
57,315,926,385
59,315,926,385
62,315,926,385
62,315,926,385
63,315,926,385
63,315,926,385
64,315,926,385
65,315,926,385
66,315,926,385
67,315,926,385
67,315,926,385
68,315,926,385
69,315,926,385
70,315,926,385
70,315,926,385
72,315,926,385
72,315,926,385
73,315,926,385
74,315,926,385
74,315,926,385
74,315,926,385
75,315,926,385
75,315,926,385
75,315,926,385
75,315,926,167
80,315,926,385
82,315,926,385
82,315,926,385
83,315,926,385
84,315,926,385
86,315,926,385
87,315,926,385
87,315,926,385
87,314,926,385
90,313,926,385
91,313,926,385
91,312,926,385
93,312,926,385
95,311,926,385
95,311,926,385
96,310,926,385
98,310,926,385
99,310,926,385
100,310,926,385
100,310,926,385
103,310,926,385
105,310,926,385
104,310,926,385
105,310,926,385
107,310,926,385
108,310,926,385
109,310,926,385
109,310,926,385
110,310,926,385
112,310,926,385
114,310,926,385
114,310,925,385
117,310,925,385
116,310,925,385
118,310,925,385
118,308,925,385
119,308,925,385
120,308,925,385
119,308,925,385
114,308,925,385
119,308,925,385
121,307,925,385
121,307,925,385
121,307,925,385
118,307,925,385
120,307,925,385
121,307,925,385
123,307,925,385
120,307,925,385
120,307,925,385
120,307,925,385
119,307,925,385
119,306,925,385
116,305,925,385
117,305,925,385
116,304,925,385
115,304,925,385
113,302,925,385
113,303,925,385
109,303,925,385
107,303,925,385
106,303,925,385
106,302,924,385
105,302,924,385
105,302,924,385
105,302,919,385
105,302,922,385
103,302,921,385
103,302,921,385
102,302,921,385
100,302,921,385
98,302,921,385
101,302,923,385
101,302,923,385
101,301,923,385
101,301,923,385
101,300,923,385
101,300,923,385
99,300,923,385
96,300,923,385
94,300,923,385
94,300,923,385
94,300,923,385
92,299,923,385
90,299,923,385
89,299,923,385
88,299,923,385
86,299,923,385
85,299,923,385
84,299,923,385
82,299,923,385
79,299,923,385
78,299,923,385
77,299,923,385
75,299,923,385
72,299,923,385
72,299,922,385
72,299,921,385
72,299,921,385
70,299,920,385
68,299,920,385
67,299,920,385
65,299,920,385
63,299,920,385
61,299,920,385
60,299,920,385
58,299,920,385
56,299,920,385
54,299,920,385
53,299,920,385
52,299,920,385
48,299,920,385
47,299,920,385
46,299,920,385
42,299,920,385
41,299,920,385
39,299,920,385
38,299,920,385
36,299,920,385
33,299,920,385
33,299,920,385
31,299,920,385
27,299,920,385
25,299,920,385
23,299,920,385
21,299,920,385
19,299,920,385
18,299,920,385
15,299,920,385
14,299,920,385
13,299,920,385
11,299,920,385
10,299,920,385
9,299,920,385
6,299,920,385
4,299,920,385
2,299,920,385
1,299,920,385
1,299,919,385
1,299,916,385
1,299,916,385
1,299,915,385
1,299,914,385
1,299,912,385
1,299,912,385
1,299,910,385
1,299,909,385
1,299,907,385
1,299,908,385
1,299,905,385
1,299,905,385
1,299,903,385
1,299,904,385
1,299,903,385
1,299,900,385
1,299,899,385
1,299,899,385
1,299,899,385
1,299,896,385
1,299,896,385
1,298,895,385
1,298,895,385
1,297,894,385
1,296,891,385
1,297,892,385
1,297,891,385
1,297,890,385
1,297,889,385
1,297,887,385
1,297,886,385
1,297,886,385
1,297,886,385
1,297,885,385
1,297,884,385
1,297,883,385
1,297,882,385
1,297,882,385
1,297,880,385
1,297,878,385
1,297,878,385
1,297,877,385
1,297,876,385
1,296,875,385
1,295,875,385
1,295,873,385
1,295,872,385
1,294,871,385
1,293,871,385
1,293,870,385
1,293,870,385
1,293,866,385
1,293,868,385
1,293,865,385
1,293,866,385
1,293,861,385
1,293,862,385
1,293,860,385
1,293,859,385
1,293,856,385
1,293,855,385
1,293,853,385
1,293,852,385
1,293,848,385
1,292,847,385
1,291,846,385
1,291,843,385
1,291,842,385
1,290,841,385
1,290,840,385
1,290,835,385
1,288,835,385
1,288,833,385
1,287,831,385
1,287,829,385
1,287,826,385
1,287,825,385
1,287,824,385
1,287,822,385
1,287,820,385
1,287,819,385
1,287,819,385
1,287,817,385
1,287,816,385
1,287,815,385
1,287,814,385
1,286,813,385
1,285,811,385
1,285,811,385
1,284,810,385
1,284,809,385
1,283,809,385
1,283,809,385
1,283,806,385
1,283,805,385
1,283,805,385
1,283,805,385
1,283,805,385
1,283,805,385
1,283,802,385
1,283,801,385
1,283,801,385
1,283,800,385
1,283,799,385
1,282,798,385
1,282,798,385
1,282,798,385
1,282,798,385
1,281,798,385
1,281,798,385
1,281,793,385
1,280,791,385
1,280,791,385
1,280,791,385
1,279,791,385
1,278,790,385
1,278,789,385
1,278,788,385
1,278,788,385
1,278,788,385
1,277,786,385
1,277,786,385
1,277,786,385
1,277,785,385
1,276,784,385
1,276,783,385
1,276,783,385
1,276,780,385
1,276,783,385
1,276,782,385
1,276,782,385
1,276,780,385
1,276,780,385
1,275,778,385
1,275,777,385
1,274,777,385
1,274,778,385
1,275,777,385
1,275,776,385
1,275,776,385
1,274,775,385
1,274,774,385
1,274,773,385
1,274,772,385
1,274,772,385
1,274,771,385
1,274,773,385
1,275,770,385
1,275,771,385
1,275,771,385
1,275,771,385
1,274,771,385
1,274,772,385
1,274,771,385
1,274,773,385
1,274,772,385
1,274,772,385
1,274,773,385
1,275,774,385
1,275,774,385
1,275,774,385
1,275,774,385
1,275,776,385
1,276,776,385
1,276,776,385
1,276,776,385
1,276,778,385
1,276,778,385
1,276,778,385
1,276,780,385
1,276,782,385
1,276,781,385
1,276,783,385
1,276,784,385
1,276,785,385
1,276,785,385
1,276,784,385
1,276,788,385
1,276,787,385
1,276,789,385
1,276,788,385
1,276,791,385
1,276,790,385
1,276,792,385
1,276,791,385
1,276,794,385
1,276,794,385
1,276,797,385
1,274,795,385
1,274,799,385
1,274,798,385
1,273,801,385
1,273,800,385
1,272,801,385
1,272,802,385
1,271,805,385
1,271,804,385
1,271,804,385
1,271,805,385
1,271,807,385
1,271,807,385
1,271,808,385
1,271,810,385
1,270,811,385
1,270,811,385
1,270,813,385
1,269,813,385
1,269,815,385
1,269,815,385
1,269,816,385
1,268,817,385
1,268,817,385
1,268,819,385
1,268,819,385
1,268,819,385
1,268,820,385
1,268,822,385
1,268,821,385
1,268,823,385
1,268,823,385
1,267,825,385
1,267,825,385
1,267,825,385
1,267,825,385
1,266,827,385
1,266,826,385
1,266,826,385
1,266,826,385
1,267,826,385
1,267,827,385
1,266,827,385
1,268,828,385
1,269,828,385
1,270,832,385
1,270,830,385
1,270,831,385
1,270,830,385
1,270,833,385
1,271,831,385
1,271,833,385
1,271,831,385
1,271,834,385
1,272,833,385
1,272,833,385
1,273,835,385
1,273,835,385
1,274,838,385
1,273,837,385
1,274,839,385
1,274,839,385
1,274,839,385
1,275,840,385
1,275,840,385
1,275,840,385
1,275,840,385
1,275,840,385
1,275,840,385
1,275,841,385
1,276,843,385
1,277,844,385
1,277,844,385
1,277,845,385
1,278,845,385
1,279,847,385
1,279,845,385
1,280,849,385
1,280,847,385
1,280,847,385
1,280,847,385
1,280,847,385
1,280,849,385
1,280,848,385
1,280,849,385
1,280,848,385
1,280,850,385
1,280,848,385
1,280,848,385
1,280,849,385
1,280,849,385
1,280,849,385
1,280,849,385
1,280,849,385
1,280,849,385
1,280,849,385
1,281,849,385
1,281,849,385
1,281,849,385
1,281,849,385
1,281,849,385
1,281,848,385
1,281,848,385
1,281,848,385
1,281,848,385
1,281,848,385
1,281,848,385
1,281,848,385
1,281,847,385
1,281,848,385
1,281,847,385
1,281,848,385
1,281,846,385
1,281,848,385
1,281,845,385
1,281,847,385
1,281,844,385
1,281,846,385
1,281,845,385
1,281,846,385
1,281,844,385
1,279,843,385
1,279,843,385
1,279,844,385
1,279,843,385
1,279,842,385
1,279,842,385
1,279,841,385
1,279,841,385
1,279,838,385
1,279,840,385
1,279,840,385
1,279,839,385
1,279,838,385
1,278,838,385
1,277,835,385
1,277,835,385
1,277,833,385
1,277,832,385
1,277,831,385
1,277,830,385
1,277,828,385
1,277,827,385
1,277,825,385
1,277,825,385
1,277,824,385
1,277,823,385
1,277,821,385
1,276,821,385
1,276,820,385
1,276,818,385
1,276,817,385
1,276,815,385
1,276,815,385
1,276,814,385
1,276,813,385
1,276,812,385
1,276,812,385
1,276,812,385
1,276,812,385
1,276,812,385
1,276,809,385
1,276,809,385
1,276,809,385
1,276,809,385
1,276,809,385
1,276,809,385
1,276,808,385
1,276,807,385
1,276,807,385
1,276,807,385
1,276,806,385
1,276,805,385
1,276,805,385
1,276,805,385
1,276,805,385
1,276,805,385
1,276,805,385
1,276,805,385
1,276,805,385
1,276,805,385
1,276,804,385
1,276,804,385
1,276,804,385
1,276,804,385
1,276,804,385
1,276,804,385
1,276,804,385
1,276,804,385
1,276,804,385
1,276,802,385
1,276,802,385
1,276,802,385
1,276,802,385
1,276,802,385
1,276,802,385
1,276,802,385
1,276,802,385
1,276,802,385
1,276,802,385
1,276,802,385
1,276,802,385
1,276,802,385
1,276,802,385
1,276,802,385
1,276,802,385
1,276,803,385
1,276,803,385
1,276,803,385
1,276,803,385
1,276,803,385
1,276,805,385
1,276,806,385
1,276,806,385
1,276,806,385
1,276,806,385
1,276,806,385
1,276,807,385
1,276,806,385
1,276,806,385
1,275,806,385
1,275,806,385
1,275,806,385
1,275,808,385
1,275,809,385
1,275,809,385
1,274,808,385
1,274,808,385
1,274,809,385
1,273,809,385
1,273,809,385
1,273,809,385
1,273,809,385
1,273,809,385
1,273,811,385
1,274,811,385
1,274,811,385
1,274,811,385
1,276,811,385
1,275,811,385
1,275,811,385
1,275,814,385
1,275,814,385
1,275,814,385
1,275,814,385
1,275,814,385
1,275,816,385
1,275,817,385
1,276,817,385
1,276,817,385
1,276,818,385
1,276,819,385
1,276,819,385
1,276,820,385
1,276,822,385
1,276,822,385
1,276,823,385
1,276,823,385
1,276,825,385
1,276,824,385
1,276,825,385
1,276,825,385
1,276,828,385
1,276,827,385
1,276,828,385
1,276,828,385
1,276,829,385
1,276,832,385
1,276,830,385
1,276,833,385
1,276,831,385
1,276,834,385
1,276,832,385
1,276,835,385
1,276,834,385
1,276,838,385
1,276,838,385
1,276,837,385
1,276,838,385
1,276,838,385
1,276,841,385
1,276,838,385
1,276,841,385
1,276,841,385
1,276,841,385
1,276,840,385
1,276,841,385
1,276,843,385
1,276,844,385
1,276,844,385
1,276,844,385
1,276,844,385
1,276,846,385
1,276,844,385
1,276,844,385
1,276,845,385
1,276,845,385
1,276,845,385
1,276,845,385
1,273,846,385
1,273,848,385
1,273,847,385
1,273,847,385
1,273,847,385
1,273,848,385
1,273,848,385
1,273,847,385
1,273,847,385
1,273,849,385
1,273,848,385
1,273,847,385
1,273,847,385
1,273,847,385
1,273,846,385
1,273,847,385
1,273,846,385
1,273,847,385
1,273,847,385
1,273,848,385
1,273,845,385
1,273,848,385
1,273,845,385
1,273,847,385
1,273,845,385
1,274,847,385
1,275,845,385
1,275,845,385
1,275,844,385
1,275,843,385
1,276,843,385
1,276,843,385
1,276,842,385
1,276,842,385
1,276,842,385
1,276,841,385
1,276,840,385
1,276,839,385
1,276,839,385
1,276,839,385
1,276,838,385
1,276,838,385
1,276,838,385
1,276,836,385
1,276,836,385
1,276,836,385
1,276,836,385
1,276,836,385
1,276,836,385
1,276,836,385
1,276,836,385
1,276,835,385
1,276,835,385
1,276,834,385
1,276,834,385
1,276,833,385
1,276,832,385
1,276,831,385
1,276,830,385
1,276,829,385
1,276,828,385
1,276,828,385
1,276,823,385
1,276,822,385
1,276,821,385
1,276,820,385
1,276,819,385
1,276,818,385
1,276,817,385
1,276,816,385
1,276,815,385
1,276,814,385
1,276,812,385
1,276,810,385
1,276,809,385
1,276,808,385
1,276,806,385
1,276,803,385
1,276,802,385
1,276,798,385
1,276,799,385
1,276,798,385
1,276,795,385
1,276,794,385
1,276,792,385
1,276,787,385
1,276,789,385
1,276,788,385
1,276,786,385
1,276,783,385
1,276,781,385
1,276,779,385
1,276,778,385
1,276,777,385
1,276,776,385
1,276,775,385
1,276,771,385
1,276,768,385
1,276,767,385
1,276,766,385
1,276,765,385
1,276,764,385
1,276,763,385
1,276,762,385
1,276,761,385
1,276,759,385
1,276,757,385
1,276,755,385
1,276,753,385
1,276,752,385
1,276,750,385
1,276,749,385
1,276,748,385
1,276,747,385
1,276,746,385
1,276,745,385
1,276,744,385
1,276,743,385
1,276,742,385
1,276,741,385
1,276,738,385
1,276,736,385
1,276,734,385
1,276,734,385
1,276,733,385
1,276,732,385
1,275,732,385
1,274,732,385
1,273,730,385
1,273,729,385
1,273,728,385
1,273,728,385
1,273,728,385
1,273,727,385
1,273,726,385
1,273,725,385
1,273,724,385
1,273,723,385
1,273,723,385
1,273,723,385
1,273,723,385
1,272,723,385
1,272,723,385
1,272,723,385
1,271,723,385
1,270,722,385
1,270,722,385
1,270,722,385
1,270,722,385
1,271,722,385
1,271,723,385
1,271,723,385
1,271,725,385
1,271,727,385
1,271,729,385
1,271,731,385
1,271,733,385
1,271,735,385
1,271,737,385
1,271,739,385
1,271,741,385
1,271,740,385
1,271,740,385
1,271,740,385
1,271,742,385
1,271,743,385
1,271,744,385
1,271,746,385
1,271,746,385
1,271,746,385
1,271,747,385
1,271,748,385
1,271,749,385
1,271,750,385
1,271,751,385
1,271,752,385
1,271,752,385
1,271,754,385
1,271,756,385
1,271,756,385
1,271,756,385
1,271,757,385
1,271,758,385
1,271,759,385
1,271,760,385
1,271,761,385
1,271,762,385
1,271,763,385
1,271,764,385
1,271,765,385
1,271,766,385
1,271,767,385
1,271,768,385
1,271,769,385
1,271,769,385
1,271,769,385
1,271,770,385
1,271,771,385
1,271,772,385
1,271,772,385
1,271,772,385
1,271,772,385
1,271,772,385
1,271,772,385
1,271,772,385
1,271,772,385
1,271,773,385
1,271,774,385
1,271,774,385
1,271,775,385
1,271,776,385
1,271,777,385
1,271,778,385
1,271,779,385
1,271,780,385
1,271,781,385
1,271,782,385
1,271,783,385
1,271,784,385
1,271,785,385
1,271,786,385
1,271,787,385
1,271,788,385
1,271,789,385
1,271,790,385
1,271,791,385
1,271,792,385
1,271,793,385
1,271,794,385
1,271,795,385
1,271,796,385
1,271,797,385
1,271,797,385
1,271,798,385
1,271,799,385
1,271,799,385
1,271,800,385
1,271,802,385
1,271,802,385
1,271,803,385
1,272,804,385
1,272,805,385
1,272,805,385
1,272,805,385
1,272,806,385
1,272,808,385
1,272,809,385
1,272,811,385
1,273,812,385
1,274,812,385
1,275,813,385
1,275,815,385
1,275,816,385
1,275,818,385
1,275,819,385
1,275,820,385
1,275,821,385
1,275,823,385
1,275,823,385
1,275,824,385
1,275,825,385
1,275,826,385
1,275,829,385
1,275,828,385
1,275,831,385
1,275,831,385
1,275,831,385
1,275,833,385
1,275,834,385
1,275,834,385
1,275,836,385
1,275,838,385
1,275,837,385
1,275,839,385
1,275,841,385
1,275,842,385
1,275,843,385
1,275,845,385
1,275,846,385
1,274,847,385
1,274,849,385
1,274,851,385
1,274,853,385
1,274,853,385
1,274,855,385
1,274,856,385
1,274,859,385
1,274,859,385
1,274,861,385
1,274,862,385
1,274,864,385
1,273,865,385
1,273,866,385
1,273,869,374
1,272,869,382
1,272,871,380
1,272,873,385
1,272,875,385
1,272,875,385
1,273,878,385
1,274,880,385
1,274,881,385
1,274,883,385
1,274,884,385
1,274,888,385
1,274,888,385
1,274,891,385
1,274,892,385
1,274,895,385
1,274,897,385
1,274,899,385
1,274,901,385
1,274,903,385
1,274,905,385
1,275,907,385
1,275,909,385
1,276,912,385
1,276,915,385
1,277,918,385
1,276,918,385
1,277,923,385
1,277,924,385
1,278,927,385
3,278,928,385
7,278,927,385
9,279,927,385
10,279,927,365
12,279,927,385
13,278,927,73
20,279,927,354
21,279,927,355
23,279,927,346
24,279,927,340
25,279,927,352
27,279,927,330
29,279,927,334
31,279,927,336
32,279,927,343
35,279,927,354
37,279,927,364
39,279,927,385
41,279,927,385
43,279,927,385
45,279,927,385
46,279,927,385
47,279,927,385
51,279,927,385
54,279,927,385
55,279,927,385
58,279,927,385
60,279,927,385
62,279,927,385
63,279,927,385
65,279,927,385
68,279,927,385
71,280,927,385
73,281,927,385
74,281,927,385
75,280,927,385
77,280,927,385
79,281,927,385
79,281,927,385
81,281,927,385
81,281,927,385
85,281,927,385
85,281,927,385
87,282,927,385
88,282,927,367
87,282,927,353
89,282,814,282
464,282,552,347
91,282,927,346
92,282,927,364
94,283,927,367
96,283,927,355
98,283,927,357
100,283,927,363
101,283,927,363
103,283,927,359
104,283,927,359
106,283,927,369
107,283,927,365
109,283,927,370
110,283,927,363
112,283,927,362
112,284,927,359
114,285,927,359
115,285,927,357
118,285,927,361
118,285,927,358
119,286,927,352
120,285,927,353
122,286,927,357
123,286,927,357
124,286,927,371
124,286,927,358
126,286,927,358
126,286,927,368
129,286,927,361
129,286,927,362
130,286,927,376
131,286,927,352
132,286,927,362
134,286,927,353
135,286,927,352
136,286,927,353
136,286,927,354
136,286,927,276
138,286,927,334
139,286,927,328
139,286,927,375
141,286,927,371
142,286,927,371
143,286,927,365
144,286,927,362
143,287,927,378
143,287,927,364
143,287,927,385
145,288,927,385
145,289,927,368
146,289,927,370
144,289,927,373
145,289,927,368
145,289,927,367
145,289,927,369
146,289,927,371
146,289,927,370
146,289,927,356
146,289,927,355
146,289,927,364
147,289,927,367
146,289,927,385
148,289,927,385
147,289,927,385
148,289,927,385
147,289,927,385
149,289,927,385
148,289,927,385
149,289,927,385
149,289,927,385
150,289,927,385
149,289,927,385
150,289,927,385
150,289,927,385
150,290,927,385
150,290,927,385
150,290,927,385
151,290,927,385
152,290,927,385
153,291,927,385
153,291,927,385
153,291,927,385
154,291,927,385
153,291,927,385
155,291,927,385
155,291,927,385
155,291,927,385
155,291,927,385
156,291,927,385
156,291,927,385
158,291,927,385
158,291,927,385
159,291,927,385
159,291,927,385
160,291,927,385
161,291,927,385
161,291,927,385
162,291,927,385
163,291,927,385
163,291,927,385
163,291,927,385
163,291,927,385
165,291,927,385
165,291,927,385
165,291,927,385
165,291,927,385
166,291,927,385
166,291,927,385
166,290,927,385
167,289,927,385
168,289,927,385
168,289,927,385
169,288,927,385
169,288,927,385
170,288,927,385
169,288,927,385
170,288,927,385
171,288,927,385
171,288,927,385
171,288,927,385
171,288,927,385
171,288,927,385
172,288,927,385
173,288,927,385
172,288,927,385
173,288,927,385
173,288,927,385
174,288,927,385
174,288,927,385
174,288,927,385
174,288,927,385
175,288,927,385
175,288,927,385
175,288,927,385
175,288,927,385
175,288,927,385
176,288,927,385
176,288,927,385
177,288,927,385
177,288,927,385
178,288,927,385
178,288,927,385
177,288,927,385
177,288,927,385
179,288,927,385
178,288,927,385
180,288,927,385
180,288,927,385
180,288,927,385
180,288,927,385
180,288,927,385
180,288,927,385
182,288,927,385
182,288,927,385
183,288,927,385
184,288,927,385
183,288,927,385
184,288,927,385
184,288,927,385
184,288,927,385
184,288,927,385
184,289,927,385
184,289,927,385
184,289,927,385
185,289,927,385
185,289,927,385
185,289,927,385
185,289,927,385
185,289,927,385
185,289,927,385
185,289,927,385
185,289,927,385
185,289,927,385
185,289,927,385
185,289,927,385
185,289,927,385
184,289,928,385
183,289,929,385
182,289,929,385
182,289,929,385
181,289,929,385
181,289,929,385
179,289,929,385
180,289,929,385
179,289,929,385
178,289,929,385
177,289,929,385
175,289,929,385
178,289,929,385
175,289,929,385
177,289,929,385
175,289,929,385
176,289,929,385
175,289,929,385
175,289,929,385
175,289,929,385
176,289,929,385
175,289,929,385
175,289,929,385
174,289,929,385
174,289,929,385
175,289,929,385
173,289,929,385
174,289,929,385
174,289,929,385
173,289,929,385
172,289,929,385
174,289,929,385
172,289,929,385
172,289,929,385
172,289,929,385
172,289,929,385
172,289,929,385
171,289,929,385
170,289,929,385
171,289,929,385
171,289,929,385
171,289,929,385
169,289,932,385
168,289,932,385
168,289,932,385
167,289,932,385
167,289,933,385
166,289,933,385
166,289,933,385
166,289,933,385
166,289,933,385
165,289,933,385
165,289,933,385
164,289,933,385
165,289,934,385
164,289,934,385
164,289,934,385
164,289,934,385
164,289,934,385
164,289,934,385
164,289,934,385
164,289,934,385
164,289,934,385
164,289,934,385
164,289,934,385
164,289,934,385
164,289,934,385
164,289,934,385
164,289,934,385
163,289,934,385
163,289,934,385
163,289,934,385
163,289,934,385
163,289,934,385
163,289,934,385
162,289,934,385
161,289,935,385
161,289,935,385
161,289,935,385
161,289,935,385
161,289,935,385
160,289,935,385
161,289,935,385
159,289,935,385
162,289,935,385
158,289,935,385
158,289,936,385
158,289,936,385
158,289,936,385
157,289,936,385
159,289,936,385
157,289,936,385
154,289,938,385
154,289,938,385
154,289,938,385
154,289,939,385
153,289,939,385
153,289,939,385
151,288,940,385
151,288,940,385
151,287,940,385
151,287,940,385
151,287,940,385
152,287,940,385
149,287,940,385
152,287,940,385
153,287,939,385
153,286,939,385
152,286,939,385
151,285,939,385
151,286,939,385
151,286,939,385
150,286,939,385
148,285,939,385
149,285,939,385
148,285,939,385
147,284,939,385
146,284,939,385
146,284,939,385
145,284,939,385
144,284,939,385
143,284,939,385
143,284,939,385
143,283,939,385
143,283,939,385
140,283,939,385
139,283,939,385
139,282,939,385
138,282,939,385
137,282,939,385
135,282,939,385
134,282,939,385
132,282,940,385
131,281,940,385
130,281,940,385
129,281,940,385
127,281,940,385
126,281,940,385
124,281,940,385
123,281,941,385
120,280,942,385
117,279,943,385
118,280,942,385
117,280,942,385
116,280,942,385
112,280,942,385
112,280,942,385
111,280,942,385
110,280,942,385
107,280,942,385
106,280,942,385
104,280,942,385
103,280,943,385
100,279,942,385
99,279,942,385
98,279,942,385
98,279,942,385
96,279,942,385
94,279,942,385
91,279,942,385
90,279,942,385
88,279,942,385
86,279,942,385
85,279,942,385
83,279,942,385
82,279,942,385
79,279,942,385
78,279,942,385
76,279,942,385
74,279,942,385
72,279,942,385
69,279,942,385
68,279,942,385
66,279,942,385
64,279,942,385
62,279,942,385
61,279,942,385
59,279,942,385
56,279,942,385
56,279,942,385
52,279,942,385
52,279,942,385
49,279,942,385
48,279,942,385
42,280,944,385
41,280,944,385
40,280,944,385
39,280,944,385
37,280,944,385
34,280,944,385
33,280,944,385
30,280,944,385
29,279,944,385
27,279,944,385
25,279,944,385
24,279,944,385
21,279,944,385
21,279,944,385
18,279,944,385
17,280,944,385
14,280,944,385
15,280,944,385
12,281,944,385
11,281,944,385
10,281,944,385
9,281,944,385
6,281,944,385
5,281,944,385
3,281,944,385
1,281,944,385
1,281,943,385
1,281,941,385
1,281,940,385
1,281,939,385
1,281,937,385
1,281,934,385
1,282,932,385
1,282,932,385
1,282,931,385
1,282,928,385
1,282,926,385
1,282,926,385
1,282,925,385
1,282,922,385
1,282,921,385
1,282,920,385
1,282,918,385
1,282,917,385
1,282,916,385
1,282,915,385
1,282,914,385
1,282,912,385
1,282,911,385
1,282,911,385
1,282,910,385
1,282,909,385
1,282,908,385
1,282,907,385
1,282,907,385
1,282,906,385
1,282,905,385
1,282,904,385
1,282,903,385
1,282,902,385
1,282,901,385
1,282,901,385
1,282,900,385
1,281,900,385
1,281,897,385
1,281,897,385
1,280,896,385
1,280,896,385
1,280,895,385
1,280,895,385
1,280,894,385
1,280,894,385
1,280,893,385
1,280,893,385
1,280,892,385
1,280,891,385
1,280,890,385
1,280,890,385
1,280,889,385
1,280,888,385
1,280,887,385
1,280,887,385
1,280,886,385
1,280,885,385
1,280,884,385
1,280,884,385
1,280,882,385
1,280,884,385
1,280,881,385
1,279,881,385
1,279,880,385
1,279,880,385
1,280,880,385
1,280,879,385
1,280,877,385
1,280,877,385
1,280,876,385
1,279,875,385
1,279,874,385
1,279,873,385
1,279,872,385
1,279,871,385
1,279,870,385
1,278,869,385
1,278,868,385
1,277,867,385
1,277,867,385
1,277,866,385
1,277,865,385
1,277,864,385
1,277,864,385
1,277,862,385
1,277,861,385
1,277,861,385
1,277,861,385
1,277,861,385
1,277,860,385
1,277,859,385
1,277,859,385
1,277,858,385
1,277,858,385
1,277,857,385
1,277,858,385
1,277,856,385
1,277,856,385
1,277,856,385
1,277,857,385
1,277,856,385
1,277,856,385
1,277,854,385
1,277,856,385
1,277,854,385
1,277,855,385
1,277,854,385
1,277,854,385
1,276,854,385
1,276,853,385
1,276,853,385
1,276,852,385
1,276,852,385
1,276,852,385
1,276,852,385
1,276,852,385
1,276,852,385
1,276,851,385
1,276,850,385
1,276,849,385
1,276,848,385
1,276,849,385
1,276,848,385
1,276,847,385
1,276,845,385
1,276,846,385
1,276,845,385
1,276,844,385
1,276,843,385
1,276,842,385
1,276,842,385
1,276,842,385
1,276,841,385
1,276,841,385
1,276,840,385
1,276,840,385
1,276,839,385
1,275,839,385
1,275,839,385
1,275,839,385
1,275,838,385
1,275,837,385
1,275,837,385
1,275,837,385
1,275,836,385
1,275,835,385
1,275,835,385
1,275,835,385
1,275,834,385
1,275,834,385
1,275,834,385
1,275,833,385
1,275,833,385
1,275,833,385
1,275,833,385
1,275,833,385
1,275,833,385
1,275,833,385
1,275,833,385
1,275,833,385
1,275,833,385
1,275,833,385
1,275,833,385
1,275,833,385
1,275,833,385
1,275,833,385
1,275,833,385
1,275,833,385
1,275,831,385
1,275,831,385
1,275,830,385
1,275,830,385
1,276,830,385
1,277,830,385
1,277,830,385
1,277,830,385
1,277,830,385
1,278,830,385
1,278,830,385
1,278,830,385
1,278,830,385
1,278,830,385
1,278,829,385
1,278,830,385
1,278,828,385
1,280,829,385
1,280,828,385
1,280,828,385
1,280,828,385
1,280,828,385
1,281,828,385
1,282,828,385
1,283,828,385
1,283,828,385
1,284,828,385
1,284,827,385
1,284,824,385
1,284,824,385
1,285,824,385
1,285,824,385
1,286,824,385
1,287,824,385
1,287,824,385
1,287,824,385
1,288,824,385
1,288,822,385
1,288,821,385
1,288,820,385
1,290,820,385
1,289,820,385
1,290,820,385
1,291,820,385
1,291,820,385
1,291,818,385
1,291,819,385
1,291,817,385
1,291,821,385
1,291,817,385
1,292,819,385
1,292,819,385
1,292,819,385
1,292,818,385
1,292,819,385
1,292,819,385
1,292,819,385
1,292,819,385
1,292,818,385
1,292,817,385
1,292,816,385
1,292,816,385
1,292,816,385
1,292,816,385
1,291,816,385
1,290,816,385
1,290,816,385
1,290,815,385
1,290,814,385
1,289,814,385
1,288,814,385
1,288,816,385
1,288,816,385
1,287,816,385
1,287,816,385
1,287,816,385
1,287,816,385
1,287,816,385
1,287,816,385
1,287,816,385
1,287,816,385
1,287,817,385
1,287,817,385
1,287,817,385
1,287,817,385
1,286,817,385
1,285,817,385
1,285,817,385
1,285,817,385
1,285,817,385
1,284,817,385
1,283,817,385
1,282,817,385
1,281,817,385
1,281,817,385
1,280,817,385
1,280,818,385
1,279,819,385
1,278,819,385
1,278,819,385
1,277,819,385
1,277,819,385
1,276,820,385
1,275,821,385
1,275,821,385
1,275,823,385
1,274,824,385
1,273,824,385
1,272,824,385
1,272,824,385
1,271,824,385
1,271,824,385
1,270,824,385
1,269,825,385
1,269,825,385
1,269,823,385
1,269,823,385
1,269,823,385
1,267,823,385
1,267,823,385
1,267,823,385
1,265,823,385
1,263,823,385
1,263,823,385
1,263,823,385
1,262,823,385
1,262,823,385
1,262,823,385
1,262,823,385
1,262,823,385
1,261,823,385
1,261,823,385
1,261,823,385
1,260,824,385
1,259,824,385
1,259,824,385
1,259,825,385
1,259,825,385
1,258,825,385
1,258,825,385
1,258,826,385
1,258,827,385
1,258,827,385
1,257,827,385
1,256,827,385
1,256,826,385
1,256,826,385
1,255,826,385
1,255,826,385
1,255,826,385
1,255,826,385
1,255,826,385
1,254,826,385
1,254,825,385
1,254,825,385
1,254,825,385
1,253,825,385
1,253,825,385
1,253,825,385
1,253,825,385
1,253,825,385
1,252,825,385
1,251,825,385
1,251,825,385
1,251,825,385
1,251,825,385
1,251,825,385
1,251,825,385
1,251,825,385
1,251,825,385
1,251,825,385
1,251,826,385
1,251,827,385
1,251,828,385
1,251,829,385
1,251,830,385
1,251,831,385
1,251,831,385
1,251,831,385
1,251,831,385
1,251,831,385
1,251,831,385
1,251,831,385
1,251,831,385
1,251,831,385
1,251,831,385
1,251,831,385
1,251,831,385
1,251,831,385
1,251,831,385
1,251,831,385
1,251,831,385
1,251,831,385
1,251,831,385
1,251,831,385
1,251,831,385
1,251,832,385
1,251,833,385
1,251,834,385
1,252,835,385
1,251,836,385
1,251,836,385
1,251,836,385
1,251,836,385
1,254,837,385
1,253,838,385
1,253,839,385
1,253,839,385
1,254,839,385
1,257,839,385
1,258,839,385
1,258,841,385
1,258,841,385
1,258,842,385
1,259,843,385
1,259,841,385
1,259,842,385
1,259,843,385
1,259,844,385
1,259,845,385
1,259,846,385
1,259,847,385
1,259,848,385
1,259,850,385
1,261,850,385
1,261,850,385
1,261,850,385
1,261,852,385
1,261,853,385
1,262,854,385
1,262,855,385
1,262,855,385
1,262,856,385
1,262,856,385
1,262,856,385
1,262,856,385
1,262,856,385
1,262,856,385
1,263,856,385
1,262,856,385
1,262,854,385
1,262,854,385
1,262,855,385
1,262,855,385
1,262,855,385
1,262,855,385
1,262,855,385
1,262,855,385
1,263,855,385
1,263,855,385
1,263,855,385
1,263,855,385
1,263,855,385
1,263,855,385
1,263,855,385
1,263,855,385
1,263,855,385
1,263,855,385
1,265,855,385
1,266,855,385
1,266,855,385
1,270,855,385
1,270,855,385
1,270,855,385
1,270,855,385
1,270,855,385
1,270,855,385
1,270,855,385
1,270,855,385
1,270,855,385
1,271,855,385
1,271,855,385
1,272,855,385
1,272,855,385
1,272,855,385
1,272,855,385
1,272,855,385
1,272,855,385
1,273,855,385
1,275,850,385
1,277,843,385
1,277,843,385
1,277,842,385
1,277,841,385
1,277,840,385
1,277,840,385
1,277,838,385
1,277,836,385
1,277,836,385
1,277,834,385
1,277,832,385
1,279,828,385
1,281,826,385
1,281,826,385
1,281,826,385
1,281,826,385
1,281,826,385
1,283,826,385
1,283,826,385
1,283,826,385
1,283,826,385
1,283,826,385
1,283,820,385
1,283,820,385
1,283,818,385
1,283,816,385
1,283,809,385
1,284,809,385
1,285,809,385
1,286,809,385
1,286,809,385
1,287,806,385
1,287,805,385
1,287,805,385
1,288,803,385
1,288,802,385
1,289,800,385
1,289,796,385
1,290,795,385
1,290,794,385
1,290,791,385
1,290,790,385
1,290,789,385
1,290,787,385
1,290,785,385
1,290,783,385
1,290,782,385
1,290,781,385
1,290,779,385
1,290,779,385
1,290,777,385
1,290,776,385
1,290,775,385
1,290,773,385
1,290,772,385
1,290,772,385
1,290,771,385
1,290,770,385
1,290,770,385
1,290,770,385
1,290,770,385
1,290,770,385
1,290,763,385
1,290,760,385
1,290,760,385
1,290,759,385
1,290,757,385
1,291,754,385
1,291,753,385
1,291,752,385
1,290,751,385
1,290,746,385
1,289,740,385
1,289,740,385
1,289,740,385
1,289,740,385
1,289,739,385
1,289,736,385
1,289,733,385
1,289,730,385
1,289,726,385
1,289,725,385
1,289,724,385
1,289,723,385
1,288,723,385
1,288,723,385
1,288,722,385
1,288,721,385
1,288,721,385
1,288,720,385
1,288,720,385
1,288,720,385
1,288,720,385
1,288,720,385
1,288,717,385
1,288,713,385
1,287,711,385
1,286,708,385
1,286,704,385
1,285,702,385
1,285,697,385
1,285,692,385
1,285,692,385
1,285,689,385
1,285,682,385
1,285,681,385
1,285,678,385
1,285,677,385
1,285,675,385
1,285,672,385
1,285,671,385
1,285,671,385
1,284,671,385
1,284,669,385
1,284,665,385
1,284,663,385
1,283,656,385
1,283,652,385
1,282,651,385
1,282,651,385
1,282,650,385
1,282,650,385
1,282,650,385
1,282,650,385
1,282,649,385
1,282,648,385
1,282,647,385
1,282,647,385
1,282,647,385
1,282,647,385
1,282,643,385
1,282,641,385
1,282,635,385
1,282,634,385
1,282,634,385
1,282,634,385
1,282,634,385
1,282,632,385
1,282,631,385
1,282,628,385
1,282,625,385
1,282,621,385
1,282,616,385
1,282,613,385
1,281,613,385
1,281,606,385
1,281,602,385
1,281,598,385
1,281,598,385
1,281,598,385
1,280,598,385
1,280,598,385
1,280,598,385
1,280,598,385
1,280,598,385
1,280,598,385
1,281,598,385
1,280,598,385
1,280,598,385
1,280,598,385
1,278,598,385
1,278,598,385
1,277,598,385
1,277,598,385
1,277,598,385
1,277,598,385
1,277,596,385
1,277,595,385
1,277,592,385
1,277,592,385
1,277,592,385
1,277,592,385
1,277,591,385
1,275,591,385
1,275,591,385
1,274,591,385
1,274,591,385
1,274,591,385
1,274,591,385
1,274,591,385
1,274,591,385
1,274,587,385
1,274,587,385
1,274,587,385
1,274,587,385
1,274,587,385
1,274,587,385
1,274,585,385
1,274,583,385
1,274,582,385
1,274,581,385
1,274,581,385
1,273,581,385
1,273,581,385
1,273,581,385
1,273,580,385
1,273,579,385
1,273,579,385
1,273,578,385
1,273,578,385
1,273,578,385
1,273,578,385
1,273,577,385
1,273,577,385
1,273,577,385
1,273,577,385
1,273,577,385
1,273,578,385
1,273,578,385
1,273,578,385
1,273,579,385
1,273,579,385
1,272,579,385
1,272,579,385
1,272,580,385
1,272,581,385
1,272,583,385
1,272,583,385
1,272,583,385
1,272,583,385
1,272,584,385
1,272,585,385
1,272,582,385
1,272,580,385
1,272,578,385
1,272,578,385
1,272,578,385
1,272,578,385
1,272,578,385
1,272,578,385
1,272,578,385
1,272,578,385
1,272,578,385
1,272,579,385
1,272,580,385
1,272,583,385
1,272,585,385
1,272,588,385
1,272,588,385
1,272,589,385
1,272,591,385
1,271,592,385
1,270,592,385
1,270,592,385
1,270,593,385
1,270,594,385
1,270,595,385
1,270,597,385
1,269,597,385
1,268,598,385
1,268,599,385
1,268,600,385
1,268,601,385
1,268,602,385
1,268,603,385
1,268,604,385
1,268,604,385
1,267,606,385
1,267,607,385
1,266,607,385
1,265,609,385
1,264,610,385
1,264,612,385
1,264,613,385
1,264,614,385
1,264,615,385
1,264,616,385
1,264,617,385
1,264,618,385
1,264,619,385
1,264,621,385
1,264,622,385
1,264,624,385
1,264,626,385
1,263,626,385
1,263,627,340
1,263,628,353
1,263,631,338
1,263,632,333
1,263,634,335
1,263,635,343
1,263,637,385
1,263,639,334
1,263,641,385
1,263,642,385
1,263,644,385
1,263,645,385
1,263,646,385
1,263,647,385
1,263,648,385
1,263,651,385
1,263,653,385
1,263,655,385
1,261,656,385
1,260,657,385
1,260,657,385
1,260,657,385
1,259,658,385
1,259,658,385
1,258,660,385
1,257,660,385
1,257,663,385
1,257,664,385
1,257,664,385
1,257,664,385
1,257,665,385
1,256,665,385
1,256,666,385
1,256,667,385
1,256,667,385
1,255,667,385
1,255,667,385
1,255,667,385
1,255,667,385
1,255,669,385
1,255,670,385
1,255,671,385
1,255,671,385
1,255,671,385
1,255,671,385
1,255,671,385
1,255,671,385
1,255,671,385
1,255,671,385
1,255,672,385
1,255,673,385
1,255,673,385
1,255,674,385
1,255,674,385
1,255,674,385
1,255,675,385
1,254,675,385
1,254,675,385
1,254,675,385
1,253,675,385
1,253,675,385
1,253,675,385
1,252,675,385
1,252,675,385
1,251,675,385
1,251,675,385
1,251,675,385
1,253,675,385
1,253,675,385
1,253,675,385
1,253,675,385
1,252,675,385
1,251,676,385
1,251,676,385
1,251,676,385
1,249,676,385
1,248,676,385
1,248,676,385
1,248,676,385
1,247,676,385
1,247,676,385
1,247,676,385
1,247,676,385
1,247,676,385
1,247,676,385
1,247,676,385
1,247,676,385
1,247,676,385
1,247,676,385
1,247,676,385
1,247,675,385
1,247,674,385
1,247,674,385
1,247,670,385
1,247,669,385
1,247,668,385
1,247,667,385
1,247,666,385
1,247,665,385
1,247,660,385
1,247,657,385
1,247,657,385
1,247,655,385
1,247,654,385
1,247,653,385
1,247,651,385
1,247,650,385
1,247,648,385
1,247,646,385
1,247,645,385
1,247,642,385
1,245,640,385
1,245,654,385
1,245,654,385
1,245,644,385
1,245,644,385
1,245,643,385
1,245,642,385
1,245,641,385
1,245,640,385
1,245,640,385
1,245,640,385
1,245,639,385
1,245,639,385
1,245,636,385
1,245,632,385
1,246,632,385
1,246,630,385
1,246,630,385
1,246,628,385
1,246,626,385
1,246,625,385
1,246,623,385
1,246,622,385
1,246,621,385
1,246,620,385
1,247,619,385
1,247,617,385
1,247,616,385
1,247,615,385
1,247,614,385
1,247,613,385
1,247,613,385
1,247,613,385
1,247,613,385
1,246,613,385
1,246,611,385
1,246,610,385
1,246,609,385
1,246,609,385
1,246,609,385
1,246,608,385
1,246,606,385
1,246,604,385
1,246,603,385
1,246,601,385
1,246,599,385
1,246,595,385
1,246,592,385
1,246,591,385
1,246,591,385
1,246,591,385
1,246,591,385
1,246,591,385
1,246,591,385
1,246,591,385
1,246,591,385
1,246,591,385
1,246,591,385
1,246,590,385
1,246,584,385
1,246,582,385
1,246,581,385
1,246,580,385
1,246,580,385
1,246,580,385
1,246,580,385
1,246,580,385
1,247,580,385
1,247,580,385
1,249,580,385
1,249,575,385
1,250,575,385
1,251,574,385
1,251,573,385
1,251,572,385
1,251,572,385
1,251,569,385
1,251,569,385
1,251,569,385
1,251,569,385
1,251,569,385
1,252,569,385
1,252,571,385
1,252,573,385
1,252,574,385
1,252,574,385
1,252,575,385
1,252,576,385
1,252,579,385
1,252,581,385
1,252,581,385
1,252,582,385
1,252,583,385
1,252,584,385
1,252,585,385
1,252,585,385
1,252,585,385
1,252,584,385
1,254,584,385
1,254,584,385
1,255,584,385
1,255,584,385
1,255,584,385
1,256,584,385
1,256,584,385
1,256,584,385
1,257,584,385
1,258,584,385
1,259,584,385
1,260,584,385
1,260,584,385
1,260,584,385
1,260,584,385
1,260,584,385
1,260,584,385
1,260,584,385
1,260,584,385
1,260,584,385
1,260,584,385
1,260,584,385
1,260,584,385
1,260,584,385
1,260,584,385
1,260,584,385
1,260,584,385
1,260,584,385
1,260,584,385
1,260,584,385
1,260,584,385
1,260,584,385
1,260,584,385
1,260,584,385
1,260,584,385
1,260,584,385
1,260,584,385
1,260,584,385
1,260,584,385
1,260,587,385
1,260,589,385
1,260,590,385
1,260,595,385
1,260,597,385
1,260,598,385
1,260,598,385
1,260,598,385
1,260,599,385
1,260,600,385
1,260,600,385
1,260,600,385
1,260,600,385
1,260,600,385
1,260,600,385
1,260,600,385
1,260,600,385
1,260,600,385
1,260,601,385
1,260,602,385
1,260,604,385
1,260,604,385
1,260,605,385
1,260,605,385
1,260,606,385
1,260,606,385
1,260,607,385
1,260,608,385
1,260,609,385
1,260,609,385
1,260,609,385
1,260,609,385
1,260,609,385
1,260,609,385
1,260,609,385
1,260,609,385
1,260,609,385
1,260,609,385
1,260,609,385
1,260,609,385
1,260,609,385
1,260,609,385
1,260,609,385
1,260,609,385
1,260,609,385
1,260,610,385
1,260,611,385
1,260,612,385
1,260,612,385
1,260,612,385
1,260,612,385
1,260,612,385
1,260,614,385
1,260,617,385
1,260,619,385
1,260,621,385
1,260,622,385
1,260,624,385
1,260,624,385
1,260,625,385
1,260,625,385
1,260,625,385
1,260,625,385
1,260,626,385
1,260,626,385
1,260,626,385
1,260,626,385
1,260,626,385
1,260,626,385
1,260,627,385
1,260,628,385
1,260,629,385
1,260,630,385
1,261,630,385
1,261,630,385
1,261,630,385
1,261,630,385
1,261,630,385
1,261,630,385
1,261,630,385
1,261,630,385
1,261,630,385
1,261,630,385
1,261,630,385
1,261,630,385
1,261,630,385
1,261,631,385
1,261,632,385
1,261,633,385
1,261,634,385
1,261,634,385
1,261,636,385
1,261,637,385
1,261,638,385
1,261,639,385
1,261,640,385
1,261,641,385
1,261,641,385
1,261,642,385
1,261,642,385
1,261,643,385
1,261,643,385
1,261,644,385
1,261,645,385
1,261,646,385
1,261,646,385
1,262,646,385
1,262,646,385
1,263,648,385
1,263,649,385
1,263,650,385
1,263,651,385
1,263,652,385
1,263,652,385
1,263,652,385
1,263,652,385
1,263,652,385
1,263,652,385
1,263,652,385
1,263,652,385
1,263,652,385
1,263,652,385
1,263,652,385
1,263,652,385
1,263,652,385
1,263,652,385
1,263,652,385
1,263,652,385
1,263,652,385
1,263,652,385
1,263,652,385
1,263,652,385
1,263,652,385
1,263,652,385
1,263,654,385
1,263,656,385
1,263,658,385
1,263,659,385
1,263,662,385
1,263,666,385
1,263,666,385
1,263,667,385
1,263,670,385
1,263,670,385
1,263,670,385
1,263,672,385
1,263,674,385
1,263,675,385
1,263,677,385
1,263,679,385
1,263,679,385
1,263,679,385
1,263,680,385
1,263,680,385
1,263,680,385
1,263,680,385
1,263,680,385
1,263,680,385
1,263,680,385
1,263,680,385
1,263,680,385
1,262,680,385
1,262,680,385
1,262,680,385
1,262,680,385
1,262,680,385
1,262,680,385
1,262,680,385
1,262,680,385
1,262,680,385
1,262,680,385
1,262,683,385
1,262,683,385
1,261,683,385
1,261,683,385
1,261,685,385
1,261,685,385
1,261,686,385
1,261,686,385
1,261,687,385
1,261,687,385
1,261,687,385
1,261,687,385
1,261,687,385
1,260,689,385
1,260,689,385
1,260,689,385
1,260,689,385
1,260,692,385
1,260,692,385
1,260,694,385
1,260,695,385
1,260,695,385
1,260,695,385
1,260,695,385
1,260,695,385
1,260,695,385
1,260,695,385
1,259,698,385
1,259,700,385
1,259,700,385
1,259,701,385
1,259,701,385
1,259,701,385
1,258,701,385
1,258,702,385
1,258,703,385
1,258,704,385
1,258,704,385
1,256,704,385
1,255,705,385
1,254,705,385
1,252,705,385
1,252,705,385
1,252,705,385
1,252,706,385
1,252,706,385
1,252,706,385
1,252,707,385
1,252,708,385
1,252,710,385
1,252,711,385
1,252,711,385
1,252,712,385
1,252,713,385
1,252,714,385
1,252,715,385
1,252,716,385
1,252,716,385
1,252,717,385
1,252,719,385
1,252,719,385
1,252,719,385
1,252,719,385
1,252,720,385
1,252,720,385
1,252,722,385
1,252,723,385
1,252,723,385
1,252,724,385
1,252,729,385
1,252,729,385
1,252,732,385
1,252,733,385
1,252,734,385
1,252,734,385
1,252,734,385
1,252,737,385
1,252,739,385
1,252,740,385
1,252,740,385
1,252,742,385
1,252,744,385
1,252,745,385
1,252,745,385
1,252,746,385
1,252,748,385
1,252,750,385
1,252,751,385
1,252,752,385
1,252,753,385
1,252,753,385
1,252,757,385
1,252,758,385
1,252,760,385
1,252,761,385
1,252,761,385
1,252,761,385
1,252,761,385
1,252,762,385
1,252,763,385
1,252,763,385
1,252,763,385
1,252,763,385
1,252,764,385
1,252,764,385
1,252,765,385
1,252,767,385
1,252,770,385
1,252,777,385
1,252,781,385
1,252,787,385
1,254,791,385
1,255,795,385
1,255,798,385
1,255,801,385
1,255,801,385
1,255,805,385
1,255,807,385
1,255,810,385
1,255,815,385
1,255,817,385
1,255,817,385
1,255,817,385
1,255,817,385
1,255,817,385
1,255,817,385
1,255,817,385
1,255,817,385
1,255,817,385
1,256,818,385
1,256,819,385
1,256,819,385
1,256,819,385
1,256,819,385
1,256,819,385
1,256,824,385
1,256,827,385
1,256,833,385
1,256,835,385
1,256,838,385
1,256,840,385
1,256,841,385
1,256,845,385
1,256,846,385
1,256,847,385
1,256,848,385
1,256,848,385
1,256,851,385
1,256,856,385
1,256,857,385
1,256,859,385
1,256,861,385
1,256,861,385
1,256,865,385
1,256,866,385
1,257,871,385
1,257,875,385
1,258,875,385
1,258,876,385
1,258,879,385
1,258,881,385
1,258,884,385
1,258,886,385
1,258,887,385
1,258,887,385
1,258,890,385
1,258,893,385
1,258,895,385
1,258,897,385
1,258,899,385
1,258,902,385
1,258,903,385
1,258,905,385
1,260,905,385
1,260,909,385
1,260,910,385
1,260,911,385
1,260,911,385
1,260,912,385
1,260,914,385
1,260,914,385
1,260,916,385
1,260,920,385
1,260,927,385
1,260,927,385
2,260,928,385
4,260,929,385
4,260,931,385
5,260,931,385
9,260,930,385
10,260,932,385
10,260,932,385
13,260,931,385
16,260,931,385
18,260,931,385
21,260,931,385
22,260,931,385
23,260,931,385
25,260,931,385
29,260,931,385
31,260,931,385
32,260,931,385
33,260,931,385
36,260,931,385
37,260,931,385
39,260,931,385
43,260,931,385
46,260,931,385
47,260,931,385
48,260,931,385
48,260,931,385
52,260,931,385
54,260,931,385
56,260,931,385
61,260,931,385
62,260,931,385
61,260,931,385
61,260,931,385
62,260,931,385
63,260,931,385
64,260,931,385
67,260,931,385
68,260,931,385
69,260,931,385
69,260,931,385
70,260,931,385
75,260,931,385
78,260,931,385
81,260,931,385
84,260,931,385
84,260,931,385
86,260,931,385
86,260,931,385
88,260,931,385
89,260,931,385
90,260,931,385
93,260,931,385
93,260,931,385
94,260,931,385
96,260,931,385
98,260,931,385
99,260,931,385
100,260,931,385
101,260,931,385
103,260,931,385
105,260,931,385
106,260,931,385
106,260,931,385
106,260,931,385
105,260,931,385
105,260,931,385
105,260,931,385
105,260,931,385
105,260,931,385
105,260,931,385
105,260,931,385
105,260,931,385
106,260,931,385
107,260,931,385
107,260,931,385
106,260,931,385
102,260,931,385
99,260,931,385
98,260,931,385
96,260,931,385
95,260,931,385
92,260,931,385
90,260,931,385
89,260,931,385
88,260,931,385
88,260,931,385
88,260,931,385
88,260,931,385
88,260,931,385
88,260,931,385
88,260,931,385
88,260,931,385
86,260,931,385
86,260,931,385
85,260,931,385
83,260,931,385
82,260,931,385
82,260,931,385
82,260,931,385
79,260,931,385
79,260,931,385
79,261,931,385
78,261,931,385
77,261,931,385
77,261,931,385
77,261,931,385
75,261,931,385
75,261,931,385
74,261,931,385
74,261,931,385
74,262,931,385
74,262,931,385
73,262,931,385
72,262,931,385
70,262,931,385
69,262,931,385
69,262,931,385
67,262,931,385
67,263,931,385
67,264,931,385
65,264,931,385
64,264,931,385
64,265,931,385
64,265,931,385
63,265,931,385
60,265,931,385
60,265,931,385
57,266,931,385
57,266,931,385
54,266,931,385
55,266,931,385
52,266,931,385
50,266,933,385
48,266,933,385
47,266,933,385
46,266,933,385
45,266,933,385
44,266,933,385
42,266,933,385
40,266,933,385
39,266,933,385
39,266,933,385
39,266,933,385
36,266,933,385
34,266,933,385
34,266,933,385
32,266,933,385
29,266,933,385
28,266,933,385
27,266,933,385
24,266,933,385
23,266,933,385
22,266,933,385
20,266,933,385
19,266,933,385
18,266,933,385
17,266,933,385
15,266,933,385
14,266,933,385
13,266,933,385
13,266,933,385
10,266,933,385
9,266,933,385
8,266,933,385
7,266,933,385
6,266,933,385
5,266,933,385
4,266,933,385
3,266,933,385
2,266,933,385
1,266,933,385
1,266,930,385
1,266,929,385
1,266,929,385
1,266,928,385
1,266,927,385
1,266,926,385
1,266,925,385
1,266,924,385
1,266,923,385
1,266,922,385
1,266,920,385
1,266,920,385
1,266,919,385
1,266,918,385
1,266,917,385
1,266,916,385
1,266,916,385
1,266,916,385
1,266,914,385
1,266,913,385
1,266,912,385
1,266,912,385
1,266,911,385
1,266,910,385
1,266,910,385
1,266,909,385
1,266,908,385
1,265,908,385
1,265,908,385
1,265,908,385
1,265,907,385
1,265,906,385
1,265,906,385
1,264,906,385
1,263,906,385
1,263,905,385
1,263,904,385
1,263,904,385
1,262,903,385
1,262,903,385
1,262,903,385
1,262,902,385
1,262,901,385
1,262,901,385
1,262,901,385
1,262,900,385
1,262,899,385
1,262,898,385
1,262,898,385
1,262,898,385
1,262,897,385
1,262,896,385
1,262,896,385
1,262,896,385
1,262,896,385
1,262,895,385
1,262,895,385
1,262,894,385
1,262,893,385
1,262,893,385
1,262,892,385
1,262,892,385
1,262,892,385
1,263,892,385
1,263,891,385
1,263,890,385
1,262,889,385
1,262,889,385
1,262,889,385
1,262,889,385
1,262,888,385
1,262,886,385
1,262,885,385
1,262,884,385
1,262,883,385
1,262,883,385
1,262,882,385
1,262,881,385
1,262,880,385
1,262,880,385
1,262,879,385
1,262,878,385
1,262,877,385
1,262,876,385
1,262,875,385
1,262,874,385
1,262,873,385
1,262,873,385
1,262,873,385
1,262,872,385
1,262,872,385
1,262,872,385
1,262,870,385
1,262,869,385
1,262,868,385
1,262,868,385
1,262,867,385
1,262,867,385
1,262,865,385
1,262,864,385
1,262,864,385
1,262,863,385
1,262,862,385
1,262,862,385
1,262,861,385
1,262,860,385
1,262,861,385
1,261,858,385
1,261,858,385
1,261,860,385
1,261,859,385
1,261,859,385
1,261,858,385
1,261,857,385
1,261,855,385
1,261,856,385
1,261,856,385
1,261,855,385
1,261,854,385
1,261,853,385
1,261,852,385
1,261,851,385
1,261,850,385
1,261,850,385
1,261,850,385
1,261,849,385
1,261,849,385
1,261,849,385
1,261,848,385
1,261,847,385
1,261,847,385
1,261,847,385
1,261,847,385
1,261,847,385
1,261,845,385
1,261,845,385
1,261,846,385
1,261,846,385
1,261,846,385
1,261,846,385
1,261,846,385
1,261,845,385
1,261,845,385
1,261,845,385
1,261,845,385
1,261,844,385
1,261,842,385
1,260,842,385
1,260,843,385
1,260,842,385
1,260,841,385
1,260,841,385
1,260,841,385
1,261,841,385
1,261,841,385
1,262,839,385
1,262,839,385
1,262,838,385
1,262,838,385
1,262,838,385
1,262,838,385
1,262,837,385
1,262,836,385
1,262,836,385
1,262,836,385
1,262,836,385
1,262,833,385
1,262,833,385
1,262,833,385
1,262,834,385
1,262,831,385
1,262,832,385
1,262,832,385
1,262,832,385
1,262,832,385
1,262,832,385
1,262,832,385
1,262,831,385
1,262,831,385
1,262,831,385
1,262,831,385
1,262,830,385
1,262,828,385
1,262,828,385
1,262,828,385
1,262,828,385
1,262,828,385
1,262,826,385
1,262,827,385
1,262,827,385
1,262,827,385
1,262,827,385
1,262,827,385
1,262,827,385
1,262,827,385
1,262,827,385
1,262,827,385
1,262,827,385
1,262,827,385
1,262,827,385
1,262,827,385
1,262,827,385
1,262,827,385
1,262,827,385
1,262,827,385
1,262,827,385
1,262,827,385
1,262,827,385
1,262,827,385
1,262,827,385
1,262,827,385
1,262,827,385
1,262,827,385
1,262,827,385
1,262,827,385
1,262,827,385
1,262,827,385
1,262,827,385
1,262,828,385
1,262,828,385
1,262,828,385
1,262,828,385
1,262,829,385
1,262,829,385
1,262,830,385
1,262,830,385
1,262,829,385
1,262,830,385
1,262,830,385
1,262,831,385
1,262,831,385
1,262,832,385
1,262,832,385
1,262,832,385
1,262,832,385
1,262,832,385
1,262,833,385
1,262,834,385
1,262,834,385
1,262,834,385
1,262,835,385
1,262,836,385
1,262,837,385
1,262,838,385
1,262,841,385
1,262,841,385
1,262,841,385
1,262,841,385
1,262,843,385
1,262,844,385
1,262,845,385
1,261,846,385
1,261,846,385
1,260,846,385
1,260,848,385
1,259,849,385
1,259,850,385
1,259,850,385
1,259,850,385
1,259,851,385
1,259,852,385
1,259,852,385
1,259,853,385
1,259,854,385
1,259,855,385
1,259,856,385
1,259,857,385
1,259,858,385
1,259,862,385
1,259,861,385
1,259,861,385
1,259,862,385
1,259,864,385
1,259,864,385
1,259,866,385
1,259,867,385
1,259,867,385
1,259,870,385
1,259,870,385
1,259,870,385
1,259,870,385
1,259,873,385
1,259,872,385
1,259,873,385
1,259,874,385
1,259,875,385
1,259,877,385
1,259,876,385
1,259,878,385
1,259,877,385
1,259,877,385
1,259,880,385
1,259,880,385
1,259,880,385
1,259,880,385
1,259,883,385
1,259,880,385
1,259,882,385
1,259,881,385
1,259,884,385
1,261,883,385
1,261,884,385
1,261,884,385
1,261,884,385
1,261,885,385
1,261,886,385
1,261,887,385
1,261,886,385
1,261,888,385
1,261,889,385
1,261,889,385
1,261,889,385
1,261,893,385
1,261,892,385
1,261,894,385
1,261,894,385
1,261,896,385
1,262,898,385
1,263,898,385
1,263,898,385
1,263,901,385
1,263,903,385
1,263,903,385
1,263,905,385
1,263,907,385
1,263,909,385
1,263,908,385
1,263,910,385
1,263,910,385
1,263,913,385
1,263,913,385
1,263,915,385
1,263,915,385
1,263,917,385
1,263,919,385
1,263,920,385
1,263,921,385
1,263,923,385
1,263,924,385
1,263,925,385
1,263,928,385
1,263,928,385
1,263,928,385
1,263,929,385
1,263,932,385
1,263,933,385
1,261,934,385
1,261,937,385
1,260,938,385
1,260,939,385
1,260,940,385
1,260,942,385
1,260,943,385
1,260,942,385
5,259,941,385
6,259,940,385
7,259,941,385
7,259,941,385
8,259,941,385
10,259,941,385
10,259,941,385
14,259,941,385
15,259,941,385
15,259,941,385
15,259,941,385
18,259,941,385
18,259,941,385
20,258,941,385
21,258,941,385
22,258,941,385
22,258,941,385
23,258,941,385
23,258,941,385
23,258,941,385
25,258,941,385
26,258,941,385
28,258,941,385
28,258,941,385
29,258,941,385
32,258,941,385
31,258,941,385
33,258,941,385
34,258,941,385
34,258,941,385
36,258,941,385
36,258,941,385
39,258,941,385
39,258,941,385
39,258,941,385
41,258,941,385
42,258,941,385
43,258,941,385
44,258,941,385
46,258,941,385
47,258,941,385
48,258,941,385
49,258,941,385
51,257,941,385
51,256,941,385
53,256,941,385
53,256,941,385
56,256,941,385
56,256,941,385
56,256,941,385
58,256,941,385
58,256,941,385
58,256,941,385
60,256,941,385
61,256,941,385
62,256,941,385
62,256,941,385
63,256,941,385
64,256,941,385
65,256,941,385
66,256,941,385
68,256,941,385
70,256,941,385
70,256,941,385
70,256,941,385
73,256,941,385
73,256,941,385
73,256,941,385
73,256,941,385
76,256,941,385
77,256,941,385
79,256,941,385
80,256,941,385
80,256,941,385
82,256,941,385
83,256,941,385
83,256,941,385
83,256,941,385
83,256,941,385
85,256,941,385
86,256,941,385
86,256,941,385
86,256,941,385
86,256,941,385
87,256,941,385
88,256,941,385
88,256,941,385
90,256,941,385
91,256,941,385
91,256,941,385
91,256,941,385
93,256,941,385
93,256,941,385
97,256,941,385
97,256,941,385
97,256,941,385
97,256,941,385
100,255,941,385
99,255,941,385
99,255,941,385
101,255,941,385
101,255,941,385
101,255,941,385
102,255,941,385
103,255,941,385
103,255,941,385
103,255,941,385
104,255,941,385
105,255,941,385
106,255,941,385
106,255,941,385
106,255,941,385
106,255,941,385
108,255,941,385
109,255,941,385
111,255,941,385
109,255,941,385
112,255,941,385
112,255,941,385
110,255,941,385
113,255,941,385
112,255,941,385
114,255,941,385
114,255,941,385
114,255,941,385
114,255,941,385
113,255,941,385
113,255,941,385
113,255,941,385
113,255,941,385
113,255,941,385
113,254,941,385
115,254,941,385
117,254,941,385
117,254,941,385
118,254,941,385
119,254,941,385
122,254,941,385
122,254,941,385
123,254,941,385
123,254,941,385
123,253,941,385
126,253,941,385
126,253,941,385
126,253,941,385
127,253,941,385
127,253,941,385
127,253,941,385
125,253,941,385
125,253,941,385
125,253,941,385
125,253,941,385
125,253,941,385
124,253,941,385
122,253,941,385
122,250,941,385
122,250,941,385
122,250,941,385
122,250,941,385
123,250,941,385
124,250,941,385
126,250,941,385
127,250,941,385
127,250,941,385
128,250,941,385
128,250,941,385
128,250,941,385
131,250,941,385
131,251,941,385
133,251,941,385
133,251,941,385
134,251,941,385
136,251,941,385
137,251,941,385
137,251,941,385
137,251,941,385
137,251,941,385
140,251,941,385
140,251,941,385
140,251,941,385
140,251,941,385
142,251,941,385
142,251,941,385
142,251,941,385
144,251,941,385
145,251,941,385
145,251,941,385
145,251,941,385
145,251,941,385
145,251,941,385
145,251,941,385
148,251,941,385
148,251,941,385
148,251,941,385
148,251,941,385
148,251,941,385
148,251,941,385
149,251,941,385
150,251,941,385
150,251,941,385
149,251,941,385
149,251,941,385
149,251,941,385
149,251,941,385
149,251,941,385
149,251,941,385
149,251,943,385
149,251,943,385
149,251,943,385
149,251,943,385
149,251,943,385
149,251,943,385
149,251,943,385
149,251,943,385
149,251,943,385
150,251,943,385
150,251,943,385
150,250,943,385
150,250,943,385
150,249,943,385
151,249,943,385
151,248,943,385
151,249,943,385
151,248,943,385
151,248,943,385
151,248,943,385
151,248,943,385
152,248,943,385
154,248,943,385
153,248,943,385
153,248,943,385
154,248,943,385
154,247,943,385
154,247,943,385
157,246,943,385
157,246,943,385
157,246,943,385
157,246,943,385
157,246,943,385
158,245,943,385
158,245,943,385
159,245,943,385
160,245,943,385
160,245,943,385
160,245,943,385
160,245,943,385
160,245,943,385
162,245,943,385
164,245,943,385
165,245,943,385
165,245,943,385
165,245,943,385
165,245,943,385
165,245,943,385
165,245,943,385
165,245,943,385
165,245,943,385
165,245,943,385
165,245,943,385
165,245,943,385
165,245,943,385
165,245,943,385
166,245,943,385
166,245,943,385
166,245,943,385
164,245,943,385
164,245,943,385
160,245,943,385
160,245,943,385
160,245,943,385
158,245,943,385
156,245,943,385
155,245,943,385
155,245,943,385
154,245,943,385
151,245,943,385
148,245,943,385
146,245,943,385
145,245,943,385
145,245,943,385
145,245,943,385
142,245,943,385
142,245,943,385
142,245,943,385
142,244,943,385
142,244,943,385
142,244,943,385
142,244,943,385
142,244,943,385
142,244,943,385
138,244,943,385
137,244,943,385
137,244,943,385
137,244,943,385
137,244,943,385
137,244,943,385
137,244,943,385
137,244,943,385
137,244,943,385
137,244,943,385
138,244,943,385
138,244,943,385
138,244,943,385
138,244,943,385
138,244,943,385
139,245,943,385
139,246,943,385
139,246,943,385
139,246,943,385
139,246,943,385
139,246,943,385
139,246,943,385
139,246,943,385
139,246,943,385
139,246,943,385
139,246,943,385
139,246,943,385
139,246,943,385
139,246,943,385
139,246,943,385
139,246,943,385
139,246,943,385
139,246,943,385
139,246,943,385
139,246,943,385
139,246,943,385
139,246,943,385
136,246,943,385
135,246,943,385
135,246,943,385
135,246,943,385
135,246,943,385
135,246,943,385
135,246,943,385
135,246,943,385
135,246,943,385
135,246,943,385
135,246,943,385
132,246,943,385
132,246,943,385
132,246,943,385
132,246,943,385
132,246,943,385
132,246,943,385
132,246,943,385
132,246,943,385
132,246,943,385
129,246,943,385
129,246,943,385
128,246,943,385
128,246,943,385
128,246,943,385
128,246,943,385
127,246,943,385
127,246,943,385
127,246,943,385
127,246,943,385
126,246,943,385
125,246,943,385
124,246,943,385
124,246,943,385
124,246,943,385
124,246,943,385
124,246,943,385
124,246,943,385
123,246,943,385
122,246,943,385
121,246,943,385
120,246,943,385
119,246,943,385
118,246,943,385
116,246,943,385
115,246,943,385
115,246,943,385
115,246,943,385
115,246,943,385
111,246,943,385
110,246,943,385
110,246,943,385
107,246,943,385
106,246,943,385
104,246,943,385
103,246,943,385
101,246,943,385
99,246,943,385
98,246,943,385
97,246,943,385
96,246,943,385
95,246,943,385
93,246,943,385
91,246,943,385
89,246,943,385
88,246,943,385
88,246,943,385
88,246,943,385
84,245,943,385
83,244,943,385
83,243,943,385
82,243,943,385
81,242,943,385
80,243,943,385
79,244,943,385
79,244,943,385
79,244,943,385
76,244,943,385
75,244,943,385
73,244,943,385
72,243,943,385
71,244,943,385
71,243,943,385
69,243,943,385
68,243,943,385
67,243,943,385
66,243,943,385
65,243,943,385
64,243,943,385
63,243,943,385
62,243,943,385
62,243,943,385
61,242,943,385
61,242,943,385
61,242,943,385
60,242,943,385
58,242,943,385
58,242,943,385
56,242,943,385
55,242,943,385
55,243,943,385
53,243,943,385
53,243,943,385
52,243,943,385
52,243,943,385
51,243,943,385
50,243,943,385
50,243,943,385
50,243,943,385
50,244,943,385
49,244,943,385
49,244,943,385
48,244,943,385
46,244,943,385
46,244,943,385
45,244,943,385
43,244,943,385
43,244,943,385
42,244,943,385
41,244,943,385
40,244,943,385
40,244,943,385
39,244,943,385
38,244,943,385
38,244,943,385
36,244,943,385
36,245,943,385
35,245,943,385
32,245,943,385
32,245,943,385
31,246,943,385
29,246,943,385
28,246,943,385
26,246,943,385
26,246,943,385
24,246,943,385
21,246,943,385
20,246,943,385
19,246,943,385
19,246,943,385
18,246,943,385
18,245,943,385
14,245,943,385
12,245,943,385
11,244,943,385
9,244,943,385
8,244,943,385
6,244,943,385
4,244,943,385
2,244,943,385
1,244,943,385
1,245,940,385
1,244,939,385
1,246,938,385
1,247,936,385
1,247,933,385
1,247,932,385
1,247,930,385
1,247,929,385
1,247,928,385
1,247,925,385
1,247,921,385
1,246,921,385
1,246,920,385
1,246,917,385
1,246,914,385
1,246,913,385
1,246,912,385
1,246,909,385
1,246,907,385
1,245,906,385
1,244,904,385
1,244,902,385
1,244,901,385
1,244,899,385
1,244,897,385
1,244,895,385
1,244,894,385
1,244,892,385
1,244,890,385
1,244,889,385
1,244,888,385
1,244,887,385
1,244,886,385
1,244,884,385
1,244,882,385
1,244,880,385
1,244,878,385
1,244,877,385
1,244,875,385
1,244,874,385
1,244,873,385
1,244,871,385
1,244,870,385
1,244,868,385
1,244,867,385
1,244,865,385
1,244,864,385
1,244,862,385
1,244,861,385
1,244,860,385
1,244,859,385
1,243,857,385
1,243,856,385
1,243,855,385
1,243,853,385
1,243,851,385
1,243,850,385
1,243,849,385
1,243,848,385
1,243,847,385
1,243,846,385
1,243,845,385
1,243,844,385
1,243,843,385
1,243,843,385
1,243,843,385
1,243,845,385
1,243,847,385
1,244,847,385
1,244,849,385
1,245,850,385
1,245,849,385
1,245,848,385
1,245,847,385
1,245,845,385
1,245,844,385
1,245,843,385
1,245,846,385
1,245,842,385
1,245,843,385
1,245,843,385
1,245,842,385
1,245,841,385
1,245,841,385
1,245,841,385
1,245,844,385
1,245,844,385
1,245,844,385
1,245,847,385
1,245,848,385
1,245,850,385
1,245,852,385
1,245,852,385
1,245,854,385
1,245,855,385
1,245,856,385
1,245,857,385
1,245,857,385
1,245,857,385
1,245,857,385
1,245,857,385
1,245,857,385
1,245,857,385
1,245,857,385
1,245,857,385
1,245,857,385
1,245,857,385
1,245,857,385
1,245,857,385
1,245,857,385
1,245,857,385
1,245,857,385
1,245,857,385
1,245,857,385
1,245,857,385
1,245,857,385
1,245,857,385
1,245,857,385
1,245,855,385
1,245,853,385
1,245,852,385
1,245,850,385
1,245,850,385
1,245,850,385
1,245,850,385
1,245,850,385
1,245,848,385
1,245,847,385
1,245,846,385
1,245,845,385
1,245,844,385
1,245,844,385
1,245,844,385
1,245,844,385
1,245,844,385
1,245,844,385
1,245,842,385
1,245,841,385
1,245,840,385
1,245,839,385
1,245,838,385
1,245,837,385
1,245,837,385
1,245,837,385
1,245,837,385
1,245,837,385
1,245,837,385
1,245,837,385
1,245,837,385
1,245,837,385
1,245,837,385
1,245,837,385
1,245,837,385
1,245,837,385
1,245,837,385
1,245,837,385
1,245,837,385
1,245,837,385
1,245,834,385
1,245,833,385
1,245,833,385
1,245,833,385
1,245,833,385
1,245,833,385
1,245,833,385
1,245,833,385
1,245,833,385
1,245,833,385
1,245,833,385
1,245,833,385
1,245,833,385
1,245,833,385
1,245,833,385
1,245,833,385
1,245,833,385
1,245,833,385
1,245,833,385
1,245,833,385
1,245,833,385
1,245,833,385
1,245,833,385
1,245,833,385
1,245,833,385
1,245,833,385
1,245,833,385
1,245,833,385
1,245,833,385
1,245,833,385
1,245,833,385
1,245,833,385
1,245,833,385
1,245,833,385
1,245,833,385
1,245,833,385
1,245,822,385
1,245,822,385
1,245,822,385
1,245,820,385
1,245,818,385
1,245,816,385
1,245,814,385
1,245,812,385
1,245,810,385
1,245,810,385
1,245,809,385
1,245,809,385
1,245,809,385
1,245,809,385
1,245,809,385
1,245,809,385
1,245,809,385
1,245,809,385
1,245,809,385
1,245,809,385
1,245,806,385
1,245,805,385
1,245,802,385
1,245,802,385
1,245,802,385
1,245,802,385
1,245,802,385
1,245,802,385
1,245,797,385
1,245,797,385
1,245,797,385
1,245,797,385
1,245,797,385
1,245,797,385
1,245,797,385
1,245,797,385
1,245,797,385
1,245,797,385
1,245,795,385
1,245,793,385
1,245,791,385
1,245,791,385
1,245,791,385
1,245,791,385
1,245,791,385
1,245,791,385
1,245,791,385
1,245,791,385
1,245,791,385
1,245,791,385
1,245,791,385
1,245,791,385
1,245,791,385
1,245,791,385
1,245,791,385
1,245,791,385
1,245,791,385
1,245,791,385
1,245,791,385
1,245,791,385
1,245,791,385
1,245,791,385
1,245,791,385
1,245,791,385
1,245,791,385
1,245,791,385
1,245,791,385
1,245,791,385
1,245,791,385
1,245,791,385
1,245,791,385
1,245,791,385
1,245,791,385
1,245,794,385
1,245,795,385
1,245,796,385
1,245,796,385
1,245,798,385
1,245,798,385
1,245,798,385
1,245,798,385
1,245,798,385
1,245,798,385
1,245,798,385
1,245,798,385
1,245,798,385
1,245,798,385
1,245,798,385
1,245,805,385
1,245,806,385
1,245,808,385
1,245,810,385
1,245,809,385
1,245,809,385
1,245,809,385
1,245,814,385
1,245,817,385
1,245,819,385
1,245,820,385
1,245,818,385
1,245,818,385
1,245,818,385
1,245,818,385
1,245,818,385
1,245,818,385
1,245,818,385
1,245,818,385
1,245,818,385
1,245,818,385
1,245,818,385
1,245,818,385
1,245,818,385
1,245,818,385
1,245,820,385
1,245,820,385
1,245,823,385
1,245,825,385
1,245,827,385
1,245,828,385
1,245,828,385
1,245,831,385
1,245,831,385
1,245,831,385
1,245,831,385
1,245,831,385
1,245,831,385
1,245,831,385
1,245,829,385
1,245,827,385
1,245,827,385
1,245,826,385
1,245,826,385
1,245,826,385
1,245,826,385
1,245,826,385
1,245,826,385
1,245,825,385
1,245,823,385
1,245,822,385
1,245,822,385
1,245,821,385
1,245,821,385
1,245,821,385
1,245,821,385
1,245,821,385
1,245,821,385
1,245,821,385
1,245,821,385
1,245,821,385
1,245,821,385
1,245,821,385
1,245,821,385
1,245,821,385
1,245,821,385
1,245,821,385
1,245,821,385
1,245,821,385
1,245,821,385
1,245,822,385
1,245,822,385
1,245,826,385
1,245,828,385
1,245,828,385
1,245,830,385
1,246,832,385
1,246,832,385
1,246,834,385
1,246,836,385
1,246,837,385
1,246,837,385
1,246,837,385
1,246,837,385
1,246,837,385
1,246,837,385
1,246,837,385
1,246,838,385
1,246,838,385
1,246,839,385
1,246,840,385
1,246,842,385
1,246,843,385
1,246,843,385
1,246,843,385
1,246,843,385
1,246,843,385
1,246,845,385
1,246,847,385
1,246,848,385
1,246,849,385
1,246,850,385
1,246,851,385
1,246,853,385
1,246,855,385
1,246,856,385
1,246,857,385
1,246,859,385
1,246,862,385
1,246,862,385
1,246,862,385
1,246,862,385
1,246,862,385
1,246,864,385
1,245,864,385
1,245,864,385
1,245,868,385
1,245,869,385
1,245,870,385
1,245,870,385
1,245,872,385
1,245,872,385
1,245,874,385
1,245,874,385
1,245,874,385
1,245,874,385
1,245,874,385
1,245,876,385
1,245,876,385
1,245,876,385
1,245,876,385
1,245,876,385
1,245,876,385
1,245,880,385
1,245,881,385
1,245,881,385
1,245,881,385
1,245,881,385
1,245,881,385
1,245,881,385
1,245,881,385
1,245,881,385
1,245,883,385
1,245,884,385
1,245,884,385
1,245,885,385
1,245,885,385
1,245,885,385
1,245,886,385
1,245,886,385
1,245,887,385
1,245,887,385
1,245,887,385
1,245,887,385
1,245,887,385
1,245,887,385
1,245,887,385
1,245,887,385
1,245,887,385
1,245,887,385
1,245,888,385
1,245,888,385
1,245,888,385
1,245,888,385
1,245,888,385
1,245,888,385
1,245,889,385
1,245,889,385
1,245,889,385
1,245,889,385
1,245,889,385
1,245,889,385
1,245,889,385
1,245,889,385
1,245,889,385
1,245,889,385
1,245,889,385
1,245,889,385
1,245,889,385
1,245,889,385
1,245,889,385
1,245,889,385
1,245,889,385
1,245,889,385
1,245,889,385
1,245,889,385
1,244,889,385
1,244,889,385
1,244,889,385
1,244,889,385
1,244,889,385
1,244,889,385
1,244,889,385
1,244,889,385
1,244,889,385
1,244,889,385
1,244,889,385
1,244,889,385
1,244,889,385
1,244,889,385
1,242,889,385
1,242,889,385
1,242,889,385
1,242,889,385
1,242,889,385
1,242,889,385
1,242,889,385
1,242,889,385
1,242,889,385
1,242,889,385
1,242,889,385
1,240,889,385
1,240,889,385
1,240,889,385
1,240,889,385
1,240,889,385
1,240,889,385
1,240,889,385
1,240,889,385
1,240,889,385
1,240,889,385
1,240,889,385
1,238,889,385
1,238,889,385
1,238,889,385
1,238,889,385
1,238,889,385
1,238,889,385
1,238,889,385
1,238,889,385
1,238,889,385
1,238,889,385
1,238,889,385
1,238,889,385
1,238,889,385
1,238,889,385
1,238,889,385
1,238,889,385
1,238,889,385
1,238,889,385
1,238,889,385
1,238,889,385
1,238,889,385
1,237,889,385
1,237,889,385
1,237,889,385
1,237,889,385
1,237,889,385
1,237,889,385
1,237,889,385
1,237,889,385
1,237,889,385
1,237,889,385
1,237,889,385
1,237,889,385
1,237,885,385
1,237,885,385
1,237,885,385
1,237,885,385
1,237,885,385
1,237,885,385
1,237,885,385
1,237,885,385
1,236,883,385
1,236,881,385
1,236,880,385
1,236,880,385
1,236,880,385
1,236,880,385
1,236,880,385
1,236,880,385
1,236,880,385
1,236,880,385
1,236,880,385
1,236,880,385
1,236,880,385
1,236,880,385
1,236,878,385
1,236,878,385
1,236,878,385
1,236,876,385
1,236,876,385
1,236,875,385
1,236,875,385
1,236,875,385
1,236,874,385
1,236,874,385
1,236,873,385
1,236,873,385
1,236,873,385
1,236,873,385
1,236,873,385
1,236,873,385
1,236,873,385
1,236,873,385
1,236,873,385
1,236,873,385
1,236,873,385
1,236,873,385
1,236,873,385
1,236,873,385
1,236,873,385
1,236,873,385
1,236,873,385
1,236,872,385
1,236,872,385
1,236,872,385
1,236,871,385
1,236,871,385
1,236,871,385
1,236,871,385
1,236,871,385
1,236,871,385
1,236,871,385
1,236,871,385
1,236,871,385
1,236,871,385
1,236,871,385
1,236,871,385
1,236,871,385
1,236,871,385
1,236,871,385
1,236,871,385
1,236,871,385
1,236,871,385
1,236,871,385
1,236,871,385
1,236,871,385
1,236,871,385
1,236,871,385
1,236,871,385
1,236,871,385
1,236,871,385
1,236,871,385
1,236,871,385
1,236,871,385
1,236,871,385
1,236,871,385
1,236,871,385
1,236,871,385
1,236,871,385
1,236,871,385
1,236,871,385
1,236,871,385
1,236,871,385
1,237,872,385
1,237,872,385
1,237,872,385
1,239,873,385
1,239,874,385
1,239,875,385
1,239,875,385
1,239,875,385
1,239,875,385
1,239,875,385
1,239,875,385
1,239,875,385
1,239,875,385
1,239,875,385
1,239,875,385
1,239,875,385
1,239,875,385
1,239,876,385
1,239,876,385
1,239,876,385
1,239,876,385
1,239,876,385
1,239,876,385
1,239,876,385
1,239,876,385
1,239,876,385
1,239,876,385
1,239,876,385
1,239,876,385
1,239,876,385
1,241,876,385
1,241,876,385
1,241,876,385
1,241,878,385
1,241,878,385
1,241,878,385
1,241,879,385
1,241,881,385
1,241,881,385
1,241,881,385
1,241,881,385
1,241,881,385
1,241,881,385
1,241,881,385
1,241,881,385
1,241,881,385
1,241,881,385
1,241,881,385
1,241,881,385
1,241,881,385
1,241,881,385
1,241,881,385
1,242,884,385
1,242,884,385
1,242,884,385
1,242,884,385
1,242,884,385
1,242,885,385
1,242,886,385
1,242,887,385
1,242,887,385
1,242,887,385
1,243,887,385
1,244,887,385
1,243,887,385
1,243,887,385
1,244,887,385
1,244,887,385
1,244,887,385
1,245,887,385
1,245,888,385
1,244,889,385
1,245,889,385
1,245,889,385
1,245,889,385
1,245,889,385
1,245,889,385
1,245,889,385
1,245,889,385
1,245,889,385
1,245,889,385
1,245,889,385
1,245,889,385
1,246,891,385
1,246,892,385
1,246,892,385
1,246,892,385
1,247,892,385
1,247,892,385
1,247,892,385
1,247,892,385
1,247,892,385
1,247,892,385
1,247,892,385
1,247,892,385
1,247,892,385
1,247,892,385
1,247,892,385
1,247,892,385
1,247,892,385
1,247,892,385
1,248,892,385
1,248,892,385
1,248,892,385
1,248,892,385
1,248,892,385
1,248,892,385
1,248,892,385
1,248,892,385
1,248,892,385
1,250,892,385
1,250,892,385
1,250,892,385
1,250,892,385
1,250,892,385
1,250,892,385
1,250,892,385
1,250,891,385
1,251,891,385
1,252,891,385
1,252,891,385
1,253,891,385
1,253,891,385
1,253,891,385
1,253,891,385
1,253,891,385
1,253,891,385
1,253,891,385
1,253,891,385
1,253,891,385
1,253,891,385
1,253,891,385
1,253,891,385
1,253,891,385
1,253,891,385
1,253,891,385
1,255,891,385
1,255,891,385
1,255,891,385
1,256,891,385
1,256,891,385
1,256,891,385
1,256,891,385
1,256,891,385
1,256,889,385
1,257,889,385
1,257,889,385
1,257,888,385
1,257,888,385
1,258,888,385
1,258,888,385
1,258,888,385
1,258,888,385
1,258,888,385
1,258,888,385
1,258,888,385
1,259,888,385
1,259,888,385
1,259,888,385
1,260,888,385
1,260,888,385
1,260,888,385
1,260,888,385
1,260,887,385
1,261,887,385
1,261,886,385
1,261,886,385
1,261,885,385
1,261,884,385
1,261,883,385
1,261,883,385
1,261,883,385
1,261,884,385
1,261,884,385
1,261,883,385
1,261,883,385
1,261,883,385
1,261,883,385
1,261,883,385
1,261,882,385
1,261,881,385
1,261,881,385
1,261,881,385
1,263,881,385
1,263,881,385
1,263,881,385
1,263,881,385
1,263,881,385
1,263,880,385
1,263,879,385
1,263,878,385
1,263,878,385
1,263,878,385
1,263,878,385
1,263,878,385
1,263,878,385
1,263,878,385
1,263,878,385
1,263,878,385
1,263,878,385
1,263,878,385
1,263,878,385
1,264,878,385
1,264,878,385
1,264,877,385
1,265,877,385
1,266,877,385
1,266,876,385
1,266,876,385
1,266,875,385
1,266,875,385
1,267,875,385
1,267,875,385
1,267,875,385
1,267,875,385
1,269,875,385
1,269,875,385
1,269,875,385
1,269,873,385
1,269,874,385
1,270,874,385
1,271,874,385
1,272,874,385
1,272,874,385
1,272,874,385
1,272,874,385
1,272,874,385
1,272,874,385
1,272,874,385
1,273,874,385
1,273,874,385
1,273,874,385
1,274,874,385
1,275,874,385
1,275,874,385
1,275,874,385
1,275,874,385
1,275,874,385
1,275,874,385
1,275,874,385
1,275,874,385
1,276,874,385
1,276,874,385
1,277,874,385
1,277,873,385
1,277,873,385
1,278,872,385
1,278,872,385
1,279,872,385
1,280,872,385
1,280,871,385
1,280,871,385
1,280,871,385
1,280,871,385
1,280,871,385
1,281,870,385
1,282,870,385
1,282,870,385
1,283,870,385
1,283,870,385
1,283,870,385
1,283,870,385
1,283,870,385
1,283,870,385
1,283,870,385
1,283,870,385
1,284,870,385
1,284,870,385
1,284,870,385
1,284,870,385
1,284,870,385
1,284,870,385
1,284,870,385
1,284,870,385
1,284,870,385
1,284,870,385
1,284,870,385
1,284,870,385
1,284,870,385
1,284,870,385
1,284,870,385
1,284,870,385
1,284,870,385
1,284,870,385
1,284,870,385
1,284,869,385
1,284,868,385
1,284,868,385
1,284,866,385
1,284,868,385
1,284,865,385
1,283,867,385
1,283,866,385
1,283,866,385
1,283,866,385
1,283,866,385
1,283,867,385
1,284,867,385
1,284,867,385
1,284,867,385
1,284,867,385
1,284,867,385
1,284,867,385
1,284,867,385
1,284,867,385
1,284,867,385
1,284,867,385
1,284,867,385
1,284,867,385
1,284,867,385
1,284,867,385
1,284,867,385
1,284,867,385
1,284,867,385
1,284,867,385
1,284,867,385
1,284,867,385
1,284,867,385
1,284,867,385
1,284,867,385
1,284,867,385
1,284,867,385
1,284,867,385
1,284,867,385
1,284,867,385
1,284,867,385
1,284,868,385
1,284,868,385
1,284,868,385
1,284,868,385
1,284,868,385
1,284,869,385
1,284,870,385
1,284,871,385
1,284,871,385
1,284,871,385
1,284,873,385
1,284,873,385
1,284,873,385
1,284,873,385
1,284,873,385
1,284,873,385
1,284,873,385
1,284,873,385
1,284,873,385
1,284,873,385
1,284,873,385
1,284,873,385
1,284,873,385
1,284,875,385
1,284,877,385
1,284,877,385
1,284,876,385
1,284,876,385
1,284,876,385
1,284,877,385
1,284,877,385
1,284,877,385
1,284,877,385
1,284,877,385
1,284,877,385
1,284,877,385
1,284,877,385
1,284,877,385
1,284,877,385
1,284,877,385
1,284,878,385
1,284,878,385
1,284,878,385
1,284,878,385
1,284,878,385
1,284,878,385
1,284,879,385
1,284,880,385
1,284,880,385
1,284,882,385
1,284,882,385
1,284,882,385
1,284,882,385
1,284,882,385
1,284,882,385
1,284,882,385
1,284,882,385
1,284,882,385
1,284,882,385
1,284,882,385
1,284,883,385
1,284,883,385
1,284,883,385
1,284,883,385
1,284,883,385
1,284,883,385
1,284,883,385
1,284,883,385
1,284,883,385
1,284,884,385
1,284,885,385
1,284,886,385
1,284,886,385
1,284,886,385
1,284,886,385
1,284,886,385
1,284,886,385
1,284,886,385
1,284,886,385
1,284,886,385
1,284,886,385
1,284,886,385
1,284,886,385
1,284,886,385
1,284,886,385
1,284,886,385
1,284,886,385
1,284,886,385
1,284,886,385
1,284,886,385
1,284,887,385
1,284,888,385
1,284,888,385
1,284,888,385
1,284,888,385
1,284,888,385
1,284,888,385
1,284,888,385
1,284,888,385
1,284,888,385
1,284,888,385
1,284,888,385
1,284,888,385
1,284,888,385
1,284,888,385
1,284,888,385
1,284,888,385
1,284,888,385
1,284,888,385
1,284,888,385
1,284,888,385
1,284,888,385
1,284,888,385
1,284,888,385
1,284,888,385
1,284,888,385
1,284,888,385
1,283,888,385
1,283,888,385
1,283,889,385
1,283,890,385
1,283,890,385
1,283,890,385
1,282,890,385
1,282,890,385
1,282,890,385
1,281,890,385
1,281,891,385
1,281,891,385
1,281,891,385
1,281,891,385
1,280,891,385
1,280,891,385
1,280,891,385
1,280,891,385
1,280,891,385
1,280,891,385
1,280,891,385
1,280,891,385
1,280,891,385
1,280,891,385
1,280,891,385
1,280,891,385
1,280,891,385
1,280,891,385
1,280,891,385
1,280,891,385
1,280,891,385
1,280,891,385
1,280,891,385
1,280,891,385
1,280,894,385
1,280,895,385
1,280,895,385
1,280,895,385
1,280,895,385
1,280,895,385
1,280,895,385
1,280,895,385
1,280,895,385
1,280,895,385
1,280,896,385
1,280,896,385
1,280,896,385
1,280,896,385
1,280,896,385
1,280,896,385
1,280,896,385
1,279,896,385
1,279,896,385
1,279,896,385
1,279,896,385
1,279,896,385
1,279,896,385
1,279,896,385
1,279,896,385
1,279,896,385
1,279,896,385
1,278,897,385
1,278,898,385
1,278,898,385
1,278,898,385
1,278,900,385
1,278,901,385
1,278,901,385
1,278,901,385
1,278,901,385
1,278,901,385
1,278,904,385
1,278,904,385
1,278,904,385
1,278,904,385
1,278,904,385
1,278,904,385
1,278,906,385
1,278,906,385
1,278,906,385
1,277,906,385
1,277,906,385
1,275,906,385
1,274,907,385
1,274,908,385
1,274,909,385
1,273,910,385
1,273,911,385
1,272,912,330
1,271,915,385
1,271,918,385
1,270,918,385
1,271,923,409
1,271,927,409
1,270,933,411
