218,116,102,64
218,116,102,64
216,112,104,68
217,112,104,67
217,112,103,68
217,111,103,68
217,111,104,69
218,111,103,69
218,111,104,69
218,112,104,68
219,113,104,68
220,113,103,67
220,114,103,66
221,113,103,67
222,114,102,67
222,117,102,64
222,117,102,64
222,117,102,64
223,116,102,64
224,117,102,63
224,117,102,63
225,117,102,64
226,118,102,63
226,117,102,64
226,117,102,64
226,117,102,64
226,116,103,66
226,116,103,66
227,116,103,66
229,117,102,65
229,117,102,65
228,117,103,64
229,116,103,65
230,116,104,66
231,115,103,66
232,115,103,67
233,118,102,64
233,118,103,63
233,117,104,64
235,117,102,64
235,118,102,63
235,118,103,64
236,118,102,63
236,118,103,64
236,117,104,65
237,117,104,66
238,117,103,66
238,117,103,66
240,117,102,65
240,117,103,65
241,117,103,66
242,117,102,65
243,118,101,65
243,118,102,66
243,118,103,66
244,118,103,66
245,118,102,66
245,118,102,66
246,119,101,65
247,119,102,65
247,120,102,65
247,120,102,65
248,121,101,64
249,121,102,65
249,121,102,65
249,119,103,67
250,119,102,68
251,121,102,67
251,121,102,67
252,122,102,67
253,122,102,67
253,122,102,67
253,122,103,68
254,121,103,69
254,121,103,69
255,122,102,68
256,123,102,68
256,123,102,68
258,124,101,67
259,125,100,66
260,125,101,67
261,125,101,66
261,124,101,67
262,125,101,68
263,126,100,67
264,126,100,67
265,126,100,67
266,126,101,67
266,125,101,67
267,125,101,67
267,125,102,67
267,126,102,67
268,127,101,67
268,128,102,67
269,127,101,67
270,128,102,67
270,128,103,68
270,128,103,68
271,127,103,69
272,128,102,67
272,129,102,66
273,129,101,66
272,130,101,65
272,130,102,66
272,130,102,65
272,130,101,66
273,131,101,65
273,130,101,65
273,131,100,65
273,132,100,65
273,131,100,65
271,132,100,65
272,132,100,65
271,133,100,65
269,133,101,64
269,134,102,64
268,134,102,64
267,134,102,65
266,132,103,67
266,132,102,66
265,131,103,67
264,132,102,67
263,132,101,67
263,132,101,68
262,131,100,68
261,132,100,67
260,133,100,66
259,133,101,66
258,133,100,65
257,133,100,66
256,133,100,66
255,133,101,66
254,133,100,66
252,133,101,66
252,133,101,66
251,133,101,66
251,133,100,66
250,133,100,67
248,133,100,66
247,133,99,66
245,133,101,66
244,133,101,66
243,133,101,66
242,133,101,67
241,134,100,66
239,133,103,67
239,136,101,65
237,136,102,64
236,137,101,63
235,137,101,64
233,137,102,64
232,136,103,65
231,137,103,65
230,136,102,64
229,135,102,65
228,135,103,65
228,136,102,65
226,135,102,66
227,134,101,68
225,134,103,68
225,134,102,68
225,134,101,68
224,135,101,68
224,134,100,67
224,134,99,67
223,136,100,65
222,138,101,58
222,137,101,59
221,138,100,58
221,133,101,62
219,134,101,60
219,133,102,62
218,135,101,59
217,135,104,58
216,136,104,56
217,136,102,57
217,138,102,57
215,135,104,57
215,134,103,60
215,133,103,62
214,136,104,58
215,136,102,58
215,134,101,59
212,134,103,59
213,132,102,63
213,132,103,61
212,134,103,61
213,134,102,59
213,137,103,58
212,136,102,59
211,135,103,60
212,134,102,60
212,134,102,62
212,133,102,59
212,134,100,60
212,134,99,60
212,135,99,58
212,135,100,59
211,135,101,59
212,136,98,58
210,135,101,59
210,136,101,58
210,135,101,60
210,134,100,60
211,135,100,59
212,134,100,59
211,134,100,60
211,133,100,60
214,133,98,60
213,133,100,59
213,134,100,59
214,134,100,58
214,135,100,58
216,136,98,57
217,136,97,56
218,137,96,56
218,137,100,56
219,137,99,57
220,137,98,57
221,136,99,57
222,135,99,57
223,135,99,57
224,135,99,57
226,135,98,57
228,136,98,56
230,135,97,56
231,134,95,56
231,134,99,57
233,134,97,57
233,136,99,56
234,135,99,56
234,134,100,56
235,134,101,57
237,133,98,59
239,132,98,59
241,133,98,60
242,133,98,60
242,133,99,59
244,133,98,59
245,134,98,58
247,134,97,58
247,135,99,60
248,134,99,62
249,134,98,62
249,134,99,63
251,133,99,65
252,133,99,66
253,132,99,66
254,132,98,66
256,131,98,66
257,132,98,67
256,132,100,68
258,132,98,67
258,132,100,67
259,133,99,65
261,132,99,66
261,132,97,68
263,133,99,66
264,135,99,65
265,135,98,65
266,135,98,64
267,135,98,64
268,135,99,64
270,135,98,65
270,136,98,64
271,136,98,64
272,136,98,64
273,135,97,65
273,135,97,67
273,134,99,67
274,134,99,67
273,136,101,65
274,136,100,65
275,136,101,66
275,135,100,67
275,135,102,67
275,136,101,67
276,136,100,67
277,137,100,67
278,137,100,66
280,137,98,66
280,137,99,66
280,136,99,66
280,137,100,66
280,137,101,66
281,136,101,67
281,137,101,67
281,137,101,66
281,137,101,66
281,137,101,66
282,137,101,66
282,138,101,65
283,138,100,64
284,138,100,64
284,138,99,63
285,138,99,65
286,138,99,65
286,138,99,65
286,138,99,65
286,137,99,65
286,136,99,65
286,135,99,66
286,134,99,67
286,135,99,67
287,136,98,66
286,136,98,66
286,136,98,66
286,136,98,65
286,136,98,64
286,135,98,65
286,135,98,65
285,135,98,65
285,134,98,65
284,135,98,65
283,134,98,65
282,133,98,65
281,132,99,65
280,131,99,67
279,130,99,68
280,131,97,67
280,131,97,67
278,131,97,66
276,130,99,67
275,131,98,66
274,131,99,66
273,131,99,66
272,131,99,68
271,133,99,66
270,133,99,65
269,134,99,65
270,134,98,65
269,135,97,64
267,136,99,64
266,136,99,65
265,135,100,66
264,135,99,66
263,136,97,66
262,136,97,66
261,136,98,67
259,137,98,66
258,138,98,65
257,138,99,66
256,138,99,65
255,138,98,66
254,138,98,66
253,139,98,66
252,139,98,67
251,139,98,68
250,138,98,69
248,138,98,69
247,138,98,69
246,139,97,68
245,139,98,68
243,139,100,68
242,139,99,69
241,140,98,68
240,140,98,67
239,141,99,67
238,141,99,67
237,142,99,67
236,142,99,67
235,143,99,67
234,142,99,67
233,143,99,67
232,143,99,67
231,143,98,66
230,144,98,66
229,145,97,66
228,146,99,64
227,147,98,64
226,147,98,64
225,146,98,64
224,146,99,66
224,146,98,66
223,146,98,66
222,147,98,66
221,147,97,66
220,146,98,68
219,146,98,68
218,146,98,68
217,146,99,68
216,146,98,68
214,146,100,69
214,145,100,71
213,145,100,73
214,148,98,68
213,148,99,69
212,149,98,68
211,150,97,68
210,150,98,68
209,150,98,69
209,151,97,68
208,151,98,68
207,152,98,68
207,152,97,69
205,152,99,68
204,154,99,67
203,154,98,68
202,154,100,68
202,154,98,68
201,155,97,67
198,155,100,68
197,155,100,69
196,155,100,70
195,156,99,69
194,156,99,69
193,156,98,69
192,156,98,70
191,158,98,68
190,159,97,67
189,159,98,68
188,159,98,67
187,159,97,67
186,159,96,68
185,159,97,69
183,160,97,68
181,159,97,69
180,160,98,69
179,160,97,68
177,160,99,68
176,160,100,68
176,161,98,67
175,161,99,67
174,162,99,66
173,162,98,66
173,163,98,66
172,163,98,66
171,162,98,67
170,161,98,68
169,161,98,68
168,161,98,68
167,162,97,67
166,163,99,66
165,164,99,65
165,164,98,66
164,163,98,67
163,164,99,66
164,164,97,66
163,163,98,67
163,163,98,67
163,163,97,67
163,163,97,67
163,163,96,67
162,163,97,67
162,162,96,67
160,162,98,68
160,162,97,68
160,162,98,69
159,162,99,68
159,162,98,69
159,161,98,68
160,161,98,68
161,161,98,68
162,160,98,69
162,159,97,70
163,160,97,69
164,160,96,69
161,160,99,68
162,159,99,69
163,158,99,70
163,158,99,70
164,159,99,69
165,159,98,68
165,158,98,68
166,158,98,69
167,158,97,68
168,157,98,69
169,156,97,69
170,157,97,68
169,157,99,68
170,156,98,69
171,155,99,69
172,154,98,69
173,154,98,70
174,156,96,68
175,156,97,68
177,155,97,68
179,155,96,68
178,155,97,67
179,155,97,67
180,155,98,67
182,155,97,66
183,154,98,66
184,154,98,66
185,153,98,66
187,152,97,67
188,152,97,67
190,152,96,66
192,151,95,67
194,150,95,68
194,149,97,68
195,149,98,69
197,148,97,69
199,150,96,68
201,150,95,67
201,150,98,67
203,149,97,68
204,148,97,69
205,147,96,70
206,148,97,69
207,148,97,69
207,147,98,70
208,147,97,70
210,146,96,70
211,145,96,70
212,149,95,67
213,150,95,66
213,149,96,67
213,149,97,67
213,148,98,67
215,147,98,69
214,146,99,70
215,145,97,71
216,145,97,72
215,144,98,71
215,146,98,70
217,146,96,69
216,146,97,69
216,147,96,68
216,146,96,69
215,148,97,68
215,148,97,68
216,147,96,68
216,147,96,68
216,146,97,69
216,147,96,68
216,146,96,70
217,146,95,69
215,146,97,69
214,145,98,69
214,144,97,70
214,145,96,69
214,146,96,68
213,147,97,67
213,146,96,68
211,146,98,68
210,145,98,68
210,145,97,68
209,145,97,69
209,145,97,69
208,145,97,69
208,145,96,69
208,144,95,69
207,146,95,68
207,145,95,69
206,145,95,69
205,144,96,70
204,145,96,69
202,145,97,69
201,144,97,70
200,145,97,69
200,145,97,69
200,144,95,69
200,144,94,66
198,144,97,66
198,143,96,66
197,144,96,63
196,144,97,63
197,144,96,62
196,143,96,62
196,144,95,61
195,143,96,61
195,143,95,61
194,143,97,60
194,143,96,59
194,143,99,58
194,143,95,57
194,144,96,57
194,143,96,56
194,143,96,58
194,143,96,58
194,142,96,59
195,142,95,59
195,142,95,59
196,142,94,58
194,141,95,57
194,141,94,57
195,140,95,59
196,140,95,60
197,140,95,60
198,139,93,59
199,138,92,60
200,139,92,60
200,139,91,60
201,139,90,60
201,138,93,60
200,138,93,60
201,139,95,60
200,139,95,61
200,138,95,64
201,139,95,63
201,139,95,64
201,139,95,63
201,139,95,64
202,140,95,63
203,140,94,64
202,140,94,64
203,140,95,63
202,141,96,63
202,141,96,64
204,143,94,62
205,142,93,62
205,143,94,61
205,143,94,61
206,143,94,64
207,143,93,65
207,144,92,65
208,143,93,65
209,145,92,65
209,145,94,65
209,145,93,65
209,146,93,65
209,146,93,66
210,145,93,66
210,145,94,67
210,146,93,67
210,146,94,67
211,147,92,68
210,148,93,68
210,147,93,69
210,149,92,68
210,148,93,70
211,148,93,71
211,148,93,71
211,148,92,70
211,148,91,71
211,149,93,71
211,149,93,71
211,149,92,70
211,150,91,69
211,150,92,70
211,149,91,71
210,149,93,71
212,148,91,71
211,148,91,71
210,149,93,71
210,150,91,71
211,150,91,70
211,149,91,72
211,150,90,72
211,150,91,72
211,150,90,72
210,149,92,72
211,148,91,73
210,151,92,71
209,150,92,72
208,149,94,73
208,150,94,72
208,149,94,72
207,149,94,72
208,148,93,73
208,148,93,73
208,149,94,73
207,148,94,74
207,148,95,75
207,148,94,75
207,148,93,74
207,148,94,75
206,148,95,75
206,148,95,75
205,148,96,76
205,147,96,77
205,147,96,77
205,146,96,78
205,146,95,79
203,147,98,79
202,146,99,80
202,146,98,80
202,147,99,79
202,146,98,80
201,146,99,80
201,145,99,82
201,146,99,82
200,146,100,82
199,146,101,83
199,146,101,83
199,146,102,83
198,145,103,84
198,145,102,85
199,146,101,84
199,147,101,84
197,146,103,84
196,146,103,85
196,146,104,85
196,146,104,86
195,146,105,86
195,146,105,87
194,146,105,87
194,146,106,87
194,146,106,87
194,146,105,86
194,146,105,86
194,146,105,86
194,146,106,87
194,146,107,88
194,147,106,87
194,147,106,87
194,147,106,87
194,147,106,88
195,148,105,87
195,148,105,87
196,148,104,86
196,147,104,87
196,148,105,86
197,148,103,86
197,148,103,87
197,148,103,88
196,148,105,87
196,148,105,87
197,148,104,87
197,147,104,88
197,148,104,88
197,149,105,88
197,149,105,87
198,149,104,86
199,149,103,87
200,149,102,88
200,149,103,87
200,150,103,87
200,150,103,87
200,150,102,86
200,151,104,86
200,151,104,85
200,151,104,85
200,151,104,86
200,151,104,87
200,151,103,86
200,151,105,86
200,151,105,87
202,151,102,88
202,151,102,88
202,150,103,88
202,151,103,88
202,152,102,86
202,151,101,87
204,151,101,88
204,151,100,88
204,151,101,88
203,151,100,88
203,152,102,87
203,152,101,88
203,152,101,88
203,151,100,87
202,152,101,87
202,152,100,88
202,152,101,88
202,152,99,87
201,152,100,87
201,152,100,87
201,152,100,87
201,152,99,87
199,152,99,87
198,152,101,87
198,152,100,88
198,152,100,88
198,152,98,87
197,152,98,87
197,151,98,88
196,151,98,88
195,151,99,88
195,151,97,88
195,151,98,88
195,151,97,87
194,151,97,87
193,151,97,87
192,151,97,87
191,151,98,88
191,150,97,88
190,150,98,88
189,150,98,88
188,150,98,88
188,149,96,88
188,149,96,88
187,149,96,88
186,149,96,88
185,148,96,88
185,149,97,87
184,148,97,86
183,148,97,87
183,148,96,87
183,148,95,86
181,147,97,87
180,147,96,87
180,146,96,88
179,146,96,87
180,145,95,87
179,145,96,87
178,145,96,87
177,145,96,87
176,145,96,87
177,144,96,87
176,144,95,87
176,144,95,87
176,143,96,87
176,143,95,86
176,143,95,86
176,143,95,86
176,143,95,86
176,142,95,86
176,142,94,87
176,142,93,86
176,142,92,85
176,142,93,86
176,142,93,85
176,142,93,84
175,141,94,85
175,141,93,85
175,140,93,86
175,140,93,86
175,139,93,87
175,138,93,87
176,138,92,87
176,138,92,87
176,137,92,88
176,137,91,88
176,137,92,88
176,137,93,89
176,136,93,88
176,135,93,89
177,136,93,87
177,136,93,86
178,136,93,86
178,136,93,86
178,136,93,86
179,135,93,86
180,135,93,86
181,135,92,85
182,135,92,86
183,135,92,86
183,135,91,86
184,135,91,86
184,135,92,86
184,135,93,86
185,135,91,86
187,135,91,86
187,135,91,86
187,134,92,86
187,134,92,86
189,134,90,86
189,134,91,85
190,134,91,85
191,134,90,85
192,134,90,85
194,134,89,85
193,133,91,86
194,133,90,86
196,133,89,85
196,133,90,85
197,133,90,85
198,132,90,85
199,132,90,85
200,131,89,85
201,133,89,86
202,133,89,85
202,132,89,86
203,132,90,85
204,132,90,85
205,132,89,85
206,132,89,85
207,132,89,85
208,132,89,85
209,131,89,86
210,131,89,86
211,130,89,86
212,130,89,86
213,129,89,87
214,130,89,86
216,130,87,85
216,130,89,85
218,130,88,84
218,130,89,85
219,130,89,84
220,129,88,85
221,129,89,85
223,129,88,84
224,129,88,84
225,129,88,84
227,129,87,83
228,129,87,83
229,128,88,85
230,128,88,85
232,127,87,85
234,127,87,85
235,127,86,85
236,126,87,86
238,126,86,85
240,126,85,85
240,126,87,85
241,126,87,85
242,125,87,85
243,125,86,84
245,125,85,83
246,125,86,84
247,123,86,86
248,123,86,86
250,123,85,85
251,123,85,84
252,123,86,85
254,123,84,84
255,122,84,84
255,121,85,85
256,121,85,85
257,121,84,84
258,120,85,84
260,119,84,84
261,119,84,85
262,118,84,85
263,118,84,84
264,118,84,83
266,118,84,83
267,118,84,83
268,118,84,83
269,118,84,83
271,117,83,83
271,115,84,85
273,115,83,85
275,115,82,85
275,115,83,84
276,114,84,85
276,114,84,87
278,113,81,86
278,114,84,84
279,114,84,84
280,114,83,83
281,114,82,84
280,114,82,84
281,114,83,84
282,114,82,84
283,115,80,85
283,115,79,84
284,115,80,85
284,115,80,84
285,116,79,84
285,116,79,83
285,117,79,82
285,117,79,81
285,117,79,82
285,118,79,83
285,118,79,83
286,118,78,83
285,118,79,83
285,118,79,83
285,119,79,82
285,119,79,82
285,120,78,83
284,121,79,83
284,121,78,82
283,121,78,83
283,122,78,83
283,122,77,83
282,123,78,83
282,124,77,82
281,125,77,82
281,125,77,83
280,126,77,83
280,127,76,82
280,128,77,81
280,128,75,81
279,129,75,82
279,129,75,82
279,130,74,81
278,131,74,81
278,132,74,81
278,131,73,82
278,132,75,82
278,132,75,82
278,133,74,82
278,133,74,83
277,135,75,81
277,136,75,80
276,136,75,82
276,138,72,81
277,138,71,81
277,139,70,81
277,139,69,81
276,140,68,81
277,141,69,81
276,142,69,81
276,143,69,81
275,144,69,81
275,145,69,81
275,146,68,80
274,147,69,80
274,148,69,80
274,148,69,80
273,148,70,82
273,149,70,81
272,150,70,81
272,151,70,81
272,152,69,81
273,153,68,81
272,154,69,80
272,155,69,80
271,156,69,80
271,156,69,80
271,157,69,81
271,158,69,81
270,159,69,81
270,160,69,81
270,161,68,82
270,161,69,82
269,163,69,81
268,163,70,81
269,164,68,81
269,165,68,81
268,166,69,80
267,166,70,81
267,168,70,80
267,169,69,81
267,169,69,81
267,171,69,80
266,171,70,80
266,172,70,80
265,173,70,80
265,173,70,80
265,173,70,81
266,175,68,80
264,175,70,81
264,176,70,81
263,177,70,80
263,177,70,81
262,177,71,81
261,178,71,81
263,179,69,81
261,179,71,81
261,180,70,80
260,181,70,79
259,180,71,81
258,181,72,79
257,182,72,79
256,182,72,79
257,181,71,80
256,181,72,81
257,182,70,81
256,183,71,80
256,183,71,80
256,184,70,80
255,184,69,80
255,185,69,80
255,186,69,79
254,185,70,80
254,185,70,80
254,185,70,80
253,185,70,80
252,185,71,79
252,186,71,79
252,185,71,80
252,186,70,80
252,186,70,79
252,186,70,80
252,186,70,80
252,187,70,80
252,186,69,80
252,187,69,79
252,188,69,79
252,188,69,79
251,188,70,79
252,189,69,79
252,190,69,79
252,190,69,79
252,189,70,80
252,189,69,80
252,189,70,79
252,189,70,80
252,188,69,80
252,188,70,79
252,188,70,79
252,188,70,80
253,188,69,79
253,189,69,77
253,188,69,78
254,187,69,79
254,186,69,80
254,187,69,80
255,187,68,79
255,186,68,80
255,186,69,79
255,186,69,79
256,186,68,80
255,186,69,79
255,186,70,79
255,186,70,79
255,185,69,80
256,187,68,79
256,187,68,78
257,186,67,79
257,186,68,79
257,186,68,79
257,186,69,79
257,186,68,79
258,186,67,79
259,186,67,79
259,186,66,79
259,186,66,79
259,187,66,79
260,187,66,79
261,187,66,79
261,187,65,79
261,187,65,79
261,188,64,79
261,187,64,79
261,188,64,78
261,188,65,78
261,188,65,78
261,187,66,79
262,188,65,79
262,188,65,79
263,189,64,78
263,189,64,78
263,189,64,78
264,189,63,78
264,189,63,78
264,188,63,78
265,188,63,79
265,188,63,78
265,188,63,78
265,188,63,78
265,189,63,78
265,188,62,79
264,187,62,79
264,186,63,79
263,187,63,79
262,186,63,79
262,186,63,80
263,186,61,80
263,186,61,79
263,185,60,78
261,185,63,80
261,184,63,80
261,185,63,78
261,185,62,79
261,185,61,79
260,184,62,79
260,184,62,80
260,184,62,78
260,184,61,77
260,184,61,77
259,184,60,77
260,182,60,79
258,183,62,78
258,183,61,77
257,182,62,78
257,182,61,78
257,182,61,78
258,182,60,78
258,182,60,77
257,181,60,78
257,181,59,78
257,181,59,78
256,180,60,78
256,180,59,78
255,180,61,78
255,180,60,78
255,180,60,78
255,179,59,79
255,178,58,79
255,179,58,78
255,178,58,79
254,178,58,79
255,178,57,78
254,178,58,77
254,178,57,78
253,177,58,78
252,176,58,80
252,176,58,79
252,176,57,78
252,176,57,77
251,175,58,78
251,175,58,78
251,175,58,78
251,174,58,78
251,174,57,78
250,174,57,78
250,173,57,78
250,173,57,78
249,172,57,79
249,172,57,78
249,173,56,78
249,173,55,77
249,172,55,77
248,172,56,77
247,171,56,77
247,171,55,77
246,170,55,78
246,171,55,77
247,171,54,77
247,170,53,77
247,170,54,77
247,169,54,77
248,169,53,77
249,169,53,77
249,168,52,78
250,169,52,76
250,168,54,76
250,167,54,77
251,167,54,76
253,166,54,78
254,166,53,77
254,165,53,77
254,165,53,78
256,165,53,77
256,165,53,77
258,165,52,77
259,165,52,77
260,165,52,77
261,165,52,77
262,165,52,78
263,165,52,78
264,165,52,78
265,165,52,78
266,165,52,78
266,165,52,78
267,166,52,78
268,166,52,78
270,166,52,78
271,166,51,78
272,166,51,78
272,165,51,78
272,165,51,78
272,165,51,78
273,165,51,78
274,165,51,78
275,165,51,78
276,165,51,78
277,165,51,78
276,165,50,79
277,164,49,78
276,165,51,78
276,165,51,78
276,166,51,77
277,166,50,78
277,166,49,77
278,166,48,76
278,167,48,77
278,167,48,76
278,167,48,76
278,167,48,76
277,167,49,76
277,167,49,77
277,167,49,77
277,167,49,77
277,167,48,77
277,167,48,77
277,167,48,77
277,167,48,77
276,168,48,77
276,168,47,76
276,168,46,76
276,168,46,75
275,168,47,77
275,168,47,77
275,168,47,77
274,168,48,78
273,168,47,78
273,169,46,78
272,169,45,78
272,169,45,78
271,169,45,77
271,169,45,76
271,169,45,77
270,168,45,78
270,168,44,77
269,168,45,78
269,169,45,77
268,169,45,77
268,169,45,77
268,169,44,76
268,169,44,76
267,168,44,77
267,170,44,78
266,170,43,77
266,169,43,78
266,169,43,78
267,171,42,78
267,171,42,77
267,171,42,77
266,171,43,77
266,171,43,77
266,172,43,77
266,172,43,76
267,173,42,76
267,173,42,76
267,173,42,76
267,173,42,76
267,173,43,77
267,174,43,77
267,175,42,76
267,175,42,76
267,175,42,77
268,176,41,77
268,177,41,76
268,177,41,77
268,178,42,77
269,179,41,75
268,179,41,76
269,179,41,76
270,180,40,77
269,180,41,77
269,181,41,77
271,181,40,77
271,182,40,77
271,183,40,77
272,183,39,78
272,184,40,77
272,184,40,77
272,185,40,77
273,187,40,76
273,185,40,79
273,185,40,80
273,187,40,78
274,188,40,77
275,189,38,76
275,189,39,78
275,189,40,78
275,190,39,78
275,191,38,78
274,191,38,78
274,191,38,78
274,192,38,77
274,193,38,77
274,194,38,77
274,194,38,77
274,194,39,77
274,194,39,78
274,195,39,78
274,195,39,77
273,195,39,77
274,195,38,78
275,195,37,77
274,194,38,78
274,194,38,77
274,194,37,77
275,194,37,77
275,193,36,76
275,192,37,79
274,191,37,80
275,191,37,79
275,191,37,78
274,191,38,78
273,189,39,79
274,188,38,79
274,187,38,78
274,186,38,78
274,185,38,78
275,184,37,79
275,183,37,79
275,182,37,80
275,182,37,79
275,181,37,78
275,179,36,78
275,178,37,78
275,176,37,78
275,174,37,79
275,172,37,80
275,170,37,80
276,169,38,80
276,167,38,80
276,166,38,81
277,165,37,80
277,163,38,80
277,162,38,80
277,160,38,80
278,160,38,80
278,159,38,79
278,158,39,79
278,157,38,79
278,155,38,79
279,155,39,79
279,154,39,80
279,153,39,79
279,152,40,80
279,151,40,79
279,150,40,79
279,149,41,80
279,148,42,81
281,148,40,80
281,147,41,81
282,147,40,80
283,146,39,80
283,145,40,81
283,144,40,81
283,144,41,80
284,144,40,80
284,144,40,80
284,143,41,81
284,143,42,81
284,142,42,81
284,141,42,81
284,140,43,82
285,141,42,81
285,140,43,81
285,139,43,82
286,139,42,82
286,139,42,82
287,139,41,82
287,139,41,82
288,139,41,82
288,138,40,82
288,137,40,83
287,137,42,83
287,138,42,82
287,138,42,81
286,137,43,82
286,136,43,83
286,137,43,82
286,137,44,83
287,137,42,82
287,137,42,82
287,136,42,82
287,136,42,82
287,136,42,82
287,136,43,83
287,136,43,83
287,136,43,82
287,136,44,82
287,136,44,83
287,136,44,84
288,136,44,84
288,135,44,84
289,136,43,83
289,136,44,84
289,136,44,86
290,137,44,85
290,137,45,86
290,137,45,86
290,137,45,86
291,138,45,86
292,138,45,86
293,138,44,86
294,138,43,86
293,139,44,87
293,139,45,88
293,138,45,89
292,137,46,91
293,138,45,90
293,138,45,90
294,138,45,91
294,139,46,92
293,138,46,92
293,137,47,93
293,137,46,93
293,137,46,93
293,137,46,93
293,137,46,93
293,137,46,93
293,137,46,93
293,137,45,92
292,135,46,95
292,135,46,96
291,134,46,96
291,134,46,96
290,132,47,99
289,131,48,100
288,131,49,99
287,130,50,100
286,129,51,101
286,129,50,102
286,129,50,101
286,127,50,103
285,126,50,104
285,126,50,104
284,125,50,104
283,124,51,105
283,123,51,106
282,122,52,107
281,121,53,108
280,119,53,109
279,119,53,110
278,118,53,110
277,117,54,111
277,116,54,112
276,114,55,114
275,114,55,114
274,112,55,116
273,112,55,116
272,110,56,117
271,110,56,117
270,109,56,117
269,108,58,118
268,107,60,119
267,107,61,119
269,105,59,121
268,103,60,123
267,102,62,124
266,101,62,125
266,101,62,125
266,100,63,127
265,99,64,128
264,99,64,127
262,98,65,128
261,97,66,129
260,96,68,131
259,95,68,131
258,95,69,131
257,95,70,132
256,95,70,131
256,94,71,132
255,94,71,132
255,94,71,132
255,94,71,132
253,94,73,133
252,93,73,134
251,93,74,134
250,93,74,134
249,93,75,135
248,93,85,134
247,93,85,135
246,94,86,135
245,94,86,135
245,94,85,136
244,95,86,135
243,95,87,135
242,95,88,135
241,96,88,135
241,96,88,136
240,96,89,136
240,96,88,135
240,96,88,135
240,96,89,135
240,96,89,135
240,96,89,135
238,94,92,137
237,94,93,137
237,94,94,137
237,94,93,136
237,94,94,137
237,94,94,137
237,94,94,137
238,94,94,137
239,94,94,137
238,94,94,137
238,93,96,137
238,93,96,137
238,93,96,137
237,92,98,137
238,92,99,137
238,92,98,137
239,92,97,137
239,91,98,137
238,90,98,138
238,90,98,137
237,89,99,137
236,88,100,138
237,89,100,137
236,88,100,137
236,87,100,137
236,86,100,137
236,85,101,138
235,83,102,138
234,83,102,138
233,83,103,138
232,82,104,138
232,81,104,138
232,80,103,138
231,79,104,138
231,79,104,138
229,79,107,138
232,79,103,137
231,78,105,137
230,76,105,138
229,76,107,138
230,76,105,138
229,75,107,138
229,74,107,139
229,73,108,140
230,74,107,139
230,73,107,139
230,75,109,138
230,74,108,138
230,73,109,138
231,73,109,138
231,72,109,138
231,71,110,141
231,72,110,138
230,71,112,139
230,72,112,139
231,72,112,139
231,71,111,139
231,70,112,140
231,70,113,141
230,70,113,140
231,71,113,140
230,70,114,139
230,70,114,141
230,70,115,140
230,70,115,140
230,70,115,140
230,70,117,140
230,70,115,140
230,70,116,140
229,70,117,140
230,71,117,139
230,70,115,141
230,71,116,140
230,71,117,141
230,71,117,141
229,72,118,140
231,73,116,140
231,73,116,139
231,73,116,139
231,73,116,140
230,73,117,140
230,73,118,141
230,73,117,141
229,75,117,140
228,74,119,142
228,75,119,141
228,76,119,140
228,76,119,140
228,76,119,142
227,76,120,142
227,76,120,142
227,76,119,142
227,77,120,142
226,77,121,142
225,77,123,141
225,78,120,141
224,78,122,142
223,77,122,142
222,77,122,143
223,79,121,140
223,78,121,142
223,78,121,143
221,78,122,144
220,79,122,141
219,79,123,141
218,78,123,143
219,77,122,142
218,75,122,144
216,75,124,144
216,75,123,142
215,74,123,144
215,73,123,144
213,72,125,144
211,72,126,144
211,71,126,145
211,71,125,143
209,70,128,144
209,69,125,144
209,68,126,144
208,68,127,144
207,67,128,144
207,66,128,145
209,66,127,143
210,65,127,144
209,62,128,146
208,63,130,145
208,62,129,145
208,60,130,147
209,60,130,145
208,58,132,145
209,60,131,144
209,58,128,144
210,57,130,144
210,56,131,144
213,55,129,144
214,53,131,144
215,53,131,144
216,52,130,144
217,51,131,143
218,50,133,144
220,49,132,143
222,48,132,144
223,47,132,144
224,46,132,144
225,44,133,145
226,43,134,144
229,43,126,135
230,42,122,129
231,42,117,120
233,42,113,119
235,41,111,107
238,42,107,98
239,42,100,96
242,42,94,87
242,41,89,81
246,41,79,79
248,40,74,63
250,40,67,53
251,39,60,51
253,40,55,29
256,48,31,20
250,40,33,26
248,33,63,32
248,33,63,32
248,33,63,32
352,127,50,53
359,125,46,53
359,122,49,54
352,103,57,76
345,93,67,93
342,54,73,131
338,48,80,137
332,58,89,129
332,54,92,134
328,48,98,141
325,43,104,144
325,42,107,149
317,42,117,149
309,44,128,147
308,44,130,148
304,45,137,148
304,45,138,149
305,46,140,149
309,46,138,150
311,47,140,150
312,49,139,148
314,49,140,149
316,49,140,149
319,49,139,150
320,50,140,150
321,50,142,151
322,50,141,150
323,51,141,150
325,51,140,151
326,51,140,147
326,51,141,152
327,52,142,151
327,53,142,147
329,53,142,146
329,54,143,150
330,55,143,150
328,53,146,153
330,55,143,151
331,55,144,151
331,56,145,152
332,56,143,152
332,57,145,151
332,57,146,153
333,58,144,152
332,59,146,151
330,58,149,151
334,60,145,144
329,60,145,133
334,59,145,152
334,60,146,153
334,61,146,152
334,61,147,153
334,61,147,153
334,62,147,152
334,62,148,153
334,62,147,153
334,63,148,153
334,63,148,152
333,61,150,154
334,63,149,153
334,62,150,155
333,63,150,154
335,63,147,154
333,63,150,154
332,62,151,155
331,62,151,154
330,63,152,154
329,63,153,154
329,63,153,155
329,62,152,156
329,62,153,155
328,62,153,155
326,61,154,156
325,60,153,155
325,60,153,155
322,59,154,155
319,59,156,154
318,58,155,154
316,58,155,154
314,57,157,156
313,56,156,155
312,55,156,155
311,55,156,155
309,53,157,156
308,53,156,156
305,52,157,156
304,53,157,156
302,52,157,155
300,51,159,155
299,50,158,157
298,49,157,156
296,48,158,156
294,48,159,155
291,46,161,157
291,46,161,156
291,47,159,155
290,46,159,155
287,45,161,157
288,45,161,157
286,43,162,159
285,44,163,158
285,44,161,156
284,42,162,161
284,43,162,150
282,43,164,143
282,43,163,149
281,43,165,148
281,43,164,149
280,42,165,159
280,43,165,158
279,42,165,159
279,43,166,151
279,45,165,148
280,45,163,156
279,45,163,158
279,46,163,157
279,48,163,156
278,51,164,152
277,51,164,152
279,50,161,154
278,50,163,155
278,51,162,155
278,51,160,155
278,52,162,155
276,52,162,155
276,53,160,155
275,57,160,151
273,56,160,152
273,58,160,151
271,59,161,152
271,60,159,152
270,62,160,150
270,64,160,150
268,64,159,150
266,64,160,151
266,65,159,150
265,66,156,149
264,68,156,148
261,70,157,148
261,72,156,147
259,72,157,147
256,73,158,147
256,75,156,147
255,75,155,148
255,78,154,146
254,79,154,146
252,81,155,145
251,82,155,145
251,83,153,145
250,84,152,144
249,85,152,144
249,87,151,144
246,88,153,143
246,90,151,142
245,92,151,140
244,93,150,141
243,93,151,142
243,95,150,141
242,97,149,140
241,98,149,140
240,98,149,140
240,102,148,138
240,102,147,138
238,101,148,140
239,104,146,138
238,107,147,137
237,107,146,137
237,108,145,137
236,110,145,136
236,111,145,136
236,112,144,135
236,112,144,135
235,113,145,136
236,114,143,134
235,114,144,134
235,114,144,133
235,114,144,133
235,114,143,132
236,115,142,131
236,114,142,134
236,114,142,133
236,115,142,131
237,114,141,131
236,114,141,131
237,113,141,131
237,113,140,130
237,113,140,130
237,112,142,131
238,112,139,130
238,113,140,128
238,113,140,129
238,112,139,129
239,112,139,128
238,112,139,127
239,113,138,126
240,112,137,127
240,111,138,127
240,112,138,127
240,112,138,126
240,112,137,125
241,112,137,124
242,112,137,123
242,112,136,123
242,112,136,123
243,112,136,122
244,112,134,122
244,113,135,121
244,112,135,122
245,111,134,122
245,111,134,121
245,111,135,122
246,111,134,121
247,112,133,120
247,113,133,119
248,114,132,118
249,114,131,117
250,114,132,117
250,114,132,117
250,114,132,116
250,114,132,117
251,114,132,116
252,114,131,116
252,114,131,115
253,115,131,115
253,115,131,115
253,115,131,115
253,114,131,115
253,114,130,114
253,114,131,113
254,114,131,112
254,113,131,111
254,113,131,112
254,112,131,111
253,111,131,111
254,112,130,110
254,111,132,109
253,110,132,109
255,109,131,110
254,108,132,111
254,107,132,110
255,107,132,110
254,106,133,111
254,106,133,109
255,105,132,109
254,103,135,111
254,104,134,110
255,103,134,110
255,101,134,110
255,101,134,110
256,102,134,110
256,101,134,110
256,100,134,110
255,99,134,110
256,99,133,109
256,100,135,108
254,98,137,109
254,97,137,109
254,96,137,109
253,94,137,109
253,94,137,109
252,94,137,108
253,94,135,106
253,93,135,106
252,92,137,107
251,91,137,106
250,91,137,106
250,89,138,107
246,88,142,107
246,88,140,106
245,88,142,106
244,87,142,107
244,87,142,106
243,86,140,107
243,85,143,107
242,85,143,106
242,84,143,108
241,84,143,106
239,83,143,106
238,83,144,106
237,83,143,105
235,82,144,106
234,81,144,107
233,82,144,106
233,82,143,105
232,82,145,105
231,82,146,106
231,82,146,106
231,83,145,106
232,84,145,105
232,85,145,104
232,86,145,103
233,87,145,102
234,87,146,103
235,87,145,104
236,87,145,103
238,87,146,105
239,89,146,104
240,89,146,104
240,89,146,104
241,89,147,104
243,89,148,105
244,90,147,104
246,91,145,102
247,92,147,102
248,92,147,102
249,92,148,101
251,93,147,101
253,93,148,101
253,94,148,101
255,93,147,101
256,94,146,100
256,94,147,100
256,95,148,100
257,95,148,100
256,95,151,100
256,96,149,100
256,96,151,99
256,96,151,98
257,96,151,99
256,96,152,99
257,96,151,99
257,96,151,99
256,96,152,99
257,96,151,100
257,96,151,100
256,96,153,98
258,95,151,101
258,98,150,99
257,98,151,98
258,99,150,97
257,99,150,97
257,100,150,96
256,100,153,96
254,100,154,97
255,100,152,96
255,100,151,97
254,101,153,97
253,101,152,97
253,101,151,97
253,102,152,96
252,103,153,95
252,104,153,94
250,104,156,95
251,105,154,95
251,105,154,94
251,105,154,94
252,105,154,95
252,106,154,94
252,106,155,94
254,106,153,94
253,105,154,94
255,107,153,94
256,106,153,94
256,106,154,93
258,107,155,93
257,107,155,93
259,106,154,94
260,107,155,93
260,106,157,94
262,108,153,92
261,109,154,90
262,109,154,90
264,109,153,90
264,110,154,89
264,110,155,89
265,110,154,88
264,111,155,87
264,110,155,87
263,110,157,86
265,111,155,87
264,111,156,87
263,111,157,87
263,111,157,86
264,112,156,86
262,112,157,86
263,111,155,85
263,111,155,84
262,114,156,83
262,113,156,84
261,113,156,85
261,113,156,85
260,114,156,83
260,114,156,83
258,114,158,82
259,114,157,83
257,115,158,82
256,115,157,83
256,115,157,84
254,116,157,83
253,116,157,82
251,118,159,80
251,118,158,79
248,119,159,78
248,120,156,77
246,120,158,77
245,120,155,77
244,121,157,78
242,121,155,77
241,122,155,76
239,121,158,77
239,123,155,75
239,123,155,75
237,124,157,74
237,125,156,74
236,125,155,74
235,125,155,75
234,126,156,73
233,126,157,74
233,127,154,73
232,127,157,73
232,128,157,72
232,129,158,71
232,129,158,73
232,130,158,72
232,130,158,72
232,129,157,73
231,129,159,73
232,130,158,72
232,130,159,72
233,130,159,73
233,130,159,75
234,129,158,75
234,129,160,76
235,130,159,75
235,130,159,74
235,130,161,76
235,130,161,75
236,130,161,75
237,130,161,76
244,130,154,77
238,130,161,77
239,130,162,78
240,130,161,77
242,131,161,79
242,131,161,79
243,131,162,78
244,131,161,79
245,132,162,79
246,132,162,79
248,133,162,80
249,133,162,80
250,132,162,81
249,133,161,80
252,135,162,80
253,135,162,80
253,135,163,80
253,133,165,83
255,134,163,82
257,135,162,81
256,135,163,81
256,134,163,82
257,133,163,82
257,132,165,83
257,131,165,85
258,130,164,86
258,129,163,87
258,129,165,87
259,129,164,86
258,129,165,86
258,128,165,86
258,128,164,85
258,127,164,85
257,127,164,85
257,127,162,84
256,127,164,87
256,126,163,89
255,126,164,89
253,126,165,88
252,125,165,88
251,124,165,88
249,124,166,88
248,123,166,88
246,123,166,91
244,123,166,91
243,123,166,91
242,123,166,91
241,123,166,91
240,122,166,91
237,122,166,91
235,122,166,91
234,122,162,91
233,121,162,95
232,121,161,95
230,121,161,97
229,121,161,96
228,121,161,95
225,121,163,95
224,120,163,97
223,120,163,97
222,120,163,98
221,120,163,98
220,120,163,98
219,120,163,98
219,120,163,98
218,120,163,98
218,122,163,99
217,122,163,99
215,123,163,99
215,123,163,99
215,123,163,99
215,123,163,99
215,123,163,99
215,123,163,99
214,123,163,100
213,123,163,100
213,124,163,100
213,124,163,100
212,126,163,100
212,126,163,100
211,127,163,99
213,127,162,101
213,127,162,101
213,129,160,98
213,130,159,97
213,131,158,99
213,132,158,100
213,133,158,101
214,133,156,102
214,134,155,101
214,135,155,100
214,136,155,100
215,136,155,99
216,136,155,100
216,137,154,100
216,137,153,99
217,138,154,100
217,138,154,99
217,138,154,98
218,138,154,99
219,138,153,98
220,138,152,97
220,139,151,98
220,139,150,97
222,139,151,96
222,139,149,95
223,138,147,98
222,138,148,99
222,139,148,98
221,138,148,98
221,138,148,98
221,138,147,98
221,138,147,98
222,139,145,97
222,139,144,96
222,138,146,97
222,137,145,97
223,137,143,97
224,138,143,97
224,138,142,96
223,139,141,95
225,139,143,97
227,137,142,98
227,138,141,98
227,138,141,97
229,139,140,96
230,139,139,95
230,139,139,96
231,139,138,95
231,139,138,96
231,138,137,96
232,138,139,97
233,138,138,98
232,138,137,96
234,136,138,98
234,135,139,99
235,133,138,100
236,132,138,99
236,131,138,99
237,130,138,99
238,130,137,98
238,129,137,98
238,128,137,98
239,127,138,99
239,126,138,99
239,126,138,100
239,125,139,99
241,125,137,98
242,125,136,99
243,124,136,100
243,123,136,101
243,123,137,101
243,123,137,101
244,123,137,101
245,124,136,101
246,125,136,100
247,126,136,100
248,127,136,99
248,128,136,99
249,129,135,99
249,129,135,99
249,130,134,99
250,128,135,101
250,128,136,101
250,128,137,102
251,128,136,102
252,128,134,102
252,128,135,101
254,128,133,101
255,126,133,102
254,127,134,101
254,126,134,102
254,126,135,102
254,125,134,103
254,125,134,103
254,126,135,103
256,126,133,102
256,126,134,103
257,127,133,104
257,128,134,103
258,128,133,104
259,129,132,103
259,129,132,103
259,130,132,104
259,130,133,104
259,130,132,104
259,130,132,104
259,131,132,104
260,132,132,104
259,133,132,104
260,133,132,104
260,134,131,104
260,133,130,104
260,133,131,104
260,133,131,104
260,136,131,102
261,136,130,102
262,137,129,102
263,137,129,103
262,137,129,103
263,138,130,103
263,137,131,104
263,137,131,104
264,137,131,105
265,138,130,105
264,138,131,105
264,138,133,105
266,138,133,105
266,138,134,105
265,138,134,106
268,138,133,107
269,138,133,107
269,137,134,108
269,137,135,109
269,137,136,109
271,137,136,109
270,136,136,110
271,136,137,111
271,136,138,112
272,135,138,113
272,135,139,114
272,134,140,115
273,133,139,116
272,134,139,116
272,133,142,116
271,133,142,116
270,133,143,115
269,132,143,117
268,130,144,120
267,130,144,121
265,130,146,122
263,129,148,123
261,128,148,124
260,128,148,123
258,127,148,123
257,126,149,123
253,126,152,123
252,125,153,126
250,125,154,126
248,124,155,128
247,123,156,130
247,122,155,131
245,121,156,131
243,121,159,133
241,120,160,133
240,119,160,134
239,118,161,135
238,119,163,138
238,117,163,141
237,116,164,141
236,116,165,141
236,117,167,140
235,115,168,141
235,115,169,143
236,114,169,143
237,113,170,143
236,113,172,145
237,111,172,145
236,110,175,148
236,108,176,150
237,108,175,151
237,107,177,151
237,106,177,152
237,104,178,153
236,103,180,155
235,103,182,155
235,102,182,155
234,100,183,157
233,98,185,159
233,98,186,159
231,98,187,160
231,96,188,161
230,94,189,163
228,92,189,165
227,91,192,167
226,92,193,166
225,90,194,166
224,89,196,167
221,88,198,168
220,86,199,171
220,85,200,172
220,85,201,172
220,83,201,174
217,82,203,174
217,81,204,174
216,80,206,176
214,79,207,177
212,78,208,178
210,77,209,177
207,77,209,180
206,75,213,182
205,74,215,183
204,73,216,186
203,72,215,187
200,70,218,189
199,68,222,192
200,67,218,192
197,68,220,191
194,66,223,194
192,66,225,195
190,65,226,197
187,63,228,199
186,63,228,200
185,62,230,202
183,62,232,201
180,60,235,205
180,59,234,207
177,59,237,208
176,57,239,210
174,56,239,211
171,55,241,213
169,53,241,215
167,53,242,214
165,52,242,215
162,51,246,217
159,49,246,218
155,48,248,221
154,46,247,220
152,45,248,222
150,45,248,222
145,44,251,223
144,42,251,225
142,41,252,226
139,39,253,229
136,39,255,229
133,38,256,230
132,36,258,232
130,34,259,234
130,36,259,232
130,35,259,234
129,34,260,235
128,35,262,235
127,34,263,236
128,34,263,236
129,35,263,238
130,36,263,238
131,37,266,238
133,36,265,240
134,38,267,238
136,38,267,239
138,39,266,239
139,40,266,239
141,40,266,240
144,40,266,241
145,41,266,241
146,42,267,241
148,43,268,241
149,45,268,239
150,47,266,236
153,47,264,239
153,49,264,238
153,46,264,242
153,47,266,241
153,50,266,241
154,49,267,241
156,50,267,241
157,50,266,244
156,52,269,241
159,53,265,241
158,54,267,240
159,56,266,239
160,56,264,239
158,57,267,238
160,57,265,241
159,58,266,240
158,58,267,239
159,60,265,238
158,58,266,241
159,60,265,239
159,61,265,238
160,61,264,238
160,61,264,238
159,59,267,241
159,61,266,239
159,61,266,239
161,62,264,238
161,64,264,237
160,62,267,240
161,65,266,236
161,63,264,239
161,65,266,237
160,65,266,237
160,64,267,238
158,63,267,239
159,65,264,237
158,66,265,236
159,67,263,236
157,68,265,235
158,66,267,237
155,67,267,237
155,69,266,235
155,65,265,238
155,65,266,238
155,65,266,237
155,66,266,236
153,67,267,237
150,67,269,237
150,68,269,237
148,69,271,238
150,70,268,235
149,69,267,236
147,70,268,236
147,69,268,236
147,70,268,235
144,69,270,236
145,69,269,236
145,68,269,235
145,67,268,235
145,66,268,236
145,65,268,236
144,66,268,234
146,65,269,234
144,65,270,235
147,65,268,235
148,61,267,235
146,61,267,236
148,61,268,233
147,60,269,233
149,58,268,234
148,58,269,235
147,57,271,237
145,57,271,232
150,55,267,232
148,53,267,233
147,53,270,233
149,55,266,230
152,53,264,232
150,53,264,232
150,51,268,233
149,49,268,233
150,49,268,233
150,53,267,230
149,51,267,229
151,52,266,230
148,51,268,230
148,52,267,229
150,51,266,230
148,50,268,231
150,52,267,228
149,51,267,230
149,50,267,230
151,51,266,231
152,51,266,230
152,51,266,230
152,51,266,231
151,51,268,229
151,52,269,228
150,52,270,229
153,52,268,227
155,52,270,229
155,52,271,230
155,53,270,230
157,53,270,229
158,53,270,228
159,53,270,228
161,53,270,228
162,53,270,228
164,54,270,229
165,55,270,228
165,56,270,228
167,57,271,226
169,57,269,224
171,58,268,224
171,59,269,224
174,60,269,224
178,60,265,224
178,61,266,223
181,61,266,223
182,61,266,222
182,62,268,220
185,62,267,220
187,63,267,220
188,63,266,220
189,63,266,219
190,63,267,218
191,63,267,218
192,63,268,220
195,63,266,218
196,63,267,217
199,63,266,217
201,64,265,217
203,64,264,216
205,65,265,216
207,65,265,216
209,66,265,214
211,66,265,214
213,66,267,216
218,66,264,213
222,67,263,212
224,69,262,211
227,70,262,213
231,71,262,207
233,71,262,207
235,72,262,207
240,72,261,206
245,73,256,205
249,76,254,201
250,75,255,204
250,76,255,204
250,77,255,204
248,77,256,204
249,78,256,204
248,78,258,204
251,79,250,199
249,79,253,200
250,80,252,200
250,80,251,200
250,80,251,200
248,81,252,198
249,81,251,197
249,82,250,196
251,83,248,195
250,84,248,195
249,84,250,195
253,85,245,192
255,86,242,191
256,87,240,190
257,88,239,187
257,88,239,186
257,88,240,186
257,89,235,183
257,90,234,180
256,90,233,180
257,88,231,181
258,88,228,181
257,89,228,179
256,88,227,177
254,88,226,177
254,89,224,175
252,88,221,176
249,87,223,174
246,87,222,173
243,86,221,172
242,88,219,171
241,87,216,170
238,88,215,168
235,88,216,167
237,88,211,168
234,89,212,167
232,89,214,167
232,87,213,166
231,89,212,165
233,91,208,162
233,93,207,161
232,94,207,160
234,95,203,159
234,96,204,159
233,97,204,158
233,97,202,159
232,98,201,158
233,98,200,158
234,101,199,155
234,101,198,154
235,102,198,154
235,102,197,154
235,102,196,154
235,105,196,151
238,105,195,151
237,106,194,150
237,106,193,150
237,107,192,149
241,108,188,148
242,109,186,146
242,109,189,147
245,112,184,143
245,112,185,144
246,111,185,145
247,112,185,144
246,111,189,145
249,112,184,146
249,113,185,144
250,113,185,145
251,112,184,146
251,113,185,145
251,114,185,144
252,114,185,143
253,114,185,145
254,114,184,147
253,113,184,148
254,113,187,150
256,114,185,148
256,114,185,148
257,115,184,146
257,116,184,146
257,117,185,147
257,117,186,148
256,118,186,146
255,119,186,146
253,120,186,145
251,121,187,146
249,119,187,147
249,119,189,147
248,119,190,148
248,119,190,148
246,120,188,147
248,119,187,147
247,119,187,147
248,119,186,146
248,120,187,146
247,120,187,146
245,119,189,147
246,119,188,147
246,119,188,147
244,119,188,147
242,119,189,148
242,119,189,148
243,119,189,148
244,119,188,147
245,119,188,147
245,119,188,147
245,119,187,146
244,119,186,145
245,119,187,146
244,119,187,146
244,119,187,146
244,119,189,145
243,119,188,145
242,119,188,145
243,119,190,145
243,119,189,144
243,119,189,144
245,120,184,144
243,120,186,143
241,120,188,142
241,120,187,144
244,119,185,144
244,121,186,143
242,120,187,142
243,120,188,143
243,118,189,144
243,119,184,143
243,118,185,144
241,119,185,142
241,118,185,142
239,117,188,144
239,117,186,143
239,118,186,142
239,117,186,142
238,118,186,142
238,117,187,143
237,118,187,141
238,116,187,143
238,116,186,143
238,114,190,144
238,114,190,144
238,114,186,143
236,114,187,143
234,114,188,143
232,113,188,143
232,112,188,143
231,112,189,143
230,112,189,143
228,111,188,143
227,110,190,144
225,109,190,144
225,110,188,143
222,110,190,143
223,108,187,144
221,108,189,142
220,107,188,142
219,107,190,141
219,106,187,141
217,106,189,140
217,105,187,140
219,105,186,141
218,105,187,138
218,105,187,138
217,103,189,140
218,103,188,139
218,101,187,142
218,101,187,141
217,100,189,143
217,100,189,141
217,101,189,139
217,98,190,142
217,99,191,141
220,98,189,141
220,96,189,143
220,96,189,143
219,96,191,143
219,96,190,144
220,97,189,140
220,96,188,142
219,97,189,140
219,96,189,141
219,96,188,141
219,96,189,142
218,96,190,142
218,95,190,142
218,96,190,141
219,97,189,140
219,96,188,140
218,95,188,143
217,95,188,142
214,95,190,141
213,95,190,141
213,94,189,141
211,94,190,142
212,95,190,141
211,94,192,140
208,92,190,144
207,94,191,139
206,93,190,141
203,91,191,141
202,91,193,140
202,90,189,141
201,90,191,140
200,88,191,142
199,88,193,142
197,88,194,142
197,87,194,142
197,87,193,141
197,87,193,140
196,87,194,141
196,85,191,142
196,87,193,141
196,86,192,141
194,85,194,142
197,86,191,141
198,86,190,140
199,85,190,141
199,84,191,141
201,85,190,140
201,84,190,141
200,84,192,141
201,84,190,141
202,84,190,140
204,84,189,139
203,83,190,141
203,83,190,141
205,83,190,140
205,83,191,140
206,82,191,140
206,81,192,141
208,81,190,141
209,83,190,139
208,81,191,142
211,83,190,141
211,83,191,140
214,83,189,139
214,84,190,140
214,84,192,141
215,84,192,141
216,84,192,142
221,85,187,140
222,84,188,140
223,84,189,140
222,84,190,141
224,85,190,140
223,85,192,140
226,86,190,139
225,86,192,139
227,86,191,139
228,85,191,140
229,85,192,139
230,85,192,139
231,84,192,139
232,83,192,140
232,83,193,140
233,83,193,140
233,83,193,140
235,83,193,139
236,83,191,141
238,83,190,140
238,83,191,141
239,82,191,141
240,82,191,140
241,82,192,139
241,82,192,139
243,81,191,139
243,80,192,139
246,80,189,141
247,80,189,141
246,80,189,140
245,80,192,139
247,80,190,139
246,80,189,138
246,81,194,139
245,81,194,139
246,80,195,138
248,80,194,137
250,80,193,138
250,78,194,140
250,78,194,141
250,78,194,141
250,79,195,141
249,78,196,141
250,79,196,141
250,79,195,141
250,79,195,141
250,79,197,141
250,80,197,138
252,79,195,139
254,79,193,138
255,79,193,138
254,79,195,137
255,79,193,138
253,76,196,141
254,79,194,138
254,79,195,139
253,78,195,140
254,78,194,140
254,77,194,141
253,79,196,138
255,79,193,137
255,79,194,137
254,78,195,137
254,77,195,138
255,77,193,138
255,77,196,140
255,76,194,138
254,77,196,137
254,75,195,139
252,77,197,137
253,76,197,139
254,76,196,138
254,76,195,137
253,75,196,137
251,74,195,139
249,75,195,137
248,73,194,139
247,73,196,140
245,73,196,138
241,72,195,138
238,71,195,138
235,71,195,137
231,69,197,136
230,68,195,135
226,65,198,136
222,64,199,134
220,63,199,134
218,62,200,136
215,61,200,135
215,60,199,134
213,59,198,135
214,58,196,135
212,57,199,136
210,56,199,137
208,55,199,138
206,54,199,138
204,53,200,139
205,54,198,136
205,54,198,137
205,54,197,136
203,55,199,135
203,55,200,136
202,56,199,135
202,56,200,134
202,56,199,135
203,57,198,135
204,57,198,135
204,58,198,135
205,58,197,138
205,59,197,136
204,59,197,136
206,61,196,137
204,62,198,137
204,64,198,135
204,63,199,135
204,64,199,135
205,66,200,136
206,68,200,136
206,68,201,137
208,69,199,135
208,69,200,135
208,70,201,136
209,71,202,137
211,73,203,135
210,74,201,134
211,75,201,135
212,76,200,134
212,78,200,134
214,79,200,134
213,80,203,134
214,81,203,134
216,84,200,134
216,85,203,133
216,85,200,135
217,86,203,135
220,87,198,136
220,89,201,135
221,89,199,133
223,90,199,134
220,92,202,134
221,92,202,135
222,93,202,132
223,95,200,133
222,96,201,132
225,96,199,135
223,97,200,133
224,97,200,134
225,99,201,132
225,100,199,132
225,101,201,132
224,100,200,134
223,101,204,134
225,101,202,133
227,102,200,131
228,102,200,132
227,103,201,132
226,103,202,131
226,103,202,132
226,104,202,131
226,104,202,132
226,104,202,132
226,104,203,131
226,104,205,131
227,104,204,131
227,103,205,132
227,103,204,131
228,103,204,131
228,103,204,131
227,103,204,131
227,103,204,131
227,102,204,131
227,102,203,130
228,102,203,130
226,102,202,131
225,102,203,132
227,102,204,133
226,101,204,133
227,100,202,133
227,99,203,134
227,99,202,134
229,98,200,133
229,98,199,131
229,97,200,132
228,96,199,132
228,95,200,132
225,96,201,133
224,94,203,135
224,94,205,135
223,94,205,133
223,93,205,135
224,93,204,132
224,91,204,133
223,90,204,133
223,90,204,134
223,89,205,135
222,89,205,135
221,88,205,135
224,87,204,134
225,86,203,133
226,87,203,131
226,86,206,133
227,83,206,134
227,82,206,134
226,82,208,134
227,82,208,135
228,81,208,137
229,80,207,136
229,80,206,134
230,80,207,135
232,81,207,134
232,81,207,133
233,82,207,133
232,81,208,132
232,81,208,131
233,81,208,131
233,81,207,132
233,81,207,132
233,82,207,131
234,83,208,130
235,83,206,129
236,83,207,130
237,82,208,132
238,82,210,130
239,82,206,130
239,81,207,130
240,81,209,129
242,82,206,129
243,82,207,130
243,81,209,129
244,81,211,129
246,80,208,130
247,78,211,131
250,79,207,131
251,80,208,129
252,79,208,129
254,80,206,128
255,79,207,128
253,80,210,128
256,80,207,127
256,80,207,128
256,80,208,128
256,80,208,128
256,80,208,129
256,83,208,127
257,81,207,129
257,84,208,127
257,84,209,127
256,85,208,127
257,84,208,128
257,85,209,128
256,86,209,127
254,85,213,129
252,84,214,130
251,85,215,131
251,84,217,131
250,84,217,132
250,84,215,132
249,83,217,133
246,83,219,133
247,83,218,133
247,83,219,133
246,81,220,136
245,81,223,136
245,81,223,135
244,81,225,137
244,81,226,136
244,80,227,137
243,79,229,138
242,79,230,137
242,78,231,139
242,77,231,141
240,78,233,139
238,77,237,139
236,77,237,139
237,75,239,141
235,74,241,142
235,74,242,143
233,73,246,144
230,73,249,145
230,70,250,149
229,69,251,148
226,66,255,150
227,65,257,153
226,64,256,151
224,61,256,154
223,60,260,155
222,59,261,155
220,58,263,157
217,57,266,156
213,52,270,161
213,53,270,159
210,51,273,161
207,49,276,161
204,47,278,162
200,46,281,166
197,44,286,165
198,43,284,168
196,41,287,168
195,40,290,168
194,38,292,169
193,38,293,171
192,36,295,174
191,34,298,174
188,33,301,176
188,32,303,176
189,32,305,179
194,33,304,180
192,34,308,180
193,35,312,182
195,35,312,181
196,35,314,181
196,35,317,183
194,36,317,183
195,36,320,183
193,35,323,184
194,36,325,185
194,36,327,186
194,36,323,187
194,35,324,187
193,35,325,186
193,35,326,185
193,34,326,186
193,33,326,188
192,33,326,187
191,33,327,186
191,33,326,185
190,33,326,187
189,32,327,187
189,34,326,185
188,34,325,186
187,35,325,186
187,35,325,186
185,37,326,184
184,38,326,185
186,40,323,183
184,38,325,185
182,39,324,185
181,40,324,186
180,40,326,185
180,44,324,181
181,42,324,185
180,42,323,183
179,43,324,185
178,43,324,185
179,43,324,185
178,45,324,184
179,45,324,184
178,46,324,183
177,47,324,179
175,47,324,179
173,48,326,179
174,47,326,180
173,48,326,179
174,49,324,178
175,50,321,176
174,50,322,176
173,49,323,178
172,51,328,178
171,50,328,176
170,49,327,177
171,49,327,176
168,49,327,177
169,51,328,177
168,51,326,176
167,53,328,176
166,51,327,176
164,52,326,174
165,53,326,174
164,53,326,173
163,54,326,170
162,54,326,172
162,54,325,171
162,54,324,170
164,53,322,171
162,53,323,171
160,53,324,171
160,53,323,170
160,52,324,171
159,52,324,171
159,51,324,171
157,51,324,172
158,50,324,172
158,50,322,172
158,49,322,171
156,48,322,172
153,47,324,173
154,49,322,171
154,49,322,171
154,51,321,168
153,51,322,169
149,51,323,168
148,51,323,167
147,51,324,167
146,50,323,168
144,50,323,165
145,49,322,166
144,49,322,164
143,48,321,167
141,48,320,165
142,48,319,165
140,49,320,164
139,48,319,164
138,49,319,162
137,50,319,164
137,50,318,162
137,49,320,164
138,49,318,162
138,49,318,161
137,49,319,158
138,49,319,159
138,48,319,161
138,47,319,162
140,49,317,160
141,49,318,159
141,48,317,161
144,50,317,159
147,52,316,156
146,52,317,158
146,51,316,158
147,51,317,157
149,50,317,158
149,50,316,158
149,50,317,155
150,50,316,157
151,49,315,156
153,49,313,155
153,50,314,155
154,50,313,152
156,48,313,155
157,48,312,153
161,48,309,152
160,48,311,152
160,47,313,153
161,46,312,152
161,46,312,152
163,46,310,150
165,44,307,151
164,44,308,152
163,44,309,150
163,45,308,149
162,45,308,148
161,45,307,151
158,44,308,150
159,44,306,148
159,44,306,147
157,44,306,148
158,45,305,144
157,45,304,147
155,43,304,147
152,43,306,147
153,43,304,145
152,44,303,144
151,45,302,142
148,43,301,146
146,42,302,146
143,45,301,144
142,45,301,143
142,46,300,143
143,45,298,143
143,46,296,141
142,46,295,140
144,46,293,140
143,45,293,142
144,46,290,141
145,46,288,139
144,45,288,140
144,46,287,139
145,46,286,140
148,49,284,139
150,47,284,139
152,52,283,136
154,53,279,134
156,57,277,131
155,60,276,129
159,59,273,131
159,59,273,131
159,60,273,133
157,61,274,131
156,61,275,131
154,62,275,132
153,64,275,131
153,64,275,133
151,66,274,132
148,65,275,134
148,67,273,133
147,67,273,134
146,67,273,135
146,69,273,134
143,68,273,137
145,72,272,134
142,71,274,136
141,71,274,137
142,71,274,136
145,74,270,136
145,74,270,137
146,77,269,135
144,78,271,135
144,78,272,135
146,79,270,136
146,80,268,135
146,80,269,137
147,81,269,136
148,83,269,135
148,84,269,137
149,85,269,137
150,87,268,134
150,88,268,134
152,88,265,136
151,89,268,135
152,90,267,134
152,90,267,136
153,90,268,138
154,91,268,138
156,92,267,136
157,93,268,135
157,95,266,134
159,94,266,136
159,93,265,138
162,94,266,137
161,94,266,140
164,96,265,137
166,97,265,137
167,97,265,138
167,99,266,138
169,98,266,139
169,98,266,141
171,98,264,139
171,100,265,138
174,98,263,141
175,98,263,141
174,98,264,141
176,98,265,140
178,98,262,139
178,98,262,139
178,98,265,138
177,96,261,139
177,95,263,138
175,92,262,140
174,90,262,140
173,88,263,139
172,86,263,141
170,84,263,141
168,82,262,143
168,83,262,140
167,81,262,142
165,80,263,140
164,78,263,141
161,76,264,141
162,74,264,142
162,72,261,142
159,72,264,142
161,69,261,143
159,68,261,143
159,69,261,140
158,66,262,145
156,66,261,143
155,64,260,145
155,65,261,143
152,65,262,143
150,65,262,143
148,63,261,144
146,63,262,143
143,61,262,143
140,60,262,146
142,60,259,145
139,61,262,143
138,60,259,145
135,58,259,147
133,57,259,146
131,58,260,146
129,57,260,146
128,56,259,145
127,56,258,144
126,55,258,145
123,54,257,146
119,53,260,147
116,52,261,148
117,52,258,147
115,52,257,146
113,51,256,147
114,52,255,147
112,51,255,146
111,51,257,147
111,53,257,147
110,53,257,146
108,54,260,146
110,53,257,144
109,54,258,143
109,56,257,142
109,56,258,141
109,56,257,142
109,56,256,143
109,56,257,143
109,57,255,143
109,57,254,144
108,57,255,144
107,57,256,145
107,58,255,144
107,59,255,144
107,59,254,143
107,59,254,143
106,59,254,143
107,59,254,145
106,59,255,145
107,59,253,146
107,59,253,145
106,59,253,145
106,59,255,147
107,59,254,147
106,59,255,147
106,59,254,146
107,59,255,148
107,59,254,148
107,59,255,149
107,59,255,149
110,60,252,149
110,60,252,149
110,61,252,149
111,61,252,150
111,61,252,150
111,61,253,150
110,61,255,152
110,61,255,152
113,64,253,150
115,65,252,149
115,65,252,150
116,65,253,150
118,65,252,152
120,65,252,153
122,65,251,154
124,68,250,152
127,70,250,151
130,72,249,149
133,72,247,150
135,73,249,150
136,72,249,152
138,73,250,152
142,74,250,152
145,77,249,150
147,78,248,149
149,77,249,150
152,77,248,151
155,77,248,153
158,79,247,151
160,79,246,151
162,78,246,152
164,77,246,154
166,77,245,155
167,76,244,154
166,75,244,154
166,74,244,154
166,74,244,155
165,73,243,153
164,72,244,154
164,70,243,155
163,68,244,155
162,68,244,155
162,67,244,155
160,66,244,155
160,64,244,155
159,65,245,155
160,64,243,155
162,63,240,155
160,62,241,155
160,62,240,155
160,61,238,155
158,61,238,154
157,60,239,154
157,59,238,155
156,59,236,154
155,59,237,154
155,58,236,155
155,57,235,156
153,56,235,156
153,56,234,154
152,55,236,154
151,54,236,154
151,53,235,153
150,52,236,155
149,51,237,155
150,50,236,155
150,51,236,155
151,50,235,156
151,49,236,158
153,49,235,158
153,49,235,159
154,48,235,160
154,50,235,158
156,50,234,158
157,51,234,158
157,50,233,158
158,50,233,159
159,50,233,158
160,51,233,159
161,51,232,157
162,51,232,157
163,51,232,158
164,51,232,158
166,52,231,158
167,52,231,158
167,52,231,158
169,52,230,159
170,53,230,159
171,53,230,160
171,54,232,158
172,53,230,158
173,52,229,158
172,52,229,157
171,50,230,158
169,48,230,159
168,48,230,158
167,47,230,158
167,46,229,159
166,46,228,157
165,45,227,156
164,44,227,156
161,43,228,156
160,42,228,157
159,40,227,157
156,38,227,158
153,38,230,158
151,38,229,157
150,37,228,157
148,36,228,157
147,34,227,159
145,33,227,159
143,32,225,157
140,31,227,158
138,30,226,157
135,31,227,155
132,29,227,156
130,27,228,156
128,27,225,156
126,26,226,156
123,24,226,157
125,24,223,157
124,25,224,157
124,26,225,156
124,27,224,155
125,28,224,155
125,29,224,154
126,30,225,156
128,30,224,157
128,31,224,157
129,33,224,156
131,35,223,154
131,36,225,156
132,38,225,154
134,38,223,155
135,39,222,154
135,41,222,152
135,42,223,153
135,43,223,153
135,43,223,152
137,44,223,152
136,44,223,152
139,45,222,152
141,45,221,152
141,46,221,152
142,45,221,152
142,45,222,152
143,44,222,153
144,45,222,153
146,44,222,153
146,45,222,154
147,44,221,154
147,45,221,153
150,45,219,153
150,47,221,152
151,47,220,152
153,47,218,151
153,47,219,152
154,46,218,153
154,45,218,152
154,44,218,152
154,44,218,153
154,44,218,153
154,44,218,153
154,44,218,153
154,44,219,153
154,44,219,152
155,46,219,150
156,45,218,150
157,47,217,147
158,45,217,150
159,45,216,151
158,46,216,150
158,46,219,150
159,47,217,149
160,47,217,149
159,47,217,148
160,47,216,148
159,47,219,149
159,47,219,149
160,47,218,148
161,48,217,149
161,49,217,149
162,50,215,149
160,51,217,148
160,53,217,146
163,54,214,146
163,55,214,145
161,55,215,145
161,56,215,144
160,57,216,144
160,58,215,144
160,59,214,145
160,60,214,145
159,60,215,145
158,61,214,144
156,61,214,144
156,62,215,145
156,65,213,141
155,65,213,141
154,65,212,140
153,66,213,141
152,67,211,140
150,67,212,141
149,66,212,141
147,65,211,141
145,64,212,141
143,63,211,141
142,62,212,141
140,61,211,140
140,60,211,140
138,59,211,140
137,59,211,140
136,58,211,140
135,57,211,140
134,57,211,139
133,56,211,139
132,56,210,138
131,55,211,138
130,55,211,138
130,55,211,138
130,55,210,138
129,55,209,136
129,55,211,137
129,55,210,136
130,53,209,139
130,53,210,139
130,53,211,139
131,55,211,139
131,56,211,138
132,57,210,137
132,57,212,138
134,59,210,137
134,59,212,137
135,60,211,136
136,62,211,134
138,63,211,135
139,63,211,135
139,63,212,136
144,66,210,134
146,67,208,134
148,67,207,135
149,68,208,135
150,70,208,134
151,70,209,134
153,73,208,133
155,73,207,133
156,74,208,133
158,75,206,133
159,77,207,132
161,78,206,132
162,79,206,132
164,81,206,131
166,82,204,130
168,83,205,130
168,83,206,132
168,84,206,131
170,86,206,130
171,86,206,130
173,86,205,131
175,86,204,132
175,89,205,130
177,89,203,130
177,90,204,129
178,91,203,128
179,90,203,130
180,90,203,130
181,90,202,130
182,90,202,130
182,90,203,131
182,90,203,130
183,89,202,129
184,87,202,130
183,85,203,131
186,85,200,130
186,84,201,130
186,83,200,129
186,80,200,130
187,77,200,131
187,74,199,132
187,72,200,132
187,70,200,132
187,68,200,133
187,66,200,133
187,65,199,133
188,63,199,133
189,61,197,133
189,58,199,135
189,59,199,133
189,56,199,133
189,55,198,133
189,54,198,133
189,52,199,133
189,51,198,133
189,50,198,133
190,49,196,134
190,49,196,134
189,49,197,133
189,49,197,132
189,49,196,132
188,48,197,133
190,48,195,133
189,46,195,135
189,46,196,135
189,44,194,136
188,45,196,135
188,45,195,135
188,45,195,135
187,44,196,135
187,44,195,134
187,45,195,134
187,45,194,133
186,45,194,133
186,45,194,133
185,44,194,134
185,44,194,133
185,44,194,133
184,44,194,133
183,43,194,134
182,44,194,133
182,43,194,134
181,43,194,133
180,43,194,133
178,42,195,134
180,43,192,133
179,43,192,133
178,42,192,133
177,40,193,135
176,40,193,135
175,40,193,135
174,40,193,135
173,40,193,135
172,40,193,135
172,41,193,134
171,42,193,134
172,42,191,134
171,42,191,135
170,43,191,135
169,44,191,135
168,45,191,135
166,46,192,135
165,47,192,135
167,49,191,135
166,50,190,135
166,51,189,135
166,52,189,135
165,53,189,135
165,54,189,134
164,55,189,134
164,56,189,134
163,57,189,134
163,58,189,134
163,60,188,134
161,61,191,133
162,62,189,132
162,63,189,132
162,63,189,132
162,64,190,133
162,64,190,134
162,65,190,133
163,65,190,134
164,66,189,133
164,67,189,133
165,68,189,132
165,68,189,132
166,68,188,132
166,69,189,131
166,69,188,131
167,70,188,131
168,71,188,131
169,69,187,132
170,70,187,132
171,70,187,132
171,71,187,131
172,72,187,131
172,72,185,130
174,72,187,131
168,73,194,131
169,73,194,132
170,73,193,132
170,73,194,132
171,73,194,132
173,73,194,133
175,73,193,133
175,73,194,133
176,73,193,133
177,75,194,132
178,76,193,131
179,77,193,130
181,78,192,128
182,78,192,129
182,77,193,129
183,77,193,130
184,77,193,129
185,77,193,130
186,77,192,130
186,77,192,129
187,77,191,129
187,77,192,128
187,76,192,128
187,77,192,127
188,76,192,128
188,77,192,127
189,76,191,128
189,76,191,128
189,76,191,128
189,77,190,127
189,78,190,126
188,78,190,126
188,79,190,126
187,78,190,125
187,78,189,127
185,78,191,127
184,78,191,128
185,78,191,128
184,78,191,128
184,78,191,128
184,78,190,128
184,78,189,128
181,77,190,129
180,76,190,131
180,77,189,130
178,76,188,130
177,76,188,127
177,77,187,124
177,77,186,115
177,78,185,114
174,78,180,110
171,77,169,107
173,77,165,103
171,76,189,131
172,75,188,131
173,77,186,128
172,75,187,130
173,76,186,130
171,75,188,132
171,75,187,131
172,76,186,130
176,76,183,129
176,76,184,129
176,76,184,129
176,75,183,130
176,74,183,130
176,72,183,132
179,72,180,132
179,72,180,132
174,76,186,127
174,73,186,130
174,74,186,128
174,73,186,128
174,72,186,128
173,71,187,128
175,70,186,128
175,68,186,129
175,67,186,129
174,67,187,128
176,65,186,130
177,63,185,130
177,63,185,130
177,65,186,127
177,65,186,126
178,65,185,125
179,65,185,125
178,64,186,125
178,65,186,123
178,63,186,125
178,60,185,127
178,60,185,126
178,59,185,125
178,59,186,125
177,57,186,126
177,56,185,126
177,55,185,126
177,54,185,126
176,53,185,126
175,52,185,126
174,52,185,126
173,53,186,125
172,54,186,125
171,55,185,123
170,56,184,123
169,57,184,124
168,58,183,123
165,59,186,124
164,59,185,123
163,59,184,124
162,58,184,125
162,58,184,125
160,58,185,126
159,58,185,125
157,59,186,124
156,60,186,123
153,59,188,124
156,60,184,124
154,60,184,124
152,60,186,124
152,60,185,125
150,61,186,124
149,61,186,124
149,62,185,123
148,63,185,123
147,62,186,123
147,64,179,122
148,65,167,122
146,64,184,123
148,65,183,120
146,65,184,123
146,65,184,123
147,65,182,123
147,67,183,122
146,66,184,123
146,66,184,124
146,68,184,123
146,70,185,122
147,71,184,121
146,73,185,121
148,73,183,121
146,74,185,120
159,74,172,121
154,73,176,123
148,74,183,122
148,75,182,122
147,77,184,121
147,78,183,120
146,78,184,120
146,78,183,120
145,77,184,121
145,76,184,122
145,75,184,123
145,74,184,124
145,74,182,124
145,73,182,125
145,78,182,121
144,78,182,120
143,78,183,121
143,79,182,120
143,79,182,120
143,80,183,120
143,80,183,120
143,80,182,120
143,80,182,120
143,81,182,120
143,82,182,120
143,82,182,119
143,82,181,118
143,83,180,117
143,84,181,117
142,84,182,117
141,84,183,117
140,84,183,117
141,85,183,116
141,85,183,116
141,84,183,117
141,84,183,117
141,83,182,117
141,83,183,117
141,84,183,117
140,84,183,117
142,84,183,117
144,84,183,117
145,85,182,117
146,86,182,116
145,84,183,117
146,84,183,117
146,83,183,117
147,83,183,117
147,82,184,118
147,81,185,119
149,80,183,120
151,80,182,119
153,81,183,118
155,82,183,117
157,81,182,117
158,81,182,117
160,81,182,117
162,81,181,116
163,80,181,116
164,79,183,117
165,79,184,118
166,79,184,118
171,78,181,118
171,78,182,118
173,77,182,117
175,76,182,119
177,75,182,120
179,75,181,119
180,75,182,120
183,75,182,120
184,75,182,119
186,75,183,120
187,75,183,119
188,75,183,119
190,75,183,119
190,74,182,119
191,73,182,119
193,72,182,118
194,71,182,118
194,70,182,118
194,69,182,118
196,68,181,119
197,67,181,119
197,65,181,119
197,63,182,119
197,61,181,119
197,59,181,119
197,57,181,119
196,55,181,119
195,53,182,119
193,51,182,119
192,50,182,120
192,50,181,120
192,50,179,118
192,49,179,118
188,49,182,117
188,49,181,118
187,46,181,118
186,44,182,119
185,43,182,120
185,43,182,121
184,43,183,122
185,43,181,122
184,43,182,123
184,46,181,121
184,46,180,121
183,46,181,122
185,47,180,121
183,47,181,122
183,47,181,122
182,49,181,121
181,50,181,120
183,50,179,121
183,50,177,121
182,50,165,121
181,48,160,121
181,48,155,120
180,48,146,106
180,49,143,104
178,47,132,105
179,45,125,105
179,44,107,103
180,44,97,99
179,45,96,95
178,46,75,90
181,47,58,85
178,46,57,84
179,54,33,77
170,51,35,79
328,107,31,59
315,107,44,59
303,96,56,73
297,89,63,82
284,82,75,89
277,79,82,95
267,76,92,99
259,69,99,104
246,65,111,108
237,59,120,110
224,57,133,106
213,55,142,103
202,51,142,105
192,47,142,105
186,46,146,103
183,47,150,98
182,45,150,95
182,45,149,92
181,46,174,114
178,46,177,125
177,45,178,128
178,47,176,126
181,47,173,125
179,45,174,127
179,46,175,127
180,46,173,127
189,45,164,128
194,45,159,129
197,46,155,128
201,46,152,130
203,47,149,128
194,46,157,129
180,46,170,130
176,47,173,129
173,48,176,127
173,47,175,128
172,47,175,128
172,48,176,127
171,48,176,127
170,47,177,128
169,46,176,128
168,47,175,127
167,45,175,129
166,46,176,128
165,46,175,127
164,46,175,127
163,45,176,128
163,46,175,127
163,47,175,126
163,47,174,126
161,47,177,126
161,48,176,125
161,48,175,125
161,48,175,126
160,48,176,126
161,49,175,125
160,49,175,126
160,50,175,124
159,50,175,125
160,49,175,125
161,49,175,125
162,50,175,124
162,49,176,125
162,48,175,126
163,48,175,126
163,48,175,126
164,47,176,127
164,46,175,127
164,46,175,128
164,46,176,129
164,46,176,129
166,46,167,128
167,46,155,129
167,45,152,127
166,45,151,115
167,45,134,114
169,45,123,112
168,46,116,107
168,44,123,113
168,44,152,106
168,44,145,98
168,45,131,92
168,45,125,93
167,49,117,79
167,51,28,74
167,59,15,64
159,55,15,64
257,88,80,83
259,85,80,83
250,85,88,91
263,92,76,88
251,90,89,92
254,87,88,94
250,83,89,95
260,81,78,97
260,83,74,96
254,81,75,97
252,83,80,100
249,80,80,100
245,84,81,97
215,62,117,122
201,57,139,124
194,55,147,124
187,54,146,119
177,48,158,129
169,45,168,123
169,44,168,123
168,53,170,129
168,53,173,128
168,61,172,121
249,77,91,110
244,75,89,112
242,75,92,107
234,75,95,106
222,71,115,109
217,70,100,67
198,67,114,64
190,64,118,67
194,68,102,57
189,69,96,52
192,71,84,48
188,71,81,46
189,74,71,41
190,75,61,34
193,78,158,126
207,85,145,121
301,145,50,54
295,144,56,59
284,141,68,63
273,121,80,85
275,119,77,88
269,118,84,90
266,113,86,95
251,111,101,99
248,107,105,104
238,106,116,105
226,102,128,110
221,100,133,113
216,97,138,117
203,96,151,119
207,97,147,119
205,98,150,119
206,101,149,117
204,102,152,116
204,103,151,117
206,104,149,116
205,105,149,116
207,107,148,114
207,109,148,113
210,110,145,112
210,110,145,112
211,110,144,112
211,110,144,111
212,111,144,110
212,112,143,110
214,112,142,109
215,113,141,108
216,114,139,107
217,115,139,106
217,115,138,106
218,115,138,105
219,115,136,105
220,116,135,104
220,115,134,104
221,115,134,103
221,115,133,102
221,115,133,102
222,115,132,101
223,115,131,100
224,115,130,99
225,115,129,98
225,115,129,98
225,115,129,98
225,115,129,97
226,115,127,96
226,114,127,97
226,113,127,97
227,114,125,95
227,114,126,95
229,115,124,93
229,115,123,93
230,115,122,93
230,115,123,93
231,115,121,92
232,115,120,92
233,115,121,92
235,115,118,91
235,115,119,90
236,115,118,90
236,115,118,90
237,116,118,90
238,116,117,90
240,115,115,90
241,116,114,89
242,117,113,88
243,118,113,87
244,119,112,86
243,119,113,86
244,118,112,85
244,118,113,87
246,120,111,85
247,121,110,84
247,121,111,84
248,123,110,84
249,124,110,83
250,124,109,82
251,124,109,82
252,125,108,82
253,126,107,81
254,127,106,81
255,128,106,80
256,129,105,79
256,129,105,80
256,129,107,81
257,129,106,81
258,130,106,81
259,131,106,81
259,131,106,80
260,132,105,80
260,133,106,80
260,132,106,81
260,132,107,82
261,132,106,82
261,133,106,82
262,132,105,83
262,133,105,83
262,133,106,83
262,134,107,83
263,135,106,82
263,135,106,82
264,135,106,82
265,136,106,82
266,137,106,81
267,138,104,80
267,138,104,80
266,138,108,80
268,139,105,80
268,139,106,80
269,139,106,80
270,140,105,80
271,140,105,80
272,141,104,80
273,141,103,80
274,141,102,80
274,140,101,80
275,139,101,81
278,142,100,80
279,142,99,79
280,143,98,78
282,143,97,77
284,143,98,77
284,142,101,79
286,143,101,78
287,143,100,78
290,144,98,77
290,143,100,77
292,143,99,78
293,143,99,78
294,143,99,77
296,143,98,78
299,144,95,77
304,146,90,72
303,143,94,77
300,142,98,78
304,143,94,77
305,142,94,77
306,146,94,73
305,147,97,71
307,145,96,72
310,143,95,75
310,143,95,76
312,143,96,75
314,142,94,75
315,142,93,75
315,141,93,76
317,141,94,76
318,141,94,75
320,142,94,76
321,142,94,76
323,141,94,76
324,142,93,75
326,141,92,76
326,141,95,74
329,140,91,77
329,141,92,76
332,142,94,75
332,141,94,75
334,141,94,76
336,142,96,75
337,140,93,76
339,142,95,75
341,141,93,75
343,141,93,75
344,141,93,75
346,141,93,75
347,141,94,76
349,141,94,75
350,141,94,75
351,140,94,75
356,141,91,75
356,141,94,75
356,141,96,75
360,142,93,74
361,141,94,74
362,141,94,74
362,140,94,74
365,140,94,74
366,140,93,74
368,140,93,74
369,139,92,75
370,139,92,74
371,138,92,76
372,139,92,74
373,139,93,74
374,139,94,73
374,138,93,75
374,138,93,75
375,137,93,75
376,137,93,75
376,137,95,75
376,137,95,74
376,136,95,74
377,136,94,74
377,136,94,74
378,136,92,74
378,135,93,74
378,135,93,74
378,135,93,74
378,135,93,74
377,133,95,75
377,133,95,74
377,133,93,73
377,133,93,73
377,131,93,74
377,131,94,75
376,131,94,73
375,130,94,74
374,130,94,74
374,129,93,75
374,128,94,75
374,128,92,75
373,127,92,75
373,127,91,74
372,126,93,75
372,126,92,75
371,126,92,74
370,126,92,74
369,127,93,73
368,127,93,73
367,126,93,74
366,126,93,74
365,126,93,75
365,125,92,75
364,125,93,75
362,125,93,75
361,125,93,75
361,126,93,74
360,127,94,73
359,127,93,73
358,128,92,73
358,129,92,73
357,129,93,73
356,130,92,73
355,129,93,74
353,131,92,72
352,131,92,72
351,131,93,73
351,132,92,72
350,133,91,72
350,133,92,73
349,133,92,74
348,133,91,74
348,134,92,74
347,134,91,73
346,134,92,74
346,135,92,73
345,135,92,73
344,135,93,74
346,137,90,73
346,138,91,72
345,139,91,71
345,140,91,71
343,140,92,72
343,140,92,73
342,140,92,73
342,140,91,73
341,140,91,73
340,141,92,74
340,142,92,74
342,143,90,73
341,144,90,73
340,144,90,73
340,145,91,72
339,145,91,73
338,145,92,73
338,146,91,73
338,146,90,73
338,146,90,73
337,147,91,73
337,147,91,72
336,147,92,73
336,147,92,73
336,147,92,72
336,147,92,72
336,147,92,72
336,147,91,72
336,147,91,72
336,147,91,72
336,147,91,72
336,147,91,72
337,147,90,72
337,147,90,72
338,147,90,72
338,146,90,72
338,146,91,72
338,145,91,73
339,145,90,74
340,145,90,73
341,145,89,73
342,145,89,73
342,144,90,74
343,144,89,74
343,143,90,74
343,143,91,75
343,144,92,74
344,144,91,73
345,145,89,73
345,146,89,72
345,146,89,72
345,146,90,73
345,145,90,73
345,145,90,73
345,145,90,72
345,145,90,72
345,145,90,72
345,145,90,72
345,145,89,71
346,145,89,72
346,145,88,71
346,145,87,70
346,145,88,70
346,145,89,71
346,145,88,70
346,145,88,70
345,144,90,71
344,144,89,70
344,144,90,71
344,144,90,71
344,143,90,71
344,143,90,70
344,143,90,70
344,142,90,71
344,141,90,71
345,143,89,70
345,143,89,70
345,143,89,70
346,143,89,70
346,143,89,70
347,143,89,70
346,142,89,70
346,142,89,70
347,142,89,70
347,142,89,70
347,142,89,70
348,142,89,70
349,142,89,70
350,142,89,70
350,141,88,70
350,140,88,70
350,140,88,70
350,140,88,70
351,140,88,70
352,140,88,70
353,140,84,70
350,140,89,70
350,140,87,70
351,139,87,70
351,139,87,70
351,139,87,70
351,138,87,70
352,138,87,70
350,138,89,71
349,137,89,71
350,137,89,70
351,137,88,70
352,137,87,70
353,137,86,69
354,137,86,69
354,137,86,69
354,136,86,69
353,136,88,69
352,136,88,69
353,136,88,69
354,136,88,68
354,136,88,68
354,135,89,69
353,134,89,69
354,133,89,70
355,135,89,69
355,134,89,69
356,134,89,68
357,133,87,69
357,133,88,69
357,133,88,69
357,132,88,69
358,132,88,69
358,132,88,69
359,131,88,70
360,131,89,70
359,131,89,69
360,130,88,70
361,130,87,70
361,131,87,69
361,131,88,69
361,131,89,69
361,131,89,69
361,131,90,68
362,132,88,68
361,131,89,68
362,130,89,69
362,130,89,69
362,129,89,69
363,129,88,69
362,129,89,69
363,130,89,68
364,130,88,67
364,130,88,67
365,129,87,68
365,129,87,68
365,130,88,67
365,129,88,68
365,129,88,68
365,129,88,68
366,129,87,67
366,129,87,67
366,129,88,68
366,128,87,68
366,128,87,68
366,128,87,68
366,128,87,68
366,129,87,67
366,128,86,68
366,128,87,68
366,128,87,68
366,129,87,66
366,130,87,66
366,130,88,66
366,130,87,66
366,130,87,65
366,131,87,65
365,129,89,67
366,129,88,67
367,130,87,66
367,130,87,66
366,130,88,66
367,130,87,67
367,130,88,66
366,129,88,68
366,129,89,68
366,129,89,68
366,129,88,68
366,129,89,69
367,132,87,66
367,133,87,65
366,132,89,66
366,132,88,67
367,133,87,66
367,134,87,65
367,134,88,65
367,134,88,66
366,133,89,66
366,133,88,67
366,134,88,66
366,134,87,66
366,134,88,67
366,134,89,66
366,135,88,66
366,136,88,66
366,136,88,65
367,136,88,65
367,137,88,65
367,136,88,65
367,136,88,65
367,137,88,65
368,137,88,65
368,137,89,65
368,137,89,65
368,138,88,64
368,137,89,66
368,137,89,65
368,136,89,66
368,137,88,65
368,138,88,64
369,138,88,65
369,138,88,65
369,139,88,65
368,139,88,65
369,139,88,65
369,139,88,65
368,140,89,64
368,139,88,65
369,140,86,65
369,141,87,63
369,141,87,63
368,141,89,64
369,141,88,64
369,140,87,65
369,141,87,64
368,142,88,63
368,143,89,63
368,143,88,63
368,143,88,63
368,144,88,63
368,144,88,63
368,144,88,63
368,144,88,64
369,145,87,63
368,144,87,64
368,145,88,64
367,145,88,63
367,146,88,62
367,146,88,63
367,146,88,63
367,146,88,63
368,147,86,62
367,147,87,63
367,147,87,63
368,148,87,62
366,148,88,62
367,149,86,63
367,148,87,64
366,148,88,64
367,148,86,63
367,148,87,65
367,148,87,65
367,147,87,66
366,147,88,66
367,148,87,65
367,148,87,66
366,149,87,64
366,150,88,63
366,151,88,63
367,151,86,63
367,151,86,63
366,152,87,63
365,152,87,63
367,152,86,62
366,153,88,62
366,153,88,61
366,153,88,61
367,154,88,61
367,154,88,61
366,153,87,62
366,153,87,62
366,153,87,62
366,153,87,62
366,153,87,62
365,153,87,62
365,152,87,62
364,151,88,64
364,152,88,63
364,153,87,62
364,154,86,61
364,154,86,61
363,154,86,61
363,155,86,61
362,155,86,61
362,156,86,61
361,156,86,61
360,156,87,61
359,156,87,61
359,156,88,61
358,156,88,61
357,156,88,61
358,156,87,61
357,157,87,61
357,157,86,60
356,157,87,61
356,156,86,62
356,156,86,63
356,157,86,62
356,156,85,63
355,157,85,61
355,158,86,61
354,157,86,62
354,157,86,61
353,158,87,59
352,157,86,55
351,159,87,54
351,159,87,56
351,157,87,61
351,158,85,59
350,159,87,63
350,159,86,60
350,160,87,59
350,160,86,61
350,160,86,60
350,159,86,61
349,160,85,60
349,159,86,61
349,159,85,62
349,159,85,61
348,159,85,61
348,159,85,61
347,159,86,61
347,160,85,60
347,160,85,60
346,160,86,61
345,160,85,59
343,160,88,60
344,160,87,60
342,160,88,60
342,159,87,60
342,159,87,61
341,158,86,61
340,159,87,60
340,158,86,60
340,158,87,61
340,159,86,60
339,159,86,60
339,158,86,60
338,159,86,59
337,158,87,61
338,158,86,61
337,159,87,60
337,160,86,59
336,161,86,58
335,160,86,58
335,159,86,59
335,159,85,54
335,160,85,59
335,160,84,58
334,160,83,53
333,160,85,54
333,159,86,59
333,159,86,59
333,160,85,58
332,159,87,59
332,160,86,58
332,158,86,61
333,159,86,60
334,159,83,59
332,160,86,59
333,160,85,58
332,160,84,58
335,161,81,58
333,161,82,58
332,161,84,58
331,164,85,54
330,164,85,55
329,162,86,56
330,161,85,57
330,160,85,58
329,159,86,59
329,159,85,59
329,160,86,57
329,159,86,58
329,159,85,58
330,158,84,59
330,158,85,59
330,159,86,58
330,159,86,57
329,158,86,58
329,158,86,58
329,157,86,59
329,157,86,59
329,157,87,59
329,157,86,59
329,157,87,59
329,157,87,58
330,156,86,58
330,156,86,58
330,156,86,58
330,156,86,58
329,155,86,59
331,156,86,58
330,156,87,58
331,156,85,57
331,156,85,57
330,155,85,58
330,155,86,58
329,155,86,58
330,155,86,58
329,156,86,57
330,155,86,59
330,155,85,58
330,155,84,58
330,155,84,58
330,156,84,56
330,156,85,57
329,155,85,58
329,155,85,58
329,155,85,58
329,156,85,57
329,156,84,57
328,156,86,57
328,156,86,58
328,156,85,57
328,155,85,58
328,155,86,59
328,156,86,58
328,156,85,57
328,156,84,58
328,155,84,57
328,155,84,57
327,154,85,58
327,154,84,58
327,154,84,58
326,153,84,58
326,153,84,57
326,153,85,57
326,153,85,57
326,154,84,57
325,153,85,57
326,152,85,58
326,153,84,57
327,154,84,56
327,153,85,57
326,153,85,57
327,153,85,57
326,153,86,57
325,152,87,58
326,153,85,56
326,153,86,56
327,153,84,56
328,154,83,55
328,151,83,57
328,151,83,57
328,151,82,57
328,151,83,57
325,152,87,56
324,151,87,56
327,151,82,56
326,151,83,56
326,150,83,57
325,149,84,58
325,148,85,59
325,147,85,59
325,149,84,57
324,148,85,59
325,149,83,58
325,149,82,57
324,149,83,58
324,149,83,58
323,148,83,58
323,148,83,57
322,148,83,57
322,148,84,57
321,148,84,57
320,147,85,58
320,146,83,57
319,146,84,57
320,145,83,58
320,145,81,58
319,145,82,57
318,145,83,57
318,145,82,57
318,145,81,56
318,145,80,57
318,145,80,56
316,144,81,57
315,144,82,57
315,144,81,57
313,143,82,57
312,143,84,58
311,144,84,56
311,144,84,55
311,145,83,55
310,143,85,57
310,143,83,57
310,143,83,58
310,143,82,57
310,143,83,58
310,144,82,57
310,143,83,58
310,143,83,57
309,143,84,57
309,144,82,56
309,145,82,55
310,144,82,56
309,144,82,57
308,143,83,58
308,146,83,55
308,144,84,57
308,145,82,57
308,145,82,57
309,146,81,56
308,147,82,56
308,147,82,56
307,147,84,57
308,147,81,57
307,147,81,57
307,148,81,57
307,148,81,57
307,149,81,56
307,150,81,55
306,150,81,56
306,150,81,57
306,151,81,57
306,151,81,57
305,152,81,56
305,152,81,57
305,153,81,56
305,153,80,57
305,154,80,57
305,154,80,57
305,154,80,58
305,156,80,56
305,156,80,56
304,156,81,57
304,157,81,57
304,157,80,57
303,158,81,55
303,158,81,56
303,159,81,56
303,159,81,56
303,159,81,57
304,159,80,57
304,159,80,58
304,159,80,58
303,159,80,58
305,160,80,56
306,160,80,57
306,161,79,55
307,162,80,55
307,162,79,55
306,161,80,57
306,161,80,57
306,161,81,57
307,162,80,57
307,162,80,57
308,162,79,57
308,162,79,57
309,162,78,57
309,162,79,58
309,162,79,57
309,162,79,57
308,161,80,58
309,162,79,57
310,163,80,56
310,162,79,57
310,162,80,58
310,162,80,57
311,163,79,56
311,163,78,57
311,163,78,57
311,163,78,57
311,162,79,58
311,163,79,57
311,163,79,58
311,163,79,57
312,163,79,57
312,163,79,57
312,163,79,57
312,163,79,56
312,163,79,57
312,163,79,56
312,163,79,57
313,163,78,57
313,163,79,56
313,163,79,57
313,163,79,57
313,164,79,56
312,164,80,56
313,163,79,57
313,163,79,57
313,162,79,58
313,162,79,57
314,162,79,57
314,162,79,57
315,162,78,56
315,162,78,57
315,161,78,57
315,161,78,57
315,161,79,58
316,161,78,57
316,161,78,57
316,160,78,58
316,160,78,58
317,160,78,58
318,160,77,58
318,160,77,57
318,160,77,58
319,160,76,58
319,160,78,57
319,160,78,57
320,160,78,57
320,160,78,57
320,160,78,57
321,160,78,58
322,160,76,57
322,160,77,57
322,160,78,58
323,160,77,57
323,160,78,57
323,159,78,58
323,159,79,57
324,159,78,57
324,159,78,58
325,159,77,58
325,158,77,58
324,159,78,58
325,159,78,58
324,158,79,59
326,159,77,58
326,158,76,59
325,158,77,59
325,159,77,58
325,159,77,58
325,159,78,58
326,159,77,58
326,159,77,58
326,159,77,57
325,159,78,58
326,159,77,57
325,158,78,59
325,158,78,59
325,158,78,59
325,159,78,58
325,159,77,58
325,158,77,59
325,158,77,59
325,158,76,59
325,158,76,58
325,158,77,59
324,158,77,58
324,158,78,59
323,158,78,58
322,158,78,59
322,157,78,59
322,157,78,59
323,157,76,59
322,157,77,58
322,157,77,58
322,156,77,59
321,155,77,60
321,156,77,59
321,156,77,58
320,157,77,58
320,156,78,58
320,155,78,59
320,155,77,60
320,155,77,60
320,154,77,60
319,153,77,60
320,154,76,59
320,154,76,59
320,154,76,59
320,153,76,59
320,153,76,59
319,153,77,59
319,153,77,59
319,152,76,59
319,152,76,59
318,152,77,59
318,152,77,59
318,152,76,58
318,151,76,59
318,151,77,59
317,151,77,59
317,150,77,60
316,150,77,59
316,149,77,60
317,150,77,59
316,149,77,60
316,148,76,60
316,148,76,60
316,148,76,60
316,147,77,60
316,147,76,60
316,147,76,60
316,147,75,59
316,146,75,60
315,146,76,60
315,146,76,60
315,146,76,59
315,145,76,60
316,144,75,60
315,144,76,61
315,143,76,61
315,143,75,60
315,143,76,60
315,143,76,59
315,143,75,59
315,142,76,59
315,141,77,60
315,141,77,60
314,141,77,59
315,140,75,59
314,139,77,60
314,139,76,60
314,138,76,60
314,138,77,60
315,138,75,60
315,137,75,60
316,137,74,60
315,136,75,60
316,136,75,61
316,136,75,60
316,136,76,60
316,135,75,61
316,135,76,60
316,135,76,60
316,134,76,60
316,134,76,61
317,133,75,61
317,133,76,61
317,133,76,60
317,133,76,60
318,132,75,61
318,132,75,61
318,132,75,61
318,132,76,61
318,132,76,60
318,131,76,61
319,131,75,61
319,132,75,60
319,132,75,60
318,132,75,60
319,132,74,61
319,132,74,60
319,132,74,60
319,132,74,60
319,131,74,61
319,132,74,60
319,132,74,60
318,132,75,61
318,131,75,61
318,131,75,61
318,131,75,61
318,131,75,61
318,131,75,61
318,131,75,61
318,131,76,62
318,131,75,62
318,131,75,62
318,131,75,62
318,131,74,62
318,131,74,62
318,131,74,62
318,131,74,62
318,131,73,62
318,130,73,63
318,131,73,62
318,131,74,62
317,131,75,62
317,131,75,63
318,131,74,63
318,132,74,62
319,132,73,62
318,132,74,62
319,133,73,62
319,132,73,63
318,132,74,63
319,133,73,62
319,133,73,62
320,133,72,62
319,133,74,62
319,133,74,62
319,134,74,61
320,133,73,63
320,133,73,62
320,134,73,62
321,134,73,61
321,133,73,63
322,134,73,62
322,133,73,63
322,134,73,63
322,134,73,62
322,134,73,63
323,134,73,63
324,134,72,63
323,134,73,63
323,135,74,62
324,135,73,62
325,135,73,63
326,135,73,63
326,135,73,63
326,136,73,63
327,136,73,63
328,136,73,64
328,137,74,63
330,137,74,63
331,138,73,62
331,138,74,63
332,138,73,63
332,138,73,63
333,139,73,62
335,139,72,62
335,139,72,63
336,139,72,63
337,139,72,63
337,140,73,63
338,140,73,63
339,140,72,63
340,140,72,63
342,140,71,63
342,141,71,62
342,140,72,63
342,140,73,63
343,140,73,63
344,141,73,62
345,140,73,63
347,140,72,63
347,140,72,63
348,140,72,63
349,139,72,64
350,140,72,64
351,139,72,63
351,140,73,63
353,139,72,63
354,139,71,64
355,138,71,64
357,138,70,64
357,138,71,64
358,137,71,64
359,137,71,64
360,137,71,64
361,137,71,64
362,136,71,64
363,136,71,64
364,136,71,64
365,136,71,64
367,135,70,64
367,134,71,64
368,135,70,64
368,135,71,63
369,134,71,64
370,134,70,63
371,134,70,64
371,134,70,64
372,134,70,64
373,133,70,64
373,134,70,63
374,134,70,63
375,134,70,63
376,134,69,63
376,133,70,64
376,133,70,64
377,134,70,64
377,134,71,64
377,133,71,64
378,134,71,64
378,134,72,65
378,134,72,65
379,134,71,65
380,134,71,65
380,134,71,65
380,134,72,66
381,134,71,66
380,134,72,67
380,134,72,67
379,134,73,68
379,135,73,68
379,135,73,68
379,135,73,68
379,135,73,68
378,136,74,69
378,136,73,70
378,136,74,71
378,137,74,70
377,138,75,69
377,138,74,70
376,139,75,69
376,139,75,70
375,140,76,70
374,141,76,70
374,142,76,71
374,142,75,71
374,142,75,72
373,143,76,72
372,144,76,72
371,145,77,72
372,146,76,72
371,147,76,72
370,147,76,73
370,148,76,73
369,149,77,74
368,150,77,74
367,151,77,73
366,152,77,73
366,153,77,73
366,154,76,73
365,155,76,73
365,156,75,74
363,158,76,74
363,159,76,73
362,160,76,73
361,161,76,73
360,163,76,73
360,164,76,73
359,165,76,73
358,167,76,73
358,168,75,73
357,169,76,74
356,170,75,73
355,172,76,73
354,173,77,73
354,174,76,73
354,175,76,73
353,176,76,73
353,177,76,73
352,179,76,73
352,179,75,74
352,181,75,74
351,182,76,73
350,183,76,73
350,184,75,73
350,185,75,74
350,186,74,74
349,188,75,73
349,188,75,73
349,189,75,73
348,190,75,74
348,191,75,73
348,192,75,72
347,193,75,73
347,194,75,72
346,195,76,73
347,195,75,74
347,196,74,73
347,196,75,74
346,197,75,74
346,197,75,74
345,198,77,74
346,199,74,74
346,200,75,74
345,200,75,74
345,200,75,74
345,200,75,75
345,202,75,73
346,203,74,73
346,203,74,73
345,203,75,74
345,204,74,74
345,203,74,76
345,205,74,74
346,206,74,74
344,207,75,74
345,208,74,73
345,209,74,73
344,209,75,74
345,209,74,74
345,210,74,74
344,210,75,74
345,211,74,74
345,211,74,74
345,212,74,73
344,213,74,75
344,214,75,74
344,214,75,75
344,215,75,74
345,216,74,75
344,217,74,74
345,218,74,74
345,218,73,74
345,218,73,74
344,219,74,74
344,220,74,74
345,221,73,74
345,221,73,75
344,222,74,75
344,222,73,75
344,223,73,75
345,224,73,74
345,224,72,75
344,225,73,75
344,225,73,75
343,226,74,74
343,227,73,73
344,227,73,75
343,227,73,76
343,228,73,76
343,229,73,75
342,229,73,76
342,230,72,75
341,231,73,74
342,232,72,74
342,232,72,75
341,233,72,75
341,232,72,75
341,232,72,76
340,233,73,76
340,233,73,77
340,234,72,76
339,234,73,77
339,234,72,76
339,235,72,76
339,236,72,76
339,237,71,75
338,238,72,76
338,238,71,76
338,238,71,76
337,239,71,76
336,239,72,76
336,239,71,77
336,240,71,76
335,241,71,76
334,241,71,76
334,242,71,76
334,242,70,76
334,242,70,76
333,242,70,76
332,242,70,76
332,242,70,76
332,242,70,76
331,241,70,77
330,241,70,77
329,241,70,76
328,241,70,77
328,241,70,77
328,241,69,76
327,240,69,78
325,239,70,78
324,239,71,77
323,239,71,77
324,239,69,76
323,238,68,76
322,237,68,77
321,236,69,77
320,236,69,77
319,235,69,77
318,234,69,77
316,234,69,77
316,234,69,77
315,233,68,77
313,232,69,76
312,231,69,78
311,230,68,77
309,230,69,77
309,229,68,77
308,228,68,77
306,228,69,77
306,227,68,77
305,226,68,77
304,225,68,77
303,224,68,77
302,224,68,77
301,223,68,77
301,222,68,77
300,221,67,78
299,219,67,78
298,219,67,78
297,219,67,77
295,218,68,77
295,217,67,77
295,216,66,77
294,216,66,77
293,214,66,77
291,213,67,78
291,212,66,78
290,211,66,78
289,211,66,77
287,210,66,77
286,209,66,77
285,208,66,78
284,207,66,78
283,206,66,78
282,205,65,77
280,204,66,78
280,203,65,78
279,202,65,78
277,201,65,77
276,200,66,78
274,199,66,77
273,198,66,76
272,196,65,79
271,195,65,79
269,194,66,78
268,193,65,78
267,192,65,77
266,190,65,78
264,189,65,79
263,188,64,78
261,187,65,78
260,185,65,78
258,184,65,78
256,182,64,77
254,181,66,79
253,181,65,78
