498,339,61,56
499,338,59,56
499,339,59,56
500,339,58,56
500,339,58,55
499,338,61,57
500,338,59,58
499,337,60,58
499,338,61,57
501,337,58,57
502,338,57,57
502,337,58,58
502,338,58,57
502,338,59,58
502,338,58,57
502,337,58,59
502,337,58,57
502,337,58,59
502,337,58,59
503,338,58,58
502,338,58,57
501,338,59,58
502,339,58,58
501,339,59,58
502,339,59,58
503,339,57,57
502,339,58,57
502,339,58,57
502,338,58,57
501,338,58,57
501,338,58,57
500,337,58,58
500,337,58,58
499,338,59,57
498,338,60,58
499,338,60,58
498,338,59,57
498,338,59,57
498,338,59,57
497,338,59,58
496,337,61,58
497,338,60,57
498,338,59,56
498,338,59,57
497,338,60,58
498,338,58,59
498,338,59,58
498,338,59,57
498,339,59,57
498,339,59,58
498,338,59,58
498,338,59,60
499,339,59,59
498,339,59,59
499,339,59,59
499,338,59,60
499,337,58,62
499,339,59,59
500,338,58,58
500,337,58,59
499,337,60,59
499,337,60,60
498,339,60,59
498,339,60,59
498,339,60,59
497,338,61,59
498,338,60,60
498,339,59,59
497,339,60,58
497,339,60,59
496,338,62,59
497,338,60,59
496,338,61,59
496,339,61,59
495,338,62,60
496,338,61,60
495,337,61,60
496,337,62,59
497,336,60,59
497,335,59,60
498,334,59,61
497,335,60,61
498,334,58,61
496,335,61,59
495,335,63,59
497,336,60,59
498,336,59,59
497,336,60,59
496,336,62,60
497,336,61,61
498,336,60,61
497,336,61,60
498,336,60,60
498,336,60,61
496,336,63,61
496,336,62,60
496,336,63,61
496,336,62,60
496,336,63,60
496,336,63,61
496,336,64,61
496,336,64,61
496,336,64,61
496,336,65,61
495,336,66,61
496,336,64,62
496,336,65,62
497,336,64,61
497,336,65,61
497,336,64,60
498,337,64,60
498,337,64,60
498,337,65,61
499,337,64,60
499,337,64,60
499,337,64,60
499,336,64,60
499,337,66,60
500,336,65,61
500,336,65,61
501,336,65,61
501,336,64,62
502,336,64,62
502,336,64,62
502,336,66,62
504,336,63,62
504,336,62,61
504,336,64,61
504,336,63,60
504,335,65,62
504,335,66,63
504,334,66,62
504,334,65,61
504,336,68,61
505,336,65,60
506,335,63,60
506,334,64,64
506,334,64,63
506,334,63,62
506,335,64,61
506,335,64,61
506,335,63,60
505,335,65,62
506,334,64,62
506,334,63,61
506,334,62,60
507,335,63,63
506,336,64,62
506,336,63,62
505,336,65,61
505,336,64,60
506,336,63,63
506,335,63,63
505,334,62,65
505,336,65,62
506,335,62,62
506,335,63,63
507,336,62,62
507,335,60,63
507,335,62,63
506,336,63,63
505,336,62,62
507,336,62,63
506,335,61,62
507,336,61,62
506,335,61,62
506,336,61,63
505,335,61,63
506,335,61,63
504,334,64,64
503,334,65,64
504,335,62,63
505,335,62,63
504,335,61,62
505,336,60,64
504,336,62,64
504,336,64,64
503,335,64,64
502,334,62,66
503,336,61,64
503,335,62,65
503,335,62,64
502,334,62,64
503,335,61,63
503,335,60,62
502,335,61,62
503,336,60,61
502,336,61,63
502,336,61,63
501,336,61,64
503,336,59,64
502,335,60,65
500,336,62,63
499,336,62,63
498,335,64,64
497,335,63,63
496,336,65,64
495,335,67,64
497,336,65,64
496,336,64,63
495,336,67,64
498,336,64,64
497,336,65,64
497,336,64,64
496,335,67,65
497,336,66,63
497,335,65,64
497,336,64,63
497,335,64,65
498,334,63,64
498,335,64,64
498,335,63,63
498,335,65,64
499,335,63,66
499,334,64,67
498,333,64,67
499,334,64,66
500,334,63,65
500,333,63,66
500,333,64,66
500,333,65,65
500,332,65,65
500,332,66,64
501,331,65,67
500,330,67,67
500,331,67,66
501,330,65,67
501,331,65,67
501,330,64,66
500,329,68,66
501,330,66,67
501,330,66,67
501,330,67,67
501,330,69,67
502,330,69,66
502,330,67,66
502,330,68,65
502,330,70,66
502,332,68,66
502,332,69,65
503,331,67,67
504,331,68,67
504,331,68,68
504,331,68,67
505,331,68,67
505,331,68,67
506,332,67,66
506,332,68,68
506,332,66,69
505,332,67,71
505,332,67,67
504,331,68,69
504,332,69,69
505,333,67,67
505,333,67,67
505,332,67,67
504,331,67,68
504,332,67,67
504,332,68,68
503,332,68,68
503,333,68,69
503,333,67,67
502,333,70,68
504,333,66,69
503,333,67,68
504,333,68,67
503,333,66,66
504,333,67,67
504,333,67,68
504,333,67,68
503,333,67,68
504,333,67,68
503,333,66,67
504,333,68,68
504,333,67,68
504,333,67,68
503,333,66,67
504,334,68,66
505,335,69,65
505,333,67,67
505,332,68,69
505,331,67,70
504,330,69,71
505,331,68,70
505,332,68,68
505,333,69,67
504,333,68,66
505,332,68,67
504,331,69,69
505,331,69,69
504,331,70,69
504,330,69,69
504,331,69,70
505,331,69,70
505,331,68,69
505,331,69,69
503,331,72,69
503,331,71,69
502,331,73,69
503,331,72,71
503,331,73,72
504,332,73,71
504,332,72,70
503,332,73,71
503,332,74,71
503,331,75,73
503,330,72,72
503,330,74,71
503,331,74,72
502,330,76,72
503,330,74,72
503,330,75,71
503,331,75,71
502,331,74,69
504,331,72,71
504,331,73,71
504,332,74,70
504,332,74,70
504,332,73,69
504,333,74,69
503,331,75,71
503,331,75,71
504,331,75,72
503,331,74,71
503,331,76,71
504,330,75,73
504,330,76,73
504,330,76,73
504,330,75,73
505,330,75,73
504,329,77,73
505,330,74,72
505,330,73,71
505,330,77,72
506,330,75,71
506,329,76,71
506,330,76,71
507,330,76,71
507,330,77,72
507,330,77,72
507,330,76,71
508,330,76,71
509,330,76,70
509,329,75,69
509,329,76,71
508,329,78,71
508,330,77,71
509,329,77,71
509,329,77,70
509,329,77,70
509,329,77,72
509,329,79,72
509,328,79,72
509,328,78,72
510,328,78,72
511,328,77,72
512,328,76,71
512,328,77,71
512,327,79,73
512,328,78,72
512,328,77,71
511,328,79,71
511,329,78,71
512,328,78,71
512,328,78,71
511,328,78,71
511,328,79,71
512,328,78,71
511,328,78,70
511,327,79,71
510,328,81,72
511,327,79,71
510,327,80,73
512,328,77,72
511,328,80,72
510,327,81,73
512,327,79,73
511,327,79,74
511,328,80,73
512,328,79,73
512,328,78,72
511,328,80,72
511,328,80,73
512,328,80,73
511,328,80,73
510,328,83,73
512,328,79,73
512,328,78,73
513,328,78,72
513,328,78,73
512,328,79,73
513,328,78,72
513,328,78,74
513,328,79,74
513,328,78,74
512,328,79,74
511,328,80,74
512,327,79,75
512,327,78,74
511,326,79,74
511,327,79,73
512,326,79,73
511,327,80,74
512,327,79,74
512,327,78,73
511,327,80,74
511,328,80,74
512,327,81,75
512,327,79,74
511,328,81,74
512,327,80,75
512,327,80,75
512,327,80,75
512,328,79,74
511,327,80,75
511,327,80,74
511,328,80,74
512,327,80,75
511,327,79,75
511,326,81,76
511,327,81,76
511,327,80,77
511,327,80,78
510,327,81,77
510,327,82,78
511,327,81,77
510,326,81,77
510,326,81,77
510,326,81,77
510,326,81,77
510,325,81,78
509,324,81,78
510,324,81,78
510,324,81,78
509,324,81,78
509,323,83,78
511,324,81,78
510,324,83,79
510,325,82,79
511,326,83,79
510,326,83,78
510,326,84,77
512,325,82,77
512,325,81,77
512,324,81,78
512,325,82,78
512,326,82,77
512,325,82,79
513,325,81,79
513,325,82,79
513,326,82,79
513,326,81,79
514,326,82,79
514,326,81,78
513,326,84,78
513,325,83,77
512,325,85,77
514,325,83,78
514,324,82,77
515,323,83,78
515,324,83,79
515,324,83,79
516,325,83,79
516,325,83,79
516,325,83,79
516,324,82,78
516,324,85,79
516,323,84,78
517,324,84,77
517,323,84,77
517,322,85,79
519,323,82,78
518,323,81,77
518,324,83,77
519,324,83,77
519,325,83,77
520,324,83,77
519,323,83,77
519,324,82,76
518,324,84,77
518,325,84,77
517,324,85,77
519,324,85,77
519,324,83,79
519,324,83,80
518,324,84,80
518,325,83,79
517,325,84,79
517,325,84,79
516,324,86,79
516,324,85,79
515,324,85,80
515,325,86,78
514,325,85,77
513,325,88,78
515,326,86,78
515,326,87,78
515,326,86,77
514,326,89,78
515,326,86,79
516,325,85,78
514,326,88,78
514,325,88,79
515,324,88,79
515,324,88,80
514,323,87,79
515,323,87,79
516,322,86,79
515,321,88,80
516,321,87,80
516,321,87,79
515,320,88,80
514,319,90,81
515,320,89,80
515,320,89,80
515,320,89,80
516,320,89,80
516,320,88,79
516,320,89,80
516,320,91,80
516,321,90,81
516,321,90,81
516,321,89,80
516,321,91,81
516,321,91,82
515,321,93,82
516,321,92,84
516,322,93,84
515,322,93,85
515,321,92,85
516,320,92,85
516,322,93,85
516,324,93,84
517,323,92,83
516,323,93,83
515,322,94,84
514,322,97,84
515,321,96,83
517,322,94,83
517,321,93,82
516,321,92,81
519,321,92,83
519,321,92,83
518,321,91,82
520,321,91,82
520,320,91,82
520,320,90,81
519,322,92,81
520,322,92,80
520,322,91,81
520,322,90,80
520,322,91,82
520,322,92,83
519,322,93,83
519,322,93,83
518,321,95,84
519,320,94,84
518,320,94,84
520,321,92,83
520,322,92,82
520,322,93,83
521,322,92,83
521,321,92,83
520,322,93,83
521,321,92,84
520,321,92,84
521,321,92,84
522,321,91,84
521,321,92,84
521,321,92,84
521,321,92,84
521,320,92,84
521,320,92,84
520,320,93,84
521,321,92,85
521,321,90,85
520,320,91,87
520,321,92,86
519,320,92,87
519,320,92,85
519,320,91,85
519,320,91,86
518,319,92,86
518,319,92,87
519,320,93,87
519,320,92,86
518,319,93,87
519,320,93,87
519,319,93,86
520,319,92,86
520,319,92,86
520,319,92,87
520,319,93,87
521,318,93,87
521,318,92,87
521,317,92,87
520,316,92,88
521,317,93,87
522,317,94,88
522,317,93,87
521,318,94,88
520,318,95,87
520,318,95,88
519,318,98,88
520,318,98,88
520,318,98,88
521,319,96,88
521,319,96,88
522,319,95,88
521,319,97,87
522,319,96,87
521,319,97,87
523,319,95,88
522,319,94,87
521,319,96,87
522,319,96,87
522,318,96,89
521,318,97,88
521,319,98,90
520,318,99,89
521,318,97,90
521,318,97,90
520,318,98,90
521,318,97,89
520,319,99,90
521,318,97,90
520,317,99,90
521,318,99,90
521,317,97,90
521,317,98,89
521,317,98,89
522,317,97,89
521,316,98,89
521,316,98,89
522,316,98,88
521,316,98,88
522,317,98,88
522,316,98,89
522,316,97,89
521,315,99,89
522,316,98,89
523,316,98,91
523,316,99,92
522,316,100,91
523,317,99,92
522,316,99,92
523,316,98,92
524,316,99,92
523,315,99,92
524,316,98,92
524,316,99,92
523,315,99,92
523,315,101,93
523,315,100,93
522,315,100,93
523,315,100,93
522,315,101,93
523,315,99,94
522,314,101,95
523,315,99,93
522,315,99,94
523,316,100,93
523,316,100,94
522,315,101,94
523,316,100,93
522,316,99,94
523,316,99,95
522,315,101,97
521,314,101,97
520,313,101,98
522,315,100,97
522,314,99,97
521,313,99,97
522,315,100,96
522,315,99,96
522,314,98,96
521,313,100,96
522,314,99,95
521,313,100,95
521,314,100,95
520,314,100,95
519,314,102,95
520,314,102,95
519,313,101,95
519,313,102,95
518,312,102,96
519,313,102,96
518,312,104,96
519,313,102,96
519,314,101,95
518,313,103,96
517,313,104,96
518,313,103,96
517,312,102,98
517,313,103,98
518,312,103,98
517,312,103,98
517,313,104,97
517,313,104,97
517,313,104,97
517,313,104,97
516,313,104,97
516,313,105,97
516,313,106,97
515,312,106,97
517,312,104,97
517,312,104,97
516,311,105,98
516,312,104,98
517,312,105,98
516,311,105,99
517,312,105,99
516,311,107,100
517,311,106,100
517,310,106,100
517,311,107,101
517,312,106,100
516,311,107,100
516,312,109,100
517,312,109,99
516,311,110,100
517,311,109,100
517,311,108,100
518,311,109,100
518,311,109,100
518,311,109,100
518,311,109,100
518,311,109,100
518,310,111,101
518,310,112,101
519,310,112,101
518,309,111,101
517,308,113,101
520,309,111,101
520,309,112,101
521,309,112,101
520,308,114,102
520,308,113,101
520,308,114,101
522,309,113,101
522,309,112,101
522,309,113,101
522,308,114,101
523,308,113,102
523,309,114,103
522,308,116,103
524,308,114,103
525,309,114,104
524,308,114,104
524,309,115,103
523,309,116,103
522,309,118,104
524,310,116,104
524,309,116,104
523,308,118,104
525,308,117,106
524,307,117,106
525,307,117,106
525,306,117,106
524,306,117,106
525,307,116,105
526,307,117,105
526,306,117,105
525,307,117,105
526,307,117,105
527,308,117,104
527,309,117,104
527,308,117,106
527,307,118,106
527,307,119,107
527,306,119,107
527,307,119,105
527,307,119,106
526,306,119,106
528,307,119,105
528,306,118,106
529,306,118,105
529,307,118,105
528,306,118,105
528,306,118,106
527,305,121,108
528,306,119,107
528,306,120,107
528,306,121,107
529,307,119,106
529,307,120,107
529,306,119,106
529,306,118,105
529,306,120,108
529,305,121,109
528,305,122,109
528,304,122,109
528,304,123,109
528,303,123,109
528,302,122,108
528,303,122,107
527,303,123,109
528,303,122,109
528,304,122,109
528,303,123,110
528,304,122,109
527,304,123,108
527,304,124,109
528,304,124,109
527,304,123,108
527,304,123,111
528,305,124,110
528,305,123,109
528,305,123,112
527,305,122,111
528,305,124,111
527,305,123,110
528,305,124,111
528,305,124,111
528,304,123,110
528,304,122,109
528,303,125,111
529,303,124,112
528,303,124,112
529,303,125,114
529,304,125,114
528,303,126,115
528,303,125,114
529,303,125,113
528,303,125,113
528,303,127,113
529,303,126,112
528,303,126,114
529,303,126,114
529,302,126,115
529,303,126,114
530,302,125,113
529,301,126,114
529,301,126,115
528,300,127,115
529,299,127,117
529,299,127,116
529,299,126,115
530,299,126,114
529,299,125,113
531,299,126,114
530,299,125,113
530,299,127,114
530,300,128,114
529,299,128,116
530,299,127,115
529,299,128,117
530,299,127,116
529,299,128,117
530,299,127,117
530,299,126,119
529,298,128,118
529,299,129,118
530,299,126,117
530,299,126,117
530,299,125,116
529,299,128,119
529,299,127,118
529,299,128,118
529,300,128,118
529,300,128,117
528,300,127,117
527,299,129,118
526,299,130,119
527,299,129,120
527,300,129,119
527,299,128,120
527,299,129,120
526,299,128,119
525,299,129,118
525,299,130,119
524,298,130,119
524,299,131,119
524,299,131,120
524,298,132,121
524,298,132,120
524,297,131,119
523,297,132,120
522,297,131,119
521,296,133,119
523,297,131,120
522,297,131,121
523,297,130,120
523,296,131,122
522,297,133,122
523,297,133,122
524,297,133,122
523,296,133,124
523,296,134,124
523,295,134,124
523,295,133,124
523,296,134,124
523,296,134,124
524,296,134,124
522,296,135,124
522,296,136,125
522,296,136,125
522,296,137,126
522,296,137,126
522,295,136,125
522,295,138,124
522,295,138,127
522,295,137,127
521,295,138,127
521,294,137,126
521,293,139,127
521,294,139,128
520,293,141,128
522,294,141,129
521,293,140,129
522,293,139,129
522,293,140,129
522,293,141,129
521,293,142,127
521,293,142,129
521,293,143,129
520,292,144,129
520,292,146,129
520,292,146,128
520,292,146,130
520,292,145,130
521,293,145,129
521,292,144,129
522,292,144,129
523,292,144,129
523,292,144,131
523,292,143,130
523,292,145,130
523,292,145,130
523,291,146,131
523,291,146,131
523,292,147,131
523,292,146,130
523,292,147,129
523,292,147,132
524,292,147,132
524,291,148,133
524,290,147,132
524,290,147,133
525,290,148,133
524,289,147,132
524,288,148,134
524,289,149,135
524,289,149,134
524,288,148,133
524,289,149,133
525,289,150,132
524,288,153,134
524,287,152,135
524,287,151,135
524,287,151,135
525,287,151,137
525,288,151,137
525,288,151,136
526,288,152,137
526,288,151,136
526,287,151,136
526,288,152,135
526,288,154,137
527,288,153,137
528,288,152,137
528,288,152,136
528,288,152,135
528,288,153,134
528,287,152,137
529,288,153,140
529,288,152,139
529,288,154,139
529,287,153,140
529,286,155,140
530,286,154,140
530,286,154,139
530,287,155,139
530,287,154,138
530,287,156,139
530,286,156,139
531,286,156,140
531,285,158,141
531,285,159,143
531,284,157,142
531,284,156,142
531,283,159,144
531,284,159,145
532,284,158,144
531,284,160,143
532,284,161,142
532,284,162,143
532,283,161,143
531,283,160,142
532,283,161,141
532,283,161,145
532,284,163,144
533,284,163,146
533,284,162,146
533,284,161,145
532,283,165,147
531,283,164,146
533,284,164,145
533,284,163,145
533,283,165,146
533,282,164,145
534,283,165,144
534,283,164,143
535,283,166,144
535,283,165,143
535,283,166,146
535,282,165,145
536,283,167,148
536,282,167,149
536,282,166,148
536,282,169,147
536,282,168,146
536,282,169,148
537,281,169,150
537,281,168,149
539,281,170,150
539,281,169,149
540,281,170,150
540,280,172,151
540,280,172,151
540,280,171,150
540,280,172,152
540,280,171,151
542,281,172,153
542,281,171,152
542,280,173,152
543,280,173,152
542,279,173,152
543,280,173,153
543,279,172,152
544,279,174,154
544,278,173,153
543,278,175,155
543,278,174,154
544,279,176,156
544,279,175,155
544,279,176,157
544,278,175,156
544,278,178,157
544,278,177,156
544,277,179,158
544,276,178,157
544,275,182,158
544,274,181,157
543,275,183,159
543,274,183,159
546,275,180,159
546,275,179,158
545,275,181,159
545,275,180,158
545,275,181,159
545,275,180,158
545,274,179,157
545,275,181,159
545,275,182,159
544,275,182,158
544,275,183,160
544,275,182,159
544,275,184,164
544,274,184,164
544,274,183,163
545,274,183,163
544,273,183,163
545,272,182,162
544,273,187,161
544,273,186,160
543,272,187,160
543,272,189,163
543,273,190,162
543,273,189,161
545,273,188,162
545,273,187,161
545,273,187,166
544,273,186,165
544,273,189,165
544,272,191,166
543,271,191,166
543,271,192,167
542,271,192,167
543,271,194,169
543,270,196,169
544,270,193,168
543,269,193,168
543,270,194,168
544,271,194,168
543,271,193,167
543,270,196,170
543,270,195,169
544,271,195,170
544,271,197,170
544,270,196,169
544,270,196,169
544,269,198,169
545,268,197,168
545,267,199,173
544,266,199,176
545,265,201,176
545,266,202,177
545,266,203,176
545,266,203,176
545,267,205,175
545,267,205,175
545,268,206,176
545,268,205,175
545,267,208,175
545,266,207,174
546,265,208,177
546,265,208,176
546,265,209,175
547,265,211,174
547,264,211,176
547,264,211,177
547,264,211,177
547,264,213,176
548,265,212,177
548,265,213,177
548,265,212,176
549,266,215,177
549,265,214,176
549,265,214,177
549,265,217,178
549,264,217,179
550,264,216,179
550,263,218,178
550,262,217,177
550,263,220,179
551,262,219,180
551,262,221,182
551,261,222,182
551,260,221,181
551,261,224,180
551,260,225,182
552,261,225,182
552,260,225,182
552,259,226,183
552,258,226,183
553,257,227,186
552,256,228,188
552,255,228,188
553,256,229,188
553,256,229,189
553,256,229,189
554,257,230,188
554,257,230,188
554,256,230,188
554,255,232,190
554,254,232,190
555,257,233,191
554,256,233,191
554,255,236,194
553,254,236,194
554,256,238,194
553,255,238,194
553,254,239,196
555,256,238,194
555,256,240,194
555,256,240,194
555,256,241,194
555,256,241,194
555,256,243,194
556,256,243,196
556,256,243,196
556,255,245,199
556,255,245,199
556,254,247,201
556,253,249,201
555,253,250,201
555,253,250,201
554,253,253,201
556,252,253,201
555,252,252,200
557,250,253,202
556,249,253,202
555,249,256,201
555,249,255,200
558,247,257,202
557,246,258,202
557,246,258,201
557,247,261,202
556,247,262,201
555,247,265,200
559,246,263,205
559,246,263,204
560,246,264,205
560,246,263,207
561,246,266,208
562,246,265,209
562,246,264,208
562,246,268,209
562,246,267,210
562,246,266,209
562,246,269,209
562,246,268,208
562,246,270,208
562,246,273,209
562,246,272,208
562,244,275,213
562,244,274,212
562,244,276,211
561,244,275,210
562,242,279,214
562,242,278,213
561,242,281,212
561,242,283,215
562,240,284,217
562,240,283,216
563,240,284,218
563,240,284,218
564,240,286,219
564,240,287,219
564,240,287,219
564,240,289,218
564,240,291,217
564,239,294,221
564,239,294,221
566,239,297,222
566,239,296,221
566,238,298,222
567,238,297,221
567,237,302,222
567,237,302,222
567,237,304,225
567,237,303,224
570,237,306,225
570,237,305,224
571,236,309,227
572,236,308,226
573,235,311,228
574,235,310,227
574,235,309,226
574,235,314,230
575,235,313,229
575,234,316,231
576,234,319,234
576,234,319,234
576,234,318,233
576,234,322,233
576,234,323,232
576,233,323,231
576,232,325,230
576,231,326,229
579,231,325,235
579,230,328,237
579,230,327,237
580,230,328,238
580,229,328,240
580,229,329,240
580,229,328,239
580,228,334,242
580,228,333,241
581,228,334,243
581,228,333,242
581,228,336,243
581,227,336,242
581,226,337,241
581,225,342,243
581,223,344,250
585,223,341,248
585,223,341,250
587,224,340,250
587,224,340,250
587,224,341,250
588,224,340,249
588,224,345,252
588,224,348,252
588,224,347,251
588,224,350,250
588,222,352,256
588,221,352,256
588,221,353,259
588,220,353,259
590,220,353,259
590,219,353,259
590,219,355,262
589,218,355,262
590,218,357,265
589,217,357,265
588,216,357,265
589,216,361,265
588,215,365,267
588,215,365,267
588,215,367,269
587,215,367,269
586,214,369,269
585,213,369,269
584,212,371,271
583,211,371,271
585,212,374,272
584,211,375,276
585,211,377,276
584,210,377,276
584,211,379,275
584,210,381,275
583,209,383,278
583,208,384,278
582,207,389,279
581,209,393,283
581,208,392,282
582,208,394,281
582,207,394,286
582,206,398,286
582,205,398,288
583,205,400,290
582,204,400,290
582,204,403,290
582,203,406,290
583,203,407,289
583,203,408,288
584,202,408,288
584,201,410,292
583,200,412,295
583,199,415,297
584,199,416,296
584,199,420,299
584,198,419,298
585,198,421,298
585,198,426,302
585,197,428,302
585,197,428,302
585,197,430,304
585,196,432,304
585,195,434,306
586,195,436,309
586,194,436,309
586,193,436,309
586,194,442,310
586,193,443,310
587,193,446,313
587,192,446,313
587,192,449,313
587,191,449,317
587,190,452,317
587,189,456,319
587,188,456,319
589,188,459,320
589,187,459,320
590,187,462,322
590,186,462,322
590,185,470,326
590,185,470,326
592,186,474,326
592,186,474,326
593,184,477,329
593,183,477,329
593,182,477,329
593,181,484,333
593,180,483,332
593,179,483,332
593,178,493,336
594,178,495,338
594,177,495,338
594,176,497,339
594,177,502,342
594,176,507,344
594,175,507,344
594,174,511,347
594,173,512,347
595,172,514,347
595,171,515,347
596,171,524,354
596,170,525,358
596,169,528,360
596,170,532,360
596,169,532,360
597,170,535,360
597,169,535,360
597,168,540,363
598,167,542,367
598,166,544,369
599,165,544,369
599,164,553,371
600,163,553,371
600,162,559,373
601,161,559,373
602,160,559,373
603,159,559,373
604,159,565,377
605,159,565,377
602,157,573,383
603,156,573,383
604,155,581,385
605,154,581,385
606,153,581,385
601,151,596,392
602,150,596,392
601,151,601,394
602,151,601,394
603,150,601,394
604,149,601,394
605,148,612,401
606,147,613,401
605,146,620,405
606,145,620,405
606,145,629,409
607,144,629,409
607,144,633,412
608,143,633,412
609,142,638,418
610,141,638,418
608,140,646,421
609,139,646,421
