578,163,241,159
577,163,240,161
574,160,239,161
570,156,238,160
569,155,238,160
574,153,237,161
577,151,237,161
579,151,237,161
576,146,236,160
577,131,235,165
573,132,234,164
569,132,234,164
570,133,233,163
563,142,232,162
567,131,231,178
570,136,231,178
575,142,230,177
576,144,229,176
574,142,229,176
572,146,229,176
569,146,228,176
563,153,228,176
558,158,228,176
560,169,225,167
562,172,221,167
571,173,214,167
573,172,210,165
571,174,208,164
567,178,209,163
543,178,224,162
538,185,224,155
533,191,222,155
528,194,222,155
523,200,221,154
518,208,219,153
527,209,213,162
525,220,212,161
524,217,224,171
527,218,223,170
530,221,222,169
529,228,226,171
529,231,224,170
534,228,224,170
534,229,223,169
530,228,223,169
530,222,223,169
530,216,222,168
527,210,221,167
530,207,213,166
531,200,211,165
536,201,219,165
540,197,219,165
539,192,218,164
534,190,218,164
529,191,223,163
525,190,223,163
521,192,222,162
523,203,220,161
524,205,219,160
525,207,218,159
522,211,217,158
522,214,222,158
522,207,225,171
521,206,224,170
525,203,223,169
532,206,219,169
538,214,219,169
537,214,219,169
530,212,218,168
524,206,218,168
532,200,217,167
535,199,216,166
535,201,215,165
530,205,214,164
528,207,213,163
534,206,227,167
534,208,226,166
538,208,226,166
541,196,230,172
543,190,232,171
543,187,237,171
546,184,242,170
549,180,246,173
546,180,248,173
551,183,247,172
555,182,246,171
552,182,246,171
554,183,245,170
553,185,244,176
556,185,244,181
560,185,244,181
553,182,243,181
544,188,250,180
541,194,255,180
538,201,258,179
535,211,261,178
537,219,260,177
541,228,259,176
541,236,259,176
542,241,258,175
547,245,263,174
553,252,264,178
551,253,263,177
550,253,262,179
554,245,262,189
551,243,262,189
559,237,262,198
554,233,262,198
547,226,261,197
544,218,260,196
541,214,259,195
540,206,264,194
536,199,267,198
539,198,266,197
541,201,265,196
540,199,265,196
537,196,264,195
538,198,264,195
542,205,264,195
548,207,263,194
554,211,261,193
562,217,260,192
566,219,259,191
569,225,258,190
577,230,264,194
582,235,262,192
584,231,263,197
583,226,262,196
583,232,267,200
585,235,269,209
586,239,268,208
588,245,267,207
586,253,266,210
582,256,274,214
576,256,274,210
570,257,275,216
567,257,274,215
568,257,273,214
568,252,272,222
567,255,272,222
569,252,271,221
567,244,271,221
565,236,270,220
571,233,269,219
575,229,266,217
580,226,264,216
582,224,263,215
582,223,262,214
578,223,267,213
574,220,266,212
574,222,267,211
576,227,266,213
575,229,268,213
573,232,267,212
570,232,267,216
572,230,273,226
573,230,272,225
577,228,272,227
577,227,271,226
577,219,271,228
575,214,271,228
577,205,266,241
569,204,266,241
567,197,262,240
561,196,262,240
561,206,262,240
562,214,261,239
556,215,257,238
543,212,255,237
532,211,255,237
526,214,254,236
520,218,258,236
514,223,257,235
506,225,265,235
504,228,265,235
505,230,264,234
507,232,264,234
516,225,263,233
526,224,263,233
525,226,263,233
526,227,268,235
531,230,268,235
534,235,268,235
532,239,268,235
531,236,268,235
530,239,266,238
523,241,266,238
518,240,266,238
508,237,266,238
502,233,265,237
501,235,265,237
505,235,264,236
506,235,263,235
508,238,268,236
504,240,267,235
510,242,266,234
518,237,268,239
524,243,269,238
527,245,274,237
529,245,273,236
536,249,281,239
536,251,280,238
542,252,279,237
548,250,286,236
548,253,285,235
547,250,284,234
545,250,282,232
548,250,281,236
549,250,285,243
548,250,288,237
549,254,291,236
550,256,290,244
550,260,290,246
549,265,289,245
544,270,290,245
539,276,290,240
539,278,294,244
541,278,297,244
540,282,296,253
540,283,295,257
542,287,294,256
549,294,306,260
549,297,305,264
548,296,305,268
541,296,304,267
531,292,307,274
520,297,306,273
509,294,316,279
499,293,321,273
490,296,320,277
474,299,345,285
472,307,345,279
474,311,344,278
464,302,352,273
463,285,352,273
467,274,352,273
474,272,351,272
482,261,375,283
488,252,374,282
492,243,373,281
492,242,371,279
492,243,394,278
488,246,393,277
478,241,392,276
478,230,397,275
476,219,396,274
469,202,409,273
473,180,408,272
468,170,419,280
476,144,410,293
483,138,409,292
491,135,401,300
487,126,396,299
481,118,395,298
465,124,391,298
448,131,390,301
438,112,378,339
430,106,368,328
418,100,367,327
413,74,367,351
403,65,371,341
392,57,379,341
389,62,383,340
392,56,383,351
386,53,387,354
378,57,387,354
372,61,396,353
384,69,396,353
394,84,396,353
395,95,396,353
393,100,411,350
399,98,411,372
406,107,410,372
410,114,407,368
410,117,414,368
400,122,414,368
394,118,413,379
396,122,413,379
391,134,413,379
393,137,413,392
391,136,413,392
388,137,414,393
394,146,414,393
398,139,414,419
418,141,422,435
439,153,422,435
461,152,412,454
460,171,412,454
453,173,412,454
452,148,430,454
457,132,430,466
447,115,431,467
440,100,431,467
439,91,431,480
432,93,430,479
415,79,462,495
408,85,463,496
407,90,459,496
410,98,459,496
415,101,459,496
415,103,459,496
427,100,460,492
427,79,470,510
431,79,470,511
433,81,470,512
438,73,478,514
442,72,478,514
438,74,487,514
438,75,487,516
444,89,495,525
448,103,495,525
454,112,495,525
460,104,508,537
460,107,509,538
453,112,525,566
456,110,528,573
450,111,544,586
442,117,555,595
433,118,572,602
425,107,581,613
420,108,599,612
409,113,614,607
409,119,614,601
412,124,618,596
402,122,633,595
395,125,639,595
392,118,640,599
416,109,628,610
421,106,616,613
380,92,655,627
381,89,655,626
378,83,655,636
373,86,655,634
375,80,655,629
373,80,665,639
367,81,665,635
366,87,665,633
373,82,664,637
379,86,664,634
377,94,664,626
370,81,664,638
368,82,665,631
361,88,666,632
357,90,666,629
354,89,679,630
333,94,694,626
329,82,693,637
335,84,704,636
340,87,705,633
327,103,734,617
327,99,723,620
323,91,738,629
317,82,736,638
321,81,736,638
317,71,737,648
338,77,736,643
349,75,708,644
373,69,693,651
387,74,665,646
400,80,652,639
408,73,641,647
420,82,640,637
428,71,621,649
436,80,621,639
450,81,609,638
461,87,609,632
457,95,592,624
465,103,592,617
473,93,592,627
483,96,569,624
479,98,595,621
476,96,607,624
472,77,614,642
469,66,626,653
449,55,639,664
441,45,659,674
425,27,674,692
404,11,674,709
391,1,700,719
375,1,714,719
374,1,714,718
362,2,729,718
358,2,728,717
363,2,729,718
370,4,744,716
369,1,751,719
379,1,750,719
367,1,765,719
366,1,812,719
375,19,825,701
373,39,842,681
366,12,865,708
368,17,867,703
375,75,879,645
349,75,909,645
347,88,911,631
339,97,926,623
344,106,917,614
336,102,944,617
348,109,932,611
355,91,925,629
364,94,916,625
393,93,887,627
396,91,884,629
419,93,861,626
426,83,837,636
464,81,815,638
468,74,812,646
498,83,782,636
521,91,759,629
539,93,740,627
571,97,709,622
578,98,700,621
587,102,680,617
599,100,668,619
598,104,654,615
603,116,641,602
602,125,625,592
590,131,626,589
601,134,603,585
577,137,615,581
570,139,616,581
562,135,617,585
551,143,624,577
533,148,624,572
532,148,631,572
522,151,644,569
520,143,631,577
518,146,631,573
515,152,636,568
497,159,649,561
480,159,731,560
479,159,735,560
459,160,738,560
458,163,723,557
445,153,723,567
444,160,735,560
435,147,714,572
426,140,709,579
416,131,709,588
409,118,694,601
407,112,695,607
404,100,690,619
401,102,690,618
400,89,676,630
398,78,677,642
392,74,690,646
390,69,674,651
375,38,688,654
382,18,673,653
381,18,686,652
381,32,686,630
411,49,651,604
420,41,646,623
494,52,580,610
505,88,566,573
507,91,554,572
523,108,533,536
531,134,518,508
535,138,501,504
531,133,501,493
537,133,482,488
536,142,462,460
542,132,443,467
538,130,428,462
531,128,423,449
525,122,418,450
528,126,410,457
525,126,405,444
527,119,400,443
543,129,392,451
565,139,391,441
559,128,397,446
553,125,389,447
548,137,398,451
549,148,398,451
542,144,390,444
533,155,398,444
531,155,398,453
522,149,397,441
518,147,395,431
507,137,406,434
494,134,406,433
484,132,409,436
475,136,412,439
479,145,412,429
484,140,404,442
481,137,416,452
479,143,416,461
478,143,416,464
480,148,421,476
483,149,428,476
495,158,419,476
504,148,432,470
513,137,441,479
513,129,450,483
529,117,449,494
547,109,458,506
569,116,449,506
580,115,453,517
596,125,452,510
615,123,450,514
629,129,450,514
634,124,449,513
638,119,467,513
667,135,455,506
671,140,444,505
671,140,441,505
673,156,439,504
671,158,437,513
673,166,438,515
662,169,438,515
654,162,440,515
650,154,458,515
645,136,467,537
643,139,480,536
647,132,497,536
653,139,517,536
655,132,505,536
665,130,515,536
671,129,525,535
686,129,524,534
693,131,523,522
707,136,511,502
744,125,482,517
754,126,475,517
755,142,475,487
756,181,469,443
760,181,459,434
745,179,459,434
741,198,459,414
731,202,459,414
729,215,457,392
718,213,439,392
720,212,439,363
699,201,446,385
677,193,437,377
660,186,436,392
655,186,435,352
637,172,434,351
631,173,425,365
619,168,433,369
616,157,433,377
601,150,450,368
603,143,442,361
596,136,442,360
590,120,442,352
572,100,450,369
564,81,448,368
550,76,461,368
541,65,451,368
533,63,451,346
527,45,460,353
509,32,463,368
511,24,456,374
511,26,456,374
496,21,466,374
492,30,475,381
493,27,484,390
496,32,483,389
494,23,483,403
490,31,482,402
503,27,496,417
518,26,483,417
525,24,489,425
526,28,507,423
553,32,486,422
546,27,495,439
554,27,494,441
570,28,492,433
576,26,484,433
585,29,493,442
598,26,474,438
593,14,473,437
607,8,462,446
625,11,450,437
627,2,449,441
639,7,440,441
652,17,432,442
649,23,415,442
653,24,416,424
663,23,413,442
659,30,402,432
647,28,407,435
645,28,406,442
628,39,406,433
605,43,426,427
595,75,433,390
592,48,432,413
580,34,445,439
573,36,444,429
563,25,447,426
554,44,447,398
555,60,459,374
559,63,450,374
554,70,460,361
560,64,460,361
562,86,448,338
570,90,446,337
586,87,429,346
591,92,427,335
617,89,400,334
627,87,395,336
642,84,378,335
644,92,378,335
665,96,348,334
654,108,351,333
674,114,339,336
683,113,338,329
681,112,337,322
680,101,336,327
686,100,329,327
685,95,335,319
686,93,335,318
685,95,327,317
662,80,329,317
658,70,329,317
653,66,321,317
647,72,315,311
630,67,313,316
615,60,326,329
611,67,319,329
597,63,319,329
598,74,313,323
594,76,307,323
584,83,307,329
580,79,312,331
576,80,319,331
566,75,325,338
551,69,323,330
544,67,331,329
554,65,330,335
548,71,331,328
527,71,331,328
527,73,331,328
528,80,330,327
522,80,330,324
526,86,329,323
515,75,328,322
496,75,336,310
500,74,335,309
510,76,335,309
509,80,347,296
515,91,348,296
502,103,348,296
501,112,348,296
505,114,348,291
514,119,348,291
514,126,347,290
511,125,337,286
504,125,336,278
507,118,335,277
515,123,334,282
515,125,334,282
506,119,334,282
502,117,334,282
494,118,338,289
493,119,338,289
493,118,335,283
480,109,346,292
472,109,346,292
457,97,358,294
456,95,347,297
450,91,358,297
456,95,347,297
459,97,340,297
460,86,348,308
465,88,348,308
462,80,348,327
466,84,347,312
472,81,347,312
481,86,346,311
484,89,346,311
473,83,345,323
474,84,352,322
475,81,356,330
489,97,355,329
497,107,343,328
508,116,342,327
521,132,342,327
522,133,342,332
526,142,342,332
530,139,342,347
532,145,341,346
599,138,276,346
597,138,276,346
551,125,291,351
503,123,347,350
507,126,347,350
505,126,346,349
499,123,345,343
504,125,345,343
503,98,344,366
489,89,343,365
480,84,358,351
478,69,372,364
481,66,371,363
468,73,380,331
470,69,380,331
471,68,377,325
476,89,372,306
476,93,371,305
471,91,366,292
476,93,365,291
481,90,364,290
489,87,326,292
497,89,326,292
497,94,325,291
518,92,313,295
553,97,284,295
554,91,283,307
555,95,283,307
553,103,283,307
556,109,283,307
571,121,282,306
569,124,281,305
569,124,280,304
577,137,279,303
580,140,283,303
587,147,278,303
591,139,277,311
591,141,279,312
583,129,289,311
586,119,288,310
587,116,288,310
576,120,289,311
581,125,289,312
583,131,289,312
586,131,290,313
580,114,290,313
564,105,290,313
570,104,290,313
582,103,290,313
586,113,290,313
579,118,290,313
580,126,290,313
584,134,290,313
578,135,290,313
571,132,299,302
559,125,316,301
566,124,316,301
556,116,315,303
555,123,315,303
559,125,315,303
557,127,315,303
550,129,320,312
552,134,319,311
555,128,319,311
554,130,318,310
555,118,317,309
533,100,318,309
531,100,319,310
533,103,319,310
534,105,319,310
525,107,319,310
506,105,335,310
513,92,335,301
516,96,335,301
511,99,334,300
508,85,333,299
487,71,353,309
488,76,352,308
489,85,352,308
491,79,352,308
481,79,352,324
482,79,352,324
489,76,352,324
506,94,352,330
508,98,353,335
515,98,353,335
512,92,353,339
517,98,353,339
507,107,353,339
520,104,302,339
502,91,320,358
499,95,320,358
493,100,319,357
504,92,319,357
508,94,319,357
502,94,319,357
497,88,319,357
502,89,318,356
492,78,318,356
495,78,318,356
489,69,338,356
478,54,353,379
470,61,354,380
474,73,355,381
461,77,368,370
460,78,373,371
464,99,377,358
459,105,377,358
461,111,377,358
465,120,377,358
471,138,385,332
484,144,385,332
489,153,384,331
482,167,382,310
504,165,355,311
507,161,355,311
497,158,347,317
497,148,347,321
518,155,332,320
519,159,332,313
526,157,321,318
537,152,303,324
543,160,293,319
543,162,293,320
543,165,293,314
559,171,278,313
560,178,277,319
562,176,266,319
562,184,256,325
560,198,256,325
545,195,269,317
542,185,268,336
535,187,268,336
530,189,268,336
508,190,257,336
509,179,264,336
507,174,269,336
512,162,268,335
521,160,268,335
511,150,290,336
509,151,290,336
505,152,290,336
491,145,304,336
493,148,304,336
495,150,305,337
495,152,305,337
471,144,333,336
469,142,333,336
469,141,334,337
455,147,335,318
454,154,335,318
450,148,334,337
446,158,334,337
443,161,334,337
441,157,334,337
440,153,334,337
422,148,346,354
422,146,346,354
421,159,347,355
421,159,347,355
422,163,336,355
430,160,327,355
430,161,327,355
448,151,323,356
456,146,322,355
466,129,298,379
476,129,289,380
475,129,289,380
478,124,289,380
479,125,290,381
482,115,290,381
484,120,290,381
479,122,290,382
497,112,280,382
503,125,280,382
507,144,280,382
509,161,280,382
512,172,280,382
514,157,280,383
513,150,280,409
509,157,280,409
500,154,280,401
471,155,305,383
472,155,305,383
467,156,305,383
458,156,305,383
438,155,322,362
425,167,343,352
422,169,343,352
418,167,343,352
394,165,389,326
397,165,389,326
399,145,384,338
396,146,383,324
406,132,371,336
404,129,371,323
400,129,372,323
422,116,340,323
424,115,340,323
435,101,324,344
440,102,303,345
437,93,303,345
433,92,303,346
455,78,291,347
453,82,292,348
465,86,265,349
476,92,235,328
476,98,235,328
474,86,268,346
470,88,267,345
468,83,268,345
480,86,268,345
479,73,268,346
478,59,272,329
483,58,273,330
478,62,273,331
469,64,264,332
467,68,264,333
461,53,264,324
453,51,264,324
440,38,285,338
440,49,285,332
442,51,285,332
441,43,285,332
444,52,285,332
447,60,285,332
445,66,285,332
448,73,285,332
445,76,285,332
442,78,285,332
444,80,285,332
440,68,305,333
427,61,319,334
426,68,318,333
426,76,318,333
423,81,319,334
419,78,319,335
417,82,319,319
419,92,335,319
415,103,336,319
412,115,337,321
417,123,337,327
417,123,337,327
420,129,330,321
432,137,331,322
443,143,338,322
439,136,338,322
438,129,338,328
458,134,338,328
456,142,341,321
460,144,341,321
464,148,340,320
465,156,340,320
465,163,340,320
464,163,339,319
463,159,340,320
463,155,341,321
475,142,318,321
486,142,323,321
494,142,311,315
497,133,311,321
503,121,310,336
505,123,309,335
508,115,309,335
526,115,296,347
525,118,295,346
528,113,295,346
546,105,290,347
545,110,290,347
542,106,289,346
559,117,289,346
565,116,289,360
567,122,289,360
572,129,289,360
571,134,289,360
568,139,289,363
567,143,289,363
566,144,289,363
555,135,315,371
554,132,315,371
540,135,330,371
523,142,337,372
522,147,337,372
502,152,343,373
496,170,369,344
481,180,369,344
479,197,372,344
470,202,372,344
469,187,387,344
471,186,387,344
492,189,366,344
493,179,366,344
499,177,366,344
497,176,365,343
517,166,329,342
519,165,329,353
543,149,302,352
543,147,302,353
553,144,272,353
556,145,290,352
558,149,290,352
580,136,264,351
579,140,264,351
589,144,246,350
589,140,246,350
595,146,257,350
600,143,257,350
604,149,257,350
595,155,276,350
597,160,276,350
600,165,276,350
597,166,276,350
595,170,276,350
588,177,287,350
587,184,294,350
586,193,295,351
582,187,295,351
577,188,295,351
571,174,319,351
565,174,319,351
552,185,331,335
549,183,331,335
547,171,331,335
542,174,330,334
537,173,345,335
534,172,344,334
529,177,344,334
513,181,358,333
512,185,358,333
522,187,352,333
517,190,353,334
517,189,353,334
518,195,353,334
510,203,365,317
514,196,353,328
515,194,353,328
508,188,353,328
510,180,353,328
507,180,352,327
525,170,330,327
521,176,330,327
527,169,330,352
528,174,330,352
519,179,330,352
537,171,294,363
541,170,294,363
554,162,294,363
553,162,274,363
565,155,261,377
580,149,261,378
571,149,237,379
565,137,237,379
562,134,237,379
556,116,255,401
551,114,255,401
545,106,255,401
536,103,246,401
540,103,239,401
535,100,239,401
542,86,239,401
537,88,239,401
531,89,235,401
526,77,235,401
521,73,258,389
519,61,273,390
516,62,288,391
497,67,326,391
492,71,326,391
473,75,355,391
459,92,358,377
448,97,372,361
445,96,372,361
434,117,384,338
419,132,403,314
414,129,387,314
415,130,387,314
414,137,386,313
399,141,386,313
391,149,386,313
390,139,368,319
385,145,368,319
389,148,351,319
390,145,344,319
406,139,319,326
403,136,319,326
415,123,302,327
430,114,302,327
438,104,283,327
452,92,266,327
458,90,267,328
467,94,267,329
473,99,267,329
471,106,282,329
475,113,286,329
480,118,287,329
486,122,287,329
492,126,287,329
486,126,323,329
482,124,323,329
470,122,345,311
462,118,345,311
462,112,345,311
459,105,345,311
439,101,371,298
438,104,371,298
440,102,370,297
438,96,370,297
440,101,370,297
437,104,383,296
435,107,382,295
438,114,382,295
436,116,395,294
444,120,395,294
458,129,380,294
458,137,369,279
459,147,368,278
468,158,368,278
470,166,368,278
468,172,367,277
474,159,366,289
479,159,363,289
495,146,324,289
494,144,323,288
493,127,322,301
493,121,321,311
495,126,321,311
490,116,305,332
488,108,304,341
483,112,291,341
473,111,290,340
465,103,305,350
462,91,309,369
452,94,309,359
446,89,309,359
428,86,329,359
422,82,329,359
408,74,349,359
405,69,360,359
403,64,372,359
391,75,390,342
403,92,390,331
393,100,406,324
402,110,406,324
407,115,414,313
416,122,414,313
443,124,404,324
447,136,404,324
454,147,404,324
484,156,376,323
492,168,376,323
498,167,358,329
499,166,345,329
505,170,345,329
508,177,322,329
525,176,304,329
527,181,304,329
520,187,304,329
540,196,270,329
549,205,270,329
545,204,269,329
552,212,269,329
555,221,268,328
538,226,286,328
539,218,286,342
545,229,286,343
541,243,308,343
546,249,303,342
554,249,303,342
542,252,331,328
542,248,331,328
544,251,322,328
533,259,335,328
536,262,335,328
540,257,339,328
540,253,339,328
537,254,339,328
526,257,359,327
526,258,359,327
523,257,359,321
530,255,359,321
535,254,358,320
535,252,358,320
538,247,357,319
544,241,368,319
553,243,371,318
553,243,370,317
548,235,369,316
550,236,369,311
547,241,368,310
533,237,376,302
511,230,370,301
494,230,364,297
485,229,363,296
485,233,362,295
479,241,361,294
468,246,360,293
465,251,359,292
455,253,358,291
450,253,357,274
447,249,357,274
440,249,356,262
441,265,356,240
435,258,355,239
432,258,354,238
434,259,353,237
434,257,372,236
420,262,398,235
419,269,397,234
420,273,396,233
436,281,395,232
442,287,389,231
453,291,388,230
465,290,376,219
482,286,358,218
490,277,357,217
500,264,346,217
514,261,331,216
519,260,330,215
532,279,315,198
527,280,314,197
0,0,0,0
0,0,0,0
0,0,0,0
0,0,0,0
0,0,0,0
0,0,0,0
0,0,0,0
540,284,310,190
542,291,309,176
549,294,308,175
555,295,314,174
560,296,313,170
559,300,313,169
551,312,316,162
548,315,315,158
533,315,326,136
526,321,338,133
519,322,337,122
519,325,336,114
520,334,336,99
510,342,336,88
515,355,349,76
517,362,191,75
512,360,190,70
608,351,102,73
533,322,345,87
537,283,341,121
543,268,339,120
540,252,338,119
551,242,324,113
559,243,323,112
581,248,312,131
588,254,302,131
584,258,301,130
596,259,286,148
599,257,285,147
604,248,279,148
596,233,280,148
596,207,280,167
595,192,280,167
590,159,282,205
589,145,282,205
564,122,298,211
552,113,317,222
535,111,329,223
516,109,334,223
497,119,358,223
491,108,358,235
487,114,359,246
480,124,359,263
477,132,360,264
479,141,360,284
487,144,344,300
492,141,329,318
507,145,312,325
520,152,297,324
540,147,276,329
558,142,254,329
553,135,253,328
551,140,249,320
544,131,249,320
535,125,249,310
528,116,248,309
527,106,248,292
527,102,247,286
531,98,246,285
536,96,246,285
545,105,245,253
555,101,244,252
561,97,244,252
562,92,243,251
573,87,243,251
578,83,243,251
581,78,243,251
583,77,243,248
586,73,243,248
589,71,243,248
588,68,243,248
580,64,255,254
580,61,255,254
577,55,255,254
574,66,258,248
577,66,257,247
564,56,271,247
563,46,271,247
548,45,290,236
547,46,289,235
545,54,297,213
547,52,297,213
540,53,303,203
531,56,306,202
530,64,305,173
526,61,304,159
525,60,307,158
525,58,306,147
521,60,316,147
511,63,316,147
512,75,315,129
520,80,314,128
519,94,314,128
521,98,313,127
523,103,313,127
523,103,313,127
530,111,306,126
532,122,305,125
533,127,303,124
534,133,302,123
535,148,301,108
540,153,293,107
549,151,275,107
551,151,275,107
554,152,275,107
557,149,278,107
557,152,276,106
558,155,275,105
566,154,279,105
577,152,265,105
574,152,265,105
615,144,234,112
590,144,264,115
590,142,257,117
592,146,256,116
593,149,256,116
615,151,234,116
612,149,233,115
613,149,233,115
610,149,232,114
605,147,229,113
604,145,229,113
599,143,229,113
597,136,229,123
595,137,228,121
589,134,228,122
589,134,227,121
588,137,226,121
586,140,225,120
576,132,236,125
565,140,245,124
562,142,246,124
559,144,245,124
538,131,258,142
533,124,257,141
524,139,257,130
512,135,263,129
496,136,263,129
487,138,263,129
478,137,263,129
467,135,263,129
451,137,262,128
445,141,261,127
441,145,260,126
436,149,258,125
435,160,257,124
440,162,257,124
472,181,239,102
486,185,235,100
502,184,235,100
544,187,231,79
558,184,229,113
574,190,228,112
583,193,227,111
600,180,227,111
611,182,226,110
616,187,225,109
617,185,227,110
629,184,210,109
622,175,211,109
635,158,191,109
637,151,192,109
633,147,192,109
629,145,192,109
630,145,204,109
633,139,201,123
629,142,201,123
627,142,201,123
645,141,194,135
637,154,196,117
634,160,207,129
637,169,207,129
636,165,204,129
633,166,203,128
626,166,203,128
618,160,203,139
617,167,198,138
621,175,206,138
613,180,198,138
600,180,197,137
594,180,197,137
592,185,196,136
594,184,197,136
596,180,200,137
593,175,200,141
593,172,212,145
614,174,201,145
617,179,201,145
615,179,201,145
616,180,201,145
617,182,201,145
618,185,201,145
619,177,188,154
620,181,188,154
623,181,187,153
626,183,186,152
620,180,190,147
609,183,218,146
611,187,222,143
611,179,221,142
606,180,221,142
602,181,221,142
602,179,210,142
597,182,210,142
597,184,210,142
591,170,211,146
602,168,191,146
605,174,191,146
606,176,197,146
604,178,197,146
588,176,205,158
586,182,208,157
589,188,207,156
584,192,206,155
581,192,205,154
584,197,205,154
581,193,205,154
584,193,205,154
585,198,204,153
587,199,203,156
595,202,203,162
592,209,203,162
592,213,214,169
597,213,214,169
615,211,196,168
619,194,174,167
621,185,173,166
618,175,173,166
618,165,172,165
619,147,183,177
618,140,183,177
613,131,183,177
611,128,183,177
639,120,155,185
640,123,154,184
639,121,154,184
641,125,165,183
637,131,165,183
631,134,171,183
623,138,184,182
612,139,188,182
605,138,188,182
603,136,189,171
597,140,192,171
599,141,212,170
596,146,227,169
593,148,226,168
588,121,226,193
592,122,225,192
593,123,224,191
596,124,223,190
603,126,222,189
600,125,221,188
596,121,221,188
601,135,220,162
602,132,236,162
602,131,235,161
604,125,232,159
602,112,243,158
594,112,243,158
590,118,243,158
602,125,230,157
597,127,231,157
591,130,231,157
591,139,231,157
604,141,224,157
603,142,204,157
614,136,204,157
620,135,190,156
618,137,190,156
624,137,177,155
617,135,176,154
617,129,171,160
613,135,171,160
606,137,171,160
610,130,170,159
611,136,169,158
609,136,168,157
609,141,167,156
605,144,166,155
602,149,166,155
600,155,166,155
599,154,165,154
594,154,164,153
590,152,164,153
590,159,163,152
591,165,162,151
592,171,161,150
587,158,167,149
589,161,167,149
588,168,168,150
589,173,180,148
586,178,179,147
585,189,179,147
586,196,195,146
586,203,191,145
581,200,191,158
576,200,191,158
617,208,156,157
581,215,194,157
585,217,193,156
587,219,193,156
597,217,195,160
599,214,195,160
601,214,195,160
600,211,195,160
597,210,195,151
597,212,195,151
598,213,195,151
603,212,194,150
604,212,193,149
606,213,200,148
609,214,204,147
603,212,203,146
596,205,203,146
599,205,213,147
607,207,205,147
607,204,205,147
607,198,205,147
603,201,204,146
599,202,204,146
600,204,204,146
609,211,203,145
610,218,202,144
610,207,202,163
615,204,197,168
614,207,196,167
614,211,195,166
625,214,194,165
625,217,199,169
627,222,199,169
632,220,197,168
634,212,197,170
628,219,196,169
634,225,195,168
630,227,194,167
628,228,194,167
629,221,205,183
636,220,194,183
636,225,194,183
636,232,193,182
633,231,193,182
636,232,200,184
640,231,200,184
643,227,205,188
641,226,205,188
639,224,189,187
628,219,192,198
627,214,192,202
624,215,192,202
615,212,199,187
596,210,211,187
593,209,210,186
587,214,211,185
582,217,210,184
568,227,233,172
567,234,232,171
556,234,231,170
550,231,241,170
549,230,241,170
545,228,240,169
546,216,239,168
543,220,238,167
540,227,236,165
543,223,236,173
540,229,236,173
538,224,236,173
542,223,236,173
542,224,229,172
542,219,229,172
555,213,201,183
555,212,202,184
553,207,202,184
565,201,188,184
569,199,180,184
570,193,179,196
579,195,176,195
575,189,176,195
579,190,175,194
575,188,174,193
578,192,173,192
589,195,159,191
585,192,158,190
581,195,158,191
585,200,157,190
588,202,171,190
584,204,172,191
583,212,174,190
587,219,173,189
590,216,180,188
590,224,180,188
590,236,179,187
595,250,179,187
596,257,182,187
592,249,184,186
590,249,183,185
587,247,185,188
590,247,183,186
593,253,188,185
591,251,194,185
592,256,198,183
584,258,209,195
583,257,208,194
588,256,207,193
589,256,206,192
592,252,205,191
594,253,198,191
590,250,197,190
591,246,189,189
592,245,206,189
584,235,218,188
583,232,230,187
582,228,230,187
588,234,229,186
585,240,228,185
579,241,229,186
579,242,229,186
576,230,228,185
574,231,227,184
574,234,226,183
582,231,218,187
578,225,218,198
577,227,217,197
579,230,207,196
579,231,204,196
580,233,201,195
582,227,204,205
586,230,197,206
589,230,196,205
583,218,195,206
579,217,194,206
581,221,193,209
593,219,178,212
595,221,177,212
596,221,176,211
594,221,176,211
594,223,176,211
598,228,188,210
621,231,176,210
608,227,176,210
613,233,176,210
612,234,176,210
602,231,187,211
603,224,187,211
602,225,186,210
591,212,196,220
584,217,196,220
586,216,206,219
581,215,216,219
582,215,215,218
576,219,232,208
579,224,237,203
576,223,240,202
569,221,248,196
570,221,257,196
570,222,257,196
569,225,256,195
566,225,259,194
564,225,259,194
564,230,259,194
561,235,259,194
571,223,230,195
570,231,229,194
582,241,229,194
577,248,228,193
583,247,223,197
582,250,223,203
581,255,222,202
595,257,199,201
593,261,198,200
596,261,191,200
601,265,190,199
601,261,188,214
598,264,189,215
605,265,171,215
602,259,185,215
601,256,185,215
599,250,185,215
597,241,184,214
595,236,183,213
593,233,191,213
589,231,190,212
586,215,190,212
584,213,190,212
583,200,190,221
586,200,189,220
590,193,189,221
594,200,189,221
594,207,189,221
595,213,188,220
599,225,202,220
601,223,202,220
607,234,201,219
615,240,200,218
617,254,200,218
618,251,200,235
620,258,199,234
619,261,202,234
612,263,205,227
610,261,204,226
611,255,204,226
609,252,204,217
601,243,204,217
597,237,204,217
582,229,214,217
575,231,229,217
568,233,229,217
562,230,229,217
556,231,229,217
552,233,229,217
547,232,229,226
550,240,229,226
552,245,228,225
550,248,228,225
550,254,228,225
550,254,238,225
544,253,238,225
546,258,237,224
557,261,244,224
557,265,243,223
558,265,242,222
559,266,242,222
568,261,242,229
568,261,242,229
573,260,233,229
579,251,233,229
578,245,233,229
580,233,233,229
582,232,233,229
582,229,233,229
587,224,230,229
590,223,229,228
591,221,242,230
588,221,242,230
588,219,242,230
589,209,237,233
585,207,237,233
580,205,237,233
589,191,213,233
584,181,213,247
582,179,213,247
576,171,220,259
570,174,220,259
563,180,220,259
553,180,220,259
551,193,220,259
546,206,220,272
547,218,203,272
540,225,203,272
532,228,203,272
529,233,203,272
530,240,203,272
535,249,215,272
536,250,228,272
524,252,240,262
510,253,261,262
514,260,261,262
506,281,273,249
503,287,284,249
501,293,284,249
490,295,301,248
486,286,300,257
482,286,299,261
485,288,299,266
491,301,281,266
486,300,281,246
486,290,281,246
502,287,260,245
522,279,259,256
541,285,254,256
553,291,253,255
568,295,253,255
588,294,226,265
589,291,226,265
598,293,223,264
594,292,222,263
608,278,201,263
614,278,201,263
612,271,208,274
608,270,207,273
610,270,207,273
610,263,207,273
604,263,207,273
599,265,207,273
591,269,207,273
590,274,207,273
585,282,207,273
583,287,227,273
586,300,227,273
577,309,245,273
587,321,245,273
588,325,245,273
591,331,245,273
597,334,245,273
600,336,245,273
595,335,256,267
598,330,263,267
596,330,265,267
595,330,265,267
597,331,265,267
603,331,269,267
591,333,292,266
594,330,292,266
590,329,292,266
571,330,305,266
566,331,305,266
565,328,305,266
561,323,305,266
551,319,305,266
545,304,304,276
541,302,303,275
536,298,303,275
530,280,303,275
528,265,313,280
525,255,313,280
524,240,319,284
525,237,318,283
524,232,318,283
526,213,318,293
536,206,318,293
547,195,330,297
572,198,313,296
578,199,309,296
583,197,308,295
604,194,296,303
605,194,296,303
606,193,296,303
614,199,290,303
610,206,289,302
614,206,289,302
612,203,283,301
599,200,283,290
588,194,273,290
593,191,273,290
589,200,307,289
586,188,306,295
572,175,319,292
563,177,319,292
551,192,334,268
549,174,350,283
546,164,350,296
537,164,349,295
527,165,365,283
533,166,364,282
532,174,363,269
538,171,363,269
546,180,350,247
555,186,337,246
570,202,336,233
576,199,330,232
579,192,323,223
588,193,309,223
595,176,293,222
597,171,293,222
607,169,281,222
615,151,269,235
612,139,269,235
618,122,252,235
611,118,252,235
607,111,252,235
606,100,252,235
597,96,252,235
589,100,252,235
584,107,252,235
576,107,252,235
570,113,242,235
567,122,242,235
571,126,242,235
566,122,241,234
557,118,240,233
555,106,240,233
557,84,243,236
556,68,243,236
545,57,257,235
544,50,257,235
541,42,257,235
537,35,257,235
534,33,256,235
524,35,272,235
519,38,272,235
517,38,272,235
511,41,272,235
481,41,272,235
449,38,278,213
449,36,278,213
446,34,277,212
439,35,297,211
440,49,297,211
438,48,296,198
437,43,296,198
433,42,296,198
431,33,295,197
429,28,295,197
427,19,299,202
427,9,298,201
429,5,298,201
429,1,302,212
425,1,301,211
426,1,310,211
432,7,309,210
435,1,309,225
447,5,312,225
464,9,311,224
481,1,311,237
489,3,311,237
507,8,310,236
524,12,300,235
526,15,300,235
530,18,300,235
537,18,297,245
537,15,296,244
536,10,295,245
535,11,295,245
539,7,295,245
538,5,294,244
535,5,293,243
535,7,292,242
533,6,291,241
527,4,291,241
525,7,291,241
524,12,291,241
511,9,304,245
522,12,304,245
527,15,303,244
528,19,303,244
548,30,324,244
562,37,323,243
555,38,315,246
550,49,314,245
561,62,303,244
572,90,282,222
580,108,269,211
590,126,258,203
594,134,244,202
599,147,243,184
596,151,237,183
600,153,219,188
588,160,218,187
577,151,217,186
572,143,216,185
574,147,204,184
563,145,204,184
557,138,204,184
563,137,204,184
561,137,203,183
556,126,202,184
555,115,202,184
555,104,202,184
554,101,202,184
555,104,201,183
555,103,201,183
555,93,201,183
561,79,200,186
566,75,199,185
569,69,199,185
561,65,216,185
561,69,215,184
568,73,215,184
571,72,215,184
569,70,215,184
563,68,215,184
564,74,215,184
569,76,214,183
574,77,214,183
575,79,213,182
571,83,212,181
561,85,211,180
