451,268,58,56
455,265,57,55
462,263,56,54
468,259,57,55
473,253,56,57
480,250,55,56
487,245,55,56
491,241,57,55
496,237,58,55
502,232,56,55
506,229,57,56
512,226,57,56
517,223,57,56
517,221,60,59
520,220,61,60
523,220,61,60
526,220,61,60
530,221,60,59
534,223,58,57
537,224,57,57
541,225,55,55
538,226,58,59
539,226,58,59
539,226,58,59
541,226,58,59
543,227,57,58
542,230,59,59
540,233,60,59
539,238,61,60
537,242,60,62
536,250,58,60
532,260,59,60
529,270,59,60
526,275,58,64
523,282,58,64
520,288,58,64
520,291,59,61
521,288,59,61
524,277,60,62
528,263,61,63
535,242,61,63
541,212,62,65
544,180,62,66
545,138,62,70
545,99,61,68
543,65,63,70
540,31,61,67
538,1,59,64
535,1,63,34
532,1,63,10
0,0,0,0
0,0,0,0
0,0,0,0
0,0,0,0
0,0,0,0
0,0,0,0
0,0,0,0
0,0,0,0
0,0,0,0
0,0,0,0
0,0,0,0
0,0,0,0
0,0,0,0
0,0,0,0
0,0,0,0
0,0,0,0
514,1,61,37
511,2,62,70
507,34,63,71
507,66,63,72
506,103,62,78
502,142,61,78
502,187,62,71
498,233,60,71
500,285,60,74
497,337,60,73
493,385,58,77
492,446,59,77
493,505,56,72
488,573,57,72
487,555,57,71
484,518,56,65
484,479,56,68
484,443,56,68
481,412,57,68
482,379,56,67
480,350,56,66
480,324,56,65
480,303,56,64
475,282,57,63
475,268,57,59
473,253,58,58
472,242,60,61
470,233,62,61
467,227,63,61
465,222,67,65
463,223,65,66
464,227,64,65
461,233,64,65
460,243,63,66
460,250,64,66
459,250,65,67
458,251,64,67
458,255,63,67
461,256,61,64
460,257,63,63
463,258,61,61
463,259,60,60
466,260,61,60
467,260,62,61
470,264,62,61
471,266,62,61
471,266,61,61
473,270,60,60
473,274,60,59
476,276,59,58
478,280,58,56
479,279,57,58
480,281,58,59
481,281,58,59
484,281,59,59
486,280,61,61
488,277,61,61
489,276,63,63
488,274,66,66
491,271,62,59
491,268,62,59
493,263,62,59
493,256,63,60
497,253,61,60
500,247,61,60
504,242,60,59
507,239,58,57
510,235,56,57
513,233,56,57
515,233,57,58
517,233,57,58
518,234,56,57
518,234,56,57
518,234,57,58
518,234,58,59
518,234,58,59
521,233,58,59
522,234,57,58
524,236,56,58
528,237,54,56
528,238,57,56
531,239,56,55
532,237,57,58
535,237,57,58
536,237,58,60
536,237,58,60
536,237,58,60
537,238,56,58
538,241,55,57
539,242,53,55
540,244,60,56
540,247,61,57
540,250,61,57
540,253,61,57
539,254,60,57
537,256,64,60
533,260,65,61
530,267,64,61
528,274,63,59
525,282,62,58
522,293,61,57
518,297,61,58
515,305,60,57
512,312,59,56
510,314,60,58
510,314,60,58
513,307,60,58
517,294,59,57
525,275,56,54
535,250,58,61
545,220,59,62
550,177,57,59
554,138,59,59
556,100,57,57
556,63,57,60
554,30,58,61
558,1,57,59
559,1,57,30
0,0,0,0
0,0,0,0
0,0,0,0
0,0,0,0
0,0,0,0
0,0,0,0
0,0,0,0
0,0,0,0
0,0,0,0
0,0,0,0
0,0,0,0
0,0,0,0
0,0,0,0
0,0,0,0
0,0,0,0
0,0,0,0
0,0,0,0
567,1,60,28
568,2,62,55
567,21,65,71
567,53,66,72
567,93,66,69
567,131,67,79
567,173,66,82
571,222,60,74
571,263,61,80
571,316,60,78
573,371,57,74
575,427,54,73
577,486,55,76
577,538,55,76
577,562,56,75
576,515,56,75
576,480,57,68
576,447,57,60
577,412,56,58
580,378,57,61
579,345,60,65
580,320,59,63
580,296,59,63
579,274,61,66
579,256,61,66
579,238,62,67
579,226,63,67
579,217,63,63
580,210,62,62
580,204,62,63
580,202,62,63
580,202,62,63
581,208,61,63
581,216,61,63
582,226,60,62
583,238,59,63
584,249,58,62
582,257,59,61
581,264,60,61
578,271,60,60
575,275,60,60
572,279,60,60
569,282,61,60
566,285,61,60
563,286,61,60
560,288,60,60
556,288,60,60
552,289,59,59
547,288,59,59
540,289,59,59
533,289,61,59
526,289,61,59
523,288,62,60
515,286,64,60
509,283,67,63
502,279,68,64
498,276,64,62
495,273,64,62
493,270,64,62
490,266,62,63
489,261,65,66
488,262,65,62
488,259,65,63
487,259,66,64
486,255,66,64
486,256,64,64
486,256,65,64
486,256,62,64
486,256,62,64
486,255,62,64
486,255,63,65
485,255,64,60
485,251,62,61
484,250,65,63
483,248,63,62
482,246,65,61
482,246,66,62
479,246,66,62
478,244,66,64
478,244,66,64
478,243,64,65
478,242,63,64
478,241,62,65
477,241,63,65
477,241,63,64
477,241,63,64
476,241,62,64
475,241,62,64
475,242,62,64
474,242,62,64
474,242,62,64
474,242,62,64
474,242,62,64
474,242,62,64
474,242,62,64
474,242,62,64
474,242,62,64
474,242,62,64
474,242,62,64
474,239,62,63
474,239,62,63
474,239,62,63
474,239,62,63
474,238,63,63
474,238,63,63
474,238,63,63
474,238,63,61
474,238,63,61
474,238,63,61
477,238,63,61
477,238,63,61
477,238,63,61
478,238,63,61
478,238,63,61
481,236,63,63
481,236,63,63
481,236,63,63
481,236,63,63
485,236,62,63
485,236,62,63
485,236,62,63
485,235,62,63
485,235,62,63
485,235,62,63
486,234,62,64
486,234,62,64
486,235,62,63
487,236,61,62
487,237,61,62
488,238,60,61
489,238,60,61
489,238,60,61
489,238,60,61
489,238,60,61
489,238,60,61
489,238,60,61
489,238,60,61
489,238,60,61
489,238,60,61
490,238,60,61
491,238,60,61
492,238,60,61
493,238,60,61
493,238,60,61
493,238,60,61
494,238,60,61
494,238,60,61
495,240,59,60
496,241,58,59
498,242,57,58
499,244,57,59
500,245,55,57
502,247,59,62
503,248,57,60
505,250,57,63
506,254,55,61
510,258,53,59
510,252,60,63
512,256,59,62
515,258,58,61
517,260,60,61
521,265,59,60
525,270,57,57
527,271,60,60
530,278,60,60
531,285,60,60
535,293,58,58
538,297,57,60
539,306,58,60
541,315,60,62
544,326,59,59
547,331,59,60
549,341,60,60
553,349,59,59
556,352,60,61
560,360,59,60
557,367,63,64
561,375,62,63
565,383,61,61
569,391,59,59
573,395,62,62
576,402,62,62
580,406,61,61
580,405,60,61
580,405,60,61
577,399,60,63
573,391,61,64
567,389,61,61
560,377,61,61
551,360,61,65
544,347,62,63
537,327,61,62
531,305,61,62
530,281,59,65
528,259,64,69
528,242,65,69
528,225,65,69
531,213,65,69
531,201,65,69
531,196,65,69
536,193,65,68
538,192,62,66
537,192,62,66
536,190,65,68
538,191,62,68
540,192,61,67
541,196,60,66
542,202,58,63
543,207,56,61
547,204,63,66
550,211,63,66
553,214,62,65
552,219,63,64
557,224,63,63
561,228,62,62
561,230,67,68
566,234,67,68
572,235,63,68
577,239,62,67
581,243,61,67
584,247,61,67
588,252,60,65
592,257,59,64
592,262,63,62
595,267,65,60
596,269,63,64
597,275,63,62
598,279,65,65
600,282,65,66
600,287,65,66
601,291,64,65
602,294,63,65
602,297,63,65
603,300,64,66
603,304,65,66
604,309,64,66
605,313,63,62
606,313,63,65
607,316,62,63
606,316,63,63
606,316,64,64
606,317,64,64
606,317,64,64
605,312,66,67
605,309,66,67
605,305,66,66
604,300,67,67
603,296,68,68
603,291,69,69
604,286,69,69
604,281,68,69
604,278,68,66
605,277,67,65
605,276,67,66
605,276,67,61
605,274,67,63
604,274,67,63
604,274,67,63
604,274,67,63
604,274,67,63
604,274,67,63
604,274,67,63
605,274,67,63
605,274,67,63
606,274,67,63
606,274,67,63
607,274,67,63
608,274,67,63
609,274,67,63
609,274,67,64
610,273,67,66
610,269,67,65
610,265,67,65
610,263,67,67
609,256,67,67
609,248,66,67
609,241,66,66
609,233,66,66
610,233,65,65
611,227,66,68
612,227,66,67
612,227,66,67
614,229,65,63
617,233,64,62
618,235,64,65
621,242,62,62
622,247,65,66
623,255,65,66
623,260,65,66
623,267,65,66
623,274,65,66
623,278,65,66
623,282,65,66
623,285,65,66
624,285,64,65
624,284,64,65
624,284,64,65
623,284,65,66
622,283,65,64
622,282,65,65
622,282,64,65
621,282,64,65
620,282,64,65
619,282,65,65
619,281,66,66
619,279,69,65
619,277,69,64
622,275,68,67
621,274,68,65
621,270,71,68
625,270,66,66
626,270,66,66
626,270,66,66
625,271,66,67
625,273,65,66
624,278,65,63
624,281,64,63
624,286,63,63
623,290,64,65
620,298,64,65
621,304,62,65
620,312,63,64
619,323,64,64
618,334,67,64
616,342,66,66
616,354,65,65
616,367,65,67
615,379,66,67
615,394,65,66
614,405,65,66
614,415,64,65
614,426,64,65
612,438,67,64
610,444,67,66
610,452,66,65
607,460,69,65
607,463,69,66
607,467,69,65
604,467,69,65
604,467,69,65
600,460,69,65
599,453,69,65
595,441,69,65
591,421,69,65
586,399,72,68
580,372,72,71
577,336,72,77
573,290,70,84
568,242,70,79
567,192,69,75
567,147,69,76
566,102,63,72
562,68,63,72
561,31,64,73
557,1,65,70
557,1,65,37
0,0,0,0
0,0,0,0
0,0,0,0
0,0,0,0
0,0,0,0
0,0,0,0
0,0,0,0
0,0,0,0
0,0,0,0
0,0,0,0
0,0,0,0
0,0,0,0
0,0,0,0
0,0,0,0
0,0,0,0
0,0,0,0
529,1,68,19
524,1,72,47
522,5,71,76
519,43,71,76
517,77,72,81
520,123,66,70
517,150,65,70
519,169,60,69
519,180,62,69
518,191,62,69
517,203,62,69
516,212,61,66
516,220,62,65
516,228,62,65
516,229,63,65
515,233,63,65
515,236,63,65
514,239,65,65
512,237,65,64
510,231,68,67
509,227,65,66
509,216,65,67
509,208,65,67
508,204,66,67
504,199,67,68
504,195,68,69
504,194,68,69
503,198,68,69
504,202,66,65
504,207,65,68
503,216,65,68
505,229,65,65
507,243,64,64
508,254,65,67
512,269,64,66
514,284,64,66
518,293,63,68
522,308,63,68
526,317,61,65
530,325,60,64
530,328,60,64
529,327,61,65
526,320,61,65
523,312,61,65
518,300,63,66
514,283,62,65
511,263,65,69
508,241,61,65
504,219,62,65
501,194,62,65
500,173,62,65
501,153,60,66
502,136,60,65
503,122,59,69
503,111,60,69
503,102,61,72
502,98,62,72
501,97,63,72
500,97,63,71
497,101,65,72
497,109,65,72
497,120,66,73
496,131,69,72
497,144,68,71
497,160,68,70
495,177,67,69
496,194,66,71
499,213,67,73
503,229,66,67
507,248,65,66
511,263,65,69
514,276,66,69
519,289,65,68
524,300,64,68
529,309,64,68
533,314,64,68
534,316,63,67
533,313,63,67
532,306,64,65
528,297,65,67
524,281,65,67
521,262,64,69
521,242,68,69
520,220,64,66
519,203,59,63
518,186,59,67
517,172,62,66
513,161,63,67
512,153,66,70
510,151,68,69
508,149,67,68
510,152,64,66
506,154,67,69
506,158,66,68
505,163,66,68
505,168,66,68
505,176,66,65
505,184,66,65
505,189,66,65
506,196,65,64
507,205,64,63
507,214,64,63
509,223,63,62
510,231,62,61
511,238,61,60
513,241,64,61
513,243,64,61
513,243,64,65
514,239,64,62
514,236,64,62
514,232,65,63
515,233,65,63
515,233,68,64
515,233,68,64
516,234,67,63
517,237,67,63
519,242,66,62
521,248,63,62
523,255,63,61
524,261,63,63
525,266,62,65
525,275,65,64
527,283,64,63
530,291,63,64
533,298,63,67
535,306,64,68
536,314,64,68
540,323,64,68
543,331,63,67
545,338,64,63
546,343,62,61
547,347,61,60
547,349,61,62
546,347,63,65
540,340,68,69
536,331,69,70
531,314,68,70
523,293,71,73
519,264,70,73
514,229,70,72
514,192,69,71
518,152,62,75
520,113,65,74
520,77,63,69
521,42,62,66
522,12,60,63
521,1,62,52
521,1,62,24
0,0,0,0
0,0,0,0
0,0,0,0
0,0,0,0
0,0,0,0
0,0,0,0
0,0,0,0
0,0,0,0
0,0,0,0
0,0,0,0
0,0,0,0
0,0,0,0
0,0,0,0
539,1,61,25
533,1,68,49
534,9,67,70
534,41,67,70
536,72,65,70
537,105,64,70
539,145,61,71
541,183,57,70
541,215,59,67
541,233,59,67
542,248,60,67
543,260,61,66
544,268,59,66
546,276,62,65
546,282,64,67
545,284,67,70
546,289,66,65
548,291,63,62
550,291,66,62
553,292,64,62
554,293,65,63
554,293,65,63
558,293,64,62
558,298,64,57
558,298,64,57
559,299,63,56
559,300,63,56
558,301,63,57
557,302,63,59
553,305,63,59
551,308,62,57
552,309,57,57
549,312,58,58
548,310,57,59
543,304,60,63
544,304,60,63
543,302,62,65
541,297,62,68
537,299,63,65
535,296,63,65
534,296,64,66
533,295,67,62
529,295,65,63
525,294,64,61
524,290,64,63
520,289,63,62
518,286,61,63
513,285,63,63
508,285,65,60
506,282,63,60
504,280,62,62
499,280,62,62
496,280,61,62
492,278,63,60
493,279,61,60
491,277,59,59
490,277,59,57
489,273,60,57
488,272,60,58
486,266,62,63
486,263,62,63
486,259,62,63
486,251,62,63
486,245,62,63
486,238,62,63
489,232,61,61
492,228,62,62
494,220,64,65
497,215,64,67
502,212,62,62
506,208,61,61
509,205,60,61
511,202,60,61
513,201,61,62
515,198,59,62
518,199,58,62
519,199,59,62
519,200,59,62
519,200,59,62
520,202,59,62
520,201,60,63
520,200,61,63
520,203,62,61
520,202,63,62
521,201,63,62
525,202,63,63
529,204,60,60
531,205,58,59
533,206,58,60
537,208,57,59
538,208,58,59
539,208,60,61
542,208,60,61
544,210,59,60
545,209,58,61
546,210,57,60
546,210,58,60
548,210,59,61
548,212,59,60
549,215,59,60
549,216,59,61
549,218,59,63
549,222,59,63
549,227,59,63
549,234,59,62
549,241,60,62
546,247,61,65
543,256,62,61
542,265,62,62
539,273,61,61
537,281,59,60
536,287,61,62
536,290,60,62
537,290,60,63
540,285,61,61
547,275,60,60
552,257,63,62
559,234,64,64
565,203,67,67
570,168,66,65
574,131,63,61
574,96,64,62
580,65,63,62
582,31,62,62
583,5,63,65
585,1,59,41
588,1,59,16
0,0,0,0
0,0,0,0
0,0,0,0
0,0,0,0
0,0,0,0
0,0,0,0
0,0,0,0
0,0,0,0
0,0,0,0
0,0,0,0
0,0,0,0
0,0,0,0
0,0,0,0
610,2,66,24
615,1,65,53
615,9,65,73
617,35,65,78
618,70,66,78
619,103,66,80
623,144,63,80
626,185,59,79
628,231,61,78
628,276,61,81
634,324,58,81
634,377,59,73
638,435,51,65
640,496,51,69
637,555,56,74
637,578,56,75
639,533,58,68
639,495,59,69
640,461,58,67
641,423,57,66
642,394,57,63
644,366,55,61
644,342,57,62
645,319,55,60
644,299,60,64
644,281,60,64
645,267,61,64
644,255,63,66
645,249,66,63
645,242,65,65
647,240,62,65
644,248,62,65
637,261,65,64
631,274,66,64
627,287,61,65
620,305,61,65
612,319,58,69
604,333,57,63
597,345,54,60
592,353,53,59
584,359,59,59
576,360,59,59
570,360,59,59
565,357,59,59
561,357,59,59
557,349,60,65
555,350,59,60
552,348,61,58
550,342,61,58
548,338,63,61
541,331,67,66
536,325,66,66
532,324,67,64
532,318,63,65
529,316,62,61
526,309,61,60
523,301,61,62
520,294,61,62
520,289,61,64
518,283,61,63
516,277,61,66
516,273,62,64
516,270,60,62
516,265,60,64
516,261,60,64
516,258,60,64
516,255,60,64
515,252,60,64
515,250,60,63
514,246,61,66
513,246,63,64
511,245,62,63
510,245,61,62
510,245,61,59
509,245,61,59
508,245,61,59
507,244,60,60
507,246,60,59
507,246,60,58
507,244,60,59
510,242,60,59
510,240,62,61
512,239,61,63
516,240,59,57
518,238,60,58
519,236,62,60
522,232,63,61
525,230,64,62
527,229,64,64
530,226,64,61
534,226,63,61
536,222,66,63
540,223,61,62
543,222,61,62
545,222,62,61
546,223,64,64
546,223,64,64
547,224,63,62
548,226,62,60
549,225,61,61
550,225,60,62
552,222,61,63
552,222,61,63
552,221,61,63
552,224,61,63
553,221,61,63
554,221,61,63
554,221,61,63
554,221,61,63
554,221,61,63
554,221,61,63
554,222,61,63
554,222,61,63
556,225,60,63
556,225,60,63
556,226,60,62
556,226,60,62
556,226,60,62
556,226,60,62
557,230,62,62
557,230,62,62
557,230,63,63
555,232,65,63
557,233,62,61
554,237,63,60
555,238,62,59
556,239,60,57
555,242,61,57
555,245,62,58
556,249,61,57
555,245,58,59
555,248,58,59
553,251,59,59
553,254,59,59
552,255,60,59
552,258,60,59
551,258,61,58
551,258,62,59
551,258,62,59
551,258,61,59
551,258,62,60
551,255,62,60
551,251,62,60
552,245,60,58
553,238,59,57
554,231,61,57
555,225,59,55
558,214,60,59
562,204,59,58
566,192,57,56
567,179,57,56
570,166,56,55
571,153,59,57
576,141,56,54
575,128,56,60
577,119,56,58
579,109,58,60
581,99,59,61
585,92,58,60
587,86,58,60
589,82,58,60
591,77,60,62
594,73,61,63
596,74,57,59
597,72,57,57
598,69,58,63
598,70,58,62
599,71,57,61
599,69,57,61
599,65,60,62
599,66,60,63
599,66,60,63
599,66,60,63
599,66,60,63
599,66,60,63
599,66,60,63
597,65,60,63
597,65,60,63
597,65,60,63
596,65,62,63
596,65,62,63
596,65,62,63
596,65,62,63
596,65,62,63
596,65,62,63
596,65,62,63
594,68,62,63
594,68,63,64
594,68,64,65
593,69,63,64
593,69,63,64
593,73,63,61
593,73,63,61
590,73,64,62
590,73,65,63
591,73,62,63
591,73,63,64
591,73,63,64
587,73,63,63
587,73,63,63
588,74,62,62
585,71,61,65
584,68,63,65
585,70,61,62
585,70,61,62
585,70,61,62
585,70,61,62
585,70,61,62
589,69,61,62
589,69,61,62
589,69,61,62
589,69,61,62
589,69,61,62
589,69,61,62
589,69,61,62
589,66,61,66
589,66,61,66
588,66,61,66
588,66,62,67
586,67,62,66
586,67,62,66
586,67,63,67
581,67,63,66
581,67,63,66
580,67,63,65
580,67,63,65
579,66,63,65
579,66,63,65
579,66,63,65
578,66,63,65
578,66,63,65
577,65,63,65
577,65,63,65
577,65,63,65
577,65,63,65
577,65,63,65
577,65,63,65
577,65,63,65
576,65,63,65
576,65,63,65
576,65,63,65
576,65,63,65
576,65,63,65
576,65,63,65
576,65,63,65
576,65,63,65
576,65,63,65
576,65,63,65
576,65,63,65
576,65,63,65
576,65,63,65
576,65,63,65
576,65,63,65
576,65,63,65
576,65,63,65
576,65,63,65
576,65,64,66
576,69,64,63
576,69,64,63
576,69,64,63
576,69,64,64
576,69,64,64
575,69,64,63
576,70,63,62
577,71,62,61
577,71,62,61
577,70,62,62
577,70,62,62
576,67,65,65
576,67,65,65
576,67,65,65
576,67,65,65
576,67,65,65
576,67,65,65
576,67,62,66
576,67,63,67
576,71,63,64
576,71,63,64
576,71,63,64
576,71,58,64
576,71,58,64
576,71,58,64
576,72,58,64
574,72,59,64
574,72,59,64
574,72,59,64
574,72,59,67
574,72,59,67
574,72,59,67
574,72,59,67
574,72,59,67
573,72,60,67
574,72,61,67
574,72,61,67
574,75,61,63
574,75,61,63
574,75,61,63
574,75,61,63
574,75,61,63
574,75,61,63
574,75,61,63
574,75,61,63
574,75,61,63
574,75,61,63
574,75,61,63
574,75,61,63
574,75,62,63
578,75,60,63
578,75,60,63
578,75,60,67
577,75,60,66
577,75,60,66
577,75,60,66
576,74,60,66
576,74,60,66
576,74,60,66
576,74,60,66
576,74,60,66
577,74,61,66
577,74,61,66
577,74,61,66
577,74,61,66
577,73,62,67
577,73,62,67
576,74,62,67
576,74,62,67
576,74,63,67
576,74,63,67
576,74,63,67
576,74,63,67
575,74,63,67
575,74,63,67
575,74,63,64
575,74,63,64
575,74,63,64
575,74,63,64
575,74,63,64
575,74,63,64
575,74,63,64
574,74,62,64
575,74,63,64
575,74,63,64
575,74,63,65
575,74,63,65
575,74,63,65
575,75,64,65
575,75,64,65
575,72,64,66
575,72,64,66
575,72,64,66
575,72,64,66
575,72,63,66
575,72,63,66
575,75,63,66
575,75,63,66
575,75,63,66
575,75,63,66
575,75,63,66
575,75,63,66
575,75,63,66
575,75,63,66
575,75,63,66
575,75,63,66
575,75,63,66
575,75,63,66
575,75,63,66
575,75,63,66
575,75,63,66
575,75,63,66
575,75,63,66
575,75,63,66
575,75,63,66
575,75,63,66
575,75,63,66
575,75,63,66
575,75,63,66
575,74,63,66
575,74,63,66
575,74,63,66
575,74,63,66
575,74,63,66
575,74,62,66
575,74,62,66
575,74,62,66
574,73,65,69
572,71,62,60
571,70,61,63
566,68,62,63
565,67,62,62
560,65,66,63
561,68,62,59
556,65,66,63
555,63,62,62
549,61,67,63
546,61,66,59
547,61,63,59
541,58,66,66
539,57,62,62
537,58,58,60
529,55,62,64
525,52,63,62
518,52,64,62
516,55,60,60
510,51,60,64
507,51,61,64
502,51,62,64
499,52,60,61
493,50,64,65
489,54,65,63
488,55,63,63
486,54,63,66
485,55,62,65
483,56,65,64
483,55,61,63
483,58,61,62
483,58,61,60
482,57,62,63
482,57,62,63
482,57,62,63
482,56,62,64
483,56,62,64
483,57,62,64
484,57,62,64
485,58,60,62
487,59,60,64
490,59,59,63
492,60,59,62
494,59,60,61
496,59,62,63
499,62,62,62
503,66,61,60
508,65,61,63
511,65,62,64
516,71,62,64
521,74,62,63
524,76,65,63
530,81,61,61
535,80,59,64
538,81,59,62
543,85,55,59
544,84,61,64
547,84,62,64
549,87,62,61
552,88,62,60
552,88,62,61
555,90,62,60
559,92,61,62
562,95,60,62
565,100,61,62
568,106,61,61
572,113,58,62
572,124,59,62
576,135,57,62
576,149,57,58
576,162,57,59
572,175,58,60
568,190,57,59
564,204,57,58
562,219,56,55
558,232,56,56
554,243,58,55
552,253,57,55
551,262,57,55
550,268,59,57
550,271,58,55
550,272,58,55
550,275,58,55
550,276,57,61
549,278,58,63
549,278,58,63
549,278,58,63
549,278,58,63
549,278,58,63
549,278,58,63
549,278,58,63
549,284,58,59
549,282,58,61
549,283,58,62
549,283,54,63
549,283,55,63
548,286,55,61
547,286,55,60
546,284,55,62
548,284,56,58
546,282,57,59
548,278,57,61
548,275,57,62
548,271,58,64
549,267,60,65
548,264,61,59
548,260,62,60
549,256,61,60
549,250,60,62
550,246,60,60
550,242,60,61
550,239,60,61
549,236,60,61
549,232,61,62
548,231,62,62
548,230,62,62
547,229,64,64
546,228,63,61
546,228,63,61
546,228,62,59
545,228,63,59
545,228,61,58
541,228,63,59
541,228,62,59
541,228,64,60
537,228,64,60
536,228,65,61
536,226,62,60
536,226,61,60
535,226,61,60
534,225,61,60
533,225,61,60
533,225,60,60
532,225,60,60
531,225,60,60
530,225,60,60
529,225,60,60
528,225,60,60
527,225,60,60
526,225,60,60
526,225,60,59
525,224,60,61
525,225,60,60
525,225,61,60
524,225,61,60
524,225,61,60
524,225,61,60
524,225,61,58
523,224,61,59
524,224,60,59
524,224,60,58
524,223,60,58
524,222,62,59
524,222,62,59
524,222,62,59
524,222,62,59
524,222,62,59
524,222,62,59
524,222,62,59
524,222,62,59
526,221,62,59
527,222,61,58
527,222,61,58
528,223,60,58
533,222,59,60
535,224,56,57
534,227,60,56
535,226,58,58
536,230,58,57
538,234,60,58
539,238,59,57
539,241,60,59
540,244,60,59
541,247,60,60
542,250,59,59
543,253,59,59
543,257,60,60
544,261,60,60
545,264,59,58
546,264,59,58
546,265,58,57
546,262,58,57
549,256,58,60
548,248,60,62
549,242,58,60
549,232,58,60
549,221,59,61
555,209,57,59
557,195,54,59
559,180,56,61
562,166,57,60
565,153,57,60
568,139,58,61
571,125,59,62
575,114,59,63
581,104,58,62
585,96,58,61
590,90,56,63
594,85,59,64
597,80,60,64
600,76,60,64
603,74,60,67
605,73,57,68
605,71,61,65
605,73,63,65
605,73,63,65
607,73,61,65
607,73,61,65
607,73,61,65
608,73,61,65
608,73,61,65
608,73,61,65
608,73,61,65
608,73,61,65
608,74,61,65
608,75,61,65
608,75,61,65
608,76,61,65
608,76,61,65
608,76,61,65
608,76,61,65
608,76,61,65
608,76,61,65
608,76,61,65
605,75,61,68
605,80,61,61
604,79,62,63
603,79,62,63
603,79,62,63
602,79,63,64
601,79,64,65
601,79,61,65
601,80,61,65
601,83,61,63
600,84,60,61
599,83,60,62
599,83,60,62
598,83,60,62
598,83,60,62
598,83,60,62
598,83,60,62
598,83,60,62
598,83,60,62
598,83,60,62
598,83,60,62
598,83,60,62
598,83,60,62
598,83,60,62
597,82,61,63
597,82,61,63
596,82,61,63
596,81,61,63
596,81,61,63
596,81,61,63
596,81,61,63
597,81,61,63
597,81,60,63
597,81,60,63
597,81,60,63
597,81,60,63
597,81,60,63
597,81,60,63
597,82,60,63
597,82,60,63
597,82,59,63
597,82,59,63
597,82,59,63
597,82,59,63
597,83,58,63
597,83,58,63
597,83,58,63
597,83,58,63
597,83,58,63
595,83,58,63
595,83,58,63
595,83,58,63
595,83,58,66
595,83,58,66
595,83,58,66
595,83,58,66
595,86,57,62
593,86,59,62
593,86,59,62
592,85,59,65
592,85,59,65
592,85,59,65
592,85,59,65
592,85,59,65
593,84,59,65
593,84,59,65
592,84,59,65
592,84,59,65
593,84,60,65
593,84,60,65
593,84,60,65
593,84,60,65
593,84,60,65
593,84,60,65
593,84,60,65
593,84,60,65
593,84,60,65
593,84,60,65
593,84,60,65
593,84,60,65
593,84,60,65
593,87,59,65
593,87,59,65
593,87,59,65
593,87,59,65
592,87,59,65
593,87,59,65
593,88,58,64
594,89,57,63
595,91,60,62
596,92,58,60
600,96,57,59
600,97,61,61
601,102,60,60
602,107,58,62
602,114,58,62
603,121,60,62
603,128,60,62
603,135,60,65
599,144,64,64
599,155,60,64
595,165,61,65
592,177,61,65
591,188,60,64
587,199,61,65
584,210,60,64
580,223,60,64
577,234,60,64
573,244,61,65
571,252,60,60
568,258,60,59
568,263,60,60
568,267,61,61
565,269,60,61
565,274,57,60
565,277,58,61
562,279,56,59
560,282,55,58
559,285,56,57
557,287,57,58
557,290,57,58
552,293,58,59
552,296,57,58
553,298,55,59
552,300,54,58
552,302,54,58
552,302,54,58
552,302,55,59
549,301,55,59
549,301,56,60
548,301,54,57
547,300,54,57
546,299,54,57
545,299,55,58
545,299,55,58
545,299,56,59
549,297,57,60
548,295,60,64
