361,272,16,18
362,273,18,18
364,268,18,18
365,262,19,19
366,255,19,19
366,247,19,19
367,241,19,19
367,238,20,20
368,233,20,20
369,227,18,19
369,223,18,19
367,219,18,19
368,216,18,19
367,215,18,19
365,216,18,19
364,216,18,19
364,217,19,19
362,220,19,19
362,222,19,19
365,225,19,19
397,212,19,19
436,201,19,19
467,194,19,19
502,186,19,19
542,175,19,19
574,165,19,19
603,161,20,20
636,154,20,20
662,149,20,20
682,144,20,20
696,142,20,20
705,139,21,21
714,138,21,21
721,138,21,21
726,139,21,21
733,142,20,20
738,142,21,23
741,146,22,24
745,150,22,24
748,155,21,20
750,161,19,18
751,165,19,19
751,167,22,21
749,171,23,22
748,176,23,23
748,181,23,23
748,187,22,23
750,194,21,23
752,201,23,24
754,209,23,24
759,216,24,24
765,227,23,23
772,240,23,21
784,253,20,19
795,263,21,21
804,275,21,21
814,290,23,23
814,290,24,24
792,267,25,25
765,250,25,25
743,227,25,25
728,215,25,24
709,191,24,22
694,177,22,22
683,159,22,22
670,148,22,22
653,135,21,22
644,121,21,22
634,109,22,22
624,98,21,21
617,88,21,21
607,79,21,21
599,70,22,23
592,63,22,23
582,56,22,24
575,51,22,24
567,45,22,22
562,44,22,22
558,42,20,21
552,42,21,23
548,40,22,23
544,42,22,23
542,44,22,25
537,47,22,22
535,51,22,23
534,54,22,23
533,59,22,23
531,64,20,22
531,64,20,22
526,80,22,23
527,87,21,22
523,95,21,23
525,108,21,22
524,118,21,24
524,130,21,26
523,145,22,26
521,162,23,25
522,175,22,24
521,195,22,23
520,193,23,24
520,227,20,23
521,249,18,19
516,270,20,20
516,270,20,20
517,287,18,19
519,287,19,19
525,276,19,20
530,262,17,20
537,239,17,18
541,228,20,21
548,212,21,22
557,199,19,20
562,186,21,22
569,174,22,23
578,163,22,23
586,156,22,23
593,148,23,24
602,143,22,21
610,135,22,22
618,131,21,22
625,126,20,22
633,122,20,22
641,120,20,21
648,118,20,20
654,116,21,22
661,114,22,22
668,116,22,20
674,117,22,21
680,120,22,22
687,124,21,21
693,130,20,20
698,136,19,19
704,141,18,20
707,149,19,21
713,159,19,20
700,161,23,22
670,165,22,21
639,169,22,21
606,172,22,21
576,180,20,22
547,189,22,24
518,193,23,22
488,205,24,23
463,211,24,23
433,224,23,22
411,235,23,24
389,246,21,22
364,262,20,21
345,274,20,21
326,287,20,20
308,300,18,22
287,318,19,21
270,337,19,20
250,357,18,19
239,364,18,19
270,329,19,20
284,299,19,20
304,273,18,19
324,248,17,18
338,222,17,18
350,199,19,18
361,177,20,20
369,164,21,22
377,145,23,24
384,131,23,24
390,119,24,27
398,103,22,26
403,96,22,26
406,78,25,28
415,74,24,25
428,57,25,27
427,58,25,27
437,55,24,26
437,55,24,26
441,55,25,26
450,59,26,25
457,59,27,26
457,59,27,26
460,64,27,25
468,66,23,24
473,69,23,24
476,73,24,26
481,76,26,28
486,84,25,28
492,91,23,25
496,99,25,27
497,108,27,28
505,121,26,26
509,129,25,25
515,140,25,26
520,154,25,26
527,167,23,21
532,179,20,19
536,197,22,22
543,215,19,19
544,229,19,19
545,247,20,21
552,230,18,20
554,203,18,21
554,176,20,21
555,158,21,22
557,136,22,22
558,112,22,21
559,91,23,22
559,74,23,22
560,54,25,24
565,40,24,22
565,21,26,24
570,8,24,22
571,1,24,13
0,0,0,0
0,0,0,0
0,0,0,0
0,0,0,0
0,0,0,0
0,0,0,0
0,0,0,0
0,0,0,0
0,0,0,0
0,0,0,0
0,0,0,0
0,0,0,0
0,0,0,0
0,0,0,0
0,0,0,0
0,0,0,0
0,0,0,0
0,0,0,0
0,0,0,0
0,0,0,0
0,0,0,0
0,0,0,0
0,0,0,0
0,0,0,0
0,0,0,0
564,1,22,21
564,11,22,22
566,23,22,26
565,39,23,27
566,60,22,25
566,73,22,26
566,93,22,23
568,111,20,21
571,135,17,20
571,151,16,20
574,172,17,20
574,191,19,21
574,209,20,18
591,192,21,18
612,176,18,20
625,164,21,22
640,149,22,22
656,140,20,21
668,128,23,23
680,121,24,24
705,113,19,18
706,112,19,18
716,107,21,22
723,100,24,23
738,94,22,22
738,94,22,22
744,92,23,23
749,90,23,25
764,92,22,25
765,92,22,23
776,94,22,25
785,94,23,27
784,95,24,27
798,107,25,26
798,107,24,26
820,120,24,27
820,120,24,27
827,129,25,27
839,138,26,27
853,151,25,25
865,160,26,28
880,173,26,25
899,187,28,28
913,201,27,26
947,235,14,16
954,239,19,20
964,254,24,26
986,273,25,26
1001,297,24,25
1022,318,21,23
1013,308,24,25
994,276,25,24
974,250,25,26
958,222,22,28
933,196,27,23
914,168,26,25
894,150,25,24
878,127,26,27
863,107,26,27
848,87,25,28
836,72,24,27
822,54,24,28
811,39,24,27
801,25,24,26
791,12,23,23
782,2,23,23
777,1,22,10
0,0,0,0
0,0,0,0
0,0,0,0
0,0,0,0
0,0,0,0
0,0,0,0
0,0,0,0
0,0,0,0
0,0,0,0
0,0,0,0
0,0,0,0
0,0,0,0
0,0,0,0
0,0,0,0
0,0,0,0
716,1,20,15
713,4,21,24
708,12,24,26
706,25,23,26
705,40,23,27
702,54,23,25
702,66,22,23
699,83,22,23
699,103,22,23
692,116,22,23
689,132,22,24
687,151,24,24
681,170,24,25
680,193,24,25
674,211,27,29
673,231,26,28
671,254,25,29
672,262,21,25
675,255,22,26
678,235,21,24
678,214,22,26
678,197,22,26
677,182,23,26
677,167,23,26
675,152,23,25
676,137,23,24
677,125,22,25
677,116,23,24
676,105,23,24
676,95,24,25
678,89,23,24
677,79,24,26
675,72,25,28
678,71,24,25
679,66,24,26
681,64,23,24
681,61,23,24
681,60,23,24
682,60,23,24
685,60,22,24
687,63,21,24
689,67,23,24
691,74,22,23
691,77,23,24
693,85,22,23
694,92,20,22
691,100,22,24
694,111,22,24
694,121,23,25
694,131,24,26
697,143,23,26
700,155,22,26
701,162,21,23
698,153,22,24
696,146,22,23
695,134,23,24
695,127,22,23
690,122,23,23
689,115,22,24
684,111,22,24
676,107,22,24
669,105,22,24
662,104,22,24
655,104,22,24
649,103,23,25
644,103,25,26
641,106,25,25
639,107,25,25
636,111,23,25
632,115,23,24
630,120,24,26
624,131,24,27
624,136,24,27
621,145,24,27
616,156,25,26
615,169,24,27
611,183,27,30
610,199,27,30
606,215,25,31
603,236,27,33
604,259,26,32
601,272,26,29
603,259,25,29
605,232,27,32
603,205,26,31
601,176,25,34
595,150,26,35
591,126,26,35
586,111,25,36
585,110,25,36
576,62,25,33
572,46,26,34
566,29,29,34
566,15,29,30
566,2,28,27
566,1,27,11
0,0,0,0
0,0,0,0
0,0,0,0
0,0,0,0
0,0,0,0
0,0,0,0
0,0,0,0
0,0,0,0
0,0,0,0
0,0,0,0
0,0,0,0
0,0,0,0
0,0,0,0
0,0,0,0
0,0,0,0
0,0,0,0
0,0,0,0
0,0,0,0
0,0,0,0
0,0,0,0
570,1,31,19
573,7,25,29
572,23,26,31
570,53,26,34
566,75,25,31
566,75,25,31
561,95,27,30
558,113,28,32
554,136,29,32
551,160,28,29
557,175,33,26
638,165,32,28
638,165,32,28
701,162,28,24
701,162,28,24
751,167,29,28
751,167,29,28
795,177,31,26
795,177,31,26
836,191,30,28
848,199,30,29
861,209,35,31
861,209,35,31
862,209,34,31
901,244,33,35
921,258,28,32
928,278,32,31
928,278,32,29
928,278,32,29
929,278,32,29
929,278,32,29
998,383,24,22
964,349,22,21
925,287,23,22
895,250,23,22
860,205,23,22
830,170,23,22
800,107,26,25
784,70,28,28
763,38,27,27
754,2,29,30
0,0,0,0
0,0,0,0
0,0,0,0
0,0,0,0
0,0,0,0
0,0,0,0
0,0,0,0
0,0,0,0
0,0,0,0
0,0,0,0
0,0,0,0
0,0,0,0
0,0,0,0
0,0,0,0
0,0,0,0
0,0,0,0
0,0,0,0
0,0,0,0
0,0,0,0
0,0,0,0
0,0,0,0
0,0,0,0
0,0,0,0
0,0,0,0
0,0,0,0
0,0,0,0
0,0,0,0
0,0,0,0
0,0,0,0
0,0,0,0
0,0,0,0
0,0,0,0
0,0,0,0
0,0,0,0
0,0,0,0
0,0,0,0
0,0,0,0
0,0,0,0
0,0,0,0
0,0,0,0
0,0,0,0
0,0,0,0
0,0,0,0
0,0,0,0
710,7,32,34
708,38,31,33
705,76,30,32
701,115,26,32
703,147,30,33
699,186,33,36
700,225,32,37
699,267,27,36
702,305,24,36
691,332,24,24
696,292,24,26
692,248,20,24
687,202,23,25
683,161,23,27
675,121,28,30
675,86,27,29
676,53,26,28
677,17,26,26
675,1,27,19
0,0,0,0
0,0,0,0
0,0,0,0
0,0,0,0
0,0,0,0
0,0,0,0
0,0,0,0
0,0,0,0
0,0,0,0
0,0,0,0
0,0,0,0
0,0,0,0
0,0,0,0
0,0,0,0
0,0,0,0
0,0,0,0
0,0,0,0
0,0,0,0
0,0,0,0
0,0,0,0
0,0,0,0
0,0,0,0
0,0,0,0
0,0,0,0
0,0,0,0
0,0,0,0
0,0,0,0
0,0,0,0
0,0,0,0
0,0,0,0
0,0,0,0
0,0,0,0
0,0,0,0
0,0,0,0
0,0,0,0
0,0,0,0
594,1,30,15
595,11,29,32
598,41,28,33
603,70,25,33
606,102,26,34
610,134,29,36
612,168,32,35
619,202,32,38
625,235,30,38
621,266,31,33
573,246,34,31
530,226,36,33
492,210,35,34
462,193,36,35
435,174,34,33
410,162,35,34
389,152,36,37
375,140,33,32
368,131,34,33
359,125,33,33
354,119,32,33
352,114,28,33
343,110,30,32
337,107,31,31
333,107,32,31
333,108,32,30
329,109,30,30
322,111,30,29
318,113,30,29
308,119,32,30
307,125,28,30
299,133,29,30
290,142,29,30
283,154,26,28
266,163,25,25
250,176,25,26
236,191,26,27
221,204,28,30
200,223,27,27
179,238,27,22
188,217,29,28
203,185,27,29
219,159,25,20
225,127,31,24
233,92,32,31
243,61,31,33
248,31,33,35
259,9,32,34
270,1,33,18
0,0,0,0
0,0,0,0
0,0,0,0
0,0,0,0
0,0,0,0
0,0,0,0
0,0,0,0
0,0,0,0
0,0,0,0
0,0,0,0
0,0,0,0
0,0,0,0
0,0,0,0
0,0,0,0
0,0,0,0
0,0,0,0
0,0,0,0
0,0,0,0
0,0,0,0
0,0,0,0
0,0,0,0
0,0,0,0
0,0,0,0
0,0,0,0
0,0,0,0
0,0,0,0
0,0,0,0
0,0,0,0
427,3,27,27
427,28,23,22
428,28,22,22
442,42,22,24
446,63,26,28
457,109,25,22
457,109,25,22
473,150,25,26
479,177,24,25
486,201,21,24
487,233,23,24
498,259,23,24
504,284,24,26
512,315,22,24
523,343,22,24
526,338,22,24
523,314,22,24
521,283,24,24
519,257,25,28
520,227,25,26
517,200,25,25
517,198,25,25
516,149,25,25
516,126,25,25
521,106,23,25
518,81,21,25
516,63,22,25
515,45,23,25
512,25,23,25
505,11,23,24
504,1,24,14
0,0,0,0
0,0,0,0
0,0,0,0
0,0,0,0
0,0,0,0
0,0,0,0
0,0,0,0
0,0,0,0
0,0,0,0
0,0,0,0
0,0,0,0
0,0,0,0
0,0,0,0
0,0,0,0
0,0,0,0
0,0,0,0
0,0,0,0
0,0,0,0
0,0,0,0
0,0,0,0
495,1,22,12
492,9,21,22
494,15,23,25
491,30,25,27
491,41,27,29
488,64,26,29
484,83,25,26
480,105,25,23
477,121,23,26
472,145,23,24
467,161,23,24
457,184,23,24
445,211,27,24
476,212,29,21
521,203,26,21
554,198,28,22
590,192,28,23
618,191,27,23
642,191,29,24
662,194,28,25
675,196,29,27
690,200,30,24
706,207,25,24
718,214,25,24
730,228,25,27
734,236,26,25
734,236,26,25
739,250,25,22
744,255,26,23
753,272,25,23
762,280,25,23
774,294,26,23
796,306,25,23
792,295,27,24
792,294,27,24
765,257,25,24
738,220,25,24
721,193,25,27
704,164,20,27
690,136,22,26
664,85,24,29
663,83,24,29
640,32,24,29
640,32,24,29
0,0,0,0
0,0,0,0
0,0,0,0
0,0,0,0
0,0,0,0
0,0,0,0
0,0,0,0
0,0,0,0
0,0,0,0
0,0,0,0
0,0,0,0
0,0,0,0
0,0,0,0
0,0,0,0
0,0,0,0
0,0,0,0
0,0,0,0
0,0,0,0
0,0,0,0
0,0,0,0
0,0,0,0
0,0,0,0
0,0,0,0
0,0,0,0
0,0,0,0
0,0,0,0
0,0,0,0
0,0,0,0
0,0,0,0
0,0,0,0
0,0,0,0
0,0,0,0
0,0,0,0
0,0,0,0
0,0,0,0
0,0,0,0
0,0,0,0
0,0,0,0
0,0,0,0
0,0,0,0
489,1,26,26
491,21,25,27
489,41,26,32
487,71,25,30
491,96,26,33
496,125,24,32
497,151,24,34
499,179,24,33
503,211,23,26
502,245,21,29
500,272,22,30
497,303,22,32
496,333,21,22
496,329,20,21
489,316,22,25
482,303,22,25
478,294,21,20
471,283,22,22
467,275,24,23
459,269,25,24
455,262,25,24
450,263,25,19
447,256,27,23
444,252,28,24
443,251,26,25
442,253,26,26
445,254,25,26
446,254,25,26
448,255,26,27
451,259,25,28
456,262,25,28
459,267,25,24
463,273,25,24
469,279,23,23
475,286,19,21
477,295,20,21
485,317,17,19
486,328,23,25
486,328,23,25
491,314,24,26
503,288,19,21
509,261,22,23
515,236,24,24
522,212,27,29
529,192,27,30
543,152,27,31
551,137,27,30
550,137,27,30
556,121,29,34
565,106,28,28
573,99,22,24
576,82,24,27
584,65,25,24
590,53,25,26
594,42,26,30
598,40,25,26
598,40,25,26
609,32,24,28
612,31,26,29
612,31,26,29
616,32,27,30
618,33,28,32
621,36,29,34
625,41,28,33
629,50,28,29
632,56,27,28
637,64,27,27
640,72,26,26
643,82,27,27
646,98,26,25
646,110,27,26
651,125,24,26
650,139,25,29
647,153,27,30
647,170,27,32
647,190,27,31
646,209,27,31
644,229,29,33
645,254,28,31
643,276,27,30
643,302,26,28
639,324,28,31
633,336,27,26
622,321,27,28
606,295,28,28
590,264,29,32
570,236,29,29
553,207,30,32
533,183,28,30
510,158,30,31
494,137,28,29
454,95,26,26
438,75,26,26
420,51,28,28
415,33,29,29
415,33,29,29
407,14,26,26
406,1,26,18
0,0,0,0
0,0,0,0
0,0,0,0
0,0,0,0
0,0,0,0
0,0,0,0
0,0,0,0
0,0,0,0
0,0,0,0
0,0,0,0
0,0,0,0
0,0,0,0
0,0,0,0
0,0,0,0
0,0,0,0
0,0,0,0
0,0,0,0
0,0,0,0
0,0,0,0
451,1,31,19
455,10,28,26
459,24,26,30
461,45,25,28
462,63,27,29
462,79,28,31
463,103,28,27
465,125,26,29
462,149,28,28
460,168,27,29
457,192,26,31
457,220,26,22
450,245,26,27
448,273,26,25
464,263,25,27
478,251,25,28
490,242,25,26
500,232,24,27
505,225,25,27
508,219,25,28
505,216,25,24
501,211,25,25
496,207,25,26
491,206,24,26
484,207,24,26
478,208,24,25
473,209,24,24
472,212,24,22
468,216,25,27
467,221,22,25
469,222,21,24
470,228,21,24
469,236,23,24
473,246,23,23
478,254,21,26
481,262,25,27
488,278,24,27
497,288,24,27
507,302,24,21
529,331,27,24
529,331,27,24
543,340,24,23
546,328,25,24
548,311,25,24
552,290,26,24
552,269,26,25
554,253,22,22
553,237,19,19
556,215,23,21
561,200,22,20
564,186,22,22
570,163,24,26
570,163,24,26
575,151,26,29
577,143,25,28
580,134,26,29
581,127,26,29
584,124,26,27
585,120,25,27
587,114,25,26
587,114,25,26
589,114,25,26
590,115,25,25
593,115,25,27
597,121,23,25
595,121,24,25
597,129,25,25
600,129,23,25
603,142,23,27
605,152,23,25
606,161,24,27
608,171,23,28
608,171,23,28
610,184,24,26
616,210,22,27
618,224,22,26
600,233,25,21
567,223,19,19
529,217,23,18
493,208,24,21
494,208,24,21
426,198,25,21
389,195,26,23
356,191,28,20
324,192,28,21
304,192,28,24
290,194,28,26
290,194,27,26
267,199,27,26
263,204,24,24
261,210,22,22
253,216,24,24
255,225,25,24
258,231,22,24
259,247,23,20
260,254,23,21
262,262,24,23
267,270,28,25
316,252,28,25
355,233,30,27
396,215,31,26
435,200,33,30
470,188,30,27
495,175,31,27
521,167,32,23
550,157,27,23
572,149,28,25
594,144,28,27
608,139,30,29
622,137,30,29
634,136,28,28
633,136,28,28
641,138,27,27
647,137,28,27
653,139,24,25
662,141,25,28
669,144,26,30
676,152,24,23
686,155,20,23
690,163,20,23
696,172,24,24
704,181,23,25
712,195,22,22
719,207,24,25
728,219,24,27
734,232,25,26
745,248,24,25
750,264,26,28
756,280,26,27
761,292,26,26
763,240,20,27
764,213,20,27
764,212,20,27
765,188,22,27
767,159,22,29
767,138,22,29
764,119,22,27
757,98,23,27
750,76,24,28
745,59,24,29
740,45,24,30
734,29,24,27
728,16,24,26
722,4,26,27
716,1,26,19
710,1,25,10
0,0,0,0
0,0,0,0
0,0,0,0
0,0,0,0
0,0,0,0
0,0,0,0
0,0,0,0
0,0,0,0
0,0,0,0
0,0,0,0
0,0,0,0
0,0,0,0
602,1,23,11
587,16,21,23
579,25,22,24
579,24,22,24
573,47,21,22
561,63,19,21
549,78,21,22
539,90,21,22
528,103,22,23
517,119,24,24
509,138,23,24
501,157,23,24
501,155,23,24
482,195,22,23
489,204,23,22
510,200,23,23
533,198,23,22
533,198,22,22
533,198,22,22
533,198,22,22
533,198,22,22
533,198,22,22
602,163,24,25
606,158,24,25
609,153,24,25
609,153,24,25
614,148,23,24
618,148,22,23
624,146,23,23
633,146,24,23
646,146,25,27
646,146,25,27
661,151,25,26
677,154,25,25
691,158,25,25
709,166,24,24
721,170,24,23
736,177,24,24
751,184,26,24
769,192,21,19
780,195,21,21
807,210,23,23
826,225,25,26
842,238,24,25
862,255,21,23
850,236,24,26
835,212,27,28
821,188,24,26
812,169,23,24
797,151,24,25
786,136,25,24
773,116,26,25
764,101,25,25
759,87,25,26
753,72,26,27
748,62,26,27
742,52,26,27
737,43,27,28
733,36,25,28
729,30,26,30
726,24,23,29
720,19,23,29
715,17,23,28
709,15,23,28
700,15,23,27
694,18,23,26
689,16,24,29
685,19,24,28
680,24,25,28
675,28,26,33
671,35,27,34
666,42,28,33
661,50,28,29
658,60,29,31
654,68,27,29
647,79,27,29
642,92,27,29
637,106,27,29
635,119,26,28
629,134,26,29
629,152,23,25
621,166,25,28
620,184,25,27
614,204,25,24
609,226,26,22
608,242,24,24
608,254,21,20
606,247,21,20
610,235,21,20
615,206,21,21
619,180,21,25
624,159,23,27
629,137,24,29
637,120,24,29
643,99,26,32
649,79,27,32
651,63,30,32
660,47,29,31
664,31,29,31
670,18,28,33
675,8,28,29
680,1,28,22
684,1,26,11
0,0,0,0
0,0,0,0
0,0,0,0
0,0,0,0
0,0,0,0
0,0,0,0
0,0,0,0
0,0,0,0
0,0,0,0
0,0,0,0
0,0,0,0
0,0,0,0
0,0,0,0
0,0,0,0
0,0,0,0
729,1,32,12
732,1,31,21
739,8,28,29
742,21,27,28
745,33,28,28
751,49,27,25
757,63,24,25
760,78,24,26
762,97,26,26
767,112,26,28
770,132,26,28
