207,141,8,13
207,140,9,14
207,140,10,13
207,139,11,12
208,135,11,14
209,136,10,12
210,133,10,12
211,130,10,13
212,128,10,13
213,127,10,13
213,127,10,13
214,126,10,14
214,125,10,15
214,125,11,15
215,124,10,14
215,124,10,14
215,123,10,15
216,123,10,14
217,123,10,15
218,123,10,14
219,123,10,14
220,123,10,15
221,123,10,15
222,123,9,15
223,122,10,16
223,122,9,16
223,122,10,15
224,122,10,16
224,123,10,16
223,124,12,16
223,124,11,16
223,125,12,15
222,124,13,16
222,124,14,15
221,124,14,13
221,124,14,13
220,124,16,12
220,125,15,11
219,124,15,12
219,123,15,13
219,123,15,14
219,123,15,14
220,123,13,14
220,124,13,14
220,124,13,15
220,125,13,14
220,126,13,14
220,127,14,14
219,127,14,15
218,127,14,14
218,127,13,14
217,126,12,14
215,125,12,14
213,125,12,14
211,125,13,15
210,125,14,15
208,126,15,15
207,128,14,14
206,130,15,14
207,131,14,14
207,131,14,14
209,132,13,14
211,133,13,14
213,132,12,15
215,133,12,14
215,133,12,14
217,133,12,14
219,133,12,14
221,134,11,14
223,134,11,14
223,134,11,14
224,134,11,14
226,134,10,13
227,133,10,14
228,133,10,14
228,133,11,14
229,134,11,13
231,134,11,13
232,135,11,12
235,134,10,14
235,134,11,13
237,134,10,13
238,133,11,14
240,133,10,14
241,133,11,14
241,133,11,14
242,133,11,14
243,134,11,14
243,135,11,13
244,136,11,12
244,135,11,13
245,135,10,13
245,134,11,13
245,133,12,13
245,132,11,14
245,132,11,14
244,133,12,13
243,133,12,15
242,135,13,13
241,135,13,13
241,135,13,13
241,134,13,13
240,132,13,13
240,132,13,13
239,132,14,13
239,132,14,13
239,133,13,13
239,134,13,12
239,134,12,11
237,133,14,12
238,133,13,12
237,132,13,13
237,132,12,13
235,133,14,14
234,135,13,14
234,135,13,13
234,138,13,12
233,140,15,11
233,138,13,12
233,134,13,14
233,134,13,14
231,133,15,14
229,134,15,15
227,139,14,15
227,143,14,12
227,143,14,12
228,140,15,14
230,136,15,16
230,136,15,16
227,139,14,17
227,139,14,17
222,142,15,18
220,145,16,17
220,145,18,16
223,141,17,17
222,141,17,17
221,139,17,20
213,143,19,20
207,149,18,18
203,151,18,19
203,151,18,19
204,153,17,18
206,154,18,18
216,148,17,20
216,148,16,20
217,144,17,19
213,142,16,15
197,142,26,23
177,148,32,22
177,148,32,23
160,158,27,18
143,164,26,18
129,172,24,20
119,181,22,19
118,181,22,19
111,185,18,22
109,191,15,20
108,194,15,21
109,198,17,21
109,198,17,21
112,199,22,19
120,199,24,16
131,199,24,14
142,198,24,15
142,198,24,15
153,196,23,20
164,199,24,22
176,204,25,21
190,203,27,22
190,203,26,22
204,199,28,22
218,189,27,26
229,171,19,33
231,148,17,37
231,148,17,36
223,126,23,37
215,107,22,35
202,92,26,30
190,80,24,26
190,81,23,25
175,76,27,20
162,75,27,14
150,75,23,18
139,79,23,21
139,79,22,21
128,88,23,25
120,103,22,25
117,112,17,35
113,132,16,28
113,132,15,27
118,155,20,30
128,174,33,33
151,192,39,28
178,202,43,20
178,202,42,19
206,187,35,32
226,157,20,44
222,127,24,43
213,94,24,42
213,94,24,42
205,67,23,39
193,47,26,33
180,36,30,24
165,33,31,17
165,34,30,16
150,35,29,21
134,44,28,22
125,55,20,26
112,78,18,28
111,78,19,28
113,92,10,22
107,135,10,22
111,167,12,25
117,181,39,31
116,179,40,33
142,198,45,23
175,199,44,23
203,177,35,39
223,144,22,46
223,144,21,46
224,110,20,46
217,78,22,42
210,54,24,37
196,39,30,29
196,40,30,27
183,32,31,23
166,32,32,17
151,34,31,21
135,42,32,22
134,41,31,25
123,55,25,26
113,76,22,27
114,94,14,26
108,114,14,26
109,115,13,25
116,154,13,22
117,170,37,35
140,188,44,27
169,195,47,21
169,195,46,21
199,174,35,35
216,139,23,48
216,106,22,45
211,67,22,41
212,67,20,40
204,41,24,37
193,23,28,31
179,16,32,23
165,17,32,21
164,17,33,22
151,23,31,25
137,36,31,30
125,54,25,29
114,76,25,37
114,77,23,36
114,95,15,36
118,126,11,35
117,150,28,44
135,181,41,28
135,181,41,28
162,194,45,18
191,174,35,34
208,137,23,49
204,102,26,43
204,103,25,43
194,65,26,45
188,42,24,32
168,27,32,23
151,22,34,19
151,22,33,19
136,22,33,18
120,26,24,22
112,36,16,26
108,47,14,26
108,46,14,26
97,74,14,26
85,97,12,24
82,126,13,32
95,151,13,38
94,151,12,37
96,178,40,30
122,193,43,22
151,186,42,29
176,154,28,46
175,154,30,46
185,116,22,51
180,86,18,43
179,54,19,28
155,42,32,21
155,42,33,21
137,41,35,17
124,43,31,22
112,56,24,21
110,76,18,22
109,76,17,21
93,108,11,22
86,125,12,23
95,165,19,19
100,176,35,19
99,177,36,20
122,183,37,18
144,167,35,29
161,134,26,44
161,98,26,49
160,97,26,49
162,70,23,37
155,51,24,29
143,44,30,19
131,43,31,15
131,43,30,14
119,45,26,20
116,56,21,20
115,70,14,19
99,85,16,31
99,84,15,30
100,105,15,31
105,139,22,16
116,148,25,13
133,133,37,28
134,133,36,27
157,114,40,31
182,100,41,27
207,93,39,23
229,92,31,20
229,92,30,19
242,95,24,25
247,104,20,27
247,115,20,29
245,129,22,29
245,129,22,30
243,143,22,28
240,156,22,27
237,167,23,25
234,176,23,22
234,176,23,22
230,183,23,18
225,185,24,17
221,182,24,19
217,176,23,21
217,176,23,21
213,169,23,23
214,165,19,22
207,158,23,20
204,154,22,20
204,154,21,20
200,152,23,18
199,151,21,17
195,151,22,17
192,150,22,17
193,150,21,17
190,147,21,18
188,142,21,20
187,134,21,22
186,125,20,22
186,125,20,21
186,117,20,22
187,112,21,18
188,110,20,16
188,109,21,16
188,109,21,16
190,110,20,17
190,113,20,17
190,117,20,20
188,123,21,21
189,124,20,20
187,131,21,20
186,138,21,19
185,146,21,18
184,152,21,18
184,152,21,18
185,156,21,20
186,161,21,19
188,163,21,18
189,165,22,17
189,165,22,17
192,165,22,17
193,165,23,17
196,165,22,18
198,166,22,18
198,166,22,18
200,168,22,19
202,172,22,20
204,177,21,21
206,184,21,23
206,184,21,23
208,192,21,25
210,202,21,24
212,211,22,22
215,215,22,19
215,215,23,19
218,200,21,29
218,180,21,33
218,162,20,32
218,147,20,29
218,146,20,30
217,133,20,28
216,121,21,26
215,111,22,24
215,103,21,23
215,103,20,23
214,98,21,21
214,94,21,19
213,92,21,18
213,91,21,18
212,92,22,17
211,92,22,19
212,95,21,20
213,99,19,22
211,106,20,20
211,106,20,21
211,115,18,24
210,124,19,26
211,136,21,25
212,148,22,22
212,148,23,21
216,157,23,16
220,146,24,25
225,128,24,32
230,108,21,34
230,108,22,34
232,86,21,35
231,66,20,34
228,47,22,32
221,33,26,27
221,33,26,27
211,24,29,24
198,21,31,20
184,21,32,18
171,23,32,21
171,24,31,20
158,29,31,25
144,39,31,23
135,53,26,29
128,72,25,34
128,72,24,33
126,96,18,33
126,126,19,38
129,152,32,40
146,179,41,34
146,180,40,32
171,198,47,19
201,181,40,34
222,150,29,44
233,118,21,45
233,118,20,44
245,87,11,27
235,69,21,29
232,55,23,26
228,46,23,23
228,46,23,23
224,38,24,22
221,34,23,21
216,35,24,19
211,36,24,20
211,36,24,19
207,40,24,21
201,45,26,21
198,52,26,23
194,68,26,14
195,68,24,13
189,91,23,13
186,106,22,15
182,125,26,14
180,127,21,31
180,126,22,32
179,145,21,31
178,162,21,29
179,177,22,28
181,190,21,24
181,189,21,26
183,199,22,23
185,207,23,20
188,211,22,19
191,212,22,18
191,213,22,17
193,208,22,20
195,200,21,23
196,189,21,25
196,177,20,27
195,177,22,26
195,164,21,26
195,150,20,27
196,137,20,27
196,127,21,25
197,127,20,26
198,119,22,22
201,116,22,19
205,113,23,16
209,112,23,17
209,112,22,17
213,112,22,18
216,115,22,19
218,119,23,20
221,123,21,18
221,123,21,18
221,125,22,18
221,126,23,18
221,127,23,17
221,128,23,17
221,127,23,18
222,127,22,17
221,126,22,17
221,125,22,18
220,124,22,18
220,124,22,18
220,123,21,18
218,123,22,17
217,121,22,18
216,120,23,18
216,120,23,18
216,119,23,18
216,119,23,17
217,118,23,18
219,118,22,18
219,118,22,17
220,118,23,18
223,119,22,17
225,119,23,18
227,120,23,17
227,120,23,17
230,121,22,18
231,123,22,17
232,125,23,18
233,127,23,19
234,127,22,19
235,130,22,20
236,134,21,20
236,139,21,21
236,145,21,21
236,145,20,21
236,150,20,20
233,153,23,17
233,143,22,25
234,126,20,31
233,126,21,30
234,102,20,36
234,81,20,35
234,61,20,33
234,43,21,31
234,43,21,30
234,27,21,29
233,13,21,27
233,2,21,25
232,1,21,16
232,1,22,15
232,1,22,6
231,0,21,7
231,0,21,7
231,0,21,7
231,0,21,7
231,0,21,7
231,0,21,7
231,0,21,7
231,0,21,7
231,0,21,7
230,1,19,5
230,1,20,16
228,1,22,27
228,12,21,29
228,12,21,28
229,26,20,30
229,42,20,32
228,60,21,34
228,79,20,37
228,80,20,36
228,102,20,37
228,127,20,37
228,151,20,36
228,172,20,34
228,173,20,33
228,191,21,30
229,206,21,22
229,206,23,21
231,191,22,29
232,191,21,30
232,175,23,30
235,161,22,28
237,149,21,27
239,139,21,24
239,139,21,25
240,131,22,22
241,124,23,21
243,119,23,20
245,117,23,18
245,117,23,18
247,117,23,17
249,117,23,17
251,120,23,21
251,126,22,26
252,126,21,26
244,138,27,32
231,156,32,32
213,175,36,30
208,190,21,19
208,190,20,19
172,194,23,16
132,172,37,31
117,141,29,43
105,115,22,43
105,115,20,42
107,81,18,41
115,56,22,40
117,40,33,34
137,27,42,27
136,27,43,25
161,24,46,18
190,23,46,22
220,30,44,30
248,45,41,33
247,45,41,33
272,64,36,36
290,87,31,38
302,111,24,37
306,135,20,36
306,135,19,35
301,155,24,33
295,173,24,28
286,187,27,27
278,198,27,25
278,198,26,24
269,206,27,20
259,209,28,18
251,203,27,22
243,191,26,26
243,190,26,27
235,176,27,28
228,166,26,26
220,155,27,24
214,147,25,22
214,146,25,23
207,139,25,22
200,136,25,20
193,134,26,18
186,132,26,18
186,132,26,18
181,133,22,17
173,135,26,19
168,139,24,23
166,147,22,25
166,148,22,24
165,158,21,26
166,170,22,29
168,184,22,29
171,199,24,27
171,199,24,27
177,211,27,20
185,216,27,16
194,215,27,16
202,213,26,17
203,213,26,18
210,210,25,19
216,207,25,18
221,203,24,20
227,198,22,20
227,198,22,20
230,190,22,22
232,181,21,23
232,169,21,26
234,157,21,27
234,157,20,26
235,147,21,24
236,139,21,22
237,133,20,21
239,128,19,19
238,128,20,19
240,125,20,18
240,124,21,17
240,125,22,17
242,127,20,18
242,127,20,19
241,131,21,23
231,141,28,32
213,157,35,34
192,176,38,32
192,176,38,31
171,194,35,21
156,186,32,27
146,166,27,35
142,143,24,36
142,143,23,35
141,120,22,35
145,100,27,33
154,86,31,28
167,79,33,24
167,79,33,23
181,76,33,18
197,76,31,16
212,81,27,18
224,87,24,22
224,86,24,23
238,98,19,24
258,114,13,23
253,125,21,31
253,141,21,30
253,141,21,30
247,155,24,27
238,163,28,21
229,165,28,19
220,159,27,22
220,159,26,22
212,155,26,22
203,153,27,20
195,153,27,18
188,153,26,20
188,153,25,19
179,155,26,21
171,159,27,22
156,173,27,23
156,173,26,23
147,175,26,22
141,160,25,30
137,140,23,31
132,122,21,30
133,122,19,29
128,105,22,28
124,100,21,16
121,100,24,20
120,107,20,19
121,107,20,20
119,115,20,19
118,126,21,20
118,140,19,20
114,148,20,16
114,149,21,16
117,140,16,15
117,116,16,15
117,100,17,20
118,89,18,16
119,88,17,16
116,89,22,21
118,96,21,21
119,107,20,23
121,118,19,22
120,119,21,23
123,135,19,26
123,144,21,18
124,132,18,25
126,116,17,24
126,116,18,24
125,102,20,27
126,92,20,23
126,90,21,19
127,96,20,24
127,96,20,24
128,107,21,26
129,120,19,24
129,139,21,27
130,152,20,22
130,152,22,21
130,147,19,25
129,130,17,26
128,107,21,29
128,94,21,27
128,94,20,28
127,87,23,19
126,88,21,25
125,102,20,26
126,114,18,24
126,116,18,21
123,137,18,24
122,152,19,32
122,172,23,20
128,164,25,26
128,164,25,25
143,138,35,35
162,117,35,34
186,94,32,27
205,76,35,27
205,77,35,26
222,70,40,21
243,69,33,21
257,75,28,31
265,91,24,38
266,92,22,36
267,114,21,39
259,138,26,39
246,162,31,36
230,183,33,27
230,183,34,28
214,195,34,22
199,198,32,19
188,187,29,26
182,174,26,28
182,174,25,28
178,159,23,28
176,145,22,27
176,133,21,26
176,123,21,24
176,123,21,24
178,117,21,21
180,113,22,19
182,112,22,18
185,112,21,17
184,112,21,17
187,115,21,15
188,117,21,17
188,120,21,17
187,121,22,16
187,121,22,16
185,117,22,17
181,115,22,16
176,115,24,15
173,116,23,18
173,116,23,18
169,118,23,20
165,124,23,21
162,130,22,24
160,140,22,25
161,140,21,24
161,150,21,25
162,161,22,24
165,170,24,21
170,175,26,18
171,175,24,17
176,171,25,20
182,162,24,23
186,152,23,24
189,141,21,25
189,141,20,24
190,131,20,24
188,122,21,23
186,119,22,18
182,113,22,17
182,113,21,17
178,111,24,16
175,112,23,17
172,114,23,20
170,119,22,20
170,119,22,21
170,126,20,24
170,136,22,26
173,148,26,27
182,159,32,23
182,160,31,21
195,167,34,17
211,159,34,23
227,144,31,29
240,125,28,33
240,126,27,31
249,103,23,35
253,80,20,33
251,57,21,36
249,36,21,34
249,36,21,33
244,16,23,32
239,1,23,29
236,1,21,13
226,0,20,12
226,0,20,12
226,0,20,12
226,0,20,12
226,0,20,12
226,0,20,12
226,0,20,12
226,0,20,12
226,0,20,12
226,0,20,12
226,0,20,12
226,0,20,12
226,0,20,12
226,0,20,12
226,0,20,12
226,0,20,12
226,0,20,12
163,1,22,13
159,1,22,27
154,16,23,30
150,34,22,32
150,34,22,31
147,54,20,30
140,76,22,30
136,98,21,38
131,124,22,37
132,124,20,37
130,149,19,37
130,174,22,35
133,197,27,28
143,209,25,23
143,209,24,23
157,222,31,11
181,225,10,7
199,228,14,16
208,220,28,20
208,220,28,19
217,207,28,26
227,193,25,28
232,178,24,29
237,162,21,30
237,162,20,29
237,147,21,29
232,133,24,27
226,121,25,26
216,110,28,25
216,110,28,25
208,103,28,23
200,97,27,21
191,94,27,16
182,91,26,15
182,92,26,16
172,90,27,15
162,93,27,13
154,94,25,17
145,98,26,18
145,98,26,18
135,105,27,22
129,112,23,23
125,120,24,25
117,125,19,27
118,136,17,24
109,147,21,22
109,158,18,20
109,173,25,23
118,184,27,24
118,184,26,25
130,195,26,26
144,207,12,18
183,221,10,10
183,223,26,10
186,223,23,9
197,220,28,19
208,207,28,26
217,191,25,31
223,172,23,33
223,172,22,32
226,153,21,33
227,136,20,30
227,121,21,29
227,107,21,25
227,107,20,25
229,96,20,25
228,86,21,24
229,78,21,23
229,71,21,23
229,71,21,22
230,67,21,20
230,65,22,19
230,64,22,19
230,65,23,20
230,65,23,20
230,68,23,20
233,72,21,21
235,79,19,22
235,89,20,23
235,88,21,24
235,99,21,28
235,113,21,30
230,129,24,35
213,148,35,31
213,148,35,31
183,163,48,21
153,167,48,18
129,148,41,30
119,123,26,34
119,124,26,33
114,96,19,36
117,78,18,25
121,52,26,30
125,35,34,29
125,34,33,29
142,24,33,24
158,19,32,20
173,17,32,18
188,18,32,19
188,18,31,19
202,22,30,22
213,28,29,25
223,37,28,28
232,49,26,31
233,50,25,29
239,66,23,31
243,83,22,34
243,103,21,34
239,123,22,35
239,122,23,36
233,143,25,36
227,165,25,32
219,182,27,25
210,191,27,19
210,191,27,20
202,194,27,17
196,191,26,20
191,185,25,22
187,179,24,22
187,179,24,22
183,174,24,21
178,169,24,20
174,163,24,21
170,156,25,21
170,156,25,21
167,148,24,22
163,143,23,19
159,138,23,20
155,136,23,18
155,137,23,16
152,135,22,17
148,136,23,16
145,137,23,18
142,140,23,18
142,140,22,18
140,143,22,18
139,147,21,18
139,150,21,18
139,154,21,18
139,154,22,18
140,159,22,19
142,164,21,21
144,172,21,23
145,181,21,25
145,181,21,25
147,192,21,25
149,203,21,20
151,207,21,18
152,205,21,18
152,204,21,19
153,200,21,19
155,195,20,19
156,191,20,18
157,186,21,19
157,186,21,19
159,183,20,19
160,181,21,18
161,180,22,17
163,180,23,16
163,180,23,16
166,181,22,17
170,183,21,18
174,185,22,21
178,190,22,21
178,190,22,21
183,196,23,22
189,202,24,22
197,208,24,20
205,212,28,18
205,212,27,18
215,209,27,20
225,196,24,27
233,176,20,34
235,155,18,35
235,155,18,35
234,136,18,32
230,117,18,27
222,102,21,25
214,87,25,27
213,87,25,27
207,83,22,22
198,80,22,17
191,79,22,16
179,79,25,18
180,80,24,17
173,83,23,20
169,91,21,23
167,99,19,26
166,111,19,29
166,111,18,28
166,126,26,34
176,147,32,36
193,167,38,35
217,185,41,22
217,186,41,21
243,174,35,31
262,144,22,43
264,111,20,45
259,78,19,43
259,78,19,43
255,52,20,33
243,36,27,28
228,29,31,21
210,29,34,20
210,29,33,20
192,36,32,26
176,50,32,29
160,69,31,35
147,90,26,38
146,90,27,37
140,116,23,40
139,144,27,38
151,169,40,32
176,187,46,21
176,187,45,21
208,178,40,30
231,148,25,45
231,114,24,45
224,76,22,39
224,76,21,38
215,48,25,33
202,34,28,27
187,28,31,20
173,28,31,19
173,28,31,20
159,34,29,28
147,47,28,29
135,64,27,32
129,86,22,31
129,86,22,30
127,111,18,28
126,136,20,39
131,162,38,34
155,184,45,27
156,184,44,26
186,195,48,19
218,172,37,37
236,136,24,50
234,103,25,49
234,102,25,48
228,69,21,44
218,49,27,32
206,43,30,22
192,43,31,20
192,44,32,19
179,49,31,26
169,61,27,30
160,79,25,35
153,98,24,41
153,98,23,41
151,128,22,39
155,154,37,34
175,175,45,27
204,188,45,18
204,188,43,18
231,171,35,32
248,143,25,42
252,114,20,42
252,91,16,35
252,91,16,35
251,75,19,29
246,66,22,22
241,61,22,20
236,58,22,19
238,59,20,18
229,59,24,17
224,61,23,17
218,64,23,20
213,69,24,19
213,70,24,19
208,78,23,22
206,88,27,25
199,96,21,29
194,112,21,28
194,112,22,29
191,128,20,28
191,144,19,26
193,157,21,25
197,169,25,23
197,169,25,23
205,178,27,20
215,183,28,18
227,183,26,18
237,174,27,23
238,174,26,23
248,161,23,27
253,148,20,27
254,134,19,27
250,122,21,25
250,122,21,25
243,113,23,23
238,108,22,20
230,108,23,14
225,109,21,17
225,109,20,17
222,113,19,17
220,116,19,18
219,121,19,17
217,125,19,16
217,125,19,16
215,125,20,16
212,120,20,19
208,112,20,20
203,106,20,19
203,106,21,19
199,99,21,19
192,93,23,18
188,89,24,16
183,85,21,16
183,85,21,16
178,82,22,17
173,80,22,17
169,80,22,16
165,81,21,16
165,81,20,17
160,83,21,18
156,87,20,18
151,93,21,18
147,100,20,20
147,100,20,19
143,111,17,19
141,121,17,16
140,130,15,19
141,139,14,18
140,139,15,18
139,146,18,18
141,154,18,18
144,160,17,19
147,168,17,20
146,168,19,20
150,175,20,20
154,183,20,19
158,189,21,18
163,192,21,17
163,192,21,17
168,192,22,16
173,186,21,19
177,177,21,21
181,167,20,22
181,168,20,21
183,159,20,21
185,152,20,20
187,148,19,18
188,144,19,17
188,144,19,17
189,144,18,15
190,144,19,15
192,146,17,15
193,149,20,15
193,149,19,14
197,151,21,17
202,151,22,16
207,148,22,17
212,146,22,17
212,146,23,17
218,145,21,17
223,145,20,16
227,146,20,16
230,147,21,17
230,147,21,17
234,149,20,17
236,151,20,17
238,153,19,16
239,154,20,17
239,154,20,17
240,156,20,16
240,157,20,17
240,158,20,16
240,159,20,16
240,159,20,16
240,159,19,16
239,159,20,16
239,159,19,17
239,160,19,16
239,160,20,16
239,160,19,17
238,160,19,16
236,157,20,17
234,155,19,17
234,155,19,17
233,153,18,16
233,153,18,16
232,154,19,16
232,157,18,17
232,157,18,17
231,161,18,18
229,166,19,20
228,172,18,23
226,180,19,23
226,180,19,23
223,189,19,22
221,198,19,20
218,204,20,19
215,209,20,16
215,209,20,16
211,213,20,15
207,216,20,15
204,217,19,15
200,217,20,14
200,217,20,14
197,214,19,17
194,210,19,18
191,205,20,19
189,199,19,18
189,199,19,18
187,192,19,19
186,187,19,19
185,183,19,18
184,181,18,16
183,180,19,16
182,180,19,17
182,182,19,18
182,186,18,19
182,186,18,19
183,191,18,20
184,197,20,19
188,202,23,18
196,206,24,18
196,206,25,18
206,207,27,16
219,200,27,21
232,183,27,29
243,162,24,33
244,162,23,33
252,138,20,34
257,115,16,33
256,95,14,31
246,82,16,23
245,82,18,23
229,67,23,22
213,64,25,19
196,65,28,20
185,72,25,21
184,72,25,20
167,83,27,29
153,95,27,33
143,116,24,29
142,135,19,33
142,135,19,33
147,157,31,33
167,176,36,24
193,186,40,17
221,167,35,32
221,167,34,31
241,133,21,46
244,100,18,46
235,63,20,38
223,42,28,31
224,42,26,30
209,32,30,23
192,33,31,19
175,40,31,27
161,56,29,32
161,56,28,31
147,78,27,35
141,102,23,42
136,134,18,37
135,166,27,26
135,165,26,27
150,181,38,18
176,171,41,25
206,146,35,37
230,114,37,41
231,114,37,39
256,93,35,35
279,80,27,24
294,78,21,18
297,79,18,22
297,79,18,22
291,87,21,23
284,96,22,26
276,108,24,28
267,122,22,28
267,122,23,28
256,136,25,29
246,151,25,29
237,165,24,28
227,179,25,26
227,179,25,27
220,193,23,22
216,200,19,17
213,199,19,17
210,197,19,18
210,196,19,18
208,195,19,18
206,196,20,18
204,198,20,18
203,201,20,17
203,200,20,19
202,203,20,18
201,206,20,18
201,208,19,17
201,201,18,22
201,201,18,22
200,185,18,29
199,168,18,29
198,154,18,26
198,140,17,25
197,140,18,25
196,129,18,24
196,120,18,21
195,111,18,21
194,105,18,19
194,105,18,20
193,102,18,18
192,100,18,17
191,99,19,17
191,100,19,17
191,100,18,17
190,103,18,18
189,107,18,17
189,114,18,19
189,123,17,21
189,123,17,21
188,132,17,22
187,143,18,25
186,154,18,27
186,167,18,26
186,167,17,25
185,178,19,22
185,184,19,17
184,176,19,23
184,164,18,26
184,164,19,25
184,154,18,24
183,144,18,23
183,135,18,23
183,130,18,21
183,131,18,20
183,127,18,18
182,125,18,17
182,125,18,16
182,126,18,17
182,126,18,17
181,128,19,18
181,133,18,19
181,139,18,20
181,146,18,23
180,146,19,23
181,156,18,24
181,167,18,24
181,177,18,24
181,185,18,22
181,186,18,21
181,192,19,20
181,197,19,17
181,196,19,18
182,185,18,25
182,185,18,25
182,169,17,29
181,157,18,27
181,146,18,25
180,136,18,22
180,138,18,20
179,128,19,20
179,123,18,18
178,119,19,16
178,115,19,17
178,115,19,17
177,114,20,17
176,115,20,17
176,115,20,20
176,120,20,20
176,121,20,19
177,128,18,19
176,136,19,22
176,144,18,25
176,154,18,25
176,155,18,24
176,166,18,25
176,176,18,25
176,185,19,21
176,191,19,18
176,192,19,17
176,187,19,21
176,171,18,29
177,155,18,29
176,139,18,29
176,139,18,29
176,127,18,27
176,116,17,26
175,107,19,25
175,99,18,20
175,99,18,20
175,93,17,19
174,89,18,19
174,87,19,17
174,86,19,17
173,86,20,17
173,87,20,17
173,90,20,18
173,94,19,17
174,100,18,19
173,100,18,19
174,111,18,19
173,122,19,21
174,133,18,22
174,143,17,30
174,143,18,29
173,159,18,31
173,176,18,30
172,192,18,26
171,203,19,18
171,203,19,18
171,194,19,24
172,170,18,35
173,142,18,40
174,114,18,39
174,114,18,39
175,89,18,38
176,67,18,35
177,46,19,32
179,26,18,31
179,26,18,31
180,9,18,28
181,1,18,19
181,0,19,6
181,0,19,6
181,0,19,6
181,0,19,6
181,0,19,6
181,0,19,6
181,0,19,6
181,0,19,6
181,0,19,6
181,0,19,6
181,0,19,6
181,0,19,6
181,0,19,6
181,0,19,6
181,0,19,6
181,0,19,6
181,0,19,6
181,0,19,6
181,0,19,6
201,1,13,9
202,1,18,25
203,13,18,28
203,12,18,30
204,31,18,31
206,50,17,33
207,71,17,36
208,95,16,35
208,95,16,35
210,120,16,38
211,146,17,41
212,174,21,35
218,197,21,27
218,197,20,27
228,214,20,19
247,220,18,15
263,221,13,13
269,213,25,20
269,213,24,19
280,202,23,23
287,188,19,27
289,173,18,27
284,159,21,27
284,159,21,27
276,147,24,25
266,136,25,24
259,128,23,21
247,118,22,20
247,119,23,20
235,113,21,20
223,110,20,17
214,109,23,17
203,111,23,15
203,111,22,14
192,113,25,16
183,116,24,18
174,119,23,21
168,126,21,21
167,126,23,21
163,134,21,24
164,145,20,26
168,160,24,27
177,175,27,29
177,175,27,29
190,192,30,30
205,208,16,17
227,220,25,18
242,221,23,18
242,221,23,18
254,212,24,21
263,199,22,26
268,187,20,25
269,174,18,26
269,174,18,25
263,163,22,25
253,152,25,23
242,146,27,20
231,138,26,20
231,139,25,19
219,136,22,16
208,133,22,15
196,132,26,16
184,133,27,17
184,133,26,17
175,135,25,19
168,140,23,21
165,148,20,23
165,158,19,26
165,158,18,26
166,171,18,27
167,185,21,28
172,200,24,24
181,209,15,16
181,210,15,16
205,216,14,10
208,218,21,8
223,219,21,10
232,215,25,18
232,215,25,18
241,208,26,21
251,200,23,23
258,189,21,25
262,178,19,26
262,178,19,25
263,165,18,26
259,154,20,24
254,144,21,24
248,135,21,22
248,135,21,23
241,128,22,21
234,123,23,20
227,119,23,19
220,117,23,18
220,117,23,18
218,117,18,17
220,120,9,14
216,117,9,14
216,117,9,14
216,117,9,14
185,140,12,11
180,142,19,22
175,150,21,24
171,160,20,27
170,161,21,26
166,174,21,27
166,188,18,27
167,202,24,21
176,210,20,16
176,210,20,16
207,217,12,8
212,217,14,14
223,214,29,17
237,200,28,26
237,200,28,26
250,181,25,31
259,159,22,34
263,138,19,33
259,117,21,33
259,118,20,31
247,100,24,28
235,82,28,28
225,74,32,27
212,65,30,24
212,66,28,22
199,63,28,20
187,63,27,19
176,67,25,22
166,72,25,27
166,72,25,26
159,82,22,29
154,97,21,30
151,112,19,34
151,134,17,30
151,134,18,27
153,154,22,31
159,175,29,30
174,194,28,26
192,208,29,19
192,208,28,18
214,217,28,8
255,218,12,7
256,205,27,20
270,186,23,31
270,186,22,30
277,164,18,34
275,143,19,33
269,127,21,30
265,117,18,26
265,117,18,26
267,115,6,15
265,114,8,15
224,102,10,12
211,101,24,18
211,101,24,20
198,105,27,21
186,111,26,23
175,120,26,25
165,132,25,27
166,132,24,26
158,146,23,29
159,163,17,28
159,180,22,26
166,193,16,14
166,193,16,13
186,207,20,18
193,212,29,15
209,216,30,12
227,211,25,18
227,211,25,17
241,202,25,22
251,191,22,25
258,177,18,27
255,165,20,25
255,164,20,25
246,152,24,26
235,144,26,24
225,135,26,24
216,130,22,20
216,130,21,19
206,127,23,18
197,125,24,17
188,124,24,18
177,125,25,19
178,125,24,19
168,129,24,19
161,133,23,19
158,138,19,18
159,141,19,17
159,142,19,16
163,142,24,17
172,141,27,17
185,139,29,17
200,140,24,16
199,140,24,15
213,143,24,12
228,145,25,16
243,148,28,21
256,153,26,21
256,153,25,21
266,157,21,19
269,157,19,19
264,153,21,20
252,147,27,20
252,146,27,22
241,138,27,22
230,134,26,20
216,133,26,14
204,131,27,14
204,131,21,13
191,132,27,13
180,133,28,14
170,135,26,16
161,140,24,17
161,140,24,19
153,146,23,19
148,151,20,22
148,159,20,24
153,170,26,23
153,171,26,24
166,183,26,23
181,194,27,21
199,206,8,10
220,212,26,13
220,212,27,14
236,210,25,15
250,201,23,20
260,189,20,23
263,175,17,26
263,176,16,24
259,162,19,23
251,151,22,21
241,141,23,20
232,134,23,19
232,134,23,18
222,128,22,17
211,124,22,13
202,121,18,15
192,117,22,18
191,117,22,18
184,118,21,17
175,121,20,16
166,124,20,18
159,129,19,18
159,129,19,18
154,134,17,16
154,138,18,14
158,137,21,14
167,134,23,15
166,134,24,15
177,132,23,15
189,131,24,14
200,132,25,11
217,135,15,13
217,135,16,13
224,137,21,15
232,140,21,18
240,144,17,17
240,147,17,16
240,148,17,14
235,147,20,15
227,144,20,15
217,142,22,13
208,139,21,14
208,138,22,15
199,137,23,13
189,138,21,14
181,139,21,15
173,142,20,16
173,142,20,16
166,147,20,15
159,152,19,16
155,159,17,14
152,164,15,17
152,165,15,16
153,172,18,18
158,180,20,17
167,186,22,15
178,191,22,12
178,191,22,12
192,195,7,9
211,196,14,12
220,189,21,15
232,175,21,21
232,175,20,21
241,156,17,25
244,137,15,24
242,118,15,23
240,102,15,21
240,102,15,22
238,84,16,21
236,71,15,18
233,58,16,20
231,46,16,18
231,46,16,18
229,35,16,18
227,27,16,18
225,20,16,17
223,14,16,17
223,14,16,17
221,9,16,17
219,6,16,17
217,5,16,16
215,5,16,16
215,5,16,15
213,6,16,16
211,9,16,15
209,12,16,15
207,18,17,14
207,18,16,15
205,25,16,15
204,33,15,19
202,43,16,20
200,54,15,21
200,54,15,19
198,68,15,21
196,82,15,22
194,98,15,21
192,116,16,23
192,116,16,23
191,135,15,23
191,154,16,23
193,171,17,19
198,183,18,16
197,183,19,15
206,190,8,11
224,194,13,9
229,193,20,11
240,188,21,14
240,188,21,13
249,179,20,18
256,168,18,18
258,156,16,18
255,144,18,18
255,144,18,18
248,134,20,17
234,119,18,15
226,114,18,14
226,114,19,13
219,110,17,13
213,106,18,15
204,109,18,13
197,109,18,13
197,109,18,13
189,111,20,14
183,114,18,15
176,119,19,15
171,125,18,17
170,125,19,16
166,129,17,20
163,141,16,15
164,151,17,17
169,161,19,17
169,160,19,18
176,170,21,18
187,181,22,18
199,191,11,10
222,200,11,11
222,200,11,11
234,200,16,12
246,192,22,16
259,180,25,19
272,163,21,24
272,163,21,23
280,144,18,23
284,124,17,25
285,106,16,24
283,90,17,22
283,90,18,22
277,79,20,18
270,72,20,17
262,68,20,16
255,68,20,16
255,68,20,16
248,71,19,16
242,76,19,16
236,81,19,18
233,90,17,15
233,90,17,15
228,97,17,17
226,108,17,18
225,117,17,18
225,124,16,16
225,124,16,15
225,127,16,15
225,129,16,14
226,128,17,15
226,129,18,14
226,129,18,14
228,129,17,15
229,131,18,15
229,135,17,15
229,141,18,15
229,141,18,15
229,145,18,16
229,150,18,15
228,153,19,15
228,156,18,14
229,156,17,14
229,157,18,14
229,157,18,14
229,156,17,14
228,154,19,15
228,154,18,15
228,152,18,15
228,149,18,15
227,147,18,15
227,145,17,14
227,145,17,15
225,144,18,14
224,144,17,14
223,145,17,14
221,147,18,14
221,147,18,14
219,149,18,15
217,154,17,15
216,158,17,16
214,163,18,16
214,163,18,16
214,167,17,15
214,169,18,13
215,169,18,14
216,168,17,14
216,168,18,14
216,166,18,14
217,165,18,14
218,165,18,14
219,165,17,14
219,165,18,14
220,166,17,14
220,168,18,14
219,169,18,14
217,170,18,15
217,170,18,14
214,172,19,14
211,173,19,14
207,174,19,15
202,176,20,14
202,176,19,13
197,175,21,14
192,167,20,18
187,157,20,21
184,146,19,21
184,146,19,21
180,134,20,21
176,124,19,20
173,116,19,18
170,108,19,18
170,108,19,18
167,102,18,17
163,99,19,15
160,96,20,14
156,95,19,14
156,95,19,13
153,95,19,13
150,96,17,12
146,99,17,13
144,102,17,14
143,103,17,14
141,107,17,16
139,115,14,13
143,120,10,11
130,135,10,14
134,135,12,13
134,145,11,15
131,158,10,11
127,172,9,13
118,179,18,24
118,179,17,23
116,195,17,19
115,204,17,15
116,210,16,15
116,215,18,13
116,215,18,12
119,218,16,12
