154,148,8,8
155,145,9,10
155,140,9,10
154,132,9,11
152,123,10,12
150,115,10,11
148,110,10,11
146,105,9,11
144,103,9,10
144,103,7,10
149,105,9,11
158,110,9,12
168,118,10,12
181,128,12,12
197,139,12,12
217,145,13,10
238,141,15,10
258,124,11,15
265,101,9,16
257,79,13,15
244,64,13,15
228,55,13,10
209,49,16,11
193,47,14,10
179,48,13,11
166,56,12,10
155,66,12,12
150,78,10,12
147,92,10,16
148,109,9,12
151,127,10,14
158,141,10,13
164,148,10,12
170,152,10,12
176,155,11,12
180,154,11,13
181,149,11,11
182,140,10,12
180,131,10,11
176,120,10,13
169,111,11,12
161,103,12,10
155,99,11,11
153,102,9,11
152,107,10,12
152,115,8,8
150,121,11,15
152,133,9,12
155,141,9,11
157,143,10,13
156,142,9,12
151,140,10,11
144,133,10,12
137,122,10,16
130,112,11,13
128,95,11,16
133,80,10,15
139,68,9,13
145,57,10,14
151,48,10,14
157,41,10,12
163,36,11,12
168,31,12,12
176,30,10,10
183,29,10,11
189,30,10,11
195,31,11,12
201,36,10,10
205,47,11,12
212,48,11,13
220,60,10,11
226,69,11,11
234,80,10,12
239,91,12,14
246,104,11,14
248,115,10,14
245,125,11,13
240,134,12,13
234,143,11,14
225,150,12,14
213,156,12,13
199,159,13,13
184,157,14,12
173,150,12,13
164,139,12,13
158,129,11,12
156,117,11,12
159,107,11,12
159,97,10,10
159,89,11,11
161,83,11,11
164,79,10,11
165,76,11,13
166,76,12,12
169,77,10,12
169,82,11,12
171,88,11,13
172,96,10,13
172,105,10,14
169,116,11,13
164,126,10,12
157,130,12,10
150,129,12,12
144,125,11,10
141,116,11,13
142,105,11,14
144,97,9,13
146,90,10,14
149,85,11,13
152,82,11,13
156,82,11,12
159,84,10,11
162,86,11,13
165,91,11,13
168,98,9,11
171,106,10,14
174,115,10,15
176,125,9,13
176,133,10,12
174,138,11,13
174,144,9,12
171,147,10,13
169,151,11,10
168,153,9,11
166,155,10,12
165,158,10,12
165,161,11,11
166,163,10,12
169,165,10,11
174,164,11,12
180,162,12,12
189,160,12,11
198,155,12,13
207,150,12,11
216,142,13,12
225,130,12,14
231,116,11,15
231,101,11,15
224,89,11,13
213,84,13,13
201,85,14,12
196,93,13,12
195,100,12,12
197,102,10,11
199,99,11,11
202,93,9,12
209,84,12,11
222,79,13,11
232,83,11,13
236,94,10,13
231,104,12,13
223,109,9,8
211,100,8,9
211,87,10,11
219,81,11,12
224,85,11,12
225,94,11,12
224,104,10,13
223,115,10,15
222,127,9,16
214,139,11,14
203,143,11,12
190,143,13,12
179,142,12,11
168,137,13,12
160,132,12,12
153,126,12,11
149,119,11,13
149,115,11,12
150,109,11,11
158,107,11,12
169,110,11,11
182,117,12,12
197,125,13,13
213,128,13,13
223,116,11,15
225,101,10,14
222,86,10,15
214,77,12,13
203,76,12,11
190,78,13,11
177,84,13,11
165,94,13,13
156,110,11,14
152,129,10,16
158,148,13,15
172,163,15,14
189,168,14,14
205,168,15,12
218,162,12,13
226,152,12,14
231,142,10,13
232,132,10,14
229,121,10,15
224,112,10,15
216,106,10,13
206,99,12,14
195,96,12,14
186,94,11,13
177,95,10,13
169,100,11,12
165,109,10,15
167,124,11,14
179,137,14,12
197,139,13,13
212,131,14,14
223,121,11,14
226,112,11,11
227,110,10,12
227,95,9,13
223,91,11,12
219,88,10,11
214,88,11,11
208,89,11,12
198,97,13,12
187,107,12,12
174,114,11,10
163,110,12,12
159,103,9,12
158,94,11,13
163,88,11,13
170,86,11,12
177,87,12,11
184,91,12,12
190,98,12,12
196,108,11,12
195,117,11,12
193,120,11,12
192,116,11,12
186,110,13,12
176,109,12,12
166,114,12,14
162,129,11,18
168,152,17,13
191,156,18,12
215,135,12,17
219,109,10,16
200,91,16,12
178,86,17,12
159,94,14,15
150,114,10,17
149,138,12,18
160,161,16,15
181,179,14,10
203,182,15,11
224,177,14,13
240,167,14,13
253,155,11,15
257,142,12,15
259,129,10,14
255,118,11,14
250,108,11,15
243,103,11,12
233,102,11,12
223,105,12,11
216,110,10,14
213,119,10,14
213,126,10,13
211,128,10,12
209,127,10,12
207,127,10,11
205,126,11,12
204,128,10,11
203,127,9,11
203,127,10,9
203,125,9,12
203,124,11,12
204,120,10,12
204,115,10,13
205,110,9,10
210,96,8,12
215,85,10,14
223,81,11,13
234,86,12,12
245,95,11,14
254,105,11,16
254,119,10,14
242,128,13,12
229,127,12,11
233,107,11,11
222,98,10,14
232,88,11,11
246,85,12,11
260,83,13,13
271,89,12,12
274,101,11,15
273,118,11,14
261,133,14,13
247,142,13,13
229,142,14,13
214,136,14,13
204,128,13,12
200,120,9,11
198,111,9,10
200,104,10,12
207,103,10,11
213,103,11,12
222,110,12,12
232,118,11,13
245,133,12,12
261,134,14,11
277,116,12,15
283,90,10,18
274,68,14,17
259,54,14,11
238,48,16,11
220,47,14,10
197,50,14,10
180,56,12,11
164,67,13,13
149,83,12,15
142,102,11,18
142,124,11,18
147,146,13,19
160,166,14,14
176,175,17,12
198,175,14,12
215,166,15,14
229,151,11,16
237,134,11,17
241,119,10,17
239,105,11,16
232,96,12,12
226,88,11,14
217,84,13,12
209,84,13,12
202,86,11,12
196,91,11,13
191,97,11,13
188,106,10,12
188,111,10,12
189,116,10,12
190,118,10,12
191,120,11,13
193,122,10,12
194,123,11,12
196,125,11,12
198,126,10,12
198,127,11,13
200,129,10,12
201,130,11,12
202,132,11,13
203,135,11,11
203,133,11,12
203,130,10,12
201,127,10,12
199,124,11,12
196,119,10,13
193,116,11,12
190,112,11,13
187,110,10,12
184,109,10,12
181,108,11,12
180,108,10,12
180,111,9,9
179,109,10,12
180,110,10,12
181,113,10,12
183,115,10,13
183,118,11,12
180,112,10,13
173,104,12,13
164,96,12,12
152,93,12,12
143,95,11,12
138,103,11,12
137,113,8,13
138,126,10,12
146,135,13,12
161,139,14,12
177,135,14,13
191,125,11,14
189,110,10,11
190,99,11,11
176,98,11,11
168,107,11,14
170,121,10,13
173,129,10,14
176,137,10,12
177,143,10,14
176,147,10,11
170,147,11,12
162,145,11,12
153,142,10,11
144,136,10,11
135,128,11,12
128,122,13,12
125,114,9,12
126,108,10,11
131,103,10,11
138,103,10,11
143,110,11,11
144,122,11,11
139,124,10,10
134,120,10,10
129,110,10,13
128,102,10,13
127,95,10,14
126,90,10,13
127,89,9,11
126,87,10,13
126,89,10,12
126,92,9,12
126,97,8,12
125,103,8,11
123,112,9,11
121,119,10,15
120,129,9,14
118,135,9,14
117,140,9,14
114,144,10,14
112,148,10,12
109,149,10,12
106,150,11,11
104,150,11,12
103,150,10,10
101,151,11,11
102,151,10,10
101,151,11,12
103,152,10,12
105,153,9,12
107,154,10,11
110,156,10,11
113,157,10,13
116,159,10,12
119,162,10,13
122,167,10,12
124,173,11,12
128,175,10,12
132,177,10,10
137,176,10,12
143,176,10,12
148,175,11,13
155,175,10,12
163,175,11,10
171,172,13,12
180,168,13,12
191,164,13,12
203,159,12,12
213,153,12,13
222,145,12,13
231,136,10,13
236,127,11,14
239,118,9,14
238,108,9,14
235,100,9,14
228,94,9,14
219,93,9,11
207,93,11,12
195,97,11,13
184,102,12,13
174,108,12,12
163,115,12,13
159,122,10,11
158,127,9,11
157,130,11,13
159,136,10,13
159,143,10,13
161,150,8,12
161,156,10,12
162,161,10,12
162,165,10,12
164,168,10,11
168,168,10,12
172,167,10,11
174,159,10,13
178,151,9,11
180,142,11,11
185,134,9,12
188,128,9,12
191,124,9,12
192,121,10,12
195,120,10,11
197,121,9,11
199,123,9,11
200,128,9,11
201,133,9,12
203,142,7,10
203,149,9,10
203,151,9,10
201,152,9,9
200,154,9,10
198,156,10,11
197,160,9,10
195,161,10,11
195,161,10,11
195,162,10,11
196,163,9,11
196,165,9,11
197,167,9,11
198,166,10,12
200,167,10,11
203,169,10,11
206,168,10,12
209,167,8,10
211,166,9,10
213,165,9,11
215,164,9,9
216,161,9,10
218,159,9,10
219,155,9,12
220,150,9,11
219,143,10,13
221,135,10,11
222,127,9,13
224,121,9,12
226,117,9,11
226,114,11,10
228,113,11,11
230,113,11,11
232,115,10,11
233,119,10,12
235,124,10,12
236,131,10,12
239,140,9,12
240,150,9,13
241,162,10,13
242,174,10,17
244,190,10,12
246,197,9,11
247,196,11,12
249,196,9,10
251,195,9,11
254,193,9,11
256,190,9,11
258,188,10,11
261,186,9,11
263,182,10,12
267,177,11,11
272,172,11,11
277,166,11,11
282,161,11,11
287,152,11,13
291,140,11,13
295,128,11,14
299,117,11,15
302,110,11,11
296,97,13,14
289,89,13,12
281,81,10,12
271,75,13,14
261,73,12,11
251,77,12,12
243,84,12,12
238,93,11,13
230,103,12,14
228,115,11,13
229,123,10,12
231,127,11,13
232,131,10,12
231,133,10,12
229,134,10,12
228,135,9,11
225,136,10,11
223,136,10,11
221,136,10,12
218,138,10,11
216,140,10,11
214,142,10,11
212,146,10,11
211,150,10,11
209,154,10,11
207,159,11,13
206,166,11,11
205,173,11,11
204,180,11,11
203,190,11,10
203,198,11,10
202,205,11,12
202,213,11,12
203,219,10,12
203,222,10,13
203,229,9,11
203,233,9,12
203,238,9,12
202,244,10,12
203,250,9,11
203,258,8,3
203,258,8,3
203,258,8,3
203,258,8,3
203,258,8,3
203,258,8,3
203,255,8,6
200,233,9,15
199,213,9,15
198,196,9,15
197,180,9,15
196,164,8,14
195,153,8,12
193,139,9,14
192,130,9,13
190,121,10,13
190,115,8,12
186,110,10,11
186,108,9,10
184,106,10,11
183,106,9,12
181,108,10,12
180,112,10,12
179,118,10,10
169,119,10,10
169,116,9,9
169,115,9,9
169,115,9,9
158,139,10,11
152,143,10,11
151,147,9,11
151,150,9,11
152,151,10,11
153,152,10,12
156,153,10,11
160,153,9,11
162,154,10,11
165,154,10,11
168,155,10,11
171,156,9,10
172,156,10,11
173,157,10,12
174,159,10,12
175,162,9,11
175,167,9,11
175,171,10,12
176,176,9,10
179,173,9,12
181,169,11,11
185,166,9,10
189,163,9,12
192,162,9,12
195,160,10,11
200,159,9,9
203,158,11,10
208,157,9,11
211,156,11,11
216,158,10,9
220,157,11,10
225,155,11,10
230,152,10,11
234,147,11,12
239,142,10,11
243,136,11,13
247,129,10,12
249,126,10,9
250,118,10,9
250,110,10,9
246,105,10,9
240,102,10,9
232,101,10,9
225,101,10,10
218,102,11,11
212,106,11,11
204,111,11,11
198,117,11,11
192,125,11,12
190,130,10,11
191,133,9,10
193,133,10,12
196,132,9,11
200,128,10,12
204,122,11,11
209,115,10,10
213,107,12,12
219,102,12,11
225,98,11,12
232,97,10,11
238,97,11,12
244,98,11,13
250,101,11,13
256,106,11,13
263,113,10,13
268,121,11,14
274,132,11,14
275,141,10,13
264,141,12,13
252,133,12,13
246,116,9,13
253,105,9,10
261,105,11,13
265,113,11,13
266,123,11,12
265,131,10,14
262,140,11,14
259,150,10,15
257,160,9,15
254,168,10,13
251,171,9,12
248,169,10,11
247,166,9,10
244,164,10,12
241,164,11,11
239,165,10,10
234,161,11,11
227,153,11,11
219,146,12,12
209,138,13,12
193,127,13,11
181,122,14,11
164,116,14,11
156,112,14,11
148,105,14,11
135,100,14,11
131,95,14,11
131,95,14,11
131,95,14,11
131,95,14,11
131,95,14,11
131,95,14,11
131,95,14,11
105,94,10,11
101,156,17,29
133,205,27,24
184,237,12,13
223,226,12,13
273,240,12,14
290,197,15,23
308,152,13,25
312,105,13,25
291,68,19,21
259,46,21,14
226,45,21,11
197,60,16,17
180,86,14,18
175,117,10,21
178,148,12,21
190,177,12,18
202,205,14,18
214,228,11,16
221,236,11,12
225,238,12,13
230,241,12,13
235,245,11,12
239,250,10,11
244,252,9,10
244,252,8,8
244,252,8,8
244,252,8,8
244,252,8,8
244,252,8,8
244,252,8,8
244,252,8,8
245,253,8,8
244,253,8,8
243,253,8,8
242,253,8,8
241,252,8,8
237,253,8,8
234,253,8,8
232,253,8,8
229,253,8,8
224,253,8,8
222,253,8,8
218,253,8,8
216,253,8,8
212,253,8,8
208,253,8,8
206,253,8,8
204,253,8,8
200,253,8,8
197,253,8,8
195,253,8,8
191,253,8,8
192,253,8,8
188,253,8,8
185,253,8,8
185,253,8,8
182,253,8,8
183,253,8,8
179,253,8,8
178,253,8,8
176,253,8,8
180,253,8,8
177,253,8,8
179,255,7,6
180,253,8,8
180,253,10,8
182,252,10,9
183,251,10,10
185,252,12,9
186,251,12,10
189,251,11,10
191,251,11,10
193,253,10,8
193,253,10,8
193,253,10,8
193,253,10,8
200,253,10,8
200,253,10,8
200,253,10,8
205,253,10,8
205,253,10,8
205,253,10,8
209,253,10,8
209,253,10,8
211,240,10,14
212,222,11,15
211,207,11,15
213,197,10,12
212,184,11,14
214,176,10,12
213,168,10,12
215,161,9,11
214,155,10,12
214,153,10,11
214,151,10,11
214,151,10,11
214,154,9,10
214,157,9,10
213,161,10,12
212,164,10,12
209,165,9,11
206,165,9,12
203,167,10,12
200,172,10,11
200,176,9,10
200,172,9,10
199,180,8,9
198,184,9,9
199,176,11,14
202,172,11,11
204,169,10,12
207,168,9,10
209,166,10,13
211,169,10,10
213,172,10,11
215,177,11,11
217,183,10,11
219,190,11,14
221,199,10,13
224,210,9,14
226,222,9,14
228,230,10,11
232,226,10,12
237,218,10,12
241,209,11,13
244,201,12,12
250,196,11,11
255,191,11,13
260,191,10,10
264,189,11,12
269,191,11,10
274,194,10,11
279,198,10,12
283,204,10,11
287,211,10,13
291,220,10,11
293,227,10,11
295,234,9,10
295,239,10,12
295,244,10,11
293,241,11,13
289,230,11,15
285,213,11,17
281,198,10,15
276,184,10,15
272,174,10,14
268,163,10,14
263,155,10,13
259,149,9,12
254,144,11,12
250,141,10,11
246,142,11,10
244,142,10,9
238,142,10,12
234,145,10,13
230,151,10,13
225,158,10,13
220,166,11,15
215,175,10,14
210,181,10,14
206,186,10,14
203,180,9,13
199,172,10,15
196,168,10,14
193,165,10,12
190,160,10,12
188,154,10,12
185,148,10,12
183,144,10,10
181,142,10,10
179,139,10,12
176,137,11,12
175,134,9,11
172,129,10,13
170,124,10,13
169,119,10,12
168,113,10,12
167,108,10,12
166,105,10,12
166,104,9,12
164,105,10,11
163,107,10,11
162,110,10,11
160,115,10,11
159,120,10,12
157,126,10,12
155,133,10,12
154,141,10,12
153,150,8,12
153,158,9,13
153,167,9,14
153,179,9,13
152,190,10,16
152,206,10,15
152,222,10,14
159,228,10,13
169,223,13,12
182,222,12,11
192,220,15,11
205,221,14,11
217,223,13,11
226,219,13,13
230,205,10,13
232,191,9,13
233,179,9,14
233,166,9,14
232,154,10,15
232,145,10,14
232,138,10,14
231,131,10,13
230,127,10,13
230,125,10,12
229,124,10,12
229,125,10,10
228,127,11,11
230,129,9,11
231,131,9,12
230,133,10,11
223,133,11,12
218,133,11,11
214,131,11,12
211,129,10,11
207,126,11,11
204,123,10,11
201,121,9,11
198,119,9,12
195,117,10,11
194,116,9,10
192,116,9,10
192,108,10,13
195,106,10,11
200,104,11,11
207,104,10,9
213,104,12,13
220,108,11,10
226,110,12,12
231,117,10,10
233,121,10,11
231,125,10,13
228,130,10,11
222,131,10,11
216,128,10,12
210,126,10,12
205,122,10,12
201,119,9,11
195,117,10,11
191,118,9,10
187,119,9,10
184,119,10,12
187,112,10,14
191,105,11,14
196,96,10,13
200,88,10,14
201,81,9,14
199,77,11,12
194,79,11,10
187,84,13,13
181,93,12,14
180,106,12,14
182,121,11,14
191,134,12,14
205,143,14,11
218,142,13,11
228,138,13,11
236,131,12,10
239,123,12,10
239,114,11,11
240,107,10,10
238,102,10,12
235,99,10,10
232,98,10,9
228,97,10,10
223,97,10,12
219,100,10,11
217,103,10,12
219,104,11,12
225,106,11,11
230,109,11,11
236,112,11,11
248,116,10,10
247,115,10,10
250,131,11,12
248,134,11,11
243,132,11,11
237,128,11,11
231,122,11,12
225,117,11,12
221,113,11,12
218,109,10,11
216,105,9,10
215,102,9,11
214,101,10,11
214,102,10,12
214,104,10,12
214,109,9,12
214,114,9,12
214,120,9,14
215,129,9,13
216,135,9,13
218,132,9,14
219,127,10,13
219,122,10,13
221,119,9,12
221,118,10,11
222,118,10,11
223,120,10,11
223,122,11,12
225,125,11,12
228,120,10,11
230,111,10,11
230,98,10,13
226,86,11,13
218,81,12,12
205,83,13,13
195,92,12,13
191,108,12,13
195,128,11,12
206,145,13,13
224,153,15,13
242,154,15,13
258,146,14,12
265,130,11,14
264,116,11,14
256,102,11,10
241,96,15,11
229,98,15,11
220,103,15,11
214,111,12,13
212,119,11,13
214,124,11,12
218,128,11,12
223,131,10,11
226,134,11,11
228,130,10,14
228,122,8,14
226,114,8,13
224,107,10,13
223,103,10,13
220,101,10,12
216,103,9,10
211,104,10,13
207,109,10,13
205,116,10,13
204,120,9,12
202,120,9,12
200,118,9,12
198,116,9,12
197,113,8,11
196,110,8,11
196,110,7,10
195,112,8,10
194,115,9,11
194,119,11,10
198,122,10,11
202,122,11,12
206,121,11,12
211,120,11,12
214,117,10,11
214,116,10,11
205,118,10,11
203,120,9,10
199,109,10,11
192,109,10,11
187,112,11,11
182,116,12,11
181,120,12,12
186,123,12,12
193,124,12,12
200,125,12,12
208,127,11,11
210,129,11,11
222,130,11,11
225,133,11,11
222,132,11,11
217,127,11,11
211,124,11,11
205,120,11,11
200,116,11,11
197,112,10,10
196,109,9,9
195,106,10,10
193,105,10,10
193,105,11,10
194,106,11,11
195,109,10,11
195,113,11,12
197,119,11,12
198,125,10,11
199,127,10,11
201,127,9,11
202,127,9,11
203,126,9,11
203,123,10,12
203,120,11,11
201,121,10,10
198,113,11,10
194,112,11,10
187,111,12,11
182,113,12,11
183,113,11,11
192,111,11,12
202,111,12,12
211,112,12,11
219,113,11,10
221,114,11,11
222,117,10,11
216,117,9,10
215,114,8,9
215,104,10,10
208,100,11,10
201,97,12,11
194,96,12,11
189,98,12,11
182,102,12,11
174,106,12,11
168,112,12,11
166,116,12,11
168,118,12,11
170,124,12,10
175,127,12,10
181,127,12,11
189,128,12,11
195,127,11,11
200,122,12,11
204,118,12,11
210,116,12,11
214,116,12,11
219,118,12,11
223,121,12,11
229,126,11,10
234,133,10,10
236,137,11,11
234,138,10,10
229,138,11,11
226,138,10,12
223,138,10,12
219,138,10,12
215,138,11,11
212,136,11,13
212,135,10,12
211,135,10,12
211,134,10,12
212,135,9,11
212,136,10,11
212,139,12,11
214,143,11,11
214,144,11,11
213,141,11,10
211,137,10,12
208,133,11,11
205,128,10,11
201,124,10,11
196,119,10,12
193,115,11,11
189,112,10,10
185,110,10,11
183,111,9,10
182,112,9,10
190,107,8,9
178,119,11,11
183,120,11,12
190,123,11,12
196,121,11,12
199,112,11,12
199,102,11,12
194,95,12,11
182,95,12,11
171,102,11,12
169,118,10,11
174,139,11,13
183,154,13,13
198,157,13,13
211,156,12,12
219,151,12,12
223,142,12,12
225,134,12,12
226,128,11,11
226,123,10,10
226,118,9,9
226,117,9,9
225,116,9,9
225,117,11,12
220,119,11,12
220,123,11,12
217,129,11,12
216,136,10,13
216,143,10,13
218,151,10,13
221,157,10,14
226,162,11,13
231,163,11,13
235,162,12,13
238,158,11,12
237,151,11,12
233,144,10,11
231,138,10,11
227,134,11,12
224,132,11,12
221,132,10,11
220,132,9,10
218,135,10,12
222,134,12,12
230,122,11,16
230,112,11,13
214,109,12,11
204,117,12,11
196,137,12,11
199,149,12,12
204,152,12,12
205,148,12,12
201,142,12,12
197,135,12,12
203,114,11,11
202,97,10,14
213,94,10,12
222,98,11,13
227,107,11,13
230,115,11,12
233,121,11,12
237,126,11,12
240,131,12,13
248,135,12,12
258,135,13,13
268,135,14,13
276,132,13,12
284,126,13,12
285,116,13,12
279,108,13,11
268,116,13,11
271,122,13,11
280,121,12,10
286,111,12,10
284,97,12,11
272,90,12,11
261,94,12,10
260,102,12,10
260,113,11,9
276,103,11,12
279,112,11,13
278,122,10,13
268,127,13,15
259,130,13,15
252,129,12,14
248,127,12,14
253,127,10,11
257,128,11,12
259,132,11,12
256,135,11,14
249,138,11,13
240,143,11,12
230,145,12,12
218,147,12,12
206,142,13,13
194,131,12,14
182,119,12,14
172,114,12,11
165,106,10,11
154,101,10,11
145,104,10,12
141,111,10,12
139,120,10,13
144,133,10,13
153,144,15,13
170,152,13,11
187,153,13,12
204,149,13,12
216,138,12,12
219,123,12,12
210,114,12,12
202,117,12,12
199,124,11,12
202,132,10,12
206,138,11,13
211,140,11,12
219,138,11,12
226,133,11,12
234,129,11,12
240,125,13,13
246,120,13,13
253,115,13,13
258,112,13,13
263,109,12,12
268,105,11,11
269,101,11,11
269,99,11,11
267,98,10,10
264,99,9,9
259,103,9,9
256,104,10,11
257,105,10,11
256,104,9,10
256,104,9,10
256,104,9,10
256,104,9,10
256,104,9,10
255,103,10,12
254,106,10,12
255,112,10,12
256,116,10,13
257,122,11,13
258,127,11,12
260,129,11,12
262,124,11,11
263,117,11,11
264,110,11,11
263,102,11,11
261,95,11,11
254,89,12,12
246,85,12,12
237,83,12,12
230,85,12,12
221,90,12,12
214,99,11,11
212,108,11,11
201,121,11,12
201,134,11,12
207,143,11,12
215,151,13,12
227,154,12,12
237,155,12,12
247,152,12,12
253,144,13,13
258,136,12,12
263,129,11,11
266,120,12,12
268,114,12,12
269,109,10,11
270,106,9,10
271,109,8,9
264,102,9,11
261,102,10,12
258,105,9,11
253,108,8,10
246,116,11,11
244,119,11,11
244,120,11,12
244,122,10,11
244,125,11,12
247,129,9,12
247,136,10,11
248,142,11,13
247,145,10,12
243,145,10,12
239,143,10,12
237,139,9,11
239,131,11,12
244,118,10,11
259,101,13,12
277,97,14,11
294,106,11,14
289,126,14,16
271,141,16,13
252,146,15,12
241,144,11,12
231,142,11,12
227,141,11,10
228,139,13,12
235,137,14,12
247,134,15,11
263,123,14,14
264,99,13,16
243,77,17,14
218,64,17,11
192,58,16,10
166,62,16,10
146,69,15,11
127,81,13,12
113,95,13,12
105,110,11,16
104,129,9,15
107,145,9,15
112,158,10,14
119,169,12,11
127,174,12,11
135,177,12,11
141,173,12,11
146,162,12,13
149,149,12,13
152,137,11,12
155,127,10,11
160,117,9,12
161,110,10,12
163,105,10,12
166,102,10,12
169,100,9,11
171,100,9,11
173,101,9,11
177,104,9,12
177,107,10,13
180,115,10,13
182,123,9,12
186,133,9,12
188,144,9,12
193,150,9,12
198,152,9,12
203,155,8,11
204,153,10,11
203,148,10,11
197,142,9,10
187,134,10,11
177,126,10,11
166,121,10,11
156,119,10,11
145,116,10,11
136,115,10,11
124,117,12,11
116,119,12,11
109,123,11,10
106,128,10,9
106,135,10,9
107,140,11,11
111,147,11,11
115,154,11,11
121,160,11,11
128,164,11,11
135,166,11,11
142,160,11,11
147,151,11,11
152,140,10,12
156,129,10,12
160,121,10,12
164,114,11,12
167,109,11,12
172,106,10,11
177,105,9,10
178,108,9,10
183,106,11,11
187,110,9,11
190,116,9,11
194,122,10,13
197,130,10,13
201,141,10,13
206,155,9,12
209,166,9,12
213,181,9,12
209,203,9,8
221,217,8,11
224,234,8,11
224,243,9,14
218,247,10,13
214,250,10,11
209,251,9,10
209,251,9,10
200,251,9,10
191,243,12,12
184,231,11,12
178,215,12,14
174,195,11,15
172,174,9,15
173,151,8,14
176,130,8,12
190,122,8,10
193,123,9,12
192,129,10,12
188,134,10,12
184,138,9,13
178,145,10,13
174,153,10,14
169,162,11,13
165,172,11,13
161,178,10,12
160,182,9,11
158,185,9,11
157,185,9,11
156,178,11,13
157,171,10,12
153,168,9,11
158,162,8,10
156,153,9,12
153,145,10,12
149,136,9,11
143,127,9,11
130,114,11,12
121,112,10,11
109,104,10,11
98,104,10,11
84,104,10,11
70,108,10,11
58,107,10,11
47,102,10,11
35,91,10,11
30,83,10,11
26,65,10,11
34,59,10,11
48,54,10,11
52,57,10,11
52,60,10,11
31,63,10,11
16,98,10,11
24,125,10,11
12,191,10,11
47,221,10,11
77,242,10,11
92,251,10,11
147,251,10,11
178,242,14,11
202,227,14,13
227,214,13,12
246,193,13,12
263,184,13,12
275,164,13,15
279,147,9,15
276,129,11,15
271,114,12,15
264,100,12,14
254,90,11,12
239,80,13,12
221,76,13,11
201,75,16,11
185,81,13,12
180,91,8,13
178,103,10,13
181,112,9,12
182,117,9,12
182,121,10,12
182,124,10,11
181,124,10,11
180,126,9,10
175,125,10,11
169,124,10,11
161,123,10,11
153,122,10,11
142,120,13,13
134,116,12,12
128,114,12,11
123,110,12,11
120,108,11,10
119,103,11,10
118,102,11,10
115,103,11,10
115,105,10,9
117,107,9,8
119,113,9,8
123,115,9,8
125,119,9,10
127,119,8,12
124,121,9,11
119,122,9,10
112,121,9,10
105,116,9,10
102,102,11,12
106,89,9,12
113,78,12,12
125,74,12,9
136,73,13,11
146,77,12,12
154,84,11,13
157,94,10,14
157,106,9,11
147,115,12,11
137,117,12,11
128,114,12,11
119,111,11,10
116,107,10,9
107,101,10,9
104,98,10,10
104,94,10,11
108,93,10,11
113,93,9,10
120,97,10,11
128,104,11,13
140,117,10,10
149,127,12,14
163,137,14,12
178,132,13,11
187,112,9,16
179,97,13,14
166,90,12,10
151,91,12,12
144,103,10,12
146,109,10,11
152,97,10,12
160,89,13,11
174,90,14,13
186,102,10,16
182,122,11,14
165,135,13,11
146,135,15,12
133,128,12,12
122,121,11,11
119,112,10,11
118,106,10,11
118,100,9,11
119,97,9,11
121,95,9,11
122,95,9,12
124,98,9,12
127,102,8,11
130,109,9,9
131,114,11,11
134,119,10,11
135,118,9,11
135,111,9,11
138,99,9,11
143,88,13,13
154,83,13,11
166,83,12,10
175,87,12,11
182,95,10,12
183,105,9,12
175,116,12,11
166,122,12,11
158,126,12,11
149,129,11,10
143,129,10,10
136,128,10,11
133,126,10,12
130,125,10,11
130,123,10,12
131,121,10,11
133,121,10,11
136,121,9,11
138,122,11,12
141,125,11,12
144,130,10,12
147,135,11,14
150,144,10,12
153,154,10,13
156,165,10,14
158,176,11,15
160,189,11,15
164,198,10,14
166,199,9,12
166,197,10,11
165,192,10,11
164,182,10,11
160,168,11,13
159,155,11,13
155,142,11,14
153,133,11,13
150,124,11,13
147,118,11,12
144,113,10,11
142,109,10,11
140,107,10,11
139,107,10,12
137,107,10,12
137,109,10,12
138,113,10,11
139,117,10,11
135,120,10,12
127,125,10,12
119,128,10,13
109,133,10,12
101,131,10,12
95,125,10,12
95,116,9,11
101,104,11,12
114,100,12,12
126,107,12,12
131,119,11,14
132,131,10,13
130,142,11,15
130,154,11,12
130,158,11,12
134,157,11,12
140,152,11,12
148,148,11,12
154,142,11,12
160,132,11,12
164,122,10,11
160,111,9,10
152,116,9,10
155,125,10,11
163,123,10,11
160,107,10,11
166,97,10,12
155,90,9,11
144,85,11,11
137,84,11,11
127,84,11,11
119,86,11,11
113,91,11,11
107,97,11,11
102,105,11,13
97,114,11,12
91,127,10,12
91,134,11,13
98,141,12,13
106,138,12,13
117,128,8,13
117,115,9,12
104,104,12,12
92,107,11,11
84,113,12,13
79,127,11,13
79,141,9,13
81,154,10,12
88,162,11,10
96,161,10,12
98,153,10,12
95,145,10,12
91,126,11,14
93,104,10,16
104,88,12,12
122,82,13,9
140,83,11,12
152,92,10,12
158,103,8,12
161,115,9,11
161,127,9,11
157,131,10,12
153,134,10,12
150,132,10,12
147,126,10,12
149,117,10,12
156,106,10,13
169,104,11,12
180,109,11,10
175,118,11,10
192,129,11,10
197,138,10,13
202,150,9,12
201,149,9,12
199,145,9,12
197,142,8,11
195,141,9,11
193,141,9,11
191,142,9,11
189,142,10,13
188,142,10,13
186,141,10,13
184,140,10,13
183,140,10,13
181,140,10,13
179,140,10,13
178,142,10,13
178,141,10,13
177,141,9,13
176,142,9,12
175,142,9,12
174,142,9,12
173,142,9,12
172,140,9,12
172,135,9,12
172,128,9,12
172,120,10,12
172,112,10,12
173,105,10,12
175,99,9,11
174,94,9,11
174,90,10,12
175,90,9,11
176,89,10,12
177,92,10,11
179,96,10,11
182,104,9,10
183,111,9,10
185,117,9,10
185,119,8,9
185,115,10,11
188,108,9,10
193,98,10,12
196,92,12,12
203,88,10,10
208,85,11,11
213,83,10,11
219,85,10,11
221,87,10,11
219,91,10,13
216,98,9,12
208,102,10,13
202,105,11,11
194,104,12,13
189,104,10,12
185,101,10,12
183,99,10,12
181,97,9,12
180,97,9,11
179,98,9,12
179,101,9,12
180,108,9,10
180,111,10,12
179,115,10,12
177,118,10,13
172,120,10,13
166,122,10,13
156,122,11,13
145,118,12,11
138,112,11,11
138,104,11,11
133,95,11,12
143,94,11,12
149,105,11,13
149,122,10,12
146,132,9,12
146,135,9,12
148,132,9,12
152,121,10,12
153,104,10,13
146,92,12,11
133,93,11,11
125,104,9,13
127,126,8,12
135,138,12,14
148,150,13,13
163,161,12,12
175,161,12,12
184,152,11,12
191,142,11,12
195,133,11,12
197,124,11,12
196,116,10,11
192,109,10,13
186,104,10,13
181,103,9,12
174,103,9,11
165,104,9,11
156,107,10,12
148,111,10,12
147,114,10,12
154,115,11,12
165,116,11,12
175,134,10,11
184,120,9,10
191,121,11,12
196,125,11,12
195,129,10,11
188,131,11,12
178,131,12,12
168,130,12,12
158,125,12,12
151,118,12,12
144,112,10,12
140,106,10,12
137,101,9,11
135,98,9,11
135,96,8,10
135,95,9,10
135,95,10,11
137,98,9,10
138,101,9,10
139,104,9,11
140,109,9,11
141,115,10,12
142,122,10,12
144,129,10,12
146,135,10,12
150,136,10,12
155,135,10,12
159,132,10,13
164,130,9,11
166,126,10,12
168,122,10,11
168,118,10,10
164,112,9,10
158,110,10,11
151,108,10,11
146,108,10,11
137,110,10,11
133,112,10,11
138,111,9,10
145,110,9,10
153,109,9,10
159,109,11,11
166,111,11,11
172,113,11,11
176,115,10,10
184,121,10,10
187,126,10,10
190,130,9,11
188,133,9,11
184,134,9,11
178,133,9,11
174,132,9,11
170,130,11,11
171,127,10,11
171,124,10,12
171,124,10,12
172,123,10,12
172,123,9,11
172,122,9,11
171,123,10,11
170,123,10,11
168,124,10,11
166,123,10,12
164,124,10,12
162,123,10,12
160,122,10,12
159,123,10,12
158,123,10,12
157,125,10,11
156,127,11,12
158,130,9,10
158,132,10,11
160,135,10,11
161,137,10,11
163,139,10,11
163,139,10,12
163,138,10,12
161,135,11,11
159,131,10,11
157,127,10,11
155,120,9,11
152,115,10,11
150,110,10,10
148,107,11,10
149,103,11,10
147,100,11,10
148,99,10,9
148,99,10,10
150,99,10,10
153,100,9,9
157,102,9,11
160,104,9,12
162,108,9,13
161,112,9,11
160,113,10,12
157,116,10,11
154,119,10,12
151,123,10,13
147,130,10,13
145,136,10,13
143,144,9,12
142,147,10,13
144,148,10,13
149,145,10,13
154,143,10,12
160,141,11,12
165,137,11,13
170,133,10,12
172,127,10,12
173,120,9,11
168,113,8,10
165,110,8,10
158,107,10,11
152,106,10,11
147,106,10,12
145,109,9,11
145,114,10,12
147,121,10,12
149,129,10,12
152,138,10,12
160,141,11,12
170,136,11,13
179,129,12,13
182,119,12,13
180,112,12,13
171,109,10,10
162,110,10,11
156,119,10,11
154,124,10,12
153,126,10,12
154,122,10,12
152,115,10,12
151,109,10,12
148,104,9,11
147,100,9,11
144,97,9,11
145,90,9,11
145,94,9,11
146,94,10,12
149,97,10,11
153,99,9,12
158,102,10,12
164,103,10,12
169,104,9,11
173,103,10,11
176,104,10,11
178,105,10,12
179,106,10,12
181,108,9,11
181,110,9,10
180,111,9,12
180,111,9,12
179,112,10,11
180,112,10,12
181,113,10,11
181,114,11,11
183,114,10,11
184,114,9,11
185,113,9,11
185,113,10,12
186,114,9,11
186,113,9,11
186,113,9,11
186,112,9,11
186,111,9,11
185,110,11,12
186,110,10,11
186,110,9,12
187,110,8,11
185,110,11,12
186,110,11,12
185,109,10,11
186,108,9,13
186,110,8,10
185,109,10,12
186,110,9,12
185,112,9,12
185,116,9,12
184,121,10,13
183,126,11,13
182,128,10,12
181,128,10,11
180,128,10,11
179,128,10,11
177,128,11,12
176,130,11,12
175,131,10,11
174,131,10,11
174,130,10,11
173,128,10,11
173,125,10,11
173,123,9,10
173,122,8,9
173,122,8,9
173,122,8,9
173,126,8,9
172,125,9,12
171,126,9,12
171,128,9,12
172,129,8,12
172,130,8,12
172,129,8,12
172,127,9,11
172,124,10,11
173,119,10,11
174,115,10,11
175,112,10,10
177,109,10,10
177,110,10,10
178,110,10,10
178,112,9,9
179,114,8,8
178,118,9,9
178,128,8,9
177,133,8,9
175,137,9,12
173,142,9,11
170,145,9,11
169,146,9,11
170,147,10,10
174,145,10,12
182,143,10,11
192,137,11,12
202,127,11,12
207,112,9,14
204,100,11,12
198,89,11,12
191,85,11,10
183,84,12,11
177,88,11,9
173,96,11,9
172,103,8,9
172,110,9,10
176,117,9,10
181,119,9,10
184,120,10,11
186,120,10,11
186,120,10,11
185,120,10,11
183,120,10,11
180,121,9,10
177,120,9,11
174,120,9,12
170,119,9,12
166,119,10,11
163,118,10,11
161,116,9,10
158,116,9,10
155,116,9,11
151,117,9,12
149,118,9,12
146,122,9,11
142,124,10,11
139,125,10,11
135,128,9,10
131,131,10,10
128,134,9,10
123,134,11,11
120,134,10,10
117,134,9,9
115,135,9,10
113,137,9,10
111,139,10,11
110,142,10,11
110,146,10,11
110,150,10,11
112,155,10,11
114,159,11,13
119,164,10,12
126,168,10,12
136,173,12,11
148,175,12,11
164,176,12,11
179,173,11,10
196,167,12,10
211,153,11,9
222,137,9,15
229,120,9,14
231,102,9,14
230,86,9,14
226,72,8,13
222,59,9,13
219,48,9,13
216,38,9,13
213,31,8,12
209,24,10,12
206,20,9,11
203,18,8,10
199,16,9,11
196,17,9,11
192,20,9,11
189,24,9,11
187,30,9,11
185,43,9,11
188,48,9,11
188,48,9,11
174,70,9,11
171,85,9,11
170,98,9,11
165,117,10,14
166,132,10,14
178,145,10,12
190,156,13,11
209,158,12,10
228,154,12,10
244,140,12,12
254,125,10,12
258,104,10,15
257,87,10,15
254,72,10,15
247,57,10,15
242,46,9,14
235,37,10,10
229,28,10,11
223,21,10,11
217,16,10,11
211,14,10,11
204,12,10,11
198,13,10,11
191,14,10,11
186,18,9,10
179,25,9,10
173,36,9,10
170,37,8,9
160,55,8,9
156,64,7,11
149,77,8,13
143,93,9,12
137,112,9,12
133,127,9,12
132,134,9,12
132,141,9,12
131,145,9,12
129,146,9,11
124,143,9,11
119,138,10,12
114,128,11,13
111,110,10,15
111,92,10,15
115,73,8,15
120,57,8,13
134,45,8,11
144,34,11,11
160,32,10,10
172,37,14,11
185,47,14,12
195,62,11,12
199,79,11,14
199,98,11,15
196,115,12,15
188,130,11,12
178,138,12,12
168,142,12,12
160,144,12,12
153,143,11,11
148,140,11,11
145,134,10,10
145,126,10,11
146,118,10,11
152,108,9,10
159,98,10,12
169,94,10,12
175,97,9,11
187,107,9,11
187,117,10,15
182,130,10,15
169,143,14,13
154,151,14,11
140,148,15,12
134,137,11,14
132,126,10,11
133,111,10,11
138,99,11,14
144,92,11,12
151,86,11,11
158,81,11,11
164,78,12,11
170,79,12,11
176,81,11,11
182,85,11,12
189,91,9,12
194,100,9,12
196,108,11,12
198,115,11,13
199,121,10,12
200,126,10,12
199,130,10,12
198,133,11,13
199,137,10,13
198,142,10,14
199,145,10,13
200,140,11,13
202,131,11,13
206,120,10,13
215,107,10,13
227,99,12,11
240,93,13,11
258,93,13,11
272,101,13,13
273,116,12,14
250,122,16,12
243,103,10,12
253,94,12,12
262,100,11,11
267,109,10,13
265,120,10,13
261,133,11,14
256,145,11,14
250,159,11,13
243,169,11,13
238,179,10,12
232,182,10,12
227,177,10,12
223,172,10,12
218,167,10,12
213,166,9,11
213,166,9,11
199,145,9,11
191,134,10,12
183,126,10,12
169,115,12,12
155,112,12,12
135,101,12,12
119,91,12,12
112,87,12,12
99,75,12,12
97,64,12,12
103,55,12,12
115,49,12,12
128,53,12,12
126,61,12,12
117,63,12,13
86,83,12,13
65,120,11,29
76,171,17,25
103,207,21,22
137,233,21,16
157,246,21,16
197,257,15,2
231,228,12,19
249,213,12,11
276,190,11,10
281,147,9,22
284,118,9,20
274,90,12,18
255,70,14,13
228,55,18,12
203,55,17,10
180,65,16,10
168,82,12,14
160,102,10,17
156,127,10,17
153,152,9,18
151,178,9,19
147,207,9,19
145,229,8,13
144,232,8,13
141,234,9,13
141,238,9,13
140,242,9,13
138,244,9,11
139,244,9,11
138,243,11,10
139,242,11,10
140,241,11,10
141,240,11,10
142,239,11,10
144,238,10,9
146,237,9,10
148,238,9,10
149,239,10,11
151,241,10,12
152,243,10,12
154,246,10,12
156,250,10,11
157,251,9,10
157,251,9,10
157,251,9,10
157,251,9,10
157,251,9,10
167,248,9,10
169,239,10,9
170,225,9,11
171,213,9,11
172,201,10,11
172,192,11,12
173,185,10,10
174,178,11,12
175,174,11,12
177,172,10,9
177,171,10,10
178,171,10,11
179,173,10,11
179,177,10,12
180,183,10,11
181,189,9,13
181,196,10,11
182,201,10,12
183,204,9,12
182,206,10,10
182,206,10,10
182,200,10,11
182,192,10,11
181,183,11,11
181,166,11,16
182,157,10,13
182,146,11,13
183,137,9,11
183,130,10,11
182,123,11,11
183,120,10,11
183,118,9,10
183,117,10,11
183,119,9,11
183,123,9,11
182,128,10,12
182,136,10,12
182,146,10,12
183,158,10,12
183,169,10,12
184,184,11,14
185,199,11,16
186,216,11,16
187,237,11,15
187,250,11,11
187,250,11,11
179,250,11,11
173,247,11,11
167,246,11,12
163,249,10,11
158,251,10,11
158,251,10,11
158,251,10,11
158,251,10,11
147,252,10,9
146,250,10,9
145,242,11,11
145,232,11,12
146,217,10,13
147,201,11,14
149,187,10,13
150,174,9,13
151,162,9,13
151,152,9,13
152,144,9,13
153,137,9,12
154,133,8,11
154,131,8,10
154,129,9,11
156,130,9,11
155,131,10,12
158,135,10,12
160,141,10,12
162,148,10,12
165,156,10,12
165,158,9,11
159,154,9,11
151,148,9,11
137,135,12,14
129,118,11,14
131,97,12,14
148,86,14,13
165,101,13,13
171,128,12,16
152,151,16,13
127,159,18,11
108,159,15,11
95,152,12,11
89,144,12,13
89,138,11,12
99,131,11,12
113,131,14,12
131,136,15,13
154,145,20,12
182,145,19,11
204,116,10,22
200,87,13,19
181,64,16,18
159,54,15,12
134,52,17,11
117,55,14,11
100,63,14,11
91,75,12,14
85,91,10,15
82,110,10,14
82,127,10,17
87,146,11,13
97,157,11,11
107,161,13,12
117,161,13,12
125,159,13,12
133,153,11,12
135,144,11,12
137,134,10,12
136,125,10,12
133,116,10,12
129,110,10,11
122,103,11,12
116,101,11,12
109,101,10,11
103,107,11,12
99,117,10,11
103,132,10,13
111,145,11,14
123,151,12,13
136,154,12,10
146,152,13,12
156,147,11,11
161,139,12,13
162,130,11,12
160,121,10,11
155,109,10,11
149,100,10,11
133,89,12,12
121,90,12,12
112,101,12,13
110,117,12,13
115,132,13,14
129,139,14,12
142,135,13,11
149,127,12,10
149,123,12,10
148,106,10,10
145,99,10,11
142,94,10,11
139,90,10,11
137,89,9,10
134,89,9,10
131,90,10,10
128,94,9,9
124,99,11,10
122,106,10,10
119,112,10,11
116,115,10,12
114,119,9,11
112,121,10,12
111,124,9,12
111,127,9,11
115,124,8,10
121,115,12,12
131,107,10,11
139,100,11,12
149,96,10,9
157,92,11,11
165,90,11,11
172,89,11,11
177,91,11,11
176,94,11,12
171,100,11,12
117,106,11,12
152,106,11,12
144,104,11,12
138,100,11,12
135,97,10,11
134,96,10,11
133,96,10,11
136,97,9,11
137,99,9,11
141,102,10,11
147,103,10,11
155,105,10,10
163,107,10,11
171,107,10,11
177,107,10,11
179,101,11,12
180,92,11,12
179,84,9,12
176,75,9,12
172,71,10,12
169,67,9,11
165,64,10,12
161,64,10,12
158,65,10,12
154,68,11,12
152,74,11,12
154,82,10,14
155,93,10,14
158,105,10,14
159,117,10,16
158,127,10,15
155,135,10,14
151,143,10,13
147,145,10,13
142,144,10,13
136,141,10,13
131,135,10,13
123,130,12,13
118,124,12,13
138,110,7,12
115,110,9,9
114,103,10,10
115,97,10,10
118,94,10,10
122,92,10,10
126,92,9,10
129,94,11,11
132,100,11,11
133,108,11,11
134,117,11,12
135,127,10,12
135,135,10,12
139,138,9,11
144,134,9,11
151,128,11,11
159,123,11,11
170,118,10,10
170,118,10,10
187,115,10,10
193,114,12,12
200,114,12,12
205,117,10,11
201,118,10,13
194,118,10,14
186,117,11,14
178,114,11,13
172,110,11,13
168,104,11,13
167,100,11,13
166,95,11,13
168,92,10,12
170,91,9,11
173,91,9,10
176,93,9,10
181,95,10,10
186,97,10,11
191,101,11,12
196,105,11,12
202,109,11,13
207,115,12,14
211,121,11,13
215,121,11,14
219,122,10,13
223,121,9,12
225,118,9,13
227,116,8,12
228,113,9,11
230,108,9,12
232,106,10,11
234,105,10,10
233,104,10,10
230,100,9,9
222,94,11,12
214,93,11,10
206,92,11,11
197,94,11,11
188,97,11,11
180,102,11,11
171,108,11,11
163,116,11,11
158,124,11,11
156,129,10,12
156,134,10,11
155,137,10,11
154,136,10,10
150,129,11,12
146,125,10,10
141,120,10,10
135,117,11,11
130,116,11,11
125,116,11,11
119,119,11,11
116,123,9,10
110,128,11,11
106,136,11,11
104,142,11,13
106,149,12,13
112,154,11,12
119,157,11,12
125,158,11,12
132,155,11,12
137,150,10,11
141,144,10,12
143,136,10,12
143,128,10,13
144,123,10,12
145,118,10,12
146,116,9,11
146,116,10,11
146,116,11,12
147,119,10,11
148,124,10,12
148,129,10,12
150,136,10,12
149,145,10,14
150,155,9,14
143,164,13,11
131,163,12,11
118,163,12,11
102,159,14,12
87,147,13,14
78,129,12,16
78,108,10,15
83,88,13,15
96,73,15,14
112,67,16,11
129,68,14,11
142,78,13,13
150,97,12,12
154,111,9,12
152,125,10,15
146,140,11,13
137,149,12,12
129,155,12,11
123,154,12,11
120,147,12,11
120,135,10,13
122,122,10,14
122,106,10,14
111,92,13,11
90,89,15,10
73,96,13,16
65,116,11,18
65,139,9,18
76,161,13,13
95,174,16,11
120,179,17,10
142,169,12,16
156,152,12,16
164,135,8,16
163,116,8,16
149,112,12,11
140,113,12,11
138,119,10,11
138,125,11,11
140,128,11,11
142,129,11,12
144,131,11,12
145,132,11,12
145,134,10,11
142,133,11,11
137,128,11,11
132,119,11,13
132,108,10,13
140,95,10,11
153,86,14,12
171,86,14,11
186,95,12,12
197,110,10,14
198,126,10,15
186,142,13,13
168,151,15,13
149,153,14,12
132,147,13,11
119,134,11,14
113,122,10,13
112,108,9,12
115,99,11,10
123,97,11,10
130,101,11,12
133,109,11,12
133,118,9,11
132,121,9,13
131,124,9,13
131,126,9,12
132,123,9,12
133,114,10,13
134,101,10,14
132,89,10,12
123,85,11,11
115,88,11,12
109,96,10,13
109,108,9,12
115,120,10,11
125,127,12,12
139,130,12,12
152,129,11,11
162,125,11,12
170,121,10,11
174,115,11,12
177,112,10,11
177,111,9,10
175,109,11,11
176,111,10,10
175,112,10,10
168,115,10,10
162,116,11,11
154,116,11,11
147,118,11,11
144,119,10,11
145,120,10,11
146,121,10,12
147,123,10,12
148,126,10,12
149,130,10,12
150,134,10,12
151,139,10,12
152,144,9,11
153,147,10,12
156,148,9,12
162,148,9,11
169,149,9,11
177,146,12,13
190,142,12,12
201,128,12,13
209,108,10,16
205,89,11,14
195,76,13,11
181,69,12,10
167,68,12,10
158,72,11,9
151,81,10,9
151,89,9,8
146,104,10,10
147,113,10,12
149,122,11,11
151,126,10,11
149,127,10,11
145,127,10,11
139,126,10,11
131,125,10,11
120,123,9,10
110,118,12,12
101,118,11,11
98,116,11,12
103,113,10,11
107,111,10,11
112,111,11,11
122,112,11,11
133,116,12,12
144,121,12,12
155,127,13,13
169,136,15,12
186,144,15,12
205,150,15,11
224,150,17,13
246,145,16,12
265,135,15,13
280,120,14,13
290,101,13,16
296,84,9,15
292,67,11,16
287,55,10,13
278,43,11,14
266,37,13,12
253,35,13,12
239,38,15,14
229,47,13,13
224,58,10,14
224,70,10,12
225,69,10,12
227,55,9,15
233,46,12,12
242,41,13,12
254,49,12,13
259,63,11,17
260,80,10,16
252,98,11,16
240,115,14,13
229,131,12,15
216,147,13,14
203,164,13,13
190,178,12,14
177,191,12,13
162,206,14,14
152,219,11,14
140,230,13,13
130,238,13,13
121,243,13,13
113,242,12,12
109,238,12,12
105,231,12,12
102,221,11,11
101,211,11,11
102,196,11,14
106,182,9,14
109,166,11,15
115,152,11,16
119,143,11,11
125,132,11,13
132,125,10,11
137,118,10,11
142,113,12,11
148,109,11,11
154,108,11,11
161,108,10,12
167,109,11,12
174,111,11,12
180,114,10,11
184,123,11,12
190,130,11,12
195,139,10,10
199,141,10,12
200,140,10,12
201,139,10,12
200,136,10,12
199,134,10,12
198,133,10,12
196,132,10,12
194,132,10,12
192,134,9,11
189,134,10,12
186,137,10,12
183,141,10,12
180,147,11,11
178,152,11,12
177,158,12,13
179,164,12,13
185,169,12,13
194,173,12,13
206,175,13,12
219,173,14,13
234,167,14,13
248,156,14,14
259,139,13,16
265,122,12,15
266,103,11,14
264,84,11,16
259,67,10,16
253,54,11,14
246,42,10,14
237,33,11,14
230,24,11,14
222,17,11,13
214,12,12,11
205,8,12,12
198,6,12,12
189,5,12,12
181,8,12,12
173,11,12,12
166,17,11,11
159,23,11,11
150,32,11,11
142,43,10,10
139,54,10,10
139,54,10,10
133,79,10,10
114,105,10,10
106,121,10,10
103,131,11,13
103,142,10,13
103,150,11,14
105,156,10,12
108,158,10,12
110,158,10,13
113,156,10,12
115,154,9,11
117,152,10,11
118,151,10,11
120,149,10,11
123,148,10,11
125,148,10,11
126,149,11,12
128,151,12,12
132,152,12,12
137,152,11,11
143,150,11,11
149,147,11,11
156,143,11,11
163,140,11,12
170,135,11,13
177,131,11,12
183,127,11,12
185,120,11,14
186,112,10,13
191,111,9,12
184,106,9,10
183,104,9,10
180,104,11,11
178,106,11,11
178,110,9,11
177,115,11,11
181,119,11,12
186,121,11,12
192,118,11,12
196,113,11,12
199,106,10,12
200,100,9,11
201,100,9,11
199,91,10,12
198,90,10,10
195,90,11,12
194,94,9,10
192,98,9,10
189,103,10,13
187,110,10,13
186,117,10,13
186,119,9,12
183,120,10,12
180,120,10,12
177,121,10,12
177,118,10,12
178,118,10,12
179,119,9,9
179,119,11,11
181,120,11,10
184,121,10,12
186,123,12,12
192,126,11,11
199,128,11,11
207,130,11,12
214,133,12,12
225,135,13,12
238,136,13,12
252,132,14,12
266,125,15,12
279,115,12,14
287,102,12,14
292,91,11,13
291,80,11,13
286,73,10,12
277,69,12,12
268,69,12,12
259,73,14,12
255,80,10,12
254,88,10,12
254,88,9,11
256,78,10,13
263,67,14,12
280,73,14,15
287,93,10,18
280,118,12,16
268,141,13,17
255,162,13,16
236,180,13,13
218,190,15,11
201,191,13,11
186,186,13,13
174,177,12,13
166,163,12,15
161,150,12,15
162,137,9,14
163,124,9,13
166,113,8,10
168,103,11,12
176,100,11,12
185,101,11,12
191,108,10,12
191,119,10,13
184,128,12,15
171,136,14,11
157,134,13,12
144,123,13,14
141,107,9,15
145,93,12,12
159,88,11,11
174,93,11,11
182,106,9,16
166,124,11,9
151,116,13,12
152,101,9,13
161,94,12,11
175,99,12,11
185,111,11,12
189,125,12,14
187,140,11,13
181,151,10,12
175,158,11,12
173,160,11,12
174,163,11,12
178,165,10,11
185,162,13,12
194,151,11,14
197,135,10,13
185,116,13,13
167,115,13,9
159,130,12,11
175,142,14,11
194,133,14,14
198,114,11,13
183,103,13,11
164,105,12,14
152,121,12,17
157,144,11,16
171,158,15,12
190,156,14,11
204,140,10,15
206,126,10,15
203,114,9,12
197,103,10,13
190,96,10,13
182,92,11,12
174,91,11,12
167,91,10,11
159,92,11,12
152,96,11,12
144,101,12,12
138,109,12,12
133,115,12,12
131,122,12,12
132,130,11,11
131,136,11,14
132,146,10,14
134,149,9,13
134,147,9,13
134,144,10,12
134,142,9,11
133,139,10,11
132,138,10,11
132,138,10,11
133,139,10,11
137,139,9,10
149,139,12,12
165,142,16,12
191,150,18,12
220,156,21,12
254,146,18,15
279,116,13,21
279,81,14,22
254,55,20,18
220,45,22,13
185,48,21,13
155,63,13,13
134,80,13,16
123,103,12,20
118,129,9,20
123,154,14,15
142,167,14,12
161,174,14,11
181,176,13,10
197,172,15,13
212,164,14,13
223,153,12,14
229,140,11,13
232,127,10,14
232,115,10,14
232,104,10,14
231,93,10,14
228,86,10,13
224,81,10,12
220,77,10,12
215,77,10,12
210,77,11,11
206,80,11,11
203,86,11,11
202,94,11,11
203,101,11,11
206,107,11,12
209,109,10,11
211,109,10,11
210,108,10,11
209,107,9,10
207,104,9,11
204,100,10,13
201,97,9,13
199,94,9,13
197,91,9,13
196,88,9,12
195,86,9,11
194,83,10,12
194,81,10,12
195,80,10,10
197,81,10,10
197,81,10,10
200,80,10,11
202,79,9,11
204,78,8,10
204,78,11,10
205,78,11,10
206,77,11,10
206,78,10,11
207,79,9,11
207,82,9,13
206,88,10,13
206,94,10,13
206,101,10,13
208,103,9,12
208,105,9,12
209,109,9,12
210,114,9,12
211,115,10,13
213,115,10,13
214,117,10,12
216,119,10,12
219,121,10,12
222,121,10,12
224,120,10,12
226,120,10,11
228,118,10,12
230,116,10,12
230,113,11,12
229,108,11,12
226,104,10,11
223,100,10,11
219,97,10,12
213,97,10,12
208,96,11,13
203,98,11,13
203,98,11,13
192,110,11,12
188,117,11,12
187,121,11,14
189,125,10,13
194,127,11,13
199,127,11,13
205,126,11,12
209,121,11,11
210,112,12,12
209,103,12,12
205,97,12,12
199,92,13,13
193,91,12,12
186,92,12,12
186,97,11,11
194,100,11,11
194,100,11,11
211,101,11,11
218,106,11,11
217,114,10,14
209,124,11,12
200,130,11,12
191,130,11,12
182,127,11,12
176,122,11,12
171,117,11,12
167,112,11,12
167,107,10,11
166,103,10,11
166,102,11,10
168,102,11,11
170,104,11,11
173,106,10,13
174,111,10,14
175,117,10,11
176,123,10,13
177,130,10,14
177,138,10,14
176,145,11,13
176,146,10,12
175,145,10,12
175,141,10,12
174,137,10,12
172,134,10,12
170,133,10,12
168,134,10,12
167,134,10,12
166,135,10,12
167,135,10,12
167,138,10,12
167,142,10,12
168,145,10,13
168,154,10,13
169,162,9,14
168,171,11,15
168,182,11,14
170,187,10,13
173,180,9,12
174,171,11,12
175,161,12,12
178,152,11,12
182,144,11,12
184,137,11,12
188,131,11,12
193,126,11,12
197,121,12,12
205,116,12,12
213,112,12,12
222,110,12,12
230,109,12,12
239,111,12,13
247,114,11,12
256,118,11,13
263,124,11,13
269,128,11,12
270,129,10,11
269,130,11,13
269,133,11,13
269,137,11,13
266,144,12,13
266,152,12,13
265,161,11,14
263,172,11,14
259,180,11,14
254,189,11,14
248,195,11,14
241,203,12,14
234,206,13,14
226,206,12,13
219,200,12,13
213,191,12,13
206,174,12,15
201,153,12,15
201,132,11,14
204,122,11,12
211,118,11,11
215,117,10,10
216,118,11,12
218,122,11,12
220,127,10,11
219,132,11,13
219,139,10,12
217,147,11,13
214,155,11,12
212,161,11,12
207,160,10,11
202,156,11,12
202,155,11,12
202,155,11,12
187,161,11,12
180,158,11,12
171,154,9,10
163,154,9,10
152,151,9,10
126,141,15,10
112,140,15,10
112,140,15,10
112,140,15,10
112,121,15,10
112,110,15,10
115,87,15,10
115,71,15,10
98,61,15,10
98,61,15,10
98,61,15,10
98,61,15,10
127,71,15,10
158,86,19,21
177,121,12,23
181,151,12,24
183,181,11,20
183,202,11,21
182,224,11,20
183,245,11,16
182,250,10,11
182,250,10,11
176,250,10,11
171,239,12,15
169,225,11,15
166,210,11,16
164,192,12,17
163,177,11,16
161,163,11,16
159,151,11,14
158,139,11,14
157,130,11,14
154,122,11,13
152,117,10,12
152,117,10,12
152,111,10,12
152,111,10,12
152,111,10,12
152,111,10,12
152,116,10,12
151,120,11,14
152,127,10,13
153,136,10,13
154,145,10,13
155,154,12,14
159,162,11,12
165,168,10,13
168,174,12,13
174,182,11,13
178,190,12,13
183,199,12,14
188,207,11,13
191,211,12,13
193,213,11,12
193,210,12,13
191,205,12,13
187,193,13,15
181,178,13,15
174,157,12,17
171,130,12,20
175,108,11,18
189,95,13,12
204,93,12,11
211,100,11,12
207,110,13,14
198,121,13,12
187,126,11,11
176,127,12,12
169,125,12,12
165,122,11,11
167,120,11,11
170,119,12,12
176,120,12,12
183,124,13,12
195,129,13,12
211,128,16,12
230,118,15,14
242,101,12,15
243,84,12,16
238,73,12,16
233,71,12,12
227,74,12,12
222,80,12,13
219,89,11,14
218,101,11,14
222,111,11,14
222,118,11,13
224,124,11,13
227,126,10,12
236,121,12,13
252,103,12,14
259,75,11,18
239,57,16,12
219,63,12,15
215,83,12,14
224,95,12,14
224,95,12,14
224,95,12,14
251,114,11,14
257,121,10,13
257,123,12,12
257,124,11,11
256,126,11,12
253,126,12,13
250,126,11,12
247,124,11,12
243,124,12,12
241,123,11,11
238,120,11,12
236,119,12,12
234,117,12,12
233,113,12,12
234,109,11,11
235,104,12,12
238,99,10,12
240,96,10,12
242,94,11,13
245,94,12,12
248,96,11,11
249,97,12,12
251,100,11,12
249,102,13,13
246,102,12,12
246,102,12,12
236,102,12,12
230,95,12,12
226,83,10,12
230,71,10,11
238,61,12,13
251,62,12,11
262,69,12,13
269,80,10,13
268,93,11,14
266,105,10,15
261,116,11,14
257,125,10,13
253,130,11,13
253,134,11,13
256,136,11,13
264,138,11,13
274,137,13,12
288,130,14,14
303,115,13,15
312,97,12,15
312,76,11,16
301,66,12,14
287,65,13,12
278,70,12,12
282,77,12,12
282,77,12,12
286,103,12,12
296,106,12,12
305,106,11,11
310,105,12,13
314,102,11,12
315,98,11,11
314,94,11,11
311,92,11,12
306,88,11,12
300,85,11,12
293,84,11,12
285,83,11,12
277,83,11,12
269,83,11,12
260,85,11,12
253,87,11,12
244,89,13,13
238,92,10,12
230,97,11,13
223,102,10,12
216,102,11,13
209,101,11,13
204,101,11,11
198,100,10,10
198,100,10,10
198,100,10,10
215,92,12,11
222,102,10,16
218,118,11,15
208,129,13,12
199,134,12,10
191,136,12,10
185,134,13,12
185,132,10,12
190,126,10,12
197,120,10,12
197,120,10,12
217,110,10,10
228,107,11,11
238,105,11,11
246,104,10,12
253,104,11,12
259,105,10,11
263,106,10,12
266,108,10,13
268,111,9,12
266,114,10,13
262,119,11,12
258,122,11,12
251,123,11,12
243,124,11,12
235,123,12,13
228,119,11,12
223,114,11,12
231,111,11,11
228,100,12,12
239,106,12,12
243,117,11,13
234,127,12,14
223,132,12,12
216,132,10,12
213,128,10,11
213,124,11,11
217,121,10,10
220,117,10,10
234,111,11,12
246,106,12,13
258,94,11,13
262,82,10,12
261,70,11,13
257,61,11,13
250,55,11,13
242,51,12,13
233,50,12,13
227,53,11,12
220,57,10,11
215,64,10,11
208,73,9,10
213,84,9,10
216,91,11,12
222,95,12,13
225,96,12,13
225,99,12,13
224,100,11,12
220,101,11,12
214,101,11,12
207,97,11,12
208,100,10,11
198,87,10,11
198,87,10,11
210,74,10,11
217,76,12,12
226,82,12,12
231,88,11,11
229,93,11,11
227,100,10,11
224,106,11,12
220,112,11,12
215,117,11,12
209,122,11,12
203,124,11,13
199,126,10,12
196,126,9,11
193,124,10,12
193,120,10,12
195,113,10,12
198,108,10,12
204,103,10,9
207,96,11,11
211,93,11,11
216,90,11,12
220,89,11,12
222,88,10,11
222,87,10,11
218,86,9,10
213,85,9,10
206,84,10,12
199,85,10,11
191,87,10,11
184,92,11,12
177,98,11,12
171,105,11,12
170,110,11,12
172,115,11,13
178,121,11,12
187,122,11,12
195,120,11,12
204,112,11,12
209,102,10,12
206,89,11,13
199,82,10,12
188,81,11,14
180,87,11,14
180,94,11,11
182,90,11,11
189,83,10,10
196,79,12,12
208,82,11,11
214,90,12,14
213,103,12,14
206,112,12,14
198,119,12,14
192,124,12,14
186,126,11,13
183,126,10,12
182,124,10,12
180,122,10,12
183,118,10,12
189,114,9,11
193,110,11,13
200,106,11,13
205,99,10,13
205,90,12,13
203,82,12,13
199,75,11,12
193,71,11,12
188,69,11,12
184,72,11,12
180,80,11,12
180,90,11,12
184,98,10,13
191,107,9,12
194,118,12,14
199,127,11,13
198,127,11,13
198,126,11,13
198,125,11,13
194,121,10,12
188,116,11,13
183,112,11,13
174,108,10,11
166,106,9,10
159,103,11,12
164,104,10,11
172,106,13,13
181,109,13,13
193,114,11,12
197,116,12,12
202,117,11,11
204,118,12,12
206,120,11,11
199,117,12,13
192,110,13,13
183,102,13,13
180,93,13,13
178,81,12,12
182,77,11,11
190,75,11,11
197,77,12,11
204,82,12,11
204,88,11,12
201,93,10,11
201,93,10,11
186,104,11,12
179,108,11,14
175,113,11,14
170,114,10,13
167,115,12,12
166,115,12,12
166,114,11,11
168,110,10,10
171,106,10,11
172,105,10,11
172,105,10,11
177,105,10,11
180,105,11,11
182,106,11,12
185,107,11,12
188,109,12,11
192,112,11,10
194,114,11,11
195,116,11,11
194,116,11,11
194,114,11,11
191,112,10,10
188,110,11,11
186,109,11,11
183,109,11,11
181,109,11,11
178,111,10,10
176,113,11,11
174,117,11,12
173,119,11,12
171,121,11,12
170,122,11,12
170,123,11,12
170,124,11,11
170,124,12,11
171,124,12,10
172,125,12,11
172,126,11,10
171,125,12,11
170,126,12,11
169,128,12,11
168,129,12,11
169,129,11,10
168,130,12,12
168,134,12,12
173,135,12,13
181,135,12,12
189,136,13,13
201,130,13,12
208,117,13,14
212,103,12,14
212,88,12,14
206,78,12,14
200,70,11,13
195,68,11,12
189,68,11,12
182,70,11,11
178,76,12,12
176,86,11,11
174,96,12,14
173,107,12,13
171,120,12,13
169,130,12,13
167,133,12,13
166,134,12,13
165,129,11,12
163,120,13,13
162,109,13,13
160,96,13,13
159,86,13,13
156,78,13,13
153,74,12,12
150,70,11,11
146,70,12,12
145,74,12,12
148,80,12,13
151,90,12,14
156,102,12,14
161,115,12,14
167,129,14,16
178,142,13,15
192,151,14,12
209,151,15,13
224,148,16,13
238,141,16,15
249,129,13,15
250,115,13,15
243,98,13,16
228,88,15,11
207,80,17,11
185,81,17,10
170,88,18,12
160,98,15,12
151,110,14,12
146,120,13,12
143,129,13,13
142,134,12,13
144,128,12,13
146,121,12,12
149,114,13,12
153,109,13,12
154,104,13,12
158,102,12,11
161,102,11,10
162,102,13,11
162,101,13,11
155,97,13,11
149,93,12,10
141,91,13,11
138,89,12,10
124,92,12,10
120,102,12,10
119,102,12,10
109,102,12,10
91,104,12,10
78,95,12,10
65,83,12,10
54,65,12,10
49,53,12,10
51,47,12,10
59,48,12,10
63,54,12,10
65,60,12,10
53,61,12,10
22,81,12,10
24,122,12,10
6,176,21,23
48,219,27,20
117,225,26,19
135,243,26,19
173,224,18,20
216,188,18,20
218,135,11,26
218,88,11,26
194,57,17,20
160,41,22,13
126,38,20,10
100,45,15,14
80,66,15,17
68,91,12,20
65,120,8,22
74,150,15,16
100,165,19,13
132,168,19,11
161,154,16,14
183,132,12,18
192,109,9,18
187,91,12,14
176,81,12,12
159,80,16,11
147,84,12,13
138,95,11,13
134,107,10,11
135,122,10,13
140,131,10,14
145,136,11,11
149,138,11,12
152,138,11,12
154,139,10,11
157,141,10,12
159,143,10,12
160,144,10,12
161,141,10,12
161,138,9,11
161,133,10,13
162,130,9,11
162,126,10,12
163,122,8,10
163,119,7,9
159,114,11,11
157,112,9,10
155,112,10,11
151,112,11,12
148,115,11,12
147,118,10,11
145,121,10,11
145,122,10,11
144,119,10,11
144,119,10,11
144,119,9,10
143,119,11,12
142,120,10,11
144,120,9,10
143,121,10,11
144,122,9,10
145,123,11,11
147,123,10,11
151,124,9,12
154,122,11,12
159,119,11,12
164,111,11,12
167,102,11,12
167,91,11,12
165,82,10,11
162,75,11,12
159,71,11,11
157,67,11,11
155,66,11,10
153,67,11,9
150,67,11,12
148,72,10,11
148,78,10,11
147,87,10,12
150,99,10,11
151,108,11,12
154,115,11,13
157,123,11,13
161,131,10,14
165,138,10,14
168,140,9,13
169,136,9,12
170,132,9,12
170,126,10,12
170,121,9,11
170,117,9,11
165,110,10,11
160,105,10,11
154,104,10,11
148,103,10,11
143,103,10,11
141,105,10,11
144,109,10,11
145,114,12,12
148,121,11,11
154,124,11,13
162,122,11,13
171,118,12,13
177,112,12,13
184,99,10,13
180,88,12,14
173,79,11,13
162,79,11,14
158,92,10,12
162,98,10,12
169,100,10,12
169,105,9,11
163,110,9,11
160,113,10,12
157,118,10,12
155,122,10,12
154,124,11,13
153,123,11,13
152,124,11,13
150,124,11,13
146,118,10,12
142,106,11,14
143,90,12,15
151,78,13,12
166,77,13,12
177,87,13,14
178,104,13,14
171,118,10,11
161,122,12,13
153,123,11,12
147,122,11,12
143,121,10,11
140,120,10,12
137,118,11,12
137,116,11,12
138,115,11,12
138,115,10,11
139,115,10,11
139,116,10,12
138,117,11,11
138,115,11,11
139,113,11,11
140,110,11,11
140,108,11,11
141,109,11,11
143,108,10,11
144,108,10,11
146,109,10,11
147,110,10,11
149,111,11,12
150,114,11,12
152,117,11,12
154,118,10,11
155,114,11,11
155,104,11,11
153,93,12,12
150,82,12,14
145,76,12,13
137,78,11,12
131,83,10,12
127,92,10,13
128,108,9,12
129,118,13,14
140,128,13,15
152,135,14,11
164,134,13,13
172,129,13,14
180,124,12,12
184,119,12,12
183,112,11,12
178,107,11,12
174,102,11,12
167,99,11,13
159,98,11,11
152,101,11,11
144,101,11,13
137,105,11,13
134,109,10,12
139,109,11,13
146,108,12,13
153,107,12,13
160,107,12,11
167,109,11,10
170,111,10,9
178,115,10,13
177,120,10,13
172,124,10,13
166,129,10,13
159,130,11,13
153,130,11,13
150,128,12,12
150,126,12,11
150,123,12,12
151,122,12,11
153,123,12,10
156,123,12,11
159,123,11,10
161,123,12,11
163,124,13,11
164,124,11,10
161,121,11,11
156,117,12,12
152,113,12,12
145,109,12,12
142,104,12,12
140,100,11,11
137,97,11,12
135,96,11,12
133,92,11,12
134,101,10,10
135,103,10,12
142,106,12,13
151,110,12,11
158,109,13,12
165,108,12,11
169,105,11,10
169,105,11,10
167,97,11,10
162,95,11,10
159,93,11,12
153,93,10,11
148,95,11,12
142,99,11,12
136,105,11,12
131,110,11,12
130,112,11,12
135,110,11,12
142,108,11,12
149,108,12,13
156,110,12,13
165,115,11,12
170,120,11,12
173,124,12,13
171,127,11,12
166,127,10,13
159,126,10,12
151,122,12,12
146,117,12,12
140,109,12,12
136,105,12,12
134,100,11,11
134,98,10,10
135,97,10,10
137,96,9,9
139,96,10,10
143,100,10,10
147,102,11,12
151,107,11,12
156,111,12,13
160,114,13,13
168,119,10,12
171,120,12,13
172,116,12,12
172,110,12,13
169,104,12,13
169,102,11,12
168,102,10,11
166,102,9,10
164,102,10,12
162,104,10,13
161,109,10,13
158,115,10,13
155,121,10,13
152,127,11,13
150,131,11,12
147,128,10,11
145,119,11,13
143,108,11,13
143,99,11,13
142,91,11,13
141,85,11,13
138,81,11,13
135,77,10,12
130,77,10,12
125,78,10,12
118,82,10,12
112,87,10,12
108,91,11,12
106,97,11,12
107,102,11,13
112,105,11,13
119,106,11,13
127,105,11,13
137,103,11,13
147,103,10,12
156,102,11,12
165,102,11,11
172,104,12,12
180,108,12,13
182,111,13,13
184,115,10,12
179,119,11,12
172,123,12,12
165,125,12,11
157,121,12,12
150,117,12,12
145,111,12,12
143,105,11,11
141,98,11,11
141,94,10,12
142,91,10,13
145,91,9,12
148,91,8,11
149,93,9,12
151,96,10,12
152,102,9,12
149,106,10,11
145,111,10,11
139,115,10,12
132,117,11,12
125,113,11,11
119,109,11,11
119,96,10,12
122,90,12,12
131,90,12,12
140,100,11,11
146,113,11,11
148,121,11,13
150,124,10,12
150,121,9,11
151,112,10,11
147,98,11,12
134,94,12,10
125,101,12,13
125,120,12,13
135,131,13,14
149,140,14,16
167,150,14,14
181,154,13,12
191,143,10,15
196,134,11,15
199,124,11,15
199,114,12,16
198,108,11,15
192,103,11,15
186,101,10,13
178,99,12,13
168,101,11,12
160,103,11,13
151,107,12,13
148,111,11,12
153,112,11,13
162,111,11,13
162,111,11,13
178,112,11,13
184,115,11,12
189,118,11,11
194,122,10,13
189,125,11,13
179,125,13,13
170,125,12,12
160,123,12,12
153,118,12,12
147,113,11,11
144,108,11,11
143,103,11,11
145,100,10,10
147,99,9,9
151,99,10,12
151,101,11,12
152,101,11,12
155,100,10,11
160,100,10,11
163,99,10,12
165,99,9,11
162,97,10,11
159,97,10,11
155,100,10,11
150,101,12,12
148,105,12,13
148,108,11,12
148,109,11,12
149,112,11,12
150,113,11,12
152,113,10,11
153,114,10,12
154,114,10,11
153,114,10,11
151,111,11,13
150,110,11,13
150,111,10,12
149,111,10,13
150,112,11,12
150,114,11,12
153,116,11,12
155,117,11,12
158,119,12,13
162,119,11,12
166,117,11,12
169,117,11,13
171,116,13,13
173,118,12,12
175,121,11,11
174,121,11,12
173,120,11,12
169,117,13,14
167,115,12,13
166,116,9,11
161,116,11,12
159,114,11,14
158,114,11,12
156,113,11,12
154,112,11,12
152,111,11,12
151,111,11,11
151,110,11,12
151,111,11,11
151,110,11,11
150,109,11,11
150,108,12,11
151,108,11,12
151,108,10,11
150,105,11,13
149,105,10,12
148,102,10,11
144,98,11,12
142,97,10,11
138,96,11,12
137,96,10,13
135,97,10,13
132,101,10,13
134,100,10,13
131,115,10,11
133,118,12,13
138,122,12,13
144,124,12,13
150,126,12,13
155,126,12,13
157,121,12,13
156,109,12,13
149,95,12,13
137,88,12,13
123,93,11,16
119,112,10,15
127,130,13,15
142,136,14,12
155,126,10,14
158,117,9,12
157,106,11,12
154,99,11,12
153,94,10,11
148,90,11,12
146,88,10,11
142,87,10,12
139,88,11,12
136,92,10,11
133,96,10,13
131,101,11,13
129,106,10,12
127,110,11,12
126,113,10,11
127,114,11,12
127,115,10,11
128,117,11,12
129,117,10,11
131,114,10,12
133,107,10,12
138,100,9,11
143,90,9,13
147,83,10,13
151,79,10,13
155,75,11,12
160,74,11,12
164,74,12,12
169,77,11,11
173,80,11,13
173,84,10,12
170,84,9,11
165,92,11,12
159,93,12,13
154,94,12,13
150,93,13,13
149,91,12,12
148,91,12,12
146,91,11,11
147,92,10,13
148,97,10,12
148,102,10,11
149,108,11,14
150,112,11,13
150,116,11,13
151,125,11,12
152,129,11,12
152,129,11,11
151,128,12,12
152,129,11,11
153,130,12,12
154,131,12,13
155,132,12,12
157,127,12,12
159,125,11,11
161,124,10,10
163,120,10,11
163,119,9,10
163,119,9,10
163,119,9,10
150,108,12,12
144,108,12,12
136,107,13,13
130,109,13,13
127,111,12,12
128,109,11,11
130,104,11,12
129,96,11,13
127,91,12,13
125,86,12,12
123,84,12,12
121,83,11,11
118,84,12,12
117,87,12,12
124,86,12,12
119,99,11,11
122,105,13,13
129,110,13,13
137,112,12,12
145,113,13,12
151,113,14,12
160,113,12,12
166,114,12,12
166,114,12,12
166,114,12,12
171,116,12,12
168,113,12,12
163,106,12,12
159,97,12,12
156,88,12,12
159,84,11,11
165,83,11,12
170,85,12,12
174,89,11,13
175,98,10,12
175,108,10,12
166,118,11,13
159,123,11,14
157,125,10,14
161,127,10,13
168,128,11,13
179,127,13,12
191,111,10,17
186,91,13,16
170,82,15,11
155,83,12,14
149,95,9,16
152,111,12,12
161,118,13,10
174,116,12,13
181,112,12,13
183,108,11,12
179,104,11,12
174,100,11,12
169,97,11,12
164,98,11,12
159,100,10,11
154,103,11,13
150,109,11,13
149,118,11,13
150,129,11,13
154,139,11,13
159,145,11,13
161,147,12,15
163,151,12,12
165,152,12,14
168,155,12,14
168,149,11,13
169,143,10,12
168,137,10,12
168,133,10,12
165,126,10,12
164,123,10,12
153,117,10,11
144,116,11,12
139,114,11,12
131,116,11,12
127,117,10,11
128,116,10,11
128,117,11,11
130,117,12,12
131,116,12,11
133,112,12,11
133,107,12,11
134,103,12,11
134,101,12,11
132,101,13,11
133,102,11,10
134,105,11,10
134,100,13,10
134,117,13,13
136,124,13,13
143,123,13,13
150,122,13,13
158,120,11,13
164,120,11,10
166,118,11,10
167,114,11,10
167,114,11,10
170,119,11,10
170,120,11,11
163,116,12,12
157,105,12,13
156,93,14,13
166,88,14,12
178,92,12,14
181,106,12,13
172,116,12,13
161,118,12,13
153,113,12,13
145,108,12,13
142,105,10,11
141,104,10,11
144,104,11,12
148,106,11,11
153,110,10,12
157,115,12,13
163,122,11,12
168,126,13,12
174,127,12,13
176,126,12,13
177,124,12,13
178,120,11,12
175,117,10,11
171,113,11,12
169,113,11,11
158,113,11,11
151,114,11,12
144,118,11,11
139,119,13,12
139,119,13,12
142,116,11,11
143,110,12,13
142,101,12,13
137,93,13,12
135,86,10,12
128,82,11,12
122,79,11,12
116,78,11,12
112,80,11,12
111,84,11,12
112,91,10,11
115,96,10,11
124,102,10,11
132,102,12,13
141,101,11,12
149,100,11,12
157,100,11,12
163,101,11,12
170,104,11,12
175,108,11,12
178,113,12,13
178,117,11,12
174,121,10,11
173,126,10,11
167,126,11,15
160,125,12,14
152,119,13,12
149,110,13,12
153,99,12,11
163,95,12,11
173,99,11,11
177,108,9,13
172,120,8,12
159,125,14,14
154,125,13,13
150,124,12,12
144,124,11,11
142,124,10,11
139,127,10,10
138,128,11,11
138,130,12,12
142,129,12,11
146,124,12,13
149,118,11,12
152,110,11,12
153,105,11,12
155,102,11,11
157,100,10,10
157,100,10,10
156,99,10,10
156,99,13,12
156,100,12,12
155,102,12,13
154,106,11,12
152,108,11,13
151,111,10,12
150,113,11,14
149,115,11,13
149,118,11,12
148,122,12,11
148,124,12,12
147,127,12,12
146,131,12,12
145,135,12,12
144,139,12,14
142,140,12,13
143,138,11,12
144,134,11,13
144,128,12,13
145,122,11,13
145,115,11,11
143,110,11,13
142,106,11,13
140,103,10,13
141,102,11,13
142,102,11,13
147,106,10,12
151,109,10,12
155,109,11,12
159,109,12,12
164,110,11,11
164,110,11,11
174,119,10,12
175,118,10,12
173,114,10,12
173,114,10,12
173,114,10,12
173,114,10,12
168,101,10,12
167,97,10,12
166,95,10,12
164,93,10,12
161,92,10,12
160,93,10,12
158,92,10,12
156,91,10,12
153,91,11,13
150,90,11,13
151,90,10,12
149,89,10,12
147,88,10,12
145,87,10,12
144,87,11,12
143,88,11,12
142,92,11,13
141,97,12,13
140,103,12,12
139,110,12,12
142,108,11,11
143,103,11,12
145,99,12,11
148,96,10,10
149,93,11,12
151,93,11,12
153,94,12,11
155,98,12,12
159,104,11,12
165,109,11,14
169,118,12,15
174,128,14,15
182,142,12,13
187,153,12,13
192,158,12,13
194,155,12,13
191,147,13,13
186,135,13,13
180,116,12,15
178,100,11,14
193,94,11,14
198,102,11,15
197,114,12,15
191,128,12,14
185,137,13,16
179,149,14,16
174,159,12,16
169,167,12,16
164,167,12,13
161,163,12,13
158,160,11,12
155,157,11,12
151,156,11,12
147,156,11,12
145,158,10,13
142,162,11,13
137,165,11,13
131,168,11,13
123,169,12,12
112,169,12,12
99,173,12,12
94,169,12,12
85,171,12,12
89,171,12,12
88,167,13,16
80,163,12,12
74,154,12,12
69,141,12,12
61,126,12,12
51,106,12,13
53,97,12,12
62,74,12,12
77,66,12,12
86,64,12,12
86,64,12,12
75,69,12,12
47,81,13,19
31,120,9,28
47,166,20,21
81,196,19,20
117,225,16,17
146,242,15,16
170,245,15,16
198,245,15,16
214,244,13,11
232,235,14,12
248,229,14,12
264,224,14,12
277,214,14,12
287,209,10,9
296,203,9,8
299,199,9,8
303,192,11,11
304,185,10,10
301,176,11,11
297,173,11,11
290,167,12,13
283,166,12,13
274,164,11,12
263,161,12,12
248,159,14,13
233,157,13,12
214,148,14,13
198,129,13,16
192,109,9,16
196,93,12,14
210,88,12,11
220,93,12,11
223,106,11,12
216,119,13,17
193,133,18,13
168,128,17,11
162,105,10,16
162,105,10,16
192,94,14,14
199,113,10,17
183,130,15,12
171,124,12,12
170,107,11,11
178,92,11,11
191,90,14,12
204,101,12,15
208,118,10,14
204,132,11,15
197,144,12,13
193,151,10,13
191,153,10,13
194,154,11,12
201,148,12,13
211,129,10,16
209,105,10,18
190,97,14,10
172,101,13,13
169,113,13,13
178,123,13,11
188,111,10,14
180,97,13,14
165,93,15,11
151,99,15,11
142,109,11,16
141,124,10,15
148,139,12,13
159,146,13,12
168,144,13,12
174,137,12,11
176,128,12,11
177,119,11,12
178,114,11,12
178,108,11,12
178,104,10,11
180,105,10,12
179,105,11,11
179,108,11,11
179,113,11,10
179,117,10,12
178,124,12,13
179,134,11,12
179,145,10,13
179,156,11,13
179,169,10,14
178,184,10,14
179,194,10,14
183,191,9,13
185,181,9,14
187,173,11,14
190,165,10,13
193,160,10,13
196,153,10,13
197,147,10,13
199,141,10,13
201,135,10,13
200,130,10,13
202,126,9,12
203,122,9,12
202,117,10,13
202,113,10,13
201,113,9,10
200,107,9,14
199,107,9,12
196,106,10,13
195,108,10,11
193,110,11,12
190,112,11,12
187,116,12,11
186,118,11,11
184,120,11,13
181,124,10,12
178,126,11,13
174,126,11,12
172,123,10,13
168,119,11,12
165,111,12,11
161,104,13,11
158,92,11,11
150,81,11,11
137,77,12,11
120,82,14,10
105,89,12,14
91,102,13,15
82,118,12,15
82,136,10,15
87,154,11,14
93,172,10,17
98,191,13,16
109,209,12,15
121,224,13,15
134,242,13,15
142,249,12,12
151,246,12,12
158,244,13,10
166,243,13,10
173,237,13,12
176,224,11,12
177,208,11,12
177,195,11,12
177,182,11,12
176,171,11,12
176,161,10,11
177,153,10,11
176,146,10,11
176,141,10,11
175,137,10,13
174,137,9,12
174,137,10,12
173,140,10,12
173,144,10,12
172,149,11,12
173,157,9,10
170,165,12,12
170,173,12,14
169,182,12,14
168,192,12,14
168,203,10,13
168,216,10,16
167,231,10,18
167,244,9,17
168,244,9,17
168,244,9,17
168,244,9,17
168,244,9,17
168,244,9,17
168,244,9,17
154,244,9,17
152,249,9,12
149,243,11,14
148,233,11,12
148,215,11,14
147,198,11,14
148,184,11,14
147,169,11,14
146,156,10,14
146,147,10,12
145,138,10,12
144,131,10,12
143,125,10,12
143,121,10,12
142,120,9,11
143,119,9,11
142,121,9,12
142,125,9,12
142,129,9,12
142,135,10,14
143,143,9,13
141,151,11,15
142,163,9,15
143,174,9,15
142,190,9,15
142,205,9,17
141,222,10,18
139,239,9,17
143,244,8,16
143,244,8,16
143,244,8,16
143,244,8,16
134,234,10,16
133,215,11,17
132,196,10,16
131,168,9,18
136,148,12,14
151,150,12,14
155,151,9,13
155,156,10,13
154,162,11,14
153,167,11,14
151,169,11,14
149,169,11,14
147,166,11,14
147,161,11,14
146,156,11,14
145,153,10,13
143,147,10,13
140,141,10,12
135,134,10,12
126,124,12,14
115,113,11,13
107,107,11,13
103,99,11,13
98,79,11,13
105,63,11,13
110,44,11,13
116,33,11,13
114,38,11,13
110,44,13,16
110,44,13,16
122,45,13,16
128,78,13,16
131,107,11,25
130,151,11,28
130,190,10,23
129,227,9,20
128,250,9,11
128,241,9,11
128,226,8,15
126,210,11,17
126,191,10,18
124,167,10,17
125,139,9,18
124,124,9,11
125,120,9,11
125,124,9,10
125,130,9,10
126,137,9,12
125,142,10,13
125,148,10,14
126,151,9,14
126,152,10,14
127,152,10,13
127,152,11,13
127,149,11,12
127,146,12,12
129,142,10,11
129,138,11,12
129,135,11,12
129,134,11,12
129,134,12,13
130,134,11,13
131,134,10,12
131,134,10,12
132,133,10,12
132,132,10,12
133,134,9,11
132,133,10,12
132,134,9,11
132,132,10,12
131,125,10,12
131,115,10,11
130,103,10,10
130,90,11,12
129,78,11,12
128,72,11,10
128,71,10,9
128,75,10,11
127,87,10,13
129,104,9,11
130,111,11,10
132,97,11,13
133,74,10,16
132,54,11,13
131,44,10,11
130,44,10,11
130,52,10,13
132,68,10,13
127,83,10,13
127,83,10,13
127,83,10,13
146,70,10,13
145,53,10,13
142,53,10,12
140,62,9,13
139,79,8,12
139,107,10,14
140,122,11,11
140,109,10,15
139,79,10,18
138,55,10,15
137,43,9,11
136,44,9,11
136,57,10,13
136,77,10,13
136,77,10,13
146,103,12,9
146,103,12,9
152,76,12,11
152,52,12,11
146,47,12,11
142,47,11,10
135,55,11,14
129,73,10,16
122,92,10,15
117,108,11,13
114,117,12,12
117,109,12,12
121,96,11,11
123,84,11,11
131,58,11,13
137,46,11,10
141,43,11,10
145,43,10,10
145,43,10,10
154,65,10,10
154,65,10,10
154,65,10,10
154,65,10,10
154,65,10,10
162,62,10,14
163,61,9,13
163,61,9,13
163,61,9,13
164,81,9,16
166,103,8,15
168,117,8,13
168,126,10,11
169,119,11,13
168,103,10,12
172,80,10,15
169,64,12,13
166,52,12,13
166,52,12,13
154,52,12,13
154,52,12,13
154,52,12,13
146,97,12,13
146,109,12,13
145,108,12,13
145,108,12,13
148,77,12,13
146,64,11,12
146,64,11,12
143,64,11,12
143,74,11,12
144,87,11,12
144,87,11,12
136,124,9,12
135,132,9,10
133,127,10,11
133,110,10,14
133,88,9,13
133,68,9,16
133,49,9,18
131,38,10,11
129,32,10,10
127,31,11,12
124,33,10,11
121,38,10,12
119,45,11,12
119,54,11,12
119,54,11,12
119,54,11,12
112,94,11,12
113,106,11,12
114,119,11,12
115,128,11,12
117,135,11,12
119,140,11,13
120,142,10,12
122,143,10,12
123,142,10,12
124,143,10,11
124,144,10,11
124,145,12,13
125,149,11,12
126,155,11,12
127,163,11,12
127,171,11,12
128,180,12,13
128,183,11,12
127,178,12,13
126,173,13,15
125,171,12,14
124,166,11,13
122,154,13,15
122,138,12,14
128,126,11,13
121,106,9,13
123,101,9,10
124,103,9,10
123,105,9,10
124,117,10,12
123,124,11,13
125,132,10,12
123,135,10,13
123,131,10,12
122,127,11,13
120,124,11,12
120,123,10,11
119,124,10,10
117,126,11,11
117,125,11,11
115,110,12,12
112,94,12,12
108,68,12,12
107,66,12,12
106,65,12,12
98,55,12,12
89,52,13,12
81,44,12,12
84,37,12,12
89,36,12,12
94,42,12,12
98,50,12,12
92,53,12,12
67,68,12,12
25,90,16,28
22,148,12,26
46,196,19,22
77,223,20,20
108,241,20,20
108,241,20,20
108,241,20,20
108,241,20,20
190,241,14,12
205,233,15,13
222,226,15,13
235,220,15,13
244,215,11,11
248,202,10,10
248,202,10,10
250,187,10,10
249,179,10,11
246,175,10,11
239,169,10,11
230,164,11,13
219,159,12,13
205,153,12,13
190,148,13,13
176,143,13,13
161,138,13,13
148,133,13,13
135,129,13,13
125,126,13,13
113,123,13,13
104,122,13,13
95,123,11,11
93,123,10,10
94,122,10,11
97,122,10,11
107,124,10,11
113,126,11,11
120,129,11,11
126,132,12,12
131,133,11,11
134,136,11,11
135,138,10,10
131,139,10,11
122,139,12,12
111,138,12,12
96,131,14,13
83,115,11,15
81,94,10,17
88,77,13,15
103,71,15,11
121,72,12,9
133,78,14,12
141,90,9,14
141,103,10,15
135,117,10,13
132,122,11,12
133,123,10,11
133,124,10,12
134,125,10,12
136,126,10,12
139,126,11,11
142,126,11,10
144,126,11,11
145,127,10,10
143,126,11,13
139,129,11,13
133,133,10,12
122,139,12,13
111,141,11,12
92,141,12,13
77,127,13,14
69,105,9,19
69,87,9,17
74,70,9,15
82,58,10,13
90,49,12,12
99,44,13,12
110,43,13,12
122,43,12,11
122,43,12,11
136,56,12,11
144,64,11,10
144,64,11,10
144,64,11,10
160,101,11,15
165,118,11,15
166,134,11,14
157,146,12,14
147,157,11,13
133,166,12,11
114,170,14,10
95,168,14,10
74,156,16,15
60,140,14,15
51,120,12,19
46,100,11,18
46,79,10,18
50,63,10,18
55,49,10,17
60,37,10,15
64,26,11,14
70,17,11,14
75,8,10,13
80,4,10,13
85,1,10,10
90,1,11,9
95,1,11,7
99,1,10,7
104,1,12,11
111,5,10,10
116,10,11,13
120,17,11,13
126,26,10,12
126,26,10,12
136,55,10,12
139,69,10,12
136,84,10,15
130,103,10,16
121,123,11,15
103,141,15,13
82,153,16,10
61,154,16,10
40,145,15,12
25,128,14,16
18,110,14,16
17,87,10,18
21,70,8,17
25,55,13,14
33,41,12,14
41,30,12,13
50,21,12,11
58,12,12,11
67,7,13,12
75,1,13,11
83,1,13,10
91,1,13,8
100,1,13,9
109,2,13,9
118,5,12,12
127,11,11,11
135,18,11,11
143,28,11,11
152,40,11,10
159,48,12,16
168,64,10,15
168,80,10,15
167,99,9,14
163,114,10,17
154,135,11,16
139,153,13,12
119,162,15,12
95,159,17,13
77,146,13,15
65,128,13,16
61,105,9,20
61,85,10,18
66,66,10,17
73,51,12,15
80,37,12,15
88,24,12,13
96,15,12,11
105,6,11,10
113,1,13,11
121,0,13,1
121,0,13,1
121,0,13,1
121,0,13,1
121,0,13,1
121,0,13,1
173,1,13,10
181,6,12,10
190,14,11,13
198,25,11,13
206,37,11,13
213,50,12,15
221,65,12,15
224,79,12,15
222,92,12,15
220,107,12,16
216,123,11,18
205,139,13,15
190,152,15,13
173,161,15,11
152,162,17,12
133,153,14,14
116,141,13,15
105,123,12,17
102,103,9,16
101,86,9,16
104,72,9,14
109,57,11,16
115,47,11,14
122,38,11,14
128,30,11,12
134,24,11,12
140,19,11,12
146,16,11,13
152,15,11,13
158,16,11,13
165,18,11,13
170,23,11,13
177,29,11,13
182,34,11,13
182,34,11,13
195,57,11,13
201,71,11,13
200,85,9,13
197,103,8,12
193,120,10,14
182,135,9,14
165,147,13,10
145,149,14,10
127,141,14,12
113,125,12,15
107,105,9,15
105,86,9,15
109,66,10,16
116,49,11,15
126,35,12,15
135,22,12,14
146,11,12,14
156,2,11,13
166,1,10,9
167,0,10,9
181,0,10,9
189,0,10,9
198,0,10,9
203,2,10,9
216,1,10,9
227,0,10,9
246,1,10,9
258,6,10,11
266,14,12,14
277,26,11,13
287,39,10,14
295,54,10,12
297,66,11,14
299,80,10,14
301,94,11,15
302,107,11,16
303,119,11,14
305,123,11,14
306,120,11,13
305,111,11,13
302,100,12,13
296,87,12,13
288,74,12,13
275,63,13,14
259,56,15,14
241,54,15,11
224,58,15,13
209,69,14,14
196,82,14,16
188,102,14,16
175,116,10,13
171,129,10,12
170,138,10,12
170,140,10,12
167,135,10,12
163,125,10,12
159,117,9,11
154,110,10,11
148,104,11,13
150,103,11,13
159,110,15,12
174,118,15,13
187,130,14,12
202,143,15,13
220,151,14,12
239,147,15,13
254,130,12,14
259,110,11,15
252,95,12,13
240,82,13,12
227,75,13,12
213,75,13,12
202,79,12,11
194,86,11,13
193,92,11,13
197,88,11,13
207,77,10,12
221,75,12,12
235,86,12,18
239,110,10,18
230,133,12,18
217,155,13,17
201,174,13,16
182,187,14,13
165,194,13,12
147,194,13,12
137,190,13,12
125,178,12,11
121,169,12,11
120,157,11,13
120,146,11,13
122,138,10,12
122,131,10,12
122,132,10,12
124,121,10,12
126,120,10,10
127,119,10,10
127,120,10,11
128,122,10,10
127,126,10,11
121,129,11,12
116,133,10,11
106,133,12,12
99,128,12,12
96,121,11,11
93,113,11,11
94,107,11,11
99,103,10,10
102,100,11,11
106,99,10,10
110,100,10,10
113,101,11,11
117,106,10,11
121,112,10,11
122,118,11,12
120,125,11,12
115,131,11,12
108,133,11,12
102,129,12,12
99,124,12,12
99,117,12,12
98,112,12,12
99,109,11,11
101,107,11,11
102,107,10,11
103,108,10,10
104,110,10,11
104,115,9,10
103,115,8,9
105,129,11,13
102,135,11,13
97,138,11,13
89,137,11,13
83,133,11,13
82,125,10,12
83,118,11,11
87,111,10,10
89,105,11,11
93,101,11,11
97,98,10,10
101,97,9,12
103,99,9,11
106,101,10,12
110,106,9,11
112,112,10,12
113,120,10,11
112,126,11,11
108,129,10,13
103,129,10,13
100,125,11,12
99,120,10,11
101,113,10,11
105,108,9,10
108,104,10,9
111,103,10,9
114,103,10,9
117,104,9,10
121,106,9,11
123,111,10,11
125,118,10,11
128,125,11,12
128,132,11,12
130,140,10,11
131,145,10,11
132,150,9,10
132,152,10,11
133,152,9,11
133,148,10,10
132,143,10,10
131,135,11,12
131,129,9,12
129,125,9,12
128,122,9,10
127,121,10,10
126,120,10,11
125,122,9,10
128,121,8,9
128,121,8,9
140,129,8,9
143,129,12,11
149,131,12,11
154,133,11,10
157,135,12,10
160,136,11,11
161,137,11,11
161,138,11,11
162,141,10,11
160,142,10,11
158,140,10,11
156,140,10,11
155,140,10,11
152,140,10,12
150,141,9,11
148,141,10,12
145,143,10,13
143,146,10,13
140,151,10,13
138,156,10,13
137,157,10,13
135,154,10,13
134,154,10,13
133,153,10,13
132,154,10,13
131,154,10,13
130,155,10,13
129,156,10,13
127,156,9,12
128,156,9,13
127,157,9,13
127,158,8,12
127,158,9,11
127,158,9,11
127,159,10,11
127,160,10,10
126,160,11,10
126,159,12,10
126,161,11,9
128,161,10,10
128,161,9,11
129,161,9,11
129,161,9,11
129,162,9,10
129,162,9,11
129,163,9,11
129,163,9,11
129,163,9,11
129,164,8,10
128,163,10,11
128,164,10,10
128,164,9,9
127,163,11,11
127,162,11,11
127,162,11,11
126,162,10,12
125,163,10,12
125,163,10,12
125,163,10,11
125,163,10,11
124,164,10,10
123,165,10,10
123,165,11,10
124,167,11,9
124,167,9,9
124,167,10,10
123,167,11,10
122,167,12,12
122,167,11,13
122,167,11,14
122,169,11,11
122,170,11,12
122,170,11,12
122,172,11,11
122,173,10,10
122,174,11,11
122,175,11,11
122,176,11,11
123,176,10,10
123,177,10,10
124,177,10,11
123,177,10,12
124,177,10,12
124,179,10,11
124,180,10,10
123,181,11,10
122,180,11,10
122,180,11,10
122,179,11,10
123,178,11,10
122,178,11,10
122,177,11,10
121,176,11,10
120,175,11,10
119,174,11,10
120,172,11,10
120,170,11,10
119,169,11,10
118,166,11,10
117,163,10,9
117,160,10,10
116,156,11,10
116,152,10,9
115,148,11,9
114,143,12,10
113,137,12,10
113,130,10,10
113,123,11,11
113,117,11,11
114,111,11,11
115,107,10,10
117,103,10,11
118,101,10,10
119,100,10,10
121,100,10,12
123,103,9,11
126,106,8,10
126,116,8,10
126,120,10,12
127,132,10,12
129,139,11,12
129,143,11,12
130,146,10,11
130,150,10,10
129,153,11,11
129,156,10,10
128,159,11,12
128,162,10,11
127,165,11,11
126,166,11,11
125,166,11,11
124,169,11,11
124,172,11,11
121,179,11,12
120,186,12,12
120,197,10,12
118,206,11,14
118,218,11,13
118,228,10,12
118,222,10,12
117,212,12,12
117,202,12,12
119,192,10,12
121,176,9,13
122,157,10,14
128,135,10,16
138,122,11,11
151,121,10,10
167,115,10,10
178,114,12,12
189,115,13,13
203,118,13,14
216,123,13,14
229,131,13,13
240,139,14,12
256,151,12,11
269,162,13,14
274,170,12,13
265,172,11,12
255,174,10,11
244,180,9,10
235,186,8,9
218,186,11,12
200,187,14,11
175,178,17,13
154,160,15,17
148,138,12,17
154,121,11,16
167,128,10,12
169,134,10,13
168,141,10,13
166,149,10,12
163,155,10,14
159,164,10,15
155,172,9,14
152,178,9,14
147,178,9,14
143,171,8,13
138,163,9,13
134,155,9,12
131,149,11,12
127,145,10,11
124,143,10,12
