632,288,37,35
632,297,43,39
639,301,46,38
654,297,52,39
685,279,54,47
723,237,53,59
745,181,43,66
744,124,43,65
719,82,53,56
686,56,54,46
644,46,47,36
608,52,44,35
576,58,51,41
545,72,52,44
516,92,52,48
505,117,41,43
508,135,41,43
514,152,39,42
526,165,42,41
542,177,42,40
561,184,42,39
577,188,41,36
590,192,40,36
598,198,42,36
609,200,36,36
614,202,34,34
615,204,30,31
614,207,29,30
610,206,29,30
604,205,29,32
596,205,29,31
588,205,28,28
582,200,28,29
574,198,29,30
568,194,29,31
565,191,36,35
562,191,37,37
561,194,38,37
562,202,36,37
563,210,35,36
566,219,38,37
569,226,37,36
575,237,34,38
577,250,34,36
579,264,37,37
574,276,38,39
566,305,37,37
555,333,33,34
535,360,35,30
510,370,47,39
483,381,46,35
455,381,50,36
430,359,48,47
410,334,45,45
398,299,42,48
395,264,41,51
396,235,40,49
404,207,40,45
417,189,42,41
433,179,43,35
449,173,50,34
469,176,47,35
489,185,46,39
511,200,48,42
537,221,41,40
556,238,37,37
565,251,37,37
574,265,36,38
577,282,37,41
577,297,37,39
577,306,36,37
579,302,35,35
579,277,39,41
582,248,36,40
581,224,37,38
581,199,38,43
581,182,37,40
583,173,37,38
593,178,36,40
595,197,41,39
597,212,37,38
594,220,34,38
593,231,34,37
599,239,33,37
602,246,36,34
605,250,35,33
609,254,37,35
610,259,38,35
611,259,39,34
617,258,39,34
620,256,39,33
622,255,38,35
622,256,39,34
626,258,37,33
624,262,40,35
623,267,39,33
622,270,38,33
622,274,37,32
621,273,37,33
620,262,37,37
617,243,40,39
613,207,41,46
612,172,37,47
605,124,37,52
602,92,36,51
596,59,40,49
593,33,39,46
589,11,40,44
584,1,38,33
579,1,41,20
575,1,40,13
570,1,38,12
561,1,39,19
555,1,41,32
547,9,41,44
539,32,41,44
530,62,41,48
521,96,42,52
510,136,42,56
497,178,43,59
479,222,46,55
458,260,49,56
441,302,49,59
436,348,41,49
443,375,44,43
460,392,48,42
481,413,47,41
504,433,49,43
529,446,54,45
558,451,53,44
587,460,54,38
616,463,53,36
645,459,52,35
671,444,50,42
695,421,46,45
709,386,44,52
718,349,42,54
722,312,41,52
722,272,41,52
714,236,41,52
702,206,41,49
683,182,45,44
660,166,49,40
639,162,49,35
624,167,45,40
621,184,39,41
621,198,39,35
618,202,40,35
616,201,39,34
618,198,39,35
624,191,41,36
636,179,43,38
651,164,47,40
671,138,44,46
688,96,40,52
686,55,40,55
668,21,47,50
646,2,49,40
623,1,45,26
586,1,51,23
566,1,62,32
548,6,45,44
533,24,43,44
522,42,43,46
524,62,39,41
527,77,39,42
529,96,39,43
530,119,41,46
533,134,41,50
534,166,40,46
531,190,41,36
527,200,41,46
523,231,47,54
521,261,39,38
517,275,40,39
514,293,40,35
514,300,40,35
513,302,40,34
513,302,41,36
513,304,41,35
513,304,41,36
514,304,40,35
515,303,41,35
518,304,42,36
520,306,42,36
521,308,42,35
523,309,43,34
527,311,43,34
532,313,43,35
537,315,44,37
542,320,44,37
545,324,43,36
549,330,42,38
554,337,42,37
559,343,42,36
564,348,42,35
569,352,43,36
574,355,41,35
579,361,40,34
584,366,38,36
588,370,37,36
590,381,39,34
590,388,41,34
585,393,43,38
575,400,44,36
563,403,46,36
547,410,48,34
525,411,50,33
502,407,50,35
478,392,50,43
453,372,50,43
433,347,47,46
415,317,47,47
405,287,44,46
398,258,41,46
394,232,41,47
393,212,40,44
394,196,39,41
400,184,38,37
405,175,41,35
413,172,41,35
422,175,42,35
431,183,42,38
443,197,42,40
455,216,44,45
469,239,39,44
478,258,37,40
487,267,42,41
495,280,42,39
503,289,40,36
508,294,39,35
512,298,38,35
514,300,38,34
515,301,38,34
515,301,37,34
514,303,38,33
514,304,39,35
514,307,38,35
515,311,39,35
517,314,39,35
519,317,38,36
520,314,38,37
520,294,39,46
523,267,39,49
525,231,40,50
525,197,40,50
527,167,39,47
528,138,39,44
530,114,39,42
531,96,39,42
532,85,39,38
532,78,38,37
533,76,39,35
531,78,39,35
530,86,39,38
528,98,39,39
526,116,40,41
524,139,40,46
523,168,39,50
522,199,39,50
523,223,38,40
525,238,37,36
525,248,39,36
525,259,39,36
523,268,38,35
517,270,39,37
502,267,45,35
483,255,47,38
458,243,50,40
431,224,54,43
402,191,53,50
379,142,47,60
370,84,40,62
372,28,42,60
387,1,45,34
388,1,42,32
388,1,42,32
388,1,42,32
388,1,42,32
388,1,42,32
513,4,39,51
512,39,41,52
501,76,45,50
486,109,46,47
471,134,45,43
455,151,45,42
441,162,44,39
433,168,41,36
431,170,41,36
431,174,42,37
432,182,40,38
432,194,40,41
432,204,40,38
431,212,40,36
431,218,40,37
432,225,40,36
435,230,39,36
439,237,41,35
445,242,40,36
453,245,40,35
458,248,42,36
463,250,42,38
466,254,41,35
465,256,42,35
464,259,42,36
466,266,40,39
468,278,39,36
469,284,40,40
470,294,40,36
470,297,40,38
469,302,40,35
468,307,40,36
467,306,40,36
466,297,43,35
472,292,40,37
473,283,40,35
475,277,41,38
477,273,41,37
480,274,42,37
483,278,42,37
486,283,42,37
488,290,42,38
489,301,41,39
489,314,40,41
488,331,41,40
488,343,42,38
492,350,41,38
498,359,41,37
504,368,42,37
511,376,43,38
518,385,43,37
525,394,40,37
531,404,40,38
536,414,42,38
538,426,42,37
543,436,40,37
545,444,42,37
547,447,43,37
553,433,42,45
561,410,40,48
566,373,39,50
570,334,40,51
574,295,39,51
576,263,40,48
580,235,41,46
582,214,40,42
584,196,41,40
586,185,39,38
586,178,43,37
587,176,43,39
588,180,43,39
590,190,41,41
591,205,41,41
594,222,42,47
599,247,40,49
602,278,41,53
606,318,40,48
608,347,42,46
610,368,41,43
612,385,40,40
615,405,38,38
614,418,40,40
615,433,41,40
616,443,40,38
618,439,41,39
621,420,40,43
619,393,40,44
613,361,41,46
607,328,39,56
601,295,41,50
597,281,40,42
590,263,39,41
586,249,39,40
578,243,41,37
571,239,40,36
564,238,41,35
555,240,42,35
546,242,42,34
537,243,43,38
529,247,44,37
520,255,44,38
511,267,42,40
499,284,44,43
488,305,44,44
477,328,43,49
463,357,44,51
451,387,44,45
440,400,43,37
429,399,43,36
417,396,44,36
410,391,42,35
403,380,43,39
397,373,41,39
392,363,42,40
391,351,40,39
391,332,39,42
391,317,41,42
392,305,40,41
393,294,41,39
396,287,40,36
399,279,41,36
401,276,41,36
402,275,42,36
406,278,41,36
407,281,42,36
407,286,42,36
407,293,41,37
408,301,41,36
407,312,40,38
403,325,40,43
402,344,39,42
401,358,40,40
399,361,39,36
393,357,40,36
388,351,42,38
387,351,40,37
382,357,40,38
376,363,41,38
372,369,42,39
369,379,43,40
367,390,41,38
363,391,42,38
363,367,41,43
362,332,41,49
361,291,41,52
361,245,41,52
362,195,41,57
367,171,41,37
367,157,39,38
357,148,39,40
357,143,35,40
360,140,37,41
368,144,42,40
379,146,46,40
412,167,19,26
416,172,18,25
411,182,25,23
422,182,33,31
431,190,34,30
440,193,35,37
447,192,35,38
451,192,32,38
449,189,34,37
447,187,34,39
445,186,33,38
444,182,33,37
443,179,33,38
441,173,33,37
440,168,32,39
438,162,33,40
437,157,34,39
438,150,34,39
436,132,37,39
422,109,41,38
377,79,62,46
288,79,91,58
230,142,60,110
222,278,58,111
262,396,70,82
336,469,71,63
396,516,76,62
460,571,75,49
517,549,67,56
561,506,65,60
604,463,62,61
638,404,53,66
659,346,52,65
677,284,46,67
685,230,45,66
686,179,45,65
674,137,49,58
654,105,52,56
630,89,55,45
604,81,57,41
576,83,56,42
556,102,46,45
538,139,44,48
529,174,42,59
525,217,40,53
520,252,44,43
520,274,44,43
525,292,44,42
535,308,43,37
546,315,44,39
557,321,47,37
572,317,53,41
592,309,54,42
613,277,50,49
633,251,47,43
646,219,45,45
654,188,44,49
653,164,44,49
645,146,45,47
635,134,45,42
612,128,56,38
604,127,50,37
588,128,50,38
572,140,49,38
555,152,52,43
537,170,52,49
522,198,49,48
508,230,47,52
494,263,49,57
487,303,45,55
488,334,45,48
496,355,48,42
507,369,48,40
520,374,48,37
537,369,48,41
548,361,47,39
555,349,48,41
568,342,44,37
574,338,42,34
578,333,43,37
581,329,43,37
581,326,42,37
578,326,43,37
575,327,43,36
569,327,45,35
563,326,44,37
551,325,45,38
544,325,44,37
532,323,45,37
522,322,44,37
515,319,44,37
507,316,44,37
500,313,45,37
494,310,43,36
487,309,43,36
483,309,44,39
481,310,43,38
479,313,44,38
477,315,44,38
477,316,44,38
475,319,46,38
475,322,43,38
474,328,42,38
474,335,42,38
471,343,42,36
463,347,44,36
453,350,46,36
441,352,47,36
424,351,47,37
408,349,45,35
387,333,46,42
369,315,46,42
360,285,46,49
358,254,42,49
355,223,42,50
360,198,41,48
367,178,44,45
376,162,45,42
389,151,47,41
404,149,46,38
420,151,48,37
437,159,48,38
456,173,46,43
476,193,46,46
496,217,50,44
514,238,50,42
532,253,44,42
546,269,42,40
557,281,45,39
567,292,43,38
573,297,42,37
575,291,42,38
573,280,43,38
572,266,42,37
569,250,41,39
560,241,43,36
553,234,42,35
545,233,43,34
541,236,40,35
539,243,40,39
540,252,39,39
537,264,40,36
532,277,40,41
528,294,41,39
526,309,40,38
527,314,39,37
528,313,40,36
531,306,41,36
533,299,42,35
536,292,41,35
539,288,41,36
540,285,43,36
543,282,41,37
547,280,40,37
549,276,42,37
551,277,42,36
553,276,42,35
554,276,42,37
556,277,42,36
559,279,43,37
561,281,43,38
563,285,43,39
563,293,44,38
564,297,44,39
566,301,44,37
566,302,44,38
568,307,42,38
568,312,42,35
567,316,42,38
569,321,42,37
574,325,42,38
579,328,43,37
589,329,40,36
601,327,44,36
622,320,40,36
638,301,38,38
656,267,44,56
669,237,39,56
673,211,42,54
676,178,39,52
670,162,41,42
659,143,43,42
644,130,47,41
629,129,44,35
610,132,48,36
595,138,47,42
579,154,46,42
560,173,46,47
544,201,46,50
541,230,42,40
545,244,40,37
545,253,39,36
543,260,38,34
541,265,38,34
540,269,38,34
539,268,38,33
534,263,39,33
530,256,39,35
526,249,40,35
524,242,39,35
522,235,38,34
517,229,40,35
509,225,43,35
498,222,42,36
489,227,41,36
484,234,41,38
484,243,40,40
487,255,40,39
488,264,41,38
492,268,41,36
493,268,41,35
494,267,41,35
493,266,42,37
492,268,41,37
490,272,42,37
488,278,42,38
490,289,40,42
488,304,41,42
488,311,39,37
489,305,41,36
489,295,42,38
488,286,41,38
486,276,41,37
484,271,41,37
481,270,42,35
477,270,43,35
472,270,43,38
469,275,42,39
465,283,41,37
457,286,41,37
447,286,44,37
439,279,44,37
431,260,43,44
422,239,42,46
415,206,41,53
417,163,40,55
425,118,44,55
438,82,48,51
454,54,49,46
473,41,48,39
491,42,47,40
507,56,45,49
518,85,43,57
525,128,41,61
526,181,39,65
513,230,45,58
499,272,47,51
484,303,47,45
471,322,45,38
457,328,44,34
444,325,44,36
436,318,43,35
429,311,43,36
427,307,41,36
422,304,41,36
419,303,42,36
420,305,42,36
421,307,41,36
421,308,42,36
429,300,42,37
435,293,43,38
444,285,44,36
452,275,43,38
461,271,41,37
468,270,46,36
477,271,43,35
485,271,42,36
494,274,43,36
501,279,43,36
507,283,42,35
512,287,41,35
517,288,41,35
521,290,42,34
525,290,41,34
529,291,41,34
531,290,40,35
533,290,40,36
537,287,40,37
538,286,39,36
538,282,41,36
538,280,41,36
537,276,42,37
537,274,42,38
536,273,42,37
536,271,43,37
536,271,42,36
534,271,43,37
533,276,43,38
535,283,40,37
535,292,40,37
534,300,41,38
534,309,41,38
535,314,42,38
538,317,43,38
543,314,42,38
549,302,46,37
558,275,42,48
567,255,40,49
568,223,44,47
575,200,40,40
572,182,40,39
566,167,40,38
556,161,45,38
549,161,42,35
537,165,44,39
528,174,44,39
519,192,44,40
509,209,44,42
502,223,43,42
498,239,42,40
491,255,43,39
486,267,44,38
483,276,41,40
479,287,42,41
475,303,41,42
474,317,41,39
476,316,40,38
477,319,39,38
478,323,39,38
480,330,39,39
483,337,40,38
484,343,41,38
485,350,42,38
484,355,42,38
484,357,42,37
484,342,42,43
482,316,44,48
481,289,42,48
480,262,41,47
477,243,41,45
473,230,43,42
470,223,42,38
465,221,43,37
462,223,41,36
458,230,41,40
451,242,43,43
448,261,43,44
443,285,43,48
438,313,43,48
434,339,42,45
426,361,43,46
420,385,44,48
415,412,44,50
404,436,48,44
404,453,43,41
399,467,41,40
393,481,41,42
387,496,42,41
385,506,41,37
384,503,41,38
387,487,40,42
390,466,42,42
396,441,42,44
402,419,42,44
407,404,42,41
412,390,43,41
419,381,43,39
426,374,43,38
432,370,43,37
440,365,41,37
446,362,42,38
452,361,43,36
455,359,43,35
458,357,42,36
462,353,41,36
463,349,41,36
462,347,41,36
459,347,41,37
457,351,40,37
452,360,41,37
448,368,41,40
441,381,40,42
431,397,44,43
427,415,41,39
420,421,42,36
412,416,43,36
406,412,42,36
398,413,42,37
390,418,42,38
384,425,40,37
374,434,41,44
366,450,43,42
359,468,42,41
351,488,42,46
342,512,43,45
334,541,43,50
329,572,40,32
329,572,40,32
329,572,40,32
329,572,40,32
329,572,40,32
305,586,38,32
303,577,40,37
300,573,41,36
296,570,42,36
294,562,42,41
295,547,41,45
294,528,41,45
293,505,41,48
291,476,41,51
288,445,41,51
283,409,41,51
276,376,42,51
268,346,42,49
259,319,44,45
252,295,44,44
244,276,43,43
234,265,43,41
225,257,43,39
218,255,41,36
208,257,41,36
196,263,43,39
184,272,45,43
171,285,45,42
157,298,44,41
140,309,46,40
128,317,46,40
117,324,46,38
104,328,45,37
89,330,47,36
71,321,48,40
53,317,46,38
33,315,45,38
16,309,43,38
5,298,50,39
33,282,50,39
55,270,68,33
114,253,75,47
186,217,67,43
234,187,54,50
258,162,49,40
291,160,20,22
293,168,34,22
311,158,45,33
335,158,33,32
333,171,34,33
337,177,35,35
343,188,34,38
349,206,36,38
345,213,42,41
343,214,42,37
334,201,36,41
333,175,24,36
315,183,37,45
278,246,54,122
255,371,42,91
239,487,36,71
234,563,37,50
244,603,35,32
253,623,31,22
258,626,30,21
272,619,31,29
275,576,40,56
283,535,40,56
294,493,41,56
303,447,39,56
309,402,39,58
317,364,38,52
323,331,35,49
328,304,32,36
329,285,31,31
327,275,32,35
314,271,41,38
309,279,40,37
300,293,37,38
288,320,41,46
285,356,35,37
279,384,34,36
274,400,34,36
271,408,34,35
272,406,35,34
272,397,36,37
276,383,36,37
281,360,35,41
287,328,41,48
290,293,39,47
295,271,26,35
304,221,33,38
294,193,36,40
271,183,42,36
251,183,41,33
224,192,46,38
206,215,41,40
197,239,36,52
195,266,35,47
199,285,36,45
202,300,36,42
203,311,36,39
202,319,38,43
200,331,36,40
196,341,37,41
191,350,37,41
185,360,38,40
178,369,40,42
176,375,38,38
172,373,38,38
167,370,39,39
166,366,38,38
165,362,39,38
166,361,39,38
169,358,37,37
170,353,38,38
172,351,38,38
175,349,38,38
178,347,38,39
181,345,39,38
186,342,39,39
189,340,40,39
194,335,38,40
198,331,40,39
204,325,39,39
208,319,38,39
213,314,38,39
216,310,38,39
219,310,38,38
223,309,39,38
226,308,42,39
230,308,38,38
234,306,38,38
239,305,37,37
244,304,38,38
251,304,37,39
253,307,39,38
257,311,38,38
262,316,38,38
268,323,38,40
273,330,38,40
279,337,38,40
283,345,39,39
287,354,36,39
289,359,36,39
289,361,37,39
288,349,39,43
288,320,38,51
288,277,37,56
290,225,37,61
294,180,37,50
296,143,36,53
296,123,40,41
295,121,38,38
291,132,38,46
288,159,39,53
283,200,39,49
278,260,36,49
273,304,37,50
269,343,36,47
269,362,36,40
269,355,37,42
272,337,37,44
277,316,38,46
279,300,37,43
282,283,37,44
284,271,37,43
289,270,41,37
292,270,37,37
295,273,38,38
297,279,37,39
300,287,37,38
303,294,39,39
304,300,38,38
306,300,38,38
308,295,37,37
310,288,37,38
310,279,37,40
309,271,38,39
309,263,37,39
309,257,37,38
310,251,37,38
309,246,37,38
308,241,37,39
308,236,38,39
309,233,38,39
309,231,38,38
308,229,39,39
308,227,39,39
307,225,38,39
306,223,38,39
304,221,39,39
305,219,38,38
306,217,39,38
305,214,39,38
304,212,39,38
306,210,37,38
308,207,38,38
308,204,39,38
309,203,38,38
309,202,38,41
311,203,39,40
310,204,40,39
312,204,39,40
312,205,40,39
314,205,40,40
316,208,40,38
317,209,38,40
317,210,38,39
318,210,40,40
317,211,40,40
315,211,40,40
314,211,40,40
312,210,40,40
307,210,41,39
302,210,39,38
297,210,39,39
290,212,40,39
287,215,39,39
287,218,39,39
283,221,39,39
281,227,40,40
280,234,39,41
282,243,40,42
282,250,40,42
281,258,42,41
282,266,38,39
278,269,39,38
274,268,38,38
270,256,39,43
264,238,40,48
262,213,39,49
259,184,40,52
259,158,40,45
257,135,39,41
255,117,39,43
254,101,39,45
250,94,41,38
247,92,41,38
244,96,43,35
243,103,43,43
240,117,39,42
238,136,37,37
232,167,27,33
230,180,37,44
227,195,39,43
224,207,39,42
222,218,39,41
221,226,39,40
220,232,39,39
219,237,39,39
217,241,40,38
217,243,40,39
217,243,39,38
214,240,40,39
214,240,39,39
212,245,39,38
211,232,38,44
209,207,38,44
208,173,38,52
205,134,39,54
206,96,39,52
206,63,39,49
207,35,39,48
207,14,38,43
205,1,38,37
204,1,38,18
204,1,32,10
193,3,36,12
199,1,32,12
199,1,31,26
197,10,39,40
193,19,38,42
190,41,37,49
187,73,38,50
183,112,39,53
180,154,39,58
179,200,39,63
181,247,40,45
184,269,39,43
184,292,38,42
183,318,40,48
185,343,41,45
189,361,41,43
193,370,41,38
196,369,42,40
200,362,40,40
203,353,41,39
206,346,41,39
207,340,42,40
209,335,41,40
212,327,42,41
219,312,40,43
222,299,42,43
226,290,42,40
230,282,42,40
236,279,42,39
241,279,42,39
247,279,41,39
253,279,42,39
260,275,43,41
268,269,42,38
276,262,44,39
285,260,43,39
294,260,42,38
304,259,41,39
309,255,43,40
313,250,42,40
318,247,40,39
323,248,41,39
327,253,41,39
330,259,41,39
330,267,42,41
329,275,43,42
327,283,42,42
325,288,41,41
320,290,41,41
315,290,42,41
311,287,42,40
307,283,44,40
304,277,45,41
304,272,44,41
302,268,44,40
303,265,45,40
304,263,44,40
305,260,44,41
308,259,43,41
311,258,42,41
314,259,42,39
317,259,43,40
319,263,42,39
320,267,42,38
323,272,42,41
325,280,41,43
324,291,41,42
322,302,42,42
319,313,43,42
315,321,43,41
308,323,44,41
300,324,45,40
296,319,44,40
290,309,42,42
284,292,43,47
282,270,43,44
282,255,43,44
281,242,43,41
280,234,43,41
279,230,44,41
278,229,44,40
279,226,44,39
280,223,44,39
282,221,44,39
284,219,44,40
285,220,44,39
286,224,43,42
287,228,43,40
289,231,42,39
287,234,42,40
284,238,43,40
282,240,44,40
279,241,44,40
275,242,45,40
273,244,44,40
270,246,43,39
264,251,45,39
258,254,44,38
252,258,45,39
245,264,45,35
241,273,44,35
238,283,42,39
236,293,44,39
236,299,43,40
235,299,43,40
234,295,43,40
232,295,44,41
230,300,44,40
229,297,45,42
233,285,45,41
238,265,44,40
248,233,46,41
256,204,49,44
269,176,47,43
283,133,47,55
310,102,40,43
313,73,37,42
325,54,37,40
334,42,46,41
356,35,42,35
367,35,50,37
388,42,49,40
410,52,44,40
425,63,42,48
438,81,45,44
451,100,45,43
475,119,35,44
487,139,37,44
498,158,41,41
509,176,43,41
518,193,45,38
530,207,37,33
542,213,43,32
551,217,44,35
561,219,46,27
575,225,37,22
582,230,39,23
582,230,39,23
582,230,39,23
600,269,34,32
610,265,34,31
605,242,54,52
628,224,31,73
613,224,53,53
635,221,42,33
652,214,38,34
661,210,38,34
672,209,37,33
691,208,37,33
714,206,36,31
725,196,38,35
713,172,47,42
674,133,58,49
602,117,80,41
518,140,86,82
482,242,50,112
481,375,53,103
511,481,65,76
564,545,72,67
629,598,40,23
680,620,61,71
731,618,53,58
760,579,56,58
790,541,56,58
816,497,56,59
834,445,53,62
850,395,50,62
860,347,50,62
863,302,45,61
853,262,47,59
837,226,49,55
812,200,56,47
785,181,58,42
751,173,58,38
722,175,54,36
693,185,51,44
671,206,47,48
658,241,42,55
651,278,39,50
649,303,40,42
651,322,40,41
652,334,40,40
655,342,42,40
661,349,44,38
670,352,44,37
683,355,47,38
700,352,47,38
723,342,47,40
747,319,50,47
767,286,51,52
785,243,45,62
790,204,44,56
782,162,46,56
758,136,53,46
733,117,52,43
705,105,52,43
670,102,53,42
639,109,53,40
609,120,56,42
587,134,52,44
570,152,50,50
556,174,46,50
545,199,45,50
536,226,44,54
529,255,43,53
524,278,45,42
525,294,42,40
526,303,43,38
527,309,44,36
529,310,44,36
534,311,42,37
538,310,44,38
543,310,44,37
546,309,43,36
550,308,44,36
552,307,43,35
555,305,42,35
558,303,41,36
557,302,44,37
559,303,41,35
558,305,42,37
558,305,42,37
559,304,42,37
561,305,42,36
561,305,41,36
559,307,42,36
556,310,42,35
558,310,41,38
558,313,40,37
556,313,41,37
556,315,42,37
555,317,42,36
555,317,43,35
554,318,44,35
553,318,44,35
552,318,42,36
549,320,41,36
545,321,42,35
540,321,41,35
535,322,41,35
526,325,43,35
520,326,42,35
510,331,45,35
502,336,45,35
495,342,44,38
483,350,44,38
473,359,43,38
464,365,44,38
455,373,44,38
450,379,43,38
448,379,42,38
447,379,42,37
449,376,42,36
452,374,43,35
457,370,45,36
464,366,46,36
475,364,46,37
487,361,46,36
495,357,48,37
506,349,45,36
514,340,44,37
522,330,41,36
527,318,41,37
531,314,40,35
532,309,41,34
531,307,40,34
529,306,41,34
525,305,41,34
520,310,41,35
512,312,42,35
501,317,44,36
492,322,44,39
481,326,43,36
471,328,45,36
462,325,45,36
456,322,44,34
451,315,41,37
444,313,41,36
438,309,42,36
435,309,42,35
430,309,41,36
426,311,43,36
422,313,43,36
416,318,44,37
413,323,43,36
411,328,41,38
405,337,41,39
399,345,42,38
395,351,42,38
389,352,42,37
381,351,42,36
374,344,41,38
367,328,41,43
359,307,42,46
352,278,42,50
350,242,42,53
352,200,42,56
356,161,43,55
366,123,45,53
380,89,47,51
398,61,48,47
417,48,50,39
438,45,48,36
455,52,46,44
470,71,45,48
479,100,42,54
484,138,41,63
487,183,37,62
477,231,43,61
462,278,46,58
443,318,49,52
424,347,49,45
408,365,48,39
395,375,46,37
384,377,45,36
377,377,44,35
374,376,43,36
372,373,43,38
371,368,43,38
377,357,44,40
386,339,44,44
398,314,42,48
406,284,41,53
415,251,43,53
424,215,43,53
431,183,42,53
437,154,42,53
442,129,41,47
441,108,41,44
439,93,42,44
439,82,41,43
438,78,41,39
437,78,41,39
433,83,42,39
432,94,41,41
431,110,41,42
430,130,38,47
428,154,37,46
428,173,39,41
429,186,38,41
434,199,41,39
437,209,40,38
443,217,39,37
447,224,41,37
452,230,40,37
455,236,40,36
454,234,42,35
454,219,42,41
454,189,42,49
454,159,41,49
453,134,39,47
452,112,41,43
452,95,41,43
451,84,41,40
451,77,42,38
452,79,41,36
449,82,42,38
451,90,43,45
456,106,41,47
462,129,42,46
470,149,41,43
477,163,41,40
484,174,40,39
487,183,40,37
491,191,41,37
493,205,40,37
495,209,41,37
496,215,44,37
498,212,40,36
497,202,40,36
491,184,40,38
481,168,40,40
470,159,41,40
462,155,42,36
453,152,42,36
440,154,46,36
431,157,44,36
423,164,44,38
414,175,42,40
404,189,43,43
395,205,43,49
388,230,42,48
383,254,41,41
380,261,42,38
378,264,42,38
381,271,43,38
391,278,44,41
406,287,49,36
424,286,46,35
439,280,46,35
452,272,46,36
463,270,44,34
471,270,46,35
481,272,43,37
484,272,43,37
490,278,42,36
493,286,43,38
498,297,42,37
503,306,43,37
507,315,43,36
511,323,42,37
515,330,43,35
515,338,43,36
516,344,43,36
519,348,42,35
514,348,43,35
507,346,43,34
498,341,44,34
488,337,44,36
480,339,41,36
470,346,42,36
460,346,43,39
455,318,43,48
450,285,44,52
447,247,43,54
443,199,43,61
440,169,41,45
445,141,21,32
410,118,56,62
410,118,56,62
410,118,56,62
432,85,30,40
440,82,30,39
458,99,20,30
432,97,79,57
455,119,38,39
461,134,38,41
471,145,39,42
479,155,39,40
484,162,43,39
488,165,42,39
487,165,41,40
487,164,42,42
487,164,39,41
483,165,38,42
480,167,37,40
475,168,36,42
468,171,38,41
467,173,40,42
465,174,36,37
458,150,40,43
432,103,44,52
331,95,88,45
262,143,68,92
235,280,38,126
248,431,63,105
301,541,70,96
362,642,75,77
420,664,67,56
469,584,61,76
512,507,68,79
555,423,67,80
592,322,47,89
609,217,46,90
611,109,44,94
589,12,58,87
590,12,57,86
590,12,57,86
590,12,57,86
590,12,57,86
590,12,57,86
590,12,57,86
590,12,57,86
590,12,57,86
590,12,57,86
590,12,57,86
35,1,50,70
19,75,46,87
17,169,42,88
23,265,50,61
75,342,69,80
75,342,69,80
75,342,69,80
217,529,67,47
278,554,72,38
346,554,77,38
415,539,79,42
476,513,78,49
536,476,73,54
591,436,73,56
637,387,67,62
676,335,56,62
703,289,49,61
721,243,46,60
729,202,46,59
732,168,45,55
730,137,44,50
722,113,45,50
713,96,45,45
697,89,48,41
677,87,52,41
655,92,52,41
627,104,55,46
601,122,54,52
577,151,54,52
553,190,52,59
535,234,52,61
533,280,42,55
524,313,44,49
514,331,44,42
505,342,44,38
499,347,44,37
494,348,44,37
489,346,44,37
483,344,44,37
477,337,44,38
472,331,43,37
467,327,43,37
462,318,43,40
458,318,42,39
458,318,42,39
462,318,45,39
471,316,50,37
492,299,51,43
524,269,44,36
539,228,44,43
548,188,42,48
550,140,43,53
541,104,46,52
526,77,48,55
503,56,48,44
478,44,52,42
458,40,50,42
436,42,49,37
412,50,52,41
397,68,48,41
382,89,46,49
365,115,45,52
358,150,43,51
356,183,42,53
357,216,44,52
366,242,49,41
380,254,50,40
397,266,46,37
410,270,42,37
419,271,43,40
427,277,42,38
430,284,43,37
429,292,42,36
426,297,42,36
421,298,43,37
413,300,42,36
400,300,44,35
391,298,43,36
382,298,43,36
375,296,42,36
367,290,41,38
361,287,41,37
357,283,41,38
354,281,42,39
355,281,41,35
356,279,41,37
356,278,41,37
358,278,44,38
362,279,42,38
365,282,43,37
369,284,43,39
375,288,41,39
379,293,42,38
383,298,42,37
383,302,44,37
383,305,42,37
380,307,42,39
375,311,44,37
368,313,44,36
357,315,44,37
341,316,48,34
331,309,45,38
318,297,43,42
305,279,43,42
294,256,45,45
291,231,42,45
290,207,40,44
290,187,41,44
295,172,40,39
299,163,39,37
304,160,40,35
311,159,41,36
318,165,41,39
326,175,42,42
333,194,44,43
345,217,38,41
352,245,41,49
359,273,45,49
365,300,44,46
373,318,43,45
382,333,43,39
388,341,43,38
394,346,42,37
399,345,42,37
402,342,42,37
405,338,43,37
406,330,42,39
410,316,42,41
414,297,38,44
416,274,39,48
417,255,42,42
418,239,40,39
418,226,43,39
421,220,40,36
424,216,41,36
426,215,41,38
430,216,43,37
437,221,43,37
444,227,43,39
454,235,42,39
466,244,42,40
477,254,43,40
488,269,46,42
500,284,45,33
510,286,45,36
523,285,41,36
531,274,42,38
540,248,45,45
550,224,40,46
554,186,42,56
555,169,45,47
553,154,45,51
559,141,42,40
559,134,42,40
557,134,42,40
557,137,42,40
557,150,41,38
562,164,35,38
556,192,35,46
560,219,36,49
561,234,41,53
561,248,41,44
562,258,40,43
563,263,39,42
563,266,41,41
566,267,41,38
569,267,41,37
570,267,41,38
569,267,40,39
569,272,39,38
570,273,38,36
569,273,37,35
568,276,36,34
567,276,36,33
565,280,36,33
559,284,40,37
555,287,40,35
552,293,39,34
546,296,41,34
542,299,41,37
537,303,39,37
532,305,42,36
529,306,42,37
525,309,43,38
522,317,42,39
518,326,43,38
517,338,42,40
514,349,43,41
514,362,42,39
514,370,42,38
513,372,42,38
512,363,42,41
512,342,42,46
512,309,41,52
512,273,44,51
513,231,44,53
517,193,46,56
525,151,45,55
527,131,48,44
537,102,44,43
541,83,43,42
548,69,43,41
554,60,42,40
559,59,41,39
562,61,42,39
565,69,42,42
569,82,42,42
573,100,42,48
576,122,42,48
577,151,42,43
575,195,44,48
576,231,43,53
576,276,45,56
566,306,44,55
552,333,46,41
539,343,45,38
525,341,45,38
514,335,44,37
505,328,44,39
498,323,45,39
494,321,46,39
494,323,43,38
494,324,45,39
499,328,46,39
507,331,45,37
519,329,45,36
532,322,46,39
544,303,45,43
550,280,45,48
557,253,42,52
556,224,42,51
551,203,42,44
550,184,43,44
544,172,44,42
536,165,44,41
528,165,44,39
520,167,44,41
511,174,47,41
504,193,43,41
495,210,43,43
481,235,46,45
467,254,49,44
453,268,47,42
437,272,46,38
422,269,47,39
411,264,47,37
407,257,42,39
402,255,42,38
402,254,42,38
406,254,43,38
411,259,45,39
421,260,47,39
438,255,48,39
455,241,52,41
474,223,46,44
489,205,40,42
498,185,46,42
504,173,42,38
510,162,41,40
514,160,40,37
516,161,40,39
515,171,40,39
514,185,40,39
511,200,41,42
509,216,43,43
504,232,43,43
498,247,43,43
492,261,44,39
486,268,43,40
482,273,40,39
476,279,41,41
471,286,42,46
466,305,42,47
462,326,41,47
462,351,44,49
470,376,46,53
482,405,47,52
500,435,51,51
523,459,53,50
554,480,55,48
585,501,61,42
620,511,62,40
657,509,60,40
691,494,61,41
725,470,56,46
751,435,53,53
772,396,48,56
785,357,45,56
789,316,44,54
787,276,44,56
779,244,44,54
763,220,49,49
747,201,51,42
728,188,52,40
707,182,51,40
686,183,50,39
668,197,47,43
655,220,45,51
650,239,43,50
645,261,42,43
638,274,42,41
637,278,41,40
636,289,41,39
634,297,41,39
636,306,41,38
637,310,41,38
638,313,42,37
637,318,40,38
635,322,41,38
633,328,41,38
630,335,41,36
628,338,41,39
627,342,42,39
629,345,41,38
636,344,45,38
650,333,47,38
670,307,50,50
688,263,50,57
704,219,44,54
716,169,41,55
718,128,41,53
713,88,43,52
700,67,46,43
681,49,45,43
658,42,48,42
633,44,51,42
610,51,50,40
586,64,52,46
565,84,50,50
545,111,49,52
534,141,46,52
531,171,45,53
532,204,45,53
544,229,44,46
560,245,46,42
575,251,47,38
587,251,44,38
595,247,43,37
598,241,42,36
597,240,42,35
595,242,42,35
588,247,44,35
581,253,42,36
566,263,43,35
551,266,45,39
532,272,48,37
514,274,47,36
494,277,49,37
476,275,49,37
460,272,49,37
447,265,47,40
435,260,45,40
426,256,45,38
419,252,44,40
415,250,44,40
413,252,44,39
411,254,45,39
417,256,43,41
425,259,43,41
433,261,44,40
441,263,46,40
451,265,46,41
464,279,47,41
474,286,49,43
485,300,48,43
494,311,44,42
497,318,43,41
494,324,43,40
487,331,45,40
476,337,46,40
458,348,51,40
434,362,55,40
408,373,58,40
379,381,58,40
344,388,60,40
311,380,58,45
281,363,58,46
261,334,50,52
252,303,47,51
248,273,42,52
249,245,42,51
258,225,42,45
271,208,47,45
287,201,50,40
307,198,48,38
325,200,52,39
346,207,53,43
372,223,54,49
396,246,55,47
421,272,51,43
446,292,50,43
459,310,46,45
469,334,43,36
490,352,28,39
493,372,28,38
496,393,30,32
498,405,31,32
489,410,37,39
488,421,39,40
487,426,40,41
487,430,41,41
486,436,41,38
486,435,42,41
485,434,41,42
484,438,42,38
484,439,42,37
484,439,41,37
484,438,41,41
483,442,42,38
484,444,40,38
486,445,42,37
491,441,44,40
501,434,48,39
513,416,47,43
530,397,48,44
543,365,50,43
556,329,49,49
567,294,43,48
571,255,43,58
579,236,40,39
578,215,43,42
579,201,42,44
574,194,44,41
572,190,43,41
569,192,42,40
566,198,43,40
565,208,43,39
565,224,43,37
566,242,44,38
564,264,44,43
558,285,44,43
550,306,44,43
541,322,44,39
530,338,44,40
528,353,36,37
513,366,42,40
509,378,39,42
507,394,41,44
506,407,41,41
505,417,43,39
505,422,41,38
502,422,44,38
501,416,43,40
498,394,43,45
496,363,43,47
497,330,42,47
497,288,42,48
500,249,42,48
502,214,42,48
507,186,42,43
510,161,41,43
511,145,43,42
514,132,42,39
516,126,43,39
516,123,43,39
516,127,43,41
516,135,43,44
516,148,44,47
517,168,42,45
514,193,43,57
513,226,41,51
514,253,43,46
517,268,43,44
521,276,42,44
524,280,42,45
528,285,42,44
529,288,42,45
529,296,42,42
531,297,42,39
533,299,40,39
533,301,40,42
533,301,42,41
534,291,42,41
533,270,42,47
531,247,41,44
528,221,42,41
527,186,41,41
524,167,40,44
521,150,41,45
515,144,44,40
508,147,44,39
501,153,44,39
496,166,45,35
490,183,42,37
482,198,43,42
472,222,43,42
462,239,42,39
451,250,41,38
443,258,41,35
439,263,40,34
440,267,38,33
440,272,37,33
440,279,37,34
444,287,37,34
453,297,36,32
463,303,37,33
475,307,38,32
488,303,37,31
499,295,36,30
510,281,33,32
518,264,31,35
523,256,30,30
526,248,31,26
525,241,32,27
527,240,30,26
528,240,29,27
533,243,24,26
530,250,24,25
525,259,27,29
518,263,30,34
513,278,29,28
508,283,28,27
504,284,28,28
503,284,27,27
505,285,28,26
505,283,29,26
508,282,29,27
512,285,27,26
516,286,28,29
516,290,29,27
516,294,29,27
514,296,28,27
506,299,31,27
497,298,28,26
480,286,32,28
467,265,32,33
463,234,31,38
466,202,27,37
471,175,30,37
481,154,30,33
491,141,30,29
503,132,31,26
512,128,32,21
522,130,29,21
530,136,30,24
536,145,28,24
538,160,29,27
536,180,27,31
528,205,31,26
519,222,30,35
510,239,31,33
501,253,30,30
494,261,30,30
490,268,29,26
489,269,28,27
490,270,27,27
490,273,28,29
494,281,26,26
494,282,29,27
496,282,27,26
499,283,27,27
502,284,28,27
503,286,29,26
503,289,31,26
506,290,27,28
509,291,27,28
511,294,28,28
513,297,30,29
514,301,29,28
516,303,28,28
516,306,29,27
517,306,28,27
516,297,29,31
517,284,30,35
519,266,30,33
522,248,29,32
525,232,29,28
529,215,27,27
531,207,26,28
532,199,28,28
534,196,29,27
536,194,29,28
536,195,29,28
537,201,27,27
538,208,28,30
537,219,28,32
536,234,28,35
535,250,28,31
533,262,28,31
529,274,29,32
527,287,28,33
522,300,30,32
517,312,28,29
511,313,29,29
505,312,28,27
498,310,28,28
492,305,29,29
489,293,26,31
485,281,26,31
481,265,26,34
478,253,27,32
476,243,26,30
475,235,25,29
471,228,25,29
470,224,24,28
469,220,26,27
468,217,25,26
466,213,25,25
465,210,25,25
464,210,25,26
463,209,26,27
462,208,25,27
461,208,24,28
461,210,23,26
460,212,24,25
458,213,25,28
456,217,26,28
456,221,25,28
454,225,27,29
449,230,27,28
447,234,27,28
445,237,26,29
441,241,26,29
440,247,26,28
442,247,27,28
446,243,28,29
449,238,28,30
452,229,28,30
455,213,30,34
457,201,29,31
459,192,29,29
462,186,27,27
466,182,26,27
468,181,28,27
470,181,28,29
472,186,28,26
475,189,28,27
478,193,27,27
482,198,27,28
482,206,28,25
488,214,25,22
488,227,24,20
482,221,30,21
486,227,25,25
486,229,24,24
479,232,23,23
458,229,50,37
488,256,23,20
483,255,23,19
477,249,21,22
469,244,20,21
467,239,15,20
461,234,13,22
457,231,15,19
448,230,19,14
435,224,24,47
413,216,47,52
421,214,26,56
409,214,39,57
407,212,28,52
390,205,46,37
390,205,46,37
390,205,46,37
383,199,35,49
383,199,35,49
383,199,35,49
383,199,35,49
377,221,45,55
377,221,45,55
377,221,45,55
377,221,45,55
377,221,45,55
377,221,45,55
377,221,45,55
377,221,45,55
377,221,45,55
377,221,45,55
377,221,45,55
402,225,32,43
418,241,16,15
423,249,20,23
431,262,17,20
437,263,17,24
443,270,17,24
445,274,18,25
446,279,19,23
446,284,21,22
448,286,20,24
451,284,21,29
456,285,20,28
463,287,23,28
467,284,23,28
467,281,25,28
470,279,31,27
469,278,31,28
470,274,27,27
467,270,23,20
460,276,23,18
452,280,20,18
447,283,18,20
445,291,16,17
453,303,16,21
461,317,22,23
467,320,27,25
479,317,21,25
480,308,23,27
478,300,24,25
475,295,20,20
466,288,17,21
462,285,20,21
459,287,23,23
462,297,22,26
465,297,23,27
470,307,22,22
476,305,25,21
474,303,20,21
459,303,25,22
455,306,25,25
458,308,27,23
463,308,22,24
465,308,22,23
471,311,19,22
479,313,18,19
481,318,20,19
484,319,19,18
486,317,25,22
487,314,24,24
489,309,26,23
493,302,25,25
497,295,24,25
500,282,22,33
501,282,23,25
503,278,27,25
507,279,21,25
511,277,21,25
515,278,23,24
519,281,22,23
522,285,21,22
526,291,21,21
532,293,22,20
538,294,20,19
543,294,20,20
549,295,18,22
552,300,19,20
558,307,30,28
559,320,21,23
565,330,21,20
566,333,21,24
569,331,26,27
573,327,25,27
575,320,22,25
577,308,21,22
582,299,22,25
587,297,23,26
596,296,29,17
607,310,17,20
618,324,16,16
622,328,16,18
618,324,27,24
625,323,19,21
631,309,20,24
639,300,20,23
645,296,20,24
650,291,21,25
651,287,22,24
654,290,21,14
659,290,24,16
663,293,20,15
668,303,17,20
669,307,17,23
663,308,23,24
663,307,22,23
668,302,18,21
670,293,18,21
670,287,19,21
670,280,19,19
672,275,18,21
669,273,18,23
665,273,18,20
662,279,20,25
666,293,19,24
663,302,26,23
663,303,25,26
666,302,21,25
670,293,16,20
656,285,26,27
657,280,25,25
652,279,26,25
653,281,25,25
654,285,22,22
656,291,20,21
656,294,23,23
652,299,24,24
645,298,25,25
640,290,25,29
640,282,19,24
639,272,21,26
638,270,21,23
637,268,23,23
636,257,26,30
639,260,21,23
638,257,22,22
638,257,23,24
639,259,20,22
641,257,23,27
647,258,22,26
653,261,21,25
659,267,19,23
663,272,21,27
668,277,20,26
667,283,21,22
670,279,22,27
667,270,25,31
670,268,22,30
669,263,22,28
676,259,17,22
675,255,18,22
674,251,18,22
670,248,17,19
669,241,17,21
671,235,14,17
666,229,14,18
658,223,15,18
654,219,16,18
650,218,17,17
648,215,17,15
641,209,27,22
639,209,26,22
639,211,25,22
637,212,24,23
636,211,26,27
636,211,26,30
638,213,24,28
637,217,25,28
634,217,25,28
636,209,23,28
628,207,40,33
600,166,46,36
547,165,57,40
509,212,39,64
510,296,42,69
544,381,51,64
593,450,52,65
647,523,40,39
669,511,58,53
721,483,44,41
755,460,45,40
791,436,44,39
822,409,43,39
853,382,44,38
883,357,43,37
908,330,36,38
926,303,32,37
937,277,32,37
947,253,29,34
951,232,27,35
952,215,25,32
947,201,26,30
939,193,28,28
926,190,29,25
912,189,31,27
895,195,34,29
881,205,32,31
870,223,31,32
863,244,28,31
858,259,26,30
855,269,25,28
855,275,25,24
854,277,25,26
852,279,27,26
852,282,25,25
849,283,26,25
844,281,26,24
838,271,26,27
831,256,27,30
821,241,27,30
813,231,25,28
800,220,27,25
793,210,26,24
786,201,25,23
778,190,24,23
770,185,25,26
766,183,24,24
762,178,24,27
758,175,24,27
754,174,25,26
752,175,26,25
750,177,26,27
748,184,26,29
745,194,27,31
743,207,26,31
741,222,27,28
740,223,26,27
738,220,26,27
735,217,27,26
734,211,27,27
733,206,26,27
730,204,27,26
728,202,28,26
727,198,28,27
723,198,27,26
721,195,27,26
718,194,26,25
714,193,26,26
710,193,27,25
706,195,26,25
702,197,28,25
700,200,26,26
695,203,26,26
689,209,27,26
685,215,27,28
680,221,27,28
675,230,27,30
672,240,27,30
671,246,27,27
