149,163,81,159
149,163,81,159
148,163,89,159
149,162,89,159
149,162,89,159
143,150,97,175
143,149,97,170
143,149,98,172
143,149,98,169
143,146,99,179
143,149,99,175
143,149,99,175
146,158,104,171
146,155,104,174
144,159,107,168
145,159,107,168
141,162,114,165
141,156,114,175
141,156,114,175
141,156,114,175
140,147,122,183
140,149,125,182
138,145,127,186
135,142,140,186
138,147,142,186
138,147,140,186
138,146,140,186
137,150,150,195
137,150,156,195
137,150,155,195
137,158,171,191
137,158,172,195
137,158,172,191
137,158,172,191
128,154,174,197
119,155,179,207
119,155,180,207
119,155,180,207
87,160,183,206
74,160,183,215
75,160,182,214
80,161,189,214
80,159,197,221
72,159,200,216
72,160,199,215
70,165,215,221
75,167,214,220
76,167,213,219
88,171,225,220
88,173,228,220
92,171,231,220
92,173,230,219
101,171,237,219
108,172,249,235
108,172,248,234
108,172,251,233
107,174,265,230
111,180,271,225
110,179,269,225
114,182,280,221
115,178,297,221
112,175,300,225
112,175,299,224
117,174,306,227
125,172,308,229
125,172,308,228
123,177,328,224
122,176,328,224
123,175,330,224
126,174,326,228
120,176,340,223
121,173,340,228
128,178,335,222
127,177,335,222
113,179,324,232
112,185,316,231
111,185,322,234
99,195,322,231
85,188,319,237
85,188,318,236
89,189,317,235
87,189,301,235
97,194,284,240
99,193,284,239
99,186,266,243
99,186,266,243
109,186,258,238
109,186,258,238
111,179,255,247
117,174,261,242
120,179,257,241
120,177,257,239
158,169,228,244
158,169,231,244
158,169,231,244
239,169,151,242
262,169,122,247
260,169,127,247
260,174,127,242
274,174,118,242
276,174,116,237
276,174,116,237
285,169,121,242
285,169,121,242
285,169,126,242
287,171,122,242
285,168,133,242
284,168,135,242
281,168,139,242
281,168,139,242
278,163,168,243
279,163,175,245
279,163,175,245
290,163,163,241
302,158,147,242
302,158,147,247
302,158,147,247
306,157,146,246
306,156,149,241
306,156,149,241
312,145,149,249
312,145,149,249
319,137,145,261
319,137,145,261
321,125,147,269
319,121,163,272
319,121,163,272
319,121,163,272
305,108,183,286
302,110,188,286
302,110,188,286
301,110,185,286
296,113,189,279
300,113,185,279
300,113,185,279
299,113,193,279
299,113,195,279
299,113,195,279
314,113,219,277
314,122,219,268
314,126,219,262
314,126,219,262
323,126,216,257
319,131,216,257
319,131,216,252
321,131,216,257
337,131,212,255
342,131,215,250
346,136,211,245
346,132,228,250
353,133,237,257
353,133,237,257
353,133,237,252
349,133,254,253
346,135,261,252
346,135,261,252
322,135,280,256
322,135,280,256
322,135,280,256
311,125,291,266
266,122,325,261
261,122,338,261
261,122,331,261
261,122,331,261
253,121,318,263
253,121,318,263
248,121,318,263
247,116,325,263
245,109,332,270
240,104,339,276
240,110,339,270
238,82,338,297
238,80,336,299
245,80,330,299
229,61,361,312
229,61,361,312
229,55,361,321
229,55,361,321
225,55,370,321
225,55,374,321
221,55,376,321
221,55,376,321
221,61,378,315
224,68,367,308
224,68,367,308
231,81,353,295
231,87,353,295
231,87,353,295
236,79,354,307
230,83,361,302
230,89,361,302
230,90,361,301
223,96,376,301
227,93,366,299
224,97,373,299
224,97,373,299
220,103,376,293
213,101,378,293
213,101,379,290
213,101,379,296
197,106,380,284
197,106,372,284
190,106,381,284
180,111,378,284
175,111,378,278
175,111,378,278
175,111,378,278
166,113,386,274
166,113,386,274
166,113,386,279
165,113,387,274
173,113,379,274
165,113,387,274
173,113,379,274
165,113,390,269
165,118,398,269
172,118,388,263
165,118,396,268
172,118,389,263
171,118,391,266
174,117,387,267
173,117,385,264
172,117,386,264
171,116,387,265
168,115,391,271
171,115,382,266
172,115,379,266
172,115,379,266
172,115,371,266
169,118,379,262
172,115,369,267
171,116,368,270
168,115,366,271
169,119,365,267
169,117,365,267
168,119,366,266
161,119,364,268
161,119,364,268
161,119,364,268
159,119,356,268
137,124,363,263
144,124,356,263
144,124,356,266
137,124,352,266
137,124,345,266
137,124,350,266
137,130,329,255
144,135,325,255
144,130,319,261
144,130,319,259
143,135,261,237
148,140,256,241
150,142,255,240
145,137,260,250
160,137,230,239
168,142,226,249
163,137,230,254
177,142,220,258
185,142,211,258
185,142,211,253
182,137,215,258
193,139,202,258
193,139,201,258
193,139,201,258
191,139,201,258
191,139,201,258
188,139,201,258
188,139,199,258
188,139,189,249
188,139,167,249
188,139,167,249
188,139,167,249
188,133,183,268
188,133,183,268
188,133,187,268
186,133,202,268
186,133,213,268
186,133,213,268
186,133,213,268
186,133,232,268
186,133,232,268
181,134,245,267
175,134,265,267
175,134,265,267
172,134,281,267
172,134,281,267
172,135,292,267
169,135,300,267
169,135,300,267
169,135,300,267
164,135,327,267
158,133,336,274
158,131,336,274
148,131,357,274
144,131,358,274
144,131,362,274
144,131,363,274
144,131,363,274
115,131,406,274
115,131,406,274
109,131,417,271
109,131,417,271
100,133,433,271
100,133,433,271
89,133,451,274
89,133,451,274
88,133,451,274
88,133,451,274
79,134,457,274
81,134,457,274
81,134,457,274
81,134,457,274
95,134,438,274
95,134,438,274
95,134,438,272
109,134,426,272
109,134,426,272
109,134,429,272
109,134,430,272
109,134,430,272
125,137,407,261
125,137,407,261
141,137,390,261
146,137,387,261
146,137,387,264
146,137,387,264
157,137,389,264
158,137,389,264
159,137,389,264
164,137,389,264
164,137,389,264
164,137,389,264
165,137,389,264
165,137,405,264
168,132,409,270
168,132,410,270
187,132,402,270
187,132,402,270
203,137,378,265
203,137,386,265
221,131,372,271
238,131,365,274
241,131,357,274
234,131,364,274
249,105,348,301
249,105,347,301
258,105,339,295
267,90,322,317
270,90,319,310
270,90,315,310
276,90,307,310
280,87,285,314
280,88,280,318
286,86,277,314
286,86,266,314
284,86,267,320
284,86,257,314
284,86,256,320
284,86,252,314
284,86,250,320
284,86,250,314
284,86,250,314
284,91,248,310
284,91,248,310
285,91,248,310
285,91,248,310
283,95,250,315
283,95,250,309
283,95,250,315
286,101,246,303
286,107,243,297
291,107,238,297
296,108,231,293
296,108,231,293
303,104,221,298
303,110,221,292
305,100,226,305
305,94,226,311
309,94,222,311
309,91,222,318
338,89,204,319
352,89,200,318
352,89,195,319
370,89,187,319
369,89,195,319
369,89,195,319
369,89,195,319
366,100,196,313
370,97,201,316
370,103,201,310
373,103,209,310
373,110,209,303
374,110,222,300
374,110,222,300
387,115,237,300
393,115,242,300
393,115,242,300
393,115,242,300
393,115,242,300
400,115,239,300
400,115,239,300
400,108,239,300
405,108,234,300
405,108,234,300
405,108,234,288
388,105,251,288
386,105,253,288
383,105,256,288
373,100,266,288
371,100,266,288
361,100,278,288
361,100,278,288
357,100,282,288
357,100,282,288
352,96,287,288
352,96,287,288
341,96,298,288
341,93,298,274
334,95,305,274
315,95,324,274
310,95,329,274
310,95,329,274
310,95,329,274
297,106,342,263
294,106,345,263
294,106,345,263
298,108,341,265
298,107,341,263
313,108,326,260
313,108,326,260
331,108,308,260
338,108,301,260
338,108,301,260
338,108,301,260
355,108,285,260
347,117,293,245
349,112,290,250
343,123,297,232
348,129,292,226
346,129,293,226
346,129,293,226
339,145,300,207
338,149,300,203
338,149,297,203
326,153,282,199
325,157,285,191
319,164,264,176
319,164,267,180
319,167,252,173
317,170,238,166
317,172,238,166
317,172,238,167
307,176,233,163
308,176,232,165
307,176,233,165
307,176,237,162
317,177,231,161
317,177,231,161
317,177,231,161
328,169,219,167
327,169,217,164
327,169,217,164
334,165,205,167
330,165,209,167
330,164,202,171
330,164,202,171
326,160,199,175
326,160,195,175
324,160,195,175
324,160,195,175
311,164,203,173
309,170,202,166
309,170,200,166
307,173,196,160
305,175,194,159
305,175,194,159
305,175,194,159
300,178,188,156
300,178,188,161
300,178,187,161
306,178,174,161
306,178,174,161
306,178,174,161
310,178,174,161
310,178,174,161
310,175,176,161
310,175,176,161
310,175,176,161
314,174,176,161
314,174,176,161
314,174,176,161
318,169,166,161
318,167,164,166
318,167,164,166
318,167,164,166
330,155,150,178
331,152,147,179
331,152,147,179
330,147,146,181
332,147,146,181
332,147,142,181
330,147,144,181
335,140,146,181
335,136,142,182
335,136,144,182
335,136,144,182
338,136,145,182
338,136,145,182
340,136,135,182
338,134,138,182
338,133,138,185
338,133,132,185
338,133,131,185
330,141,135,185
330,141,135,181
330,141,135,179
320,146,144,176
320,146,144,176
316,149,149,174
316,149,149,174
316,149,149,174
308,152,153,174
308,152,153,174
308,152,154,174
303,153,155,174
299,153,155,174
299,153,155,174
296,148,159,179
293,148,163,180
293,148,163,180
293,148,163,180
291,153,177,174
287,153,184,177
291,153,181,174
284,159,193,173
284,158,193,173
277,158,200,173
277,158,200,173
263,159,213,172
257,159,216,172
257,159,216,172
256,159,216,172
255,159,225,172
251,159,238,172
251,159,238,172
244,159,250,172
245,159,251,172
245,159,251,172
245,161,251,172
240,160,261,170
239,160,265,170
239,160,265,170
239,159,265,170
239,155,262,172
238,155,262,172
238,155,262,172
224,152,257,172
214,152,262,172
214,152,265,172
213,152,267,172
198,148,272,172
188,148,276,172
187,148,276,172
178,148,280,168
175,148,281,168
175,142,282,173
175,142,282,173
156,142,295,173
150,141,297,174
150,141,297,174
139,141,302,170
138,141,302,170
134,141,304,170
134,142,303,168
122,136,297,173
120,136,298,173
121,135,295,172
120,135,295,172
112,135,298,169
106,135,300,172
106,133,300,171
101,133,302,171
101,131,302,171
96,131,300,171
96,131,301,171
83,130,298,171
82,130,291,168
81,130,291,168
73,130,288,166
72,130,288,166
70,127,286,169
70,126,286,169
70,121,286,171
74,124,280,168
74,124,280,164
74,124,280,167
70,121,284,170
70,128,284,170
70,128,284,169
71,126,290,176
77,126,290,172
81,129,285,171
75,129,290,171
81,122,273,174
81,124,273,174
75,124,273,174
75,124,264,173
75,127,264,170
74,128,264,170
74,128,263,170
73,128,261,170
74,128,261,170
73,124,259,172
73,124,259,172
75,121,259,172
70,117,254,172
70,117,254,172
70,113,243,172
75,107,241,175
75,106,241,175
75,105,241,179
78,93,229,192
78,92,229,192
78,92,225,192
78,84,217,204
78,84,216,204
76,85,217,204
76,85,217,200
77,94,208,196
81,94,203,195
81,94,203,199
81,94,201,195
82,93,197,198
85,95,183,196
89,91,179,200
91,95,172,196
94,95,165,196
96,95,162,196
93,95,165,196
108,95,139,193
108,95,139,195
110,95,136,195
113,95,134,195
113,96,129,193
113,96,126,193
115,96,122,197
117,107,107,185
116,107,105,189
118,109,105,185
118,109,104,185
114,113,98,182
97,116,115,183
94,113,116,184
79,114,133,189
73,106,139,198
69,106,143,198
69,106,144,198
48,99,150,208
33,92,146,215
33,87,146,228
12,81,163,239
9,76,164,244
1,76,168,244
1,76,167,239
1,66,160,264
1,71,159,259
1,71,162,259
1,71,162,259
1,83,153,253
1,94,160,273
1,98,160,263
9,107,212,264
21,102,213,263
21,107,213,258
21,106,213,258
34,100,212,260
35,100,213,260
35,100,213,260
35,100,228,254
35,96,228,254
35,96,228,256
35,96,228,256
28,82,313,274
28,82,339,274
26,82,346,274
26,82,352,274
26,73,352,284
33,70,354,289
33,70,354,283
48,58,361,296
62,58,340,296
56,58,354,296
57,58,354,296
81,43,347,314
104,31,354,309
103,31,354,303
113,30,347,305
114,30,340,311
114,30,347,305
115,30,344,305
113,30,357,311
113,30,357,306
113,30,357,306
113,30,357,306
109,30,357,306
109,30,357,306
107,30,357,306
92,41,357,301
92,41,357,301
92,41,357,301
92,41,357,301
92,44,347,300
106,50,330,297
106,50,330,297
114,50,327,292
114,50,327,292
114,50,327,292
126,50,313,297
199,44,236,293
199,44,236,293
199,44,234,293
199,44,234,293
215,33,217,302
215,29,217,302
215,31,217,302
236,27,210,304
241,27,210,304
241,27,210,304
241,27,210,304
249,27,203,304
258,19,191,300
258,17,188,301
264,13,178,301
263,13,179,301
308,10,144,295
308,10,141,298
352,15,149,292
356,15,157,292
356,15,153,292
359,15,150,292
359,15,156,291
362,21,156,285
365,21,151,285
372,12,163,285
362,12,167,285
365,12,167,285
365,12,171,285
342,12,185,291
320,21,204,290
320,21,204,290
304,46,217,286
304,46,217,286
299,54,223,286
299,54,223,286
283,75,229,284
283,75,229,284
285,75,229,284
284,75,230,284
274,75,255,284
270,74,261,284
275,74,251,284
263,74,268,284
262,68,277,284
262,74,273,284
262,68,273,284
253,68,283,278
236,68,294,278
238,68,294,280
224,84,287,258
230,84,281,258
225,89,279,249
225,94,279,249
228,108,254,222
228,116,249,207
227,118,247,205
230,118,244,205
218,119,257,206
216,115,258,208
221,115,253,208
219,115,265,208
219,119,272,208
219,119,272,212
219,119,272,212
225,129,280,209
243,141,287,209
243,141,287,205
272,145,292,201
272,145,292,201
284,149,292,197
282,149,295,201
246,118,299,207
214,110,293,207
214,106,293,208
218,110,285,208
208,93,280,216
212,97,279,216
211,97,279,216
200,75,268,233
182,74,272,232
182,79,272,227
182,79,272,227
200,64,266,232
217,66,269,227
217,66,267,232
228,69,262,227
228,69,267,227
242,75,269,230
242,75,269,230
296,96,261,232
319,96,261,232
319,96,256,232
319,97,256,228
368,92,247,233
374,80,250,239
371,80,252,239
390,68,242,241
401,66,232,240
401,66,231,240
401,66,231,240
394,66,229,240
364,70,225,240
363,70,224,240
354,79,222,240
354,79,222,240
354,83,222,235
354,83,221,240
349,83,217,240
347,84,217,235
347,84,216,235
347,79,215,240
339,76,218,237
337,73,216,237
333,73,216,242
332,68,212,241
328,68,210,241
332,68,205,241
332,68,205,241
330,68,203,241
330,68,203,241
330,68,203,241
325,68,205,246
325,68,205,246
325,73,205,246
325,73,205,244
325,73,210,245
325,73,210,244
325,73,210,244
325,73,210,244
314,77,216,240
314,77,216,235
314,77,216,235
301,77,224,233
299,77,224,225
299,77,224,225
299,77,224,225
293,82,229,225
283,87,236,230
283,87,236,230
277,91,241,222
277,91,241,222
277,95,247,220
278,95,247,220
282,94,255,213
275,97,269,209
275,93,269,218
274,93,269,218
270,102,264,205
270,97,260,207
269,97,260,211
273,92,255,203
275,87,250,207
275,87,255,207
275,87,250,207
272,91,260,203
272,95,256,203
270,95,259,203
257,105,270,192
257,105,270,192
254,105,270,192
254,105,270,192
254,108,270,192
267,106,269,192
267,106,269,192
267,106,269,192
275,93,266,192
267,89,265,196
267,89,265,196
268,85,269,196
268,85,272,197
270,84,274,197
270,84,272,197
270,84,272,197
270,79,279,201
270,79,279,201
279,74,276,195
279,74,276,195
279,74,276,195
285,74,274,195
290,71,267,195
288,71,261,195
288,71,261,195
288,67,261,199
287,67,266,199
287,67,269,203
287,67,269,203
287,67,272,203
286,66,271,198
286,66,271,198
286,66,271,198
286,63,266,198
286,67,266,198
284,67,263,198
274,68,252,198
274,68,252,198
274,65,251,200
274,65,251,200
259,70,262,197
249,74,268,185
249,74,268,185
249,74,268,185
240,74,266,184
237,74,267,188
237,74,267,188
230,70,251,189
227,70,246,189
227,70,246,189
225,70,244,189
225,70,225,189
208,70,241,187
208,70,241,187
202,76,236,187
202,76,236,187
201,80,232,183
201,78,232,187
196,85,237,180
196,85,232,183
196,86,227,183
196,86,227,183
191,83,228,182
188,82,220,182
188,82,220,182
188,77,197,186
185,74,198,186
185,74,198,189
185,74,198,189
193,71,185,189
195,71,186,189
195,71,186,189
220,71,176,189
220,71,176,189
226,71,172,189
226,71,172,189
234,71,166,189
234,71,166,189
234,55,164,201
234,55,164,201
234,55,164,201
245,55,144,201
245,55,144,201
254,53,133,204
253,53,128,204
254,53,127,204
254,53,127,204
254,53,125,204
256,53,123,204
255,53,120,204
255,53,121,204
258,53,118,204
257,53,119,204
257,53,119,204
259,53,114,204
259,53,114,204
259,53,114,204
259,53,114,204
262,53,112,200
262,53,112,202
262,53,111,202
264,45,111,210
263,45,113,211
265,45,111,211
265,45,111,211
267,42,109,214
267,42,109,214
270,46,108,210
272,72,109,205
270,68,111,209
272,75,108,213
272,79,110,205
268,92,108,210
268,107,97,210
268,107,99,210
268,107,99,210
263,115,100,206
263,114,100,207
263,114,100,207
265,118,96,207
265,122,96,203
265,126,95,199
265,126,95,199
266,124,93,203
264,124,93,203
264,123,93,207
255,131,93,203
257,132,91,197
255,133,89,202
255,133,91,202
242,129,96,217
234,129,103,217
234,129,103,217
236,133,101,212
232,139,114,206
231,139,123,206
230,139,120,206
218,155,129,194
213,159,137,188
215,157,134,188
215,157,134,188
209,165,138,188
209,165,135,188
209,165,135,189
203,169,138,185
202,169,139,185
196,169,145,185
198,170,143,182
195,166,146,189
192,166,150,182
192,167,150,178
192,166,150,178
190,166,156,178
190,163,156,182
190,163,156,182
187,163,164,179
186,166,162,177
186,166,162,177
186,166,164,177
186,166,163,177
186,166,167,175
186,162,167,182
189,169,166,173
189,169,166,172
189,166,159,172
189,166,162,172
189,167,153,172
189,167,153,168
189,167,153,168
189,167,153,168
172,164,156,171
172,164,153,171
167,163,157,175
157,167,157,172
149,170,160,172
152,170,157,172
149,169,160,172
143,172,160,172
140,173,157,171
140,173,160,171
132,174,150,164
132,174,153,164
128,174,149,164
125,174,152,164
107,171,159,167
99,171,159,167
99,168,159,167
99,168,159,167
99,171,164,170
107,164,164,173
108,167,171,170
102,168,173,172
86,170,190,166
87,167,186,169
88,167,189,169
85,170,189,169
89,173,182,159
86,170,186,162
96,172,181,162
98,172,181,162
94,172,160,159
95,172,174,162
88,172,174,162
88,171,181,162
87,171,181,162
87,171,174,162
83,171,230,162
76,171,239,162
79,171,238,162
77,171,246,162
77,171,231,159
90,171,231,159
92,168,231,162
100,171,165,159
107,171,158,156
103,171,161,158
113,171,168,158
115,174,161,155
115,171,171,158
113,171,178,155
108,168,201,161
112,171,203,158
112,168,209,161
111,169,201,160
132,175,197,153
132,175,178,153
134,175,168,153
135,175,174,153
123,173,246,159
122,176,249,155
122,173,250,158
108,179,248,154
104,176,260,160
107,176,255,160
113,182,201,154
113,182,202,154
116,187,206,154
116,184,206,150
125,191,189,150
129,188,181,153
129,189,177,150
129,186,192,156
125,189,167,153
125,190,157,150
125,191,160,150
121,191,208,153
112,185,204,158
113,188,200,155
113,185,200,158
110,188,211,155
110,192,213,152
113,188,209,158
117,188,201,155
117,189,199,158
121,189,195,158
117,189,206,158
130,189,210,158
135,189,206,158
137,189,206,158
137,189,206,158
145,189,198,158
145,189,202,158
146,189,210,158
146,189,210,158
146,186,236,158
148,186,236,158
148,186,232,161
149,189,230,161
149,189,226,158
149,189,226,162
136,194,224,156
136,197,238,149
128,197,238,152
128,198,210,152
80,203,209,148
58,206,209,148
60,203,209,146
60,203,209,152
29,200,210,155
33,200,214,155
35,202,210,152
48,202,193,154
53,199,188,150
53,199,187,149
53,199,186,148
64,197,185,151
72,192,195,153
72,195,190,152
79,187,219,161
79,187,224,160
78,183,227,165
78,186,226,161
77,178,238,166
85,179,227,162
86,179,226,164
86,178,230,168
97,173,227,172
102,173,225,172
102,176,219,167
108,172,223,170
110,174,228,167
110,174,214,170
108,174,235,169
105,173,240,172
104,172,245,175
104,172,242,174
112,173,233,174
112,173,237,170
117,170,231,179
114,170,235,178
99,165,258,185
93,164,264,194
93,164,267,196
93,164,261,191
65,155,298,216
63,155,303,224
64,156,297,219
56,156,308,218
51,154,313,214
51,154,306,213
52,154,308,212
53,148,312,220
47,147,305,218
46,151,310,214
32,152,316,214
32,152,320,213
45,157,326,209
45,159,319,203
49,168,305,207
28,165,309,206
28,165,308,209
28,165,307,208
74,134,305,217
65,139,304,220
60,139,309,224
46,137,302,224
29,140,301,224
29,140,300,219
29,141,300,216
20,145,299,215
12,146,299,227
14,142,292,230
1,162,307,222
1,162,318,225
1,165,302,229
1,165,302,228
1,157,295,233
1,154,289,232
1,154,288,232
1,154,283,231
3,148,289,238
7,153,294,232
7,148,293,236
24,149,287,230
37,142,286,229
36,142,285,228
36,142,284,232
53,130,295,239
57,130,297,241
57,125,296,244
70,123,277,248
71,121,276,252
79,123,258,247
79,123,263,251
68,122,256,245
60,121,255,244
60,119,260,247
60,119,259,246
40,126,241,234
46,127,235,229
46,127,235,229
68,136,211,211
69,137,210,210
65,137,213,209
69,133,208,216
65,131,207,215
72,130,203,220
68,130,206,219
55,136,195,218
55,136,197,217
49,140,197,217
50,140,196,216
42,143,198,218
42,143,200,213
42,146,200,213
42,145,199,216
39,142,195,221
37,142,194,214
37,143,194,213
45,139,190,222
47,138,188,222
47,138,187,221
47,139,192,220
54,133,184,224
53,132,182,223
53,132,185,222
52,135,185,221
52,135,184,220
57,134,183,219
57,130,184,222
58,133,184,221
58,132,182,220
58,128,184,228
58,132,184,222
57,127,183,224
57,130,182,219
56,130,184,218
54,128,181,217
57,128,178,220
57,128,178,219
57,128,181,221
52,128,181,220
58,129,172,218
54,129,174,217
57,134,170,208
57,134,169,207
46,135,168,206
49,135,165,206
40,134,168,205
29,134,170,205
29,134,171,212
26,134,174,211
14,137,169,212
11,138,168,211
11,138,167,210
3,136,169,213
1,136,170,214
1,136,169,213
1,136,168,212
1,140,163,210
1,139,173,212
1,139,172,211
1,144,175,207
1,144,177,206
13,153,179,193
12,153,182,193
27,161,174,176
35,164,174,171
35,166,175,171
34,165,175,171
56,179,160,148
58,180,160,145
62,180,158,144
66,186,150,136
72,189,146,132
73,189,145,131
73,188,144,130
75,192,138,127
70,192,140,126
70,192,142,126
63,191,142,126
63,191,144,129
59,192,149,128
57,192,151,127
54,192,153,130
53,190,158,127
53,191,158,127
53,191,158,128
53,194,160,122
52,194,163,122
52,194,159,121
50,195,166,120
52,194,163,120
51,194,167,121
51,196,165,118
59,192,158,122
57,193,158,122
57,192,157,122
56,191,159,124
56,191,159,123
60,193,161,121
59,192,159,121
59,196,163,119
56,197,166,115
57,196,166,115
55,195,168,116
58,199,168,118
59,198,167,117
59,198,166,116
73,197,156,119
79,197,151,120
79,194,150,121
79,196,151,121
86,193,148,122
89,193,147,124
90,191,145,125
94,194,146,123
94,193,146,123
95,194,148,121
93,197,152,118
89,192,154,119
91,195,153,118
91,195,152,117
91,196,154,116
94,191,144,121
92,189,139,124
90,191,141,120
72,187,143,122
61,189,142,123
61,188,144,122
60,188,144,121
52,187,146,122
53,190,146,120
53,191,148,119
60,191,144,119
60,191,143,118
65,188,145,123
65,188,144,124
79,183,145,128
87,181,141,131
87,181,139,130
87,181,141,129
93,177,145,130
93,176,143,129
91,176,146,128
86,169,145,132
86,167,148,131
83,168,149,132
82,168,150,131
94,160,158,141
95,161,162,141
95,160,165,144
97,162,164,140
100,162,163,139
103,162,169,139
102,162,165,139
110,161,165,139
112,159,165,139
112,159,165,139
111,158,165,139
120,159,169,144
119,159,166,143
125,159,159,146
121,160,161,145
118,160,165,145
119,166,168,138
119,166,166,137
116,164,170,140
117,165,170,137
116,165,169,139
115,162,176,143
115,164,175,142
115,165,182,142
114,165,181,141
113,165,187,141
114,167,191,138
114,167,189,140
114,166,190,139
110,166,195,143
109,163,199,144
108,163,201,143
107,167,203,142
101,167,209,141
101,167,209,140
103,167,210,139
99,174,218,133
98,173,212,136
97,175,216,133
89,173,213,136
92,177,214,135
91,179,217,134
91,177,217,135
87,178,219,134
81,180,220,136
81,180,219,137
86,180,213,138
70,188,220,134
63,189,221,133
63,189,220,132
58,188,226,137
56,184,219,143
56,184,220,139
56,186,218,138
63,185,223,137
72,184,219,137
68,184,220,136
72,186,222,136
72,186,221,135
68,183,232,135
69,186,231,134
82,185,230,136
84,183,227,135
85,180,226,137
85,183,228,136
99,181,220,138
107,181,218,140
107,181,217,141
113,181,220,140
114,184,221,139
114,180,218,141
114,183,220,137
119,183,218,139
120,185,217,135
119,182,220,137
123,184,219,138
125,181,217,140
126,182,218,138
127,183,217,137
142,182,212,139
144,182,211,138
144,182,210,140
143,182,213,139
150,181,208,139
152,180,208,144
153,180,209,143
157,178,209,143
154,178,214,142
154,180,213,141
154,180,212,140
154,180,215,140
156,177,214,142
157,180,213,138
160,180,216,137
160,182,215,136
160,181,218,140
161,181,220,140
172,180,222,141
173,179,221,142
173,179,222,138
177,181,217,140
180,180,223,143
184,178,229,141
186,179,223,140
191,178,225,141
193,174,227,147
193,176,227,146
191,176,230,145
197,177,226,141
198,176,225,144
198,176,224,143
205,176,222,142
205,176,221,145
200,176,223,144
200,176,222,146
198,172,222,145
198,172,222,148
198,172,223,149
198,172,221,145
196,172,224,147
199,172,222,146
200,172,221,144
198,172,227,146
199,172,226,145
196,172,231,144
198,172,227,146
204,173,232,142
210,172,226,141
208,172,229,143
220,170,225,148
220,173,224,146
226,170,221,149
224,170,223,148
238,170,220,150
239,168,223,152
239,169,227,151
239,169,226,150
248,168,223,151
252,168,223,150
256,171,222,149
255,172,231,147
257,175,233,144
257,174,232,144
257,173,234,147
269,173,239,147
273,173,236,149
273,172,237,145
281,173,236,147
281,171,237,151
284,171,243,153
284,171,239,152
285,161,267,173
280,161,275,173
283,163,271,172
282,161,271,169
272,165,273,169
270,166,270,168
267,168,277,167
267,166,273,169
257,171,268,165
256,170,269,168
261,171,265,165
202,171,260,171
183,172,256,175
182,175,259,171
185,182,254,171
191,183,251,169
197,185,246,167
196,184,251,167
205,187,247,166
194,186,260,166
194,187,260,168
194,187,264,168
222,186,253,168
223,182,259,168
223,184,264,167
227,184,261,170
236,182,262,170
230,185,263,167
230,179,263,170
245,182,266,169
249,182,271,172
248,181,273,172
264,176,259,186
264,176,255,181
265,173,257,184
266,176,255,181
273,169,247,188
277,169,244,192
277,169,243,191
273,169,249,190
273,165,239,193
275,163,235,192
278,163,231,191
279,162,228,192
285,158,215,203
282,162,220,194
284,162,215,193
288,156,200,202
291,158,192,201
291,158,193,200
294,160,182,201
291,160,183,200
293,160,176,199
294,160,177,199
298,164,167,194
304,163,162,197
301,165,164,196
301,165,165,195
311,165,161,196
318,162,153,196
320,161,149,196
329,160,141,196
332,163,137,196
333,163,137,192
333,163,139,195
338,167,130,187
340,170,132,187
339,171,134,188
346,170,127,188
345,169,127,188
350,171,124,188
346,168,127,188
350,168,115,187
351,168,114,190
351,172,114,185
351,172,114,184
352,171,112,182
374,167,93,186
374,167,93,190
367,159,105,196
367,154,105,200
365,153,105,204
363,157,106,199
351,150,125,206
352,150,124,209
352,154,121,204
362,154,118,203
357,154,121,206
361,154,118,205
362,150,119,208
376,156,116,203
404,158,94,201
405,157,93,204
405,157,94,207
413,159,89,198
415,155,93,198
415,155,94,201
418,152,97,205
418,152,98,204
417,150,99,204
419,155,96,203
417,147,102,209
417,147,104,208
416,146,106,209
418,146,106,209
418,145,107,209
417,144,108,209
416,143,111,211
424,137,129,232
428,132,129,235
425,132,130,234
425,132,132,233
427,131,134,237
431,135,130,232
429,134,133,232
433,134,135,233
434,134,137,232
434,134,139,234
432,134,138,233
434,134,140,232
435,134,139,231
435,134,140,230
441,132,145,232
441,132,144,231
444,130,147,232
444,130,147,231
450,127,150,235
450,125,146,234
450,125,145,235
450,124,146,234
451,124,148,233
449,123,151,232
448,122,154,236
446,122,156,235
448,122,152,234
448,122,151,236
447,121,151,238
445,121,150,237
439,126,153,231
438,126,153,230
435,125,155,230
432,126,158,230
430,126,158,230
429,128,158,230
425,127,159,229
417,130,164,228
416,129,164,228
415,128,168,228
408,128,165,228
405,127,168,227
404,127,167,226
385,129,179,225
382,129,182,225
380,129,183,224
380,129,182,223
371,133,189,220
364,138,194,215
364,138,193,214
356,142,199,209
356,142,199,210
350,142,202,209
350,142,202,208
343,140,206,212
341,139,209,211
342,139,207,213
338,138,212,212
334,137,212,210
329,131,218,210
329,136,221,205
334,129,240,204
344,125,241,203
342,125,244,202
342,128,243,204
369,117,255,200
369,118,266,199
368,121,267,195
375,123,265,194
375,118,264,197
368,120,272,189
372,119,268,192
354,115,268,192
351,114,262,192
350,113,259,192
350,112,261,192
349,111,259,192
341,111,266,192
341,111,262,191
318,122,275,188
313,126,279,182
312,125,285,186
311,124,281,186
304,129,282,182
296,126,274,182
295,126,279,178
288,126,265,183
292,125,260,183
290,126,256,183
288,126,257,182
282,131,255,181
281,136,260,181
282,135,255,181
281,134,255,181
286,139,255,177
286,138,267,178
286,138,264,180
283,138,275,180
290,141,264,176
290,139,262,176
285,138,266,178
297,133,249,181
295,128,238,187
297,127,233,191
305,125,234,193
306,125,235,197
309,123,235,193
306,125,235,192
312,129,242,191
314,132,245,190
314,132,246,189
314,132,245,188
321,140,258,188
325,139,258,188
324,138,258,188
314,142,239,192
312,139,240,195
312,139,238,198
311,142,238,194
305,140,235,197
308,143,233,199
308,143,232,198
327,144,236,197
327,144,236,200
340,150,239,189
340,150,238,192
336,151,248,187
333,150,246,187
335,150,250,190
336,150,244,189
328,150,239,189
331,150,229,188
330,146,233,192
329,148,221,190
325,148,222,192
325,148,225,195
325,148,224,194
318,152,228,190
310,156,242,186
310,157,241,185
309,163,244,179
308,160,251,182
302,163,256,178
302,163,258,177
298,155,247,185
299,154,231,189
299,154,234,184
299,154,232,186
302,149,227,190
302,149,226,189
302,149,223,188
291,146,225,188
296,144,230,189
296,147,228,184
296,145,227,187
318,142,241,188
313,140,239,187
313,140,238,186
345,125,236,190
345,125,235,192
349,119,227,197
349,119,229,196
324,116,224,196
325,115,221,195
324,115,220,194
325,116,219,197
307,116,228,193
306,121,227,188
306,118,227,192
291,140,244,173
287,140,244,173
280,141,253,172
277,143,252,172
277,141,253,174
264,142,262,173
268,142,257,173
261,146,248,173
259,142,248,180
260,144,247,183
257,141,249,179
250,149,255,179
247,147,258,183
244,146,262,183
243,145,262,183
244,151,261,182
246,152,262,181
244,154,265,180
247,156,273,179
252,155,276,179
250,154,276,183
250,158,275,178
249,157,277,185
244,156,278,189
244,156,277,186
238,153,283,192
238,154,282,187
229,160,289,191
233,159,283,191
225,169,299,188
223,171,305,187
223,171,303,186
223,171,305,185
223,171,305,185
232,175,310,185
229,175,313,184
224,172,311,188
223,174,309,187
222,173,306,183
228,173,303,186
221,172,308,187
217,171,317,187
218,171,313,186
244,159,312,185
243,155,311,184
246,159,310,187
246,161,309,186
249,159,319,192
251,161,323,190
256,164,322,189
256,163,319,189
250,162,324,188
243,165,318,184
249,165,313,183
238,156,321,187
238,154,315,190
238,153,314,193
237,152,320,192
239,152,313,191
240,151,316,190
238,150,317,189
236,150,329,188
242,149,322,188
241,145,329,192
242,148,325,188
241,150,319,180
239,149,300,183
239,149,303,182
237,149,304,181
235,147,292,185
234,146,291,184
232,146,290,183
227,146,289,182
225,146,288,181
228,143,287,184
228,143,286,187
224,145,289,187
221,145,291,187
220,144,295,187
222,148,295,187
222,147,296,190
221,147,296,190
221,146,293,190
216,147,283,190
215,147,257,189
214,147,258,188
214,147,257,187
210,147,254,187
208,146,254,191
214,145,248,191
213,146,244,193
210,145,243,194
210,145,242,193
211,145,240,194
210,145,243,194
209,144,243,194
209,143,245,193
206,146,246,192
205,145,238,192
211,148,226,188
211,148,225,187
207,149,212,186
214,149,199,188
214,149,198,189
213,148,199,189
210,150,197,188
207,149,199,188
206,151,202,187
200,151,209,187
192,147,223,196
190,148,225,199
190,148,226,198
180,141,241,215
179,140,244,220
178,136,243,228
172,133,228,240
172,132,225,241
172,132,220,247
169,132,220,247
165,132,218,264
169,133,218,265
168,132,216,265
168,132,215,267
180,132,212,269
201,128,215,269
201,127,215,269
223,115,213,269
229,119,208,263
236,118,200,263
233,117,203,263
257,117,187,259
258,118,184,254
258,122,183,249
278,126,168,256
273,125,173,257
278,126,168,258
281,125,165,258
280,126,168,257
282,130,169,255
281,129,174,257
280,128,174,257
294,130,177,261
296,130,179,260
296,130,177,259
307,136,173,253
309,135,171,249
308,140,170,244
307,134,170,249
313,138,154,245
308,142,151,240
312,137,148,244
306,134,156,246
305,133,156,247
303,132,160,247
303,132,159,246
308,132,160,245
312,131,158,246
311,130,157,246
310,129,157,254
312,132,161,249
311,130,163,250
310,129,164,249
308,129,171,240
309,126,167,242
308,126,170,242
308,126,172,242
309,122,171,245
310,120,180,245
310,119,179,244
313,118,182,244
313,118,181,243
312,120,185,242
311,120,187,241
310,121,193,240
311,120,196,242
310,120,195,241
310,122,194,240
306,120,206,240
302,114,210,245
302,114,208,249
302,116,200,235
299,115,200,231
302,117,195,231
298,117,201,230
297,115,197,230
300,119,188,230
299,118,192,229
296,117,193,229
295,116,193,233
295,120,196,227
294,119,196,229
296,119,198,229
291,115,206,230
294,110,203,234
293,114,203,234
310,107,215,229
331,103,220,232
331,103,220,235
345,94,220,233
341,84,226,240
341,83,228,243
340,82,229,245
328,80,239,243
326,82,242,239
326,78,241,242
330,87,259,233
330,82,258,242
329,88,261,236
329,88,260,230
323,93,269,234
313,93,280,239
313,93,278,233
313,93,277,238
300,96,272,225
289,92,271,229
288,95,270,228
279,100,270,222
275,104,274,217
274,104,279,220
274,103,276,219
270,107,281,213
268,107,284,217
267,103,285,216
252,101,290,220
258,101,286,219
248,102,297,223
247,105,292,213
235,105,297,216
226,109,290,204
227,109,285,201
227,109,284,200
217,108,283,199
215,108,280,198
215,108,280,197
212,105,286,207
207,106,285,206
207,102,284,209
207,106,283,200
203,106,291,211
198,103,284,214
200,106,285,210
188,104,265,216
187,104,270,215
183,99,265,225
183,99,264,224
175,99,257,219
171,99,257,221
171,99,258,223
171,99,261,222
161,99,218,227
153,99,221,228
158,98,234,227
148,100,238,227
140,98,240,230
139,101,241,229
138,96,241,232
134,102,245,228
131,102,251,231
136,102,246,230
133,105,233,229
133,105,230,228
132,105,228,230
132,105,228,230
133,107,223,229
134,106,215,231
134,106,214,230
135,107,213,229
140,109,189,218
141,109,192,217
141,109,188,221
144,109,187,220
150,110,180,222
152,110,176,220
152,106,177,224
155,120,169,209
154,116,166,213
154,120,165,212
152,125,157,207
151,125,152,206
150,125,153,205
151,127,151,204
148,128,152,203
147,128,150,202
150,128,146,201
150,128,143,204
150,125,120,208
148,124,120,207
146,123,121,206
142,122,106,206
142,120,105,209
141,120,105,207
142,120,104,205
139,119,103,208
137,123,102,203
138,123,104,202
133,125,100,203
134,125,98,202
133,125,98,202
135,125,98,201
130,125,97,200
129,125,106,193
130,125,106,196
130,126,107,192
135,128,109,192
134,127,113,192
133,126,112,192
135,123,116,195
136,127,119,192
136,126,119,191
137,125,119,191
135,128,123,191
132,131,120,192
132,130,120,188
126,127,131,193
125,126,132,196
124,126,135,195
123,123,136,198
118,122,140,203
114,121,142,199
114,119,141,203
114,119,143,206
106,115,149,202
103,116,148,201
103,116,146,201
97,111,148,205
93,114,150,203
95,113,147,202
94,112,149,202
93,112,144,205
90,112,152,204
91,112,148,207
89,113,147,206
89,112,150,206
92,109,143,210
91,109,146,211
88,111,145,210
88,113,186,207
88,113,185,205
90,113,180,206
84,116,190,201
84,116,189,200
85,115,191,204
84,115,191,203
84,117,191,202
85,117,190,201
85,118,189,200
84,111,191,211
85,111,193,210
85,113,191,207
85,113,190,206
85,113,194,205
87,118,192,204
87,119,195,203
87,120,195,207
86,124,194,206
85,125,194,206
84,124,194,206
83,133,193,205
82,142,192,201
82,142,195,200
80,149,191,200
80,152,194,200
80,152,197,199
80,152,196,198
84,144,148,211
84,148,148,206
84,143,145,214
87,148,149,209
84,147,153,208
85,147,159,212
84,150,160,207
87,148,171,212
88,144,174,215
89,144,176,214
89,141,175,217
98,135,185,216
100,132,191,220
103,132,186,218
106,126,193,217
110,120,193,216
110,120,197,215
110,116,192,216
110,116,196,216
108,115,196,216
107,114,196,216
96,115,192,216
96,115,191,215
92,114,197,218
95,114,196,214
87,112,196,214
84,111,198,218
88,109,197,222
88,113,196,216
78,112,204,216
76,112,210,215
76,112,204,218
73,111,205,218
72,110,213,217
72,113,217,212
72,116,218,210
72,116,220,209
72,119,218,204
69,119,220,203
67,122,226,201
62,122,232,206
60,122,231,201
62,122,231,204
57,122,238,200
50,126,241,195
52,126,255,198
52,126,258,197
48,130,253,192
47,129,257,191
44,132,259,191
42,133,258,190
34,145,201,179
33,144,204,179
33,144,203,178
33,140,216,185
35,140,218,184
33,143,219,181
44,145,218,179
46,143,218,181
48,147,218,177
51,143,220,181
66,150,203,174
71,145,203,177
68,146,200,179
71,143,203,184
77,146,197,177
77,150,200,176
76,149,200,179
72,150,208,179
67,152,223,175
68,152,228,174
70,150,216,178
71,155,234,174
77,158,226,173
77,157,244,176
97,154,208,176
92,157,216,175
105,157,195,175
104,157,190,178
108,154,194,178
109,153,198,186
109,156,197,178
114,156,197,177
110,160,205,177
107,161,208,182
108,161,207,176
104,157,233,188
102,158,244,188
103,158,243,187
108,158,237,190
116,138,284,214
119,138,277,216
116,138,288,215
112,142,275,214
117,142,269,218
92,140,273,222
97,142,273,219
78,145,274,218
72,145,277,216
72,145,277,220
72,146,276,214
48,146,288,219
45,145,285,224
45,142,284,228
53,146,273,223
54,142,268,226
54,142,272,225
54,145,272,225
50,150,276,219
49,150,288,219
51,151,281,218
49,151,274,217
49,154,279,216
51,152,273,216
51,152,273,220
39,156,280,215
32,155,289,225
32,155,289,220
31,156,291,219
33,159,278,221
37,159,274,220
36,159,278,219
35,157,277,214
40,161,271,208
37,160,275,207
37,160,274,210
30,165,279,205
41,170,279,200
38,168,278,203
32,172,240,194
35,171,249,197
32,165,249,197
33,169,254,192
25,165,301,196
29,165,292,199
29,166,292,198
29,164,292,197
49,167,277,200
54,164,274,205
54,165,275,204
56,160,275,207
58,162,271,202
57,161,275,204
57,161,275,206
53,157,264,202
53,159,264,204
53,159,237,203
47,153,283,211
51,154,283,207
52,154,302,207
53,154,296,206
64,149,285,215
77,150,275,216
73,149,275,213
74,149,280,215
87,148,274,220
89,148,273,217
95,148,265,216
99,152,268,212
103,153,270,211
104,153,269,214
106,154,268,212
103,159,239,206
102,163,235,198
101,162,239,202
98,165,239,202
97,160,239,206
100,166,238,201
100,170,242,200
114,173,232,196
117,174,232,200
119,170,231,203
118,173,231,199
117,173,231,203
118,173,231,199
120,173,226,203
120,171,234,202
118,171,229,202
118,171,229,201
118,171,228,204
84,170,223,208
66,171,232,216
66,169,231,217
52,167,223,217
50,171,237,216
45,175,229,208
45,173,228,218
39,172,229,218
48,167,228,220
49,167,227,222
49,167,226,217
57,171,219,217
55,176,216,220
59,173,210,222
52,172,209,226
46,167,209,231
50,171,217,231
50,171,221,227
52,161,208,234
48,159,208,239
48,159,207,239
47,155,207,249
47,150,208,253
63,133,188,257
62,136,187,256
78,123,180,255
85,115,181,255
88,114,182,255
84,113,185,261
95,105,185,261
99,114,184,250
101,114,184,251
102,144,186,255
84,158,193,244
84,156,195,243
87,159,194,242
62,175,193,246
47,176,196,250
46,177,192,250
46,177,181,260
45,179,181,256
50,176,174,259
48,176,177,256
51,169,175,258
44,159,174,258
44,163,175,253
43,162,175,253
28,165,172,248
45,166,173,248
43,175,177,241
73,173,166,246
72,178,167,244
72,178,171,244
72,178,171,244
80,181,167,249
78,179,168,252
80,178,168,252
82,168,164,261
83,169,160,260
85,163,162,251
86,163,158,249
100,165,145,236
107,166,143,229
106,166,142,228
106,166,144,232
106,180,134,201
106,183,125,192
106,183,126,191
105,193,120,174
104,190,124,182
104,191,123,181
101,192,125,178
76,192,124,185
65,189,125,185
65,187,124,187
45,187,124,186
45,187,123,185
34,186,124,185
33,186,125,188
29,181,125,196
32,182,123,187
32,182,124,188
33,182,123,186
44,184,123,183
55,189,122,174
54,189,121,173
75,193,116,159
84,197,108,152
83,197,110,152
82,196,112,152
77,194,110,159
79,193,108,161
79,190,109,163
78,187,117,166
79,187,115,169
79,184,116,168
78,186,119,165
84,187,128,160
83,185,129,160
83,185,129,158
83,187,129,157
85,188,134,156
85,187,140,152
86,187,139,157
84,190,143,152
79,189,152,157
79,188,149,156
82,189,145,153
77,186,140,157
76,185,140,162
76,185,141,158
72,181,147,161
72,184,146,157
71,180,149,162
71,182,148,158
68,184,160,158
69,184,158,157
68,184,161,159
68,186,160,158
67,188,163,157
67,189,171,156
68,190,169,155
69,194,176,154
74,196,175,153
74,196,172,156
74,196,173,154
81,193,182,158
87,193,182,158
88,192,184,158
86,192,192,161
88,191,188,161
90,192,187,159
90,194,190,158
101,197,197,155
101,198,201,154
101,198,201,153
101,198,200,152
111,201,196,152
115,196,199,159
115,196,198,158
120,195,198,158
120,194,200,158
119,194,199,157
120,194,198,162
108,195,206,162
98,195,213,164
99,195,212,163
97,201,220,162
97,201,219,161
99,202,222,160
97,202,226,159
98,203,229,159
99,200,230,162
99,200,227,159
98,202,227,159
99,202,232,162
107,202,230,162
107,202,229,162
117,200,229,163
119,199,230,162
118,196,235,165
119,196,234,164
125,196,234,164
128,192,234,168
130,192,236,169
128,195,236,166
128,195,234,165
129,196,233,167
129,196,232,166
129,193,231,165
128,192,231,167
133,192,224,166
137,193,224,167
132,190,226,167
123,188,230,173
125,185,230,175
113,187,232,175
117,187,232,172
117,187,235,172
115,187,233,171
121,191,242,170
121,190,244,172
123,188,239,172
128,195,244,167
126,193,249,167
130,193,252,167
130,192,251,170
147,190,252,173
152,190,247,176
151,196,249,168
153,191,252,173
168,187,239,185
171,187,244,186
173,187,246,185
178,187,238,184
177,193,237,178
178,193,234,177
178,192,233,180
182,193,218,183
187,193,204,182
187,195,204,178
191,192,195,188
195,195,191,183
198,194,186,185
198,192,186,187
206,191,174,187
209,190,170,191
209,190,169,190
209,190,170,190
211,189,166,190
221,188,158,189
221,188,155,188
227,188,150,187
230,184,149,192
228,184,151,190
228,182,150,194
238,181,138,193
250,176,124,202
252,176,123,205
261,173,117,214
261,169,117,220
269,165,110,221
269,163,111,221
284,162,106,227
288,161,99,225
288,164,101,220
288,164,98,224
300,168,94,215
310,169,86,213
310,169,88,214
315,167,86,210
325,162,79,219
321,164,83,216
319,160,88,220
334,158,81,224
334,158,83,228
334,149,84,236
334,151,86,234
332,154,89,231
339,152,89,231
340,151,85,229
357,155,93,233
359,158,94,232
360,159,93,231
360,159,94,230
370,167,96,225
381,172,128,216
377,179,135,205
452,197,74,206
456,339,79,80
455,339,79,83
455,339,79,80
414,289,136,138
411,290,143,137
412,287,143,140
410,288,152,136
407,286,155,140
412,197,154,223
412,193,156,226
405,193,168,208
408,190,150,217
409,190,148,217
408,190,152,216
408,196,177,219
391,196,177,226
391,201,173,217
386,192,188,217
390,291,188,109
393,294,188,109
395,292,187,108
374,283,198,107
369,286,201,105
369,286,201,104
361,285,202,106
365,280,204,110
358,282,208,105
359,282,210,111
359,272,153,102
358,267,153,108
358,267,153,108
358,267,153,108
358,145,259,232
347,144,266,228
346,142,266,233
432,147,178,243
382,144,226,246
375,144,233,247
339,148,268,243
334,150,274,244
325,148,280,247
321,149,290,247
318,153,299,243
322,154,294,244
316,157,302,244
310,155,306,238
302,156,319,239
302,152,322,242
307,153,316,245
307,153,315,239
297,143,304,260
286,142,308,259
280,145,307,253
266,139,313,248
259,136,330,253
258,140,333,248
257,139,330,253
244,135,336,253
233,134,346,247
239,125,344,253
226,120,314,252
230,119,306,254
225,124,312,251
225,123,308,251
223,137,320,258
220,147,316,244
219,146,316,249
218,147,316,249
218,150,309,234
208,151,317,234
207,150,320,234
194,142,334,239
193,139,330,239
198,133,330,239
196,137,330,244
181,131,343,244
175,138,342,227
174,137,339,223
163,135,330,219
169,134,323,219
160,134,304,232
159,130,304,237
131,126,286,247
130,130,281,233
127,126,281,237
126,128,281,234
109,124,286,240
109,120,274,234
109,119,274,234
103,110,269,241
111,108,269,237
111,107,269,242
113,107,269,237
113,105,269,242
128,105,268,257
122,106,279,250
127,103,263,265
127,102,263,266
133,101,263,266
132,101,267,265
131,104,251,268
125,106,253,267
122,107,257,267
122,105,256,268
117,117,244,271
107,129,249,271
108,131,248,270
101,149,233,265
101,150,238,264
101,150,242,262
101,149,246,262
108,149,236,266
117,147,223,266
116,146,222,271
113,144,209,282
120,143,198,284
125,139,199,284
125,139,198,283
143,124,182,291
149,126,171,286
145,125,171,287
147,124,171,287
155,120,159,286
155,126,153,281
157,125,150,281
148,118,141,287
141,117,138,281
140,115,138,287
140,115,137,286
128,112,141,301
115,107,139,325
117,106,139,325
99,114,149,328
99,114,147,334
93,119,155,327
89,119,157,326
84,125,174,327
82,120,187,329
86,120,186,328
82,120,187,327
79,121,191,323
79,119,200,323
79,119,199,329
72,117,222,324
77,115,227,318
76,114,228,318
76,119,226,308
95,124,221,306
103,128,220,304
103,124,226,303
114,130,222,295
114,135,222,295
115,135,221,281
119,136,216,286
115,135,233,286
117,131,238,286
117,136,236,291
117,136,233,284
115,130,253,291
112,135,253,285
112,135,251,285
102,132,266,285
99,131,277,285
98,130,277,285
98,130,276,284
98,130,287,302
105,124,287,303
108,123,288,302
111,121,288,308
111,125,287,301
113,125,286,305
112,124,289,305
133,131,265,285
141,138,261,280
140,137,261,280
139,135,261,280
151,142,254,273
152,147,250,258
156,146,245,263
170,154,232,246
173,161,234,239
173,157,234,240
174,158,233,239
187,167,229,227
196,171,220,221
196,171,219,225
198,172,222,224
198,172,222,219
198,173,224,222
203,173,221,221
204,175,227,225
200,175,230,224
204,175,228,227
204,175,227,232
205,175,227,231
206,175,232,230
206,175,236,232
208,175,235,231
208,175,234,230
212,175,233,228
213,175,228,232
214,178,231,233
215,178,230,235
216,179,229,234
219,177,228,242
214,177,232,236
214,177,231,235
216,177,232,234
216,178,231,233
223,178,225,240
224,178,224,240
224,178,225,243
228,178,218,242
229,177,218,241
229,177,221,240
227,177,220,244
226,179,219,241
226,178,218,240
226,178,217,239
226,177,216,238
224,176,218,233
224,176,221,237
221,179,220,228
221,179,219,228
219,178,222,230
219,179,221,229
211,181,221,229
210,183,220,228
212,183,220,232
208,183,222,230
206,183,222,230
205,183,221,228
205,183,220,227
201,186,215,236
198,187,214,239
198,187,213,243
198,185,212,242
194,187,211,241
189,183,206,242
193,183,196,246
189,175,194,257
189,175,197,256
188,172,192,265
188,171,187,266
151,180,186,276
127,192,179,277
127,189,175,281
126,183,173,286
125,180,172,296
128,183,172,295
127,183,167,288
125,188,170,287
128,182,170,292
127,182,170,294
127,182,172,293
129,181,167,292
128,185,167,292
127,186,167,285
122,185,170,290
124,184,166,290
124,184,164,290
124,183,164,290
119,179,164,295
122,181,161,290
122,174,161,294
120,179,164,294
119,175,161,288
120,174,161,294
120,173,161,294
115,170,166,293
113,168,166,293
115,167,166,293
114,166,166,293
112,163,166,293
112,168,166,293
111,167,166,293
109,174,166,288
111,167,166,288
110,166,160,288
112,166,160,294
104,169,169,293
99,167,168,292
99,168,167,291
102,169,166,290
96,168,165,289
95,167,165,289
96,172,165,289
87,164,167,294
86,170,166,293
86,170,165,292
85,166,164,291
85,170,163,290
84,163,163,290
87,168,163,290
87,157,162,301
88,157,161,300
84,162,161,294
84,162,160,293
82,158,165,293
82,163,174,286
83,163,173,291
83,169,172,284
83,172,179,277
84,182,183,270
83,177,186,275
78,190,212,259
78,191,216,259
79,190,217,260
78,189,216,260
74,203,231,250
62,208,241,250
61,208,237,249
59,203,256,249
63,207,251,246
58,207,261,246
62,206,257,246
58,201,267,251
56,200,266,246
60,204,266,242
59,203,261,242
59,197,267,247
58,196,261,247
57,200,267,247
56,199,261,247
55,199,262,247
55,198,262,247
54,197,262,247
54,198,256,242
53,198,262,247
52,200,258,247
54,200,251,247
53,199,249,247
54,199,247,246
53,198,245,246
55,199,253,246
53,204,262,241
52,203,265,241
51,207,266,241
56,206,267,232
53,206,279,227
52,205,280,231
59,205,288,232
62,210,294,226
60,209,290,226
60,208,293,226
60,212,299,226
57,212,313,226
57,211,308,226
55,215,333,221
54,216,333,224
58,214,335,225
56,218,337,215
65,219,339,215
72,215,340,220
71,215,341,221
70,214,344,221
79,218,336,216
86,218,330,220
85,218,329,219
80,219,316,223
83,219,309,222
77,220,314,225
77,219,319,224
87,220,310,226
91,214,303,225
92,218,302,224
97,214,301,227
98,214,306,226
96,212,305,225
99,213,304,224
97,212,309,228
107,207,302,231
107,206,301,230
107,208,300,231
134,201,278,230
149,203,268,230
144,203,273,229
157,200,262,227
159,199,263,231
159,199,262,230
159,199,261,232
169,201,255,233
165,203,258,231
170,203,254,232
171,209,252,230
171,209,254,229
170,210,255,228
170,210,255,227
178,214,247,226
182,213,248,225
193,214,247,207
188,214,246,206
208,213,235,201
212,214,232,200
212,214,233,199
205,222,231,201
207,222,230,200
208,222,234,201
203,222,238,200
204,220,237,202
207,219,237,201
200,219,243,200
199,220,257,199
199,220,257,198
201,220,259,197
201,220,259,196
214,219,259,193
236,219,244,185
236,219,243,188
237,219,244,188
240,218,241,185
251,220,243,188
246,223,243,188
263,220,238,192
266,219,235,193
265,215,240,197
269,218,235,193
273,219,236,196
274,219,238,195
273,218,237,197
282,222,236,188
280,222,240,187
286,220,230,187
291,224,225,182
295,220,224,181
297,223,224,176
301,224,223,175
301,224,224,174
303,222,225,173
306,220,225,176
306,220,224,175
312,220,223,174
313,219,226,173
311,218,226,177
311,218,230,176
311,218,235,176
312,218,238,176
310,217,238,178
312,214,247,175
318,217,244,175
319,217,244,172
319,216,244,172
336,217,234,165
347,216,222,167
349,215,222,167
344,214,230,170
361,215,216,169
359,215,221,168
359,215,219,167
362,215,218,166
371,213,206,168
367,213,210,167
367,213,213,166
371,213,210,165
372,212,207,168
372,215,207,164
385,212,198,170
384,214,201,168
390,214,197,165
386,214,197,165
392,214,196,164
398,216,192,161
397,215,192,161
396,214,196,161
403,213,188,161
404,212,192,161
405,212,188,161
409,212,186,161
409,208,185,163
410,207,185,163
408,206,185,163
409,208,185,163
410,207,185,162
412,206,187,161
415,205,187,160
415,205,187,159
421,204,180,164
421,204,179,163
422,204,178,166
422,207,177,161
420,205,179,164
421,206,178,161
431,205,164,160
436,205,157,159
439,205,156,161
446,204,149,163
447,201,151,166
444,201,153,164
447,200,149,162
450,198,148,167
448,197,151,168
450,197,148,168
456,195,145,175
457,197,142,172
461,193,136,176
460,191,139,178
463,192,133,178
473,187,122,182
475,190,119,178
475,190,118,177
484,191,106,178
486,190,102,173
486,189,103,177
490,192,100,175
493,195,87,176
492,197,87,170
493,196,87,173
497,198,76,171
498,206,70,170
499,206,69,169
503,204,70,175
499,207,70,167
503,205,72,171
500,205,72,170
504,201,71,170
502,200,72,170
504,200,71,172
504,200,71,171
501,199,79,173
499,200,78,175
497,199,80,176
492,197,87,176
479,193,102,173
476,192,104,173
478,190,100,180
471,188,106,180
464,190,114,176
465,189,112,176
460,189,115,166
459,187,116,169
458,187,116,166
457,187,118,168
453,186,119,167
449,187,123,164
450,186,123,167
450,186,122,163
446,187,129,165
443,187,131,165
444,187,130,164
442,187,134,166
441,189,136,165
441,189,139,164
439,189,140,163
441,189,138,166
442,186,137,168
442,188,138,167
442,189,141,163
442,189,144,159
442,189,143,158
443,186,141,167
443,189,146,162
443,189,143,162
443,189,145,161
443,188,146,162
439,189,152,161
437,192,153,160
438,192,153,159
437,196,150,157
442,194,157,169
442,192,156,172
441,193,159,171
446,192,166,178
446,190,169,188
446,190,169,180
443,190,169,181
446,190,169,180
444,190,167,179
444,189,166,179
441,190,169,183
438,188,170,183
436,191,174,183
437,189,173,186
429,186,172,178
428,185,169,182
427,187,169,178
427,187,172,177
416,187,185,180
414,186,188,179
416,186,185,180
416,186,182,180
410,190,189,176
413,192,188,175
405,197,191,171
404,196,195,174
403,196,196,174
402,195,190,174
398,199,195,170
396,202,196,166
396,202,196,165
396,202,195,164
389,203,194,163
386,201,194,163
387,200,194,163
377,198,197,166
373,201,197,161
373,202,200,160
372,202,200,159
367,203,199,158
360,203,206,158
363,205,202,161
352,209,211,155
351,212,213,151
350,212,215,153
350,212,216,152
342,214,221,148
338,214,222,147
339,217,223,146
342,215,222,148
334,215,214,145
334,215,204,144
333,215,209,146
328,217,208,143
322,221,206,139
323,221,205,141
322,219,208,143
320,222,209,139
323,227,212,133
323,227,212,134
321,218,221,139
320,219,220,139
317,221,224,136
318,221,223,135
317,222,223,131
313,221,227,131
313,218,226,133
313,218,223,132
304,217,227,131
304,216,238,130
304,215,223,132
304,215,225,132
304,214,224,129
300,215,228,133
300,214,227,131
297,217,232,130
293,215,233,131
298,216,228,128
293,222,238,125
293,219,237,129
293,222,236,125
290,220,240,127
293,222,229,124
296,223,223,131
295,223,222,127
295,223,219,128
309,231,207,133
306,230,209,135
306,233,209,132
305,235,204,131
303,234,207,132
303,234,208,133
303,233,208,134
293,232,219,134
293,227,219,136
293,227,219,138
288,219,214,144
287,222,217,143
280,211,206,150
281,211,203,151
277,211,201,151
274,211,198,148
274,210,197,150
273,208,198,152
273,210,197,151
276,209,197,151
276,209,198,153
275,211,205,155
272,211,205,152
272,211,208,151
272,209,203,153
273,211,203,153
272,208,200,154
273,208,200,155
273,206,198,157
277,209,191,154
273,205,191,156
273,205,187,153
270,203,188,152
270,204,184,149
270,204,188,148
270,204,186,147
277,204,189,144
278,203,194,142
275,203,193,144
277,202,196,140
273,200,198,142
269,201,203,140
271,201,203,142
265,194,194,147
265,193,197,146
265,193,194,145
266,193,191,144
264,193,193,143
266,192,197,142
265,194,198,142
268,193,195,144
268,195,201,139
268,195,198,141
268,196,199,138
271,201,206,140
268,204,212,139
272,201,207,143
270,203,202,144
272,206,203,143
271,204,207,142
271,204,204,144
281,206,184,145
280,207,188,145
284,207,185,149
285,207,188,146
285,207,187,145
284,206,190,144
286,206,187,145
287,205,189,148
284,213,194,144
283,213,195,145
282,213,194,144
285,221,193,143
283,221,192,142
283,221,198,143
