273,89,615,628
274,92,614,627
275,94,619,625
276,95,619,624
276,95,618,623
271,93,624,625
264,89,632,628
258,87,639,629
251,82,646,632
243,80,656,633
243,80,655,632
241,74,650,638
238,70,651,640
233,68,659,641
226,67,668,640
219,66,678,639
215,66,682,639
212,66,687,638
210,67,693,637
227,69,684,635
234,71,680,630
248,73,671,625
248,74,670,625
256,75,665,623
261,77,660,621
264,77,658,620
283,77,642,619
292,76,635,618
292,76,634,617
300,74,628,616
306,72,624,615
307,71,623,614
309,66,621,618
310,64,620,620
311,64,619,620
312,61,619,623
313,59,619,624
314,58,618,624
316,57,619,623
316,55,620,623
316,55,620,624
315,52,623,625
314,51,625,625
311,50,630,626
310,49,631,625
307,48,637,625
306,48,636,625
305,47,639,626
303,46,643,626
303,46,644,626
304,46,645,625
304,45,646,624
303,46,647,624
304,45,647,623
305,44,646,622
309,43,644,623
311,42,643,625
315,41,641,625
317,41,639,625
319,40,637,625
321,39,636,625
325,38,634,625
333,38,626,627
337,37,623,626
340,37,619,627
344,36,617,628
345,35,617,628
346,34,620,628
346,41,623,627
346,45,627,622
346,45,626,621
347,47,629,620
347,48,631,618
348,46,631,617
349,46,625,616
350,46,623,615
351,47,621,614
351,47,623,614
351,47,625,614
351,47,629,615
353,47,630,614
344,47,643,613
344,47,642,612
338,48,650,612
338,49,650,611
337,49,651,610
337,48,654,611
337,47,654,611
336,47,655,611
338,47,655,610
339,48,661,610
343,49,659,609
349,50,653,609
354,53,638,608
354,53,636,608
358,54,630,607
359,56,628,606
359,63,628,597
358,72,633,588
359,82,636,579
359,82,635,578
359,91,635,568
359,100,635,561
358,106,635,553
359,109,633,549
359,113,631,546
360,113,630,545
359,113,629,544
360,110,619,544
360,106,614,548
360,105,613,549
360,105,611,549
360,102,611,551
361,98,612,555
361,97,614,555
361,96,618,556
361,95,623,556
361,94,627,557
361,93,626,558
361,92,629,557
361,87,628,564
360,86,627,563
360,81,628,568
361,80,627,569
361,80,626,568
361,78,626,570
361,74,625,572
361,73,624,574
361,71,625,575
361,70,624,576
361,70,623,575
361,69,626,576
361,68,627,577
361,67,630,578
361,66,631,578
361,64,632,578
361,64,632,581
361,60,633,583
361,58,634,584
350,55,650,587
350,53,655,591
349,53,661,590
349,53,660,589
349,53,665,589
348,53,668,588
349,52,670,588
351,50,668,587
351,49,667,586
351,49,666,588
351,48,667,588
351,48,666,587
351,49,668,586
351,50,671,585
351,52,672,584
350,52,672,584
348,53,673,584
347,55,668,579
348,56,657,579
348,58,647,574
347,62,640,570
348,62,639,569
350,67,633,565
358,76,625,557
358,84,625,546
358,94,628,538
359,103,628,528
359,103,628,528
359,112,630,517
359,114,629,517
359,114,621,517
359,111,618,517
359,106,615,520
359,106,615,520
359,100,613,527
359,92,610,537
359,86,606,541
359,77,602,550
359,70,598,555
359,69,598,556
359,61,596,564
359,53,594,574
357,47,592,577
352,42,593,582
352,35,591,589
352,35,591,590
352,31,588,594
351,27,585,597
350,27,582,598
352,27,578,598
354,27,574,598
354,27,573,597
354,27,572,597
354,25,573,599
352,24,573,600
349,24,576,600
347,21,579,604
345,21,580,604
342,20,583,606
337,16,585,610
336,13,584,614
334,11,583,613
333,8,582,617
333,8,581,618
332,6,580,619
331,5,580,622
330,5,579,621
330,5,576,623
329,5,575,623
329,5,576,622
331,5,573,623
333,6,569,622
335,6,564,621
334,6,565,624
338,7,560,625
338,7,558,624
336,7,557,623
334,8,560,625
332,8,560,625
330,8,559,626
328,8,558,625
328,8,560,625
326,9,559,625
324,9,557,624
321,10,557,625
319,12,556,624
316,11,559,626
316,11,558,625
313,12,559,626
310,12,559,626
307,13,558,625
304,13,557,626
301,13,559,625
300,13,559,626
296,13,565,628
293,13,572,628
288,16,580,629
283,22,596,624
279,27,606,620
279,27,608,617
274,32,620,614
269,35,626,612
262,37,633,611
259,36,632,610
249,32,632,612
248,32,633,614
240,28,634,619
230,24,634,620
222,23,634,622
218,25,630,621
201,13,639,632
199,13,639,633
168,8,667,642
151,1,681,642
135,1,698,642
119,1,719,644
106,1,736,644
105,1,736,644
91,1,744,644
75,2,761,644
50,4,788,644
27,6,813,644
7,4,828,644
7,3,829,643
6,4,832,643
6,17,832,632
3,31,836,614
4,33,838,613
21,41,823,602
20,40,823,603
36,43,807,603
67,45,779,602
92,44,754,602
130,42,719,602
144,44,708,602
144,43,707,602
160,44,696,602
165,49,695,597
173,51,691,595
180,51,688,595
184,52,687,589
186,53,686,589
189,55,691,585
192,58,695,581
192,57,702,580
188,56,709,580
180,54,720,582
179,53,723,583
172,45,728,589
161,36,739,599
154,31,744,605
132,27,764,608
120,30,771,608
119,29,771,608
108,37,780,599
112,49,777,589
110,61,790,575
115,66,807,572
133,81,825,553
132,81,825,553
146,96,821,539
173,105,817,528
206,106,791,528
255,105,736,529
288,107,710,528
289,106,706,529
305,109,689,524
317,113,678,520
329,109,667,522
334,100,665,530
340,88,663,541
340,88,662,542
339,82,661,547
345,75,650,554
352,65,627,564
370,37,618,591
380,12,588,614
379,11,588,615
400,1,545,629
427,1,490,628
454,1,433,630
453,1,425,631
465,1,421,630
465,1,420,629
474,1,415,631
494,1,397,630
540,1,351,630
545,1,353,629
547,1,353,629
547,1,353,629
548,1,352,632
550,1,353,631
551,1,353,631
552,1,353,630
555,1,352,630
555,1,351,630
558,1,355,631
561,1,355,630
563,1,348,630
566,1,309,631
568,1,301,630
568,1,300,632
568,1,299,633
567,1,296,633
569,1,293,632
569,1,291,632
570,1,292,632
570,1,293,631
571,1,297,633
572,1,300,634
574,1,304,633
575,1,306,633
576,1,307,633
575,1,307,633
576,1,308,634
578,1,307,633
577,2,308,634
579,2,308,634
580,2,307,633
579,2,307,634
581,2,307,633
584,2,307,634
589,2,306,633
615,2,278,632
644,2,252,631
643,1,252,631
670,1,228,629
677,1,227,630
687,1,219,636
691,1,220,636
693,1,222,636
693,1,224,636
691,1,224,638
690,1,222,637
689,1,221,639
689,1,222,639
689,1,226,639
689,1,226,640
689,1,230,641
689,1,230,641
689,1,232,642
691,1,232,642
692,1,232,642
691,1,232,643
694,1,231,644
697,1,228,644
697,1,229,646
697,1,232,646
697,1,233,646
696,1,233,646
696,1,234,647
695,1,235,647
696,1,235,648
695,2,234,648
694,2,234,649
693,1,234,650
692,2,235,650
690,3,235,650
689,2,236,652
688,3,235,652
686,4,237,652
686,4,236,651
684,4,240,653
682,4,242,654
679,4,246,654
676,3,251,656
671,3,256,657
670,2,257,660
667,2,261,660
651,4,270,658
617,11,303,651
585,19,337,644
565,21,355,647
564,20,355,647
558,18,355,651
558,14,354,655
557,5,352,668
560,3,341,670
558,2,342,671
558,2,342,671
562,2,339,673
558,1,342,675
559,1,341,677
546,1,353,677
531,1,368,678
530,1,369,679
521,1,379,680
506,1,393,680
492,2,408,680
474,2,426,681
464,2,435,681
463,1,437,682
461,1,439,685
458,1,442,685
455,2,446,685
453,1,447,686
463,1,433,689
462,1,433,689
474,1,418,690
480,1,411,690
484,1,407,691
495,1,396,692
500,1,393,692
500,1,393,693
499,1,394,694
500,1,397,695
500,1,400,696
499,1,414,696
496,1,422,696
494,1,422,696
492,1,433,698
481,1,454,698
481,1,455,698
477,1,466,698
465,2,488,698
464,1,488,698
465,2,489,698
466,2,488,697
468,6,489,698
469,13,488,692
470,16,490,690
469,15,490,690
471,21,495,684
477,30,495,674
487,34,498,674
503,44,498,662
514,49,497,661
513,48,497,661
527,59,494,650
528,60,493,649
534,69,493,640
535,76,493,634
535,85,491,623
535,88,490,622
537,96,481,613
538,106,472,603
539,117,457,592
535,128,447,583
534,139,437,571
533,141,437,571
530,149,435,563
528,161,428,551
523,174,412,545
519,191,419,521
512,217,424,495
512,217,423,494
504,220,433,493
499,218,439,493
494,216,442,495
487,217,448,495
482,218,454,494
482,218,455,493
483,221,454,492
482,221,456,491
482,235,456,478
494,249,442,462
512,262,424,452
513,262,423,451
520,269,417,443
523,261,413,450
531,241,405,474
536,233,403,479
541,227,390,487
541,227,389,486
545,223,366,489
548,220,357,491
548,219,309,493
549,221,308,492
552,226,307,485
552,226,306,485
557,236,305,475
583,239,280,474
616,240,247,469
641,236,217,471
652,226,206,481
651,226,208,480
648,223,211,483
640,218,219,486
634,214,223,490
630,208,225,497
631,201,223,502
628,201,226,501
630,193,220,512
632,191,218,512
636,190,212,513
637,183,210,520
634,179,213,524
634,179,213,524
630,177,217,525
621,181,226,524
606,180,241,524
591,184,256,520
569,190,274,510
573,190,267,511
559,190,283,512
554,193,289,512
556,192,289,512
550,188,297,512
540,183,309,518
541,181,307,520
542,181,309,522
539,179,314,522
538,178,318,522
535,177,323,522
534,176,328,524
536,174,323,527
530,175,334,524
528,174,334,524
525,170,346,530
524,169,346,530
521,168,355,530
521,168,354,529
515,166,364,532
507,165,377,533
506,164,379,533
502,163,389,533
499,162,394,533
499,162,393,536
497,162,401,535
493,161,408,535
491,162,415,534
491,161,419,534
490,164,422,532
490,164,421,531
491,164,426,530
490,163,431,530
491,163,432,533
491,163,436,532
491,162,439,532
491,163,438,531
491,163,440,530
492,163,441,532
493,169,442,528
489,169,447,527
488,169,448,526
492,174,447,525
479,174,460,524
479,174,460,523
479,180,461,516
478,186,463,512
477,183,465,514
477,184,458,510
474,180,460,518
472,179,473,517
472,176,472,516
472,176,473,522
473,176,472,521
472,175,473,520
473,175,472,519
476,178,471,518
481,180,468,517
484,182,465,516
486,183,463,515
486,183,462,514
499,176,452,524
507,152,444,545
514,127,436,574
514,103,436,594
524,86,425,611
523,86,425,611
532,77,417,625
545,71,403,632
561,67,387,634
573,69,374,633
584,66,364,635
584,66,363,634
592,66,356,638
602,72,348,629
602,76,347,629
602,87,351,619
601,98,354,607
601,98,353,606
601,102,355,605
600,104,358,605
596,106,362,605
595,107,361,604
592,108,365,603
592,108,364,602
589,109,367,601
588,113,368,600
584,114,371,600
583,121,371,592
581,126,372,588
581,126,371,587
576,133,375,583
574,135,375,580
569,140,379,574
566,140,379,573
558,140,386,572
558,140,385,571
555,139,385,571
545,138,396,571
542,137,395,571
538,134,396,577
534,132,396,577
534,132,395,576
531,129,404,583
527,129,405,582
530,129,404,581
527,130,403,580
524,129,398,579
524,129,397,578
523,129,393,577
526,128,385,578
525,127,377,577
526,129,370,576
527,132,363,575
527,132,362,574
533,136,353,567
529,139,352,564
524,143,351,560
537,147,332,553
532,146,331,552
540,147,319,551
534,147,327,547
526,152,328,546
513,157,330,535
501,161,324,527
489,159,322,526
489,159,321,525
483,157,320,525
478,155,319,525
485,153,304,524
490,151,289,531
491,150,278,530
491,150,277,529
490,148,272,528
488,148,272,527
488,146,275,526
485,145,287,521
483,144,291,520
483,144,291,519
481,141,294,519
480,132,284,528
480,124,260,531
478,112,266,541
473,100,277,553
473,100,276,552
471,94,286,551
463,95,299,551
451,105,322,539
439,102,337,539
433,95,351,543
433,95,350,542
431,88,361,551
432,84,364,550
427,81,368,550
422,79,379,549
417,76,388,551
417,76,387,550
409,74,402,550
406,76,405,545
389,80,433,545
371,84,479,533
348,83,533,533
348,83,532,532
324,71,566,542
309,60,593,549
300,53,610,548
288,49,629,548
284,50,632,544
283,49,632,544
310,56,608,537
333,61,585,528
357,60,566,528
363,58,565,527
360,56,573,528
360,56,572,527
357,59,582,526
354,59,589,526
351,54,597,532
349,53,602,531
347,49,607,533
347,49,606,534
341,49,616,533
333,52,622,532
329,57,626,526
321,58,629,525
314,59,637,524
314,59,636,523
308,60,639,524
297,64,649,523
290,65,649,522
276,60,659,521
272,59,659,529
272,59,658,528
276,57,647,532
278,60,645,531
309,60,610,530
325,60,587,529
351,61,554,528
351,61,553,527
376,62,519,530
385,67,505,528
388,69,497,526
396,71,488,525
394,73,492,524
395,73,491,523
396,76,491,523
406,78,479,517
415,79,466,515
422,83,454,513
495,92,376,512
503,92,380,511
503,95,372,507
503,98,375,506
516,106,354,502
516,110,363,502
527,117,351,501
526,117,352,496
523,124,355,493
521,132,366,483
520,136,372,482
518,140,371,481
517,144,360,480
517,144,359,479
516,149,358,478
518,151,357,478
526,153,344,481
532,155,336,480
533,157,335,481
533,157,334,480
541,155,321,483
543,156,320,484
545,148,319,497
546,144,312,502
548,137,311,513
548,135,310,513
549,127,309,522
549,121,308,528
557,121,297,534
558,118,298,533
561,119,294,533
563,119,292,535
570,117,285,539
577,116,279,538
586,119,272,539
598,120,266,537
606,120,262,539
606,120,261,538
605,120,266,537
610,119,264,540
631,118,248,540
655,116,230,546
714,119,169,546
714,119,171,545
714,117,173,546
714,115,179,547
714,113,190,548
714,112,195,548
714,101,194,567
724,101,186,566
725,100,185,565
726,94,185,568
723,83,191,574
711,80,211,580
708,80,217,581
707,79,217,581
706,80,225,581
705,81,233,580
700,83,246,577
697,83,257,575
691,83,272,575
691,83,271,574
682,87,297,569
683,87,300,568
672,97,314,556
679,107,316,545
680,109,325,540
680,109,324,539
681,110,334,537
682,111,338,536
680,114,349,525
679,119,358,520
672,117,374,519
672,117,373,518
659,115,391,518
655,112,400,518
642,108,419,517
632,104,433,517
623,99,451,520
623,99,450,519
621,96,460,528
618,94,467,527
614,92,477,527
609,88,485,526
606,84,496,527
606,78,495,532
602,74,504,535
595,65,512,542
588,61,522,541
576,58,539,542
569,55,547,541
569,55,546,540
565,52,553,539
559,36,563,552
553,14,579,574
543,1,594,582
540,1,602,582
539,1,603,582
536,1,611,581
533,1,619,579
530,1,625,575
523,1,635,573
515,1,646,572
515,1,646,572
509,3,655,571
503,2,662,571
497,2,666,571
487,1,675,571
478,2,675,570
477,1,675,570
467,6,675,563
458,6,669,561
447,8,656,559
439,8,655,558
430,9,670,554
430,9,669,553
420,12,677,552
410,11,677,552
404,10,657,551
395,7,633,557
387,7,626,559
387,7,625,560
381,9,624,559
372,10,628,555
367,12,629,553
362,12,628,552
354,12,632,548
354,12,631,547
344,12,637,549
336,12,639,548
328,15,643,547
320,14,648,546
310,20,655,543
310,20,654,542
302,23,663,540
304,32,662,531
299,39,663,527
288,52,672,517
281,67,678,502
281,67,677,501
264,69,697,500
245,75,710,494
232,84,714,483
218,90,722,478
211,92,721,477
210,91,721,477
207,95,713,476
206,98,692,474
202,99,673,471
199,99,658,470
196,99,657,469
195,99,657,469
192,98,656,468
186,97,659,472
180,97,663,474
176,96,666,474
175,89,665,483
174,88,665,483
178,85,637,486
184,81,619,491
185,76,609,493
185,77,603,495
190,77,595,495
189,76,595,496
188,75,592,500
189,73,592,504
194,75,585,504
194,80,584,502
200,90,576,492
200,90,575,491
204,92,574,490
205,93,569,489
207,99,563,488
207,100,562,487
207,101,561,486
207,100,556,485
207,101,552,484
207,102,551,488
207,98,543,493
207,98,538,494
207,99,537,493
207,99,536,492
207,97,535,496
207,98,534,495
208,99,533,494
208,100,534,497
208,105,533,495
208,105,535,494
208,105,535,498
204,106,538,501
199,107,551,503
196,108,554,506
196,103,556,512
196,103,555,513
196,90,558,527
210,75,549,546
223,58,541,570
236,42,529,588
251,30,511,604
251,30,510,603
259,13,509,624
265,7,507,633
268,2,506,643
275,2,502,646
275,2,501,648
275,2,500,651
275,2,500,652
271,3,506,655
260,4,518,658
256,4,524,662
261,11,523,659
261,11,522,658
269,24,517,644
278,32,510,641
286,34,503,640
287,44,502,630
285,52,503,627
285,52,502,626
280,57,506,618
281,63,505,617
282,69,505,614
281,76,506,608
274,83,512,602
274,83,511,601
269,88,521,600
262,94,527,596
254,101,536,589
248,108,540,584
243,112,545,582
243,112,544,581
242,119,546,575
237,126,551,570
230,129,559,569
229,132,559,566
226,139,563,558
226,139,562,557
222,140,567,558
222,140,566,557
222,141,569,558
219,146,574,557
219,147,576,557
219,146,575,556
219,148,579,556
219,149,578,555
226,149,578,555
230,149,574,555
235,149,571,558
235,149,570,557
237,149,569,558
240,149,568,558
241,149,567,560
241,147,566,561
242,143,566,566
242,143,565,565
244,142,564,567
247,138,564,573
251,131,571,582
257,131,588,581
258,130,608,581
258,128,608,584
259,127,624,584
264,125,641,589
264,124,657,589
263,124,679,589
260,124,695,588
260,124,694,587
255,124,726,590
249,126,757,590
239,129,801,590
230,136,801,582
223,149,808,568
222,147,808,570
215,155,808,563
211,160,782,558
205,168,764,549
205,168,740,549
205,171,732,548
204,171,726,548
205,171,716,548
205,171,693,548
205,171,656,548
210,168,644,548
212,167,642,547
212,167,641,546
213,166,640,545
216,165,637,549
218,160,634,554
219,162,631,553
219,164,630,552
219,164,629,551
220,163,628,550
220,169,631,550
217,170,635,549
218,180,635,538
213,182,643,535
210,182,646,533
203,186,657,527
201,193,660,522
197,192,666,522
197,192,674,521
197,191,673,520
197,191,672,519
198,190,672,519
198,189,683,522
200,185,683,525
201,181,682,532
202,176,682,533
202,176,681,532
202,175,682,534
202,174,683,536
203,170,682,543
203,168,682,543
209,161,682,549
210,159,678,551
211,156,675,554
224,144,660,566
241,119,644,590
259,94,626,615
257,81,624,628
257,81,623,627
256,64,632,647
261,51,627,659
269,46,622,664
280,42,612,669
292,44,600,670
292,44,599,669
283,44,610,669
269,47,624,663
265,47,634,662
271,47,633,661
282,50,626,660
282,50,625,660
293,52,619,659
297,60,616,652
298,65,620,646
302,74,620,635
306,85,620,625
306,85,619,624
304,94,623,615
292,103,644,607
284,108,652,602
275,118,666,594
269,121,672,590
268,122,672,589
268,123,673,588
265,129,675,581
264,129,679,580
261,130,679,578
260,130,678,577
259,129,676,577
258,129,667,576
258,128,660,578
257,122,655,587
256,121,654,586
251,120,660,587
251,120,659,586
246,119,663,587
244,118,666,588
244,119,667,588
261,124,651,586
269,129,640,580
268,128,640,580
269,130,638,578
264,127,638,579
251,121,654,585
245,115,655,590
238,109,663,595
237,108,663,595
236,107,663,595
244,100,659,605
249,99,655,606
249,98,654,605
253,93,653,604
254,92,653,613
261,86,647,620
263,74,646,633
277,55,632,650
293,38,616,671
313,27,596,677
313,27,595,676
324,21,584,684
326,13,582,690
324,12,585,690
318,11,592,691
318,10,591,690
318,10,590,689
318,15,590,689
318,18,589,688
318,23,588,680
325,30,580,674
329,35,574,669
329,35,573,668
336,44,564,658
341,52,560,651
348,57,549,645
353,64,543,635
354,71,540,630
354,71,539,629
355,72,538,628
356,77,536,627
357,77,534,624
362,82,526,615
364,88,524,612
364,88,523,611
366,95,521,603
366,101,519,597
366,107,518,591
360,113,526,583
352,118,532,579
351,118,531,578
351,121,531,576
351,121,530,575
352,121,530,574
354,117,527,573
355,116,525,575
355,116,524,574
356,117,523,573
357,124,522,572
357,133,521,560
358,135,520,559
358,141,521,549
358,141,520,548
357,145,524,547
353,144,529,545
350,144,532,544
350,139,532,543
351,135,532,553
351,134,532,553
356,126,531,561
357,120,530,565
363,112,515,574
370,106,511,578
384,95,509,589
385,94,507,595
401,87,510,598
400,81,533,606
400,45,540,641
441,21,512,663
439,13,521,674
439,13,520,673
429,12,542,673
420,7,562,677
428,5,562,680
438,3,550,681
452,3,525,681
452,3,518,680
461,3,502,680
461,4,489,679
461,2,461,678
461,7,432,677
460,15,407,667
460,15,406,666
460,26,388,658
461,34,355,649
461,47,308,637
461,63,306,618
460,70,306,617
460,70,304,616
459,81,305,602
459,90,300,592
457,106,297,576
459,120,293,564
457,121,292,563
456,120,292,563
458,124,289,562
460,125,289,561
458,134,297,547
463,143,306,539
471,152,306,525
471,152,305,524
479,158,304,524
490,165,288,522
486,169,293,519
485,174,290,514
480,177,293,511
480,177,294,510
474,178,299,509
468,180,305,508
461,182,311,507
455,183,305,506
450,182,301,505
450,182,300,506
446,179,306,505
443,178,307,515
440,179,307,510
436,174,335,518
414,166,350,528
413,165,353,528
398,160,365,536
381,156,373,541
379,158,346,538
377,148,327,548
376,138,303,559
376,138,302,558
396,118,265,584
404,110,247,595
419,119,247,585
437,125,217,583
436,129,215,580
436,128,215,580
436,130,211,579
436,123,210,589
435,95,206,610
429,64,209,645
382,29,290,690
382,29,289,689
369,3,304,716
369,6,304,714
368,2,305,716
373,2,303,717
375,1,315,718
374,1,316,718
372,1,330,719
374,1,348,719
374,1,367,719
380,1,391,718
376,1,417,719
376,1,416,718
370,1,439,719
343,1,491,719
326,1,510,719
307,1,536,719
276,1,581,719
275,1,581,719
261,1,618,719
246,1,654,719
271,1,638,718
286,1,616,717
325,1,575,717
325,1,574,716
371,2,545,716
390,6,550,714
403,27,566,692
414,33,575,687
402,47,603,670
401,46,603,670
382,55,643,664
361,71,690,648
342,80,731,640
329,76,751,642
311,65,764,654
310,65,764,654
292,69,718,651
267,69,669,649
265,66,668,653
261,40,684,679
268,5,696,712
267,4,696,712
282,5,696,712
305,1,686,717
357,1,640,716
390,4,614,715
410,6,596,714
410,6,595,712
430,11,575,709
482,55,521,663
521,79,483,640
549,109,457,611
586,140,426,577
585,140,425,576
618,166,366,552
627,189,365,528
633,213,362,506
642,213,356,505
660,210,339,509
660,210,338,508
673,222,328,496
689,234,313,485
702,242,299,475
711,245,290,474
719,248,280,472
719,248,279,470
726,256,269,463
737,265,258,453
742,279,251,440
746,280,243,439
749,287,237,430
749,287,236,429
752,287,232,429
753,290,229,429
754,299,228,419
755,297,226,422
753,297,225,421
753,297,224,422
753,302,223,415
754,303,222,416
754,310,222,409
754,310,219,408
754,310,216,409
754,310,215,408
753,310,214,407
761,303,207,416
761,299,205,420
759,289,202,430
756,287,202,430
756,287,202,430
751,279,202,440
748,270,201,449
745,255,201,464
741,242,200,477
735,232,200,487
735,232,199,486
723,227,207,492
708,226,218,492
702,225,221,492
693,226,227,492
672,226,248,492
672,226,247,491
654,229,265,487
638,229,283,487
615,233,313,484
602,232,332,484
589,231,350,488
589,231,349,487
573,232,371,487
557,243,394,477
547,253,409,466
535,253,422,466
521,253,443,465
521,253,442,464
510,262,455,457
496,262,468,457
487,263,491,456
477,264,515,455
467,265,544,454
467,265,543,453
455,266,579,453
444,267,618,452
427,267,645,452
415,279,666,441
403,278,683,440
398,278,686,439
389,277,692,442
376,276,698,442
365,277,701,442
354,277,709,442
346,277,708,441
346,277,707,440
339,277,698,440
328,277,676,441
321,275,668,441
311,271,650,448
304,267,634,448
304,267,633,447
295,262,642,453
280,259,660,460
272,253,659,466
264,249,663,470
255,246,668,473
255,246,667,472
246,244,676,472
238,241,675,478
230,239,689,477
221,239,695,480
212,239,707,479
212,239,706,478
207,241,711,477
201,243,711,476
193,245,710,475
186,246,709,473
179,254,690,464
179,254,689,463
173,252,683,467
166,250,669,467
160,249,641,470
157,249,620,470
155,248,609,470
155,248,608,469
155,239,601,480
152,234,600,485
150,227,596,492
149,226,585,492
147,226,583,491
147,226,582,490
142,222,581,494
140,222,579,497
139,223,576,496
139,223,574,494
138,222,572,493
138,222,571,497
136,222,556,496
131,222,552,495
134,223,540,494
134,220,533,499
133,221,520,498
133,221,518,497
123,224,512,495
120,225,505,494
117,225,498,493
115,225,478,492
112,226,458,491
112,226,457,490
117,227,437,490
125,227,417,489
129,226,401,493
131,221,385,498
128,222,397,497
128,222,396,496
124,228,395,490
119,230,394,489
126,230,380,488
133,231,359,487
143,223,339,496
143,223,338,495
147,217,332,502
143,208,330,511
140,205,324,512
138,205,336,512
137,207,313,511
137,207,312,510
147,209,277,508
157,212,245,506
168,212,224,505
175,211,215,505
177,210,214,507
177,210,213,506
179,208,214,510
182,206,213,511
192,204,210,510
202,200,203,519
217,199,194,519
217,199,193,518
230,199,185,517
240,197,177,521
241,195,178,519
244,189,177,528
246,189,178,528
246,189,177,529
248,189,177,529
249,189,176,528
250,189,181,529
246,191,208,528
248,189,209,528
248,189,208,527
244,188,227,527
244,186,240,532
241,180,252,538
239,179,261,537
234,175,275,544
234,175,274,543
238,175,283,543
239,187,298,531
240,187,316,530
247,189,320,525
270,192,301,515
270,192,302,513
274,192,301,512
277,182,300,519
280,169,302,532
282,162,302,541
282,156,304,549
282,156,304,548
287,155,303,550
287,152,307,551
287,152,306,551
287,150,308,552
286,149,315,556
286,149,314,555
285,154,328,550
285,154,334,548
284,153,335,552
282,153,339,551
282,152,345,550
282,152,344,549
281,151,347,549
280,156,352,549
281,158,358,546
281,158,357,545
281,157,366,544
281,157,365,543
279,158,373,542
271,158,382,541
267,154,391,545
260,152,395,550
258,146,394,552
258,146,393,551
259,147,400,552
262,143,399,557
270,143,390,556
272,142,390,557
275,142,401,559
275,142,400,558
274,142,413,559
277,142,416,558
278,144,418,557
290,147,404,556
315,147,375,554
315,147,373,553
329,146,355,552
339,144,343,557
357,142,325,559
369,144,313,558
377,145,302,557
377,145,301,556
380,146,300,555
381,147,302,553
377,151,310,552
371,152,318,551
371,152,318,550
371,152,317,549
373,151,318,552
376,149,322,553
379,145,324,557
383,144,328,558
387,142,333,560
387,142,332,561
389,141,337,562
388,139,350,564
392,138,352,563
422,136,329,565
455,135,299,567
455,134,299,568
492,129,269,577
504,128,269,577
510,127,274,577
514,127,275,576
516,126,277,577
516,126,278,576
520,128,277,575
521,128,276,574
523,127,275,573
525,126,282,572
528,125,284,571
529,125,285,570
529,124,290,570
533,124,293,572
534,121,299,572
536,119,303,578
536,118,308,577
535,118,309,579
534,118,313,579
533,118,319,579
531,117,324,578
531,115,330,580
530,120,343,575
530,120,342,574
526,121,356,576
525,124,364,570
520,130,380,562
517,133,393,553
513,135,404,553
513,135,403,552
505,139,423,551
495,138,444,551
482,136,468,550
465,135,496,550
458,139,514,550
458,139,513,549
452,140,525,549
444,140,544,546
439,144,557,541
434,144,571,540
433,146,577,536
433,146,576,535
431,145,587,535
430,145,589,535
429,145,599,535
426,147,610,533
406,153,638,533
405,152,639,533
413,151,640,526
423,147,639,529
432,143,631,537
446,141,620,537
472,143,595,536
472,143,594,535
488,145,587,532
493,144,609,531
499,143,563,530
507,143,587,528
539,142,590,528
539,142,589,527
569,126,585,529
597,134,561,519
620,132,536,519
635,136,519,518
627,157,521,495
709,157,437,494
701,157,447,492
704,156,438,491
713,151,426,499
733,137,402,513
750,125,380,524
750,124,384,526
768,120,352,530
785,119,324,530
816,130,281,520
814,129,269,520
795,111,282,527
795,111,281,526
786,104,291,543
760,106,313,547
736,114,338,543
712,119,358,538
682,127,399,524
682,127,395,527
667,128,405,527
652,129,420,527
637,130,436,527
622,131,451,527
608,124,463,527
608,124,464,535
594,123,486,535
581,125,494,533
568,124,513,533
549,127,535,532
528,135,560,523
528,135,559,521
517,139,578,521
500,137,592,528
489,129,606,537
479,133,606,535
468,133,594,535
468,133,593,534
452,135,598,533
443,142,619,523
449,143,618,522
450,136,617,525
453,126,610,529
453,126,609,531
452,119,602,540
448,114,599,546
443,111,589,551
446,106,563,555
451,102,539,557
451,102,535,557
449,106,515,556
443,109,503,552
440,109,491,551
437,108,466,550
429,108,455,549
429,108,454,548
423,108,441,550
422,109,439,548
425,111,423,546
434,114,407,545
445,115,391,543
445,116,389,542
451,116,378,541
455,115,370,540
464,113,359,543
474,111,326,544
492,110,292,544
492,110,291,543
507,109,270,550
521,106,253,549
516,106,252,550
514,101,243,557
513,92,232,563
513,92,231,567
512,85,223,574
511,84,213,573
509,85,225,573
508,85,236,573
507,84,247,573
509,83,247,573
509,82,261,573
507,81,280,573
505,81,297,574
498,81,316,574
496,87,329,560
496,87,328,559
495,96,344,547
501,97,352,548
512,96,355,547
521,94,360,549
509,90,384,552
508,89,385,553
502,89,408,552
501,89,422,551
511,97,430,543
522,104,433,539
519,101,455,538
519,101,454,537
513,97,483,541
512,90,499,547
504,84,527,555
496,83,547,556
492,82,558,556
491,84,561,556
485,89,568,547
477,97,574,540
479,95,581,532
498,92,566,534
515,92,553,534
516,92,551,533
514,92,550,532
512,91,551,532
509,89,559,534
507,89,559,534
513,93,554,529
513,93,553,528
513,89,552,531
523,82,536,534
535,77,532,533
550,79,570,532
565,80,575,531
565,80,574,530
583,82,548,529
593,89,531,517
609,94,514,514
613,96,511,513
622,94,492,505
622,94,491,504
639,88,493,507
669,85,467,508
617,94,521,504
726,84,415,512
763,85,381,515
763,85,381,515
780,84,380,514
805,91,378,513
829,98,373,504
857,103,345,503
897,98,296,503
896,97,296,503
895,95,276,503
906,93,243,503
904,92,254,503
886,92,273,509
893,93,273,509
892,95,273,509
897,102,273,509
896,109,277,497
884,110,297,498
876,102,320,500
867,95,344,510
866,94,344,510
862,91,356,513
857,87,367,518
851,81,384,525
848,81,411,526
832,83,441,525
832,83,440,524
824,95,454,514
814,96,463,514
806,92,472,519
796,89,480,524
787,89,488,524
787,89,487,523
777,93,498,526
769,98,505,525
762,99,517,524
754,101,525,524
745,104,534,523
744,105,534,522
735,107,544,522
726,110,534,521
716,110,555,521
709,106,554,520
700,104,554,520
700,104,553,524
691,103,552,526
681,105,543,529
671,115,542,520
660,125,546,514
649,127,560,514
649,126,560,514
639,125,574,514
640,123,568,514
633,116,567,520
625,113,567,530
618,109,562,536
622,109,562,536
613,111,561,536
601,123,561,523
588,135,570,514
577,136,570,514
570,128,570,521
569,127,570,521
562,123,570,526
554,117,557,532
541,116,543,534
524,117,526,541
509,122,519,540
509,122,518,539
492,134,517,529
476,143,502,520
460,144,496,513
444,144,494,512
423,143,493,517
423,143,492,516
388,142,515,515
372,142,511,517
374,138,491,529
370,133,477,534
370,136,458,533
369,135,457,532
369,133,440,537
360,132,426,536
341,134,425,536
334,135,410,535
323,135,398,534
327,141,392,533
311,141,378,532
301,142,361,531
288,143,352,536
269,146,338,535
235,147,353,534
235,147,352,533
220,148,323,531
218,148,326,533
227,150,315,532
241,149,302,531
237,150,311,530
237,150,310,532
227,150,321,531
215,151,335,532
205,155,345,532
196,158,356,532
169,163,392,523
169,162,392,523
128,163,433,523
90,163,474,524
66,162,500,525
46,161,524,525
28,160,550,525
27,159,550,525
15,159,568,525
9,160,581,525
6,161,584,525
4,167,596,518
4,168,599,518
4,168,598,517
5,169,605,517
1,169,616,517
3,168,618,517
1,166,626,517
4,172,632,517
4,172,631,516
3,177,632,516
4,175,641,516
8,166,644,510
28,166,633,510
52,159,614,516
52,159,613,515
72,152,600,521
110,151,577,523
143,159,553,517
148,160,552,516
186,160,524,514
187,160,522,513
205,157,540,512
223,159,549,510
242,161,530,508
254,169,519,499
269,171,524,497
269,171,523,496
293,166,517,494
311,164,517,493
360,161,477,492
369,158,506,500
397,149,495,509
397,149,494,508
427,143,464,511
479,147,430,510
491,148,441,509
518,149,439,508
552,148,426,512
552,147,427,511
600,142,391,514
627,141,361,513
641,139,342,518
698,139,284,517
708,140,274,516
708,140,273,515
707,139,275,517
703,141,279,516
694,141,311,516
689,138,370,515
682,136,406,522
681,135,407,522
677,135,425,525
670,134,447,528
662,134,462,528
654,134,468,528
646,138,483,528
646,138,484,527
638,136,495,527
631,135,502,528
622,134,510,531
617,140,519,529
609,140,526,535
609,139,525,534
601,138,534,536
593,140,545,536
585,148,556,530
583,152,562,527
580,154,578,524
579,154,578,524
581,154,578,524
576,152,567,524
576,145,549,530
578,143,509,531
570,142,519,531
576,142,518,532
571,142,518,534
566,142,522,534
562,137,522,542
562,135,518,542
559,140,517,542
559,140,516,541
556,147,515,533
547,149,531,532
536,150,540,531
533,149,539,534
522,149,536,533
527,146,535,537
516,145,532,537
509,145,523,538
500,147,512,537
494,155,507,532
487,164,503,524
487,164,502,523
481,166,493,522
478,162,460,521
478,155,433,528
474,152,402,530
473,150,365,532
473,150,364,531
471,148,344,539
456,150,331,541
453,152,299,540
457,153,274,539
449,156,259,539
448,155,258,539
441,163,260,531
432,168,274,525
424,168,285,524
415,167,299,524
407,166,308,523
406,165,311,525
399,166,323,524
391,166,335,524
384,166,344,524
354,166,376,523
345,166,392,522
344,167,391,521
336,168,401,521
324,165,413,523
310,162,430,523
287,155,453,531
262,154,484,531
262,154,483,530
253,154,495,530
247,162,509,522
246,162,518,522
247,166,520,518
244,170,527,515
244,170,526,514
242,169,536,514
242,167,544,514
231,165,562,514
218,163,578,517
223,161,579,517
205,163,600,519
195,164,615,512
198,165,616,512
200,164,614,512
196,160,620,513
206,157,608,514
205,156,608,516
216,153,595,518
237,153,579,517
268,154,575,518
308,155,574,517
334,155,582,516
334,155,581,515
361,152,593,513
380,151,614,512
404,152,595,513
437,150,550,514
470,150,516,513
479,150,504,514
504,153,483,504
581,154,407,496
598,147,406,498
620,138,391,508
645,134,377,511
646,134,376,510
671,133,354,509
708,133,326,511
723,132,316,511
745,129,296,510
759,130,294,509
759,130,293,508
792,131,266,508
796,130,272,506
796,129,277,509
792,130,276,508
788,134,295,507
784,134,300,506
777,137,321,506
773,139,335,505
762,140,354,504
755,144,373,493
749,144,387,494
749,144,386,493
746,145,410,492
743,145,457,492
737,146,489,491
734,143,500,493
732,135,515,504
732,135,512,502
730,134,527,508
727,127,535,512
724,125,548,515
720,125,557,514
717,127,557,514
717,127,556,513
713,128,563,512
708,135,569,507
710,138,569,507
711,137,568,506
711,136,568,506
711,136,567,505
712,136,565,507
708,136,565,508
707,137,570,508
705,144,572,504
697,149,577,494
697,149,579,493
693,152,579,493
686,155,575,490
676,157,561,488
669,155,528,488
658,152,510,488
658,152,509,487
650,145,508,495
638,144,508,502
624,140,514,505
613,142,520,505
601,148,509,502
602,148,508,501
591,151,503,500
578,151,501,499
567,151,499,498
534,153,522,495
520,152,521,497
534,152,517,496
536,152,507,497
534,151,499,498
533,150,487,499
533,153,470,498
529,155,452,496
529,155,451,495
523,153,438,495
522,153,410,494
516,146,373,498
512,143,363,501
498,139,318,510
498,139,317,509
495,138,316,512
495,140,315,511
496,141,318,510
494,143,324,504
489,143,336,506
494,143,337,506
490,140,341,506
483,133,350,513
423,127,423,517
412,127,432,520
381,127,487,520
381,127,486,519
329,136,543,511
313,139,563,511
312,139,571,511
325,138,562,510
333,136,558,509
333,136,557,508
329,128,565,517
311,121,588,517
293,116,607,521
281,114,623,521
261,116,648,521
260,115,648,521
239,121,670,517
238,120,672,517
249,119,660,516
281,114,625,519
306,108,597,527
306,108,596,526
327,101,569,531
366,98,530,530
375,98,517,529
398,99,495,528
411,105,484,526
418,105,494,522
426,106,518,519
461,107,507,524
486,97,483,527
513,92,461,531
528,91,458,531
528,91,457,533
535,94,476,532
544,101,484,526
555,102,488,525
584,97,463,514
601,93,437,513
601,93,436,512
615,92,396,517
685,87,316,522
694,87,311,522
736,88,273,521
759,91,255,522
759,91,254,524
758,92,265,525
757,92,276,525
752,94,287,525
748,94,321,512
733,94,372,512
732,94,372,512
729,94,405,511
725,94,441,511
713,93,465,513
708,93,473,513
695,89,487,518
694,89,488,518
689,92,494,518
682,95,502,517
674,101,509,511
666,103,517,511
657,102,532,511
657,102,531,510
648,100,570,514
639,99,590,517
633,99,603,519
623,98,611,518
620,101,610,518
621,105,609,514
616,105,609,514
614,103,603,514
614,100,573,521
610,96,543,525
615,91,526,533
615,91,525,532
613,92,519,532
606,99,516,526
600,107,509,520
593,110,506,515
576,111,515,497
576,111,514,495
534,111,543,502
515,111,552,506
515,108,546,515
523,102,527,525
525,97,509,532
524,97,508,532
525,95,488,532
522,99,472,531
513,95,464,533
507,95,446,532
501,98,407,531
500,98,405,530
493,99,387,529
482,99,379,528
475,99,364,529
474,96,331,539
467,100,315,538
467,100,314,537
458,105,300,534
443,108,288,532
418,115,294,522
408,121,304,517
412,120,306,517
411,120,305,518
412,119,309,518
401,119,320,518
391,125,333,518
383,132,343,502
369,133,366,503
368,133,366,505
324,132,420,505
296,131,452,507
291,130,456,507
284,125,472,513
270,115,494,522
269,114,494,522
264,113,495,524
260,118,506,521
259,118,518,521
260,111,518,530
257,111,529,529
257,111,528,528
258,117,528,525
256,117,536,524
254,118,536,524
253,114,545,518
250,116,560,518
250,115,560,518
248,116,566,518
248,117,565,517
248,116,564,516
259,116,545,515
271,108,543,521
271,108,542,520
293,101,519,526
315,102,498,526
343,113,503,525
362,117,512,509
395,125,508,504
395,125,507,503
405,127,537,501
418,130,548,500
432,131,527,498
445,129,512,496
456,126,502,494
458,126,501,493
472,127,488,492
484,128,476,492
567,128,393,493
566,127,392,491
562,121,393,498
562,121,392,497
587,120,371,502
612,117,349,505
641,116,326,512
670,119,318,511
691,120,304,510
691,120,303,509
682,123,315,508
666,122,333,507
649,121,349,506
640,128,364,505
628,135,372,497
628,135,371,496
618,138,392,498
603,139,421,498
592,137,456,504
585,140,487,504
569,144,517,501
569,144,516,500
557,147,531,500
543,148,541,498
533,149,542,498
523,147,542,498
515,140,541,500
515,140,540,499
509,135,539,508
508,135,547,517
502,139,556,512
500,147,555,506
498,149,558,504
498,149,557,503
495,150,559,502
494,152,557,501
491,155,559,503
490,151,562,507
489,151,560,507
487,151,561,508
481,155,553,507
475,161,555,501
470,164,554,500
460,165,552,499
450,165,534,498
450,165,533,497
441,165,519,496
427,161,504,498
420,157,497,506
413,153,486,511
405,152,483,512
405,152,480,512
399,158,472,508
383,169,465,494
367,175,463,490
352,174,458,489
362,170,419,493
362,169,419,494
375,164,398,501
368,162,384,503
369,160,358,502
368,163,342,501
363,163,323,511
363,163,322,510
349,162,311,516
344,157,313,523
345,153,318,522
344,148,321,529
336,141,329,535
336,141,328,534
328,137,344,541
321,141,354,541
314,149,367,528
258,159,424,517
246,160,439,517
245,162,440,517
226,156,458,517
210,149,478,523
187,148,507,523
180,150,514,523
175,155,519,520
174,154,519,520
170,156,519,520
167,155,527,520
163,149,531,520
160,143,539,526
160,141,545,526
159,140,545,526
156,142,551,526
149,151,558,518
141,160,572,510
136,161,580,509
138,161,585,508
137,161,591,507
137,155,596,512
136,155,600,512
137,152,601,512
144,150,590,512
143,150,590,512
142,150,590,512
162,147,569,511
173,147,569,510
193,146,586,518
227,141,560,522
252,135,536,521
252,135,535,522
281,143,515,525
299,149,523,519
346,159,507,502
355,152,519,501
357,145,542,502
357,145,541,501
379,145,537,503
400,145,508,502
437,141,455,506
448,139,441,513
455,143,436,509
455,143,435,508
463,153,430,498
499,153,392,497
521,143,371,506
548,135,345,512
567,134,324,516
567,134,326,515
587,133,309,516
592,132,305,522
609,134,294,521
605,144,322,515
597,151,341,507
597,151,340,505
583,152,354,505
579,148,360,505
568,145,375,509
553,146,389,509
541,149,401,507
541,149,400,506
534,149,413,505
518,150,447,509
514,151,472,508
502,153,507,508
496,154,524,507
496,154,523,506
489,155,529,505
480,156,528,504
481,162,516,502
472,157,524,501
463,155,529,500
463,156,530,499
462,159,535,498
461,168,545,497
461,170,547,496
458,170,548,495
461,168,539,500
461,168,538,499
445,171,551,498
431,169,565,513
403,169,583,513
388,171,572,512
393,175,567,511
393,175,566,510
400,178,559,509
391,178,546,508
374,171,528,512
350,169,507,516
352,168,499,517
352,168,498,516
346,160,470,527
340,160,458,526
322,167,449,520
304,171,445,518
291,173,430,516
291,173,423,515
288,173,410,513
300,176,369,510
325,173,310,515
333,168,279,521
333,172,290,520
333,172,289,521
333,175,300,520
334,177,314,519
298,180,353,517
259,179,402,517
236,177,439,517
236,177,438,516
224,172,460,521
217,162,479,532
211,163,486,532
211,164,495,532
207,164,515,532
209,164,515,532
210,163,517,532
208,161,528,535
205,159,537,538
195,156,551,540
184,154,565,540
184,153,565,540
165,152,592,538
166,151,593,539
165,153,599,539
164,153,604,539
171,153,604,539
170,152,604,539
184,153,591,539
199,152,585,539
212,141,573,549
242,140,543,548
250,140,531,548
256,139,530,547
258,140,525,550
273,141,515,549
287,141,532,548
296,155,547,530
321,162,554,523
321,162,553,522
356,163,534,519
360,162,533,518
408,154,484,530
431,154,460,529
457,155,433,522
457,155,432,521
474,149,420,531
494,150,401,530
519,157,383,522
539,161,369,521
553,154,361,522
553,154,360,521
573,145,346,533
592,140,331,540
615,141,312,539
629,146,311,538
641,152,310,526
641,152,309,525
647,155,310,524
662,155,298,523
673,155,282,522
690,154,259,521
690,153,258,525
715,153,235,524
715,153,245,527
709,153,262,527
705,153,270,527
700,153,285,527
697,153,298,527
697,153,297,526
696,152,300,525
686,152,313,525
685,152,323,525
684,160,339,524
682,161,355,523
682,161,354,522
679,156,367,529
677,153,387,528
674,153,410,526
671,159,421,525
663,159,430,524
663,156,430,527
657,156,440,527
649,156,448,527
641,156,460,527
635,159,469,526
625,160,483,530
625,160,482,529
618,161,493,529
610,160,511,530
602,165,520,528
594,170,532,522
584,168,550,523
584,168,549,522
579,158,561,532
574,152,565,540
569,151,557,540
563,157,542,539
554,162,523,538
554,162,522,537
545,164,519,537
537,171,528,531
529,172,535,529
521,169,551,530
511,168,563,530
511,168,562,529
503,169,576,531
496,168,582,530
492,168,581,529
487,168,580,537
485,174,580,534
485,174,579,533
478,178,577,530
471,184,576,524
463,187,591,520
456,188,604,519
454,188,613,519
455,188,613,519
453,183,621,519
451,178,612,524
445,177,591,526
447,175,546,525
446,174,536,532
446,174,535,531
451,174,523,535
447,177,520,532
446,179,518,531
447,183,515,522
447,187,513,520
447,187,512,519
447,187,511,518
417,188,513,521
441,188,484,519
421,187,503,518
412,186,502,517
412,186,501,516
414,184,505,523
421,183,499,522
417,184,494,521
416,180,454,527
406,176,447,527
412,176,442,526
408,173,428,527
405,166,398,536
402,158,382,543
400,155,364,543
391,151,345,542
396,151,338,541
397,143,313,550
399,143,288,549
392,141,280,548
378,145,279,547
366,148,271,545
366,148,278,544
367,145,286,543
376,141,285,547
384,141,283,546
379,145,294,545
375,152,309,535
375,152,308,534
370,156,328,533
368,156,339,532
369,156,344,531
331,154,396,531
305,149,435,534
304,149,434,533
296,146,450,537
303,145,452,537
303,143,459,537
305,141,470,537
307,139,477,537
307,139,476,536
309,141,483,532
310,140,488,531
315,140,499,531
316,139,506,530
316,137,507,530
315,137,507,530
315,135,518,530
312,134,531,529
303,129,549,521
304,132,557,521
310,131,563,521
310,131,562,520
329,129,551,520
345,127,538,520
355,126,537,519
358,124,536,521
361,123,536,522
361,123,535,521
364,122,535,521
367,117,539,520
385,117,538,519
395,117,537,509
398,122,536,508
398,122,535,507
376,127,571,498
380,128,598,497
391,128,630,496
424,127,610,495
469,127,569,494
469,121,569,497
503,122,536,496
528,123,510,495
575,113,464,501
624,109,425,502
615,109,444,501
615,109,443,500
630,108,442,499
660,105,436,506
668,97,426,515
693,87,402,520
720,86,385,519
720,86,385,527
736,94,389,509
753,97,381,508
769,95,380,514
780,95,368,513
793,95,343,508
793,95,342,507
819,94,287,507
825,93,280,507
818,90,284,512
804,92,294,512
791,94,305,511
783,96,313,510
773,96,320,509
765,90,325,513
755,89,337,512
738,88,367,512
727,87,384,518
727,86,385,518
712,79,404,523
696,79,425,523
682,84,436,523
665,86,453,523
651,86,467,523
649,86,469,522
627,85,494,522
613,85,502,518
600,85,512,526
584,85,532,529
576,86,544,529
576,86,542,529
563,96,554,522
550,106,569,512
540,105,567,511
528,99,548,515
520,102,541,514
521,102,540,513
513,100,540,520
500,98,541,528
485,98,553,528
477,105,564,524
463,108,569,516
463,108,571,517
450,113,584,516
438,114,590,515
431,113,590,514
416,111,589,513
378,112,569,521
378,112,568,520
360,111,568,522
359,111,542,523
357,115,532,522
361,120,507,521
352,120,496,520
352,120,495,519
345,114,476,523
321,115,454,523
307,113,443,525
305,107,412,533
305,103,381,534
301,103,379,533
306,104,353,534
293,110,340,530
282,113,325,529
276,115,309,527
290,114,287,526
290,114,286,525
306,112,285,532
307,111,301,533
316,117,302,531
330,124,301,520
326,127,311,518
326,128,312,518
304,124,342,524
292,117,365,530
281,116,391,531
280,109,404,542
277,103,411,552
277,103,410,551
267,99,441,551
257,102,465,551
256,114,479,531
253,120,487,531
254,120,497,531
254,120,496,530
251,119,510,530
249,118,523,532
249,116,538,537
247,116,553,537
244,114,568,537
244,114,567,536
242,116,583,525
253,124,588,519
258,131,595,516
263,126,603,520
269,124,608,521
268,124,607,520
275,117,608,533
283,114,608,533
298,109,608,538
309,112,607,530
325,119,596,522
325,119,595,521
331,117,594,525
347,114,590,531
373,119,576,524
399,120,555,522
423,121,537,521
427,121,527,525
441,121,520,524
458,121,507,523
489,126,478,511
497,127,477,511
514,122,476,521
514,122,475,520
541,123,485,519
570,118,486,522
593,117,472,522
614,119,464,521
631,121,461,519
631,121,460,518
657,130,448,500
670,132,466,495
688,132,475,494
705,131,492,495
735,138,477,494
735,138,476,493
750,131,464,500
767,120,444,512
791,120,420,511
811,121,397,510
844,123,367,509
844,123,366,508
867,123,345,507
888,122,329,507
904,121,317,506
921,112,301,525
951,110,282,529
951,110,281,528
973,112,271,527
981,120,272,519
979,124,276,519
971,124,274,517
957,121,285,517
957,121,284,516
946,120,299,518
933,121,313,518
916,122,331,518
901,124,357,517
889,126,389,517
889,126,388,516
871,126,408,516
863,125,416,516
848,125,431,516
832,125,447,516
816,126,463,521
816,126,462,524
804,129,475,524
790,139,489,511
773,148,506,503
756,150,522,503
744,150,535,503
744,149,535,503
731,142,548,507
718,141,561,509
704,136,575,528
691,132,588,533
679,135,600,533
679,135,599,532
665,137,599,532
655,139,590,532
641,139,584,532
627,131,584,541
613,125,584,546
612,124,584,546
598,123,584,554
582,123,583,560
570,126,570,560
557,132,573,554
543,145,566,542
543,145,565,541
529,151,556,536
516,154,548,535
505,159,547,534
494,158,545,532
485,158,543,535
485,158,542,534
469,163,542,534
454,166,555,533
440,171,564,529
429,175,553,526
418,178,542,525
418,178,541,524
407,179,539,523
397,179,533,522
385,178,525,521
374,179,507,522
362,180,506,527
363,181,505,526
351,182,497,525
341,185,494,524
334,184,485,523
327,182,478,522
322,183,467,521
322,183,466,520
305,181,465,526
281,181,464,528
269,177,463,527
274,177,450,532
275,173,420,535
275,173,419,534
273,175,396,533
266,174,391,535
258,177,376,533
254,178,367,533
248,179,355,533
248,179,353,532
245,178,344,534
243,177,337,538
244,175,318,537
245,174,297,542
243,171,289,545
243,171,288,544
242,172,279,545
235,174,278,544
236,176,279,541
228,178,293,540
225,179,299,539
225,179,299,538
222,179,305,538
216,180,320,537
213,181,327,537
211,182,337,537
211,182,341,536
211,183,344,535
212,183,352,534
211,184,364,533
213,184,366,532
215,184,372,532
217,185,384,532
216,185,385,531
218,184,391,531
220,184,397,531
220,188,403,531
221,187,412,530
223,190,421,529
223,190,420,528
219,190,433,528
212,190,448,528
204,191,467,528
205,190,480,528
204,191,489,528
203,191,491,527
203,190,491,527
202,188,508,527
196,191,511,522
193,191,519,522
186,191,529,521
186,191,533,520
182,192,543,520
173,194,560,520
164,194,573,520
153,194,583,520
150,194,592,520
149,194,591,519
154,194,592,513
158,194,597,513
164,195,597,513
170,202,598,506
183,201,598,506
182,200,598,506
211,199,576,506
245,186,549,516
259,184,545,521
278,177,532,527
292,178,531,526
292,178,530,525
300,178,524,524
308,178,523,523
316,178,522,522
323,179,518,511
331,180,540,509
331,180,539,508
339,180,552,507
352,180,552,506
382,180,551,506
396,179,537,505
410,179,538,508
410,179,537,507
420,171,543,518
436,166,540,528
448,166,541,527
463,155,539,536
496,147,518,542
495,146,518,543
509,144,517,542
526,142,508,543
549,131,495,561
568,128,483,568
592,126,468,571
597,126,465,571
617,125,453,570
639,119,439,581
657,112,427,588
676,106,415,591
693,97,405,602
692,96,406,602
708,95,401,602
728,94,401,607
753,93,405,613
777,94,397,613
810,93,369,613
810,92,368,612
846,92,335,615
876,92,318,617
880,92,326,616
892,91,325,620
901,88,323,623
901,88,322,622
913,84,317,627
922,76,309,637
917,74,323,641
912,69,331,650
911,61,333,654
911,61,333,654
909,52,362,667
900,41,376,678
900,41,376,678
915,41,365,678
926,47,353,671
926,47,352,670
936,52,342,666
953,52,325,666
969,54,309,663
987,59,292,660
997,64,282,652
996,63,282,652
1014,63,264,652
1026,57,249,662
1040,54,238,663
1054,50,221,669
1058,46,221,670
1058,45,221,670
1075,41,204,678
1086,38,193,679
1097,40,181,679
1108,40,172,679
1123,42,155,677
1123,42,154,676
1139,44,140,675
1153,43,124,674
1170,40,107,677
1179,37,101,677
1181,34,99,682
1180,33,98,682
1175,30,104,686
1156,27,123,688
1127,26,152,690
1121,25,158,693
1115,26,164,693
1115,26,163,692
1111,27,168,691
1113,28,167,691
1129,221,150,495
1132,220,148,496
1161,222,118,497
1161,221,118,497
1195,221,84,498
1207,219,72,499
1205,218,73,499
1201,217,78,499
1202,216,78,499
1201,215,77,499
1202,214,77,499
1203,213,77,499
1204,212,76,499
1205,212,75,486
1206,211,73,402
1206,211,72,401
1206,211,72,401
1205,210,73,401
1204,209,73,477
1202,207,77,477
1201,206,78,491
1201,206,77,490
1202,205,77,491
1199,203,80,492
1179,200,100,493
1158,201,121,494
1146,201,133,494
1145,200,133,494
1132,200,147,493
1114,200,165,493
1114,203,165,492
1114,205,165,492
1116,208,164,491
1116,210,163,505
1135,212,143,505
1153,214,126,506
1179,48,100,666
1202,49,77,667
1225,48,55,660
1225,48,53,659
1223,47,56,659
1220,47,59,657
1216,47,63,656
1211,48,68,654
1206,53,73,663
1205,53,72,662
1200,58,79,656
1193,64,86,654
1178,61,101,651
1163,64,116,649
1150,68,127,648
1150,68,126,647
1137,78,142,637
1129,81,150,636
1116,83,162,636
1104,82,174,637
1093,82,186,637
1093,82,185,636
1083,81,195,636
1069,80,208,636
1050,80,229,636
1031,74,248,638
1015,74,264,638
1015,73,263,637
1001,74,278,637
995,83,284,636
988,86,291,633
978,101,300,613
960,107,318,606
959,109,318,606
939,119,340,595
909,131,370,580
877,135,402,579
846,138,433,572
828,146,451,565
828,145,451,565
814,154,464,558
800,166,479,550
776,167,503,550
761,165,518,550
742,159,537,555
742,159,536,554
729,160,547,554
712,160,567,554
689,161,588,554
662,161,617,550
639,169,640,539
639,169,639,541
625,164,654,549
625,161,654,553
611,166,665,547
606,167,673,547
573,162,649,557
573,162,648,556
530,165,687,555
515,160,693,559
500,156,702,560
499,154,710,563
451,152,764,567
450,151,764,567
430,150,793,567
407,150,816,568
383,151,840,568
355,157,874,561
326,157,908,561
325,156,908,561
296,157,933,561
272,156,957,561
259,155,978,561
247,145,1009,574
249,144,1009,574
248,143,1009,574
248,142,1009,574
250,142,1009,574
249,141,1009,574
248,145,1010,574
216,156,1043,563
215,155,1044,563
202,146,1050,573
231,148,1010,571
